100000 1.791656 -1.653022 -2.762262
110000 1.893884 -1.629095 -2.525865
120000 2.504102 -1.655859 -2.611223
130000 3.117670 -1.609935 -2.502532
140000 2.799685 -1.461276 -2.656098
150000 1.179096 -1.739239 -2.740714
160000 0.683196 -1.655137 -2.694546
170000 1.287608 -1.580648 -2.605044
180000 0.983280 -1.495040 -2.608403
190000 1.707142 -1.487318 -2.587987
200000 0.804876 -1.620940 -2.769848
210000 0.818739 -1.655136 -2.633891
220000 1.165256 -1.643313 -2.509896
230000 1.225080 -1.619507 -2.676277
240000 1.575362 -1.565653 -2.666914
250000 2.813476 -1.433765 -2.726977
260000 3.827860 -1.507594 -2.580834
270000 4.787677 -1.526263 -2.623921
280000 3.280510 -1.646707 -2.631498
290000 4.264869 -1.456111 -2.519822
300000 3.844914 -1.438966 -2.599170
310000 4.749028 -1.549603 -2.624107
320000 4.316606 -1.621646 -2.715741
330000 3.456814 -1.613313 -2.664176
340000 3.041911 -1.619147 -2.625060
350000 2.641876 -1.578562 -2.605060
360000 1.935815 -1.593794 -2.533852
370000 3.015454 -1.488721 -2.635052
380000 4.213384 -1.642303 -2.694717
390000 4.662621 -1.795710 -2.680177
400000 3.357452 -1.668332 -2.569812
410000 4.221047 -1.542884 -2.587870
420000 4.592423 -1.581377 -2.672950
430000 3.487192 -1.614018 -2.600832
440000 3.203474 -1.468590 -2.611804
450000 3.192540 -1.528528 -2.525084
460000 2.299491 -1.471958 -2.617294
470000 1.874023 -1.606757 -2.569053
480000 2.310349 -1.579400 -2.639439
490000 3.141511 -1.489467 -2.753629
500000 3.409145 -1.647025 -2.740932
510000 3.569630 -1.510041 -2.661924
520000 4.394130 -1.446676 -2.624290
530000 4.158041 -1.529672 -2.675491
540000 3.676339 -1.675992 -2.614591
550000 2.659275 -1.433492 -2.663023
560000 3.331176 -1.532690 -2.648682
570000 3.569522 -1.576709 -2.528057
580000 3.734970 -1.650857 -2.611873
590000 3.156552 -1.569532 -2.539873
600000 2.092446 -1.513263 -2.670185
610000 1.586102 -1.552459 -2.612170
620000 2.075465 -1.459538 -2.664958
630000 2.283319 -1.541820 -2.565041
640000 3.521980 -1.562332 -2.565381
650000 3.662556 -1.592919 -2.702051
660000 2.636212 -1.729024 -2.779545
670000 2.111572 -1.573262 -2.698109
680000 1.575513 -1.608748 -2.697041
690000 1.403975 -1.561877 -2.677135
700000 1.601447 -1.535120 -2.508694
710000 1.678970 -1.451080 -2.498174
720000 1.247230 -1.640860 -2.574706
730000 0.613330 -1.622212 -2.600015
740000 0.504913 -1.590360 -2.733493
750000 0.803372 -1.466021 -2.650891
760000 0.789141 -1.472078 -2.745129
770000 1.338239 -1.423421 -2.732825
780000 1.168342 -1.527167 -2.555745
790000 1.229848 -1.571303 -2.755655
800000 1.418049 -1.560386 -2.656172
810000 1.615126 -1.688104 -2.617254
820000 1.283182 -1.600552 -2.501603
830000 0.869952 -1.582650 -2.830432
840000 0.725121 -1.637925 -2.787831
850000 0.791817 -1.568426 -2.733925
860000 0.883067 -1.572531 -2.579509
870000 0.794023 -1.440743 -2.531196
880000 0.999185 -1.550747 -2.599206
890000 1.279630 -1.479284 -2.608700
900000 1.137112 -1.616399 -2.645672
910000 1.933955 -1.458656 -2.675959
920000 2.419583 -1.507368 -2.638984
930000 3.564100 -1.513889 -2.485966
940000 4.141514 -1.585449 -2.659299
950000 4.804883 -1.550140 -2.629782
960000 4.651999 -1.549887 -2.733106
970000 3.793881 -1.485295 -2.703215
980000 3.575059 -1.586271 -2.647946
990000 3.184678 -1.536104 -2.680178
1000000 4.985398 -1.587646 -2.580990
1010000 4.903405 -1.618088 -2.676733
1020000 3.228553 -1.546045 -2.553835
1030000 4.680688 -1.603403 -2.627654
1040000 4.325737 -1.603889 -2.608714
1050000 4.338869 -1.596395 -2.575263
1060000 3.364921 -1.583318 -2.549685
1070000 2.980074 -1.603850 -2.665682
1080000 3.417663 -1.620520 -2.601189
1090000 2.514650 -1.539266 -2.789844
1100000 2.548857 -1.714398 -2.547110
1110000 2.106155 -1.548167 -2.698594
1120000 2.088808 -1.525144 -2.606148
1130000 2.066735 -1.571499 -2.593991
1140000 2.541012 -1.537801 -2.610697
1150000 1.691100 -1.581802 -2.641656
1160000 2.049128 -1.538577 -2.602240
1170000 2.395636 -1.537430 -2.643138
1180000 1.818489 -1.642877 -2.656261
1190000 4.124383 -1.571237 -2.534414
1200000 3.001990 -1.499478 -2.671612
1210000 3.364203 -1.493016 -2.632459
1220000 3.474550 -1.495434 -2.721059
1230000 4.659494 -1.562211 -2.555739
1240000 4.992505 -1.512897 -2.514549
1250000 4.527469 -1.609274 -2.509956
1260000 4.742949 -1.768310 -2.695391
1270000 4.427451 -1.541581 -2.454991
1280000 4.651408 -1.695499 -2.689051
1290000 4.596681 -1.592340 -2.616972
1300000 3.451758 -1.687393 -2.659815
1310000 3.580876 -1.552619 -2.692227
1320000 4.193057 -1.587337 -2.607546
1330000 3.421823 -1.533829 -2.584050
1340000 4.568814 -1.621864 -2.569187
1350000 4.397609 -1.556350 -2.669753
1360000 4.585511 -1.613191 -2.799594
1370000 4.660244 -1.530991 -2.548341
1380000 4.928909 -1.513537 -2.568075
1390000 4.701927 -1.517217 -2.553561
1400000 4.448820 -1.481707 -2.561789
1410000 4.089554 -1.681969 -2.679014
1420000 3.555194 -1.532670 -2.571057
1430000 2.935636 -1.614243 -2.618338
1440000 2.165365 -1.625103 -2.613815
1450000 2.212118 -1.653986 -2.610268
1460000 2.838135 -1.516147 -2.567952
1470000 3.202108 -1.638593 -2.559634
1480000 4.162712 -1.658908 -2.678319
1490000 3.922977 -1.516707 -2.677464
1500000 3.776332 -1.586720 -2.501480
1510000 3.667887 -1.645212 -2.615116
1520000 4.316136 -1.642993 -2.649554
1530000 3.826769 -1.550768 -2.444147
1540000 4.601642 -1.621293 -2.692356
1550000 4.926989 -1.586946 -2.592456
1560000 4.318546 -1.549060 -2.614791
1570000 3.497249 -1.586323 -2.572880
1580000 2.381156 -1.470175 -2.613183
1590000 3.302410 -1.624717 -2.772473
1600000 3.386094 -1.550586 -2.533519
1610000 2.854052 -1.663613 -2.600883
1620000 2.013196 -1.485605 -2.588881
1630000 1.431815 -1.534776 -2.592810
1640000 1.490823 -1.600527 -2.573393
1650000 1.232218 -1.659897 -2.596331
1660000 1.951118 -1.646852 -2.736764
1670000 2.032938 -1.591628 -2.682686
1680000 2.301047 -1.617612 -2.626363
1690000 2.139085 -1.670581 -2.598683
1700000 1.897217 -1.533539 -2.770565
1710000 1.621481 -1.560846 -2.730418
1720000 1.285537 -1.712589 -2.584552
1730000 1.048765 -1.615869 -2.584311
1740000 0.994642 -1.515243 -2.781763
1750000 0.488186 -1.664312 -2.601655
1760000 0.576588 -1.631801 -2.803419
1770000 0.495245 -1.588206 -2.717275
1780000 0.599688 -1.577045 -2.675523
1790000 0.706805 -1.673333 -2.607526
1800000 0.840406 -1.600216 -2.655797
1810000 0.786243 -1.481197 -2.723807
1820000 1.017933 -1.573779 -2.733889
1830000 0.910788 -1.634660 -2.674199
1840000 0.921724 -1.556307 -2.664510
1850000 1.109199 -1.637076 -2.633133
1860000 1.296303 -1.571140 -2.667598
1870000 1.523464 -1.596911 -2.549737
1880000 1.780435 -1.516599 -2.624740
1890000 1.449685 -1.617552 -2.631005
1900000 2.083995 -1.561467 -2.646120
1910000 2.037327 -1.579776 -2.658486
1920000 3.432960 -1.583274 -2.589645
1930000 3.664881 -1.559149 -2.505113
1940000 4.244512 -1.567187 -2.695884
1950000 4.280668 -1.621067 -2.671774
1960000 3.624201 -1.685789 -2.614129
1970000 2.851440 -1.627020 -2.688324
1980000 2.922026 -1.537381 -2.628409
1990000 3.149281 -1.532801 -2.580452
2000000 2.298748 -1.618490 -2.646714
2010000 2.480269 -1.418628 -2.484237
2020000 1.895545 -1.592985 -2.638101
2030000 2.673704 -1.580220 -2.696367
2040000 2.343273 -1.601347 -2.603560
2050000 3.330503 -1.625480 -2.588149
2060000 4.598400 -1.550710 -2.751557
2070000 4.700055 -1.525491 -2.547031
2080000 4.334306 -1.715817 -2.672043
2090000 4.296872 -1.623747 -2.750923
2100000 3.833127 -1.521006 -2.707859
2110000 4.777173 -1.617946 -2.575628
2120000 4.971113 -1.849445 -2.550205
2130000 4.498537 -1.667841 -2.636690
2140000 4.857052 -1.666875 -2.698920
2150000 3.772344 -1.559587 -2.655099
2160000 4.329704 -1.591172 -2.645809
2170000 3.812586 -1.737625 -2.618754
2180000 3.146652 -1.511942 -2.610190
2190000 3.676632 -1.602154 -2.688314
2200000 3.986808 -1.609375 -2.597607
2210000 3.638892 -1.417768 -2.539202
2220000 3.561411 -1.674922 -2.689621
2230000 3.112791 -1.501474 -2.589191
2240000 2.711187 -1.562085 -2.641312
2250000 2.097497 -1.618372 -2.577972
2260000 1.943749 -1.524873 -2.735788
2270000 2.802957 -1.559452 -2.557108
2280000 3.285707 -1.589191 -2.668594
2290000 2.338036 -1.559603 -2.730717
2300000 1.639317 -1.530984 -2.710245
2310000 1.484218 -1.465954 -2.581527
2320000 1.341065 -1.625776 -2.644100
2330000 1.754742 -1.545509 -2.591550
2340000 2.020853 -1.531202 -2.667111
2350000 1.713701 -1.619411 -2.601495
2360000 2.264441 -1.521536 -2.608623
2370000 1.519900 -1.572208 -2.605975
2380000 1.478965 -1.568931 -2.663335
2390000 0.980285 -1.601260 -2.580034
2400000 1.085676 -1.574898 -2.511805
2410000 0.798069 -1.583350 -2.545576
2420000 0.624771 -1.606196 -2.606470
2430000 0.613960 -1.555864 -2.661362
2440000 1.078356 -1.528279 -2.569009
2450000 1.123620 -1.507670 -2.668071
2460000 0.820607 -1.602722 -2.660538
2470000 0.776553 -1.536091 -2.549312
2480000 1.028138 -1.579848 -2.734690
2490000 1.348769 -1.567065 -2.681080
2500000 1.178659 -1.564688 -2.610197
2510000 1.498042 -1.546244 -2.514421
2520000 1.717087 -1.611616 -2.619146
2530000 1.391299 -1.581525 -2.644764
2540000 1.126121 -1.523087 -2.617917
2550000 0.896856 -1.485403 -2.623759
2560000 0.925280 -1.474096 -2.630950
2570000 0.844411 -1.617304 -2.668000
2580000 1.084752 -1.549958 -2.758400
2590000 1.164888 -1.551330 -2.616260
2600000 1.449676 -1.583990 -2.686640
2610000 1.544488 -1.521736 -2.609873
2620000 1.267906 -1.494091 -2.624270
2630000 1.452072 -1.687822 -2.547185
2640000 1.898974 -1.634458 -2.705111
2650000 1.826427 -1.464242 -2.590780
2660000 1.935601 -1.480462 -2.628000
2670000 2.494377 -1.567174 -2.701111
2680000 2.698998 -1.638713 -2.675192
2690000 3.132511 -1.491626 -2.666659
2700000 4.299003 -1.567215 -2.555065
2710000 4.590213 -1.621454 -2.633846
2720000 4.048318 -1.688377 -2.496493
2730000 4.656905 -1.655547 -2.656529
2740000 4.058955 -1.650488 -2.671586
2750000 3.421040 -1.741481 -2.650064
2760000 3.830628 -1.657738 -2.739858
2770000 3.828718 -1.521671 -2.593180
2780000 3.114215 -1.632030 -2.699364
2790000 3.112961 -1.511658 -2.651696
2800000 3.422902 -1.651052 -2.516715
2810000 3.096468 -1.661522 -2.574971
2820000 2.603625 -1.539308 -2.731759
2830000 2.844114 -1.646048 -2.621479
2840000 3.123509 -1.577621 -2.646148
2850000 4.991341 -1.505285 -2.592481
2860000 4.226374 -1.698116 -2.623627
2870000 4.319954 -1.598005 -2.666668
2880000 3.748301 -1.683261 -2.696105
2890000 5.016579 -1.557989 -2.734658
2900000 4.905236 -1.557504 -2.648026
2910000 4.790736 -1.617068 -2.556821
2920000 5.020123 -1.579499 -2.580751
2930000 5.007371 -1.487258 -2.428405
2940000 3.545689 -1.633302 -2.618874
2950000 4.263614 -1.559630 -2.673883
2960000 3.479486 -1.594370 -2.659114
2970000 3.183927 -1.583007 -2.574489
2980000 2.291747 -1.602259 -2.580547
2990000 2.266446 -1.637289 -2.659709
3000000 2.752070 -1.475607 -2.576604
3010000 2.362534 -1.607137 -2.640838
3020000 3.074642 -1.547633 -2.525244
3030000 2.283060 -1.541289 -2.675372
3040000 2.556346 -1.594555 -2.625484
3050000 1.984019 -1.596510 -2.613859
3060000 1.773048 -1.588365 -2.570622
3070000 2.111334 -1.419358 -2.610564
3080000 1.934946 -1.569796 -2.679376
3090000 2.126636 -1.651715 -2.646409
3100000 2.777372 -1.538731 -2.729637
3110000 3.045120 -1.547407 -2.660995
3120000 3.570770 -1.456070 -2.570164
3130000 4.450883 -1.669817 -2.617227
3140000 4.463293 -1.549308 -2.534564
3150000 4.276484 -1.577914 -2.688616
3160000 3.717323 -1.471556 -2.643723
3170000 2.756645 -1.510563 -2.622743
3180000 3.300349 -1.545000 -2.520970
3190000 3.912600 -1.572823 -2.591526
3200000 4.255167 -1.602998 -2.619662
3210000 4.693787 -1.654930 -2.685886
3220000 4.826059 -1.615500 -2.527017
3230000 4.090451 -1.474094 -2.554455
3240000 4.681402 -1.512732 -2.701715
3250000 4.628713 -1.553224 -2.485041
3260000 5.026859 -1.586564 -2.722587
3270000 4.284706 -1.561791 -2.691794
3280000 4.828775 -1.409783 -2.642385
3290000 4.739657 -1.510057 -2.735338
3300000 4.501606 -1.630997 -2.570494
3310000 4.923843 -1.701131 -2.584871
3320000 4.169657 -1.689136 -2.688521
3330000 3.828852 -1.481255 -2.591149
3340000 3.351890 -1.623061 -2.658575
3350000 3.343351 -1.618096 -2.551049
3360000 3.311576 -1.636271 -2.649820
3370000 2.467037 -1.423704 -2.767839
3380000 2.012192 -1.465063 -2.599469
3390000 2.094744 -1.558855 -2.606504
3400000 2.380578 -1.558589 -2.641671
3410000 1.688779 -1.632084 -2.627056
3420000 1.566432 -1.426339 -2.508151
3430000 1.500335 -1.687864 -2.518040
3440000 1.685823 -1.539728 -2.515115
3450000 2.545905 -1.550218 -2.597025
3460000 3.193477 -1.547007 -2.528227
3470000 3.579909 -1.536186 -2.586524
3480000 4.346736 -1.568590 -2.686475
3490000 4.423757 -1.464450 -2.566911
3500000 3.690849 -1.405146 -2.664189
3510000 4.634477 -1.567086 -2.655185
3520000 4.167349 -1.617749 -2.602984
3530000 4.088355 -1.427552 -2.507656
3540000 4.086155 -1.595773 -2.706568
3550000 3.312975 -1.631712 -2.612703
3560000 2.953925 -1.437532 -2.484927
3570000 2.895593 -1.603011 -2.656454
3580000 2.176050 -1.521047 -2.672470
3590000 2.156448 -1.426442 -2.679734
3600000 2.094675 -1.556363 -2.541295
3610000 3.209369 -1.563960 -2.670494
3620000 3.455432 -1.602282 -2.691225
3630000 3.326706 -1.573938 -2.657842
3640000 3.230271 -1.585961 -2.581872
3650000 3.593115 -1.507200 -2.548444
3660000 3.998157 -1.538998 -2.601703
3670000 4.526015 -1.525406 -2.504325
3680000 4.443130 -1.592810 -2.493998
3690000 3.892369 -1.637604 -2.649891
3700000 4.322732 -1.627184 -2.712453
3710000 3.989904 -1.612245 -2.675248
3720000 4.823378 -1.508947 -2.693830
3730000 4.732100 -1.645216 -2.497898
3740000 4.121113 -1.525767 -2.512472
3750000 3.460105 -1.634418 -2.539418
3760000 3.083326 -1.678566 -2.507899
3770000 2.743706 -1.534178 -2.644847
3780000 1.990474 -1.595628 -2.634022
3790000 2.675686 -1.497806 -2.645339
3800000 2.092445 -1.414363 -2.591539
3810000 2.113836 -1.427766 -2.675739
3820000 2.507084 -1.620673 -2.538515
3830000 2.857027 -1.563317 -2.557852
3840000 2.453243 -1.486603 -2.480943
3850000 3.144371 -1.436919 -2.571821
3860000 2.841149 -1.508082 -2.597624
3870000 2.293663 -1.777912 -2.641391
3880000 2.467585 -1.519610 -2.702964
3890000 2.924927 -1.554483 -2.647642
3900000 3.319875 -1.605280 -2.608687
3910000 3.927287 -1.532909 -2.598743
3920000 4.307817 -1.616239 -2.495406
3930000 4.057468 -1.634595 -2.600328
3940000 4.445139 -1.666409 -2.513438
3950000 4.917080 -1.741369 -2.577841
3960000 4.933299 -1.452165 -2.690871
3970000 4.757742 -1.412700 -2.631114
3980000 4.463180 -1.584960 -2.668317
3990000 3.655060 -1.580310 -2.447649
4000000 3.434903 -1.459502 -2.585086
