100000 4.201914 -1.817929 1.409230
110000 2.951120 -1.808585 1.174102
120000 2.000347 -1.736703 1.217344
130000 2.449923 -1.667230 1.241063
140000 1.415756 -1.816385 1.315348
150000 1.100914 -1.674666 1.259322
160000 0.716225 -1.728690 1.161204
170000 1.297089 -1.934271 1.254285
180000 1.713244 -1.674715 1.261109
190000 2.285357 -1.744006 1.084335
200000 2.906331 -1.684633 1.287917
210000 3.630462 -1.710576 1.212754
220000 2.941387 -1.734417 1.247658
230000 3.606836 -1.924126 1.225127
240000 2.664457 -1.861775 1.255453
250000 4.184150 -1.578562 1.323981
260000 4.907483 -1.818167 1.149502
270000 3.467834 -1.764978 1.206747
280000 3.519146 -1.788826 1.132314
290000 3.938585 -1.693643 1.252570
300000 3.897283 -1.752038 1.248280
310000 4.687823 -1.655196 1.232774
320000 2.886487 -1.808729 1.223730
330000 1.559819 -1.707142 1.287619
340000 2.459050 -1.625749 1.253703
350000 1.175024 -1.752464 1.249600
360000 1.000892 -1.893805 1.238788
370000 0.801276 -1.817858 1.245105
380000 1.543982 -1.768437 1.183306
390000 1.669929 -1.805269 1.057949
400000 1.445523 -1.657147 1.170614
410000 2.158495 -1.701609 1.293552
420000 2.373773 -1.705638 1.168782
430000 2.390467 -1.829208 1.229427
440000 3.004237 -1.756924 1.125762
450000 3.415221 -1.706524 1.156150
460000 2.251670 -1.858834 1.247831
470000 1.991298 -1.771477 1.133533
480000 3.365989 -1.793700 1.077357
490000 3.661503 -1.875287 1.285234
500000 2.927133 -1.788541 1.122783
510000 1.629402 -1.702347 1.259442
520000 2.591506 -1.799220 1.250246
530000 3.790699 -1.785623 1.231254
540000 5.004460 -1.722039 1.237573
550000 4.680613 -1.707451 1.315941
560000 5.028971 -1.688270 1.162267
570000 4.675168 -1.735535 1.302546
580000 4.899739 -1.737055 1.331862
590000 4.367713 -1.755178 1.217336
600000 4.631886 -1.724695 1.343219
610000 3.833680 -1.741750 1.134792
620000 3.432925 -1.759182 1.212177
630000 4.040827 -1.773858 1.227440
640000 4.176125 -1.746066 1.180717
650000 5.052295 -1.715475 1.225853
660000 4.031205 -1.840566 1.069529
670000 3.179927 -1.711494 1.267823
680000 2.769831 -1.749666 1.359172
690000 3.804877 -1.791394 1.132171
700000 3.386045 -1.762943 1.258260
710000 3.775780 -1.887732 1.166067
720000 4.421766 -1.713078 1.137066
730000 2.758151 -1.698972 1.168880
740000 2.442894 -1.812132 1.184361
750000 1.662362 -1.745107 1.107603
760000 1.514677 -1.713441 1.200743
770000 1.898575 -1.905956 1.180722
780000 0.727865 -1.864928 1.319535
790000 0.970086 -1.871333 1.236676
800000 0.735671 -1.844400 1.347293
810000 1.091288 -1.668808 1.176750
820000 1.111256 -1.600201 1.179938
830000 0.641233 -1.842251 1.236989
840000 0.741680 -1.891072 1.240021
850000 1.196995 -1.697843 1.226716
860000 1.358533 -1.871706 1.347589
870000 1.170705 -1.834227 1.234877
880000 1.303942 -1.852468 1.133083
890000 1.676800 -1.809953 1.202193
900000 2.212773 -1.695517 1.236102
910000 3.050065 -1.749989 1.233771
920000 3.202558 -1.729696 1.313671
930000 3.552719 -1.806875 1.211242
940000 2.641778 -1.847276 1.229769
950000 2.347557 -1.835883 1.192025
960000 1.841023 -1.779199 1.320135
970000 2.158112 -1.782928 1.215216
980000 1.529004 -1.605845 1.184352
990000 2.629406 -1.759017 1.266927
1000000 2.921663 -1.755991 1.280606
1010000 2.596744 -1.619429 1.273371
1020000 3.864726 -1.725255 1.138396
1030000 4.185970 -1.724903 1.163604
1040000 4.353234 -1.788250 1.138732
1050000 3.996416 -1.606180 1.189511
1060000 5.036038 -1.804075 1.221521
1070000 4.478652 -1.654438 1.236782
1080000 3.903930 -1.724043 1.233464
1090000 4.140816 -1.808596 1.314111
1100000 2.958672 -1.719028 1.204082
1110000 2.879520 -1.730812 1.187436
1120000 3.853811 -1.806566 1.305348
1130000 4.227916 -1.725727 1.219708
1140000 3.277926 -1.703085 1.288631
1150000 2.935785 -1.685614 1.186940
1160000 2.370387 -1.754049 1.276189
1170000 2.461549 -1.679052 1.156736
1180000 1.822273 -1.758679 1.194480
1190000 1.877830 -1.804682 1.167853
1200000 2.883898 -1.756246 1.243259
1210000 3.969977 -1.744143 1.211815
1220000 4.227031 -1.646709 1.165578
1230000 4.220785 -1.742766 1.190168
1240000 4.392605 -1.742226 1.134737
1250000 3.675352 -1.783682 1.151093
1260000 3.336466 -1.812104 1.199828
1270000 3.309733 -1.874622 1.299073
1280000 3.800282 -1.755518 1.301051
1290000 4.724997 -1.650061 1.214928
1300000 3.317403 -1.744037 1.273432
1310000 2.359160 -1.656112 1.207061
1320000 2.267894 -1.744353 1.188072
1330000 1.966010 -1.714126 1.277034
1340000 1.600052 -1.964472 1.273443
1350000 1.482007 -1.582135 1.200277
1360000 1.209768 -1.797225 1.213757
1370000 1.012483 -1.741047 1.124266
1380000 0.896590 -1.817301 1.345264
1390000 1.016896 -1.739310 1.215913
1400000 1.211663 -1.709033 1.183796
1410000 0.722883 -1.964452 1.283874
1420000 0.892897 -1.799735 1.199964
1430000 0.758951 -1.801847 1.258292
1440000 0.502580 -1.940817 1.131241
1450000 0.817288 -1.641358 1.204152
1460000 1.201272 -1.733730 1.297431
1470000 1.785975 -1.793159 1.286299
1480000 1.928448 -1.769999 1.121502
1490000 2.822979 -1.817810 1.291698
1500000 2.245961 -1.767209 1.281026
1510000 3.067547 -1.659779 1.166694
1520000 3.469883 -1.695178 1.225115
1530000 4.249344 -1.747566 1.210697
1540000 4.926428 -1.748057 1.249249
1550000 4.964471 -1.693882 1.096147
1560000 4.227815 -1.696935 1.224076
1570000 3.889958 -1.858479 1.243524
1580000 4.718580 -1.776404 1.289437
1590000 4.964461 -1.701626 1.187166
