100000 4.412311 -1.814477 0.971575
110000 2.660188 -1.691849 0.888997
120000 1.993765 -1.715602 0.855381
130000 1.123034 -1.682773 0.863293
140000 0.897044 -1.756161 0.768347
150000 1.005903 -1.851052 0.861482
160000 1.674691 -1.703635 0.916984
170000 1.889782 -1.649577 0.766333
180000 1.206487 -1.865992 0.860743
190000 1.507012 -1.779387 0.829064
200000 2.585723 -1.726177 0.794757
210000 3.221068 -1.685157 0.811259
220000 4.538303 -1.876976 0.925456
230000 3.385498 -1.713275 0.963325
240000 4.218075 -1.754256 0.913035
250000 3.161200 -1.751205 0.946947
260000 3.624437 -1.735019 1.081011
270000 4.816036 -1.687297 0.906605
280000 4.195279 -1.664125 0.895219
290000 4.046482 -1.729741 0.954618
300000 2.647768 -1.768585 1.111384
310000 2.325858 -1.687436 0.928695
320000 1.501892 -1.571716 0.811360
330000 2.243299 -1.625065 0.860595
340000 2.995199 -1.703818 0.830914
350000 3.529214 -1.727110 0.793465
360000 3.941804 -1.868058 0.890923
370000 4.510660 -1.635707 0.905633
380000 2.825767 -1.688058 0.845844
390000 3.096135 -1.809435 0.921919
400000 3.901620 -1.738917 0.845833
410000 4.737548 -1.668717 0.936433
420000 4.888716 -1.623545 0.856252
430000 3.607586 -1.821294 1.006025
440000 2.282525 -1.664390 1.076026
450000 2.626560 -1.779829 0.814982
460000 3.628155 -1.842922 0.877229
470000 2.937789 -1.743376 0.753705
480000 2.359800 -1.665736 0.905054
490000 1.732857 -1.731840 0.957254
500000 1.188599 -1.871780 0.871541
510000 0.912211 -1.853527 0.932479
520000 0.973611 -1.637017 0.943294
530000 0.820462 -1.636451 0.884885
540000 0.864384 -1.722572 0.782329
550000 1.211446 -1.773626 0.942974
560000 1.383490 -1.795571 0.924838
570000 2.185935 -1.724250 0.827164
580000 2.944741 -1.887458 0.825107
590000 3.090682 -1.718131 0.807131
600000 2.326043 -1.809706 0.810713
610000 1.961859 -1.706272 0.843631
620000 1.884109 -1.786668 0.936003
630000 1.401334 -1.839752 0.906145
640000 1.214964 -1.835075 0.838187
650000 1.079944 -1.798131 0.867261
660000 1.694112 -1.758247 0.850083
670000 1.741132 -1.621346 0.824931
680000 1.937990 -1.814697 0.848890
690000 1.775696 -1.831340 0.991050
700000 0.995465 -1.818074 0.875887
710000 0.608141 -1.909047 0.780413
720000 0.805101 -1.789964 0.827406
730000 0.836651 -1.814920 0.897138
740000 0.495822 -1.723883 0.967800
750000 0.685445 -1.712167 0.916648
760000 1.052640 -1.706610 0.826169
770000 0.755413 -1.681415 0.836942
780000 1.156983 -1.668730 0.819966
790000 1.014297 -1.806018 0.950991
800000 0.552599 -1.854907 0.809050
810000 0.500027 -1.874456 1.019101
820000 0.681770 -1.672524 0.786236
830000 1.362716 -1.654958 0.892723
840000 1.522370 -1.775872 0.641694
850000 2.591556 -1.747751 0.775837
860000 4.326947 -1.777676 0.870239
870000 4.347023 -1.753415 0.905410
880000 4.833695 -1.867373 0.862445
890000 4.464301 -1.672972 0.984334
900000 4.871073 -1.745787 0.897708
910000 4.973323 -1.767785 0.812883
920000 4.418508 -1.804450 0.809432
930000 3.268880 -1.638239 0.877113
940000 3.769118 -1.719852 0.809596
950000 3.706181 -1.754298 0.895442
960000 4.347063 -1.710697 1.008275
970000 3.546616 -1.746505 0.814735
980000 2.828714 -1.770636 0.904446
990000 2.559153 -1.835273 0.834271
1000000 2.827584 -1.624895 0.862274
1010000 2.818271 -1.749238 0.902971
1020000 4.033714 -1.723956 0.755813
1030000 4.238654 -1.731764 0.832808
1040000 3.852847 -1.842877 0.895521
1050000 3.953671 -1.583819 0.755074
1060000 4.263685 -1.804063 0.818799
1070000 3.263316 -1.754255 0.798618
1080000 2.198568 -1.763174 0.749943
1090000 2.498903 -1.929579 0.976614
1100000 3.231937 -1.716170 0.941923
1110000 2.647734 -1.716331 1.009066
1120000 2.262482 -1.704705 0.811343
1130000 1.703421 -1.777704 0.808729
1140000 3.244776 -1.627413 0.898756
1150000 1.978725 -1.773083 0.928295
1160000 2.251197 -1.792510 0.827576
1170000 2.921335 -1.731392 0.837559
1180000 3.066706 -1.746676 0.927647
1190000 4.878638 -1.695119 0.897233
1200000 4.385852 -1.692842 0.809342
1210000 4.838741 -1.791617 0.751128
1220000 4.192761 -1.863995 0.931544
1230000 4.520017 -1.770796 0.864946
1240000 4.806749 -1.662564 0.975726
1250000 3.524474 -1.805282 0.762558
1260000 4.468730 -1.780442 0.868317
1270000 4.790844 -1.747979 0.828384
1280000 3.479875 -1.720814 0.938526
1290000 4.003376 -1.717561 0.945922
1300000 2.961562 -1.749532 0.872928
1310000 2.993434 -1.739427 0.923183
1320000 3.319100 -1.701298 0.905682
1330000 3.300703 -1.935010 0.802294
1340000 4.529759 -1.646387 0.992126
1350000 4.234834 -1.723950 1.003710
1360000 4.601902 -1.936658 0.936163
1370000 4.228879 -1.822144 0.982036
1380000 3.710721 -1.673702 0.938133
1390000 3.163857 -1.734293 0.899972
1400000 2.489989 -1.716044 0.734654
1410000 2.201141 -1.686780 0.916690
1420000 1.494128 -1.709901 0.963561
1430000 1.452547 -1.813971 0.843825
1440000 1.443201 -1.857310 0.965564
1450000 1.467174 -1.735129 0.898118
1460000 1.075191 -1.634162 0.903595
1470000 1.006267 -1.931325 0.839536
1480000 0.997589 -1.656830 0.936491
1490000 0.881742 -1.710371 0.848057
1500000 1.192123 -1.530874 0.884219
1510000 1.445006 -1.713817 0.929296
1520000 1.410741 -1.869561 0.862854
1530000 1.879303 -1.895518 0.888349
1540000 2.523354 -1.780576 0.829857
1550000 2.014616 -1.739704 0.804162
1560000 2.061360 -1.631787 0.850137
1570000 2.174327 -1.866980 0.881795
1580000 2.859805 -1.776563 0.833369
1590000 3.542734 -1.739068 0.958654
1600000 4.230184 -1.782665 0.841419
1610000 3.658365 -1.796940 0.882092
1620000 4.617424 -1.531612 0.886815
1630000 3.586191 -1.852084 0.981173
1640000 4.637478 -1.793648 0.905274
1650000 4.012911 -1.706437 0.756251
1660000 3.272896 -1.828723 0.893593
1670000 3.545442 -1.821983 0.914916
1680000 2.967769 -1.695147 0.890418
1690000 2.861566 -1.807011 0.781795
1700000 2.439823 -1.891561 0.914821
1710000 2.237326 -1.686137 0.731354
1720000 1.705822 -1.811754 0.801835
1730000 1.668946 -1.946480 0.952747
1740000 1.568803 -1.643291 0.778905
1750000 1.684583 -1.673361 0.958405
1760000 3.043527 -1.693638 0.997659
1770000 3.079657 -1.843371 0.850017
1780000 3.302194 -1.781635 0.826271
1790000 4.705440 -1.707785 0.725257
1800000 4.729763 -1.808414 0.780021
1810000 4.796432 -1.729388 0.761606
1820000 4.880169 -1.658268 0.909038
1830000 4.226601 -1.829890 0.862485
1840000 3.486624 -1.750330 0.994721
1850000 3.224365 -1.821120 0.866732
1860000 3.115381 -1.934973 0.970590
1870000 2.798029 -1.613443 0.881872
1880000 2.668704 -1.753560 0.980680
1890000 2.290210 -1.781857 0.724019
1900000 1.929442 -1.599910 0.782303
1910000 2.261963 -1.823722 0.812110
1920000 2.534741 -1.777939 0.921055
1930000 2.594813 -1.684071 0.828060
1940000 3.578871 -1.759286 0.903405
1950000 4.860286 -1.628777 0.799892
1960000 4.063379 -1.874683 0.883749
1970000 4.339902 -1.858751 0.761993
1980000 3.651976 -1.829234 0.911667
1990000 4.001570 -1.768040 0.962275
2000000 4.476973 -1.620775 0.748968
2010000 5.100362 -1.654850 1.041825
2020000 3.936082 -1.651803 0.829035
2030000 4.356677 -1.769875 0.971179
2040000 4.102871 -1.857015 0.783310
2050000 3.410317 -1.764058 0.960952
2060000 2.771723 -1.746821 0.887291
2070000 3.409384 -1.829443 0.832469
2080000 3.084943 -1.742214 0.768554
2090000 3.134723 -1.736173 0.797349
2100000 3.248961 -1.722968 0.803867
2110000 3.131671 -1.798761 0.864064
2120000 4.577833 -1.669377 0.926405
2130000 5.012712 -1.710440 0.874032
2140000 4.953866 -1.798877 0.917379
2150000 4.590745 -1.780289 0.845140
2160000 3.935898 -1.697304 0.834857
2170000 4.635502 -1.746493 0.831028
2180000 4.760828 -1.732063 0.994238
2190000 4.813519 -1.842503 0.971918
2200000 4.093140 -1.643327 0.876765
2210000 3.802233 -1.617823 0.905483
2220000 4.826784 -1.701933 0.785426
2230000 3.726168 -1.702916 0.952175
2240000 3.129799 -1.765827 0.950993
2250000 2.562712 -1.651135 0.918305
2260000 1.992246 -1.761423 0.842091
2270000 2.497114 -1.540812 0.746786
2280000 2.973166 -1.713277 0.893480
2290000 3.173463 -1.738897 0.868751
2300000 2.898514 -1.746389 0.832530
2310000 3.991673 -1.739487 0.903067
2320000 3.747027 -1.764683 1.036904
2330000 3.042213 -1.753493 0.941564
2340000 3.350224 -1.814404 0.827707
2350000 3.300061 -1.737719 0.907139
2360000 4.617423 -1.782895 0.729892
2370000 4.864707 -1.774644 0.800427
2380000 4.190574 -1.772751 0.907496
2390000 3.849150 -1.878232 0.905416
2400000 4.472215 -1.641887 0.880986
2410000 4.107445 -1.824623 0.877394
2420000 4.650377 -1.746770 0.910125
2430000 4.126191 -1.757245 0.937235
2440000 4.833421 -1.775801 0.881007
2450000 4.112405 -1.800947 0.937808
2460000 2.568311 -1.796537 0.809057
2470000 1.857290 -1.571789 0.922604
2480000 1.784450 -1.763323 0.936685
2490000 1.613292 -1.843345 0.860179
2500000 1.541243 -1.808333 0.819155
2510000 1.717875 -1.705967 0.937629
2520000 1.379313 -1.770635 0.836448
2530000 1.301324 -1.750612 0.769698
2540000 1.243813 -1.774022 0.946281
2550000 1.287249 -1.742101 0.833090
2560000 0.848897 -1.739089 0.866110
2570000 0.737904 -1.839895 0.928436
2580000 1.067802 -1.714240 0.914745
2590000 1.150143 -1.712771 0.888873
2600000 1.343406 -1.628702 0.740570
2610000 0.624955 -1.694867 0.784449
2620000 0.757842 -1.773268 0.942079
2630000 0.681140 -1.798076 0.974644
2640000 0.674198 -1.806880 0.910780
2650000 0.873530 -1.671669 1.005535
2660000 0.995371 -1.788628 0.941753
2670000 1.352212 -1.805557 0.894722
2680000 1.364946 -1.729398 0.757438
2690000 1.369735 -1.690934 0.712780
2700000 1.334872 -1.707447 0.939097
2710000 1.755198 -1.893342 0.953861
2720000 2.069613 -1.733721 0.680712
2730000 1.754238 -1.701726 0.878017
2740000 1.544494 -1.719299 0.932781
2750000 1.368235 -1.713830 0.876634
2760000 1.657168 -1.851937 0.938367
2770000 1.782692 -1.703085 0.966550
2780000 2.040159 -1.724555 0.933808
2790000 2.343523 -1.702171 0.956870
2800000 2.408508 -1.714278 0.844415
2810000 2.742191 -1.758380 0.926050
2820000 2.994956 -1.834758 0.999363
2830000 3.169147 -1.661855 0.855395
2840000 2.382484 -1.709271 0.889343
2850000 2.316134 -1.660497 0.892465
2860000 2.227452 -1.601498 0.775476
2870000 1.790558 -1.853294 0.877470
2880000 1.622015 -1.710258 0.798471
2890000 1.989205 -1.726647 0.968606
2900000 2.992400 -1.782750 0.885164
2910000 3.434058 -1.763351 0.815400
2920000 2.900908 -1.703764 0.906184
2930000 2.956336 -1.649869 0.888008
2940000 2.270624 -1.771603 0.840127
2950000 2.732674 -1.834256 0.851809
2960000 2.487310 -1.688441 0.874738
2970000 2.664234 -1.854862 0.829876
2980000 2.896216 -1.754070 0.943488
2990000 3.225197 -1.741033 0.820688
3000000 3.736888 -1.746017 0.891960
3010000 4.324843 -1.712838 0.779543
3020000 4.287770 -1.790372 0.863600
3030000 4.824327 -1.832367 0.811512
3040000 4.905954 -1.918076 0.843597
3050000 4.564132 -1.771890 0.853462
3060000 3.800500 -1.725741 0.928939
3070000 3.107736 -1.753222 0.745162
3080000 2.611018 -1.807838 0.914192
3090000 1.788373 -1.786788 0.926774
3100000 3.061885 -1.695439 0.904140
3110000 2.655084 -1.783173 0.990995
3120000 2.725383 -1.709836 0.800213
3130000 2.115147 -1.695292 0.937769
3140000 3.256251 -1.786791 0.891065
3150000 5.005461 -1.790855 0.964048
3160000 3.985840 -1.758999 0.881098
3170000 3.849137 -1.787285 0.817438
3180000 3.489343 -1.753875 0.767188
3190000 4.034533 -1.796469 0.817475
3200000 4.071766 -1.646424 0.750725
3210000 4.621495 -1.749013 0.883650
3220000 4.240010 -1.784281 0.842897
3230000 5.044161 -1.851929 0.915838
3240000 4.751561 -1.742599 0.860754
3250000 4.039501 -1.663023 0.896842
3260000 3.157754 -1.674715 0.910202
3270000 3.546194 -1.731831 0.947064
3280000 2.799350 -1.678051 0.878266
3290000 1.920008 -1.728961 0.916307
3300000 1.938811 -1.710008 0.958572
3310000 2.150519 -1.763100 0.920946
3320000 3.805491 -1.734789 0.882593
3330000 3.610464 -1.872794 1.026452
3340000 4.206230 -1.801409 0.841643
3350000 4.092153 -1.751893 0.762079
3360000 3.128501 -1.711479 0.890650
3370000 4.359399 -1.692657 0.886379
3380000 4.975272 -1.803158 0.919883
3390000 5.017631 -1.794749 0.884383
3400000 4.849292 -1.771661 0.892870
3410000 4.901873 -1.742386 0.854661
3420000 3.523587 -1.678130 0.940341
3430000 3.670201 -1.718656 0.791032
3440000 2.441028 -1.627810 0.920545
3450000 2.028883 -1.813550 0.807824
3460000 1.830534 -1.795231 0.968074
3470000 1.577163 -1.832936 0.877320
3480000 1.689543 -1.712965 0.847451
3490000 1.254536 -1.914998 0.918487
3500000 1.234437 -1.730312 0.821204
3510000 1.270807 -1.861403 0.783065
3520000 1.150205 -1.758103 0.904099
3530000 1.008932 -1.938792 0.797021
3540000 1.023625 -1.761588 0.933957
3550000 1.582299 -1.726393 0.847302
3560000 1.427061 -1.684190 0.844936
3570000 0.960167 -1.853634 0.850496
3580000 1.104505 -1.634452 0.864478
3590000 1.227923 -1.757658 0.803175
3600000 1.507580 -1.751726 0.802514
3610000 1.875146 -1.723710 0.714139
3620000 1.586761 -1.749482 0.808085
3630000 1.530110 -1.799643 0.821506
3640000 1.496635 -1.647398 0.829912
3650000 1.481476 -1.692453 1.075526
3660000 0.929625 -1.748401 1.055662
3670000 1.137145 -1.680512 0.825552
3680000 0.887430 -1.802939 0.969489
3690000 0.800290 -1.631541 0.942778
3700000 0.707873 -1.783716 0.971460
3710000 0.875578 -1.722438 0.836294
3720000 0.706578 -1.785141 0.939041
3730000 0.863991 -1.718663 0.801944
3740000 1.057419 -1.801535 0.940149
3750000 1.241602 -1.716043 0.874874
3760000 2.094076 -1.782819 0.847559
3770000 1.941753 -1.685898 0.851654
3780000 2.283286 -1.766278 0.839198
3790000 2.442397 -1.817763 0.916780
3800000 2.488336 -1.628539 0.848566
3810000 3.857549 -1.770599 0.799594
3820000 4.514264 -1.843009 0.839664
3830000 4.473506 -1.798906 0.803085
3840000 4.511960 -1.734582 0.826062
3850000 4.040456 -1.610093 0.832795
3860000 4.975358 -1.751665 0.716448
3870000 4.626376 -1.666282 0.875802
3880000 4.313600 -1.789674 0.753651
3890000 3.019502 -1.692920 0.925122
3900000 2.712950 -1.778130 1.055410
3910000 3.147976 -1.742828 0.791435
3920000 2.658926 -1.782816 0.836203
3930000 3.223325 -1.822501 0.823555
3940000 3.885687 -1.760936 0.763067
3950000 4.146020 -1.766588 0.826206
3960000 3.744667 -1.748371 0.959643
3970000 3.505427 -1.847042 0.807264
3980000 3.201732 -1.785715 0.933195
3990000 4.778148 -1.754863 0.794371
4000000 3.591285 -1.716821 0.894938
