100000 3.966650 -1.764637 0.321100
110000 2.013505 -1.740305 0.248704
120000 2.642063 -1.747132 0.326315
130000 3.285457 -1.711044 0.403965
140000 4.559768 -1.701722 0.263365
150000 4.766178 -1.846799 0.293433
160000 3.879316 -1.748848 0.369784
170000 3.903741 -1.803615 0.421926
180000 4.701581 -1.841183 0.422233
190000 2.662925 -1.763291 0.380579
200000 1.745655 -1.653674 0.268933
210000 1.510584 -1.611548 0.333372
220000 1.854348 -1.738785 0.279619
230000 1.440884 -1.722975 0.478224
240000 0.688102 -1.746517 0.475640
250000 0.633612 -1.827903 0.347493
260000 0.735674 -1.741056 0.330708
270000 1.335971 -1.754521 0.308761
280000 1.433042 -1.776367 0.292717
290000 0.967580 -1.937493 0.394804
300000 1.738756 -1.733731 0.242683
310000 2.609493 -1.758447 0.392064
320000 3.476858 -1.705176 0.373408
330000 2.761131 -1.711218 0.299932
340000 1.985502 -1.641215 0.427334
350000 1.606769 -1.794013 0.284430
360000 3.208756 -1.915330 0.357824
370000 4.689550 -1.833221 0.228293
380000 3.323188 -1.774938 0.486295
390000 4.784455 -1.750021 0.447566
400000 4.885951 -1.582617 0.412687
410000 3.020997 -1.787769 0.440678
420000 2.047650 -1.745440 0.360999
430000 1.995543 -1.767470 0.343131
440000 1.739713 -1.903661 0.342894
450000 2.188200 -1.792491 0.327175
460000 2.927197 -1.751192 0.257574
470000 3.728361 -1.757483 0.251412
480000 4.816582 -1.719763 0.289426
490000 3.366314 -1.859781 0.363156
500000 4.391444 -1.675285 0.260517
510000 2.926686 -1.730466 0.295839
520000 3.040584 -1.664686 0.264818
530000 4.729330 -1.774026 0.465361
540000 4.936571 -1.670769 0.402989
550000 4.592772 -1.910766 0.378688
560000 4.267598 -1.727150 0.492270
570000 2.781750 -1.772024 0.357614
580000 3.177397 -1.952080 0.423450
590000 3.660958 -1.823406 0.391144
600000 4.299677 -1.777042 0.398038
610000 4.373293 -1.830136 0.346877
620000 3.669169 -1.785316 0.335973
630000 3.505272 -1.714137 0.288993
640000 2.148867 -1.763568 0.317323
650000 1.948404 -1.591319 0.322963
660000 1.603677 -1.887032 0.338588
670000 1.559510 -1.698475 0.445189
680000 2.654549 -1.771692 0.335093
690000 2.434833 -1.789573 0.402767
700000 1.911864 -1.788479 0.381953
710000 2.435747 -1.747466 0.481872
720000 1.191811 -1.737038 0.374777
730000 1.398651 -1.716568 0.350568
740000 1.488828 -1.692420 0.202254
750000 1.705806 -1.848654 0.437561
760000 1.330731 -1.887615 0.345732
770000 1.108155 -1.918656 0.321461
780000 0.927124 -1.818271 0.326828
790000 0.634380 -1.745047 0.390503
800000 1.136420 -1.744251 0.421251
810000 1.745690 -1.754586 0.353431
820000 1.699223 -1.670152 0.469261
830000 2.384717 -1.624345 0.413351
840000 3.066565 -1.677885 0.299470
850000 3.301005 -1.704424 0.368210
860000 4.443003 -1.730429 0.336823
870000 4.116176 -1.697290 0.205166
