100000 4.955298 -1.776387 0.082551
110000 3.716839 -1.669517 0.128104
120000 2.744631 -1.811396 0.180402
130000 1.734615 -1.635469 0.206519
140000 1.255655 -1.890074 0.200622
150000 0.978616 -1.697571 0.250388
160000 0.935991 -1.781893 0.188632
170000 0.841403 -1.895459 0.180456
180000 1.695733 -1.809274 0.144131
190000 1.477867 -1.811306 0.073860
200000 2.515369 -1.694836 0.133147
210000 2.544175 -1.577178 0.232729
220000 2.731316 -1.722066 0.217241
230000 4.294790 -1.726231 0.181548
240000 4.435118 -1.684435 0.237617
250000 4.712472 -1.761023 0.223632
260000 3.234472 -1.758500 0.266047
270000 3.134298 -1.763680 0.166255
280000 2.283240 -1.597486 0.033742
290000 1.949598 -1.771134 0.133555
300000 1.186890 -1.772245 0.272050
310000 0.882069 -1.655110 0.242173
320000 0.973390 -1.884345 0.119702
330000 0.600439 -1.751967 0.110535
340000 1.077919 -1.699928 0.160496
350000 1.331995 -1.850326 0.318674
360000 1.467073 -1.703130 0.166937
370000 2.237039 -1.584116 0.271447
380000 2.807132 -1.810774 0.267453
390000 2.521274 -1.745550 0.283041
400000 3.468768 -1.763841 0.070119
410000 4.642753 -1.808139 0.108337
420000 4.674064 -1.688920 0.171600
430000 3.973808 -1.795559 0.159446
440000 3.591932 -1.782049 0.237167
450000 3.048420 -1.660749 0.200574
460000 3.863803 -1.737706 0.201833
470000 4.235052 -1.832581 0.221338
480000 4.403620 -1.704945 0.334119
490000 4.099804 -1.741026 0.213641
500000 3.434567 -1.827925 0.316806
510000 2.360026 -1.772848 0.189874
520000 2.581488 -1.799889 0.203310
530000 3.408691 -1.754808 0.273443
540000 3.267076 -1.861347 0.101140
550000 3.991699 -1.788249 0.060677
560000 4.482184 -1.630103 0.125617
570000 3.688563 -1.718599 0.160348
580000 3.709843 -1.754807 0.148097
590000 2.744310 -1.644955 0.159661
600000 1.690856 -1.696514 0.254429
610000 1.571212 -1.838868 0.133781
620000 1.493385 -1.760815 0.116614
630000 1.485305 -1.794486 0.131719
640000 2.189547 -1.682578 0.216801
650000 2.406072 -1.629965 0.134496
660000 3.004360 -1.668181 0.244921
670000 2.838938 -1.815910 0.232005
680000 3.997696 -1.833736 0.130921
690000 4.654793 -1.881234 0.097406
700000 5.050181 -1.773128 0.294629
710000 4.505673 -1.866084 0.080669
720000 4.885467 -1.816847 0.181425
730000 4.583576 -1.826786 0.198517
740000 3.964491 -1.772536 0.079773
750000 4.245087 -1.645338 0.250199
760000 4.796421 -1.859238 0.145141
770000 5.011307 -1.831654 0.103432
780000 4.123949 -1.687090 0.175685
790000 2.088517 -1.754715 0.219158
800000 2.527247 -1.663381 0.101697
810000 1.846327 -1.702498 0.235377
820000 2.765803 -1.715990 0.245788
830000 3.130649 -1.791045 0.046059
840000 3.915686 -1.775304 0.209430
850000 2.945199 -1.685255 0.208934
860000 3.785820 -1.704976 0.144099
870000 3.084163 -1.860498 0.063159
880000 2.146842 -1.832665 0.201749
890000 2.170663 -1.675923 0.101880
900000 1.638663 -1.620202 0.240002
910000 0.799061 -1.689142 0.290879
920000 0.715009 -1.744534 0.184683
930000 0.767156 -1.701636 0.110042
940000 0.944301 -1.662840 0.211618
950000 1.261818 -1.846710 0.027715
960000 0.828035 -1.690252 0.245667
970000 1.335771 -1.902031 0.149676
980000 1.008746 -1.786855 0.082444
990000 1.280461 -1.862528 0.179604
1000000 0.719976 -1.791218 0.190622
1010000 0.539095 -1.709957 0.020646
1020000 1.086081 -1.733898 0.176040
1030000 1.547924 -1.638494 0.148194
1040000 1.653895 -1.695120 0.230573
1050000 1.549909 -1.716206 0.254496
1060000 1.405867 -1.898486 0.337870
1070000 1.583988 -1.698530 0.154660
1080000 2.167272 -1.781578 0.152614
1090000 2.383785 -1.790800 0.166664
1100000 2.383334 -1.722449 0.117536
1110000 3.174086 -1.569471 0.236570
1120000 2.685693 -1.750804 0.149137
1130000 4.221674 -1.793858 0.089258
1140000 5.001184 -1.781712 0.150239
1150000 4.993434 -1.824954 0.166181
1160000 3.808702 -1.722849 0.192160
1170000 4.450976 -1.661874 0.186385
1180000 3.514878 -1.950770 0.216124
1190000 4.175292 -1.735196 0.255607
1200000 4.956857 -1.863490 0.195065
1210000 4.693382 -1.856273 0.161070
1220000 5.050362 -1.662993 0.148671
1230000 4.788569 -1.781545 0.154498
1240000 4.631682 -1.756312 0.207188
1250000 3.701058 -1.782987 0.251347
1260000 3.096962 -1.670972 0.164268
1270000 2.219491 -1.747331 0.225355
1280000 2.556313 -1.688605 0.188310
1290000 4.031259 -1.792450 0.163140
1300000 4.007514 -1.706506 0.116201
1310000 3.381629 -1.731736 0.168276
1320000 4.587232 -1.775641 0.266216
1330000 4.371156 -1.783168 0.137193
1340000 3.913939 -1.817474 0.198648
1350000 2.955027 -1.756001 0.180600
1360000 3.230910 -1.750010 0.205318
1370000 2.515557 -1.729275 0.232114
1380000 3.132118 -1.715524 0.110995
1390000 3.743117 -1.808723 0.302348
1400000 4.387576 -1.707908 0.112979
1410000 2.416405 -1.743030 0.106368
1420000 1.796920 -1.899957 0.206206
1430000 1.862436 -1.659792 0.090142
1440000 1.965343 -1.672382 0.212281
1450000 1.592865 -1.715462 0.138779
1460000 1.702175 -1.529923 0.096764
1470000 1.460364 -1.667910 0.085421
1480000 1.334442 -1.775982 0.150606
1490000 0.839701 -1.700906 0.063592
1500000 1.185129 -1.701343 0.257631
1510000 1.077769 -1.780536 0.141675
1520000 1.267531 -1.717198 0.094981
1530000 1.500213 -1.813560 0.063183
1540000 2.422752 -1.727460 0.204364
1550000 2.094842 -1.747298 0.116956
1560000 2.754532 -1.643327 0.200726
1570000 3.430692 -1.675595 0.203214
1580000 5.054841 -1.697661 0.173977
1590000 4.669093 -1.798419 0.126855
1600000 5.038166 -1.780787 0.181666
1610000 3.965892 -1.740278 0.231372
1620000 5.045271 -1.719867 0.102262
1630000 4.654799 -1.566095 0.182540
1640000 3.945766 -1.718971 0.056926
1650000 3.350171 -1.807420 0.196852
1660000 4.495065 -1.852563 0.083302
1670000 5.022317 -1.825604 0.142863
1680000 3.622465 -1.759301 0.299830
1690000 3.143871 -1.673015 0.039250
1700000 4.642094 -1.621147 0.245775
1710000 4.705739 -1.733171 0.169875
1720000 4.896569 -1.835529 0.093413
1730000 4.149286 -1.598812 0.093266
1740000 3.816553 -1.823967 0.216283
1750000 4.565054 -1.775767 0.160824
1760000 4.443764 -1.726081 0.223203
1770000 3.452096 -1.750888 0.129507
1780000 2.973983 -1.878443 0.190249
1790000 2.680757 -1.800669 0.302691
1800000 2.599538 -1.805085 0.055607
1810000 2.077183 -1.830029 0.287312
1820000 1.707867 -1.637948 0.118325
1830000 2.434886 -1.696695 0.174268
1840000 2.611285 -1.699368 0.207563
1850000 3.492817 -1.768199 0.115440
1860000 3.595235 -1.808504 0.087316
1870000 2.389235 -1.679953 0.297969
1880000 2.230699 -1.634400 0.046284
1890000 1.624635 -1.668270 0.229271
1900000 2.047539 -1.764018 0.114123
1910000 1.538527 -1.728862 0.156421
1920000 2.493513 -1.710842 0.130571
1930000 3.242472 -1.734188 0.144329
1940000 3.062245 -1.648070 0.307553
1950000 3.114764 -1.684533 0.282930
1960000 3.264789 -1.677333 0.186442
1970000 3.522881 -1.737431 0.073949
1980000 4.882746 -1.744088 0.150123
1990000 4.375637 -1.749027 0.172848
2000000 4.240215 -1.852418 0.154085
2010000 3.921641 -1.675044 0.072276
2020000 4.773962 -1.724070 0.180321
2030000 4.952933 -1.861904 0.127612
2040000 4.239939 -1.737102 0.141374
2050000 4.046982 -1.692810 0.236165
2060000 3.065795 -1.630237 0.152009
2070000 4.201351 -1.782389 0.162917
2080000 3.937540 -1.695184 0.079978
2090000 4.564990 -1.621476 0.280741
2100000 4.845334 -1.673625 0.204349
2110000 4.202142 -1.727582 0.203053
2120000 3.194115 -1.906175 0.203380
2130000 2.433772 -1.760125 0.229405
2140000 2.113038 -1.703084 0.152311
2150000 1.400771 -1.726729 0.113800
2160000 1.563390 -1.819565 0.265535
2170000 1.737980 -1.775706 0.244169
2180000 1.890143 -1.736289 0.236076
2190000 3.037251 -1.733674 0.148167
2200000 3.475651 -1.687256 0.177861
2210000 3.517807 -1.839470 0.188896
2220000 4.401283 -1.816462 0.141265
2230000 4.397122 -1.722892 0.211878
2240000 4.812083 -1.784341 0.212296
