100000 2.512183 -1.758075 -0.536727
110000 2.926349 -1.776320 -0.470545
120000 4.683695 -1.769430 -0.466323
130000 3.974784 -1.567445 -0.485583
140000 3.559040 -1.853533 -0.557509
150000 3.522578 -1.769768 -0.386647
160000 4.543107 -1.708039 -0.489121
170000 4.081742 -1.911098 -0.513528
180000 4.321612 -1.879159 -0.489099
190000 2.367864 -1.863289 -0.596247
200000 0.962635 -1.733536 -0.595529
210000 1.393380 -1.730243 -0.546017
220000 0.978520 -1.803978 -0.610068
230000 1.025070 -1.783343 -0.497895
240000 1.791289 -1.678350 -0.453332
250000 1.846861 -1.665588 -0.569490
260000 1.510395 -1.732395 -0.489642
270000 1.864933 -1.694265 -0.282385
280000 3.019534 -1.733976 -0.463672
290000 3.634698 -1.803387 -0.568319
300000 2.995786 -1.820799 -0.521149
310000 2.366315 -1.715300 -0.625402
320000 2.343744 -1.839625 -0.509214
330000 2.939708 -1.747236 -0.461948
340000 4.204533 -1.725487 -0.568222
350000 4.444408 -1.745003 -0.483655
360000 3.851740 -1.791135 -0.546896
370000 3.445260 -1.791962 -0.496328
380000 1.905741 -1.740092 -0.387323
390000 1.190224 -1.650699 -0.466887
400000 0.819130 -1.855190 -0.575015
410000 1.025499 -1.888426 -0.560425
420000 1.414740 -1.728142 -0.564920
430000 0.636491 -1.819734 -0.591129
440000 0.780970 -1.764149 -0.559409
450000 1.140738 -1.769534 -0.569598
460000 1.511519 -1.837170 -0.562871
470000 2.427456 -1.607156 -0.686272
480000 3.148056 -1.609789 -0.500495
490000 3.585535 -1.780800 -0.447757
500000 4.793136 -1.797218 -0.464966
510000 3.107881 -1.724208 -0.326528
520000 3.825773 -1.793800 -0.566313
530000 4.551809 -1.672716 -0.520184
540000 5.109486 -1.685479 -0.472662
550000 4.636914 -1.799926 -0.493834
560000 4.875664 -1.737280 -0.473260
570000 4.481702 -1.792811 -0.518454
580000 4.074859 -1.643494 -0.617759
590000 4.075363 -1.698667 -0.406820
600000 2.032900 -1.699026 -0.511463
610000 2.168712 -1.821699 -0.512939
620000 2.975705 -1.569350 -0.533942
630000 2.309587 -1.774441 -0.506846
640000 1.633245 -1.720718 -0.408045
650000 1.323413 -1.728003 -0.688635
660000 1.151927 -1.861784 -0.483142
670000 0.658137 -1.760625 -0.624139
680000 0.852035 -1.758497 -0.472283
690000 0.799502 -1.766830 -0.499852
700000 1.002685 -1.691858 -0.482221
710000 1.250637 -1.839326 -0.510705
720000 2.373647 -1.829318 -0.410225
730000 2.792290 -1.834281 -0.466332
740000 3.552046 -1.703458 -0.530905
750000 3.297318 -1.800551 -0.352541
760000 3.543192 -1.772479 -0.619291
770000 3.822771 -1.676172 -0.523075
780000 4.300308 -1.896799 -0.524284
790000 4.199435 -1.751633 -0.551384
800000 3.339120 -1.685759 -0.524019
810000 2.930812 -1.908901 -0.507380
820000 2.155808 -1.859929 -0.422998
830000 1.562728 -1.797921 -0.416898
840000 1.334808 -1.714769 -0.499467
850000 1.845198 -1.671174 -0.480743
860000 1.588527 -1.634563 -0.424322
870000 1.783948 -1.721243 -0.355713
880000 2.687101 -1.737796 -0.438971
890000 3.571786 -1.806560 -0.496505
900000 3.979124 -1.745999 -0.449178
910000 3.962309 -1.640129 -0.470994
920000 2.856287 -1.596117 -0.570864
930000 2.335711 -1.743916 -0.362645
940000 3.745498 -1.813376 -0.573275
950000 4.635565 -1.836790 -0.467845
960000 4.308825 -1.644675 -0.596702
970000 4.643260 -1.758762 -0.519249
980000 3.801418 -1.655842 -0.509465
990000 2.334020 -1.661077 -0.501380
1000000 2.712601 -1.834277 -0.542192
1010000 1.993020 -1.840351 -0.601746
1020000 1.821751 -1.763653 -0.589514
1030000 3.278463 -1.774883 -0.586186
1040000 2.315593 -1.791152 -0.632815
1050000 2.800868 -1.747631 -0.453952
1060000 3.440529 -1.700186 -0.619807
1070000 3.154990 -1.830018 -0.480503
1080000 3.778096 -1.673687 -0.578494
1090000 3.394231 -1.654472 -0.597091
1100000 5.048877 -1.733582 -0.454781
1110000 4.450298 -1.735187 -0.605897
1120000 4.735674 -1.752658 -0.512016
1130000 4.614533 -1.870485 -0.559081
1140000 4.103713 -1.651604 -0.622542
1150000 4.181493 -1.807461 -0.473432
1160000 4.522709 -1.785462 -0.469087
1170000 3.928662 -1.874644 -0.446328
1180000 5.011116 -1.813723 -0.656439
1190000 4.143169 -1.708219 -0.531172
1200000 2.936065 -1.640709 -0.567808
1210000 3.344882 -1.622396 -0.529541
1220000 3.302259 -1.635703 -0.504248
1230000 3.339118 -1.831766 -0.504691
1240000 2.019484 -1.664850 -0.550521
1250000 2.400486 -1.686894 -0.540473
1260000 1.644959 -1.721748 -0.427290
1270000 1.549854 -1.847302 -0.528655
1280000 1.437953 -1.752926 -0.489972
1290000 1.811076 -1.772220 -0.644059
1300000 2.274451 -1.605525 -0.553848
1310000 2.669613 -1.786733 -0.529480
1320000 2.925412 -1.634832 -0.489752
1330000 3.095689 -1.746294 -0.614618
1340000 3.950041 -1.761819 -0.602490
1350000 4.507621 -1.639608 -0.479365
1360000 4.814154 -1.808919 -0.530661
1370000 4.677461 -1.714941 -0.541803
1380000 4.790761 -1.769524 -0.404150
1390000 4.987114 -1.720133 -0.351044
1400000 4.687872 -1.774365 -0.545781
1410000 4.448327 -1.825194 -0.601479
1420000 3.758130 -1.727791 -0.675881
1430000 2.733058 -1.782196 -0.349116
1440000 2.464509 -1.755654 -0.587006
1450000 1.992445 -1.883492 -0.545918
1460000 2.627707 -1.780143 -0.500181
1470000 2.254888 -1.846794 -0.461457
1480000 3.104881 -1.813969 -0.487219
1490000 3.476636 -1.622495 -0.482421
1500000 4.193487 -1.677221 -0.581572
1510000 4.399250 -1.836677 -0.566731
1520000 4.586466 -1.797961 -0.487180
1530000 4.794099 -1.745241 -0.496936
1540000 5.039330 -1.734336 -0.508813
1550000 4.922983 -1.756107 -0.404768
1560000 4.085807 -1.876914 -0.515908
1570000 4.470202 -1.804114 -0.444367
1580000 3.747255 -1.887520 -0.703072
1590000 2.911832 -1.742602 -0.503809
1600000 3.732143 -1.679313 -0.545952
1610000 2.833100 -1.750653 -0.482126
1620000 1.893346 -1.728280 -0.369664
1630000 1.845300 -1.759844 -0.415017
1640000 0.961030 -1.799814 -0.448055
1650000 0.543748 -1.800474 -0.674404
1660000 0.653809 -1.593745 -0.597179
1670000 0.772094 -1.660457 -0.490481
1680000 0.816265 -1.811653 -0.490033
1690000 1.130543 -1.602502 -0.413090
1700000 1.036633 -1.702927 -0.601500
1710000 1.067985 -1.646373 -0.495777
1720000 1.264776 -1.851669 -0.545627
1730000 1.166478 -1.723898 -0.538942
1740000 0.931890 -1.773231 -0.614096
1750000 1.364536 -1.748007 -0.542971
1760000 1.642940 -1.803218 -0.481163
1770000 1.575048 -1.675347 -0.511653
1780000 1.223843 -1.842480 -0.588283
1790000 1.136331 -1.791943 -0.563212
1800000 0.617699 -1.732200 -0.482845
1810000 0.937952 -1.856580 -0.456729
1820000 0.930120 -1.644754 -0.607864
1830000 1.105527 -1.810651 -0.459307
1840000 1.286764 -1.701117 -0.475503
1850000 1.788175 -1.805607 -0.734299
1860000 1.837776 -1.811429 -0.515320
1870000 1.738671 -1.623765 -0.552821
1880000 2.047872 -1.671173 -0.458142
1890000 2.233646 -1.889069 -0.575439
1900000 2.400313 -1.724747 -0.567194
1910000 3.214175 -1.777782 -0.633366
1920000 2.626653 -1.767548 -0.552873
1930000 3.320821 -1.784506 -0.468677
1940000 3.950721 -1.779868 -0.601656
1950000 3.904476 -1.650751 -0.569590
1960000 3.116127 -1.713056 -0.605209
1970000 2.254919 -1.774612 -0.646231
1980000 2.226684 -1.700480 -0.602809
1990000 2.478549 -1.723560 -0.447943
2000000 2.303976 -1.852893 -0.640537
2010000 1.978981 -1.759835 -0.385275
2020000 2.910350 -1.653328 -0.517369
2030000 3.772705 -1.770808 -0.620190
2040000 3.918538 -1.905520 -0.476392
2050000 4.659355 -1.753708 -0.638481
2060000 4.556933 -1.840876 -0.489267
2070000 4.128453 -1.776521 -0.595661
2080000 3.601541 -1.717613 -0.486722
2090000 3.201537 -1.712868 -0.442142
2100000 2.583455 -1.691600 -0.576037
2110000 4.270234 -1.688445 -0.596947
2120000 4.883378 -1.699086 -0.440384
2130000 4.427005 -1.833456 -0.635389
2140000 3.813434 -1.731061 -0.530259
2150000 3.463946 -1.721982 -0.609258
2160000 2.813662 -1.653880 -0.515355
2170000 2.655867 -1.795503 -0.585011
2180000 3.419397 -1.779008 -0.602310
2190000 4.143520 -1.852249 -0.480942
2200000 4.190561 -1.621860 -0.585458
2210000 3.456697 -1.663188 -0.576799
2220000 3.599274 -1.733890 -0.547337
2230000 2.930649 -1.809393 -0.520652
2240000 3.204589 -1.756135 -0.721461
2250000 4.638377 -1.790482 -0.456138
2260000 4.328861 -1.562305 -0.649075
2270000 3.352698 -1.749608 -0.581969
2280000 3.134565 -1.706798 -0.644117
2290000 1.655777 -1.729854 -0.576438
2300000 2.140392 -1.756901 -0.562314
2310000 1.486792 -1.789580 -0.440799
2320000 1.618484 -1.788293 -0.572529
2330000 2.025475 -1.699267 -0.502248
2340000 1.398659 -1.778819 -0.417492
2350000 1.429699 -1.764259 -0.664113
2360000 0.983498 -1.776184 -0.464613
2370000 1.044381 -1.698008 -0.561158
2380000 1.139662 -1.774315 -0.420685
2390000 0.987787 -1.634701 -0.542160
2400000 1.039776 -1.701273 -0.426932
2410000 0.847831 -1.743702 -0.504173
2420000 0.493936 -1.785160 -0.623069
2430000 0.723921 -1.789162 -0.459383
2440000 0.777025 -1.862231 -0.581205
2450000 0.790908 -1.686092 -0.639698
2460000 0.700008 -1.652434 -0.455171
2470000 0.900454 -1.646237 -0.384042
2480000 1.382300 -1.708990 -0.482224
2490000 1.252496 -1.717289 -0.509295
2500000 1.500770 -1.781560 -0.579536
2510000 1.564297 -1.771639 -0.470294
2520000 1.316448 -1.780724 -0.596378
2530000 1.723359 -1.687293 -0.486730
2540000 1.755039 -1.585741 -0.430556
2550000 1.895544 -1.845934 -0.452123
2560000 2.258759 -1.690285 -0.695625
2570000 2.472145 -1.696646 -0.399076
2580000 2.783035 -1.744858 -0.433479
2590000 2.914200 -1.715882 -0.532023
2600000 2.353232 -1.690229 -0.509723
2610000 2.876576 -1.727521 -0.624653
2620000 2.354826 -1.742871 -0.572225
2630000 2.217519 -1.705249 -0.498414
2640000 3.039758 -1.720659 -0.526922
2650000 3.745550 -1.721736 -0.506118
2660000 3.479216 -1.639310 -0.650556
2670000 2.958109 -1.836378 -0.502924
2680000 2.807663 -1.743123 -0.593397
2690000 2.502980 -1.862482 -0.388744
2700000 2.966054 -1.660720 -0.526326
2710000 3.825654 -1.699389 -0.562017
2720000 4.396925 -1.723485 -0.526993
2730000 4.810306 -1.602177 -0.547536
2740000 4.308963 -1.769165 -0.499971
