100000 2.155920 -1.651305 -0.770588
110000 2.362795 -1.711602 -0.616191
120000 2.464576 -1.661429 -0.809941
130000 4.949692 -1.740301 -0.788269
140000 4.395499 -1.578038 -0.683440
150000 4.944278 -1.720887 -0.712259
160000 4.543198 -1.595979 -0.623022
170000 3.309060 -1.740194 -0.681542
180000 2.529281 -1.878619 -0.807259
190000 1.836407 -1.826038 -0.663936
200000 0.835446 -1.786881 -0.853237
210000 0.709999 -1.806367 -0.639643
220000 1.033375 -1.798395 -0.891152
230000 1.379792 -1.738546 -0.700852
240000 1.916168 -1.830463 -0.808898
250000 2.505055 -1.812275 -0.718197
260000 2.033219 -1.740156 -0.742728
270000 4.122836 -1.826995 -0.786167
280000 4.031152 -1.853669 -0.604193
290000 3.137115 -1.792754 -0.757761
300000 2.329586 -1.890060 -0.850763
310000 1.410662 -1.729364 -0.714000
320000 1.934504 -1.777184 -0.624651
330000 0.918035 -1.759714 -0.603887
340000 1.287186 -1.727799 -0.774392
350000 1.032143 -1.768010 -0.742131
360000 1.187999 -1.843519 -0.699793
370000 1.465093 -1.724404 -0.639413
380000 1.009693 -1.798954 -0.732087
390000 0.997921 -1.777217 -0.687255
400000 1.246495 -1.857494 -0.761901
410000 1.647572 -1.650079 -0.698202
420000 2.052488 -1.833709 -0.669326
430000 3.052816 -1.708299 -0.630467
440000 2.682118 -1.743227 -0.644032
450000 2.736242 -1.651279 -0.669112
460000 4.145124 -1.645425 -0.646427
470000 4.391083 -1.792607 -0.782374
480000 3.456037 -1.722488 -0.677749
490000 3.398899 -1.668452 -0.602861
500000 3.722236 -1.583953 -0.674539
510000 4.793691 -1.828625 -0.652291
520000 4.346287 -1.703228 -0.658198
530000 3.857237 -1.797020 -0.727933
540000 2.873132 -1.786141 -0.788193
550000 2.217988 -1.845726 -0.639379
560000 2.818058 -1.797836 -0.836743
570000 4.437167 -1.758219 -0.767519
580000 3.185888 -1.528141 -0.697987
590000 4.128694 -1.608462 -0.755361
600000 4.152862 -1.778468 -0.635154
610000 4.731305 -1.815480 -0.657453
620000 4.272816 -1.684318 -0.663500
630000 4.353204 -1.748547 -0.624720
640000 3.787576 -1.842438 -0.678139
650000 2.391667 -1.668211 -0.682313
660000 2.071774 -1.741114 -0.625856
670000 2.179150 -1.711503 -0.667941
680000 2.257053 -1.853151 -0.692828
690000 3.578263 -1.794889 -0.707863
700000 4.458104 -1.705705 -0.764089
710000 4.621012 -1.865379 -0.687859
720000 3.702028 -1.746982 -0.559624
730000 2.824379 -1.651245 -0.782953
740000 3.638061 -1.659874 -0.654820
750000 3.442158 -1.753249 -0.625312
760000 4.231179 -1.693509 -0.725985
770000 3.923837 -1.759574 -0.747761
780000 2.962629 -1.647887 -0.696509
790000 1.770549 -1.648960 -0.676016
800000 1.624304 -1.799943 -0.651588
810000 2.059230 -1.642889 -0.673850
820000 2.294451 -1.796967 -0.776773
830000 3.148826 -1.644493 -0.646434
840000 3.444086 -1.690220 -0.719556
850000 3.827039 -1.842073 -0.822747
860000 4.967752 -1.732224 -0.731734
870000 4.513277 -1.713635 -0.677455
880000 4.034064 -1.679900 -0.808310
890000 2.270230 -1.818815 -0.592086
900000 1.890949 -1.830134 -0.648041
910000 1.567572 -1.697162 -0.723324
920000 0.968769 -1.797642 -0.713912
930000 0.727791 -1.641307 -0.675861
940000 0.741504 -1.753007 -0.704354
950000 0.803057 -1.789807 -0.745814
960000 0.738182 -1.854145 -0.733662
970000 0.993922 -1.815291 -0.588986
980000 0.997047 -1.713272 -0.627842
990000 1.263414 -1.649326 -0.713060
1000000 1.508378 -1.700088 -0.625914
1010000 1.260381 -1.730706 -0.653017
1020000 1.702880 -1.690763 -0.599452
1030000 1.716850 -1.789060 -0.767222
1040000 2.210762 -1.814455 -0.830718
1050000 2.072342 -1.910682 -0.779827
1060000 1.730155 -1.818308 -0.711228
1070000 3.009295 -1.735221 -0.772298
1080000 3.461131 -1.753192 -0.706208
1090000 3.701731 -1.796200 -0.727277
1100000 2.424323 -1.668769 -0.703880
1110000 2.905107 -1.670111 -0.478010
1120000 2.913165 -1.709720 -0.660094
1130000 4.383861 -1.768892 -0.658415
1140000 4.701380 -1.691978 -0.752262
1150000 4.680094 -1.806293 -0.643593
1160000 4.038632 -1.671229 -0.719037
1170000 4.792714 -1.692144 -0.673361
1180000 4.030852 -1.647496 -0.783382
1190000 4.849255 -1.703372 -0.666124
1200000 3.436258 -1.676318 -0.653693
1210000 2.990254 -1.851267 -0.754738
1220000 2.202808 -1.793808 -0.903510
1230000 1.995278 -1.742240 -0.606948
1240000 1.622669 -1.759919 -0.674107
1250000 1.214284 -1.810032 -0.658727
1260000 1.037530 -1.683072 -0.599632
1270000 0.867608 -1.769906 -0.768811
1280000 1.321143 -1.891588 -0.676281
1290000 1.572997 -1.891437 -0.677301
1300000 1.889202 -1.838652 -0.707602
1310000 1.750769 -1.696945 -0.559208
1320000 1.680540 -1.669878 -0.653875
1330000 1.484650 -1.650734 -0.608946
1340000 1.615242 -1.740320 -0.699363
1350000 2.022946 -1.701221 -0.780353
1360000 2.478982 -1.726208 -0.686305
1370000 3.192265 -1.734983 -0.548958
1380000 4.298712 -1.867425 -0.719121
1390000 4.759956 -1.729969 -0.518912
1400000 4.297794 -1.765537 -0.693455
1410000 4.544523 -1.784958 -0.664910
1420000 4.152857 -1.753463 -0.741155
1430000 3.332612 -1.771145 -0.712842
1440000 2.850413 -1.702976 -0.660201
1450000 3.260959 -1.690689 -0.735997
1460000 3.298716 -1.663726 -0.624411
1470000 3.680018 -1.821707 -0.682416
1480000 3.551986 -1.673928 -0.664183
1490000 4.581324 -1.726527 -0.810128
1500000 3.510094 -1.725543 -0.845092
1510000 2.957375 -1.752699 -0.560314
1520000 2.218979 -1.598870 -0.705404
1530000 1.939858 -1.780965 -0.707616
1540000 2.064188 -1.900498 -0.717371
1550000 2.711424 -1.729607 -0.651119
1560000 2.906400 -1.579876 -0.660845
1570000 3.226551 -1.760036 -0.732805
1580000 3.429782 -1.718011 -0.705051
1590000 4.482040 -1.629393 -0.710191
1600000 3.981572 -1.760842 -0.702648
1610000 4.601783 -1.828251 -0.642244
1620000 4.203883 -1.555678 -0.676876
1630000 4.071164 -1.707853 -0.715103
1640000 3.508448 -1.787781 -0.826615
1650000 3.378888 -1.809712 -0.711989
1660000 2.647989 -1.738247 -0.670667
1670000 2.436436 -1.636011 -0.615406
1680000 2.423650 -1.816317 -0.702963
1690000 2.755968 -1.672980 -0.653053
1700000 2.640265 -1.845046 -0.730164
1710000 1.996198 -1.823546 -0.816307
1720000 1.771760 -1.651676 -0.749040
1730000 1.877663 -1.818256 -0.607968
1740000 1.826449 -1.752083 -0.591918
1750000 1.505594 -1.857963 -0.736523
1760000 1.550999 -1.685672 -0.663547
1770000 1.736128 -1.702268 -0.847571
1780000 1.465331 -1.874784 -0.706725
1790000 0.991537 -1.692155 -0.854447
1800000 0.509032 -1.886300 -0.626287
1810000 0.665901 -1.694297 -0.780792
1820000 0.631018 -1.812084 -0.603263
1830000 0.798784 -1.763628 -0.613665
1840000 0.819305 -1.866758 -0.693166
1850000 0.502859 -1.807658 -0.804963
1860000 0.504551 -1.697422 -0.791700
1870000 0.499010 -1.794538 -0.671108
1880000 0.594519 -1.862000 -0.612849
1890000 0.496413 -1.798559 -0.691009
1900000 0.845608 -1.755634 -0.709448
1910000 1.070418 -1.708452 -0.692837
1920000 1.022293 -1.781760 -0.630739
1930000 1.178667 -1.667034 -0.662489
1940000 1.116507 -1.723612 -0.750255
1950000 0.989793 -1.752024 -0.655076
1960000 1.123857 -1.743822 -0.576526
1970000 0.918902 -1.663052 -0.691948
1980000 0.741122 -1.734652 -0.754946
1990000 0.789042 -1.816880 -0.733088
2000000 0.641191 -1.784977 -0.744173
2010000 0.648616 -1.735967 -0.648634
2020000 1.111034 -1.758562 -0.641886
2030000 1.109436 -1.661951 -0.837810
2040000 1.263338 -1.721344 -0.718453
2050000 1.563293 -1.689399 -0.758950
2060000 1.174760 -1.803080 -0.595828
2070000 1.545082 -1.725981 -0.633634
2080000 2.058939 -1.676794 -0.818490
2090000 2.527979 -1.769484 -0.680721
2100000 2.953852 -1.937527 -0.696050
2110000 3.235788 -1.750045 -0.597661
2120000 3.638100 -1.792486 -0.690259
2130000 3.891920 -1.637607 -0.636966
2140000 3.224774 -1.756680 -0.569727
2150000 2.613607 -1.723894 -0.598993
2160000 2.712631 -1.703635 -0.705389
2170000 2.154818 -1.867583 -0.632763
2180000 2.284521 -1.673243 -0.673547
2190000 2.843882 -1.700392 -0.757564
2200000 3.223696 -1.664659 -0.691297
2210000 3.223019 -1.725322 -0.875067
2220000 4.209218 -1.737684 -0.638422
2230000 4.232811 -1.720244 -0.718386
2240000 4.616134 -1.612996 -0.780797
2250000 4.040356 -1.722499 -0.806207
2260000 4.265889 -1.769451 -0.784554
2270000 4.065795 -1.620028 -0.698515
2280000 4.291117 -1.852767 -0.855139
2290000 3.789083 -1.689626 -0.719915
2300000 3.486931 -1.700686 -0.618689
2310000 3.228062 -1.729991 -0.647425
2320000 4.071576 -1.833210 -0.657789
2330000 4.558652 -1.790383 -0.790126
2340000 4.864777 -1.721954 -0.709983
2350000 4.815473 -1.797259 -0.762732
2360000 4.705296 -1.711220 -0.858022
2370000 4.512286 -1.724435 -0.662223
2380000 3.692098 -1.664468 -0.585476
2390000 4.211874 -1.896405 -0.696741
2400000 3.146886 -1.669039 -0.691097
2410000 2.552946 -1.770171 -0.609024
2420000 2.893924 -1.608823 -0.593380
2430000 2.043900 -1.796322 -0.690046
2440000 1.894971 -1.697815 -0.567846
2450000 2.419751 -1.832645 -0.552439
2460000 3.084174 -1.720352 -0.549464
2470000 3.692541 -1.681395 -0.644466
2480000 2.952446 -1.741287 -0.730610
2490000 3.727900 -1.892401 -0.709198
2500000 3.174175 -1.805899 -0.665940
2510000 2.292273 -1.811339 -0.662601
2520000 2.099599 -1.675459 -0.726278
2530000 2.925358 -1.743821 -0.690214
2540000 2.312206 -1.790514 -0.733920
2550000 1.993008 -1.768116 -0.700636
2560000 2.953058 -1.771139 -0.733005
2570000 4.139215 -1.735018 -0.767058
2580000 4.593927 -1.779487 -0.725539
2590000 3.715943 -1.683285 -0.684779
2600000 2.947129 -1.864185 -0.606202
2610000 3.153192 -1.683656 -0.723673
2620000 3.276188 -1.686967 -0.666416
2630000 2.283989 -1.747712 -0.781471
2640000 1.845745 -1.954393 -0.718425
2650000 1.894025 -1.751927 -0.686688
2660000 1.600539 -1.762272 -0.835962
2670000 1.578749 -1.544343 -0.753089
2680000 1.465660 -1.736141 -0.820442
2690000 1.293614 -1.747592 -0.664819
2700000 0.948554 -1.828903 -0.815904
2710000 1.063915 -1.691554 -0.740740
2720000 1.185953 -1.787460 -0.673081
2730000 0.874909 -1.717344 -0.699492
2740000 1.027915 -1.715785 -0.730622
2750000 0.925680 -1.712563 -0.720779
2760000 1.200598 -1.555435 -0.773652
2770000 1.026897 -1.711749 -0.746816
2780000 0.641598 -1.848159 -0.514283
2790000 0.683597 -1.936386 -0.647419
2800000 1.244566 -1.737065 -0.725604
2810000 1.373233 -1.817816 -0.663717
2820000 1.434300 -1.783694 -0.759220
2830000 1.838095 -1.683964 -0.689853
2840000 2.454550 -1.730293 -0.739596
2850000 2.322535 -1.704840 -0.758246
2860000 2.109855 -1.745973 -0.703380
2870000 2.001879 -1.664929 -0.624106
2880000 1.907852 -1.651366 -0.642957
2890000 2.553973 -1.787706 -0.597772
2900000 4.247836 -1.744001 -0.722564
2910000 3.638863 -1.727147 -0.614037
2920000 4.583829 -1.684796 -0.661993
2930000 4.840522 -1.747287 -0.641168
2940000 4.835697 -1.761818 -0.721525
2950000 4.975420 -1.781838 -0.723921
2960000 4.511266 -1.815808 -0.625281
2970000 4.666535 -1.609672 -0.679311
2980000 4.348252 -1.906566 -0.672166
2990000 4.835926 -1.696087 -0.651725
3000000 4.674417 -1.607815 -0.753103
3010000 4.926939 -1.735508 -0.617300
3020000 5.003115 -1.669566 -0.679879
3030000 4.698806 -1.706776 -0.743334
3040000 4.785554 -1.764229 -0.791511
3050000 3.807161 -1.772105 -0.706295
3060000 3.275779 -1.716344 -0.755374
3070000 3.122215 -1.667201 -0.731655
3080000 3.727249 -1.731091 -0.690442
3090000 4.836984 -1.843888 -0.675818
3100000 4.854923 -1.779360 -0.613303
3110000 4.794602 -1.897283 -0.682391
3120000 4.180960 -1.819514 -0.639296
3130000 3.225956 -1.708325 -0.693587
3140000 2.882978 -1.642126 -0.724691
3150000 2.881257 -1.770894 -0.711641
3160000 3.633450 -1.685875 -0.667840
3170000 3.387986 -1.745566 -0.809738
3180000 4.954405 -1.661768 -0.718568
3190000 4.156501 -1.849506 -0.678896
3200000 4.515148 -1.773214 -0.657509
3210000 3.959061 -1.789680 -0.643020
3220000 3.654277 -1.758979 -0.673713
3230000 3.290215 -1.800446 -0.701905
3240000 2.639009 -1.674052 -0.724302
3250000 2.603401 -1.765503 -0.767805
3260000 2.201478 -1.796883 -0.798894
3270000 1.923850 -1.775896 -0.802854
3280000 1.834218 -1.771208 -0.737438
3290000 2.499307 -1.754229 -0.751598
3300000 3.236993 -1.793327 -0.626727
3310000 3.078653 -1.745390 -0.695022
3320000 2.465182 -1.871345 -0.759155
3330000 2.496112 -1.811518 -0.820264
3340000 2.290289 -1.910586 -0.741320
3350000 3.052146 -1.830802 -0.558424
3360000 4.219111 -1.768074 -0.667209
3370000 3.962833 -1.641523 -0.541533
3380000 3.881421 -1.793622 -0.748187
3390000 4.311912 -1.658714 -0.667714
3400000 4.633521 -1.864195 -0.644711
3410000 4.062995 -1.912668 -0.687952
3420000 3.550773 -1.657140 -0.797890
3430000 3.174909 -1.651911 -0.630335
3440000 2.974213 -1.761811 -0.708793
3450000 3.239518 -1.690606 -0.722161
3460000 3.516119 -1.821804 -0.688120
3470000 4.436427 -1.766435 -0.683859
3480000 4.574273 -1.671042 -0.647934
3490000 4.904435 -1.765392 -0.641680
3500000 4.450438 -1.762919 -0.781947
3510000 4.546726 -1.682028 -0.827843
3520000 5.042953 -1.795589 -0.761628
3530000 4.234228 -1.864152 -0.584024
3540000 4.041954 -1.830697 -0.705272
3550000 3.241795 -1.741644 -0.724442
3560000 4.517545 -1.854870 -0.801300
3570000 4.210547 -1.758444 -0.781052
3580000 3.925731 -1.781042 -0.800248
3590000 5.058690 -1.789665 -0.736951
3600000 4.427083 -1.639089 -0.666025
3610000 4.415875 -1.895195 -0.672514
3620000 3.947720 -1.800758 -0.704091
3630000 3.325301 -1.708441 -0.750580
3640000 3.482375 -1.641466 -0.761245
3650000 3.342990 -1.725249 -0.581246
3660000 3.639719 -1.663100 -0.737298
3670000 3.606431 -1.827573 -0.768352
3680000 4.943654 -1.650862 -0.627814
3690000 4.252336 -1.735569 -0.613903
3700000 4.415781 -1.761255 -0.664739
3710000 4.693734 -1.808449 -0.745676
3720000 5.094308 -1.638995 -0.695396
3730000 4.733649 -1.800961 -0.693109
3740000 5.082567 -1.700140 -0.691467
3750000 4.281402 -1.655690 -0.508946
3760000 4.443091 -1.705521 -0.812002
3770000 4.607826 -1.761317 -0.705151
3780000 3.505241 -1.801408 -0.641499
3790000 2.777103 -1.797727 -0.771744
3800000 2.639771 -1.481701 -0.767167
3810000 1.623761 -1.798301 -0.610833
3820000 1.852863 -1.661015 -0.697975
3830000 1.522413 -1.797562 -0.552870
3840000 1.490224 -1.723001 -0.597404
3850000 1.372842 -1.785753 -0.746564
3860000 1.432364 -1.760045 -0.632289
3870000 1.890799 -1.775683 -0.741410
3880000 1.864174 -1.734462 -0.662597
3890000 2.109242 -1.787883 -0.793819
3900000 2.547145 -1.781905 -0.751563
3910000 2.804890 -1.679523 -0.712099
3920000 2.930773 -1.737615 -0.755533
3930000 2.815603 -1.779108 -0.783208
3940000 3.294930 -1.846579 -0.786809
3950000 2.370362 -1.734810 -0.678460
3960000 2.490478 -1.850505 -0.856756
3970000 1.857142 -1.740376 -0.608833
3980000 2.057659 -1.695025 -0.684480
3990000 2.336531 -1.815462 -0.665409
4000000 2.735611 -1.694231 -0.714781
