100000 3.886810 -1.692141 -1.010449
110000 5.024068 -1.741109 -0.806273
120000 3.317692 -1.714215 -0.809504
130000 2.208913 -1.855899 -0.826558
140000 1.896192 -1.800606 -0.690310
150000 3.358983 -1.848503 -0.813223
160000 3.568614 -1.721923 -0.811374
170000 4.132922 -1.925965 -0.820698
180000 2.676518 -1.814664 -0.872399
190000 3.082307 -1.788773 -0.848660
200000 4.846694 -1.946065 -0.750187
210000 4.075917 -1.810622 -0.751097
220000 4.796815 -1.774426 -0.909175
230000 3.374260 -1.798486 -0.860680
240000 2.630234 -1.681404 -0.925164
250000 2.556151 -1.800159 -0.860384
260000 1.555667 -1.762638 -0.928360
270000 1.969610 -1.624938 -0.897341
280000 2.393351 -1.697190 -0.845602
290000 3.197172 -1.727997 -0.795686
300000 3.125533 -1.763853 -0.750441
310000 4.131526 -1.706504 -0.852483
320000 4.447803 -1.758466 -0.857121
330000 4.074522 -1.760769 -0.952718
340000 3.246207 -1.727173 -0.727708
350000 4.831383 -1.688394 -0.778932
360000 4.587337 -1.716144 -0.841380
370000 5.010964 -1.792983 -0.904937
380000 4.476918 -1.732980 -0.814242
390000 3.743659 -1.644752 -0.959735
400000 3.189345 -1.710989 -0.878293
410000 2.515880 -1.674907 -0.864712
420000 1.653731 -1.706294 -0.925701
430000 1.669467 -1.719526 -1.008304
440000 1.528361 -1.910979 -0.903294
450000 2.407141 -1.745006 -0.871003
460000 3.514450 -1.732187 -0.913252
470000 3.149328 -1.741825 -0.922860
480000 2.755067 -1.636862 -0.901747
490000 3.870865 -1.841847 -0.809249
500000 4.819172 -1.862759 -0.775531
510000 4.704559 -1.846613 -0.901468
520000 3.621625 -1.739218 -0.852315
530000 4.406980 -1.708887 -0.760220
540000 4.012273 -1.760877 -0.882603
550000 3.781636 -1.767580 -0.770262
560000 2.488861 -1.870876 -0.827461
570000 1.777304 -1.735444 -0.784829
580000 1.902225 -1.804536 -0.826895
590000 1.441505 -1.760367 -0.719764
600000 1.481638 -1.672026 -0.918990
610000 1.424358 -1.734632 -0.807645
620000 0.620707 -1.752308 -0.796742
630000 0.846175 -1.730638 -0.949666
640000 0.699324 -1.652040 -0.964244
650000 0.682057 -1.797540 -0.923972
660000 1.025313 -1.742885 -0.899961
670000 0.695851 -1.790934 -0.707703
680000 1.074624 -1.629917 -0.897473
690000 1.470190 -1.701265 -0.920648
700000 2.132952 -1.692195 -0.906832
710000 2.821459 -1.704152 -0.939721
720000 2.367411 -1.695066 -0.850050
730000 2.940235 -1.586555 -0.825599
740000 3.093030 -1.782001 -0.920144
750000 2.799823 -1.683853 -0.929797
760000 4.326782 -1.658649 -0.921942
770000 4.291093 -1.756530 -0.745853
780000 3.792801 -1.808552 -0.722666
790000 4.278496 -1.684600 -0.923255
800000 4.500272 -1.814875 -0.956443
810000 4.889251 -1.797503 -0.893590
820000 3.388534 -1.640312 -0.946265
830000 2.784418 -1.826736 -0.826233
840000 1.931801 -1.746072 -0.953970
850000 1.744277 -1.780035 -0.989959
860000 1.962668 -1.748956 -0.902709
870000 2.335580 -1.643051 -0.888323
880000 3.555603 -1.789657 -0.665641
890000 4.316636 -1.781315 -0.969628
900000 3.401431 -1.656860 -0.932410
910000 4.051063 -1.726363 -0.881039
920000 3.858967 -1.884224 -0.882083
930000 4.163291 -1.721150 -0.934202
940000 3.933974 -1.776599 -0.839133
950000 4.863946 -1.729186 -0.815277
960000 4.742760 -1.805503 -0.845073
970000 3.168805 -1.777103 -0.865727
980000 3.030528 -1.794482 -0.857091
990000 2.322733 -1.745374 -0.880474
1000000 1.780570 -1.854832 -0.896655
1010000 1.463352 -1.792088 -0.872779
1020000 1.569317 -1.665666 -0.858181
1030000 1.585023 -1.741347 -0.733515
1040000 0.922664 -1.785994 -0.899332
1050000 0.993259 -1.702893 -1.012416
1060000 1.092671 -1.781406 -0.835272
1070000 0.976823 -1.715951 -0.786207
1080000 1.203472 -1.709613 -0.865756
1090000 1.427919 -1.736624 -0.901214
1100000 0.992242 -1.876777 -0.995929
1110000 1.608975 -1.718657 -0.935935
1120000 2.250036 -1.728385 -0.736012
1130000 2.678662 -1.786922 -0.921530
1140000 2.694416 -1.830848 -0.800382
1150000 3.947672 -1.765941 -0.860148
1160000 3.302174 -1.752764 -0.846609
1170000 4.386924 -1.674121 -0.880948
1180000 3.118521 -1.664068 -0.877359
1190000 2.458671 -1.698368 -0.892759
1200000 2.332898 -1.684501 -0.792648
1210000 2.107517 -1.835341 -0.819945
1220000 1.912011 -1.594135 -0.945348
1230000 2.563388 -1.786637 -0.912607
1240000 3.824640 -1.743800 -0.729128
1250000 4.513421 -1.723440 -0.936151
1260000 3.465135 -1.709159 -0.893915
1270000 3.676982 -1.751987 -0.769304
1280000 3.552408 -1.695464 -0.768646
1290000 3.232418 -1.756813 -0.754533
1300000 2.567988 -1.852075 -0.746366
1310000 2.656057 -1.850104 -0.845569
1320000 3.546642 -1.681375 -0.919618
1330000 4.718054 -1.687036 -0.927792
1340000 4.330475 -1.648867 -0.889713
1350000 4.765443 -1.690498 -0.872644
1360000 5.113761 -1.766362 -0.884087
1370000 4.908221 -1.780623 -0.886136
1380000 4.949902 -1.802194 -0.910496
1390000 4.609819 -1.709173 -0.897800
1400000 4.288967 -1.658660 -0.785933
1410000 4.477989 -1.798104 -0.983276
1420000 3.612038 -1.728806 -0.821306
1430000 3.740581 -1.820515 -0.941689
1440000 3.447423 -1.779086 -0.719258
1450000 2.911597 -1.720458 -0.936430
1460000 3.429459 -1.820297 -0.900972
1470000 4.206056 -1.761447 -0.797421
1480000 2.722538 -1.669952 -0.846553
1490000 2.498964 -1.654995 -0.847292
1500000 2.448918 -1.764964 -0.889134
1510000 2.011014 -1.735147 -0.745590
1520000 1.774283 -1.710592 -0.865671
1530000 1.466855 -1.756357 -0.852130
1540000 1.828858 -1.735924 -0.910226
1550000 1.864652 -1.763517 -0.858036
1560000 1.506427 -1.764362 -0.878325
1570000 1.777081 -1.670412 -1.015236
1580000 1.268082 -1.742149 -0.964339
1590000 1.098822 -1.723187 -0.823764
1600000 1.301138 -1.750382 -0.752922
1610000 1.020953 -1.850622 -0.854427
1620000 1.399070 -1.718863 -0.811659
1630000 1.413180 -1.878644 -1.001229
1640000 0.672628 -1.729150 -0.904035
1650000 0.916014 -1.617598 -0.848571
1660000 0.839746 -1.898181 -0.837144
1670000 0.582406 -1.883652 -0.817805
1680000 0.631376 -1.815926 -0.729126
1690000 0.795867 -1.650743 -0.896775
1700000 1.052274 -1.745993 -0.892550
1710000 1.052066 -1.717901 -0.919688
1720000 0.885467 -1.755856 -0.819076
1730000 1.286842 -1.680168 -0.812616
1740000 1.002218 -1.798065 -0.819148
1750000 0.809125 -1.812923 -0.762928
1760000 0.713195 -1.823336 -0.910235
1770000 1.380378 -1.655849 -0.939204
1780000 1.753369 -1.741111 -1.007008
1790000 1.971974 -1.700095 -0.795673
1800000 2.962614 -1.762025 -0.996455
1810000 2.810208 -1.787529 -0.915174
1820000 3.322195 -1.793027 -0.909518
1830000 3.934299 -1.785756 -0.863361
1840000 2.948279 -1.807833 -0.792923
1850000 2.936751 -1.678555 -0.990365
1860000 3.696501 -1.754818 -0.801289
1870000 3.814415 -1.684618 -0.902978
1880000 4.298703 -1.872830 -0.891766
1890000 4.119840 -1.682697 -0.868083
1900000 5.017911 -1.797096 -0.858860
1910000 4.308916 -1.699183 -0.792837
1920000 4.046540 -1.754742 -0.927806
1930000 4.342828 -1.741478 -0.972459
1940000 4.516141 -1.862012 -0.894016
1950000 3.763195 -1.636780 -0.948430
1960000 2.969338 -1.770420 -0.962640
1970000 2.963884 -1.691913 -0.912903
1980000 2.147904 -1.857424 -0.879578
1990000 2.080828 -1.747995 -0.724233
2000000 2.063275 -1.919196 -0.986238
2010000 2.528780 -1.619703 -0.962780
2020000 3.635641 -1.682248 -0.889271
2030000 3.756403 -1.761176 -1.103424
2040000 4.163065 -1.747763 -0.916083
2050000 3.831493 -1.621493 -0.996644
2060000 4.422565 -1.720482 -0.996856
2070000 3.303957 -1.683945 -0.902937
2080000 2.828415 -1.736552 -0.922629
2090000 2.457452 -1.808041 -0.902910
2100000 2.426281 -1.753223 -0.765197
2110000 2.978344 -1.764129 -0.728660
2120000 2.946961 -1.831795 -0.832684
2130000 2.883750 -1.680838 -0.783207
2140000 1.764718 -1.697716 -0.862617
2150000 1.679137 -1.697817 -0.785600
2160000 1.808835 -1.698363 -0.923852
2170000 1.650062 -1.747076 -0.903298
2180000 1.393925 -1.706797 -0.921579
2190000 1.626647 -1.672743 -0.833452
2200000 1.960193 -1.781688 -0.824524
2210000 1.868623 -1.767845 -1.024924
2220000 2.521977 -1.679022 -0.839502
2230000 2.126861 -1.793508 -0.931618
2240000 2.233266 -1.768064 -0.897256
2250000 3.103861 -1.708875 -0.837274
2260000 3.329810 -1.751002 -0.783825
2270000 4.046678 -1.815018 -0.912499
2280000 4.463697 -1.670895 -0.991556
2290000 4.783919 -1.757323 -0.764028
2300000 3.444588 -1.651720 -0.918862
2310000 2.885148 -1.755031 -0.885034
2320000 3.440388 -1.755089 -0.804768
2330000 3.883595 -1.676846 -0.847209
2340000 2.864720 -1.807728 -0.921028
2350000 2.679921 -1.693538 -0.814825
2360000 3.522189 -1.665890 -0.808801
2370000 4.218871 -1.661586 -1.019936
2380000 4.632578 -1.690538 -0.831350
2390000 3.983237 -1.785577 -0.768749
2400000 4.270832 -1.785602 -0.830258
2410000 3.446439 -1.726160 -0.805571
2420000 3.299181 -1.883531 -0.729693
2430000 3.340871 -1.748909 -0.801728
2440000 3.702162 -1.699038 -0.854820
2450000 3.572904 -1.772846 -0.800469
2460000 4.532560 -1.644775 -0.748079
2470000 4.540868 -1.757252 -0.802014
2480000 4.395512 -1.824563 -0.924769
2490000 3.182190 -1.762225 -1.003712
2500000 3.814746 -1.784810 -0.834291
2510000 4.741266 -1.802597 -0.979486
2520000 3.954819 -1.760638 -0.941727
2530000 3.296363 -1.706250 -0.816198
2540000 2.648644 -1.726141 -0.943605
2550000 2.418265 -1.701145 -0.998517
2560000 1.850351 -1.783320 -0.792984
2570000 1.923943 -1.771122 -0.898528
2580000 2.209409 -1.778574 -0.831350
2590000 2.438462 -1.803223 -0.853711
2600000 2.628870 -1.865361 -0.858462
2610000 3.003257 -1.894310 -0.811355
2620000 3.781475 -1.717921 -0.849494
2630000 4.272482 -1.746890 -0.771143
2640000 4.095082 -1.753600 -1.021303
2650000 4.439662 -1.835398 -0.806813
2660000 3.060064 -1.688258 -0.772549
2670000 2.530298 -1.809731 -0.800062
2680000 3.555716 -1.643346 -0.878113
2690000 1.252683 -1.683120 -0.904651
2700000 1.463383 -1.775500 -0.840097
2710000 1.368902 -1.722536 -0.830284
2720000 1.245308 -1.781751 -0.895567
2730000 1.056742 -1.730045 -0.829024
2740000 1.012907 -1.828079 -0.873777
2750000 0.862149 -1.841905 -0.850399
2760000 0.844886 -1.820601 -0.846561
2770000 1.260241 -1.755000 -0.798019
2780000 1.205929 -1.586525 -0.917329
2790000 1.500903 -1.831282 -0.838887
2800000 1.460228 -1.728511 -0.909731
2810000 1.675508 -1.733974 -0.777956
2820000 1.834012 -1.820906 -0.745070
2830000 1.912988 -1.749984 -0.904540
2840000 2.204014 -1.601485 -0.951419
2850000 2.524867 -1.686883 -0.970137
2860000 1.899439 -1.816376 -0.891181
2870000 1.676295 -1.658472 -0.783674
2880000 1.596508 -1.610076 -0.815735
2890000 2.244360 -1.709822 -0.870024
2900000 2.745678 -1.681399 -0.895157
2910000 2.840228 -1.667888 -0.929749
2920000 3.019818 -1.748312 -0.859412
2930000 3.609923 -1.651166 -0.866184
2940000 3.493557 -1.820464 -0.831065
2950000 2.651216 -1.791820 -1.012319
2960000 3.250434 -1.772469 -0.878713
2970000 4.460959 -1.715300 -0.808370
2980000 3.884638 -1.794816 -0.900956
2990000 3.743227 -1.778075 -0.878945
3000000 3.301566 -1.787656 -0.770014
3010000 3.837051 -1.803529 -0.932529
3020000 2.930064 -1.747063 -0.769633
3030000 2.212063 -1.806449 -0.835220
3040000 2.212253 -1.867711 -0.810662
3050000 2.892063 -1.752391 -1.006406
3060000 3.930132 -1.723654 -0.853944
3070000 3.948026 -1.815825 -0.799123
3080000 3.166821 -1.660659 -0.886236
3090000 2.813628 -1.650856 -0.795187
3100000 3.610433 -1.827721 -0.864353
3110000 3.346532 -1.843679 -0.873867
3120000 4.507534 -1.923412 -0.968405
3130000 4.412901 -1.691071 -0.877920
3140000 4.756074 -1.698964 -0.823752
3150000 4.255232 -1.752505 -0.769185
3160000 4.103396 -1.722655 -0.840291
3170000 4.040289 -1.838239 -0.896471
3180000 4.498756 -1.664857 -0.901641
3190000 4.823129 -1.708778 -0.754934
3200000 3.715401 -1.762583 -0.904938
3210000 3.604971 -1.731954 -0.894994
3220000 3.156893 -1.792959 -0.961290
3230000 4.002778 -1.880094 -0.933953
3240000 3.015886 -1.580245 -1.005668
3250000 3.647413 -1.689893 -0.828224
3260000 4.315305 -1.613863 -0.842325
3270000 3.677316 -1.706704 -0.850325
3280000 4.830852 -1.805536 -0.851849
3290000 4.849710 -1.801604 -0.850862
3300000 4.763017 -1.787599 -0.904405
3310000 4.638344 -1.726194 -0.885935
3320000 4.071420 -1.804830 -0.786317
3330000 2.801996 -1.675949 -0.870002
3340000 2.011282 -1.808342 -0.908922
3350000 1.949438 -1.726893 -0.943000
3360000 1.564719 -1.632877 -0.931413
3370000 1.445171 -1.756210 -0.869748
3380000 1.338305 -1.638555 -0.964275
3390000 1.291922 -1.749445 -0.895016
3400000 1.250188 -1.828155 -0.768326
3410000 1.586473 -1.848011 -0.950914
3420000 1.438079 -1.758959 -0.904513
3430000 0.502567 -1.866436 -0.791072
3440000 0.743956 -1.766632 -0.947182
3450000 0.736780 -1.661768 -0.832451
3460000 0.799067 -1.680018 -0.829122
3470000 0.768547 -1.720323 -1.002125
3480000 0.777425 -1.751615 -0.888728
3490000 0.830537 -1.767238 -0.996284
3500000 0.499004 -1.867059 -0.921276
3510000 0.501880 -1.811454 -0.994832
3520000 0.621366 -1.790186 -0.830749
3530000 0.659019 -1.770883 -0.923957
3540000 1.002400 -1.707128 -0.860705
3550000 0.988935 -1.787475 -0.803825
3560000 1.290084 -1.741248 -0.886165
3570000 1.161083 -1.746507 -0.925349
3580000 0.851289 -1.858551 -0.878736
3590000 0.867401 -1.788948 -0.893599
3600000 1.039525 -1.955758 -0.864585
3610000 0.816578 -1.642509 -0.907571
3620000 1.410545 -1.796487 -0.797419
3630000 1.715242 -1.841430 -0.903546
3640000 1.961524 -1.748372 -0.821116
3650000 2.311422 -1.717272 -0.800369
3660000 2.008645 -1.825226 -0.815269
3670000 1.819689 -1.567259 -0.936660
3680000 2.573768 -1.661256 -0.839468
3690000 2.325077 -1.715978 -0.857158
3700000 2.905938 -1.788243 -0.891920
3710000 2.544313 -1.647354 -0.783416
3720000 2.184832 -1.615111 -0.881344
3730000 2.232936 -1.854555 -0.808401
3740000 1.649191 -1.876106 -0.956421
3750000 1.769870 -1.774323 -0.769657
3760000 2.619000 -1.660237 -0.710170
3770000 2.148441 -1.726827 -0.868772
3780000 2.084748 -1.754060 -0.930029
3790000 2.186804 -1.690020 -0.871809
3800000 1.961713 -1.826351 -0.793559
3810000 2.801587 -1.727744 -0.971782
3820000 3.847809 -1.757520 -0.865066
3830000 4.521083 -1.722000 -0.889648
3840000 4.647690 -1.823796 -0.942221
3850000 4.767185 -1.713492 -1.017433
3860000 4.945274 -1.815641 -0.902887
3870000 3.602136 -1.727340 -0.843777
3880000 3.536401 -1.665558 -0.778390
3890000 3.255799 -1.804477 -0.902000
3900000 3.902517 -1.708617 -0.838570
3910000 3.728544 -1.631270 -0.825987
3920000 4.891269 -1.559922 -0.920973
3930000 3.520813 -1.771611 -0.806756
3940000 3.408738 -1.769860 -0.953380
3950000 2.948431 -1.775720 -0.934007
3960000 3.120655 -1.674262 -0.851765
3970000 3.839225 -1.680368 -0.823845
3980000 2.480263 -1.691892 -1.076956
3990000 3.109652 -1.693710 -0.919552
4000000 2.781065 -1.584554 -0.810433
