100000 3.884173 2.887054 -2.460653
110000 4.393983 2.831019 -2.441745
120000 3.711511 2.766041 -2.426502
130000 3.241819 2.745378 -2.390339
140000 2.474892 2.855103 -2.400855
150000 1.985318 2.779294 -2.499979
160000 1.843320 2.841604 -2.427552
170000 2.827928 2.865043 -2.362276
180000 4.006554 2.740662 -2.437595
190000 5.041131 2.792921 -2.316597
200000 3.876576 2.842338 -2.513412
210000 4.990162 2.701402 -2.377476
220000 5.028399 2.841571 -2.462012
230000 4.274561 2.643663 -2.565756
240000 3.603367 2.777149 -2.204797
250000 3.368061 2.802412 -2.422279
260000 3.203457 2.824941 -2.533777
270000 2.901743 2.812676 -2.551534
280000 2.206979 2.842678 -2.624923
290000 1.419927 2.874318 -2.503417
300000 0.884920 2.912392 -2.552833
310000 1.312301 2.866906 -2.509996
320000 1.398711 2.695521 -2.470882
330000 2.485537 2.780496 -2.538932
340000 2.712900 2.748804 -2.398734
350000 4.088893 2.704792 -2.366958
360000 3.573293 2.758683 -2.452073
370000 2.681988 2.875584 -2.448520
380000 2.542259 2.699209 -2.578914
390000 2.127477 2.744360 -2.539545
400000 1.868748 2.806011 -2.652332
410000 2.096945 2.728325 -2.409570
420000 1.322728 2.769816 -2.440859
430000 1.193898 2.786641 -2.472706
440000 1.497347 2.640960 -2.498875
450000 1.841158 2.722828 -2.461895
460000 2.135174 2.805333 -2.455424
470000 2.775130 2.736307 -2.552482
480000 3.871211 2.783405 -2.538022
490000 4.326107 2.731167 -2.426389
500000 4.361901 2.999297 -2.452829
510000 4.311261 2.837018 -2.532177
520000 4.272158 2.745390 -2.510474
530000 3.476662 2.811261 -2.390268
540000 3.154639 2.804255 -2.378045
550000 3.593631 2.813169 -2.459023
560000 2.601499 2.784948 -2.568926
570000 2.399751 2.778319 -2.406150
580000 4.477192 2.871852 -2.434329
590000 4.060530 2.775572 -2.368844
600000 4.894810 2.853213 -2.504545
610000 4.542417 2.736293 -2.420696
620000 4.201110 2.846705 -2.456046
630000 4.925663 2.832356 -2.451699
640000 4.032380 2.767456 -2.372563
650000 3.338323 2.876523 -2.387370
660000 3.115381 2.680617 -2.515105
670000 3.767586 2.725354 -2.353716
680000 3.824607 2.776593 -2.368162
690000 3.427399 2.879669 -2.432890
700000 2.099097 2.745568 -2.395199
710000 2.765715 2.775060 -2.348061
720000 1.867599 2.727013 -2.475906
730000 2.150627 2.874441 -2.311789
740000 1.345640 2.883895 -2.493789
750000 0.668999 2.740773 -2.570503
760000 1.005459 2.741904 -2.504697
770000 0.832742 2.813822 -2.434281
780000 0.781007 2.715047 -2.491074
790000 0.507696 2.828478 -2.396438
800000 0.748820 2.750959 -2.540111
810000 0.734251 2.932878 -2.417225
820000 1.030052 2.833332 -2.428941
830000 0.673899 2.898512 -2.543299
840000 0.727505 2.805433 -2.504890
850000 0.887761 2.729133 -2.470748
860000 1.160239 2.738107 -2.400482
870000 2.273859 2.701634 -2.513085
880000 2.454833 2.736053 -2.520422
890000 3.019247 2.819796 -2.595259
900000 4.857884 2.857062 -2.529814
910000 4.795541 2.701639 -2.473267
920000 4.498890 2.805756 -2.415563
930000 4.853714 2.800497 -2.355344
940000 4.943767 2.749955 -2.404165
950000 4.479213 2.707875 -2.346164
960000 4.075253 2.615938 -2.348424
970000 4.327373 2.784263 -2.494604
980000 4.525261 2.873870 -2.526249
990000 3.202953 2.737562 -2.423044
1000000 3.647348 2.824927 -2.206343
1010000 2.659532 2.833791 -2.389440
1020000 2.278491 2.733239 -2.427476
1030000 1.826941 2.902719 -2.406637
1040000 1.577153 2.807726 -2.665380
1050000 1.590732 2.906820 -2.531659
1060000 1.367672 2.865206 -2.478442
1070000 1.178294 2.883533 -2.432722
1080000 1.042724 2.606656 -2.402929
1090000 1.272684 2.844029 -2.455134
1100000 1.484999 2.775965 -2.443510
1110000 1.644940 2.675198 -2.457170
1120000 0.603724 2.853960 -2.484905
1130000 0.671765 2.748051 -2.407164
1140000 0.678720 2.865217 -2.437832
1150000 1.083925 2.686710 -2.380146
1160000 1.119732 2.665842 -2.563057
1170000 1.129467 2.708426 -2.448285
1180000 1.323030 2.791919 -2.494123
1190000 1.246632 2.796358 -2.443651
1200000 1.728014 2.825480 -2.488655
1210000 1.954804 2.762682 -2.452037
1220000 1.985337 2.628945 -2.303982
1230000 2.296740 2.797338 -2.392685
1240000 2.216686 2.866550 -2.353885
1250000 2.820920 2.775357 -2.421048
1260000 3.719790 2.822216 -2.393301
1270000 5.010491 2.726950 -2.408681
1280000 4.693411 2.787926 -2.537929
1290000 3.723713 2.780703 -2.506570
1300000 3.990140 2.772436 -2.412512
1310000 4.818165 2.799168 -2.564437
1320000 3.681557 2.639596 -2.441198
1330000 3.029994 2.835621 -2.392847
1340000 2.659913 2.782461 -2.422643
1350000 3.370629 2.904557 -2.428101
1360000 2.474488 2.774175 -2.418698
1370000 2.506845 2.759026 -2.585094
1380000 2.707196 2.736460 -2.507353
1390000 2.992342 2.688154 -2.433207
1400000 3.795419 2.808499 -2.481785
1410000 4.461326 2.845705 -2.490228
1420000 5.004560 2.724194 -2.385582
1430000 4.999386 2.829945 -2.306844
1440000 4.290000 2.805809 -2.450917
1450000 3.920561 2.652698 -2.546226
1460000 4.371151 2.595733 -2.500170
1470000 4.803874 2.630108 -2.427199
1480000 4.386056 2.769123 -2.430143
1490000 4.912833 2.717455 -2.417641
1500000 4.059961 2.864798 -2.578077
1510000 3.166732 2.805262 -2.456747
1520000 3.607134 2.752041 -2.473580
1530000 3.686609 2.766166 -2.382056
1540000 3.812105 2.746116 -2.509981
1550000 3.049966 2.840678 -2.528329
1560000 2.747541 2.814292 -2.493442
1570000 2.539869 2.808882 -2.491775
1580000 2.815354 2.874266 -2.322147
1590000 2.325597 2.808608 -2.509559
1600000 2.274646 2.907513 -2.461501
1610000 1.885680 2.751032 -2.554232
1620000 2.217662 2.739291 -2.630658
1630000 2.837779 2.811721 -2.428460
1640000 2.863365 2.750279 -2.334565
1650000 2.399293 2.808371 -2.349718
1660000 2.129687 2.777684 -2.489062
1670000 2.017143 2.806758 -2.301556
1680000 2.725509 2.846841 -2.522840
1690000 2.957185 2.751542 -2.416864
1700000 4.276496 2.691651 -2.438425
1710000 4.333383 2.777869 -2.588185
1720000 3.498281 2.981144 -2.455682
1730000 3.631685 2.774526 -2.432124
1740000 3.885972 2.779381 -2.375874
1750000 4.207591 2.847685 -2.412828
1760000 4.610275 2.807319 -2.468760
1770000 4.199903 2.799682 -2.395418
1780000 3.971985 2.652057 -2.467445
1790000 2.795421 2.778389 -2.385294
1800000 3.706076 2.723262 -2.345421
1810000 4.157520 2.819511 -2.405852
1820000 3.428623 2.825543 -2.414759
1830000 3.321726 2.653282 -2.509872
1840000 2.591185 2.852244 -2.492728
1850000 2.624911 2.849843 -2.387354
1860000 2.532904 2.844076 -2.321154
1870000 2.605410 2.859214 -2.453558
1880000 2.751392 2.803751 -2.539420
1890000 3.059380 2.687345 -2.476608
1900000 2.339884 2.740957 -2.500770
1910000 1.502882 2.780528 -2.471255
1920000 1.443278 2.746131 -2.311395
1930000 1.378586 2.794724 -2.416262
1940000 1.350643 2.672764 -2.402310
1950000 1.526362 2.865667 -2.600793
1960000 1.844963 2.808966 -2.511605
1970000 1.881506 2.759798 -2.346602
1980000 1.396687 2.913759 -2.532329
1990000 1.739727 2.822658 -2.354582
2000000 2.233063 2.722221 -2.437588
2010000 2.391796 2.946692 -2.442466
2020000 2.948742 2.792635 -2.497470
2030000 4.249598 2.759703 -2.508600
2040000 4.765397 2.880823 -2.376236
2050000 3.621243 2.865012 -2.421807
2060000 4.486587 2.742270 -2.381951
2070000 4.100544 2.869726 -2.437960
2080000 3.759427 2.787397 -2.514035
2090000 3.924819 2.735318 -2.443207
2100000 2.579762 2.944261 -2.377381
2110000 2.657523 2.724903 -2.500187
2120000 2.144165 2.835596 -2.390087
2130000 2.004661 2.796671 -2.393578
2140000 1.702862 2.715609 -2.444600
2150000 1.658016 2.831149 -2.488694
2160000 1.332493 2.813617 -2.451572
2170000 0.819729 2.755675 -2.562315
2180000 0.814216 2.755295 -2.453762
2190000 0.954245 2.668148 -2.329876
2200000 0.746070 2.807573 -2.565371
2210000 0.935331 2.910057 -2.300519
2220000 0.965765 2.754710 -2.417230
2230000 0.880996 2.842780 -2.463464
2240000 0.815044 2.688946 -2.443008
2250000 0.941575 2.789058 -2.470547
2260000 0.672077 2.653267 -2.556415
2270000 0.854585 2.685872 -2.579156
2280000 0.499524 2.719005 -2.509802
2290000 1.612463 2.820187 -2.338939
2300000 1.216781 2.751199 -2.422772
2310000 1.226245 2.726320 -2.396245
2320000 1.282972 2.743342 -2.332574
2330000 1.175041 2.709164 -2.340547
2340000 1.146028 2.771411 -2.440120
2350000 0.858981 2.858847 -2.380973
2360000 0.892597 2.894834 -2.325435
2370000 0.851685 2.816513 -2.455275
2380000 0.914245 2.691087 -2.374080
2390000 0.777962 2.726689 -2.484509
2400000 0.701812 2.765757 -2.344954
2410000 0.716653 2.803841 -2.370361
2420000 1.014473 2.774218 -2.546436
2430000 0.914575 2.878614 -2.414120
2440000 1.077114 2.956979 -2.481834
2450000 0.964702 2.769103 -2.268503
2460000 1.232782 2.745513 -2.415224
2470000 1.459676 2.802450 -2.297256
2480000 1.698946 2.882253 -2.501741
2490000 1.684952 2.847604 -2.510995
2500000 2.078614 2.867342 -2.522887
2510000 2.647740 2.896060 -2.387733
2520000 3.236886 2.629280 -2.436452
2530000 4.032650 2.754605 -2.475168
2540000 3.896872 2.824894 -2.338319
2550000 3.286902 2.851011 -2.426746
2560000 2.550996 2.800949 -2.432100
2570000 3.150826 2.669006 -2.487726
2580000 3.415510 2.821277 -2.383941
2590000 3.742103 2.662608 -2.454880
2600000 4.369202 2.912263 -2.543827
2610000 4.583789 2.680137 -2.458049
2620000 4.576053 2.734345 -2.425607
2630000 4.878577 2.953964 -2.510376
2640000 4.903133 2.683361 -2.457377
2650000 4.633263 2.737364 -2.434437
2660000 4.723952 2.711426 -2.458932
2670000 4.911265 2.734517 -2.386084
2680000 4.924720 2.727075 -2.342343
2690000 5.054567 2.742212 -2.557842
2700000 4.453088 2.769235 -2.470418
2710000 4.192846 2.860319 -2.434379
2720000 4.585333 2.760868 -2.324735
2730000 4.096225 2.794335 -2.387779
2740000 3.097713 2.779368 -2.412080
2750000 2.627837 2.880090 -2.469049
2760000 3.588869 2.740953 -2.566832
2770000 3.067221 2.694072 -2.440293
2780000 3.377362 2.692325 -2.488833
2790000 4.364962 2.792854 -2.465900
2800000 3.572033 2.889568 -2.487136
2810000 3.830588 2.815699 -2.371912
2820000 4.565999 2.722391 -2.443722
2830000 4.496080 2.772873 -2.469952
2840000 3.041054 2.839962 -2.436154
2850000 2.952682 2.879691 -2.557966
2860000 2.794054 2.805819 -2.387996
2870000 2.086530 2.880393 -2.420337
2880000 2.023826 2.720606 -2.410125
2890000 1.545606 2.714844 -2.485355
2900000 1.476643 2.711672 -2.406900
2910000 1.697496 2.755590 -2.430020
2920000 1.283611 2.807043 -2.424158
2930000 1.317491 2.775974 -2.508192
2940000 1.797379 2.879555 -2.439518
2950000 2.129549 2.729443 -2.583544
2960000 2.164726 2.804858 -2.461558
2970000 2.286178 2.958513 -2.397864
2980000 3.254725 2.909933 -2.513889
2990000 2.753458 2.708504 -2.545233
3000000 2.257585 2.654707 -2.392348
3010000 2.737498 2.743951 -2.365647
3020000 3.405130 2.783341 -2.443955
3030000 3.781620 2.909643 -2.589420
3040000 3.401915 2.774017 -2.476801
3050000 2.258254 2.720943 -2.321508
3060000 2.438954 2.758603 -2.453193
3070000 2.125781 2.819241 -2.411055
3080000 1.947459 2.749052 -2.551203
3090000 2.211621 2.697661 -2.343761
3100000 2.744942 2.754158 -2.334250
3110000 3.274719 2.870991 -2.512853
3120000 4.001785 2.635008 -2.581001
3130000 4.890043 2.761114 -2.489164
3140000 4.961299 2.828080 -2.310015
3150000 4.922047 2.745614 -2.550311
3160000 3.935578 2.771099 -2.451450
3170000 4.291290 2.907806 -2.424393
3180000 4.193729 2.826691 -2.446178
3190000 4.690278 2.815481 -2.387789
3200000 4.461112 2.875439 -2.443210
3210000 4.978335 2.809224 -2.452317
3220000 4.688801 2.699257 -2.335781
3230000 3.544785 2.721737 -2.418133
3240000 3.912696 2.874108 -2.329201
3250000 3.657761 2.824952 -2.530237
3260000 3.676685 2.815476 -2.557976
3270000 3.298322 2.835878 -2.437236
3280000 2.821790 2.814215 -2.386856
3290000 3.566277 2.791693 -2.309457
3300000 3.555769 2.815046 -2.442153
3310000 4.381860 2.737929 -2.497046
3320000 4.897466 2.772193 -2.478732
3330000 4.014025 2.883012 -2.520220
3340000 3.377085 2.739706 -2.466295
3350000 3.093294 2.802821 -2.383388
3360000 2.293742 2.773309 -2.406999
3370000 1.798259 2.742665 -2.493584
3380000 1.628710 2.752748 -2.371517
3390000 1.463094 2.759041 -2.289470
3400000 1.725802 2.828153 -2.507302
3410000 1.263175 2.778954 -2.444005
3420000 1.161918 2.838402 -2.445263
3430000 0.503633 2.756588 -2.460396
3440000 0.504345 2.824847 -2.548123
3450000 0.500301 2.900543 -2.467218
3460000 0.705199 2.765245 -2.403019
3470000 0.814276 2.818645 -2.451941
3480000 0.765923 2.803284 -2.466853
3490000 0.676172 2.765460 -2.400114
3500000 0.879606 2.732447 -2.231810
3510000 0.794947 2.775799 -2.512688
3520000 0.971677 2.946544 -2.371894
3530000 1.141270 2.818333 -2.379850
3540000 1.169345 2.872252 -2.510342
3550000 1.146443 2.879363 -2.353667
3560000 0.870812 2.813213 -2.533821
3570000 1.111198 2.783739 -2.449854
