100000 0.697831 -1.881209 2.779374
110000 2.189673 -1.902731 3.104444
120000 2.250870 -1.873443 2.904587
130000 1.408158 -1.828385 3.078428
140000 1.654719 -1.816977 2.908831
150000 1.538560 -1.833006 2.874639
160000 2.511760 -1.851164 3.001390
170000 3.389813 -1.943182 2.891873
180000 4.538967 -1.871635 -3.138236
190000 3.662109 -1.983725 2.817690
200000 3.876923 -1.929404 3.052825
210000 2.632483 -2.020535 2.795735
220000 2.153889 -1.987997 2.868813
230000 3.068542 -1.929744 3.010573
240000 1.939468 -1.887032 3.004736
250000 2.723533 -1.758962 2.828334
260000 3.551369 -1.916045 2.998752
270000 4.581328 -1.909827 3.034368
280000 4.405426 -1.880025 2.803346
290000 3.843028 -1.933220 3.000709
300000 3.499855 -1.994757 2.990756
310000 4.104539 -1.918725 3.076379
320000 3.129058 -1.778921 2.930884
330000 2.866154 -1.941752 2.894667
340000 1.881644 -1.983118 2.948245
350000 1.102542 -1.950762 2.999511
360000 0.677900 -1.894583 2.938049
370000 1.229642 -1.973625 2.943129
380000 1.258984 -1.828720 3.008120
390000 0.839186 -1.902569 3.003794
400000 0.826235 -1.873420 2.983465
410000 1.289004 -1.849292 2.848518
420000 1.808242 -1.858349 2.854837
430000 1.903298 -1.840268 2.901351
440000 1.663272 -1.900782 3.009619
450000 3.722537 -1.958522 2.988484
460000 4.193587 -1.894313 2.879805
470000 4.501681 -1.944361 2.979459
480000 4.201413 -1.897403 2.863653
490000 3.986386 -1.929419 2.957584
500000 3.993840 -1.874146 3.074504
510000 3.389761 -1.905312 2.883860
520000 2.509210 -1.895319 2.990168
530000 2.617542 -1.935206 2.875315
540000 1.726275 -1.993450 3.030274
550000 1.456721 -1.960552 2.986854
560000 2.405593 -1.942784 2.830903
570000 3.376714 -2.043039 2.926324
580000 3.645198 -1.832135 2.882683
590000 3.242751 -1.918211 2.978381
600000 3.006970 -1.903453 2.912203
610000 2.495354 -1.977049 2.960925
620000 1.863218 -2.002696 2.928167
630000 1.467746 -1.910524 3.085981
640000 1.355126 -1.796400 3.032206
650000 0.607650 -2.025541 2.853156
660000 0.879947 -2.043787 2.971028
670000 0.743616 -1.920911 2.988242
680000 1.529364 -1.962866 2.974324
690000 2.091741 -1.906667 2.979203
700000 2.669491 -1.917747 2.993589
710000 3.074822 -1.956977 3.051438
720000 4.157493 -1.876320 2.941585
730000 4.141251 -2.011245 3.030217
740000 4.733954 -1.963616 2.966442
750000 5.051687 -2.045781 2.869601
760000 4.930021 -1.844673 2.887436
770000 3.891862 -1.927045 2.938285
780000 3.433052 -1.930551 2.991937
790000 4.438965 -1.867277 2.928533
800000 3.824521 -1.909939 3.001171
810000 3.707671 -1.928715 3.078861
820000 3.850039 -1.997783 2.942977
830000 3.688592 -1.858392 3.120209
840000 2.703657 -1.924225 2.932331
850000 3.613390 -1.938586 3.011296
860000 2.595757 -1.963519 2.955466
870000 2.004710 -2.001262 3.012953
880000 1.969604 -2.029040 2.995701
890000 1.387082 -2.028070 3.001073
900000 1.779612 -1.778609 3.055565
910000 1.115021 -2.007846 2.873337
920000 0.847348 -1.952994 3.041353
930000 1.258127 -1.952194 2.882759
940000 1.215392 -1.804151 2.886253
950000 0.659453 -1.927725 3.002647
960000 0.873355 -1.952524 2.951329
970000 0.587893 -1.965983 2.913673
980000 1.097384 -1.881317 3.043242
990000 1.902383 -1.859646 3.069623
1000000 2.569015 -1.985906 2.901406
1010000 2.806919 -1.884963 3.043682
1020000 4.459083 -1.929166 3.050143
1030000 4.862306 -2.087004 3.012181
1040000 4.888633 -1.829790 3.012728
1050000 4.357436 -2.093242 3.041045
1060000 4.975467 -1.871521 2.903726
1070000 3.562814 -2.022245 2.897847
1080000 3.535328 -1.959976 2.879921
1090000 2.678255 -1.856019 2.973643
1100000 3.134656 -1.967654 2.927140
1110000 3.900195 -1.938421 3.055069
1120000 4.978183 -1.923400 2.952942
1130000 4.372365 -1.916512 3.025254
1140000 4.424791 -1.893454 2.942127
1150000 4.334517 -1.855027 2.941928
1160000 4.438871 -1.979644 2.964953
1170000 4.710554 -1.890073 2.966587
1180000 3.822514 -1.934510 2.842647
1190000 2.875933 -1.927795 2.842336
1200000 2.811488 -1.848339 2.900142
1210000 2.511430 -2.027828 3.008101
1220000 2.086112 -2.065692 2.932349
1230000 1.899804 -1.709919 2.937371
1240000 1.686691 -1.951545 2.988126
1250000 1.368218 -1.933554 2.965891
1260000 1.453458 -2.005900 2.973871
1270000 1.645762 -2.045119 3.042664
1280000 1.980985 -2.118484 2.949380
1290000 2.214917 -1.879970 2.906545
1300000 3.717251 -1.876329 2.942539
1310000 2.991787 -1.849727 2.996135
1320000 2.628736 -1.882052 2.924478
1330000 2.843162 -1.827053 3.003019
1340000 2.678328 -1.958200 2.948609
1350000 3.808619 -2.022465 2.946829
1360000 3.924066 -1.898192 3.065388
1370000 4.280760 -1.928826 2.898525
1380000 4.421613 -1.919224 2.972035
1390000 3.484687 -1.963670 3.007260
1400000 3.333405 -1.946986 3.047519
1410000 3.694079 -1.910818 2.918763
1420000 4.616755 -1.895482 3.012090
1430000 4.776085 -1.800412 2.932662
1440000 3.448985 -1.947864 -3.133258
1450000 3.072411 -1.874701 3.043110
1460000 2.878863 -2.051316 2.959394
1470000 3.725447 -1.925792 2.967041
1480000 3.435690 -1.874428 3.134676
1490000 2.167822 -1.964317 2.927597
1500000 2.006870 -1.936194 2.896170
1510000 2.319071 -1.808881 3.111849
1520000 2.231640 -1.981126 3.024604
1530000 2.364079 -1.972501 2.928790
1540000 1.980932 -1.940885 2.798970
1550000 1.679507 -1.870324 2.984753
1560000 1.494220 -2.001372 3.097749
1570000 1.292629 -1.823957 2.885564
1580000 1.553033 -1.850574 2.950160
1590000 1.100913 -1.946070 2.985029
1600000 0.924969 -1.913590 3.036331
1610000 0.749428 -1.921462 2.976899
1620000 0.995048 -1.910680 2.947994
1630000 0.556440 -1.829220 2.974271
1640000 0.607489 -2.019510 3.103492
1650000 0.531019 -1.973502 3.063352
1660000 0.799585 -1.891231 3.024817
1670000 0.899883 -1.844994 3.024023
1680000 0.494509 -1.939060 2.977769
1690000 0.614590 -1.899683 3.033521
1700000 0.493473 -1.997505 2.879654
1710000 0.709839 -1.844768 2.999521
1720000 0.731981 -1.916327 2.881889
1730000 0.933087 -1.995802 2.970300
1740000 1.203152 -1.934087 3.009432
1750000 1.262061 -2.025029 3.046852
1760000 1.281599 -1.966609 2.989992
1770000 1.727109 -1.951308 3.045722
1780000 2.035597 -1.935421 3.022035
1790000 1.810384 -1.997414 2.991094
1800000 1.562318 -2.021920 3.083650
1810000 1.960601 -1.916852 3.066153
1820000 2.667269 -2.017230 3.107625
1830000 2.780432 -1.977220 2.988812
1840000 2.954928 -1.875250 2.955446
1850000 3.301310 -1.795304 3.061343
1860000 4.036989 -1.930293 2.952352
1870000 4.720434 -1.956904 2.953876
1880000 4.720033 -1.971889 3.048414
1890000 4.738495 -1.962473 2.932064
1900000 3.772580 -1.944011 2.942906
1910000 4.070607 -1.943693 3.024913
1920000 4.649976 -1.996018 2.885567
1930000 4.163054 -1.922975 2.937491
1940000 4.010162 -1.929137 3.016926
1950000 2.876917 -2.015267 2.894736
1960000 3.523076 -1.978667 3.010974
1970000 2.774112 -1.811608 3.038130
1980000 3.830392 -1.938092 3.075487
1990000 4.347253 -1.959628 2.944294
2000000 4.594199 -1.909783 3.018237
2010000 5.006288 -1.950165 3.038957
2020000 4.986043 -1.860209 3.028280
2030000 4.603451 -2.017305 2.934527
2040000 3.660723 -1.931498 3.119759
2050000 3.222379 -1.855940 2.996602
2060000 2.753880 -1.886058 3.029005
2070000 3.032391 -1.867317 3.006378
2080000 2.949432 -1.945720 2.988680
2090000 2.279273 -1.937756 2.931539
2100000 3.501562 -1.875157 2.980988
2110000 2.233914 -2.038378 2.994020
2120000 1.967630 -2.027330 3.001937
2130000 1.908531 -2.066064 2.945616
2140000 2.905659 -1.924080 2.946321
2150000 2.609816 -2.024460 2.890942
2160000 2.151095 -1.883589 2.868845
2170000 2.643872 -1.799955 2.864452
2180000 3.057347 -1.799083 2.920691
2190000 3.762206 -1.897441 3.004433
2200000 4.552500 -1.926402 2.934939
2210000 4.417593 -1.892847 3.024736
2220000 4.981471 -1.873590 2.966677
2230000 3.797423 -1.799073 2.780097
2240000 3.965163 -1.856392 3.018310
2250000 3.602542 -1.913639 2.976056
2260000 3.809901 -1.825979 2.929394
2270000 3.194129 -1.904388 2.974124
2280000 2.903501 -1.846583 2.985674
2290000 2.604395 -1.902930 2.990028
2300000 2.423031 -1.976067 3.019592
2310000 2.717866 -1.894299 2.941436
2320000 1.852449 -1.793715 3.045713
2330000 2.009734 -1.926714 2.859606
2340000 2.155314 -1.969117 2.866201
2350000 1.497318 -1.899756 2.926982
2360000 1.372481 -1.889263 2.871581
2370000 1.380357 -1.872396 3.008869
2380000 1.650150 -1.883906 2.942839
2390000 1.992914 -1.891658 2.912207
2400000 1.945881 -1.926059 3.018741
2410000 1.709847 -1.871952 2.946034
2420000 1.389876 -1.984072 2.879251
2430000 1.225697 -2.045620 2.961494
2440000 1.628998 -2.066255 3.071125
2450000 1.585242 -1.894388 2.909879
2460000 1.995361 -2.061102 2.897366
2470000 2.202616 -2.038982 2.986905
2480000 2.354066 -1.893945 2.968556
2490000 3.098467 -1.798752 3.014600
2500000 2.275607 -1.788095 2.987042
2510000 2.616406 -1.971665 2.980015
2520000 4.001840 -1.869456 3.046860
2530000 4.044333 -1.934570 2.871163
2540000 4.566003 -1.968747 3.023295
2550000 4.841796 -1.947165 2.926652
2560000 4.174065 -1.839511 2.843185
2570000 4.266453 -2.032887 2.905922
2580000 3.803376 -1.975473 2.959467
2590000 3.286303 -1.932288 2.865259
2600000 3.476876 -1.900146 2.955284
2610000 3.485405 -1.899418 3.046029
2620000 4.315185 -1.727060 2.889347
2630000 4.269915 -1.992299 3.010072
2640000 3.052878 -1.914966 2.989500
2650000 3.559956 -1.946372 2.876192
2660000 2.784697 -1.940057 3.080760
2670000 3.886858 -1.837268 2.937665
2680000 4.160564 -1.866453 3.110696
2690000 4.662601 -1.891596 3.016862
2700000 4.565438 -1.899247 2.886967
2710000 4.235370 -1.881445 2.882529
2720000 3.910825 -1.989890 2.988539
2730000 4.267931 -2.032833 2.905053
2740000 4.215742 -1.904734 2.920504
2750000 4.399436 -1.950591 2.949800
2760000 3.088472 -1.958050 2.974816
2770000 3.235668 -1.914045 2.964934
2780000 2.181691 -1.977788 2.960504
2790000 2.042654 -1.857559 2.857797
2800000 1.963070 -1.917365 2.825808
2810000 1.087222 -1.969842 2.979177
2820000 1.038716 -1.934996 2.911648
2830000 1.037217 -1.804977 3.111668
2840000 1.071309 -1.918917 2.977988
2850000 1.181439 -2.080114 3.026859
2860000 1.288371 -2.011925 2.895674
2870000 0.958773 -1.884551 2.902941
2880000 0.878641 -1.850543 2.915258
2890000 1.238530 -1.802890 2.999260
2900000 1.056842 -1.890438 3.092373
2910000 1.077715 -1.873263 2.935592
2920000 1.376468 -1.809990 2.995580
2930000 1.644752 -1.965485 2.878979
2940000 1.504059 -2.008575 2.864298
2950000 2.132366 -1.791882 3.044357
2960000 2.354973 -1.981040 3.031376
2970000 1.974395 -1.870357 2.921513
2980000 2.224615 -1.945360 2.906103
2990000 2.609269 -1.902603 2.988297
3000000 2.887395 -1.891802 2.943132
3010000 2.644546 -1.997395 2.882984
3020000 2.932928 -2.047432 2.945312
3030000 3.591912 -1.950754 3.022112
3040000 3.305133 -1.897837 2.965705
3050000 3.413146 -1.846802 3.028280
3060000 3.021267 -1.861336 3.064428
3070000 2.938474 -1.899227 2.846806
3080000 3.054110 -1.819568 2.991265
3090000 2.501466 -1.939940 2.909509
3100000 2.434654 -1.937533 2.799688
3110000 2.456898 -2.113129 3.021401
3120000 2.999548 -2.084572 2.955621
3130000 4.247467 -1.829065 3.083021
3140000 4.380389 -1.852976 2.825819
3150000 4.786063 -1.824409 2.888722
3160000 4.172424 -1.877746 2.992122
3170000 4.964982 -2.011615 2.939402
3180000 4.898783 -1.895483 2.966744
3190000 4.664176 -1.905870 2.956196
3200000 3.988825 -1.812724 2.984113
3210000 4.073240 -1.967689 2.923630
3220000 4.259603 -1.865581 3.128075
3230000 4.957433 -1.918925 3.004237
3240000 4.021433 -2.011284 2.979170
3250000 4.425918 -1.921946 2.929124
3260000 3.974112 -1.872788 2.867690
3270000 4.496971 -1.865832 3.005790
3280000 4.456902 -1.833808 3.044762
3290000 4.719901 -1.998451 2.908786
3300000 4.688718 -1.951674 2.868809
3310000 4.490664 -1.986257 2.802442
3320000 4.986657 -1.918105 2.869515
3330000 3.676331 -2.058794 2.919085
3340000 3.447467 -1.814076 2.885327
3350000 3.726435 -1.845796 2.949174
3360000 2.285354 -1.970853 2.876215
3370000 2.442140 -1.901931 2.910086
3380000 2.490330 -1.945901 2.946415
3390000 2.336479 -1.919816 2.937512
3400000 2.502153 -1.941838 3.016869
3410000 3.107196 -1.988439 2.966005
3420000 2.868082 -1.979307 2.999063
3430000 3.640589 -1.912963 3.014825
3440000 3.563383 -1.899103 2.998472
3450000 3.312457 -1.962312 2.958605
3460000 3.279419 -2.000642 2.988299
3470000 4.754594 -1.864157 2.941579
3480000 4.872246 -1.979925 3.028812
3490000 4.939244 -1.785427 2.902571
3500000 3.955106 -1.908779 2.974610
3510000 5.055742 -1.918471 2.995810
3520000 4.601749 -2.076481 2.967682
3530000 4.426998 -1.908817 2.860060
3540000 4.624639 -1.863923 2.960112
3550000 3.802066 -1.908926 2.917007
3560000 3.422375 -1.894296 3.006371
3570000 3.526836 -1.924869 3.004089
3580000 5.099434 -2.015385 2.995029
3590000 4.699875 -2.014605 3.066062
3600000 4.043280 -1.927053 3.037012
3610000 4.871011 -2.044752 2.954020
3620000 4.572511 -1.912709 2.847530
3630000 5.057122 -2.025084 3.088853
3640000 4.871705 -1.859345 2.884289
3650000 5.031812 -1.839989 2.894796
3660000 4.265998 -1.790369 2.960955
3670000 3.766412 -1.924258 2.843050
3680000 2.811108 -1.939300 3.063469
3690000 2.599570 -1.911980 2.843224
3700000 2.102007 -1.929186 2.922681
3710000 1.609976 -1.844349 3.072072
3720000 1.590744 -1.946655 3.019471
3730000 2.121432 -1.861964 3.036277
3740000 1.918540 -1.886367 2.992130
3750000 1.485150 -1.945895 3.015915
3760000 1.117923 -1.859896 3.017391
3770000 0.699943 -1.871269 2.851430
3780000 0.875137 -1.819481 2.903034
3790000 0.701397 -1.892256 2.914153
3800000 0.949095 -1.843341 2.934647
3810000 1.035878 -1.881024 2.880610
3820000 1.100682 -1.964336 2.968088
3830000 1.222704 -1.933790 2.874381
3840000 1.258784 -1.932890 3.034693
3850000 1.344400 -1.988755 2.973978
3860000 1.068711 -1.799807 2.989744
3870000 1.062919 -1.823632 3.051341
3880000 1.333222 -1.915888 2.913061
3890000 1.051467 -1.919457 2.973339
3900000 0.787025 -1.867854 2.989603
3910000 0.868775 -1.951683 3.011770
3920000 0.605022 -1.869464 2.969666
3930000 0.688802 -1.862122 2.939576
3940000 0.655939 -1.936692 2.902056
3950000 0.785309 -1.988943 2.924841
3960000 0.679794 -1.909119 2.907309
3970000 0.493600 -1.928137 2.902270
3980000 0.475190 -1.948682 2.870921
3990000 0.797126 -1.948620 -3.140026
4000000 0.853749 -1.865852 2.921935
