100000 4.252546 -1.795271 2.304792
110000 3.210332 -1.886841 2.351670
120000 1.886682 -1.859959 2.208967
130000 3.854527 -1.988283 2.152592
140000 4.464241 -1.907014 2.221140
150000 2.888282 -1.943051 2.283416
160000 4.529133 -1.853981 2.227932
170000 2.708878 -1.941296 2.254194
180000 2.564668 -1.946329 2.247189
190000 3.056013 -1.836384 2.204046
200000 4.554835 -1.862997 2.223214
210000 4.677348 -1.929176 2.261928
220000 4.511455 -1.952250 2.262789
230000 3.029409 -1.966108 2.245508
240000 1.484363 -1.952753 2.248628
250000 1.828424 -1.836512 2.221354
260000 2.335740 -2.004937 2.241554
270000 3.286730 -1.968200 2.408056
280000 4.961767 -1.941496 2.348323
290000 5.011067 -1.904781 2.304215
300000 3.251783 -1.965632 2.339171
310000 4.703980 -1.815226 2.290147
320000 3.122690 -1.991189 2.217148
330000 2.254751 -1.966321 2.213002
340000 1.169735 -1.934331 2.380454
350000 0.769376 -1.861157 2.361305
360000 0.771022 -1.903849 2.237622
370000 0.547316 -1.847385 2.218360
380000 1.135381 -1.720343 2.354716
390000 1.656183 -1.923375 2.303966
400000 1.603000 -1.912949 2.307785
410000 2.005561 -1.865849 2.291385
420000 2.877575 -1.844719 2.250432
430000 3.122833 -1.974281 2.229847
440000 4.377358 -2.082486 2.325211
450000 3.612820 -2.064953 2.334519
460000 4.637430 -1.859095 2.226715
470000 3.773581 -2.049954 2.164539
480000 3.543696 -1.878488 2.375367
490000 2.375204 -1.773125 2.381709
500000 2.405543 -1.902100 2.357984
510000 2.788380 -1.924248 2.408583
520000 2.989554 -1.961766 2.333740
530000 4.948258 -1.823725 2.249606
540000 4.682440 -1.849990 2.135553
550000 4.049621 -1.874825 2.343768
560000 3.649845 -1.941247 2.351641
570000 3.851901 -1.979431 2.161284
580000 4.397111 -1.889234 2.393682
590000 4.832729 -1.756542 2.180290
600000 4.717998 -1.931231 2.245285
610000 4.809294 -1.857242 2.186109
620000 3.326450 -1.973824 2.228906
630000 2.932680 -1.809263 2.212774
640000 2.143915 -2.018384 2.077805
650000 0.915945 -1.969332 2.389594
660000 0.646698 -1.949848 2.225960
670000 1.051451 -1.809204 2.384881
680000 1.344595 -1.767019 2.382498
690000 1.819278 -1.845076 2.174745
700000 2.101180 -1.949644 2.281011
710000 1.375933 -1.933895 2.342842
720000 1.728486 -1.836058 2.131297
730000 1.098889 -1.926835 2.230707
740000 1.041382 -1.973611 2.203620
750000 0.666173 -1.994488 2.312403
760000 0.743373 -1.834031 2.283526
770000 0.676971 -1.838885 2.417797
780000 1.329310 -2.067995 2.234995
790000 1.156042 -1.871217 2.208709
800000 1.410902 -2.028296 2.377157
810000 1.933371 -1.854394 2.286811
820000 1.936007 -1.829906 2.267578
830000 2.488272 -2.001361 2.324821
840000 1.885115 -1.871266 2.156831
850000 2.634239 -1.941291 2.241984
860000 2.725571 -1.872487 2.243124
870000 3.730467 -1.889321 2.240507
880000 3.171814 -1.720076 2.254588
890000 4.092145 -1.763396 2.279526
900000 4.092144 -1.882699 2.284065
910000 4.289201 -1.854395 2.141258
920000 3.690331 -2.113647 2.347155
930000 3.011762 -1.903236 2.259386
940000 2.338510 -1.896766 2.311276
950000 2.553044 -1.971640 2.378575
960000 3.035983 -1.958693 2.348376
970000 3.639027 -1.911556 2.292441
980000 3.669979 -1.942805 2.174310
990000 4.704917 -2.075791 2.361327
1000000 4.550779 -1.816261 2.199438
1010000 4.194401 -1.859691 2.379136
1020000 3.539382 -1.908817 2.277354
1030000 2.226391 -1.973956 2.234231
1040000 2.006870 -1.937445 2.325304
1050000 2.193388 -1.989961 2.318383
1060000 2.593326 -1.993265 2.229578
1070000 3.042211 -1.893992 2.343215
1080000 4.077383 -1.993069 2.271373
1090000 4.516686 -1.890524 2.365301
1100000 3.050097 -1.931988 2.236343
1110000 3.495504 -1.991828 2.347245
1120000 3.032537 -1.836954 2.167659
1130000 3.298101 -1.841434 2.337046
1140000 3.872603 -1.861256 2.191686
1150000 4.808386 -1.906415 2.193132
1160000 4.663924 -1.893218 2.201513
1170000 3.092225 -1.957665 2.205715
1180000 3.653566 -2.086975 2.323910
1190000 3.279715 -1.944621 2.294779
1200000 2.419482 -1.937560 2.339934
1210000 1.748164 -1.985194 2.356317
1220000 2.285497 -1.893364 2.286589
1230000 2.484451 -1.781058 2.386924
1240000 3.048621 -2.029263 2.439768
1250000 2.147871 -1.999340 2.350918
1260000 2.498538 -1.896965 2.209414
1270000 1.484589 -2.060087 2.316716
1280000 1.310069 -2.020852 2.347793
1290000 0.792279 -1.860824 2.330867
1300000 0.828137 -1.961227 2.391949
1310000 1.263453 -1.975552 2.317156
1320000 0.716580 -1.868502 2.260838
1330000 1.198434 -1.863544 2.247678
1340000 1.416633 -1.817708 2.247313
1350000 1.297857 -1.723861 2.308654
1360000 1.452895 -1.805895 2.191615
1370000 1.288048 -1.838309 2.129658
1380000 1.142689 -1.852373 2.345181
1390000 1.107952 -1.943083 2.202105
1400000 0.630304 -1.972735 2.307983
1410000 0.707618 -2.063352 2.285288
1420000 0.770284 -1.941859 2.293448
1430000 0.927915 -1.787515 2.300912
1440000 0.754043 -1.993465 2.338166
1450000 0.500293 -1.869177 2.255568
1460000 0.599286 -2.010335 2.367882
1470000 0.994034 -1.922480 2.245543
1480000 1.076697 -2.089478 2.248461
1490000 1.331085 -1.817517 2.095552
1500000 1.663262 -1.980212 2.396869
1510000 1.949762 -1.845551 2.231314
1520000 1.648483 -1.865412 2.211018
1530000 1.476448 -1.944380 2.263725
1540000 2.035993 -1.918275 2.261834
1550000 1.954467 -2.027085 2.307881
1560000 2.601784 -2.016849 2.210844
1570000 3.120035 -1.822496 2.308881
1580000 4.329589 -1.918209 2.292579
1590000 3.933646 -1.978259 2.133838
1600000 4.418212 -1.865934 2.300731
1610000 4.187490 -1.790940 2.317028
1620000 4.133265 -1.930057 2.248383
1630000 3.407130 -1.818677 2.285845
1640000 3.142229 -1.963375 2.269306
1650000 3.352092 -2.026162 2.332289
1660000 3.809752 -1.845864 2.284624
1670000 5.043556 -1.902729 2.265290
1680000 4.875237 -1.902333 2.352503
1690000 3.962720 -1.934378 2.304201
1700000 4.814833 -1.928308 2.301614
1710000 4.811705 -1.918688 2.232630
1720000 4.174400 -1.929973 2.192733
1730000 4.280736 -1.951559 2.359686
1740000 4.046266 -1.786116 2.383839
1750000 4.025533 -1.955879 2.264912
1760000 3.050101 -2.089899 2.321285
1770000 2.920736 -1.936244 2.320235
1780000 2.153436 -1.927012 2.158195
1790000 3.382902 -1.792130 2.191987
1800000 2.263633 -1.960045 2.174411
1810000 3.168029 -1.857007 2.357200
1820000 2.570818 -1.969198 2.300974
1830000 1.898661 -1.999919 2.237014
1840000 3.134759 -2.000690 2.167458
1850000 3.357925 -1.975534 2.366137
1860000 3.953009 -1.926478 2.244245
1870000 4.626556 -1.898216 2.175394
1880000 4.664310 -2.000648 2.392478
1890000 4.944683 -1.924417 2.264461
1900000 5.035720 -1.994991 2.256484
1910000 4.568256 -1.933060 2.468139
1920000 3.833261 -1.887244 2.332067
1930000 3.109164 -1.752479 2.133973
1940000 2.859285 -1.944894 2.252230
1950000 2.750899 -1.885654 2.243576
1960000 2.241073 -1.933533 2.342569
1970000 2.250649 -1.942271 2.256838
1980000 1.843675 -1.999998 2.264024
1990000 1.705026 -1.829472 2.428036
2000000 1.448218 -1.893946 2.351319
2010000 1.706846 -1.974083 2.210485
2020000 1.941887 -1.989037 2.324297
2030000 2.372769 -1.984260 2.303284
2040000 2.261265 -1.908851 2.337891
2050000 3.068050 -1.859965 2.226260
2060000 3.579998 -1.792479 2.238347
2070000 3.700191 -1.847840 2.382259
2080000 4.604266 -1.996396 2.127678
2090000 4.158717 -1.912565 2.326027
2100000 4.064799 -1.878365 2.252125
2110000 3.480458 -1.972121 2.416275
2120000 3.557284 -1.972272 2.271940
2130000 3.139901 -1.907837 2.224615
2140000 3.054620 -1.951543 2.379482
2150000 3.441275 -1.958346 2.329002
2160000 3.318158 -1.771932 2.259498
2170000 1.949829 -1.843177 2.294292
2180000 1.447684 -2.046249 2.100445
2190000 1.151800 -1.890594 2.275608
2200000 1.097345 -1.820714 2.197542
2210000 1.210251 -1.996166 2.204316
2220000 1.305300 -2.012054 2.151690
2230000 1.142309 -1.994389 2.355111
2240000 1.514220 -1.937175 2.209522
2250000 1.553387 -1.988793 2.249363
2260000 1.693183 -1.946597 2.240128
2270000 1.391445 -1.849878 2.209191
2280000 1.545648 -1.858950 2.104102
2290000 1.782817 -1.851998 2.210582
2300000 0.929152 -1.958713 2.250866
2310000 0.924451 -1.917271 2.193088
2320000 0.924349 -1.922381 2.230228
2330000 0.862774 -1.962417 2.277313
2340000 0.503347 -1.972748 2.093294
2350000 0.659328 -1.932002 2.204075
2360000 0.698108 -2.013059 2.174306
2370000 0.739896 -1.932487 2.375252
2380000 0.981697 -2.105001 2.193530
2390000 0.998639 -1.925137 2.331623
2400000 1.041159 -1.948747 2.300471
2410000 1.225880 -1.852780 2.180472
2420000 1.402945 -1.880654 2.300992
2430000 1.623059 -1.883825 2.186455
2440000 1.911767 -1.909904 2.302829
2450000 2.183995 -1.888608 2.356109
2460000 2.507765 -2.071090 2.340866
2470000 3.318844 -1.976649 2.198379
2480000 2.645436 -1.926365 2.187709
2490000 2.202118 -1.762396 2.250904
2500000 2.687625 -1.887606 2.290138
2510000 4.531543 -1.922177 2.247863
2520000 4.407983 -1.868600 2.252578
2530000 4.384872 -1.892181 2.189270
2540000 3.939113 -2.026399 2.193057
2550000 3.779170 -1.884818 2.271477
2560000 4.140159 -1.930893 2.170793
2570000 3.078758 -2.048790 2.318900
2580000 3.364563 -1.799650 2.201884
2590000 3.518060 -1.901111 2.314581
2600000 4.893602 -1.965833 2.287754
2610000 4.305207 -1.847719 2.310044
2620000 4.004773 -2.012131 2.223221
2630000 4.144706 -1.894711 2.323078
2640000 4.596758 -1.849443 2.320163
2650000 5.022221 -1.890455 2.239546
2660000 3.423578 -1.913477 2.342655
2670000 2.749551 -1.816310 2.138696
2680000 2.828625 -1.835786 2.179240
2690000 3.006704 -1.979077 2.135260
2700000 3.855899 -1.874145 2.304664
2710000 4.669249 -1.927249 2.437245
2720000 3.846582 -1.964528 2.255074
2730000 3.590136 -1.909140 2.155876
2740000 3.981572 -1.945161 2.305796
2750000 5.056381 -1.803824 2.179274
2760000 5.045242 -1.926636 2.027775
2770000 4.428420 -1.954982 2.220161
2780000 4.382474 -1.907096 2.299366
2790000 3.625487 -1.825655 2.477511
2800000 2.445573 -1.955980 2.300904
2810000 2.962421 -1.960883 2.279329
2820000 2.144346 -2.058630 2.215859
2830000 2.326786 -1.815195 2.267305
2840000 2.031169 -1.884529 2.235510
2850000 2.026511 -1.949094 2.207505
2860000 2.008011 -1.881652 2.273963
2870000 2.316371 -2.045927 2.209647
2880000 2.299838 -1.816687 2.220320
2890000 2.757866 -1.997734 2.275459
2900000 2.626736 -1.837979 2.351598
2910000 3.191304 -1.837639 2.248161
2920000 3.286249 -1.939542 2.251724
2930000 3.734396 -1.887548 2.311579
2940000 3.299509 -1.926073 2.286594
2950000 3.058426 -1.859534 2.256151
2960000 3.572785 -1.809755 2.258326
2970000 3.838260 -1.873426 2.305383
2980000 4.351721 -1.889258 2.242429
2990000 4.155163 -2.028605 2.273254
3000000 4.603446 -1.871051 2.325863
3010000 4.776924 -1.913525 2.264278
3020000 4.303038 -1.946976 2.357067
3030000 4.242103 -1.974803 2.147038
3040000 3.628611 -1.931325 2.267973
3050000 3.834603 -1.843766 2.184798
3060000 3.403944 -1.906316 2.224405
3070000 2.422615 -1.963707 2.310497
3080000 2.423981 -1.953512 2.149390
3090000 2.811378 -1.938586 2.318299
3100000 2.726367 -2.088615 2.310626
3110000 2.218633 -1.858474 2.177667
3120000 1.721303 -1.863812 2.360770
3130000 1.608298 -2.036288 2.299968
3140000 2.060505 -1.959253 2.236712
3150000 1.659662 -1.895635 2.346368
3160000 1.487695 -1.966312 2.322433
3170000 1.435243 -1.878755 2.343706
3180000 1.216868 -1.907481 2.312079
3190000 1.021108 -1.919460 2.277034
3200000 1.438701 -1.816053 2.226050
3210000 1.036014 -1.899993 2.162766
3220000 1.476800 -1.824220 2.204048
3230000 1.476284 -1.944894 2.085471
3240000 1.881216 -1.791988 2.362152
3250000 1.853023 -1.852219 2.208032
3260000 2.746064 -1.894295 2.236707
3270000 2.840689 -1.872632 2.291084
3280000 4.025081 -1.888066 2.239082
3290000 3.362619 -1.948364 2.448079
3300000 3.469363 -1.918722 2.257458
3310000 4.025033 -1.978409 2.301853
3320000 4.576630 -1.808736 2.446393
3330000 4.718701 -1.830946 2.336381
3340000 3.349809 -1.863806 2.292294
3350000 2.200027 -1.905969 2.284407
3360000 2.436676 -2.001730 2.181491
3370000 2.017925 -1.850317 2.342232
3380000 1.914752 -1.870825 2.393575
3390000 2.013872 -1.831880 2.229843
3400000 2.249394 -2.047878 2.333688
3410000 2.782695 -1.920475 2.306850
3420000 2.494678 -1.836609 2.224374
3430000 2.890617 -2.063493 2.334955
3440000 3.447947 -1.902582 2.391886
3450000 3.502255 -1.690000 2.264619
3460000 4.500238 -1.944743 2.279117
3470000 4.285584 -1.968499 2.358050
3480000 4.666392 -1.858435 2.352648
3490000 4.795110 -1.880081 2.275561
3500000 4.183492 -1.930731 2.228500
3510000 4.449521 -1.930520 2.236739
3520000 4.059266 -1.935454 2.228391
3530000 4.617953 -2.072626 2.302475
3540000 3.895273 -1.982302 2.191394
3550000 3.704357 -1.855138 2.346556
3560000 3.401790 -1.810640 2.263319
3570000 2.583530 -1.739353 2.216186
3580000 2.944173 -1.928200 2.290171
3590000 4.147926 -1.883974 2.328429
3600000 3.798184 -2.001824 2.336623
3610000 3.226058 -2.052939 2.312673
3620000 4.135165 -1.865440 2.263905
3630000 4.863880 -2.006579 2.229513
3640000 4.036427 -2.113359 2.309059
3650000 3.649515 -1.899418 2.310046
3660000 3.313892 -2.021573 2.256566
3670000 2.638959 -1.913262 2.263484
3680000 1.886942 -1.829432 2.271084
3690000 1.859997 -1.913145 2.385236
3700000 2.225029 -1.999058 2.137916
3710000 2.853380 -1.927210 2.338222
3720000 2.795993 -2.030842 2.300274
3730000 3.240566 -1.813538 2.252095
3740000 4.370063 -1.928029 2.306063
3750000 4.443791 -1.950190 2.406414
3760000 4.911601 -1.869801 2.220443
3770000 5.014760 -2.095328 2.277046
3780000 3.708683 -1.897927 2.440839
3790000 4.798591 -1.965596 2.213077
3800000 4.422254 -1.891178 2.166314
3810000 4.884120 -1.808707 2.376995
3820000 4.878150 -1.860103 2.303001
3830000 4.260162 -2.006257 2.351694
3840000 3.148118 -1.816441 2.097875
3850000 3.542637 -1.879334 2.301280
3860000 2.831069 -1.961229 2.239978
3870000 3.541582 -2.032967 2.266517
3880000 3.727687 -1.948618 2.250595
3890000 4.358915 -1.958217 2.259242
3900000 5.099505 -1.979505 2.287028
3910000 5.069734 -1.896387 2.268448
3920000 4.895256 -1.876397 2.255247
3930000 4.548310 -1.988216 2.227958
3940000 5.004594 -1.881361 2.190899
3950000 4.666164 -1.906468 2.303322
3960000 3.388347 -1.936076 2.232594
3970000 2.797600 -1.891719 2.207506
3980000 3.154804 -1.902385 2.210484
3990000 2.938576 -1.904867 2.264585
4000000 1.849375 -1.982978 2.243659
