100000 0.948613 2.821197 -2.623176
110000 1.170754 2.741158 -2.730407
120000 0.819325 2.807675 -2.608116
130000 1.615298 2.775344 -2.534039
140000 1.262043 2.766574 -2.561184
150000 1.056299 2.747150 -2.667514
160000 0.918315 2.765455 -2.642542
170000 1.267776 2.880988 -2.588356
180000 1.896974 2.616298 -2.571645
190000 2.857557 2.822363 -2.535712
200000 3.499897 2.751171 -2.652140
210000 3.242616 2.844145 -2.673163
220000 4.279617 2.725449 -2.526589
230000 3.750640 2.849984 -2.633255
240000 4.222657 2.904815 -2.512657
250000 5.000040 2.878437 -2.542724
260000 3.194009 2.815386 -2.739334
270000 3.688408 2.943526 -2.621551
280000 3.476656 2.724533 -2.632838
290000 4.934098 2.705821 -2.594533
300000 3.236127 2.750294 -2.656277
310000 2.729258 2.760513 -2.665387
320000 2.094620 2.781899 -2.606880
330000 2.725573 2.885988 -2.560996
340000 2.648622 2.767632 -2.558381
350000 1.882189 2.723393 -2.633441
360000 3.305700 2.785064 -2.605702
370000 3.092110 2.788825 -2.625413
380000 3.954012 2.812516 -2.570439
390000 3.884688 2.743383 -2.525104
400000 4.545542 2.731589 -2.521232
410000 4.189685 2.728886 -2.605947
420000 4.916975 2.844349 -2.734343
430000 4.763047 2.803053 -2.509240
440000 4.976125 2.857653 -2.639451
450000 4.352802 2.923139 -2.671181
460000 3.404179 2.822870 -2.681096
470000 2.654513 2.968130 -2.623570
480000 1.578252 2.834941 -2.587081
490000 2.583211 2.827162 -2.487241
500000 2.833113 2.855739 -2.668430
510000 3.175859 2.739859 -2.634155
520000 3.759120 2.711704 -2.701664
530000 4.510909 2.844507 -2.617094
540000 4.198783 2.741923 -2.680025
550000 3.054188 2.755225 -2.743598
560000 3.705150 2.774263 -2.619742
570000 5.054868 2.792825 -2.652656
580000 4.727811 2.853649 -2.591581
590000 3.542609 2.800692 -2.716708
600000 4.219755 2.909694 -2.626425
610000 2.979857 2.758242 -2.573390
620000 2.447658 2.918995 -2.715650
630000 2.112497 2.939475 -2.676608
640000 1.450923 2.749523 -2.534439
650000 1.341001 2.904820 -2.566781
660000 1.414803 2.785795 -2.725943
670000 1.243920 2.802829 -2.493892
680000 0.734027 2.875526 -2.537449
690000 0.775500 2.805820 -2.614734
700000 0.752937 2.762503 -2.713772
710000 0.835023 2.787381 -2.606617
720000 0.885503 2.895863 -2.580407
730000 0.638650 2.704428 -2.616783
740000 0.952384 2.739232 -2.613928
750000 1.738766 2.654856 -2.471421
760000 2.118553 2.682300 -2.580453
770000 2.362749 2.795014 -2.631618
780000 2.795642 2.917419 -2.580481
790000 2.129448 2.795462 -2.601649
800000 1.814381 2.830335 -2.778007
810000 2.085395 2.719619 -2.691060
820000 1.549320 2.735047 -2.704098
830000 1.196984 2.673315 -2.595197
840000 1.299210 2.802490 -2.637940
850000 1.536437 2.753302 -2.534529
860000 2.680933 2.780707 -2.664615
870000 2.905975 2.748643 -2.620362
880000 3.289496 2.839157 -2.732006
890000 3.190015 2.725119 -2.706544
900000 3.550134 2.687647 -2.590945
910000 3.680507 2.812230 -2.552634
920000 3.101614 2.813986 -2.428879
930000 2.752221 2.880382 -2.606999
940000 2.745333 2.854829 -2.714537
950000 2.147563 2.726623 -2.599485
960000 2.426203 2.916181 -2.582229
970000 2.019435 2.905606 -2.627728
980000 1.676629 2.781242 -2.719643
990000 2.047196 2.774361 -2.555746
1000000 2.748330 2.785418 -2.586758
1010000 3.189814 2.697818 -2.706376
1020000 4.523785 2.841564 -2.743559
1030000 4.477352 2.757773 -2.619703
1040000 3.840393 2.818331 -2.581878
1050000 3.935667 2.719150 -2.576642
1060000 4.580147 2.821012 -2.603918
1070000 4.402594 2.759395 -2.599378
1080000 4.360014 2.884030 -2.677462
1090000 4.036109 2.764084 -2.687177
1100000 4.307528 2.730084 -2.707106
1110000 4.314252 2.871540 -2.646629
1120000 4.596412 2.753118 -2.630282
1130000 3.573555 2.735035 -2.525445
1140000 2.644741 2.760104 -2.627684
1150000 2.743842 2.813703 -2.647076
1160000 2.580106 2.763291 -2.628373
1170000 2.541384 2.797540 -2.700108
1180000 3.536141 2.696229 -2.687795
1190000 3.387263 2.796173 -2.613669
1200000 3.046194 2.749905 -2.712525
1210000 3.441785 2.676893 -2.542701
1220000 3.818523 2.830411 -2.545037
1230000 4.415545 2.895030 -2.657508
1240000 4.281145 2.681827 -2.600593
1250000 4.143015 2.722392 -2.607483
1260000 3.513551 2.659908 -2.593446
1270000 2.491902 2.752328 -2.587374
1280000 2.925245 2.832549 -2.633427
1290000 2.211734 2.880412 -2.666355
1300000 1.873564 2.755445 -2.691258
1310000 1.543181 2.869633 -2.559280
1320000 1.577051 2.873773 -2.605031
1330000 1.561323 2.953540 -2.658796
1340000 1.137936 2.837727 -2.671449
1350000 1.142200 2.819031 -2.697814
1360000 1.017655 2.754689 -2.717532
1370000 0.928212 2.753836 -2.588171
1380000 0.522888 2.843284 -2.663967
1390000 0.688792 2.804891 -2.641673
1400000 0.797317 2.930856 -2.685845
1410000 0.872163 2.798894 -2.483673
1420000 1.408580 2.786779 -2.530624
1430000 1.164093 2.889724 -2.713780
1440000 1.714607 2.873310 -2.635517
1450000 1.668480 2.658511 -2.781468
1460000 1.624240 2.692828 -2.539057
1470000 1.656325 2.688394 -2.669784
1480000 1.747891 2.821892 -2.594073
1490000 1.740769 2.799087 -2.736467
1500000 1.870182 2.750626 -2.656109
1510000 1.215671 2.748948 -2.625458
1520000 1.112291 2.808161 -2.537817
1530000 0.886808 2.706175 -2.647406
1540000 0.784248 2.785482 -2.609446
1550000 0.651305 2.840780 -2.729022
1560000 0.598664 2.812110 -2.599004
1570000 1.129541 2.938947 -2.467621
1580000 0.956291 2.743808 -2.795013
1590000 1.025993 2.889041 -2.608818
1600000 1.020400 2.780963 -2.567619
1610000 0.954737 2.829612 -2.661735
1620000 1.492571 2.834601 -2.682093
1630000 1.640055 2.893649 -2.579098
1640000 1.575785 2.775608 -2.513845
1650000 1.487871 2.752204 -2.568310
1660000 2.022837 2.773227 -2.494275
1670000 2.324116 2.858697 -2.616957
1680000 2.550122 2.644067 -2.647434
1690000 2.856304 2.724792 -2.565475
1700000 4.077373 2.846767 -2.682784
1710000 4.204023 2.851593 -2.626460
1720000 3.278604 2.717097 -2.615488
1730000 3.532205 2.746525 -2.572999
1740000 4.523762 2.819419 -2.703593
1750000 4.467956 2.723570 -2.575097
1760000 4.349251 2.845131 -2.597543
1770000 3.948123 2.767751 -2.693151
1780000 4.713749 2.868315 -2.481442
1790000 4.541956 2.679082 -2.587068
1800000 4.122899 2.830461 -2.650176
1810000 3.615745 2.727561 -2.666556
1820000 4.761399 2.942926 -2.718106
1830000 4.196540 2.716934 -2.604507
1840000 5.053231 2.718679 -2.587317
1850000 4.907706 2.647703 -2.629762
1860000 4.824765 2.847678 -2.548154
1870000 4.073799 2.833330 -2.611404
1880000 3.782722 2.760497 -2.764584
1890000 4.528207 2.850847 -2.716325
1900000 3.084555 2.804728 -2.713794
1910000 2.743491 2.766992 -2.519458
1920000 2.474707 2.897155 -2.538718
1930000 2.755331 2.801612 -2.558088
1940000 2.953425 2.838350 -2.567410
1950000 3.276368 2.810128 -2.671517
1960000 2.911501 2.816871 -2.706071
1970000 3.486728 2.848859 -2.577497
1980000 3.974083 2.898390 -2.578212
1990000 2.933097 2.828533 -2.510387
2000000 2.199176 2.826233 -2.583608
2010000 2.557439 2.970888 -2.532108
2020000 2.000530 2.743015 -2.468972
2030000 2.526694 2.861714 -2.544787
2040000 2.249331 2.761372 -2.621145
2050000 1.867727 2.770429 -2.694214
2060000 2.179496 2.948709 -2.576887
2070000 2.161334 2.902615 -2.649349
2080000 2.651187 2.713528 -2.636736
2090000 3.258688 2.677781 -2.617561
2100000 4.527175 2.851163 -2.554969
2110000 4.510235 2.908944 -2.622711
2120000 4.769328 2.684301 -2.664077
2130000 4.963348 2.725759 -2.518700
2140000 4.419494 2.713731 -2.558731
2150000 3.679570 2.547319 -2.539438
2160000 4.343721 2.808387 -2.634455
2170000 3.389306 2.740027 -2.649259
2180000 3.169934 2.749479 -2.665036
2190000 2.712128 2.794692 -2.533643
2200000 3.109984 2.777637 -2.506992
2210000 2.931537 2.718484 -2.499627
2220000 2.344687 2.784376 -2.624013
2230000 2.267488 2.773695 -2.495371
2240000 1.947394 2.765200 -2.605198
2250000 2.322839 2.739973 -2.609325
2260000 2.291919 2.808872 -2.567203
2270000 3.933310 2.788127 -2.624244
2280000 4.799936 2.796432 -2.494257
2290000 4.615916 2.683280 -2.837023
2300000 4.812089 2.764382 -2.496242
2310000 4.223814 2.756613 -2.661821
2320000 3.898759 2.742147 -2.644517
2330000 3.953951 2.807785 -2.612950
2340000 3.949352 2.883506 -2.555805
2350000 4.626194 2.637940 -2.647461
2360000 4.006459 2.759509 -2.790945
2370000 3.828642 2.698090 -2.640467
2380000 4.333600 2.760434 -2.633724
2390000 3.644922 2.769428 -2.561819
2400000 3.252708 2.767968 -2.683957
2410000 3.580849 2.704787 -2.699151
2420000 4.873793 2.875479 -2.581129
2430000 3.308371 2.787444 -2.680107
2440000 2.526851 2.743295 -2.597440
2450000 3.269866 2.846596 -2.672079
2460000 2.781338 2.787162 -2.669006
2470000 2.338363 2.769464 -2.640506
2480000 2.039989 2.889258 -2.647787
2490000 2.015498 2.715808 -2.530528
2500000 1.952931 2.826252 -2.627846
2510000 1.700690 2.795065 -2.695359
2520000 1.535493 2.713784 -2.585756
2530000 1.243208 2.786970 -2.735892
2540000 1.163699 2.854301 -2.605008
2550000 1.571788 2.809689 -2.504186
2560000 1.788064 2.806583 -2.663897
2570000 1.215446 2.829028 -2.619266
2580000 0.967792 2.769139 -2.575023
2590000 0.769838 2.747359 -2.591858
2600000 0.933371 2.809269 -2.762903
2610000 1.093839 2.869652 -2.697426
2620000 1.523164 2.711898 -2.613699
2630000 1.435285 2.740318 -2.687683
2640000 1.227994 2.765727 -2.697121
2650000 1.530506 2.690816 -2.670965
2660000 1.375145 2.703704 -2.598581
2670000 1.619491 2.793798 -2.599127
2680000 2.614872 2.732852 -2.624789
2690000 2.075777 2.763458 -2.681087
2700000 2.145219 2.787489 -2.639194
2710000 2.377578 2.902567 -2.519651
2720000 2.584983 2.853996 -2.538565
2730000 3.158436 2.862332 -2.647441
2740000 4.064505 2.843571 -2.595837
2750000 4.610894 2.835285 -2.576720
2760000 4.666162 2.816388 -2.648092
2770000 4.793545 2.783404 -2.514675
2780000 4.593863 2.747360 -2.634894
2790000 4.340855 2.767870 -2.565551
2800000 3.957602 2.741445 -2.615914
2810000 4.054109 2.693037 -2.720490
2820000 4.968486 2.647659 -2.697217
2830000 3.152813 2.756629 -2.669422
2840000 3.060598 2.825172 -2.664902
2850000 2.748164 2.759831 -2.598064
2860000 3.213021 2.762214 -2.704769
2870000 3.468347 2.711243 -2.710105
2880000 3.150565 2.755762 -2.699421
2890000 3.958663 2.821996 -2.622647
2900000 4.858433 2.832971 -2.631643
2910000 4.713422 2.845584 -2.636889
2920000 5.019764 2.819006 -2.605288
2930000 4.533738 2.661501 -2.610894
2940000 5.011830 2.788887 -2.620025
2950000 4.595983 2.770870 -2.696119
2960000 4.809941 2.639608 -2.455155
2970000 4.939433 2.852915 -2.532028
2980000 4.226192 2.786886 -2.752638
2990000 4.693260 2.858706 -2.627867
3000000 4.277145 2.866346 -2.584411
3010000 3.936307 2.839082 -2.579986
3020000 2.713892 2.836279 -2.556990
3030000 2.700666 2.785147 -2.592322
3040000 3.781662 2.846035 -2.475667
3050000 4.375296 2.819752 -2.668845
3060000 4.040595 2.855238 -2.425535
3070000 3.699285 2.804961 -2.474270
3080000 2.932092 2.801718 -2.551486
3090000 2.340148 2.818677 -2.664274
3100000 2.553682 2.723468 -2.705586
3110000 3.351787 2.811192 -2.585386
3120000 3.315034 2.894917 -2.590034
3130000 4.476780 2.685707 -2.582683
3140000 4.746916 2.650081 -2.615542
3150000 4.362383 2.778699 -2.627127
3160000 4.908655 2.659669 -2.616236
3170000 4.736672 2.816343 -2.682043
3180000 4.192961 2.877884 -2.480039
3190000 4.647747 2.638793 -2.585290
3200000 3.965059 2.766644 -2.583709
3210000 3.297545 2.834731 -2.585535
3220000 2.652013 2.776895 -2.565990
3230000 2.744840 2.749290 -2.668668
3240000 2.523784 2.639620 -2.665826
3250000 2.220353 2.687772 -2.557511
3260000 1.854224 2.770187 -2.746976
3270000 2.077379 2.873861 -2.554883
3280000 2.071194 2.705793 -2.592290
3290000 2.320265 2.699110 -2.706545
3300000 1.761602 2.838123 -2.703065
3310000 1.740532 2.744988 -2.613454
3320000 1.700581 2.709854 -2.702441
3330000 2.045566 2.738700 -2.626454
3340000 1.703629 2.747206 -2.502245
3350000 2.703484 2.767019 -2.484086
3360000 2.291768 2.747206 -2.521298
3370000 2.072500 2.852786 -2.639460
3380000 2.707202 2.830542 -2.530397
3390000 2.779894 2.784885 -2.599316
3400000 3.562388 2.719323 -2.619732
3410000 3.429071 2.764094 -2.584890
3420000 4.275415 2.712158 -2.590415
3430000 5.037756 2.802139 -2.691145
3440000 4.412416 2.665045 -2.473347
3450000 3.241266 2.842282 -2.595754
3460000 2.554578 2.845164 -2.684653
3470000 2.747897 2.868673 -2.593528
3480000 3.906588 2.762089 -2.671494
3490000 5.022075 2.873816 -2.666862
3500000 3.725829 2.872023 -2.569737
3510000 3.895176 2.928102 -2.701385
3520000 3.945409 2.861539 -2.535707
3530000 3.808795 2.882881 -2.618290
3540000 3.139996 2.812478 -2.728218
3550000 2.992518 2.893880 -2.626912
3560000 3.346749 2.731600 -2.515845
3570000 3.555456 2.834652 -2.560982
3580000 4.068422 2.801891 -2.707954
