100000 2.351711 -1.988837 1.441753
110000 3.442465 -1.959506 1.416457
120000 2.835168 -2.014867 1.481953
130000 1.998410 -2.140349 1.477842
140000 2.012042 -1.882714 1.344462
150000 0.945324 -2.106544 1.479009
160000 0.862371 -2.005806 1.466378
170000 1.526581 -1.855948 1.319662
180000 3.310875 -1.930051 1.499554
190000 4.525872 -1.821846 1.403418
200000 4.612228 -1.936833 1.414643
210000 3.967548 -1.905645 1.318319
220000 3.776700 -2.044057 1.235481
230000 2.107116 -1.917413 1.461542
240000 2.543100 -1.810203 1.327701
250000 1.538304 -2.018048 1.383621
260000 1.005472 -1.907684 1.519126
270000 0.915259 -1.973303 1.406083
280000 1.083892 -1.843096 1.467281
290000 0.831450 -1.912302 1.410697
300000 1.650889 -1.986728 1.434118
310000 1.141311 -1.921845 1.434482
320000 1.501145 -1.854981 1.397818
330000 2.076330 -2.001246 1.368617
340000 2.324435 -1.862150 1.382812
350000 3.569135 -1.878295 1.334735
360000 4.403219 -1.995611 1.378151
370000 4.170467 -1.907883 1.465785
380000 4.334000 -2.061012 1.415080
390000 3.119553 -1.964731 1.492633
400000 4.329509 -1.933235 1.406147
410000 4.178468 -1.955668 1.491012
420000 4.551401 -2.015422 1.452097
430000 5.024459 -1.842682 1.365641
440000 3.410983 -1.989570 1.468741
450000 3.116466 -1.952057 1.373618
460000 2.559208 -1.870778 1.265980
470000 3.728480 -1.874277 1.318794
480000 3.379995 -1.920353 1.324550
490000 4.419759 -1.809989 1.409044
500000 3.948675 -1.930245 1.408080
510000 4.963261 -1.932287 1.518130
520000 5.082005 -2.033090 1.443689
530000 4.983663 -1.958499 1.345528
540000 4.120739 -1.823525 1.487697
550000 2.755089 -1.899181 1.437571
560000 2.485654 -1.937111 1.421288
570000 1.664837 -1.857141 1.272710
580000 1.667391 -2.011112 1.428123
590000 1.003313 -1.880217 1.544026
600000 0.800238 -1.862379 1.517613
610000 0.656587 -1.983629 1.544799
620000 0.536436 -2.053380 1.499043
630000 0.950750 -2.047786 1.382158
640000 1.115492 -1.773120 1.456706
650000 1.334565 -2.023987 1.352556
660000 1.343900 -1.957990 1.439921
670000 1.608845 -1.831626 1.387477
680000 2.006599 -1.859643 1.482685
690000 2.690539 -1.835420 1.322198
700000 2.087915 -1.908847 1.399627
710000 1.792239 -1.978557 1.385217
720000 1.204901 -1.947922 1.351360
730000 1.312542 -1.773756 1.368805
740000 1.700111 -1.894951 1.455705
750000 2.970248 -1.846297 1.317095
760000 3.471678 -2.005928 1.433188
770000 4.683963 -1.836313 1.401591
780000 3.593100 -1.929606 1.374407
790000 3.144709 -1.939304 1.380304
800000 3.328429 -1.877344 1.297490
810000 2.449146 -1.948861 1.409498
820000 3.538087 -1.998551 1.413122
830000 4.581619 -1.905945 1.385678
840000 3.981712 -1.965233 1.409378
850000 4.050745 -2.003835 1.427197
860000 2.971736 -1.923959 1.286568
870000 3.267172 -1.930297 1.383171
880000 3.898188 -1.886916 1.458851
890000 3.615460 -1.790790 1.479975
900000 4.545310 -1.748157 1.389575
910000 4.014081 -1.968687 1.438591
920000 4.416304 -1.910593 1.407752
930000 3.054664 -1.895396 1.366050
940000 2.274526 -1.945858 1.276342
950000 2.451208 -2.048711 1.466286
960000 2.619992 -1.947743 1.393493
970000 2.980047 -1.894504 1.380919
980000 2.131898 -1.861474 1.387858
990000 1.859822 -1.940136 1.353945
1000000 3.381232 -1.813056 1.401065
1010000 3.967813 -1.917242 1.472729
1020000 4.207144 -1.974520 1.354998
1030000 4.833467 -1.888570 1.437539
1040000 3.461665 -1.935963 1.271299
1050000 4.806194 -1.883168 1.427965
1060000 4.836938 -1.728534 1.462988
1070000 4.572869 -2.073401 1.475637
1080000 3.255985 -1.890035 1.531268
1090000 2.874999 -1.885669 1.515979
1100000 2.361647 -1.844232 1.419858
1110000 3.331558 -1.932863 1.576936
1120000 2.686473 -2.057511 1.419084
1130000 1.814005 -1.876135 1.437958
1140000 2.064479 -1.969706 1.327140
1150000 2.478996 -1.673828 1.403735
1160000 2.730520 -1.856967 1.313251
1170000 3.533351 -1.985182 1.535249
1180000 3.769544 -1.983275 1.387571
1190000 3.754370 -1.782055 1.470833
1200000 4.456409 -1.887201 1.427954
1210000 4.810586 -1.959414 1.411153
1220000 4.675658 -2.059045 1.548004
1230000 4.869790 -1.876027 1.329640
1240000 4.595082 -1.956883 1.448058
1250000 4.738600 -1.867413 1.373384
1260000 4.404886 -1.923035 1.536271
1270000 3.912363 -1.994455 1.366470
1280000 3.211582 -1.843734 1.491743
1290000 3.201953 -1.836318 1.364023
1300000 3.851325 -1.947625 1.307318
1310000 4.805344 -1.939674 1.402469
1320000 4.640348 -1.918011 1.340367
1330000 4.614034 -1.938008 1.366265
1340000 4.885131 -1.836600 1.423263
1350000 4.733491 -1.834550 1.397604
1360000 3.943258 -2.010240 1.329313
1370000 4.976921 -1.924614 1.362422
1380000 3.624537 -2.005924 1.365951
1390000 3.485917 -1.970043 1.433701
1400000 2.759169 -1.945302 1.462156
1410000 2.192002 -1.896235 1.312248
1420000 2.042215 -1.931231 1.483300
1430000 1.774679 -1.891680 1.288822
1440000 1.455841 -1.909847 1.357302
1450000 1.217916 -2.056335 1.433347
1460000 0.952676 -1.972001 1.557740
1470000 1.193488 -1.937165 1.442080
1480000 1.436606 -1.982529 1.339620
1490000 1.094071 -1.961628 1.575643
1500000 0.560128 -1.859100 1.522911
1510000 0.792617 -1.923158 1.292734
1520000 0.582420 -1.843548 1.605079
1530000 0.860353 -2.066746 1.398147
1540000 1.102905 -2.043852 1.400988
1550000 0.870090 -1.973456 1.346311
1560000 0.905927 -1.894118 1.372011
1570000 0.501536 -1.966786 1.566047
1580000 1.033105 -1.956268 1.384900
1590000 0.987611 -1.948419 1.296332
1600000 1.501922 -1.945636 1.381748
1610000 1.441689 -1.969354 1.440107
1620000 1.854969 -1.727318 1.547008
1630000 1.975742 -1.889891 1.438089
1640000 1.373743 -1.876526 1.525264
1650000 1.277163 -2.038703 1.359567
1660000 1.625168 -2.000115 1.427889
1670000 2.587435 -1.916870 1.491462
1680000 2.582571 -1.878813 1.346475
1690000 2.542878 -1.927839 1.283915
1700000 2.787958 -1.931109 1.462218
1710000 3.219593 -1.874938 1.417912
1720000 3.435809 -1.887071 1.371941
1730000 3.302566 -1.985032 1.444923
1740000 2.905206 -1.891444 1.468096
1750000 3.771616 -1.948038 1.372643
1760000 4.061761 -1.903665 1.338917
1770000 4.797788 -1.891636 1.253954
1780000 4.827472 -1.962732 1.418641
1790000 4.959509 -1.861793 1.304127
1800000 4.729734 -1.921871 1.439701
1810000 4.800878 -1.833793 1.489480
1820000 3.896667 -1.840208 1.338040
1830000 3.583519 -1.951108 1.485826
1840000 4.212348 -1.861337 1.385733
1850000 4.578915 -1.958485 1.439896
1860000 3.086871 -1.902503 1.484498
1870000 3.204584 -1.895178 1.473015
1880000 4.036228 -1.933783 1.477224
1890000 4.442918 -1.844312 1.499514
1900000 4.615205 -1.986954 1.433346
1910000 3.884235 -2.001155 1.527971
1920000 3.815388 -1.863494 1.470570
1930000 3.378858 -1.896343 1.366370
1940000 2.548810 -1.974474 1.410460
1950000 2.266276 -1.974071 1.377059
1960000 2.210553 -1.848132 1.540136
1970000 1.904855 -1.895655 1.412305
1980000 1.870035 -2.010837 1.366768
1990000 1.704772 -1.979485 1.437861
2000000 1.813359 -1.932909 1.377346
2010000 2.272271 -1.944275 1.490939
2020000 2.429972 -1.758624 1.416620
2030000 2.507928 -1.879656 1.395934
2040000 1.969010 -1.875876 1.261061
2050000 1.871690 -1.824316 1.341359
2060000 1.470476 -1.970291 1.370134
2070000 1.427061 -1.978470 1.356527
2080000 1.744300 -1.858335 1.420328
2090000 2.218397 -1.917422 1.473962
2100000 2.989258 -1.964047 1.385886
2110000 3.116092 -1.961875 1.384328
2120000 2.987413 -1.951990 1.388977
2130000 3.672326 -1.973218 1.392667
2140000 3.645104 -1.912186 1.488572
2150000 3.066421 -1.925500 1.488092
2160000 2.860968 -1.880665 1.405099
2170000 3.134474 -1.802128 1.299967
2180000 2.792676 -1.840060 1.500685
2190000 4.340583 -2.062687 1.449812
2200000 4.738140 -1.928308 1.389556
2210000 4.637550 -1.879520 1.332619
2220000 4.456117 -1.977146 1.250066
2230000 4.881277 -1.970634 1.275556
2240000 4.995041 -1.927294 1.456910
2250000 4.885830 -1.910112 1.399033
2260000 3.420706 -1.871159 1.465937
2270000 2.265320 -1.832165 1.565055
2280000 2.667275 -1.854747 1.357245
2290000 2.651154 -1.893167 1.460668
2300000 3.128968 -1.857568 1.291490
2310000 2.270002 -1.961533 1.394195
2320000 3.675873 -2.038877 1.332904
2330000 3.617298 -1.881429 1.246410
2340000 2.770717 -1.980472 1.429857
2350000 2.049620 -1.870712 1.404655
2360000 2.545785 -2.009879 1.289128
2370000 2.090658 -1.930938 1.451562
2380000 1.975325 -1.857551 1.443074
2390000 1.660129 -1.954833 1.312956
2400000 1.501617 -2.011668 1.340431
2410000 1.219743 -2.037330 1.434308
2420000 1.214005 -1.988916 1.471672
2430000 1.102434 -1.873793 1.420606
2440000 1.343903 -1.902173 1.401459
2450000 0.950221 -1.839902 1.335219
2460000 0.999740 -1.984668 1.408443
2470000 1.051693 -1.911342 1.389537
2480000 0.967096 -2.000603 1.473792
2490000 1.010494 -1.997565 1.420306
2500000 0.767276 -2.016144 1.521248
2510000 0.489294 -2.029444 1.578688
2520000 0.502715 -2.102485 1.570056
2530000 0.712631 -1.906322 1.443755
2540000 0.816544 -1.947024 1.295002
2550000 0.876744 -1.924693 1.441961
2560000 0.711003 -2.143355 1.454194
2570000 0.781774 -1.958984 1.381921
2580000 0.834464 -1.866639 1.370521
2590000 1.110585 -1.972928 1.293555
2600000 0.609053 -1.953378 1.535595
2610000 0.712941 -1.993474 1.518667
2620000 0.504906 -1.955542 1.612296
2630000 0.856347 -1.974385 1.313984
2640000 1.028769 -1.888757 1.403717
2650000 1.525521 -1.854035 1.319396
2660000 1.435212 -1.963112 1.336533
2670000 1.436107 -1.894512 1.439091
2680000 2.053663 -1.708485 1.274143
2690000 2.067407 -1.841278 1.415061
2700000 2.272956 -1.907167 1.380678
2710000 2.550570 -1.907089 1.553260
2720000 3.173516 -2.011375 1.326829
2730000 2.970432 -1.956956 1.361365
2740000 2.645681 -1.859225 1.341000
2750000 2.267726 -2.051674 1.455174
2760000 2.389077 -2.049883 1.370493
2770000 3.308168 -1.942754 1.381691
2780000 4.248648 -1.916864 1.382760
2790000 4.567986 -2.003894 1.480095
2800000 4.992289 -2.063646 1.450625
2810000 4.346942 -1.974732 1.510321
2820000 4.315078 -1.972533 1.512917
2830000 4.264471 -1.897827 1.471605
2840000 3.360185 -1.981738 1.296610
2850000 2.924103 -1.832108 1.290274
2860000 3.541006 -1.986466 1.358866
2870000 4.598242 -1.830040 1.320334
2880000 4.372461 -1.975213 1.374665
2890000 4.481661 -1.788336 1.403890
2900000 3.660332 -1.834522 1.284754
2910000 3.830935 -1.895830 1.439635
2920000 3.936911 -1.837544 1.414764
2930000 4.955024 -2.054545 1.428345
2940000 4.565687 -1.823751 1.414801
2950000 3.447701 -1.906780 1.295856
2960000 3.349377 -2.024699 1.331565
2970000 3.689787 -1.924519 1.361506
2980000 3.911031 -2.052871 1.428785
2990000 4.095247 -1.918030 1.526363
3000000 3.431077 -1.922514 1.346452
3010000 2.795167 -1.872014 1.329341
3020000 3.326260 -1.920621 1.383954
3030000 3.774871 -1.807647 1.381558
3040000 4.246833 -1.928265 1.404532
3050000 4.800410 -1.946083 1.437326
3060000 3.951090 -1.965652 1.470487
3070000 3.724837 -1.955515 1.333032
3080000 3.887609 -1.901406 1.437497
3090000 2.455609 -1.858993 1.383476
3100000 3.015403 -1.847223 1.401515
3110000 3.359840 -1.924414 1.290422
3120000 4.026856 -1.905377 1.378907
3130000 2.996859 -1.914475 1.339839
3140000 2.711674 -1.965945 1.385212
3150000 2.137007 -1.832852 1.381347
3160000 1.785308 -2.018228 1.342292
3170000 1.620822 -1.920715 1.500384
3180000 1.610268 -1.963331 1.496291
3190000 1.610645 -1.905999 1.317211
3200000 1.448654 -1.883023 1.535029
3210000 1.321469 -2.033098 1.391833
3220000 1.255442 -1.913501 1.446729
3230000 1.262299 -1.895735 1.365802
3240000 1.315548 -1.936459 1.377246
3250000 1.294096 -1.871587 1.527630
3260000 1.229616 -1.936803 1.426534
3270000 1.404891 -1.832679 1.334095
3280000 1.758589 -1.824169 1.356710
3290000 1.848059 -1.913685 1.414106
3300000 1.579279 -1.866102 1.388590
3310000 1.924856 -1.893301 1.522538
3320000 2.264091 -1.864088 1.322052
3330000 2.316053 -1.931891 1.437635
3340000 2.374535 -1.916869 1.447877
3350000 2.165787 -1.876065 1.465660
3360000 2.093350 -1.937572 1.413696
3370000 2.320889 -1.905167 1.480066
3380000 2.847421 -1.977611 1.324486
3390000 2.467626 -1.805813 1.345295
3400000 3.140712 -1.917096 1.379644
3410000 3.253144 -1.840526 1.460161
3420000 3.689698 -2.035986 1.402114
3430000 4.451610 -1.891218 1.311450
3440000 4.882017 -1.892812 1.350191
3450000 4.742054 -1.950123 1.320798
3460000 4.885194 -1.963940 1.449974
3470000 5.031892 -1.984015 1.305241
3480000 4.039405 -1.909078 1.465753
3490000 3.493767 -2.008391 1.306676
3500000 3.464720 -1.902107 1.346914
3510000 4.348551 -1.911452 1.273946
3520000 4.562134 -1.858091 1.447286
3530000 4.977798 -1.877060 1.600582
3540000 4.487512 -1.981578 1.279325
3550000 4.497323 -2.008380 1.246107
3560000 4.367116 -1.956437 1.280290
3570000 4.594150 -1.898395 1.538412
3580000 4.834216 -1.998672 1.346156
3590000 4.493065 -1.900491 1.354822
3600000 4.973360 -1.827716 1.451919
3610000 3.929149 -1.931888 1.329343
3620000 3.057942 -1.859894 1.332637
3630000 2.490784 -1.972734 1.338548
3640000 2.360592 -1.893888 1.325558
3650000 3.065742 -1.997416 1.364001
3660000 4.250746 -2.023217 1.464635
3670000 3.544732 -1.878638 1.584736
3680000 4.131812 -1.896679 1.458222
3690000 3.863777 -1.863367 1.411772
3700000 4.396216 -1.833901 1.418910
3710000 4.556889 -1.975229 1.362147
3720000 5.022271 -1.891897 1.453504
3730000 4.678248 -2.045839 1.552029
3740000 4.792338 -1.899771 1.401138
3750000 4.060518 -1.903245 1.391086
3760000 4.969546 -1.922230 1.455547
3770000 4.124105 -1.896015 1.452110
3780000 3.474240 -2.023908 1.328165
3790000 3.204707 -1.941888 1.387949
3800000 2.466568 -1.944458 1.378845
3810000 2.715230 -1.882494 1.453145
3820000 2.290091 -1.984210 1.449375
3830000 1.921698 -2.052523 1.362981
3840000 1.802984 -2.040177 1.369538
3850000 1.600681 -1.913657 1.461904
3860000 1.385367 -1.983086 1.506044
3870000 1.540284 -1.993613 1.376474
3880000 1.684196 -2.013654 1.369143
3890000 1.664585 -1.876112 1.303435
3900000 1.979316 -2.007161 1.400827
3910000 1.844076 -1.995780 1.580467
3920000 1.882461 -1.950546 1.361394
3930000 2.218197 -2.034575 1.404069
3940000 2.241089 -2.022634 1.337893
3950000 2.499655 -1.855806 1.350418
3960000 2.174147 -1.856604 1.398710
3970000 2.061652 -1.881282 1.322623
3980000 2.471501 -1.905779 1.491244
3990000 1.714432 -1.811743 1.433539
4000000 1.628214 -1.950609 1.399470
