100000 4.926129 -1.945061 0.598503
110000 4.767728 -1.898056 0.580649
120000 4.858468 -1.806019 0.545824
130000 3.357633 -1.880431 0.484709
140000 1.923592 -1.889992 0.645445
150000 2.915116 -1.833240 0.552739
160000 3.284447 -1.895867 0.435250
170000 4.069319 -1.889356 0.590575
180000 2.241522 -1.911180 0.554491
190000 1.733826 -1.959749 0.476725
200000 1.057076 -1.861726 0.623585
210000 1.204560 -1.894634 0.560066
220000 0.861277 -1.983027 0.518041
230000 0.689681 -1.878446 0.606203
240000 1.428505 -1.866508 0.491185
250000 2.474732 -1.888867 0.570021
260000 1.292002 -1.938141 0.587299
270000 2.033967 -1.896556 0.574152
280000 2.884583 -1.789865 0.403712
290000 4.191008 -1.918820 0.520716
300000 3.862656 -2.010872 0.509455
310000 4.256358 -1.798430 0.565164
320000 3.220750 -1.956134 0.416595
330000 2.665189 -2.016658 0.620568
340000 3.469589 -1.903871 0.478033
350000 3.684379 -1.962611 0.530443
360000 4.411319 -1.962620 0.596995
370000 3.345708 -1.864618 0.564211
380000 1.838118 -1.963212 0.516224
390000 1.583408 -1.965629 0.459057
400000 2.028248 -1.800342 0.497137
410000 2.464059 -1.950881 0.523727
420000 2.963583 -1.983736 0.578767
430000 4.076176 -1.877999 0.520751
440000 4.432031 -1.789886 0.509665
450000 3.648111 -1.861262 0.436331
460000 4.601266 -2.013605 0.479413
470000 5.050577 -1.911979 0.508619
480000 3.527547 -1.972372 0.487615
490000 3.653584 -1.802147 0.512822
500000 2.594712 -1.758899 0.591489
510000 1.695783 -1.847393 0.531270
520000 2.782100 -1.905270 0.515243
530000 3.181642 -1.892399 0.529858
540000 3.921262 -1.988543 0.529591
550000 4.722666 -2.025592 0.549657
560000 4.840010 -1.953463 0.622956
570000 4.961690 -1.910094 0.369887
580000 3.810717 -1.971591 0.448706
590000 3.761568 -1.876116 0.512440
600000 4.220932 -1.969369 0.540729
610000 4.544802 -2.042451 0.570549
620000 4.916620 -1.822631 0.576538
630000 2.507270 -1.912654 0.575260
640000 2.327783 -2.016594 0.525322
650000 1.495320 -1.855940 0.389156
660000 1.433188 -1.969600 0.425939
670000 1.819228 -2.025674 0.590625
680000 1.256057 -2.021691 0.676299
690000 1.487996 -1.975560 0.678349
700000 1.848205 -2.010564 0.534918
710000 3.233519 -1.710738 0.454179
720000 2.559625 -1.768989 0.561170
730000 1.740608 -1.842399 0.621327
740000 2.335649 -1.892162 0.465440
750000 2.656923 -2.048812 0.488938
760000 3.616622 -1.838319 0.509442
770000 3.902989 -1.942779 0.609923
780000 2.724803 -1.897834 0.659488
790000 3.168995 -1.920838 0.595141
800000 2.856937 -1.922504 0.599832
810000 3.554887 -1.979685 0.467075
820000 3.962438 -1.857144 0.517456
830000 4.501601 -1.931737 0.598933
840000 3.687268 -1.848802 0.511284
850000 3.708600 -2.039013 0.519133
860000 3.282380 -1.904236 0.529411
870000 4.494337 -1.876912 0.443472
880000 4.197849 -1.895307 0.535204
890000 5.097198 -1.771065 0.506255
900000 4.384679 -1.798653 0.541782
910000 4.187053 -1.939713 0.498701
920000 2.967728 -1.971719 0.618519
930000 2.262389 -1.851218 0.519167
940000 2.793626 -1.840421 0.601325
950000 2.719550 -1.958049 0.544386
960000 2.272424 -1.844057 0.510667
970000 1.704128 -1.981820 0.586100
980000 1.809482 -1.998954 0.482218
990000 2.268935 -1.818686 0.603627
1000000 3.158243 -1.889695 0.500632
1010000 3.603383 -1.933783 0.651629
1020000 3.621385 -1.973705 0.534271
1030000 3.225233 -1.862409 0.626194
1040000 4.371598 -1.871787 0.641994
1050000 4.412810 -1.904701 0.493762
1060000 3.659998 -1.969558 0.482522
1070000 3.191459 -1.865020 0.463691
1080000 2.946208 -1.801613 0.562376
1090000 2.539334 -1.868042 0.510664
1100000 3.378759 -1.980057 0.508047
1110000 3.472498 -1.935410 0.576034
1120000 4.534430 -1.976625 0.442899
1130000 4.088719 -1.961615 0.512194
1140000 4.120239 -1.966769 0.562155
1150000 4.834417 -1.973216 0.577029
1160000 4.690960 -1.991740 0.413940
1170000 4.657816 -1.979024 0.433066
1180000 4.884204 -1.842726 0.609839
1190000 5.038653 -1.842537 0.474294
1200000 4.705404 -1.832807 0.549411
1210000 3.735504 -1.837476 0.566939
1220000 3.589410 -1.958016 0.471055
1230000 3.859932 -1.907625 0.677982
1240000 4.368428 -1.932718 0.516994
1250000 3.153480 -1.887078 0.553846
1260000 2.213631 -1.923596 0.330924
1270000 1.028143 -2.027157 0.597172
1280000 0.575854 -1.951686 0.490386
1290000 0.963713 -1.847527 0.501506
1300000 0.719351 -1.950661 0.645807
1310000 0.541002 -1.819330 0.528992
1320000 1.155507 -1.953225 0.541791
1330000 1.214037 -1.889395 0.511690
1340000 1.447769 -1.891296 0.394784
1350000 1.168484 -1.811070 0.479323
1360000 0.978794 -1.972443 0.561957
1370000 1.368634 -1.991183 0.469522
1380000 1.078579 -1.787157 0.585540
1390000 0.952688 -1.940930 0.596686
1400000 1.191121 -1.953888 0.526788
1410000 0.852273 -1.996448 0.518695
1420000 1.363032 -1.923200 0.461587
1430000 1.608842 -1.959775 0.434666
1440000 1.478015 -2.024417 0.436367
1450000 1.917597 -1.896822 0.434345
1460000 2.427147 -1.946351 0.472440
1470000 2.236335 -1.959432 0.543997
1480000 1.798704 -1.899127 0.466376
1490000 1.546895 -1.913028 0.559546
1500000 1.523052 -1.972594 0.524386
1510000 1.952587 -1.936974 0.521331
1520000 1.434615 -1.940129 0.524337
1530000 0.758576 -1.957842 0.533824
1540000 1.036288 -1.963485 0.657798
1550000 0.929768 -2.014434 0.557982
1560000 1.118437 -1.869858 0.491189
1570000 0.622390 -1.857081 0.631741
1580000 0.593271 -2.002529 0.496015
1590000 0.779443 -1.870907 0.453250
1600000 1.105141 -1.957777 0.614155
1610000 1.417381 -1.810907 0.521318
1620000 1.266498 -1.922327 0.519429
1630000 1.566859 -1.968096 0.540964
1640000 1.744053 -1.868731 0.544881
1650000 1.724987 -1.734642 0.600060
1660000 2.073199 -1.908949 0.511932
1670000 2.394558 -1.925634 0.391392
1680000 2.398180 -2.055497 0.516789
1690000 3.007938 -2.008692 0.540099
1700000 3.275969 -1.873119 0.595458
1710000 3.194338 -1.968414 0.631353
1720000 4.421379 -1.834735 0.517138
1730000 4.198974 -1.864396 0.573737
1740000 4.747340 -1.976946 0.583474
1750000 4.696032 -1.900427 0.564608
1760000 3.283248 -1.964930 0.513011
1770000 3.880154 -1.919337 0.565903
1780000 2.292313 -1.790745 0.586172
1790000 2.126183 -1.848542 0.583055
1800000 2.376955 -1.973099 0.491578
1810000 3.284044 -1.774746 0.486738
1820000 3.002526 -1.895512 0.501223
1830000 4.183028 -1.862149 0.508828
1840000 5.040186 -1.934681 0.446155
1850000 4.283425 -1.891038 0.412302
1860000 5.053124 -1.891112 0.513562
1870000 4.215244 -2.000497 0.522881
1880000 3.520001 -1.811214 0.633614
1890000 2.944711 -1.925628 0.499508
1900000 4.051982 -1.841612 0.502548
1910000 4.436739 -1.901383 0.585602
1920000 4.239125 -1.895021 0.511915
1930000 3.715299 -1.919290 0.457655
1940000 4.520395 -1.914407 0.318791
1950000 4.108973 -1.943170 0.576208
1960000 4.527589 -1.762212 0.571715
1970000 4.357394 -1.903830 0.513594
1980000 4.657700 -2.078736 0.707666
1990000 4.443887 -1.919798 0.479168
2000000 2.691782 -1.884869 0.470888
2010000 2.899729 -1.950490 0.645864
2020000 1.489454 -1.923047 0.632131
2030000 1.281570 -1.857205 0.599700
2040000 1.427665 -1.923281 0.521779
2050000 1.729091 -1.801203 0.438462
2060000 2.014529 -1.994425 0.497492
2070000 2.542847 -2.063512 0.596037
2080000 2.801926 -2.074485 0.523590
2090000 2.706232 -1.958853 0.447584
2100000 2.762580 -2.007854 0.585139
2110000 3.547503 -2.079428 0.599190
2120000 3.211989 -1.880447 0.532145
2130000 3.096364 -1.916350 0.499599
2140000 2.172379 -1.805405 0.619452
2150000 2.478753 -2.021334 0.490259
2160000 1.698459 -1.967343 0.496527
2170000 2.127150 -1.920398 0.509407
2180000 2.530080 -2.030520 0.576203
2190000 1.868340 -1.907369 0.582049
2200000 1.609516 -1.974743 0.515128
2210000 2.075301 -1.899686 0.511571
2220000 2.727741 -1.951537 0.638150
2230000 3.563116 -1.982730 0.538642
2240000 2.828431 -1.896885 0.522159
2250000 4.017757 -1.951782 0.557761
2260000 3.683122 -1.919546 0.544059
2270000 4.967688 -1.909966 0.708185
2280000 4.682477 -1.966345 0.576555
2290000 4.527319 -1.909520 0.507812
2300000 4.560418 -1.979257 0.653384
2310000 4.309684 -1.858288 0.648868
2320000 4.255483 -1.854935 0.455714
2330000 3.338400 -1.867677 0.665236
2340000 2.685791 -1.999346 0.389575
2350000 3.412998 -2.030060 0.471905
2360000 3.623290 -1.940600 0.641565
2370000 2.492535 -1.832592 0.449610
2380000 2.225314 -1.823941 0.584480
2390000 2.472913 -1.910190 0.505156
2400000 1.931375 -1.866203 0.305756
2410000 2.489200 -1.863633 0.536823
2420000 3.016304 -1.881900 0.512775
2430000 3.316637 -1.920133 0.608629
2440000 3.520908 -1.925782 0.671303
2450000 2.638679 -1.860792 0.495765
2460000 4.322812 -1.847949 0.401154
2470000 4.520289 -1.936245 0.601262
2480000 4.198422 -1.997212 0.571887
2490000 5.045931 -1.887711 0.438210
2500000 5.045932 -1.926587 0.477743
2510000 3.821840 -1.934071 0.531126
2520000 3.896931 -1.797236 0.384738
2530000 3.389407 -1.906484 0.438085
2540000 4.639138 -1.950163 0.616895
2550000 4.028992 -1.954533 0.640297
2560000 4.924831 -1.979888 0.492621
2570000 4.838600 -1.884811 0.439669
2580000 3.832396 -1.972115 0.490931
2590000 2.865274 -1.851610 0.654242
2600000 1.572613 -1.842017 0.556287
2610000 1.802664 -1.918805 0.442454
2620000 1.261541 -1.778472 0.569422
2630000 1.385630 -1.845840 0.545436
2640000 1.440923 -2.010039 0.541000
2650000 1.549186 -1.907276 0.453165
2660000 1.118349 -1.889270 0.561912
2670000 0.948218 -1.870548 0.612246
2680000 0.683326 -1.930904 0.414291
2690000 0.728465 -1.893084 0.487070
2700000 0.820765 -1.906868 0.547333
2710000 0.507585 -1.933047 0.562805
2720000 0.722558 -1.868473 0.599676
2730000 0.675119 -1.992341 0.448819
2740000 0.889256 -2.023595 0.608106
2750000 0.852837 -2.013515 0.425458
2760000 0.996225 -1.946229 0.587973
2770000 0.957878 -2.083697 0.403166
2780000 0.964026 -1.875104 0.442376
2790000 1.017693 -1.916692 0.490580
2800000 1.077428 -1.874355 0.574673
2810000 0.891591 -1.915995 0.574251
2820000 1.096992 -1.777431 0.336328
2830000 1.432264 -1.939674 0.498734
2840000 1.273986 -1.907296 0.447778
2850000 1.487439 -1.820623 0.549967
2860000 1.439675 -1.770673 0.402507
2870000 2.090067 -1.844163 0.422234
2880000 1.778259 -2.017366 0.615285
2890000 2.157717 -1.868062 0.526411
2900000 2.317768 -1.889802 0.519367
2910000 2.256071 -1.794551 0.478407
2920000 2.965404 -1.923232 0.529761
2930000 2.505533 -1.859706 0.471034
2940000 2.454822 -1.930256 0.564035
2950000 1.793489 -1.882812 0.549682
2960000 1.864794 -1.959835 0.590331
2970000 1.522195 -1.948765 0.499240
2980000 1.959825 -1.905658 0.535579
2990000 2.098590 -1.817551 0.666944
3000000 1.838158 -1.884952 0.596559
3010000 3.224674 -1.962046 0.683103
3020000 3.490776 -1.904392 0.517116
3030000 3.339391 -1.829471 0.580113
3040000 2.891387 -1.977836 0.469799
3050000 4.236680 -1.928939 0.478678
3060000 3.932810 -1.880280 0.589717
3070000 4.483426 -2.047868 0.500587
3080000 5.024141 -2.021509 0.553353
3090000 4.274368 -1.997019 0.604480
3100000 4.476657 -1.917428 0.413885
3110000 4.783212 -2.106332 0.536022
3120000 4.272864 -1.866956 0.437143
3130000 3.920720 -1.851139 0.529109
3140000 3.697089 -1.914917 0.623534
3150000 3.985275 -1.843626 0.617790
3160000 4.616227 -1.907613 0.488035
3170000 4.664613 -1.902057 0.504677
3180000 4.572719 -1.936144 0.566523
3190000 3.413517 -1.927924 0.417234
3200000 3.345601 -1.969019 0.449280
3210000 2.856434 -1.928060 0.523255
3220000 2.342973 -1.959873 0.531809
3230000 2.306944 -1.929279 0.516955
3240000 2.925569 -1.883067 0.504202
3250000 3.613353 -1.955845 0.440015
3260000 4.653196 -1.858176 0.557786
3270000 4.966769 -1.766178 0.422065
3280000 4.394318 -1.872256 0.492843
3290000 3.252189 -1.826987 0.489744
3300000 3.285006 -1.903650 0.524167
3310000 3.320714 -1.894807 0.522864
3320000 2.575308 -1.907811 0.667850
3330000 2.780611 -1.907041 0.442922
3340000 2.368821 -1.864354 0.620282
3350000 1.688403 -1.839168 0.632596
3360000 1.272446 -2.048034 0.376015
3370000 1.234315 -1.949038 0.539675
3380000 1.619281 -1.930798 0.456958
3390000 1.892938 -2.016570 0.569135
3400000 2.029830 -1.894980 0.532173
3410000 2.832936 -2.002237 0.635164
3420000 2.798162 -1.925966 0.395920
3430000 3.544919 -1.952080 0.541919
3440000 3.372840 -2.011688 0.553135
3450000 2.950972 -1.913738 0.651695
3460000 3.444626 -1.932811 0.363002
3470000 2.484329 -1.906020 0.609362
3480000 3.579007 -1.949550 0.517831
3490000 3.169969 -2.024711 0.535087
3500000 3.959991 -1.812970 0.448502
3510000 4.195666 -1.998839 0.504315
3520000 4.176891 -1.818987 0.500026
3530000 3.771248 -1.991032 0.532035
3540000 3.075321 -1.866633 0.508807
3550000 2.249846 -2.034518 0.513925
3560000 2.156333 -2.036032 0.506092
3570000 2.124753 -1.894040 0.615324
3580000 2.198725 -1.924717 0.494688
3590000 2.290246 -1.799054 0.633278
3600000 2.612176 -1.884714 0.452024
3610000 2.624651 -1.937572 0.459604
3620000 3.210166 -1.854422 0.516977
3630000 2.591528 -1.822734 0.622914
3640000 2.041405 -2.046567 0.508286
3650000 1.677684 -1.892017 0.564354
3660000 1.678814 -2.034781 0.539700
3670000 1.817303 -1.820446 0.403132
3680000 1.439785 -1.945491 0.526476
3690000 1.327943 -1.923122 0.429464
3700000 1.441234 -1.998781 0.444891
3710000 1.210152 -1.874338 0.512462
3720000 1.090885 -1.964417 0.607642
3730000 0.867502 -1.917190 0.562069
3740000 0.602225 -1.887163 0.576720
3750000 0.861502 -1.826505 0.573893
3760000 0.852893 -1.995305 0.511510
3770000 0.696861 -1.970966 0.555673
3780000 0.928766 -1.939441 0.700779
3790000 1.067349 -1.962880 0.426428
3800000 0.498396 -1.879583 0.484728
3810000 0.507681 -1.961950 0.622884
3820000 0.590970 -1.783568 0.491882
3830000 0.788446 -1.825864 0.542899
3840000 0.667723 -1.838634 0.583749
3850000 0.757488 -1.973836 0.598464
3860000 1.045609 -1.846062 0.497711
3870000 1.054716 -2.006202 0.580529
3880000 0.854722 -1.909060 0.465415
3890000 0.793020 -1.866566 0.528469
3900000 1.034705 -1.898996 0.270985
3910000 1.141711 -1.935550 0.459620
3920000 0.950951 -1.963581 0.460233
3930000 1.096451 -2.081940 0.518332
3940000 1.323231 -1.880564 0.546324
3950000 1.347440 -1.878388 0.464841
3960000 1.950214 -1.927232 0.430675
3970000 1.719366 -1.897558 0.460494
3980000 1.972758 -1.879875 0.511864
3990000 2.029715 -1.907685 0.457586
4000000 2.542405 -1.997891 0.426321
