100000 3.336936 2.758581 -2.828322
110000 3.843271 2.880217 -2.755389
120000 4.104669 2.775096 -2.895957
130000 4.213264 2.777170 -2.767839
140000 3.549409 2.780637 -2.806483
150000 4.711488 2.711619 -2.759680
160000 4.732552 2.767025 -2.666409
170000 4.469922 2.782370 -2.918210
180000 4.153957 2.792168 -2.757981
190000 4.582743 2.827615 -2.799979
200000 4.832966 2.716818 -2.799653
210000 2.644341 2.749168 -2.827637
220000 2.845510 2.719886 -2.772148
230000 1.788864 2.958749 -2.680921
240000 3.433541 2.730939 -2.778626
250000 2.184582 2.706279 -2.700514
260000 2.040968 2.710185 -2.981789
270000 1.981120 2.733829 -2.849594
280000 2.908997 2.894262 -2.913998
290000 3.436650 2.869725 -2.703350
300000 3.359550 2.873610 -2.780289
310000 4.203400 2.886498 -2.878848
320000 4.992009 2.664737 -2.804581
330000 4.762861 2.816543 -2.811869
340000 3.688317 2.881490 -2.668226
350000 3.092465 2.751058 -2.661445
360000 1.890576 2.806686 -2.707890
370000 1.502140 2.697979 -2.767860
380000 1.927255 3.011825 -2.775660
390000 2.264293 2.954094 -2.828138
400000 3.485923 2.757384 -2.744462
410000 4.452076 2.833771 -2.739087
420000 4.259985 2.708994 -2.723642
430000 4.944275 2.813344 -2.677433
440000 4.203740 2.823013 -2.775097
450000 3.695767 2.668344 -3.003203
460000 2.763156 2.645487 -2.826270
470000 3.901548 2.878651 -2.906412
480000 4.517884 2.720265 -2.691659
490000 4.941944 2.683457 -2.793851
500000 4.952115 2.782247 -2.828972
510000 3.310939 2.755739 -2.833326
520000 3.613676 2.653950 -2.829334
530000 2.787486 2.774654 -2.830677
540000 1.784978 2.723108 -2.849625
550000 1.836746 2.723629 -2.753083
560000 3.169778 2.861128 -2.732539
570000 4.000808 2.765867 -2.762531
580000 2.864126 2.709369 -2.683100
590000 2.014805 2.965765 -2.903521
600000 1.416804 2.671216 -2.890609
610000 1.148334 2.774677 -2.798328
620000 0.920184 2.805847 -2.743998
630000 0.832359 2.884110 -2.819431
640000 0.763685 2.836075 -2.723863
650000 0.903800 2.778647 -2.738849
660000 1.090208 2.790490 -2.684042
670000 0.816911 2.880491 -2.682275
680000 0.473323 2.812657 -2.831739
690000 0.618661 2.878848 -2.802711
700000 1.318298 2.917117 -2.786618
710000 1.703961 2.768871 -2.865173
720000 2.101470 2.797424 -2.809523
730000 2.742155 2.833733 -2.818102
740000 3.509409 2.715454 -2.775681
750000 3.960963 2.763481 -2.863545
760000 4.870352 2.722768 -2.914380
770000 3.927618 2.818915 -2.803687
780000 3.178886 2.794091 -2.894728
790000 2.277521 2.854625 -2.861689
800000 2.835886 2.821468 -2.751367
810000 3.312668 2.743176 -2.755790
820000 4.476348 2.621903 -2.760876
830000 4.580226 2.787317 -2.743383
840000 3.813917 2.806505 -2.685132
850000 3.596894 2.689716 -2.746981
860000 4.088983 2.754905 -2.745084
870000 3.727167 2.909363 -2.709729
880000 2.018068 2.909908 -2.859672
890000 2.299048 2.745123 -2.769798
900000 2.146013 2.821571 -2.782317
910000 1.551561 2.642601 -2.749027
920000 1.221382 2.599491 -2.690454
930000 1.067684 2.793146 -2.824970
940000 1.400696 2.704378 -2.892398
950000 1.205485 2.839658 -2.745527
960000 1.510063 2.779077 -2.755746
970000 1.789609 2.827438 -2.793191
980000 1.721989 2.702190 -2.749872
990000 1.960741 2.706354 -2.846611
1000000 1.387426 2.858421 -2.816540
1010000 1.584905 2.869890 -2.750793
1020000 1.301851 2.714361 -2.709456
1030000 1.341342 2.887734 -2.820439
1040000 0.926756 2.793510 -2.900566
1050000 0.761613 2.872152 -2.772746
1060000 0.765472 2.808972 -2.768372
1070000 0.994275 2.778499 -2.773723
1080000 1.095679 2.852061 -2.838171
1090000 1.414471 2.822685 -2.864401
1100000 1.900092 2.817411 -2.696417
1110000 2.174539 2.736782 -2.825635
1120000 2.887718 2.758007 -2.894625
1130000 2.555002 2.812407 -2.680716
1140000 2.903100 2.787760 -2.670487
1150000 3.228800 2.788861 -2.912941
1160000 4.935895 2.839735 -2.760557
1170000 4.837045 2.745421 -2.893813
1180000 4.843508 2.735187 -2.841043
1190000 3.866510 2.787203 -2.702462
1200000 3.934954 2.889330 -2.746499
1210000 4.217717 2.822563 -2.837177
1220000 4.040417 2.695133 -2.690237
1230000 2.960801 2.707987 -2.774193
1240000 2.827877 2.787994 -2.687553
1250000 3.140184 2.774846 -2.725267
1260000 4.037784 2.863216 -2.868032
1270000 4.884856 2.802103 -2.835583
1280000 4.432961 2.829847 -2.754341
1290000 3.755802 2.755781 -2.835157
1300000 4.761347 2.888680 -2.794932
1310000 4.144533 3.001600 -2.888419
1320000 4.976596 2.795363 -2.831039
1330000 4.615547 2.720818 -2.764034
1340000 3.492314 2.686798 -2.702861
1350000 3.443937 2.813017 -2.767874
1360000 3.725726 2.843310 -2.900168
1370000 5.004380 2.724096 -2.677973
1380000 4.184621 2.659483 -2.777193
1390000 2.977026 2.809984 -2.733293
1400000 2.182885 2.757362 -2.879028
1410000 2.217170 2.838180 -2.841903
1420000 2.315424 2.866750 -2.758347
1430000 1.766844 2.679372 -2.698329
1440000 2.695959 2.892828 -2.709081
1450000 2.853714 2.828729 -2.759331
1460000 2.596872 2.694161 -2.810244
1470000 2.672051 2.714971 -2.740839
1480000 3.030903 2.782579 -2.840335
1490000 3.221781 2.735137 -2.774304
1500000 2.970997 2.712739 -2.700783
1510000 3.069094 2.728509 -2.836889
1520000 3.007584 2.841393 -2.790041
1530000 3.058603 2.844393 -2.894625
1540000 3.695163 2.820885 -2.843718
1550000 3.473630 2.692711 -2.831563
1560000 3.839299 2.727037 -2.872468
1570000 4.623550 2.781178 -2.847748
1580000 4.830236 2.767973 -2.756070
1590000 4.417451 2.814972 -2.751640
1600000 3.630438 2.796523 -2.706579
1610000 4.068101 2.929295 -2.851951
1620000 4.463955 2.795567 -2.882677
1630000 4.642450 2.802631 -2.748729
1640000 3.908468 2.946879 -2.756027
1650000 3.381762 2.815013 -2.814355
1660000 4.359060 2.695966 -2.826964
1670000 4.677276 2.833608 -2.994117
1680000 4.146780 2.735840 -2.674538
1690000 2.980583 2.864926 -2.669241
1700000 2.023248 2.805518 -2.679216
1710000 1.499777 2.821750 -2.786885
1720000 1.625760 2.700621 -2.728683
1730000 1.120601 2.872211 -2.722043
1740000 0.683566 2.707243 -2.741788
1750000 0.648367 2.886098 -2.800843
1760000 0.829915 2.739594 -2.850364
1770000 0.499457 2.766769 -2.831564
1780000 0.610578 2.776209 -2.894543
1790000 1.003860 2.794743 -2.746175
1800000 0.866043 2.764628 -2.702478
1810000 0.864731 2.852786 -2.917885
1820000 1.029608 2.785377 -2.814241
1830000 1.254850 2.825388 -2.826807
1840000 1.256947 2.811776 -2.766065
1850000 1.594586 2.826493 -2.856412
1860000 1.547784 2.892971 -2.873301
1870000 1.713043 2.841145 -2.741616
1880000 2.049498 2.835230 -2.749352
1890000 1.795604 2.885837 -2.815776
1900000 2.014765 2.715527 -2.771678
1910000 1.517489 2.748861 -2.796732
1920000 1.379485 2.782267 -2.748463
1930000 1.181138 2.793498 -2.802151
1940000 1.190683 2.868728 -2.835832
1950000 0.755156 2.777493 -2.713572
1960000 0.703657 2.837437 -2.717331
1970000 0.721192 2.745028 -2.735452
1980000 0.856880 2.735567 -2.806856
1990000 0.718009 2.768204 -2.875348
2000000 0.697158 2.838467 -2.756748
2010000 1.005919 2.829189 -2.704660
2020000 1.028138 2.883296 -2.898153
2030000 1.217624 2.772133 -2.866555
2040000 1.351112 2.865699 -2.752907
2050000 1.609393 2.666860 -2.877165
2060000 2.252834 2.897719 -2.848846
2070000 2.377600 2.871010 -2.776173
2080000 1.975305 2.721648 -2.811027
2090000 2.784033 2.823529 -2.717974
2100000 2.739831 2.880500 -2.857319
2110000 2.191563 2.690819 -2.867556
2120000 2.470581 2.832382 -2.873996
2130000 2.424672 2.745150 -2.793827
2140000 2.592537 2.842962 -2.699769
2150000 3.350074 2.778869 -2.808633
2160000 3.846298 2.870154 -2.831151
2170000 4.249729 2.757812 -2.753087
2180000 4.655076 2.811345 -2.815269
2190000 3.895429 2.746358 -2.793414
2200000 3.189173 2.816064 -2.807587
2210000 2.690330 2.940922 -2.790015
2220000 3.248896 2.829300 -2.900081
2230000 3.923400 2.710620 -2.843361
2240000 3.696624 2.707688 -2.725432
2250000 4.854464 2.693778 -2.764640
2260000 4.692577 2.772221 -2.788688
2270000 4.806015 2.849783 -2.828760
2280000 5.049864 2.874555 -2.906128
2290000 4.811696 2.807627 -2.818868
2300000 4.583006 2.740806 -2.726575
2310000 4.992764 2.748856 -2.819931
2320000 4.154246 2.739222 -2.816358
2330000 4.035479 2.816882 -2.711357
2340000 4.718029 2.909865 -2.768169
2350000 4.167187 2.798882 -2.790466
2360000 4.713275 2.838059 -2.813880
2370000 4.400042 2.830884 -2.765961
2380000 3.767977 2.832411 -2.684961
2390000 3.566613 2.709738 -2.757194
2400000 3.115327 2.734507 -2.767093
2410000 2.212525 2.731645 -2.880687
2420000 1.936707 2.730635 -2.722067
2430000 2.280489 2.956671 -2.852431
2440000 2.304372 2.741664 -2.883877
2450000 1.905618 2.853821 -2.851828
2460000 1.796962 2.778168 -2.911150
2470000 2.710166 2.868625 -2.761556
2480000 2.734763 2.862606 -2.935966
2490000 2.655544 2.841026 -2.649811
2500000 3.110334 2.835935 -2.755188
2510000 2.794119 2.834076 -2.904739
2520000 2.110160 2.785571 -2.887068
2530000 2.837356 2.785837 -2.849701
2540000 1.987620 2.823235 -2.719301
2550000 2.613383 2.718719 -2.762833
2560000 1.924270 2.781229 -2.883601
2570000 2.367459 2.735255 -2.801732
2580000 1.636555 2.755491 -2.769509
2590000 2.002734 2.730787 -2.812243
2600000 2.134841 2.897419 -2.770812
2610000 1.787393 2.751561 -2.741886
2620000 1.791172 2.799306 -2.741959
2630000 2.841628 2.739289 -2.748636
2640000 3.457026 2.831238 -2.711870
2650000 4.061111 2.848188 -2.856276
2660000 3.920133 2.947159 -2.732446
2670000 4.037770 2.675454 -2.911994
2680000 3.806870 2.734561 -2.798736
2690000 3.603371 2.610762 -2.819223
2700000 3.716252 2.842896 -2.879339
2710000 3.421905 2.867591 -2.892340
2720000 4.678934 2.699424 -2.765896
2730000 4.524587 2.810821 -2.816305
2740000 4.570408 2.914543 -2.862179
2750000 4.838224 2.786448 -2.787301
2760000 4.372309 2.814964 -2.783535
2770000 4.856184 2.648613 -2.726145
2780000 4.106440 2.693559 -2.827942
2790000 4.765541 2.791590 -2.800628
2800000 4.892220 2.680889 -2.737456
2810000 3.552818 2.836048 -2.853690
2820000 3.050750 2.824082 -2.804443
2830000 3.162826 2.814308 -2.874800
2840000 3.959764 2.589250 -2.663295
2850000 4.553684 2.756810 -2.857126
2860000 4.138312 2.706603 -2.740246
2870000 3.538369 2.753538 -2.913222
2880000 3.951404 2.857532 -2.709150
2890000 3.169962 2.724867 -2.763532
2900000 2.863982 2.775981 -2.865422
2910000 2.720883 2.709270 -2.840635
2920000 2.790261 2.758129 -2.645609
2930000 3.228596 2.751222 -2.763434
2940000 3.803912 2.917519 -2.774428
2950000 4.827161 2.740675 -2.755207
2960000 4.192558 2.830449 -2.785952
2970000 3.854345 2.802971 -2.827560
2980000 3.034257 2.856262 -2.853004
2990000 2.722866 2.824989 -2.782244
3000000 2.435653 2.798722 -2.687898
3010000 2.511596 2.827300 -2.760605
3020000 2.912240 2.751333 -2.877937
3030000 3.508739 2.954460 -2.790580
3040000 3.906092 2.754237 -2.788728
3050000 4.438323 2.731594 -2.917475
3060000 3.508572 2.770564 -2.644440
3070000 2.864312 2.833505 -2.662531
3080000 1.851328 2.617250 -2.862382
3090000 1.616914 2.782913 -2.807076
3100000 1.504100 2.860576 -2.613673
3110000 1.274172 2.827891 -2.867473
3120000 1.362204 2.775683 -2.626399
3130000 1.509131 2.874514 -2.735405
3140000 1.173080 2.726571 -2.858037
3150000 1.872286 2.894031 -2.813062
3160000 2.359163 2.756578 -2.788021
3170000 1.830457 2.902516 -2.779675
3180000 1.595686 2.778207 -2.751250
3190000 1.101258 2.903734 -2.779125
3200000 1.250212 2.759188 -2.750088
3210000 1.319949 2.812611 -2.851779
3220000 1.382008 2.902527 -2.780391
3230000 0.953554 2.767421 -2.773950
3240000 1.050007 2.847719 -2.942236
3250000 0.904611 2.741815 -2.835201
3260000 0.774214 2.809918 -2.766418
3270000 1.083701 2.786238 -2.794269
3280000 1.085497 2.746503 -2.737712
3290000 1.325070 2.796226 -2.901200
3300000 1.445967 2.841887 -2.838108
3310000 1.713639 2.805636 -2.700080
3320000 1.500498 2.718874 -2.723455
3330000 1.956423 2.913588 -2.769807
3340000 2.512970 2.836708 -2.772487
3350000 1.925383 2.858147 -2.691048
3360000 1.819826 2.808230 -2.684586
3370000 2.329183 2.854591 -2.770567
3380000 2.695333 2.815271 -2.838006
3390000 3.095861 2.817266 -2.743614
3400000 2.853992 2.737473 -2.731701
3410000 2.471323 2.929488 -2.787351
3420000 2.946233 2.655519 -2.805552
3430000 3.315765 2.839520 -2.833893
3440000 3.750244 2.841856 -2.765371
3450000 4.955252 2.678227 -2.676614
3460000 4.074768 2.886421 -2.771432
3470000 4.363006 2.735298 -2.848082
3480000 4.431074 2.816178 -2.956062
3490000 4.879292 2.755219 -2.763797
3500000 4.889905 2.739686 -2.749625
3510000 4.206667 2.735627 -2.799748
3520000 4.638968 2.781275 -2.809652
3530000 3.917238 2.883111 -2.790839
3540000 3.530007 2.717805 -2.704017
3550000 3.521656 2.791406 -2.619322
3560000 3.958685 2.765845 -2.834860
3570000 3.414307 2.920943 -2.782677
3580000 4.566432 2.731356 -2.777802
3590000 4.092800 2.720737 -2.755178
3600000 4.242260 2.761938 -2.876579
3610000 3.310172 2.749816 -2.709051
