100000 4.694433 -1.821734 0.195221
110000 4.644551 -2.031717 0.214777
120000 3.015215 -2.046645 0.021640
130000 3.092341 -1.987948 0.102248
140000 2.872315 -1.918759 0.070205
150000 0.903563 -2.045236 0.192297
160000 0.878331 -1.995323 0.230373
170000 1.422309 -1.893196 0.239059
180000 2.055821 -1.895685 0.146115
190000 1.747356 -1.879844 0.177976
200000 1.721662 -2.060593 0.172329
210000 2.536950 -1.962721 0.201282
220000 2.703173 -1.990058 0.249717
230000 3.623995 -2.007058 0.243732
240000 4.697159 -1.878896 0.242399
250000 4.292264 -1.937430 0.140829
260000 3.451152 -2.035862 0.201029
270000 2.310811 -1.914271 0.231130
280000 2.568510 -1.876990 0.191784
290000 1.507147 -1.859622 0.143795
300000 1.730788 -2.044055 0.084191
310000 2.538076 -1.876940 0.128337
320000 3.757211 -1.891130 0.124457
330000 3.896541 -1.913235 0.198012
340000 4.019387 -1.909236 0.136692
350000 4.446452 -1.897727 0.143395
360000 2.981523 -1.973107 0.205665
370000 2.122924 -1.907140 0.152454
380000 1.712554 -1.925608 0.291178
390000 1.183850 -1.977148 0.133181
400000 0.915196 -1.992680 0.331007
410000 0.828515 -1.928999 0.115109
420000 1.298042 -1.927354 0.206009
430000 1.261710 -1.943435 0.154066
440000 0.715510 -1.904786 0.274010
450000 1.221087 -1.885392 0.121754
460000 1.808586 -2.009306 0.096297
470000 1.270008 -2.049015 0.230430
480000 2.480659 -1.883833 0.190932
490000 2.680666 -1.860292 0.230177
500000 2.598780 -1.952442 0.213779
510000 3.325237 -1.815448 0.280230
520000 4.488557 -1.856164 0.246622
530000 4.652492 -1.923347 0.089556
540000 4.074875 -2.020372 0.303181
550000 2.935032 -1.997817 0.285287
560000 3.764818 -1.934147 0.219111
570000 2.891692 -1.844540 0.158491
580000 4.485679 -1.993657 0.185504
590000 2.496037 -1.879200 0.171880
600000 2.073847 -1.867138 0.269843
610000 2.694055 -1.946012 0.083568
620000 2.272648 -2.006136 0.125723
630000 2.035728 -1.861591 0.178594
640000 1.924039 -2.026763 0.242970
650000 1.906540 -1.861980 0.191025
660000 1.401417 -1.910711 0.210478
670000 0.871573 -1.874181 0.258168
680000 1.026853 -1.960865 0.044763
690000 0.681296 -1.953812 0.160640
700000 1.074741 -1.860114 0.079486
710000 0.620944 -2.057570 0.084163
720000 0.966505 -1.914107 0.228419
730000 1.398710 -1.815597 0.240295
740000 0.967685 -1.907964 0.130465
750000 1.102685 -1.958845 0.314514
760000 1.859584 -1.813804 0.138386
770000 2.695230 -2.051941 0.213743
780000 2.762907 -1.775380 0.075271
790000 2.340374 -2.009515 0.083137
800000 4.226522 -1.933884 0.253011
810000 4.488158 -1.945656 0.176629
820000 4.205908 -1.997749 0.267186
830000 4.303200 -1.919745 0.266251
840000 4.312437 -1.897267 0.295928
850000 3.470718 -2.067506 0.097991
860000 3.985434 -1.933169 0.322101
870000 4.242434 -1.930361 0.124059
880000 4.348060 -1.791675 0.095079
890000 4.326071 -1.987312 0.199244
900000 3.486531 -1.912362 0.129380
910000 3.172400 -1.988611 0.079398
920000 2.785162 -2.074716 0.131156
930000 2.934874 -1.970661 0.198391
940000 2.861540 -2.007876 0.072211
950000 2.123965 -1.980790 0.201468
960000 1.575474 -1.852258 0.227462
970000 2.132246 -1.927880 0.241190
980000 2.633296 -1.816886 0.140412
990000 4.443713 -1.865067 0.185124
1000000 2.632189 -1.968564 0.216387
1010000 2.251020 -1.961924 0.176788
1020000 2.245228 -1.952501 0.203111
1030000 2.940525 -1.965614 0.171368
1040000 3.168199 -1.993246 0.201293
1050000 4.995183 -1.978985 0.220577
1060000 3.765008 -1.912268 0.200261
1070000 4.504616 -2.044788 0.250680
1080000 5.054782 -2.012218 0.063579
1090000 4.599440 -1.887918 0.209903
1100000 4.955112 -1.955846 0.197196
1110000 4.945985 -1.849144 0.078034
1120000 4.976940 -1.977693 0.331543
1130000 3.920010 -1.933123 0.192541
1140000 3.381512 -1.839753 0.268251
1150000 4.178260 -2.010194 0.075916
1160000 3.546897 -2.045053 0.004301
1170000 2.799375 -1.922590 0.125456
1180000 2.845982 -1.711333 0.183923
1190000 1.876674 -1.958211 0.110143
1200000 1.695984 -1.925850 0.236770
1210000 1.615710 -1.874111 0.235541
1220000 1.896892 -2.003145 0.151994
1230000 2.189163 -1.959990 0.254636
1240000 1.840392 -1.854351 0.167563
1250000 1.562789 -1.916280 0.150796
1260000 1.607814 -1.940944 0.107774
1270000 1.200010 -1.945767 0.200747
1280000 1.734650 -1.892997 0.258639
1290000 1.862356 -1.885234 0.104673
1300000 1.896457 -1.929724 0.209316
1310000 2.165962 -1.833500 0.172983
1320000 3.798962 -1.888446 0.129848
1330000 4.038600 -1.892352 0.181217
1340000 3.946224 -1.924905 0.086199
1350000 4.708721 -1.955441 0.265016
1360000 4.936422 -1.885594 0.125376
1370000 4.756965 -1.767408 0.140394
1380000 4.990348 -1.821333 0.185556
1390000 4.028420 -2.029590 0.105500
1400000 4.629407 -1.988472 0.272833
1410000 4.648958 -1.971358 0.158062
1420000 4.077907 -2.016153 0.186250
1430000 4.433357 -1.918816 0.105830
1440000 2.772719 -1.988684 0.277923
1450000 3.163854 -1.782412 0.189402
1460000 2.856357 -2.033589 0.175808
1470000 3.265882 -1.996933 0.251358
1480000 4.159615 -1.828029 0.232658
1490000 4.485636 -1.896496 0.077581
1500000 4.563854 -1.916151 0.130335
1510000 4.998783 -1.995071 0.104909
1520000 3.689402 -1.893549 0.175929
1530000 2.846071 -1.809814 0.134653
1540000 2.005772 -1.850950 0.188303
1550000 2.622671 -1.855199 0.259065
1560000 3.338913 -2.059512 0.171244
1570000 4.087546 -1.902023 0.251006
1580000 2.964178 -1.918957 0.261149
1590000 3.263310 -1.833014 0.236296
1600000 4.162754 -2.120983 0.241134
1610000 4.564725 -1.950183 0.292278
1620000 4.393217 -1.959800 -0.042878
1630000 3.601702 -1.911116 0.152272
1640000 3.655767 -1.980796 0.248418
1650000 4.387775 -1.856342 0.181810
1660000 3.284997 -1.927857 0.126459
1670000 2.591165 -1.818866 0.124177
1680000 2.078436 -1.877307 0.223094
1690000 1.984384 -1.834440 0.208396
1700000 2.000426 -2.050871 0.054072
1710000 1.721885 -1.915394 0.234721
1720000 1.754329 -1.891577 0.243179
1730000 2.490658 -1.928611 0.169754
1740000 2.753852 -1.928678 0.176532
1750000 2.657850 -1.849109 0.295464
1760000 2.465547 -1.979060 0.278996
1770000 2.844279 -1.874672 0.171642
1780000 3.322202 -1.853523 0.101640
1790000 4.509882 -1.901608 0.242182
1800000 4.405707 -1.888213 0.214775
1810000 3.873487 -1.945534 0.194523
1820000 3.880217 -1.912483 0.091553
1830000 4.493401 -1.927359 0.148177
1840000 3.946136 -1.800041 0.188200
1850000 3.005576 -1.944227 0.153943
1860000 2.311775 -1.968696 0.175030
1870000 1.501158 -1.803414 0.225356
1880000 1.026456 -1.998959 0.233242
1890000 0.825469 -1.942047 0.183018
1900000 0.835166 -2.026937 0.064705
1910000 1.218340 -1.942192 0.310196
1920000 1.126733 -1.876671 0.337119
1930000 1.180238 -1.968111 0.253273
1940000 1.435398 -1.981733 0.248443
1950000 1.455018 -1.952989 0.166311
1960000 0.535259 -2.067236 0.239833
1970000 0.616006 -1.968884 0.191040
1980000 0.758487 -2.088186 0.228515
1990000 0.501222 -2.100455 0.210286
2000000 0.897434 -1.843537 0.157711
2010000 0.726479 -2.045446 0.248034
2020000 1.053357 -1.926609 0.082296
2030000 0.928422 -1.821777 0.100803
2040000 1.254584 -1.908475 0.195661
2050000 1.722469 -1.905904 0.168475
2060000 2.213186 -1.836746 0.090622
2070000 2.008993 -1.903657 0.090953
2080000 1.567828 -1.923116 0.148932
2090000 1.836665 -1.943863 0.218986
2100000 1.535559 -1.809466 0.096066
2110000 2.614157 -1.969348 0.000967
2120000 3.030164 -1.855563 0.122174
2130000 2.608280 -2.018033 0.219645
2140000 2.962871 -1.874674 0.184816
2150000 2.466399 -1.997151 0.119266
2160000 2.478102 -1.820024 0.171543
2170000 3.462512 -2.037417 0.262667
2180000 3.921638 -1.934282 0.077199
2190000 5.033260 -2.092060 0.299921
2200000 4.978174 -2.010739 0.206271
2210000 4.457922 -1.944246 0.173810
2220000 4.006742 -1.905212 0.309147
2230000 4.145285 -1.914949 0.158610
2240000 4.968280 -2.012319 0.197612
2250000 4.317430 -2.100314 0.220559
2260000 3.784137 -1.962083 0.279470
2270000 3.999329 -2.013099 0.178923
2280000 3.800681 -1.888475 0.123467
2290000 3.986811 -1.981366 0.173686
2300000 4.797802 -1.966098 0.383528
2310000 4.921094 -1.850742 0.251813
2320000 4.338679 -2.036162 0.188909
2330000 4.251811 -1.903766 0.196270
2340000 3.575339 -1.931509 0.296231
2350000 2.994609 -1.981801 0.164449
2360000 3.299670 -1.967559 0.227353
2370000 2.652629 -1.940087 0.207554
2380000 2.206438 -1.950194 0.184339
2390000 2.743985 -1.887023 0.122199
2400000 2.985938 -1.931244 0.132709
2410000 3.982092 -1.922507 0.157661
2420000 4.721836 -2.028740 0.107790
2430000 4.342602 -2.005467 0.120847
2440000 4.617865 -1.952699 0.169556
2450000 3.375466 -1.896532 0.071544
2460000 4.684586 -1.964895 0.073467
2470000 4.394139 -1.825008 0.125416
2480000 4.281371 -1.871709 0.172293
2490000 3.237953 -1.897920 0.275555
2500000 2.814124 -1.984003 0.207917
2510000 1.719176 -1.840688 0.220035
2520000 1.569222 -1.910885 0.252266
2530000 1.392845 -1.908233 0.089369
2540000 1.610107 -1.848672 0.255892
2550000 2.005233 -1.959259 0.105088
2560000 1.635996 -1.789825 0.222547
2570000 1.947766 -1.829473 0.073423
2580000 2.075160 -1.767584 0.208537
2590000 2.257948 -1.828022 0.225212
2600000 2.444035 -1.829587 0.134578
2610000 2.338029 -1.912940 0.186897
2620000 3.393462 -1.940116 0.168828
2630000 4.468096 -1.971365 0.240154
2640000 3.707275 -2.028999 0.349272
2650000 4.763657 -2.017566 0.204159
2660000 4.538241 -2.088366 0.127360
2670000 5.098177 -1.902334 0.170531
2680000 4.834017 -1.892861 0.273502
2690000 4.292492 -1.831012 0.125131
2700000 4.445240 -2.011449 0.243337
2710000 3.601281 -1.805819 0.091969
2720000 2.002287 -1.969394 0.307559
2730000 2.304466 -1.931557 0.169858
2740000 2.136793 -1.934940 0.093370
2750000 2.951396 -1.847874 0.138836
2760000 2.625767 -1.897735 0.283649
2770000 2.390682 -2.060675 0.251349
2780000 3.016228 -1.959215 0.096188
2790000 2.837008 -1.863516 0.085340
2800000 2.163916 -1.960638 0.167880
2810000 2.131672 -2.091540 0.264062
2820000 1.819160 -1.809233 0.256556
2830000 1.416432 -2.013269 0.221943
2840000 1.140206 -1.854780 0.296343
2850000 0.910228 -2.037225 0.187040
2860000 0.920816 -2.067131 0.394574
2870000 0.912354 -1.913609 0.095973
2880000 0.700971 -1.881525 0.251384
2890000 0.679123 -1.991725 0.081775
2900000 0.798829 -1.938694 0.227763
2910000 1.299554 -1.938638 0.166428
2920000 1.216962 -1.911903 0.072229
2930000 0.695175 -1.806398 0.096482
2940000 0.841995 -1.977611 0.293047
2950000 0.926438 -1.923752 0.240300
2960000 1.071515 -1.931683 0.092321
2970000 1.197857 -2.016378 -0.002052
2980000 0.843861 -1.822545 0.131292
2990000 1.124794 -2.010907 0.089306
3000000 1.165700 -1.865474 0.049367
3010000 1.343568 -1.924445 0.062139
3020000 1.405833 -1.954454 0.114318
3030000 1.515347 -1.926079 0.172170
3040000 1.811214 -1.872956 0.129784
3050000 1.458740 -1.838653 0.204285
3060000 1.992985 -1.922849 0.223554
3070000 2.006858 -1.839981 0.241195
3080000 1.850307 -2.027786 0.198390
3090000 1.996195 -1.919359 0.072172
3100000 3.121752 -1.844205 0.142459
3110000 3.526033 -1.914243 0.036990
3120000 2.970725 -1.923911 0.171569
3130000 2.979725 -1.907925 0.270789
3140000 3.671613 -1.981597 0.207406
3150000 4.877093 -1.896000 0.057558
3160000 4.747908 -1.946751 0.169351
3170000 4.677701 -2.013600 0.211717
3180000 4.930458 -1.860732 0.232154
3190000 4.176080 -1.923493 0.139464
3200000 5.037891 -2.081043 0.245348
3210000 3.872567 -2.000608 0.130602
3220000 4.219732 -1.910681 0.152644
3230000 2.961805 -1.956340 0.185651
3240000 3.532260 -1.882892 0.164205
3250000 3.440356 -1.977954 0.095112
3260000 2.893175 -2.019263 0.021823
3270000 2.642323 -1.780736 0.128311
3280000 2.925071 -1.933645 0.131215
3290000 3.364532 -1.856681 0.183686
3300000 3.791536 -1.791079 0.233135
3310000 4.992752 -1.838641 0.206856
3320000 4.857875 -1.883010 0.136160
3330000 3.258954 -1.850135 0.140223
3340000 2.713419 -1.964567 0.081466
3350000 3.480907 -1.909998 0.200808
3360000 4.354085 -1.855602 0.122952
3370000 4.963269 -1.926443 0.258648
3380000 4.753250 -1.911439 0.290110
3390000 4.647076 -1.892147 0.037032
3400000 5.070479 -1.790268 0.090916
3410000 4.974627 -1.829204 0.232458
3420000 4.278167 -1.817938 0.150454
3430000 4.160161 -1.902982 0.245876
3440000 3.914706 -1.932647 0.138323
3450000 4.587071 -1.946698 0.229707
3460000 4.910377 -1.979999 0.051031
3470000 3.607543 -1.816221 0.333991
3480000 3.228870 -2.114781 0.122027
3490000 3.368901 -1.774291 0.090701
3500000 4.356211 -1.887409 0.183638
3510000 3.871597 -1.841951 0.213623
3520000 4.095981 -1.899511 0.096677
3530000 4.718902 -1.866342 0.243558
3540000 4.921116 -1.829267 0.127403
3550000 4.483960 -1.963458 0.131158
3560000 3.399244 -1.897790 0.281440
3570000 3.803282 -1.916692 0.173294
3580000 3.315497 -1.903711 0.214851
3590000 2.495221 -1.872164 0.135716
3600000 2.723959 -1.863574 0.171956
3610000 2.011746 -1.895599 0.099979
3620000 2.703842 -1.828630 0.115640
3630000 2.000131 -1.971625 0.207040
3640000 1.729052 -1.934228 0.380242
3650000 2.038351 -1.903126 0.167713
3660000 1.627335 -1.880710 0.221067
3670000 1.374623 -2.060736 0.158287
3680000 1.351843 -1.852978 0.265828
3690000 1.251571 -1.750985 0.157140
3700000 1.146350 -1.974044 0.184428
3710000 0.791709 -1.893904 0.109455
3720000 0.502949 -1.918534 0.179444
3730000 0.499174 -1.912364 0.176295
3740000 0.909824 -1.832565 0.112231
3750000 1.029414 -1.871302 0.238864
3760000 0.711115 -1.853455 0.142907
3770000 1.032094 -1.965634 0.177505
3780000 0.878471 -1.866843 0.131597
3790000 1.252004 -1.926054 0.245164
3800000 0.928492 -2.000313 0.089718
3810000 1.376147 -1.759227 0.078526
3820000 1.855261 -1.855280 0.185293
3830000 1.630985 -1.804174 0.146749
3840000 1.433479 -1.913271 0.197320
3850000 1.972002 -1.945860 0.075801
3860000 2.150531 -1.991905 0.365813
3870000 2.554045 -2.018046 0.156329
3880000 2.687273 -1.931347 0.256163
3890000 2.943993 -1.973593 0.160109
3900000 4.032354 -1.954748 0.182859
3910000 4.096560 -1.910010 0.273975
3920000 4.031287 -1.953522 0.122207
3930000 4.497766 -1.944058 0.120918
3940000 3.506830 -1.900322 0.177687
3950000 2.882206 -1.906823 0.196002
3960000 3.229689 -1.806589 0.159492
3970000 3.926570 -1.903895 0.220847
3980000 4.363369 -1.895696 0.241189
3990000 4.814937 -1.916813 0.210292
4000000 4.797030 -1.949954 0.237045
