100000 1.906030 -1.950862 -0.211368
110000 2.812950 -1.773099 -0.215987
120000 4.159985 -1.845482 -0.232057
130000 4.880463 -1.955623 -0.309500
140000 5.019380 -1.955553 -0.103090
150000 3.974568 -1.836737 -0.166621
160000 5.054543 -1.968940 -0.188098
170000 4.015579 -1.925205 -0.273696
180000 3.511877 -1.918734 -0.168759
190000 2.883213 -1.944290 -0.187498
200000 2.738981 -1.950653 -0.344961
210000 4.270600 -2.001871 -0.141693
220000 3.975708 -1.777915 -0.121933
230000 2.542526 -1.938796 -0.051749
240000 2.603478 -1.907622 -0.243589
250000 2.595141 -2.059977 -0.163443
260000 1.686390 -1.900904 -0.032782
270000 1.180370 -1.962807 -0.310289
280000 0.782104 -1.964170 -0.206589
290000 1.287267 -1.793919 -0.185308
300000 1.456747 -1.975593 -0.199964
310000 1.707550 -1.918872 -0.135542
320000 2.602369 -1.937581 -0.143250
330000 3.036026 -1.928980 -0.165863
340000 4.959231 -1.952135 -0.183069
350000 4.218682 -2.007255 -0.192804
360000 4.196789 -1.830548 -0.264526
370000 3.877028 -2.015574 -0.174037
380000 2.509639 -1.974954 -0.066537
390000 2.887983 -1.848622 -0.142888
400000 3.213637 -1.865253 -0.175882
410000 4.245876 -1.866333 -0.156692
420000 4.561926 -1.859490 -0.100942
430000 3.988815 -1.875447 -0.222073
440000 3.288116 -1.861367 -0.266858
450000 2.725828 -1.789196 -0.207081
460000 1.711513 -1.988417 -0.151431
470000 2.153496 -1.934235 -0.128677
480000 2.851613 -1.869614 -0.302239
490000 2.089049 -1.998164 -0.196018
500000 1.316438 -1.962014 -0.198293
510000 0.636058 -2.055018 -0.203376
520000 0.621198 -1.803274 -0.163560
530000 1.195839 -1.892853 -0.099299
540000 0.842442 -1.957080 -0.227607
550000 0.704271 -1.901464 -0.141622
560000 1.487543 -1.896690 -0.256869
570000 1.875242 -1.993805 -0.342026
580000 1.680928 -1.806575 -0.190849
590000 1.721808 -1.970414 -0.226852
600000 0.978177 -2.059701 -0.217265
610000 0.852209 -1.886519 -0.199506
620000 1.188801 -1.770414 -0.200671
630000 1.329625 -1.799312 -0.322567
640000 1.642182 -1.978948 -0.073610
650000 2.517113 -1.879580 -0.225841
660000 3.568212 -1.924475 -0.081815
670000 4.300759 -1.966999 -0.381586
680000 3.737319 -1.848204 -0.177525
690000 3.972081 -1.856439 -0.050348
700000 3.125625 -1.950212 -0.195211
710000 3.094726 -1.901344 -0.120681
720000 2.855166 -1.908184 -0.162916
730000 4.014281 -1.865573 -0.094502
740000 5.029580 -1.957109 -0.249259
750000 4.750768 -1.894563 -0.227994
760000 5.026153 -1.902000 -0.254469
770000 4.964123 -1.897159 -0.188636
780000 4.664849 -1.887105 -0.217112
790000 3.814971 -1.742066 -0.171289
800000 3.953952 -1.898717 -0.084752
810000 4.864444 -1.841698 -0.133086
820000 5.111117 -1.928112 -0.335377
830000 4.806883 -2.001840 -0.195929
840000 4.352307 -1.919058 -0.198774
850000 4.868176 -1.950816 -0.117973
860000 3.801295 -1.907831 -0.277404
870000 3.161921 -1.944430 -0.175212
880000 2.508629 -1.950660 -0.244279
890000 2.262585 -1.969709 -0.212092
900000 1.498285 -1.958101 -0.249643
910000 1.995230 -2.032723 -0.258969
920000 2.663689 -1.904816 -0.167643
930000 2.495092 -1.974316 -0.117171
940000 3.146877 -1.862249 -0.115444
950000 3.943085 -1.973783 -0.225085
960000 3.098046 -1.802613 -0.031175
970000 3.966056 -1.944138 -0.163781
980000 4.236546 -2.000689 -0.098776
990000 4.402273 -1.884404 -0.071611
1000000 4.389747 -2.003810 -0.120975
1010000 3.845594 -1.932548 -0.219555
1020000 2.655548 -1.913540 -0.153264
1030000 2.160988 -1.938220 -0.115498
1040000 2.442113 -1.756109 -0.077083
1050000 2.391080 -1.949154 -0.084610
1060000 1.875445 -1.968563 -0.156702
1070000 3.110547 -1.865950 -0.095476
1080000 3.517781 -1.939761 -0.039082
1090000 3.378301 -1.949742 -0.024657
1100000 2.958772 -1.921392 -0.123880
1110000 1.700575 -1.886928 -0.166480
1120000 1.185024 -1.977333 -0.132706
1130000 1.202675 -1.969069 -0.180859
1140000 1.289268 -1.911025 -0.225483
1150000 1.316508 -1.852889 -0.147504
1160000 1.549336 -1.825288 -0.270078
1170000 1.716900 -1.914403 -0.203781
1180000 2.028311 -1.874145 -0.251761
1190000 1.844669 -1.999983 -0.139458
1200000 1.455667 -1.935742 -0.297292
1210000 2.041453 -1.903762 -0.132151
1220000 1.992052 -1.845712 -0.172337
1230000 2.375254 -1.927388 -0.146272
1240000 3.559354 -1.930873 -0.171802
1250000 4.018250 -1.979145 -0.239898
1260000 4.492748 -1.861932 -0.237074
1270000 4.683669 -1.906740 -0.230164
1280000 4.479491 -2.118824 -0.027319
1290000 3.266138 -1.908226 -0.199629
1300000 2.943038 -1.883964 -0.238025
1310000 3.025635 -1.734045 -0.114088
1320000 3.863312 -2.001120 -0.260323
1330000 2.678858 -1.983854 -0.223538
1340000 2.459286 -1.887584 -0.092567
1350000 2.520345 -2.003272 -0.103779
1360000 2.307353 -1.968468 -0.064635
1370000 4.622654 -1.938068 -0.135448
1380000 4.981402 -1.820696 -0.254130
1390000 4.681686 -1.901266 -0.279924
1400000 3.966351 -2.007067 -0.086790
1410000 4.033165 -1.903414 -0.208403
1420000 3.510658 -1.945851 -0.169854
1430000 2.867965 -1.957507 -0.106888
1440000 3.107221 -1.975555 -0.179024
1450000 2.830238 -1.890848 -0.042548
1460000 2.358206 -1.929658 -0.032986
1470000 2.734883 -1.930833 -0.119495
1480000 2.742088 -2.110630 -0.226318
1490000 2.855620 -1.870880 -0.133820
1500000 1.769214 -1.894540 -0.209037
1510000 1.378826 -1.894562 -0.153045
1520000 0.776563 -1.961630 -0.130384
1530000 0.673982 -2.039977 -0.068686
1540000 0.674338 -1.943488 -0.175398
1550000 0.993694 -1.998804 -0.270401
1560000 1.086058 -1.846827 -0.264864
1570000 0.908295 -1.907194 -0.250231
1580000 0.807569 -1.768745 -0.141519
1590000 0.679451 -2.012165 -0.218820
1600000 0.814042 -1.959068 -0.175648
1610000 0.898530 -2.003320 -0.063521
1620000 1.389802 -1.754307 -0.152548
1630000 1.281728 -1.817911 -0.185785
1640000 1.288188 -1.939597 -0.042904
1650000 1.620733 -1.957608 -0.170168
1660000 1.369195 -1.745099 -0.245947
1670000 2.097089 -1.982771 -0.116656
1680000 2.431564 -1.837974 -0.294814
1690000 2.102838 -1.881796 -0.157951
1700000 2.292764 -1.983612 -0.088297
1710000 2.930448 -2.093990 -0.244571
1720000 4.269717 -1.801525 -0.292926
1730000 5.045691 -1.923574 -0.231783
1740000 4.928683 -1.809135 -0.037913
1750000 4.848291 -1.902754 -0.059938
1760000 5.005832 -1.852706 -0.283970
1770000 4.715757 -1.914173 -0.246776
1780000 4.410818 -2.141776 -0.044868
1790000 4.167899 -1.925162 -0.247246
1800000 3.754341 -1.967968 -0.101921
1810000 3.951914 -1.878943 -0.170112
1820000 4.530325 -1.711137 -0.194589
1830000 4.245282 -2.001503 -0.138304
1840000 5.143018 -1.997574 -0.097433
1850000 4.204377 -1.984058 -0.075705
1860000 3.980101 -1.914127 -0.137302
1870000 3.360057 -1.945510 -0.256031
1880000 3.209292 -1.967075 -0.119785
1890000 2.984353 -1.948095 -0.040994
1900000 3.553630 -2.015055 -0.201537
1910000 2.418080 -1.985112 -0.137076
1920000 2.109097 -1.924953 -0.157419
1930000 3.215038 -1.845406 -0.189901
1940000 4.380908 -2.079887 -0.123776
1950000 4.622531 -1.869687 -0.052210
1960000 4.676573 -1.889440 -0.166863
1970000 4.922961 -1.945001 -0.249412
1980000 4.416474 -1.888084 -0.158752
1990000 5.009154 -2.002925 -0.040569
2000000 4.913333 -1.946741 -0.081142
2010000 3.497009 -2.078183 -0.166189
2020000 3.567436 -1.951223 -0.114640
2030000 2.968450 -1.863849 -0.147689
2040000 3.899113 -1.961795 -0.186253
2050000 4.730096 -1.803211 -0.180514
2060000 5.018767 -1.998599 -0.195206
2070000 4.352215 -1.751698 -0.181144
2080000 4.990880 -1.947655 -0.282031
2090000 3.060800 -2.034775 -0.241293
2100000 3.977208 -1.960220 -0.195784
2110000 3.804559 -1.900305 -0.152532
2120000 3.711967 -1.870528 -0.222960
2130000 3.174392 -1.829279 -0.092286
2140000 1.913036 -1.982836 -0.237131
2150000 2.291763 -1.959233 -0.181588
2160000 1.707881 -1.826103 -0.230418
2170000 1.540231 -1.983884 -0.217743
2180000 1.434024 -1.752931 -0.083628
2190000 1.700811 -1.912226 -0.138203
2200000 2.165032 -1.862446 -0.205085
2210000 2.600906 -1.895209 -0.121939
2220000 3.362439 -1.969268 -0.113473
2230000 3.357487 -2.033352 -0.273080
2240000 3.261145 -1.890872 -0.233498
2250000 4.537705 -1.891731 -0.117440
2260000 4.999171 -1.891056 -0.152200
2270000 4.620786 -2.032584 -0.172108
2280000 4.819511 -1.862711 -0.088055
2290000 4.301191 -1.900246 -0.256928
2300000 3.841962 -1.975283 -0.212506
2310000 3.764944 -2.007938 -0.175958
2320000 4.337682 -1.942056 -0.129317
2330000 3.336608 -1.988083 -0.116033
2340000 2.815393 -1.770833 -0.069859
2350000 2.132668 -1.979688 -0.077331
2360000 2.037523 -1.964810 -0.062719
2370000 2.272123 -1.974244 -0.175563
2380000 2.472637 -1.986062 -0.215431
2390000 3.406528 -1.883596 -0.090451
2400000 3.320903 -1.862780 -0.119090
2410000 3.015350 -1.978977 -0.223956
2420000 3.673677 -1.955724 -0.178707
2430000 3.878346 -1.807465 -0.052557
2440000 4.636919 -1.933250 -0.353691
2450000 4.854459 -1.931216 -0.195987
2460000 5.051700 -2.076054 -0.187825
2470000 5.068962 -1.916640 -0.074486
2480000 4.232567 -2.000100 -0.137200
2490000 3.751970 -1.863327 -0.245951
2500000 3.712609 -1.967651 -0.086225
2510000 4.684310 -1.958517 -0.223092
2520000 4.635264 -2.040703 -0.167322
2530000 4.728838 -1.889524 -0.189915
2540000 4.829254 -1.948434 -0.267601
2550000 4.713919 -1.967197 -0.103259
2560000 5.022312 -1.940075 -0.305432
2570000 4.558916 -1.910387 -0.223423
2580000 4.334227 -1.957294 -0.125135
2590000 3.917468 -1.984308 -0.193932
2600000 3.368460 -1.821378 -0.181826
2610000 2.778992 -1.967857 -0.114870
2620000 2.565985 -1.915319 -0.213965
2630000 2.378421 -1.964525 -0.238304
2640000 1.897590 -1.895837 -0.216090
2650000 1.618160 -1.888689 -0.130720
2660000 1.163697 -1.854659 -0.250452
2670000 1.212313 -2.007294 -0.239748
2680000 1.084955 -1.980036 -0.107201
2690000 1.361380 -1.947068 -0.153462
2700000 1.349704 -1.871070 -0.102280
2710000 1.380423 -1.869440 -0.199826
2720000 1.696985 -1.903795 -0.147325
2730000 1.564067 -1.995424 -0.075632
2740000 1.587582 -1.916483 -0.096221
2750000 1.017543 -1.993311 -0.230659
2760000 0.781030 -2.114942 -0.153718
2770000 0.705789 -1.984306 -0.025700
2780000 0.566400 -1.931064 -0.181381
2790000 0.823680 -1.860898 -0.272563
2800000 0.773985 -1.863672 -0.133460
2810000 1.084074 -2.007260 -0.321532
2820000 1.109469 -1.984253 -0.163015
2830000 1.347576 -1.995214 -0.171662
2840000 1.628275 -1.930153 -0.368882
2850000 1.966237 -2.000651 -0.184970
2860000 1.994440 -1.950356 -0.154866
2870000 2.393307 -1.875411 -0.289055
2880000 2.366891 -1.957195 -0.257034
2890000 3.035633 -1.868632 -0.154802
2900000 2.701630 -1.884641 -0.117762
2910000 1.491498 -1.977186 -0.162745
2920000 1.858995 -1.904665 -0.071434
2930000 1.842252 -1.952604 -0.084747
2940000 2.457246 -1.892362 -0.199615
2950000 2.483300 -1.941345 -0.066455
2960000 2.725410 -1.976888 -0.309059
2970000 3.274748 -1.953959 -0.023542
2980000 3.594825 -1.952267 -0.188699
2990000 3.378315 -1.971559 -0.096319
3000000 3.455527 -1.865505 -0.128061
3010000 3.597986 -1.892229 -0.113460
3020000 4.151921 -1.802022 -0.206567
3030000 4.673828 -1.993642 -0.133267
3040000 3.893333 -1.881523 -0.188936
3050000 3.612777 -1.921551 -0.164040
3060000 4.178610 -1.788538 -0.322691
3070000 4.877545 -2.002334 -0.282791
3080000 4.878417 -1.988840 -0.222622
3090000 4.340055 -1.898122 -0.115759
3100000 4.429225 -1.844096 -0.166812
3110000 4.312948 -1.920027 -0.131049
3120000 3.567128 -1.859924 -0.119045
3130000 3.203297 -1.945657 -0.168070
3140000 2.687855 -1.927117 -0.138700
3150000 2.835415 -1.958262 -0.186453
3160000 2.542733 -1.854099 -0.075033
3170000 2.450781 -1.928209 -0.203759
3180000 2.724991 -1.857215 -0.163471
3190000 3.106429 -1.930102 -0.259165
3200000 3.611026 -1.867328 -0.186019
3210000 3.749137 -1.888722 -0.296395
3220000 4.155924 -1.902003 -0.168759
3230000 3.947597 -1.913247 -0.198553
3240000 4.186672 -1.934687 -0.159761
3250000 4.683773 -2.042356 -0.093132
3260000 4.980541 -1.995426 -0.247247
3270000 4.617617 -1.908533 -0.059166
3280000 3.954792 -1.912545 -0.173918
3290000 3.248802 -1.881323 -0.221073
3300000 3.348959 -1.887760 -0.037620
3310000 3.006950 -1.926934 -0.195195
3320000 2.744002 -1.892124 -0.225825
3330000 2.099773 -1.978070 -0.199651
3340000 2.095888 -1.846530 -0.262707
3350000 1.898883 -1.914625 -0.220663
3360000 1.292829 -1.872379 -0.137325
3370000 1.308375 -1.838502 -0.311924
3380000 1.058200 -2.003889 -0.070536
3390000 0.946349 -2.087664 -0.227562
3400000 1.025189 -2.039624 -0.265914
3410000 1.027469 -1.954263 -0.227972
3420000 1.030546 -1.842068 -0.180374
3430000 0.728975 -1.962693 -0.025804
3440000 0.847874 -1.792768 -0.164226
3450000 1.111376 -1.827679 -0.241862
3460000 0.710567 -2.022723 -0.196616
3470000 0.768005 -1.978959 -0.168973
3480000 1.011582 -2.013276 -0.190529
3490000 0.908508 -2.033782 -0.174358
3500000 0.574359 -1.992364 -0.194850
3510000 0.864874 -1.973726 -0.072371
3520000 0.965183 -1.851776 -0.157990
3530000 0.859430 -1.879567 -0.101864
3540000 0.732519 -2.095247 -0.117455
3550000 0.505602 -1.831785 -0.134079
3560000 1.200861 -1.810211 -0.204355
3570000 1.353567 -1.744695 -0.104859
3580000 1.226486 -1.807004 -0.165843
3590000 1.404100 -2.156301 -0.234724
3600000 1.058302 -1.986451 -0.179880
3610000 1.404919 -1.928309 -0.081599
3620000 1.453706 -1.816691 -0.233749
3630000 1.724656 -1.880649 -0.211682
3640000 1.555351 -1.954367 -0.132807
3650000 1.777386 -1.994360 -0.221089
3660000 2.059382 -1.984023 -0.121400
3670000 2.373068 -1.810318 -0.260080
3680000 2.142187 -1.925960 -0.099064
3690000 2.642781 -1.875769 -0.258536
3700000 2.371535 -1.932217 -0.143971
3710000 2.799007 -1.791528 -0.287169
3720000 3.738800 -1.962810 -0.178326
3730000 4.116814 -2.038082 -0.212773
3740000 4.060446 -1.871129 -0.221326
3750000 4.362342 -1.855982 -0.143934
3760000 4.432435 -2.007630 -0.168718
3770000 3.972892 -1.867274 -0.198951
3780000 3.977716 -1.885165 -0.142265
3790000 4.910159 -1.959514 -0.108357
3800000 4.561323 -1.978085 -0.077190
3810000 4.369852 -1.932119 -0.188673
3820000 4.348489 -2.039022 -0.302708
3830000 4.705938 -1.935084 -0.061777
3840000 4.842940 -1.861194 -0.280501
3850000 3.937252 -1.991445 -0.200300
3860000 3.018794 -2.009819 -0.253285
3870000 1.967001 -2.086192 -0.204506
3880000 2.994747 -1.925797 -0.161107
3890000 3.709557 -2.007991 -0.175844
3900000 3.243048 -1.830610 -0.255872
3910000 3.050121 -1.920379 -0.163589
3920000 2.814519 -2.016791 -0.295320
3930000 2.506051 -1.946491 -0.223524
3940000 3.202714 -2.036208 -0.204310
3950000 2.782965 -2.021442 -0.149245
3960000 2.036020 -2.001401 -0.136776
3970000 2.040403 -1.843615 -0.155980
3980000 1.643124 -1.959603 -0.281522
3990000 1.542026 -1.717413 -0.262025
4000000 1.810219 -1.857328 -0.264142
