100000 3.859995 -1.944033 -1.316666
110000 3.010938 -1.859022 -1.374613
120000 2.925287 -1.875885 -1.319850
130000 2.434321 -1.901656 -1.396682
140000 3.016743 -1.916420 -1.393845
150000 4.698403 -1.861243 -1.486037
160000 4.690474 -1.918825 -1.359541
170000 4.265774 -1.847106 -1.336671
180000 4.497547 -1.852517 -1.487513
190000 4.759652 -1.895173 -1.329891
200000 2.927986 -1.951230 -1.440326
210000 2.144461 -1.941554 -1.599509
220000 3.669636 -1.973285 -1.421714
230000 3.241429 -1.973250 -1.485465
240000 2.177444 -1.884476 -1.436359
250000 1.942250 -1.876433 -1.394642
260000 3.463740 -1.807793 -1.370451
270000 2.182624 -1.923116 -1.500100
280000 2.344505 -1.972178 -1.561053
290000 4.149456 -2.038997 -1.375550
300000 4.102176 -1.956213 -1.398918
310000 3.655799 -1.889551 -1.471995
320000 4.882941 -1.947510 -1.341581
330000 4.546190 -2.048935 -1.300382
340000 3.823998 -2.073689 -1.431800
350000 2.657332 -1.957975 -1.312847
360000 2.334488 -1.900219 -1.431132
370000 1.368485 -1.946491 -1.441336
380000 1.224599 -1.917521 -1.308840
390000 1.500032 -1.878059 -1.474101
400000 2.013341 -1.823747 -1.324668
410000 1.406684 -1.969766 -1.267968
420000 0.633666 -2.037146 -1.482655
430000 0.688537 -1.893415 -1.422063
440000 0.910097 -1.920575 -1.365346
450000 1.100879 -2.022529 -1.443076
460000 0.581491 -1.845752 -1.433791
470000 0.805801 -1.951904 -1.506209
480000 1.266157 -1.936284 -1.353402
490000 1.016160 -1.923529 -1.544561
500000 0.896777 -1.970938 -1.471678
510000 1.391130 -1.815883 -1.355926
520000 1.510602 -1.784500 -1.412827
530000 1.931328 -2.007441 -1.433295
540000 2.580587 -1.816403 -1.415760
550000 4.146128 -1.833728 -1.427968
560000 3.023045 -1.885122 -1.380365
570000 4.553609 -1.921933 -1.403227
580000 4.237862 -1.936464 -1.374103
590000 4.130275 -1.845361 -1.466857
600000 3.612182 -1.884155 -1.381830
610000 3.378710 -1.877706 -1.444178
620000 3.107188 -1.973760 -1.546191
630000 2.455255 -2.060924 -1.383819
640000 2.056464 -1.951421 -1.476833
650000 2.878655 -1.874025 -1.477324
660000 2.374114 -1.867063 -1.282974
670000 3.794916 -2.028671 -1.283444
680000 3.913019 -1.923864 -1.439335
690000 3.490784 -1.809236 -1.455897
700000 2.669667 -1.977776 -1.416377
710000 1.834825 -1.963441 -1.397276
720000 1.670961 -1.904926 -1.391083
730000 3.032046 -1.871979 -1.279038
740000 2.414386 -1.878885 -1.394336
750000 1.902004 -1.892496 -1.372315
760000 3.536773 -1.952736 -1.333137
770000 4.260350 -1.919923 -1.397633
780000 3.923752 -1.886114 -1.474262
790000 3.520681 -1.920768 -1.428559
800000 3.124128 -1.942547 -1.451115
810000 3.343513 -1.856466 -1.399048
820000 4.604044 -2.000056 -1.432016
830000 4.929142 -2.023215 -1.495589
840000 3.541313 -1.862543 -1.419267
850000 3.871974 -1.903135 -1.391798
860000 2.795442 -1.838596 -1.479082
870000 3.664232 -1.939556 -1.404521
880000 3.596597 -1.779109 -1.393226
890000 4.218916 -1.968510 -1.421211
900000 4.928664 -1.850722 -1.400004
910000 4.714592 -1.864806 -1.300197
920000 4.745513 -1.910045 -1.338026
930000 4.712782 -1.925700 -1.348738
940000 3.412009 -1.918480 -1.418650
950000 2.324543 -1.841371 -1.379998
960000 2.645174 -2.023819 -1.424959
970000 1.596724 -1.995034 -1.402187
980000 1.977233 -1.979399 -1.439363
990000 1.735709 -1.947179 -1.509682
1000000 1.694566 -1.812275 -1.424965
1010000 1.854875 -1.900266 -1.408373
1020000 2.033516 -1.818866 -1.424126
1030000 2.660537 -1.956397 -1.320275
1040000 3.382541 -1.890758 -1.334868
1050000 4.213104 -1.741047 -1.405520
1060000 3.017078 -1.726547 -1.470865
1070000 2.918221 -1.904560 -1.388430
1080000 4.093617 -1.882149 -1.422548
1090000 3.562688 -1.926803 -1.437953
1100000 2.295636 -1.937820 -1.294915
1110000 2.557876 -1.979386 -1.444188
1120000 2.155979 -1.961792 -1.312606
1130000 2.673813 -1.929194 -1.356935
1140000 3.647421 -1.988586 -1.352357
1150000 4.466823 -1.984442 -1.417487
1160000 4.440600 -1.916954 -1.426577
1170000 4.510082 -1.833138 -1.458846
1180000 3.083337 -1.955656 -1.454378
1190000 4.558729 -1.914051 -1.427068
1200000 4.364958 -1.968036 -1.478556
1210000 5.078441 -1.859785 -1.335382
1220000 3.603900 -1.883115 -1.390554
1230000 4.036702 -1.959382 -1.435817
1240000 4.062747 -1.977147 -1.393677
1250000 4.877338 -1.912818 -1.315442
1260000 4.776275 -1.916741 -1.285071
1270000 3.970699 -1.956993 -1.450803
1280000 2.515518 -1.894104 -1.523582
1290000 2.447343 -1.848525 -1.423385
1300000 1.821770 -1.940411 -1.451689
1310000 0.726123 -2.060943 -1.442116
1320000 1.011866 -1.926608 -1.397790
1330000 0.803379 -1.999435 -1.310225
1340000 0.792762 -1.847744 -1.204384
1350000 1.309421 -1.962845 -1.400138
1360000 1.367085 -1.763369 -1.385363
1370000 1.410369 -1.849800 -1.524651
1380000 1.161353 -1.824872 -1.345418
1390000 1.397303 -1.908784 -1.333881
1400000 1.705544 -2.001025 -1.417378
1410000 2.022892 -1.919061 -1.508351
1420000 1.450075 -1.863824 -1.522814
1430000 1.901528 -1.912590 -1.406288
1440000 2.132883 -1.951975 -1.184240
1450000 2.367620 -1.918343 -1.481561
1460000 2.784537 -1.947222 -1.439758
1470000 2.618689 -1.856828 -1.545669
1480000 3.628755 -1.817062 -1.337075
1490000 3.962462 -1.967692 -1.317374
1500000 3.357814 -2.022293 -1.399512
1510000 2.597995 -1.944002 -1.288395
1520000 2.440646 -1.924807 -1.382918
1530000 2.828441 -1.890326 -1.254140
1540000 2.087369 -2.014867 -1.435461
1550000 1.821720 -1.915939 -1.446251
1560000 1.729943 -2.025910 -1.349375
1570000 2.242681 -1.965957 -1.451604
1580000 3.199642 -1.903120 -1.320858
1590000 3.668237 -1.918679 -1.418833
1600000 4.125021 -2.032760 -1.354122
1610000 3.786648 -1.990541 -1.422819
1620000 3.540843 -2.027611 -1.325015
1630000 4.689353 -1.831496 -1.409301
1640000 4.699936 -1.868396 -1.353161
1650000 4.264500 -1.786762 -1.337696
1660000 4.573661 -1.813366 -1.348707
1670000 5.019048 -1.894513 -1.525532
1680000 3.816609 -1.978778 -1.355597
1690000 4.582697 -1.842816 -1.308169
1700000 3.110723 -1.975488 -1.243218
1710000 3.077612 -1.807515 -1.431838
1720000 3.700364 -1.965372 -1.528707
1730000 4.051065 -1.937394 -1.230339
1740000 4.965999 -1.953551 -1.394541
1750000 4.883134 -1.902033 -1.356559
1760000 4.773434 -1.992501 -1.307810
1770000 4.259038 -1.796312 -1.503449
1780000 3.948227 -1.884794 -1.590801
1790000 4.673883 -1.921543 -1.298638
1800000 4.571758 -1.964850 -1.444893
1810000 2.962489 -1.849905 -1.493539
1820000 2.123981 -1.877819 -1.481327
1830000 2.194169 -1.786998 -1.363585
1840000 2.911074 -1.875988 -1.319294
1850000 2.959729 -2.002407 -1.376638
1860000 3.280158 -1.794258 -1.370331
1870000 2.918748 -1.734324 -1.411998
1880000 1.274789 -1.899698 -1.408487
1890000 1.094285 -1.887243 -1.444813
1900000 0.996598 -1.836927 -1.360109
1910000 0.982018 -1.888795 -1.229699
1920000 0.784731 -1.713012 -1.271643
1930000 1.107251 -2.042938 -1.428858
1940000 1.255800 -2.020557 -1.360923
1950000 1.247923 -1.979944 -1.348675
1960000 0.613162 -2.127238 -1.453260
1970000 0.709851 -1.964362 -1.450307
1980000 1.430979 -1.928799 -1.352449
1990000 1.637503 -1.867987 -1.256823
2000000 1.482626 -1.884836 -1.363731
2010000 1.625432 -1.852486 -1.260007
2020000 2.078877 -1.966321 -1.493330
2030000 2.465760 -2.088146 -1.381837
2040000 1.946917 -1.834888 -1.291650
2050000 1.934360 -1.942809 -1.441645
2060000 1.604386 -1.962866 -1.420121
2070000 1.520140 -1.907740 -1.530359
2080000 1.231206 -1.886269 -1.406182
2090000 1.146053 -1.865248 -1.368561
2100000 1.211060 -1.968587 -1.359201
2110000 1.242873 -1.780263 -1.347499
2120000 0.913606 -1.905957 -1.451728
2130000 0.597589 -1.915733 -1.373126
2140000 0.600679 -1.882568 -1.422110
2150000 0.625968 -1.939344 -1.411378
2160000 0.636003 -1.941514 -1.279063
2170000 0.627219 -2.115338 -1.483867
2180000 0.863941 -2.070605 -1.307319
2190000 0.843600 -1.915022 -1.374908
2200000 1.064765 -1.817721 -1.492245
2210000 1.153185 -2.005179 -1.476884
2220000 1.238311 -1.893267 -1.423486
2230000 1.319783 -1.883452 -1.331084
2240000 0.964898 -1.981469 -1.456834
2250000 1.249682 -1.945217 -1.405573
2260000 1.007828 -1.830047 -1.302758
2270000 1.121030 -2.020434 -1.386267
2280000 0.690782 -1.934224 -1.583283
2290000 0.734678 -1.919680 -1.295079
2300000 0.742060 -1.939637 -1.329427
2310000 0.865749 -1.881172 -1.430482
2320000 1.795688 -1.811638 -1.401365
2330000 1.787111 -2.007270 -1.407111
2340000 2.946288 -1.796904 -1.385425
2350000 3.839544 -1.933916 -1.487332
2360000 3.698150 -1.962651 -1.478768
2370000 3.696581 -1.871880 -1.436949
2380000 3.467144 -1.915871 -1.388980
2390000 2.793536 -1.974441 -1.290245
2400000 3.536820 -1.890981 -1.286143
2410000 3.074914 -1.941693 -1.373182
2420000 3.729088 -1.983137 -1.367381
2430000 3.794670 -2.015800 -1.429959
2440000 4.549599 -2.070815 -1.405467
2450000 4.626638 -1.876787 -1.377867
2460000 4.468328 -1.857076 -1.264086
2470000 4.733304 -1.927261 -1.514515
2480000 3.941181 -1.981977 -1.434764
2490000 3.003991 -2.032130 -1.450521
2500000 2.479696 -1.853469 -1.409591
2510000 2.163583 -2.099426 -1.439238
2520000 2.277532 -2.094318 -1.430476
2530000 1.805598 -1.894913 -1.385149
2540000 1.620776 -1.865404 -1.275300
2550000 1.649240 -1.927085 -1.284000
2560000 1.609991 -1.896768 -1.402802
2570000 2.198297 -1.990251 -1.487374
2580000 2.701231 -1.896936 -1.279154
2590000 2.883491 -1.953756 -1.440034
2600000 3.602992 -1.898250 -1.501856
2610000 2.950269 -2.040525 -1.400146
2620000 3.085888 -1.853323 -1.364866
2630000 3.694933 -1.917755 -1.288004
2640000 3.932107 -1.953663 -1.475668
2650000 4.060584 -1.762106 -1.424828
2660000 3.885539 -1.804259 -1.480411
2670000 3.823080 -1.887573 -1.381713
2680000 3.192184 -2.031222 -1.326908
2690000 3.798398 -1.839671 -1.464118
2700000 3.779668 -1.838317 -1.357175
2710000 3.950810 -1.905453 -1.386826
2720000 4.802017 -1.983020 -1.395956
2730000 4.772840 -1.941764 -1.396668
2740000 3.334946 -1.990367 -1.358124
2750000 2.416572 -1.927191 -1.258117
2760000 2.625706 -1.941281 -1.376898
2770000 1.889727 -1.855536 -1.460658
2780000 2.075159 -1.987782 -1.286894
2790000 2.425253 -1.958566 -1.464514
2800000 2.145478 -2.004949 -1.481188
2810000 3.125508 -1.859938 -1.260787
2820000 2.079809 -1.870896 -1.153390
2830000 1.658365 -1.819781 -1.355846
2840000 2.334973 -1.970581 -1.401778
2850000 2.929315 -1.887047 -1.408477
2860000 3.045737 -2.024561 -1.389328
2870000 3.452413 -1.927452 -1.501689
2880000 3.103113 -2.036235 -1.437022
2890000 2.680795 -1.935827 -1.340948
2900000 4.015452 -1.899791 -1.316009
2910000 4.057598 -1.821569 -1.303554
2920000 4.297686 -1.928645 -1.470829
2930000 4.177841 -1.824540 -1.380602
2940000 4.674442 -1.984161 -1.387265
2950000 4.984619 -1.839081 -1.349050
2960000 4.775384 -1.965954 -1.488157
2970000 4.610460 -2.019967 -1.375304
2980000 4.450335 -1.890309 -1.445350
2990000 3.671608 -1.875081 -1.341614
3000000 3.969280 -1.897879 -1.467723
3010000 2.828362 -1.868917 -1.515665
3020000 2.692726 -1.860152 -1.290980
3030000 1.797861 -1.962868 -1.407732
3040000 2.435007 -1.936184 -1.466139
3050000 1.824643 -1.777728 -1.541137
3060000 2.606691 -1.952105 -1.412490
3070000 3.610210 -1.821240 -1.475297
3080000 4.251856 -1.819512 -1.365127
3090000 4.626363 -2.002106 -1.380026
3100000 4.014365 -1.915541 -1.297793
3110000 3.217575 -1.953778 -1.449765
3120000 3.840442 -1.894108 -1.459664
3130000 3.515701 -1.861995 -1.351865
3140000 3.991314 -1.890060 -1.437571
3150000 5.064656 -1.887373 -1.421409
3160000 4.654328 -1.868716 -1.440620
3170000 3.901258 -1.957895 -1.495903
3180000 3.836373 -1.862166 -1.452742
3190000 2.758756 -1.933200 -1.493423
3200000 2.401085 -1.912736 -1.472131
3210000 3.188296 -1.970931 -1.448117
3220000 3.324265 -1.826171 -1.481084
3230000 2.899509 -1.915145 -1.348367
3240000 3.280648 -1.905470 -1.351185
3250000 2.855514 -1.890687 -1.486739
3260000 2.367927 -1.888201 -1.384547
3270000 1.986649 -1.908879 -1.416365
3280000 1.632234 -1.891717 -1.355119
3290000 1.704543 -2.009761 -1.399551
3300000 1.427294 -1.907181 -1.388742
3310000 1.448282 -1.915091 -1.421348
3320000 1.317859 -1.969844 -1.264397
3330000 1.439385 -2.078706 -1.429045
3340000 1.459884 -2.028393 -1.495690
3350000 1.510865 -1.968594 -1.489244
3360000 1.563771 -1.926087 -1.470545
3370000 1.971000 -1.822588 -1.449093
3380000 2.317718 -1.877673 -1.302738
3390000 2.653772 -1.821332 -1.364631
3400000 3.221014 -1.899717 -1.300444
3410000 3.767828 -2.065368 -1.514325
3420000 4.625763 -1.875480 -1.398386
3430000 4.661160 -1.713321 -1.457455
3440000 4.146378 -1.802226 -1.380443
3450000 4.594530 -1.883990 -1.415262
3460000 4.848338 -1.918379 -1.378926
3470000 4.697342 -1.886620 -1.416628
3480000 4.285465 -2.004181 -1.395932
3490000 3.806355 -1.901791 -1.385407
3500000 4.728614 -1.866211 -1.350099
3510000 3.548897 -1.912133 -1.336460
3520000 3.837495 -1.813405 -1.340262
3530000 4.087964 -1.836625 -1.477883
3540000 4.019169 -1.967114 -1.450987
3550000 4.646913 -1.965467 -1.490776
3560000 4.700720 -1.895675 -1.493771
3570000 4.322844 -1.955176 -1.418239
3580000 3.456130 -1.921234 -1.354660
3590000 4.460830 -2.059037 -1.405195
3600000 4.285639 -1.831970 -1.349077
3610000 3.135219 -1.922369 -1.409988
3620000 2.781434 -1.922513 -1.366704
3630000 1.620105 -1.916697 -1.286438
3640000 1.033347 -1.911893 -1.489120
3650000 1.100551 -1.928782 -1.371324
3660000 1.204053 -1.783680 -1.422534
3670000 0.998408 -2.037042 -1.539257
3680000 0.911650 -1.936068 -1.476195
3690000 0.894010 -1.918086 -1.292663
3700000 0.936306 -1.777414 -1.553225
3710000 1.295665 -1.903299 -1.350338
3720000 1.170633 -1.922645 -1.407809
3730000 1.035055 -1.864362 -1.421423
3740000 1.051386 -1.961204 -1.448185
3750000 1.280711 -1.935861 -1.342336
3760000 1.172987 -1.778093 -1.450839
3770000 1.375171 -1.944089 -1.412760
3780000 1.306666 -1.937355 -1.423401
3790000 1.016318 -1.867482 -1.407309
3800000 1.181570 -1.810487 -1.373944
3810000 1.688335 -1.790931 -1.386412
3820000 2.602208 -1.829536 -1.433248
3830000 2.873026 -1.880002 -1.371906
3840000 2.240452 -1.826179 -1.410840
3850000 2.588626 -2.026262 -1.422173
3860000 2.469400 -1.886631 -1.286131
3870000 1.987672 -1.972637 -1.446259
3880000 1.813084 -1.957785 -1.408702
3890000 1.742633 -1.985061 -1.424903
3900000 1.725144 -1.938559 -1.350007
3910000 1.457252 -1.829748 -1.562643
3920000 1.720949 -1.860865 -1.535399
3930000 1.553070 -1.895917 -1.463586
3940000 1.381908 -1.873895 -1.518002
3950000 1.575372 -2.011187 -1.307848
3960000 1.192699 -1.978415 -1.426258
3970000 1.012483 -2.046183 -1.435212
3980000 0.805138 -1.967513 -1.374406
3990000 0.868078 -1.952946 -1.454768
4000000 0.828465 -1.997533 -1.366903
