100000 4.023303 -1.939153 -1.536004
110000 4.026510 -1.812984 -1.653282
120000 4.831836 -1.949527 -1.576475
130000 4.782688 -1.865702 -1.730270
140000 4.172486 -1.820304 -1.577132
150000 3.470822 -1.928621 -1.580073
160000 4.546111 -1.806723 -1.619269
170000 4.590886 -2.009162 -1.666900
180000 3.057117 -1.913247 -1.595716
190000 1.899151 -1.919705 -1.563818
200000 2.641322 -2.039922 -1.441909
210000 2.407595 -1.848577 -1.540775
220000 3.357200 -1.982256 -1.655692
230000 2.739150 -1.948607 -1.485119
240000 1.654901 -2.035390 -1.553689
250000 1.546191 -1.914300 -1.641897
260000 2.214444 -1.961006 -1.523059
270000 2.294495 -1.878865 -1.602812
280000 3.551320 -1.959708 -1.509536
290000 3.535927 -1.828420 -1.512169
300000 4.713226 -1.922183 -1.627778
310000 4.799916 -1.862129 -1.658343
320000 4.835358 -2.034343 -1.492563
330000 3.585489 -1.877919 -1.479949
340000 3.934811 -1.900914 -1.551107
350000 2.859895 -2.014591 -1.562040
360000 2.991674 -2.041343 -1.633141
370000 4.298605 -1.916682 -1.542714
380000 4.739042 -1.852465 -1.489997
390000 3.208044 -2.016514 -1.603889
400000 1.961637 -1.872160 -1.637411
410000 1.868232 -1.886616 -1.592651
420000 0.810621 -1.990732 -1.513541
430000 1.037454 -2.067751 -1.575319
440000 1.111031 -2.087842 -1.536737
450000 1.578731 -1.971137 -1.472031
460000 2.096098 -1.859784 -1.678531
470000 2.576099 -1.877424 -1.534432
480000 2.747708 -1.886100 -1.584972
490000 2.018098 -1.867566 -1.676028
500000 3.017623 -1.799052 -1.573224
510000 3.527989 -2.058721 -1.493675
520000 4.679586 -1.891448 -1.567790
530000 4.753736 -1.937417 -1.603070
540000 4.281039 -1.999568 -1.403323
550000 3.421903 -1.937072 -1.488879
560000 3.005464 -1.980221 -1.700538
570000 2.546237 -2.048932 -1.531825
580000 2.628499 -1.852989 -1.540683
590000 1.466247 -1.961874 -1.549259
600000 1.249650 -1.887911 -1.605386
610000 0.792223 -1.939786 -1.541833
620000 0.907433 -1.972377 -1.636214
630000 0.813288 -1.866071 -1.552273
640000 0.885354 -2.038093 -1.673160
650000 0.627796 -1.996006 -1.576090
660000 0.995740 -1.904548 -1.498959
670000 1.170044 -1.754423 -1.473201
680000 1.291647 -1.903962 -1.636846
690000 1.398065 -1.959461 -1.530064
700000 1.582795 -1.924349 -1.494671
710000 0.997464 -2.051066 -1.538341
720000 1.286963 -1.872038 -1.461486
730000 1.027837 -1.897867 -1.596879
740000 1.081805 -1.946792 -1.536018
750000 1.804019 -2.006721 -1.525495
760000 1.571492 -2.012462 -1.721769
770000 2.182863 -1.900724 -1.445697
780000 2.328871 -1.935104 -1.637262
790000 2.276726 -2.021708 -1.663160
800000 3.222948 -2.054573 -1.592231
810000 3.996417 -1.922293 -1.569849
820000 3.024439 -1.983378 -1.631536
830000 4.454384 -1.861887 -1.552748
840000 4.270684 -1.893426 -1.459279
850000 3.422826 -1.924398 -1.512028
860000 2.963181 -1.968787 -1.474426
870000 4.502437 -1.924701 -1.537448
880000 4.704142 -1.915888 -1.533050
890000 4.090609 -1.992207 -1.514245
900000 4.402026 -1.835495 -1.542260
910000 4.580535 -1.822909 -1.394599
920000 4.327784 -1.956072 -1.523699
930000 4.961352 -1.943811 -1.643173
940000 3.603081 -1.745598 -1.564332
950000 2.821870 -1.992222 -1.615311
960000 2.631382 -1.927009 -1.594742
970000 2.314918 -1.940154 -1.592721
980000 2.033526 -1.943087 -1.470790
990000 2.965137 -1.920980 -1.515002
1000000 2.671502 -1.878968 -1.563784
1010000 3.785777 -1.896951 -1.544167
1020000 3.172488 -1.745311 -1.476354
1030000 2.762550 -1.836206 -1.632064
1040000 1.783603 -2.092454 -1.524298
1050000 1.475912 -1.944550 -1.606805
1060000 1.560234 -1.931316 -1.510935
1070000 1.581402 -2.017274 -1.477877
1080000 1.356323 -1.903132 -1.646307
1090000 1.537741 -1.962835 -1.582396
1100000 1.403001 -1.875378 -1.596046
1110000 0.816233 -1.830454 -1.457533
1120000 0.505324 -2.022481 -1.681250
1130000 0.561629 -1.823494 -1.513946
1140000 0.823352 -1.965367 -1.659400
1150000 0.887239 -1.946233 -1.537833
1160000 0.969506 -1.956541 -1.592886
1170000 1.267459 -1.929181 -1.430086
1180000 1.109490 -1.884261 -1.469999
1190000 0.659412 -1.977536 -1.531459
1200000 0.757302 -1.899226 -1.662945
1210000 1.138861 -1.908039 -1.503065
1220000 1.507868 -1.876978 -1.677076
1230000 2.085534 -1.858611 -1.531140
1240000 2.346527 -1.931242 -1.586308
1250000 3.587483 -1.797014 -1.567609
1260000 4.617292 -1.861305 -1.539941
1270000 4.781783 -2.013328 -1.503381
1280000 4.875154 -2.075061 -1.502444
1290000 3.759515 -1.982986 -1.724898
1300000 3.613836 -1.917730 -1.675275
1310000 2.848981 -1.900022 -1.549908
1320000 3.686238 -1.871460 -1.509218
1330000 4.067083 -1.907091 -1.497468
1340000 3.172898 -1.962600 -1.681003
1350000 2.720032 -1.908308 -1.588797
1360000 3.992106 -1.856734 -1.491019
1370000 4.861418 -1.809415 -1.532186
1380000 4.476212 -1.830812 -1.607274
1390000 4.198314 -1.929960 -1.505796
1400000 3.042592 -1.786135 -1.599507
1410000 2.444434 -1.890550 -1.639475
1420000 2.316238 -1.957723 -1.527750
1430000 2.930777 -1.925498 -1.625116
1440000 3.936968 -1.916016 -1.559419
1450000 3.196535 -1.882994 -1.576264
1460000 2.370401 -1.927160 -1.533232
1470000 1.863924 -2.021060 -1.536953
1480000 1.905129 -1.957781 -1.619299
1490000 2.127858 -1.900518 -1.537154
1500000 1.897955 -1.859464 -1.554160
1510000 1.454157 -2.030996 -1.652820
1520000 1.950367 -1.879897 -1.627072
1530000 2.892561 -1.890502 -1.542658
1540000 4.062043 -1.886415 -1.600814
1550000 4.169681 -2.042757 -1.519249
1560000 4.513035 -1.986842 -1.553150
1570000 5.144079 -1.952644 -1.460194
1580000 4.253993 -2.011566 -1.504277
1590000 4.004994 -1.949322 -1.602523
1600000 4.054640 -1.907892 -1.638747
1610000 3.628286 -1.887329 -1.646858
1620000 3.614558 -1.933383 -1.475822
1630000 2.882986 -1.909554 -1.577387
1640000 2.778754 -1.860820 -1.611729
1650000 2.283485 -1.975380 -1.569418
1660000 2.655385 -1.974027 -1.503609
1670000 2.374311 -1.906784 -1.525843
1680000 2.495297 -1.964873 -1.453290
1690000 3.416262 -1.938306 -1.584694
1700000 3.592056 -1.874128 -1.465091
1710000 4.423972 -1.794660 -1.495637
1720000 4.813119 -1.942046 -1.451405
1730000 5.081237 -1.910868 -1.650457
1740000 4.703219 -1.870962 -1.573696
1750000 4.448609 -1.926635 -1.565178
1760000 4.928633 -2.034814 -1.652718
1770000 5.076377 -2.053005 -1.633700
1780000 4.247613 -2.014196 -1.589070
1790000 4.327204 -1.808262 -1.508822
1800000 5.011822 -1.906503 -1.702374
1810000 4.600370 -1.944100 -1.390368
1820000 3.741818 -1.895152 -1.563119
1830000 4.588906 -1.894409 -1.664333
1840000 3.445188 -1.920293 -1.607351
1850000 3.144309 -1.927933 -1.543553
1860000 2.167202 -1.950464 -1.651949
1870000 1.734414 -1.969944 -1.606695
1880000 2.211901 -1.980189 -1.542740
1890000 2.767814 -1.911633 -1.586945
1900000 2.485998 -1.904279 -1.466460
1910000 2.360724 -1.801122 -1.530638
1920000 1.523076 -1.949404 -1.650435
1930000 1.306437 -1.852523 -1.521553
1940000 1.679895 -1.925788 -1.470618
1950000 1.460145 -1.920292 -1.386887
1960000 1.528765 -2.002703 -1.648209
1970000 1.104619 -1.944314 -1.541251
1980000 1.018654 -1.961859 -1.575550
1990000 0.805772 -1.909112 -1.563679
2000000 0.602458 -1.920138 -1.574127
2010000 0.739557 -1.966371 -1.457110
2020000 1.003197 -1.927766 -1.517667
2030000 0.899377 -1.915272 -1.617022
2040000 0.965248 -1.989897 -1.662807
2050000 1.405319 -1.856477 -1.576167
2060000 1.770697 -1.926639 -1.512068
2070000 2.369061 -1.863345 -1.669015
2080000 2.268645 -1.915501 -1.571057
2090000 2.882283 -1.864339 -1.667171
2100000 2.978481 -1.970010 -1.611212
2110000 3.930746 -1.856277 -1.597460
2120000 3.174733 -1.837910 -1.628441
2130000 2.637422 -1.977932 -1.579566
2140000 3.342397 -1.872087 -1.497354
2150000 4.621940 -1.809294 -1.580440
2160000 4.926561 -1.969002 -1.611952
2170000 4.057884 -1.899116 -1.443725
2180000 3.482635 -1.916144 -1.545471
2190000 2.666720 -1.996787 -1.460590
2200000 3.153929 -2.060584 -1.508087
2210000 3.311524 -1.964876 -1.561661
2220000 3.396868 -1.951755 -1.576627
2230000 4.236517 -1.851018 -1.603749
2240000 3.502404 -2.020956 -1.392751
2250000 4.470476 -2.029033 -1.614689
2260000 5.049617 -1.846328 -1.501715
2270000 4.832965 -1.767902 -1.516591
2280000 4.890846 -1.909607 -1.504707
2290000 5.003468 -1.989017 -1.647831
2300000 4.869946 -1.948295 -1.547045
2310000 4.522762 -1.879966 -1.551311
2320000 2.882601 -1.929826 -1.493416
2330000 1.781119 -2.045181 -1.644298
2340000 1.506757 -1.946818 -1.504446
2350000 1.455782 -1.896684 -1.537418
2360000 1.890489 -1.837307 -1.578877
2370000 1.730495 -1.889459 -1.475968
2380000 1.670361 -1.948237 -1.627151
2390000 2.019013 -1.946097 -1.502862
2400000 1.622147 -1.860937 -1.492172
2410000 2.020721 -1.986579 -1.514146
2420000 2.143062 -1.980899 -1.531772
2430000 2.572747 -1.951272 -1.563008
2440000 2.266317 -1.934634 -1.424467
2450000 3.669784 -1.926790 -1.656061
2460000 3.592550 -1.838461 -1.470110
2470000 4.498496 -1.880016 -1.510242
2480000 4.060599 -1.831630 -1.549634
2490000 4.839672 -1.983595 -1.601087
2500000 4.848013 -1.846823 -1.603374
2510000 4.205737 -1.850097 -1.508301
2520000 4.707413 -1.888302 -1.589025
2530000 5.021099 -1.815104 -1.723286
2540000 4.316788 -1.976217 -1.571779
2550000 3.712283 -1.858585 -1.581342
2560000 3.503577 -1.964761 -1.657309
2570000 2.944290 -1.892657 -1.659166
2580000 3.010569 -1.925988 -1.652746
2590000 2.287898 -1.953964 -1.580848
2600000 1.700570 -1.840998 -1.487745
2610000 1.438503 -1.914076 -1.560753
2620000 1.143684 -1.944433 -1.499731
2630000 1.017705 -1.904181 -1.586638
2640000 1.236980 -1.809892 -1.475412
2650000 1.089388 -1.900076 -1.555615
2660000 0.893358 -1.968351 -1.613347
2670000 0.843842 -1.850192 -1.654921
2680000 0.811968 -2.024881 -1.521360
2690000 0.501367 -1.933582 -1.553491
2700000 0.581390 -1.966115 -1.606853
2710000 0.904617 -1.919165 -1.495014
2720000 0.659393 -1.981610 -1.676561
2730000 0.929196 -2.026727 -1.465537
2740000 0.733796 -1.969155 -1.517244
2750000 0.868666 -1.884785 -1.533794
2760000 1.108499 -1.949523 -1.559456
2770000 1.275437 -1.957472 -1.573080
2780000 1.448702 -2.052358 -1.436016
2790000 1.264651 -2.022839 -1.562240
2800000 1.336842 -2.004546 -1.691400
2810000 1.459232 -2.028872 -1.476039
2820000 1.340687 -1.828133 -1.578807
2830000 1.867648 -1.949915 -1.556769
2840000 1.984447 -1.835362 -1.567345
2850000 1.649935 -1.833846 -1.575912
2860000 2.184474 -2.068988 -1.509845
2870000 3.238728 -1.952431 -1.654417
2880000 3.621005 -2.043016 -1.662719
2890000 2.971594 -2.025392 -1.698253
2900000 3.170347 -1.873013 -1.496465
2910000 2.587042 -1.797958 -1.516824
2920000 2.896872 -1.973337 -1.620225
2930000 3.470343 -1.794880 -1.574424
2940000 4.471650 -1.909172 -1.454322
2950000 4.763532 -1.854338 -1.505979
2960000 3.697800 -1.769052 -1.545828
2970000 4.303388 -1.977166 -1.685043
2980000 4.910422 -1.893209 -1.499255
2990000 3.993318 -1.901064 -1.515335
3000000 3.898350 -1.926363 -1.604988
3010000 3.752809 -1.940281 -1.560472
3020000 4.431818 -2.033702 -1.557815
3030000 4.032705 -1.945436 -1.577311
3040000 3.819145 -1.908103 -1.492823
3050000 3.235072 -2.055260 -1.603091
3060000 2.544998 -1.862804 -1.644974
3070000 2.595295 -2.071335 -1.442890
3080000 2.827944 -1.962493 -1.538743
3090000 3.134572 -1.967207 -1.579791
3100000 3.510186 -1.820753 -1.571330
3110000 3.754301 -1.835857 -1.613604
3120000 4.748771 -1.860173 -1.513117
3130000 4.615551 -1.949143 -1.612970
3140000 4.869824 -1.869427 -1.672200
3150000 3.908717 -1.874648 -1.470580
3160000 3.698019 -1.962880 -1.477555
3170000 3.444752 -1.869017 -1.666453
3180000 4.466067 -1.930312 -1.587507
3190000 3.941757 -1.918575 -1.597051
3200000 4.104932 -1.904948 -1.591498
3210000 3.386437 -1.707231 -1.479655
3220000 3.435819 -2.042986 -1.560754
3230000 3.295213 -1.904767 -1.678040
3240000 4.800425 -1.862107 -1.532120
3250000 4.897036 -1.779662 -1.515835
3260000 4.397007 -1.960022 -1.619891
3270000 4.240089 -1.984080 -1.512329
3280000 4.596313 -1.947880 -1.487511
3290000 3.291385 -2.071490 -1.734596
3300000 3.588771 -1.757706 -1.535940
3310000 2.798851 -2.008897 -1.494909
3320000 2.038515 -2.000018 -1.599456
3330000 2.307127 -2.022973 -1.599227
3340000 2.160927 -1.866879 -1.582551
3350000 2.527307 -1.995867 -1.579299
3360000 1.881431 -1.988712 -1.489758
3370000 2.120637 -1.822340 -1.652083
3380000 2.041250 -1.780778 -1.615401
3390000 2.542528 -1.977036 -1.517672
3400000 2.426617 -1.787562 -1.557528
3410000 2.700630 -2.058793 -1.544703
3420000 2.825646 -1.980679 -1.585807
3430000 3.516383 -1.945281 -1.484513
3440000 2.935651 -2.035728 -1.643588
3450000 2.381356 -1.899496 -1.616731
3460000 3.890918 -1.922924 -1.616755
3470000 3.144806 -1.875555 -1.628523
3480000 3.808098 -1.831094 -1.555411
3490000 4.274808 -2.023549 -1.533640
3500000 4.200460 -1.941952 -1.624447
3510000 4.049440 -1.816979 -1.523079
3520000 4.914162 -1.964256 -1.646417
3530000 5.029231 -1.837810 -1.556062
3540000 3.689121 -1.894387 -1.678928
3550000 3.916095 -1.876570 -1.483449
3560000 4.433083 -1.853740 -1.638518
3570000 4.229451 -2.001293 -1.635498
3580000 4.116908 -1.846749 -1.638305
3590000 5.051022 -2.034755 -1.638699
3600000 4.036743 -1.780523 -1.506402
3610000 3.555991 -1.958521 -1.706459
3620000 3.648250 -2.020638 -1.637996
3630000 3.034370 -1.958943 -1.537604
3640000 2.529399 -2.038632 -1.553671
3650000 2.575405 -1.955094 -1.583393
3660000 2.207241 -1.962221 -1.604253
3670000 1.717743 -1.935338 -1.521104
3680000 1.906273 -1.810000 -1.545955
3690000 1.564427 -1.892495 -1.491690
3700000 1.264486 -2.047189 -1.619268
3710000 1.904440 -1.935155 -1.589838
3720000 2.248805 -1.863179 -1.609624
3730000 1.877927 -1.895204 -1.627995
3740000 1.643637 -1.974966 -1.566225
3750000 2.199848 -1.928191 -1.567536
3760000 2.710584 -1.810722 -1.365905
3770000 2.866737 -1.895441 -1.650836
3780000 3.142581 -1.929152 -1.686990
3790000 3.190547 -2.058194 -1.629615
3800000 3.403190 -1.783552 -1.627839
3810000 2.638776 -1.903603 -1.541393
3820000 2.711135 -1.936585 -1.553066
3830000 2.862856 -2.015198 -1.614744
3840000 3.061836 -1.879395 -1.622202
3850000 3.557814 -1.951200 -1.641571
3860000 3.152747 -1.960159 -1.478530
3870000 4.964190 -1.919598 -1.539864
3880000 4.452949 -1.950887 -1.509683
3890000 4.621506 -1.869205 -1.612771
3900000 4.980758 -1.921517 -1.542104
3910000 4.582862 -1.930320 -1.620043
3920000 4.369784 -1.975114 -1.586902
3930000 4.879598 -1.946835 -1.618796
3940000 4.203101 -2.013260 -1.604770
3950000 3.612993 -1.856094 -1.477043
3960000 2.343425 -1.928078 -1.522866
3970000 1.765539 -2.025114 -1.438877
3980000 1.919310 -1.880638 -1.564990
3990000 2.325549 -2.092352 -1.537862
4000000 2.845569 -2.120405 -1.586178
