100000 1.597065 -1.923044 -1.921707
110000 2.521833 -1.906225 -1.919217
120000 4.304874 -1.924614 -1.806939
130000 3.956347 -1.868904 -1.953121
140000 3.848625 -1.993011 -2.095773
150000 3.610408 -1.893948 -2.067569
160000 3.111464 -1.928845 -2.003919
170000 5.002405 -1.970137 -1.876199
180000 3.906198 -1.899379 -1.945685
190000 2.560954 -1.887507 -2.008584
200000 3.476442 -1.945388 -1.887418
210000 4.900192 -1.834179 -1.998966
220000 4.941124 -1.987563 -1.963668
230000 4.359766 -1.963205 -1.866731
240000 4.338438 -1.967791 -1.878449
250000 3.492401 -1.907240 -1.972958
260000 2.516627 -1.937867 -2.013957
270000 1.960049 -1.890989 -2.080665
280000 2.300053 -1.718372 -1.944704
290000 2.678602 -1.825484 -1.885789
300000 3.508789 -1.741650 -1.829611
310000 2.394016 -1.954326 -1.880490
320000 2.027789 -1.856780 -2.089581
330000 3.075719 -1.915572 -1.902747
340000 4.732516 -2.011005 -1.978410
350000 4.172872 -1.919258 -1.936444
360000 3.907247 -2.092247 -1.986451
370000 3.225131 -1.910443 -1.823537
380000 4.732252 -1.890991 -1.833364
390000 3.860450 -1.977152 -1.960604
400000 2.795813 -2.061744 -1.965326
410000 1.782744 -1.892958 -1.811841
420000 1.153811 -2.031397 -1.998590
430000 1.022437 -1.940668 -2.090976
440000 0.688280 -1.917465 -1.808900
450000 0.563697 -1.920586 -2.043396
460000 0.902335 -1.989315 -1.857836
470000 1.069223 -1.992181 -1.989271
480000 1.118068 -1.853310 -1.986737
490000 1.436701 -1.817566 -1.888587
500000 1.871494 -1.873878 -1.785565
510000 1.950314 -1.837019 -1.837682
520000 2.297742 -1.946547 -1.844597
530000 2.428934 -1.780024 -1.944324
540000 3.075458 -1.864388 -1.823514
550000 4.218546 -1.894995 -1.837370
560000 4.725867 -2.018740 -1.987605
570000 4.177126 -1.836181 -1.875978
580000 3.636254 -2.062039 -1.887751
590000 3.447685 -1.903668 -1.912266
600000 3.937018 -1.983318 -2.019315
610000 4.793419 -2.021021 -1.976859
620000 4.463257 -1.999939 -2.004015
630000 2.733205 -1.988006 -1.986287
640000 2.431701 -1.892286 -1.954769
650000 3.008713 -1.964830 -1.880936
660000 3.575410 -1.876467 -1.951667
670000 2.952420 -2.019381 -1.886704
680000 2.238947 -2.061490 -1.905466
690000 1.471516 -1.933638 -2.016181
700000 1.423749 -2.016207 -2.003885
710000 1.505743 -1.853735 -1.915867
720000 2.895962 -1.854613 -1.895329
730000 4.148271 -1.829038 -2.043065
740000 5.044251 -2.000188 -1.923640
750000 4.868533 -1.992196 -1.840061
760000 3.321149 -1.910609 -1.989198
770000 1.881694 -1.957748 -1.954437
780000 2.533265 -1.838122 -1.771545
790000 2.886513 -1.878720 -2.093055
800000 2.802259 -1.982179 -1.903961
810000 1.765021 -1.866365 -1.947138
820000 2.167825 -2.004202 -1.968505
830000 1.766478 -1.954639 -1.991620
840000 1.092305 -1.828479 -1.895154
850000 0.593870 -2.110164 -1.981408
860000 0.861361 -1.888016 -1.882755
870000 1.005597 -1.727474 -1.890063
880000 1.066642 -1.954966 -1.793043
890000 1.148582 -1.955896 -1.789821
900000 1.004928 -1.982593 -1.917027
910000 1.471422 -1.959523 -1.917890
920000 2.482198 -1.790223 -1.945800
930000 4.819910 -1.830352 -2.015642
940000 4.827835 -2.010644 -1.911074
950000 4.782104 -1.956533 -1.934316
960000 5.006846 -2.069000 -1.887636
970000 3.828453 -1.903554 -1.904001
980000 3.274310 -1.937546 -1.879811
990000 4.907145 -1.892010 -1.897590
1000000 4.755204 -1.974302 -1.881870
1010000 4.859845 -1.869545 -2.065567
1020000 3.791299 -2.132600 -1.862402
1030000 3.273814 -1.879268 -2.048552
1040000 3.601222 -2.066496 -1.872438
1050000 2.813216 -1.896690 -1.918626
1060000 1.985578 -1.945471 -1.828560
1070000 1.651245 -1.840116 -1.790536
1080000 1.695884 -1.879233 -1.824391
1090000 1.776189 -1.867115 -1.870583
1100000 2.766864 -1.929028 -1.873679
1110000 4.439621 -1.896592 -1.821612
1120000 4.236968 -1.998945 -1.850649
1130000 3.876471 -1.912643 -1.945566
1140000 3.715889 -1.923112 -1.819892
1150000 4.070995 -1.940861 -1.995917
1160000 3.221634 -1.887353 -1.841690
1170000 3.599369 -1.965448 -1.961878
1180000 2.615268 -1.878873 -1.851927
1190000 4.457734 -2.030256 -1.836150
1200000 4.093953 -1.909113 -1.972404
1210000 3.717014 -1.861350 -1.850850
1220000 3.986220 -2.013119 -1.948107
1230000 4.882574 -1.867045 -1.958738
1240000 5.038057 -1.931556 -1.985125
1250000 4.261951 -1.866000 -1.938799
1260000 5.024056 -1.988037 -1.763466
1270000 4.562744 -1.749686 -1.834338
1280000 3.207754 -1.924239 -2.010170
1290000 4.056381 -1.922090 -1.882548
1300000 3.760798 -1.895177 -1.986423
1310000 2.895455 -2.001009 -1.859633
1320000 2.319846 -1.833191 -1.879456
1330000 2.467648 -1.873515 -1.994829
1340000 1.855915 -1.928398 -1.830463
1350000 2.140960 -1.917924 -1.934128
1360000 2.174296 -1.917566 -1.891557
1370000 2.917176 -1.952983 -1.923720
1380000 2.336497 -1.927978 -1.928723
1390000 3.663435 -1.908378 -1.874779
1400000 3.695031 -1.964085 -1.796922
1410000 4.558221 -1.950298 -1.993119
1420000 3.863325 -1.876538 -1.997230
1430000 3.097230 -1.948141 -1.772516
1440000 2.343019 -1.927800 -1.884204
1450000 3.073777 -1.965556 -1.891073
1460000 4.224742 -1.954084 -1.912497
1470000 4.997906 -1.885401 -2.033082
1480000 4.936511 -1.869749 -1.798638
1490000 4.975538 -1.889111 -1.895641
1500000 4.942595 -1.810005 -1.970135
1510000 5.020505 -1.948885 -2.000214
1520000 3.719108 -1.992283 -2.023040
1530000 3.738099 -1.872694 -1.998024
1540000 4.420255 -1.920979 -1.995372
1550000 4.973122 -1.965886 -1.966290
1560000 4.033827 -1.911463 -1.907260
1570000 3.651311 -1.999960 -1.980488
1580000 2.749835 -1.988048 -2.053920
1590000 3.100115 -1.820125 -1.888220
1600000 2.464385 -1.934060 -2.060998
1610000 2.079064 -1.864408 -1.984609
1620000 1.315468 -2.036681 -1.868148
1630000 1.357710 -1.888058 -1.789555
1640000 1.305013 -1.953398 -1.901380
1650000 1.426691 -1.794542 -2.078360
1660000 1.489932 -1.717373 -1.992500
1670000 0.823090 -1.993397 -1.902372
1680000 0.551089 -1.910538 -1.952092
1690000 0.517843 -1.925833 -1.924379
1700000 0.850512 -1.912812 -1.755800
1710000 1.105295 -1.843813 -2.042243
1720000 1.295785 -1.883457 -1.903286
1730000 1.530769 -2.007101 -1.956679
1740000 1.640762 -1.864147 -1.977026
1750000 1.892333 -1.884522 -1.926324
1760000 2.001481 -2.005280 -1.939788
1770000 2.307066 -1.951997 -1.929796
1780000 2.629358 -1.939569 -1.876967
1790000 2.467951 -1.916735 -1.898404
1800000 1.830955 -1.963987 -1.968795
1810000 1.828373 -1.905789 -1.882441
1820000 2.387160 -1.936107 -1.868793
1830000 3.254035 -1.956606 -1.888781
1840000 3.158818 -2.027518 -1.857157
1850000 3.285920 -1.958202 -1.832898
1860000 3.757480 -1.757849 -1.967104
1870000 3.355237 -1.934485 -2.042254
1880000 3.431110 -1.914333 -1.932686
1890000 4.552350 -1.928600 -1.897568
1900000 3.988347 -1.954145 -1.874223
1910000 4.057445 -1.917765 -2.109244
1920000 4.352659 -1.921774 -1.979736
1930000 3.533531 -1.984331 -1.955522
1940000 4.309976 -2.004885 -1.841923
1950000 4.830357 -1.857069 -1.900516
1960000 3.680993 -1.953262 -1.958581
1970000 4.613947 -1.869372 -1.883497
1980000 4.881425 -1.993219 -1.979451
1990000 4.777877 -1.929159 -2.010201
2000000 2.831710 -1.803335 -1.918602
2010000 2.521547 -1.814933 -1.922774
2020000 2.978870 -2.014299 -1.955931
2030000 2.379827 -1.839339 -1.861247
2040000 2.192859 -1.927141 -1.906608
2050000 1.674436 -1.803271 -2.046971
2060000 1.516661 -2.015968 -1.954748
2070000 0.871514 -1.905298 -1.856161
2080000 0.804163 -2.010544 -1.837472
2090000 0.913997 -1.874763 -1.931187
2100000 1.025436 -1.820773 -1.968532
2110000 0.838008 -2.011741 -1.932789
2120000 0.897739 -1.967918 -1.900792
2130000 1.132687 -1.930641 -1.885642
2140000 0.728839 -1.883425 -1.927446
2150000 0.669480 -1.840490 -1.914222
2160000 0.541602 -1.938331 -1.792280
2170000 0.730696 -1.926898 -1.902773
2180000 0.872170 -1.935778 -1.990834
2190000 0.786087 -1.808177 -1.992456
2200000 0.966863 -1.836941 -2.087101
2210000 1.106265 -1.917251 -1.888338
2220000 1.400326 -1.910342 -2.016604
2230000 1.496311 -1.909119 -1.895964
2240000 1.584431 -1.864530 -1.843984
2250000 1.663960 -1.824177 -1.873439
2260000 1.641377 -1.739809 -1.789079
2270000 2.452556 -1.928437 -1.875174
2280000 2.112092 -1.805093 -1.977641
2290000 1.849752 -1.975748 -1.900707
2300000 1.660926 -1.935102 -1.998796
2310000 1.810027 -1.936284 -2.070172
2320000 2.405419 -1.895278 -1.929604
2330000 2.867525 -1.877970 -1.969714
2340000 3.281293 -1.910478 -1.851459
2350000 4.050935 -1.983510 -2.046742
2360000 4.414097 -1.968821 -1.939193
2370000 3.954557 -1.904810 -2.003224
2380000 3.891743 -2.060451 -1.869811
2390000 3.160249 -1.900607 -1.963813
2400000 3.371049 -1.975701 -1.916502
2410000 2.907935 -1.951430 -1.892651
2420000 3.385509 -1.863132 -1.878454
2430000 2.548756 -1.838939 -2.014271
2440000 1.927476 -2.063053 -1.939916
2450000 2.656566 -1.941492 -1.804504
2460000 2.790932 -1.886671 -1.828890
2470000 2.893925 -2.029246 -1.958381
2480000 2.144033 -1.951484 -1.938579
2490000 1.945898 -1.908407 -2.033871
2500000 1.694151 -2.069143 -1.864134
2510000 2.160632 -1.900802 -1.934697
2520000 2.639887 -1.926449 -1.912940
2530000 3.485755 -1.907536 -1.811478
2540000 4.449017 -2.021501 -1.851899
2550000 4.506798 -1.992878 -1.839114
2560000 3.982932 -1.981139 -1.915489
2570000 4.169171 -1.936751 -1.903208
2580000 3.778655 -1.846728 -1.937839
2590000 3.263743 -1.864362 -1.960080
2600000 4.360289 -1.996435 -1.758045
2610000 5.021623 -1.823044 -1.917879
2620000 4.569262 -1.876784 -2.005638
2630000 4.711785 -1.806577 -1.909222
2640000 5.007542 -1.882424 -1.839514
2650000 4.072099 -2.005675 -1.807658
2660000 4.569992 -1.942992 -1.819454
2670000 3.149998 -1.893186 -1.983939
2680000 3.420133 -1.896546 -1.890403
2690000 3.015940 -1.990144 -1.932791
2700000 4.375562 -1.792659 -1.852101
2710000 3.388954 -1.938260 -1.943650
2720000 3.765504 -1.796431 -1.814525
2730000 2.567518 -1.998841 -1.941559
2740000 3.277408 -1.910892 -1.819625
2750000 4.354950 -2.035970 -1.905631
2760000 3.638054 -1.857229 -2.024242
2770000 4.894716 -1.965030 -1.787477
2780000 3.714924 -1.924945 -1.923766
2790000 4.163000 -1.872505 -1.992997
2800000 3.540958 -1.891400 -1.986440
2810000 2.969539 -1.939089 -1.866221
2820000 2.657581 -1.965463 -1.840666
2830000 2.503311 -1.765144 -1.863155
2840000 2.001694 -1.973175 -1.884649
2850000 1.659376 -1.824555 -1.896554
2860000 1.852051 -1.951807 -1.892068
2870000 1.333276 -1.921534 -1.917129
2880000 1.067554 -1.980478 -1.912332
2890000 1.124153 -1.737759 -2.020621
2900000 0.907389 -1.844226 -1.871430
2910000 0.778034 -1.980661 -1.867214
2920000 0.502502 -1.926834 -1.893829
2930000 0.594178 -1.752792 -1.982199
2940000 0.706257 -1.870052 -1.909147
2950000 0.924694 -2.058764 -1.848572
2960000 1.142565 -1.828353 -1.896956
2970000 0.935089 -2.025456 -2.009652
2980000 1.134331 -1.966346 -1.907295
2990000 1.185974 -1.846036 -1.934662
3000000 0.891987 -1.986984 -1.960302
3010000 0.604479 -1.761140 -1.995557
3020000 0.572165 -1.783861 -1.925444
3030000 0.723282 -1.915536 -1.983895
3040000 1.104428 -1.977350 -1.801651
3050000 1.563229 -1.856309 -1.914034
3060000 1.084122 -1.896080 -1.957232
3070000 1.736223 -1.892882 -2.081362
3080000 1.754241 -2.046610 -1.995369
3090000 1.519672 -2.116421 -1.958906
3100000 1.966758 -1.933819 -1.956364
3110000 2.768195 -1.937363 -1.900170
3120000 3.271419 -1.877209 -1.864226
3130000 2.917726 -1.991385 -2.060791
3140000 3.747836 -1.981269 -1.956693
3150000 3.260430 -1.877761 -1.989291
3160000 3.317358 -1.862471 -1.954000
3170000 3.877499 -1.839051 -1.829658
3180000 4.728878 -1.900699 -1.872677
3190000 4.471682 -1.851021 -1.897886
3200000 4.924040 -1.994593 -2.012055
3210000 4.646898 -1.878593 -1.932968
3220000 4.089281 -1.966583 -1.921357
3230000 3.892435 -2.085628 -1.817451
3240000 3.999820 -1.890397 -1.946478
3250000 2.530222 -1.846003 -1.926225
3260000 3.488762 -1.935542 -1.962977
3270000 3.676064 -1.877218 -2.047469
3280000 4.196937 -1.942779 -1.900347
3290000 4.211670 -1.894707 -1.893412
3300000 3.779931 -1.872005 -1.937454
3310000 3.803565 -1.877997 -1.999467
3320000 3.715431 -1.910212 -1.997047
3330000 3.245054 -1.897293 -1.922651
3340000 2.730206 -1.926069 -1.902259
3350000 2.459607 -1.923523 -1.913731
3360000 2.199200 -1.808230 -1.860186
3370000 2.704827 -1.875057 -1.944086
3380000 2.375014 -1.868042 -1.735468
3390000 1.916286 -1.969688 -1.860032
3400000 2.095552 -1.890548 -1.926367
3410000 2.486121 -1.958423 -1.894843
3420000 3.019171 -1.858915 -1.847686
3430000 2.750587 -2.028233 -1.836683
3440000 2.876548 -1.937688 -1.901960
3450000 3.085701 -1.932734 -1.834197
3460000 1.947268 -1.906408 -1.927540
3470000 1.817031 -1.805533 -1.914577
3480000 2.228610 -1.848838 -1.878791
3490000 2.475570 -1.847151 -1.912346
3500000 1.848068 -1.871539 -1.791396
3510000 1.754470 -2.040054 -1.971344
3520000 1.841902 -1.983160 -1.957923
3530000 2.025294 -1.932242 -1.860182
3540000 2.409532 -1.762853 -1.981002
3550000 3.191134 -1.958973 -1.741828
3560000 3.655965 -1.947821 -1.958764
3570000 3.119537 -1.965580 -1.839597
3580000 2.867303 -1.942723 -2.026765
3590000 3.367521 -1.923882 -1.869811
3600000 2.979646 -1.964583 -1.906676
3610000 4.468226 -1.926918 -1.954893
3620000 4.710172 -1.911403 -1.931294
3630000 4.471117 -1.988535 -1.953222
3640000 4.167712 -1.853075 -1.876624
3650000 4.457126 -2.026545 -2.012999
3660000 4.703247 -1.953940 -1.879761
3670000 4.212179 -1.974518 -1.840544
3680000 4.222047 -2.104908 -2.070047
3690000 4.766356 -1.837726 -1.923244
3700000 4.321588 -1.802767 -1.965185
3710000 3.997755 -1.817895 -1.878543
3720000 4.228100 -1.844597 -1.923313
3730000 4.528299 -1.802487 -2.073591
3740000 4.395383 -1.959640 -1.970707
3750000 3.512992 -1.967993 -1.876184
3760000 4.446235 -2.014945 -1.799198
3770000 4.443896 -1.916643 -1.878368
3780000 4.636258 -2.000153 -1.921222
3790000 4.908268 -1.951607 -1.831265
3800000 4.818218 -1.878609 -1.910412
3810000 3.738296 -1.946843 -1.838183
3820000 3.652834 -1.901633 -1.818321
3830000 2.965520 -1.961877 -2.000698
3840000 2.662387 -1.980804 -1.869931
3850000 2.951883 -1.893403 -1.910921
3860000 2.309601 -1.898787 -1.920243
3870000 1.628819 -1.965413 -1.909599
3880000 1.783545 -1.946899 -1.977593
3890000 1.549708 -2.002103 -1.859397
3900000 1.349920 -1.992864 -1.817623
3910000 1.206106 -1.804770 -1.840728
3920000 1.248450 -1.981247 -1.924417
3930000 1.290235 -1.827815 -1.888947
3940000 1.506000 -1.841212 -1.933385
3950000 1.252423 -1.983356 -1.964023
3960000 0.975300 -1.902552 -1.924206
3970000 0.800649 -1.916373 -1.931477
3980000 0.705502 -1.936865 -1.862498
3990000 0.549981 -1.958134 -1.953484
4000000 0.652859 -1.970793 -2.049861
