100000 1.404520 -1.952472 -1.994514
110000 1.127526 -1.921680 -2.141789
120000 0.685707 -2.063644 -2.148393
130000 1.536939 -1.954912 -1.934272
140000 2.609427 -1.863968 -2.101288
150000 1.930832 -2.034786 -2.083679
160000 2.088801 -1.854470 -1.975337
170000 2.992890 -1.897796 -2.104105
180000 3.715497 -1.891338 -2.034086
190000 4.307747 -1.885770 -2.070658
200000 4.427225 -1.898037 -1.998762
210000 2.559188 -1.919678 -2.117701
220000 3.378127 -1.988010 -2.082222
230000 2.669171 -1.918675 -2.093204
240000 2.717956 -1.908070 -2.120180
250000 4.255777 -1.929928 -2.034751
260000 4.555094 -1.905172 -1.930376
270000 3.830380 -1.958956 -2.014946
280000 4.545373 -1.978995 -2.140513
290000 3.003467 -1.963295 -2.203802
300000 3.449455 -1.875298 -2.060943
310000 1.820608 -1.941213 -2.204836
320000 1.492255 -2.037680 -2.040952
330000 2.575062 -1.884870 -2.131276
340000 2.188312 -1.846862 -2.025375
350000 3.093309 -1.913484 -2.079156
360000 2.396485 -1.832638 -2.132542
370000 3.946546 -2.033347 -2.098325
380000 4.721616 -1.973967 -2.190809
390000 4.116751 -1.906864 -2.132842
400000 3.083916 -1.958688 -2.066366
410000 2.414246 -1.917824 -2.135718
420000 2.771751 -1.992884 -2.084459
430000 4.220375 -1.974276 -1.924592
440000 4.683430 -1.753528 -2.117027
450000 4.323070 -1.907370 -2.116874
460000 3.784409 -1.869795 -2.133857
470000 4.700267 -1.866186 -2.121907
480000 3.198558 -1.885946 -2.085490
490000 3.110235 -1.994127 -2.082492
500000 2.471567 -2.013628 -2.185803
510000 2.179882 -1.938311 -2.221617
520000 2.503683 -1.980042 -2.108369
530000 1.589091 -1.989355 -2.004574
540000 0.998142 -1.873965 -2.103230
550000 0.771708 -2.047511 -2.251315
560000 0.640106 -1.944981 -2.103388
570000 1.326393 -1.905702 -1.946458
580000 0.905636 -1.987345 -2.181635
590000 0.862288 -2.052696 -2.004581
600000 1.472006 -1.849536 -2.095959
610000 1.838290 -2.029969 -2.078050
620000 1.473538 -1.893830 -2.022034
630000 2.027448 -1.881707 -2.136212
640000 3.151869 -1.929941 -2.144136
650000 4.824345 -1.891201 -2.089300
660000 3.102206 -1.884910 -2.119899
670000 2.200122 -1.800846 -2.193866
680000 1.911886 -2.031293 -2.039386
690000 1.405014 -1.907459 -2.026082
700000 1.141297 -1.958842 -1.991657
710000 0.993302 -1.978034 -1.982982
720000 1.023086 -2.011460 -2.025388
730000 0.737921 -1.878404 -2.110937
740000 0.639961 -1.963949 -2.108911
750000 0.905218 -1.802192 -2.158856
760000 1.015907 -1.910379 -2.209368
770000 1.094236 -1.858849 -2.071256
780000 1.390942 -1.978028 -2.160395
790000 1.441699 -1.806266 -2.022054
800000 1.598620 -1.883092 -1.974830
810000 1.435002 -1.948136 -2.085846
820000 1.917411 -1.950407 -2.063077
830000 3.566430 -1.811778 -2.178875
840000 4.503775 -1.985820 -2.090815
850000 3.403162 -1.856230 -2.093974
860000 3.697773 -2.037989 -2.167112
870000 4.176159 -1.917484 -1.991883
880000 4.290661 -1.953616 -2.067107
890000 3.996404 -1.984430 -2.050972
900000 4.177099 -1.829238 -2.163601
910000 4.428713 -1.935486 -2.139695
920000 2.967185 -2.007204 -2.168312
930000 1.862042 -1.918372 -2.093576
940000 2.634625 -1.909595 -2.165213
950000 3.281482 -1.946614 -2.195660
960000 3.876556 -1.915003 -1.998245
970000 2.439596 -1.805951 -2.090950
980000 2.057986 -1.915318 -2.250034
990000 1.784675 -1.895840 -2.076728
1000000 2.248269 -1.860040 -2.262900
1010000 2.766273 -1.944222 -2.134569
1020000 3.893627 -1.963488 -2.053736
1030000 3.385437 -1.742936 -2.074630
1040000 3.215873 -1.809441 -2.069878
1050000 2.489660 -1.977611 -2.204592
1060000 2.599222 -1.745018 -1.943501
1070000 3.556116 -1.967270 -2.123034
1080000 3.967959 -1.841856 -1.988040
1090000 4.527151 -1.932558 -2.170103
1100000 3.781952 -1.916316 -2.078931
1110000 3.548855 -1.903973 -2.026480
1120000 4.375631 -1.959710 -2.116143
1130000 4.774423 -1.847986 -2.112089
1140000 4.525783 -1.937069 -2.150701
1150000 4.007403 -1.930745 -2.167241
1160000 3.004345 -1.856179 -2.097630
1170000 3.295200 -1.772083 -2.144920
1180000 1.867882 -1.909756 -2.096526
1190000 1.731184 -1.941387 -2.010861
1200000 2.012214 -1.933884 -2.034004
1210000 1.551573 -1.876333 -2.033962
1220000 1.184502 -1.944042 -1.982871
1230000 1.016121 -2.017709 -2.171810
1240000 2.469165 -1.862913 -2.061455
1250000 2.392283 -1.878758 -2.110731
1260000 2.544894 -1.920616 -2.139261
1270000 1.641022 -2.082833 -2.108706
1280000 1.436266 -1.887128 -2.132274
1290000 1.363680 -2.048518 -2.021678
1300000 1.889523 -1.984134 -2.125580
1310000 3.135613 -1.935000 -2.094755
1320000 3.814077 -1.879092 -2.022293
1330000 2.782230 -1.930812 -2.011941
1340000 1.564823 -1.913556 -2.073783
1350000 3.154037 -1.938546 -2.092337
1360000 4.177456 -1.871483 -1.948897
1370000 4.263722 -1.881678 -2.129835
1380000 4.716475 -1.970609 -2.000897
1390000 4.976814 -1.825186 -2.155327
1400000 4.166932 -1.900230 -1.979001
1410000 3.450356 -1.818668 -2.076170
1420000 3.951577 -1.894677 -2.053981
1430000 3.203402 -1.956126 -2.051576
1440000 2.758409 -1.972335 -2.115866
1450000 2.706282 -1.919269 -2.083494
1460000 3.194680 -2.005131 -2.025559
1470000 4.523677 -1.866648 -2.172882
1480000 4.023459 -2.022729 -2.139413
1490000 3.772797 -1.853164 -2.008259
1500000 4.804667 -1.887188 -1.992433
1510000 3.538242 -1.989367 -2.028679
1520000 3.907308 -1.843472 -2.201462
1530000 4.444185 -2.026286 -2.107058
1540000 4.311681 -1.956667 -2.159490
1550000 3.481588 -1.920301 -2.110964
1560000 2.622329 -1.938915 -2.104140
1570000 2.541821 -1.970774 -2.001292
1580000 1.973732 -1.933993 -2.093599
1590000 1.730129 -1.799379 -1.971719
1600000 1.452162 -1.867755 -2.051529
1610000 1.122635 -1.809331 -2.027629
1620000 0.897757 -1.995251 -2.020678
1630000 0.589108 -1.983714 -2.122910
1640000 0.823092 -2.052958 -2.026310
1650000 0.936954 -1.852940 -2.131069
1660000 0.779236 -1.938557 -2.162462
1670000 0.497439 -1.909038 -2.248394
1680000 0.503717 -2.092923 -2.120158
1690000 0.624639 -1.942430 -2.046949
1700000 1.074534 -1.912885 -2.080594
1710000 1.073063 -1.974045 -2.031282
1720000 1.182460 -1.899104 -2.152580
1730000 1.259158 -1.876504 -1.982851
1740000 1.271762 -1.778978 -2.064064
1750000 1.329475 -1.739017 -1.983272
1760000 0.994279 -1.946528 -2.122428
1770000 0.877827 -2.041825 -2.085342
1780000 0.786058 -1.976831 -2.092580
1790000 1.071419 -1.989111 -2.123414
1800000 1.194109 -1.957440 -2.084740
1810000 0.851360 -1.972625 -2.141693
1820000 0.651469 -1.894111 -2.107122
1830000 1.421744 -1.950667 -2.062177
1840000 1.503531 -1.850830 -2.003872
1850000 1.598807 -1.809726 -2.058202
1860000 1.748928 -1.849159 -1.973442
1870000 1.311242 -1.742469 -2.084273
1880000 1.218541 -2.085318 -2.057307
1890000 1.205692 -2.019539 -2.043183
1900000 1.515685 -1.802438 -2.123840
1910000 1.600379 -1.904229 -2.085825
1920000 2.063171 -1.899372 -2.074364
1930000 2.208874 -1.940643 -2.105528
1940000 1.936104 -2.024303 -2.071759
1950000 2.423010 -1.878575 -2.149827
1960000 2.637364 -1.944832 -2.099277
1970000 2.759618 -1.901501 -2.007255
1980000 3.633410 -1.977070 -2.073986
1990000 3.763557 -1.910924 -2.210970
2000000 4.409348 -1.939153 -2.173261
2010000 3.826086 -1.887652 -1.996023
2020000 2.809403 -1.935460 -2.064552
2030000 2.932775 -1.776868 -2.013783
2040000 3.058225 -1.962095 -2.053084
2050000 3.387100 -1.951067 -2.072338
2060000 4.101124 -1.932422 -2.050155
2070000 4.304609 -1.872872 -2.037333
2080000 4.307086 -2.011967 -2.110383
2090000 4.911179 -1.877356 -2.040124
2100000 4.941186 -1.785951 -2.036201
2110000 4.071400 -1.951862 -2.245682
2120000 3.530891 -1.915680 -2.135670
2130000 2.617130 -1.985406 -2.039094
2140000 1.896123 -1.901947 -2.110276
2150000 2.263007 -1.853258 -2.048750
2160000 2.354482 -1.813152 -1.981194
2170000 3.050850 -1.941026 -2.117160
2180000 3.366863 -1.895328 -2.084338
2190000 3.270839 -1.925336 -2.120752
2200000 3.577531 -2.012501 -2.025012
2210000 4.439233 -1.989166 -2.136300
2220000 4.305619 -1.964676 -2.101382
2230000 3.921045 -1.939869 -2.149449
2240000 4.807722 -1.976489 -2.099150
2250000 3.859855 -1.877126 -2.066405
2260000 2.719784 -1.920818 -2.220828
2270000 2.181017 -1.784891 -2.067109
2280000 2.057663 -1.862845 -2.050643
2290000 2.155432 -1.918395 -2.037718
2300000 2.063856 -1.941041 -2.057140
2310000 2.546280 -1.812437 -2.155960
2320000 2.332426 -1.824163 -2.119735
2330000 1.767282 -1.997468 -2.143863
2340000 1.633004 -1.827142 -2.067011
2350000 1.839928 -1.880938 -2.092953
2360000 1.682214 -1.921323 -2.083440
2370000 1.610114 -1.903985 -2.159102
2380000 1.650634 -1.909287 -2.039677
2390000 2.631706 -1.894572 -2.075940
2400000 2.616118 -1.884896 -2.076813
2410000 3.212179 -1.938855 -2.065901
2420000 3.089688 -1.797567 -2.075501
2430000 3.255728 -1.865441 -2.168040
2440000 4.018265 -1.793818 -2.044157
2450000 4.634149 -1.826761 -2.052209
2460000 3.614998 -1.996771 -2.209116
2470000 4.182273 -2.013576 -2.048187
2480000 4.939788 -1.854801 -2.078464
2490000 4.778608 -1.822447 -2.202458
2500000 4.154245 -1.818775 -2.108697
2510000 4.613722 -1.978927 -2.122782
2520000 4.204797 -1.846183 -2.141086
2530000 3.204133 -1.850735 -2.191621
2540000 3.122427 -1.880563 -2.107848
2550000 3.712480 -2.031831 -2.053813
2560000 3.733271 -2.035895 -2.076885
2570000 2.954682 -1.987855 -2.022245
2580000 3.056370 -1.859686 -2.128814
2590000 3.959963 -1.884869 -2.059270
2600000 4.464812 -1.853152 -2.156717
2610000 4.544890 -1.902020 -2.200292
2620000 3.920057 -1.919172 -2.042927
2630000 2.982880 -1.912311 -1.963905
2640000 3.516387 -1.905909 -2.034827
2650000 4.083368 -1.844593 -2.201957
2660000 3.132103 -2.055693 -1.914197
2670000 3.211815 -1.974151 -2.206469
2680000 2.007036 -1.998851 -2.136334
2690000 2.515491 -1.835719 -2.131365
2700000 2.133561 -1.916500 -2.147432
2710000 2.692174 -2.043767 -2.132399
2720000 3.990879 -1.724714 -2.213434
2730000 4.956421 -1.967969 -1.992654
2740000 4.981700 -1.908559 -2.109245
2750000 4.451186 -1.950398 -2.167173
2760000 4.258544 -1.912108 -2.191368
2770000 4.148450 -1.907170 -1.987872
2780000 3.778714 -1.963996 -2.146711
2790000 3.268466 -2.034843 -2.130516
2800000 3.439194 -1.985960 -2.042470
2810000 4.295897 -1.811174 -2.125130
2820000 4.148438 -1.911320 -2.172204
2830000 4.043419 -1.973842 -2.005044
2840000 3.589510 -1.817765 -1.940778
2850000 4.120575 -1.946215 -2.171914
2860000 4.657154 -1.964560 -2.148252
2870000 4.367405 -1.871461 -2.136448
2880000 4.895568 -1.844971 -2.059779
2890000 5.033881 -1.952193 -2.018749
2900000 4.776564 -1.934805 -2.152619
2910000 3.713945 -2.101424 -2.047571
2920000 2.804846 -1.853182 -2.065093
2930000 2.376861 -1.924226 -2.198690
2940000 2.249765 -1.967318 -2.020022
2950000 2.565960 -1.895719 -2.245889
2960000 3.161364 -1.856025 -2.178935
2970000 3.441097 -1.951025 -2.096930
2980000 3.049812 -2.027600 -2.147633
2990000 2.802382 -1.914043 -2.106457
3000000 2.391361 -1.813843 -1.980230
3010000 2.570499 -1.913848 -2.102611
3020000 1.852769 -1.971615 -2.012339
3030000 2.223213 -1.747036 -2.134777
3040000 2.176270 -1.945707 -2.017267
3050000 1.833608 -2.007581 -2.145284
3060000 1.514527 -1.922191 -2.062810
3070000 1.424956 -1.971498 -2.097803
3080000 1.418186 -2.005499 -2.025453
3090000 1.412018 -1.883072 -2.215227
3100000 1.072432 -1.948169 -2.086622
3110000 1.134116 -1.981154 -2.099685
3120000 1.196975 -1.990821 -2.195250
3130000 1.045527 -2.033644 -2.036780
3140000 1.213588 -2.029148 -2.210335
3150000 1.037697 -2.013899 -2.165954
3160000 1.074291 -1.992059 -2.089480
3170000 0.566105 -2.009158 -2.174530
3180000 0.600833 -1.951441 -2.201967
3190000 0.818006 -1.798860 -2.099461
3200000 0.962641 -1.940221 -2.100351
3210000 0.737559 -1.940014 -2.075103
3220000 0.665212 -2.029088 -2.075747
3230000 0.616378 -1.915172 -2.078646
3240000 0.681273 -1.890916 -2.192974
3250000 0.587179 -2.044844 -2.174680
3260000 0.497541 -1.974293 -2.194583
3270000 0.492283 -1.976534 -2.156066
3280000 0.492621 -2.048006 -2.120729
3290000 0.682397 -1.963223 -2.149689
3300000 0.699056 -2.067695 -2.094171
3310000 0.845246 -1.961190 -2.042596
3320000 1.525954 -1.976180 -2.098626
3330000 1.672946 -1.787860 -2.166252
3340000 2.247480 -1.791740 -2.233896
3350000 2.878899 -1.936246 -2.153868
3360000 3.318319 -1.833372 -2.084496
3370000 3.933543 -2.042796 -2.078362
3380000 3.705418 -1.961647 -2.040314
3390000 5.125819 -2.178988 -1.969652
3400000 4.549923 -2.037985 -2.172509
3410000 3.581189 -1.976330 -1.968082
3420000 3.891785 -1.857795 -2.082474
3430000 4.594315 -1.958980 -2.056369
3440000 4.520255 -1.868484 -2.088150
3450000 4.789390 -1.897981 -2.141102
3460000 4.461872 -1.928954 -2.067275
3470000 4.723361 -1.886699 -2.121977
3480000 3.458030 -1.987959 -2.145657
3490000 3.052071 -1.959374 -2.131688
3500000 2.601737 -1.959778 -2.070718
3510000 2.009250 -1.946348 -2.137622
3520000 1.935858 -1.893188 -2.135358
3530000 1.990221 -1.864391 -2.203692
3540000 1.948483 -2.046092 -2.167825
3550000 1.540237 -2.023381 -2.005418
3560000 1.643571 -1.936294 -2.018855
3570000 1.739081 -1.868752 -2.087502
3580000 1.346664 -1.984867 -2.143930
3590000 1.546688 -1.886449 -2.086988
3600000 1.490536 -1.943743 -2.132048
3610000 1.304901 -1.882122 -2.159209
3620000 1.301466 -1.991709 -1.981476
3630000 1.418450 -1.794907 -2.102489
3640000 1.396863 -1.810566 -2.085495
3650000 0.971075 -1.782844 -2.121678
3660000 1.126593 -1.870643 -2.255960
3670000 1.402726 -1.951245 -2.090692
3680000 0.900399 -1.883006 -2.098891
3690000 0.884341 -1.947889 -2.006752
3700000 0.808936 -1.940133 -2.111377
3710000 1.252748 -1.875599 -2.083983
3720000 1.420023 -1.995636 -1.995974
3730000 1.691160 -1.926458 -2.147725
3740000 1.565217 -1.872537 -2.038280
3750000 1.525086 -1.956700 -1.931165
3760000 1.540991 -1.906515 -2.076327
3770000 2.058617 -1.641407 -2.081881
3780000 2.723952 -1.953151 -2.090680
3790000 3.197419 -1.935054 -2.058285
3800000 4.178085 -2.026254 -1.998997
3810000 4.254671 -2.000523 -2.128124
3820000 3.310944 -1.941570 -1.913780
3830000 2.416241 -1.967085 -1.937320
3840000 2.344985 -1.826648 -2.071887
3850000 2.673694 -1.812910 -2.078666
3860000 3.607872 -1.998743 -2.038706
3870000 4.190417 -1.909413 -2.027982
3880000 4.855577 -1.999003 -2.033473
3890000 3.573948 -1.997536 -2.015387
3900000 3.830206 -1.987451 -1.899922
3910000 3.913188 -1.933620 -2.011825
3920000 4.884726 -1.945609 -2.059346
3930000 4.983567 -2.014784 -2.178774
3940000 4.615867 -1.906562 -2.215881
3950000 2.945626 -1.906058 -2.048927
3960000 3.027650 -1.882622 -2.108564
3970000 3.175090 -1.894680 -2.201955
3980000 2.666891 -1.921423 -2.049548
3990000 2.106299 -1.882587 -2.142637
4000000 2.123102 -1.852112 -1.903745
