100000 2.466498 -1.898077 -2.385145
110000 1.429823 -1.992489 -2.593423
120000 0.882555 -1.951975 -2.388026
130000 1.329367 -1.940015 -2.499976
140000 1.412720 -1.980966 -2.404462
150000 0.665416 -2.032664 -2.551726
160000 0.647469 -2.028937 -2.545228
170000 0.985533 -1.904983 -2.364495
180000 1.419209 -1.890722 -2.487854
190000 1.483538 -1.958527 -2.473690
200000 1.035956 -1.997699 -2.490815
210000 0.870666 -1.934133 -2.492413
220000 0.781148 -1.957289 -2.526529
230000 1.421250 -1.777382 -2.383136
240000 2.739663 -2.021799 -2.449593
250000 4.764636 -1.991877 -2.484639
260000 3.336994 -1.996403 -2.329147
270000 2.479493 -1.983404 -2.521747
280000 3.505835 -2.060978 -2.357051
290000 4.730547 -1.899044 -2.364688
300000 4.699778 -1.960535 -2.394572
310000 3.508087 -1.879727 -2.515042
320000 3.514224 -1.856784 -2.389722
330000 2.433756 -1.746891 -2.517403
340000 3.909521 -1.957240 -2.512152
350000 4.493970 -1.868765 -2.333535
360000 2.605156 -2.064789 -2.492833
370000 1.843714 -1.819156 -2.417699
380000 3.282998 -1.814882 -2.320398
390000 2.439762 -1.966637 -2.351370
400000 2.072583 -2.155446 -2.411286
410000 2.392781 -1.849974 -2.522029
420000 3.847113 -1.846439 -2.459890
430000 3.938491 -1.896398 -2.398179
440000 4.122173 -1.840366 -2.404475
450000 3.962915 -1.954819 -2.460144
460000 3.169852 -1.965451 -2.491609
470000 3.892823 -1.911005 -2.466472
480000 1.913262 -1.986329 -2.587159
490000 2.095458 -2.007405 -2.473564
500000 1.506668 -1.945206 -2.456902
510000 1.941251 -1.841967 -2.363645
520000 2.354831 -1.732149 -2.400477
530000 2.649438 -1.975503 -2.413187
540000 3.525420 -2.008452 -2.451940
550000 4.246215 -1.822644 -2.495145
560000 3.374700 -1.853815 -2.541954
570000 4.577253 -1.858322 -2.330818
580000 4.717305 -1.939382 -2.400518
590000 4.539219 -1.955564 -2.449512
600000 3.168370 -1.931684 -2.480174
610000 3.262150 -1.750967 -2.405862
620000 4.313035 -1.874503 -2.440181
630000 4.235346 -1.907043 -2.421889
640000 3.286228 -1.786605 -2.307678
650000 2.351046 -2.048593 -2.414122
660000 2.650532 -1.887114 -2.432586
670000 2.243649 -2.027749 -2.513336
680000 3.167249 -1.833625 -2.265950
690000 2.126312 -1.836612 -2.517183
700000 1.613852 -1.919915 -2.521351
710000 1.292231 -1.943387 -2.441630
720000 1.338606 -2.014333 -2.372672
730000 1.899177 -1.950234 -2.499354
740000 2.271656 -1.963327 -2.531296
750000 1.944647 -1.787210 -2.366468
760000 3.451530 -1.877113 -2.477140
770000 3.835898 -1.862743 -2.409200
780000 5.084670 -1.848718 -2.409922
790000 4.443258 -1.943975 -2.378492
800000 4.897781 -1.926388 -2.447004
810000 3.810039 -1.840381 -2.438970
820000 3.419082 -1.866134 -2.514251
830000 4.231408 -1.950985 -2.351513
840000 2.917209 -2.004123 -2.435668
850000 3.090319 -1.807208 -2.388300
860000 3.362696 -1.809069 -2.404742
870000 3.835906 -1.997831 -2.405871
880000 4.417759 -2.084110 -2.527451
890000 2.852318 -1.953560 -2.297742
900000 4.183030 -1.916537 -2.396340
910000 4.127388 -1.869144 -2.528999
920000 4.733433 -1.936164 -2.522011
930000 3.736106 -1.973491 -2.484573
940000 3.608454 -1.952153 -2.461061
950000 2.238029 -1.853396 -2.429467
960000 2.799820 -2.031709 -2.338164
970000 2.880648 -1.827168 -2.434423
980000 4.186396 -2.080050 -2.473878
990000 3.684471 -1.983289 -2.440540
1000000 2.747435 -1.989643 -2.393404
1010000 2.410960 -2.045009 -2.447711
1020000 1.398402 -1.794305 -2.496574
1030000 0.932786 -1.875522 -2.535652
1040000 1.133159 -1.875617 -2.275571
1050000 1.177439 -1.894891 -2.404160
1060000 1.023089 -1.948216 -2.520833
1070000 1.504545 -1.861623 -2.453329
1080000 1.168772 -1.848674 -2.488315
1090000 0.974065 -1.922588 -2.403060
1100000 1.576272 -1.879618 -2.318298
1110000 1.457676 -1.959523 -2.552440
1120000 1.777490 -1.803090 -2.457928
1130000 2.317164 -1.985647 -2.547827
1140000 2.455225 -2.058243 -2.403007
1150000 2.494804 -1.917772 -2.469578
1160000 1.825299 -1.866332 -2.547939
1170000 1.650535 -1.999359 -2.382786
1180000 2.480658 -1.985689 -2.448253
1190000 2.340538 -1.912531 -2.387975
1200000 3.908642 -1.793184 -2.505304
1210000 4.094473 -1.992453 -2.429100
1220000 3.422352 -1.869501 -2.496830
1230000 4.289835 -1.908979 -2.516874
1240000 4.012368 -1.800681 -2.512599
1250000 3.189776 -1.870515 -2.492878
1260000 4.848725 -1.837332 -2.478691
1270000 4.437263 -2.063405 -2.377830
1280000 4.911224 -1.946231 -2.431070
1290000 3.720160 -2.034282 -2.483031
1300000 3.716830 -1.918708 -2.455590
1310000 4.957539 -1.905212 -2.475217
1320000 4.908441 -1.966423 -2.511841
1330000 4.653294 -1.891332 -2.500694
1340000 3.611367 -1.787823 -2.387728
1350000 3.585939 -1.978750 -2.391414
1360000 2.747117 -1.909122 -2.529041
1370000 2.040172 -1.993064 -2.498622
1380000 1.955388 -1.915890 -2.450694
1390000 1.582155 -1.928803 -2.374821
1400000 1.405325 -1.967767 -2.447008
1410000 1.515643 -1.915437 -2.434748
1420000 1.534842 -1.975875 -2.574206
1430000 0.945048 -1.912467 -2.573348
1440000 0.615615 -1.940920 -2.571585
1450000 0.490624 -2.030226 -2.519570
1460000 0.781584 -2.002799 -2.407146
1470000 1.092948 -1.950319 -2.377504
1480000 0.991910 -1.962194 -2.518601
1490000 1.151286 -1.886449 -2.485133
1500000 1.312394 -1.826307 -2.415452
1510000 0.700755 -1.909361 -2.644992
1520000 0.816036 -1.917516 -2.590074
1530000 1.117894 -1.837972 -2.547374
1540000 1.384744 -1.820990 -2.380401
1550000 1.251373 -1.933174 -2.450009
1560000 2.075173 -1.991826 -2.441153
1570000 1.799626 -1.851012 -2.471498
1580000 1.744677 -1.937161 -2.507520
1590000 1.643789 -2.076336 -2.346299
1600000 2.009649 -1.937523 -2.385807
1610000 2.364413 -1.994657 -2.325188
1620000 2.431405 -1.926998 -2.461359
1630000 2.725065 -1.933122 -2.369767
1640000 2.953986 -2.049660 -2.348078
1650000 3.295150 -1.918255 -2.319586
1660000 4.031874 -1.949639 -2.355616
1670000 4.153598 -1.867296 -2.466526
1680000 4.649889 -1.899022 -2.565240
1690000 4.492359 -2.008113 -2.556254
1700000 4.083518 -1.804216 -2.491218
1710000 3.912029 -1.965432 -2.431328
1720000 3.973424 -1.824594 -2.513768
1730000 4.939376 -1.911103 -2.444668
1740000 5.043001 -1.869558 -2.491776
1750000 4.496477 -1.943459 -2.480701
1760000 5.094673 -1.950370 -2.414527
1770000 4.686662 -1.916561 -2.599669
1780000 3.339959 -2.083714 -2.510067
1790000 2.628606 -1.998565 -2.523846
1800000 3.049660 -1.930560 -2.572092
1810000 3.366594 -1.772319 -2.439846
1820000 3.490319 -1.929686 -2.436248
1830000 4.019234 -1.956399 -2.481425
1840000 3.525223 -2.062059 -2.516071
1850000 2.544783 -1.973565 -2.351569
1860000 2.244480 -1.974383 -2.518586
1870000 3.710917 -1.853120 -2.516940
1880000 4.314763 -1.960463 -2.541238
1890000 5.086853 -1.950214 -2.524379
1900000 4.843498 -1.918963 -2.444023
1910000 3.457753 -1.919000 -2.335850
1920000 3.288426 -1.917177 -2.418786
1930000 3.589332 -1.812129 -2.411922
1940000 2.424675 -1.930998 -2.385923
1950000 2.808746 -1.924263 -2.328707
1960000 2.438903 -1.942948 -2.316658
1970000 1.908635 -1.939357 -2.467564
1980000 2.451431 -1.872407 -2.329817
1990000 1.997060 -1.923882 -2.428216
2000000 2.771055 -1.980730 -2.425724
2010000 3.594134 -1.784790 -2.345382
2020000 2.937346 -1.910417 -2.406277
2030000 3.373506 -1.941399 -2.463327
2040000 2.773166 -1.991509 -2.469562
2050000 4.451170 -1.940189 -2.472370
2060000 3.844265 -1.945493 -2.452323
2070000 4.136474 -1.885879 -2.417932
2080000 3.776454 -2.004682 -2.483201
2090000 4.763198 -1.950376 -2.494405
2100000 4.339542 -1.869212 -2.438848
2110000 4.759385 -1.989858 -2.467122
2120000 3.354251 -1.909086 -2.371188
2130000 5.038303 -1.966893 -2.336955
2140000 3.187648 -1.875220 -2.507689
2150000 2.713969 -1.894232 -2.525673
2160000 2.116930 -1.919245 -2.581295
2170000 1.954416 -1.817965 -2.348084
2180000 1.623420 -1.903030 -2.452271
2190000 1.754528 -1.899128 -2.403839
2200000 1.423890 -1.975384 -2.423251
2210000 1.257959 -2.017165 -2.417257
2220000 1.262301 -1.958748 -2.320939
2230000 0.638363 -2.007164 -2.347487
2240000 0.684601 -1.860525 -2.516491
2250000 0.499556 -2.075369 -2.485660
2260000 0.815851 -2.004982 -2.365006
2270000 0.687183 -2.000297 -2.435686
2280000 0.888127 -2.028314 -2.539307
2290000 0.965548 -1.975692 -2.520016
2300000 0.849555 -1.964562 -2.435270
2310000 1.140930 -1.817443 -2.356188
2320000 0.951893 -2.018611 -2.473298
2330000 1.170827 -1.896954 -2.432252
2340000 0.884831 -1.856360 -2.524213
2350000 1.016053 -1.831774 -2.432285
2360000 1.161151 -1.842789 -2.334540
2370000 0.592416 -2.024417 -2.611516
2380000 0.753269 -1.946276 -2.566850
2390000 0.624264 -1.918410 -2.523515
2400000 0.501606 -1.907833 -2.598107
2410000 0.500988 -1.892229 -2.491711
2420000 0.500263 -1.965910 -2.502034
2430000 0.807997 -1.877435 -2.401373
2440000 0.802402 -1.934674 -2.483283
2450000 1.315479 -1.906113 -2.380685
2460000 1.384819 -1.967557 -2.415220
2470000 1.341327 -1.957001 -2.411599
2480000 1.588126 -1.834521 -2.429469
2490000 1.723034 -1.961294 -2.528451
2500000 1.999360 -1.685926 -2.531134
2510000 2.188770 -1.883467 -2.376050
2520000 2.545319 -1.885650 -2.454098
2530000 3.574266 -2.050320 -2.515406
2540000 3.500740 -1.761675 -2.457208
2550000 3.281845 -1.797814 -2.523623
2560000 2.782325 -1.956125 -2.467327
2570000 2.438751 -1.881753 -2.399295
2580000 2.941125 -1.866557 -2.450518
2590000 3.247818 -1.919452 -2.528733
2600000 4.182708 -1.915309 -2.516985
2610000 4.033008 -1.937540 -2.376505
2620000 4.459872 -1.893701 -2.437982
2630000 3.917905 -1.993546 -2.522429
2640000 4.893097 -1.733163 -2.300884
2650000 4.982612 -2.049394 -2.543158
2660000 3.544560 -1.896354 -2.447870
2670000 4.365802 -1.960586 -2.561282
2680000 4.779863 -2.043738 -2.461489
2690000 3.994310 -1.779764 -2.397862
2700000 4.407700 -1.748524 -2.451562
2710000 4.450447 -1.919616 -2.446894
2720000 4.120641 -2.106522 -2.595612
2730000 3.862784 -1.959965 -2.541963
2740000 3.250483 -2.068247 -2.521826
2750000 2.467064 -1.914383 -2.478300
2760000 2.870564 -1.904934 -2.447912
2770000 3.406473 -1.837658 -2.451190
2780000 2.952287 -1.939848 -2.484847
2790000 2.775062 -1.943873 -2.385699
2800000 3.546252 -1.929473 -2.476926
2810000 2.987365 -1.771722 -2.399432
2820000 2.140946 -1.864219 -2.362267
2830000 2.014100 -1.926238 -2.457009
2840000 1.896910 -1.815979 -2.387796
2850000 2.398248 -2.028758 -2.518634
2860000 1.997739 -1.935781 -2.476273
2870000 1.980390 -1.934258 -2.375715
2880000 2.255033 -1.942631 -2.462003
2890000 2.868114 -1.873230 -2.456185
2900000 2.596572 -2.018089 -2.458008
2910000 2.499393 -1.801647 -2.370908
2920000 3.604331 -1.979444 -2.370357
2930000 3.769906 -2.011188 -2.351675
2940000 4.051565 -1.958567 -2.436441
2950000 4.137164 -1.911678 -2.487736
2960000 5.082268 -1.981468 -2.422422
2970000 4.531897 -1.906046 -2.440397
2980000 3.802501 -1.862100 -2.415666
2990000 3.234000 -1.972472 -2.531876
3000000 3.589529 -1.890090 -2.356062
3010000 4.044577 -1.970869 -2.522142
3020000 4.480351 -2.017840 -2.442677
3030000 4.942924 -1.801313 -2.312478
3040000 4.939714 -1.945432 -2.542939
3050000 4.342088 -1.879429 -2.366466
3060000 4.139584 -2.059380 -2.475713
3070000 3.304775 -1.927491 -2.404363
3080000 2.731904 -1.979729 -2.441937
3090000 2.375606 -1.903485 -2.381978
3100000 2.152788 -1.972724 -2.515641
3110000 1.828422 -1.846556 -2.437810
3120000 1.865599 -1.934138 -2.397300
3130000 1.896685 -1.985075 -2.461730
3140000 1.584512 -1.900381 -2.428279
3150000 1.535157 -1.847961 -2.586096
3160000 1.645318 -1.979660 -2.401876
3170000 1.600028 -2.047564 -2.411056
3180000 1.345109 -1.960838 -2.310221
3190000 1.468323 -1.805679 -2.414559
3200000 1.147532 -1.907093 -2.371403
3210000 1.060052 -2.038142 -2.432925
3220000 0.941149 -1.940205 -2.495770
3230000 0.647013 -1.901423 -2.346050
3240000 0.627143 -1.864893 -2.457680
3250000 0.593025 -1.904477 -2.448170
3260000 0.502546 -1.995031 -2.500824
3270000 0.500759 -1.958290 -2.555431
3280000 0.754625 -1.913364 -2.418196
3290000 1.384543 -1.864233 -2.511330
3300000 1.435877 -1.899859 -2.214874
3310000 1.022483 -1.897242 -2.567148
3320000 0.999883 -1.876955 -2.452002
3330000 0.935209 -2.033333 -2.398486
3340000 0.989815 -1.883111 -2.403343
3350000 0.916057 -1.952886 -2.488800
3360000 0.852072 -1.912238 -2.489531
3370000 1.487188 -1.822089 -2.351201
3380000 1.536852 -1.888442 -2.517594
3390000 1.689123 -2.018465 -2.288094
3400000 2.621290 -1.988596 -2.369500
3410000 2.502101 -1.845829 -2.475105
3420000 2.513834 -1.890232 -2.381058
3430000 2.546093 -2.039075 -2.375104
3440000 3.219521 -2.035130 -2.419568
3450000 3.521161 -1.714743 -2.365178
3460000 4.205684 -1.974096 -2.416687
3470000 3.803989 -1.905606 -2.525569
3480000 3.344117 -1.966441 -2.423803
3490000 3.134618 -1.786787 -2.467621
3500000 4.295837 -1.891372 -2.588638
3510000 4.295682 -1.868023 -2.466043
3520000 4.627607 -1.844470 -2.491324
3530000 4.162438 -2.039727 -2.486955
3540000 4.556073 -1.991100 -2.459194
3550000 3.731404 -2.047476 -2.448674
3560000 3.808530 -1.952964 -2.566751
3570000 3.470512 -1.957557 -2.322669
3580000 4.068298 -1.925637 -2.410643
3590000 4.100597 -2.032432 -2.436870
3600000 4.952847 -1.900459 -2.604322
3610000 5.022948 -1.930875 -2.447783
3620000 4.273175 -1.889667 -2.437659
3630000 4.500212 -1.826933 -2.456864
3640000 4.418491 -1.947218 -2.424687
3650000 4.005302 -1.846647 -2.351096
3660000 2.582259 -1.933296 -2.428887
3670000 2.510053 -1.789918 -2.384622
3680000 2.131029 -2.039496 -2.552901
3690000 1.960488 -2.050391 -2.516144
3700000 1.964254 -1.934417 -2.406272
3710000 1.830130 -1.894646 -2.351884
3720000 2.821055 -1.928072 -2.506496
3730000 2.588527 -1.830526 -2.356147
3740000 2.997309 -2.006194 -2.374159
3750000 3.845809 -1.868418 -2.412019
3760000 3.347886 -1.871470 -2.499514
3770000 2.998696 -1.894859 -2.331889
3780000 3.119767 -1.958567 -2.453951
3790000 2.882920 -1.855026 -2.442322
3800000 2.842135 -1.920195 -2.501404
3810000 3.040628 -1.867520 -2.423865
3820000 3.467279 -1.933878 -2.442873
3830000 3.891990 -1.971948 -2.339292
3840000 3.847079 -1.921179 -2.451880
3850000 4.077241 -1.886699 -2.430711
3860000 3.387825 -1.868754 -2.279759
3870000 2.810801 -1.863404 -2.430492
3880000 2.202382 -1.927394 -2.508760
3890000 2.568273 -1.880221 -2.262221
3900000 2.771391 -2.004163 -2.387222
3910000 2.026765 -2.009402 -2.545514
3920000 2.640370 -1.823157 -2.365649
3930000 1.812377 -1.849613 -2.390397
3940000 1.474614 -1.912785 -2.399170
3950000 1.626900 -2.082687 -2.500904
3960000 1.565252 -1.918275 -2.522466
3970000 1.482705 -1.941109 -2.499335
3980000 1.791096 -1.839664 -2.398147
3990000 2.828563 -1.892240 -2.310435
4000000 2.800914 -1.952792 -2.417877
