100000 0.746336 -1.984720 -3.001493
110000 1.178506 -1.955936 -2.809243
120000 0.946191 -1.954905 -3.090444
130000 1.173809 -1.924226 -2.923735
140000 1.939521 -1.906438 -3.090575
150000 2.933067 -1.981558 -2.989829
160000 3.755829 -1.818312 -3.087596
170000 2.632263 -1.987886 3.132952
180000 3.238823 -1.931860 -2.966639
190000 4.102780 -1.962721 -2.974366
200000 4.927497 -1.927036 -3.096662
210000 5.089199 -1.905618 -3.060695
220000 3.469400 -1.971979 -2.931072
230000 3.675434 -1.906009 -2.854934
240000 4.422461 -1.958963 -3.058594
250000 4.550902 -1.788907 -3.045726
260000 3.456653 -1.928206 -2.931682
270000 2.157716 -1.854080 -3.014671
280000 1.800038 -1.971524 -3.009857
290000 1.773025 -2.031719 -2.945682
300000 2.357228 -1.891178 -3.044098
310000 1.868111 -1.909011 -2.967259
320000 3.159245 -1.948499 -2.908288
330000 3.113768 -1.926986 -2.937658
340000 4.252110 -1.913000 -2.819850
350000 4.545002 -2.065168 -2.995599
360000 3.612048 -1.991001 -2.924480
370000 3.032450 -1.877780 -2.950952
380000 3.381064 -1.857881 -3.106983
390000 2.433858 -1.920348 -2.925232
400000 1.342552 -1.960427 -3.040101
410000 1.151846 -1.896458 -2.978347
420000 0.743985 -2.112188 -2.943386
430000 0.679760 -1.882502 -3.009416
440000 1.312244 -1.980869 -2.966314
450000 1.032238 -2.061671 -2.912175
460000 1.476093 -1.804831 -2.980680
470000 1.288481 -1.921918 -3.043276
480000 0.739595 -1.992872 -3.014057
490000 0.847782 -1.953956 -2.956303
500000 1.008150 -1.943310 -2.912216
510000 1.291460 -1.673945 -2.944894
520000 1.833184 -2.046149 -2.938234
530000 2.274835 -1.879883 -3.063288
540000 2.704892 -1.995900 -3.039197
550000 2.348041 -1.879737 -2.976250
560000 4.036991 -1.959067 -2.966124
570000 4.722015 -1.983219 -3.078522
580000 4.400925 -1.968680 -3.023834
590000 3.746811 -1.915224 -2.946905
600000 2.999055 -2.018265 -3.009701
610000 4.190501 -1.854432 -2.912375
620000 3.958915 -1.866559 -2.874225
630000 4.240622 -1.963492 -2.916005
640000 3.260461 -1.882918 -2.940389
650000 3.047484 -1.919877 -3.016412
660000 3.259291 -1.973397 -3.000421
670000 1.755416 -1.885465 -2.981085
680000 1.758466 -1.865696 -3.005523
690000 2.239665 -1.843368 -3.029116
700000 2.568396 -1.908142 -3.043769
710000 3.873025 -1.946485 -3.061514
720000 4.072978 -1.812414 -2.870161
730000 4.560901 -1.956371 -2.948965
740000 4.975679 -1.901491 -2.927707
750000 3.756592 -1.941745 -3.025227
760000 3.078577 -1.896863 -3.090822
770000 3.461714 -1.877482 -3.020400
780000 1.940841 -1.885320 -2.925345
790000 1.556741 -1.824845 -2.851334
800000 1.760419 -1.972517 -3.118208
810000 1.243924 -1.867174 -2.943843
820000 1.216653 -1.890329 -3.033484
830000 1.497763 -1.820258 -3.032120
840000 2.166625 -1.808884 -3.006685
850000 1.910288 -1.833916 -3.034250
860000 2.390911 -1.865709 -3.023387
870000 2.313929 -1.946722 -2.922852
880000 2.723058 -1.838695 -2.881520
890000 3.765783 -1.783643 -3.019444
900000 4.629802 -1.955014 -2.807852
910000 4.791965 -1.927981 -3.043873
920000 5.111164 -1.946874 -2.962137
930000 5.017262 -1.967746 -2.955367
940000 3.349525 -1.952113 -2.879119
950000 3.357828 -1.976228 -2.941884
960000 4.050436 -1.867313 -2.880621
970000 3.690941 -1.954551 -2.906071
980000 4.471473 -1.945345 -3.010882
990000 4.861140 -1.846056 -2.985683
1000000 4.592868 -1.806237 -3.089872
1010000 4.130126 -1.869808 -2.900620
1020000 4.368677 -1.934117 -3.067241
1030000 3.240641 -1.938688 -2.980684
1040000 3.046404 -1.969757 -3.027673
1050000 2.544575 -2.132476 -3.006758
1060000 1.992678 -2.000834 -3.001838
1070000 2.385881 -1.837385 -2.981109
1080000 2.771751 -1.986331 -3.013059
1090000 3.281816 -1.923770 -3.034407
1100000 3.792151 -1.932740 -3.051112
1110000 3.518060 -2.029789 -3.006302
1120000 3.051470 -1.857842 -2.993911
1130000 3.646565 -1.964651 -2.922420
1140000 3.593780 -2.004092 -2.916238
1150000 4.471948 -1.959549 -2.964359
1160000 4.912077 -2.065691 -2.929151
1170000 4.319455 -1.937065 -2.914540
1180000 4.940542 -1.939617 -3.010306
1190000 4.899620 -1.974886 -2.954396
1200000 5.051836 -1.887855 -3.018992
1210000 4.782062 -2.058701 -2.858445
1220000 3.694078 -1.903992 -2.964041
1230000 2.116467 -1.975340 -3.051862
1240000 2.570145 -1.860800 -2.916926
1250000 1.776607 -1.906605 -2.967789
1260000 2.026734 -1.953094 -3.021054
1270000 1.568019 -1.831101 -2.976159
1280000 2.187122 -1.789219 -3.014389
1290000 3.009334 -1.910969 -2.925471
1300000 2.885657 -1.949234 -2.927492
1310000 3.346556 -1.933489 -2.922810
1320000 1.972060 -1.969563 -2.954252
1330000 1.954737 -1.875096 -3.006725
1340000 1.357546 -1.950341 -3.139319
1350000 0.760893 -1.982198 -3.001761
1360000 0.817554 -1.971108 -3.030385
1370000 0.717484 -1.873627 -3.020852
1380000 0.975681 -1.891258 -3.105799
1390000 0.926311 -1.915156 -2.903496
1400000 1.183806 -1.738697 3.117492
1410000 1.365827 -1.855820 -2.980510
1420000 0.912987 -1.850330 -2.906679
1430000 0.617163 -1.925052 -3.081694
1440000 0.806266 -1.778100 -2.883910
1450000 0.838746 -1.858499 -2.960163
1460000 0.502506 -1.866430 -3.136933
1470000 0.891516 -1.853309 -3.079746
1480000 1.208798 -1.973581 -3.056331
1490000 1.005851 -1.868196 -3.035697
1500000 1.531932 -1.970058 -2.933614
1510000 1.566756 -1.850556 -2.885748
1520000 1.926923 -1.844516 -2.921250
1530000 4.071936 -1.842097 -3.025965
1540000 3.920695 -1.804484 -2.941198
1550000 3.881682 -2.001063 -3.030090
1560000 4.630325 -1.923821 -3.064594
1570000 4.432173 -2.029433 -2.945328
1580000 4.170584 -1.954422 -2.923655
1590000 4.107106 -1.843922 -3.073310
1600000 3.377891 -1.936016 -2.974530
1610000 4.434334 -1.882075 -2.982110
1620000 4.628026 -1.854791 -3.035487
1630000 3.699851 -1.825744 -2.998661
1640000 2.549673 -1.925031 -2.966099
1650000 2.781354 -1.832585 -2.899331
1660000 2.426305 -1.975932 -2.909789
1670000 2.332810 -1.956458 -2.982674
1680000 2.544157 -1.973968 -2.994459
1690000 3.222061 -1.917940 -2.850886
1700000 2.826921 -1.909072 -2.970488
1710000 2.312018 -1.875109 -2.911661
1720000 2.627060 -1.994272 -2.896877
1730000 3.986346 -1.960460 -3.022523
1740000 3.758138 -1.954880 -3.059386
1750000 4.646618 -1.955731 -2.965190
1760000 4.183559 -1.948542 -2.903196
1770000 3.415007 -1.969724 -2.932686
1780000 4.117604 -1.957906 -2.988875
1790000 4.734524 -1.859067 -2.892288
1800000 5.005355 -1.954739 -2.851147
1810000 4.604853 -1.933848 -2.861409
1820000 4.048568 -1.966885 -2.972020
1830000 3.775141 -1.888451 -3.057689
1840000 3.556150 -2.018231 -2.978282
1850000 2.063646 -1.907286 -3.022290
1860000 2.123305 -1.963431 -2.906615
1870000 1.994068 -2.013183 -2.978203
1880000 2.059221 -1.926028 -2.978211
1890000 1.864979 -1.993218 -2.997420
1900000 1.755035 -1.896699 -3.060470
1910000 1.566044 -1.924554 -2.969401
1920000 1.338115 -1.980444 -2.973814
1930000 1.579231 -1.879409 -3.056794
1940000 1.994066 -1.862420 -2.928216
1950000 2.530665 -1.836108 -2.887425
1960000 1.940302 -1.949608 -2.959265
1970000 2.354235 -1.919703 -3.048481
1980000 2.700662 -1.991571 -2.962298
1990000 3.245218 -1.919918 -2.888059
2000000 3.896255 -1.849904 -3.057853
2010000 4.869864 -1.969505 -2.875622
2020000 3.867409 -1.873550 -2.849071
2030000 3.324259 -1.865562 -2.964220
2040000 3.853461 -1.870986 -3.099700
2050000 4.309557 -1.882048 -2.923507
2060000 2.884195 -2.011669 -2.937899
2070000 2.855672 -2.082602 -2.876061
2080000 4.377123 -1.894035 -3.056172
2090000 4.810605 -1.968458 -2.936187
2100000 4.071884 -1.970314 -2.900079
2110000 4.323182 -1.816578 -2.930105
2120000 4.920138 -1.850666 -2.947234
2130000 4.844548 -1.875331 -2.893678
2140000 3.919553 -1.917191 -3.013496
2150000 3.257993 -1.887919 -2.798298
2160000 2.552165 -1.793562 -2.946848
2170000 3.133409 -1.926834 -2.918040
2180000 3.798319 -1.892823 -2.880851
2190000 2.731219 -1.854877 -3.076191
2200000 2.472732 -1.851019 -3.073055
2210000 2.472335 -1.949464 -3.030184
2220000 2.339072 -1.899240 -3.077809
2230000 1.916529 -2.018422 -2.972237
2240000 1.230335 -1.953852 -2.873872
2250000 1.034961 -1.880347 -2.926793
2260000 0.758473 -1.872529 -2.992058
2270000 0.718101 -1.872314 -3.016432
2280000 0.955094 -1.861058 -3.087352
2290000 0.627322 -1.820114 -2.923727
2300000 0.595405 -1.967904 -2.961826
2310000 0.714425 -1.953699 -2.998952
2320000 0.792421 -1.906843 -3.054917
2330000 0.528230 -1.970003 -2.987081
2340000 0.492544 -1.966340 -2.941224
2350000 0.603251 -1.973813 -2.810979
2360000 1.066300 -1.959475 -2.875909
2370000 1.397211 -1.984449 -3.064135
2380000 1.395608 -1.950475 -2.819056
2390000 1.090238 -1.838095 -2.778967
2400000 1.506172 -1.763457 -3.007014
2410000 1.647326 -1.962437 -2.947885
2420000 1.637265 -1.884193 -2.976055
2430000 1.870355 -1.920285 -3.045743
2440000 1.590665 -1.963880 -3.042493
2450000 2.078864 -1.810919 -2.977953
2460000 2.273396 -1.852731 -2.852237
2470000 3.352789 -1.936469 -3.028835
2480000 3.146194 -1.933082 -2.814535
2490000 3.609765 -2.028082 -2.947090
2500000 4.299477 -1.913655 -3.033805
2510000 3.551964 -1.874147 -3.009125
2520000 2.616722 -1.904434 -2.805367
2530000 2.659523 -1.949096 -2.785893
2540000 2.422124 -1.838167 -2.942371
2550000 2.917755 -1.904687 -2.917566
2560000 2.504891 -1.941054 -2.897504
2570000 3.130276 -1.916243 -3.059507
2580000 3.328071 -1.784687 -2.938170
2590000 2.803214 -1.981861 -2.921026
2600000 2.957851 -1.847728 -3.112870
2610000 4.185636 -1.887825 -3.016180
2620000 4.702999 -2.009204 -3.056069
2630000 3.966457 -2.012719 -3.005821
2640000 4.433799 -1.835563 -3.012146
2650000 4.651854 -1.907556 -2.920050
2660000 4.924266 -2.089912 -2.949888
2670000 4.696862 -1.882925 -2.951210
2680000 4.346530 -1.946651 -2.874234
2690000 4.288639 -1.914654 -2.884493
2700000 4.045541 -1.983991 -3.006204
2710000 4.169655 -1.826730 -2.882690
2720000 4.231045 -1.938463 -2.967157
2730000 4.091501 -1.817983 -2.946281
2740000 4.836686 -1.925740 -2.897919
2750000 3.799493 -2.078147 -3.002276
2760000 4.043523 -1.832531 -2.970008
2770000 3.479973 -1.876015 -2.905112
2780000 2.540815 -1.905095 -2.996410
2790000 1.741038 -1.934659 -2.892789
2800000 1.766353 -1.873086 -2.925763
2810000 1.728719 -1.918086 -2.815931
2820000 2.167382 -1.963988 -2.863255
2830000 2.447202 -1.888651 -3.015846
2840000 3.110956 -1.998601 -2.778863
2850000 2.206445 -1.953222 -2.843294
2860000 1.879347 -2.037340 -2.946388
2870000 1.998013 -1.953193 -2.983436
2880000 1.434428 -1.901786 -3.069541
2890000 0.981155 -1.901869 -2.851633
2900000 0.754772 -1.969157 -2.913721
2910000 1.173443 -1.903702 -2.997226
2920000 1.329800 -1.902902 -2.991015
2930000 0.777642 -2.032084 -2.983605
2940000 0.697756 -2.024047 -2.957253
2950000 0.875811 -1.992767 -2.733899
2960000 1.073573 -1.918915 -2.862742
2970000 0.844074 -2.005371 -3.083175
2980000 0.824477 -1.904968 -2.861074
2990000 0.998295 -1.944527 -2.900637
3000000 0.645925 -1.964113 -2.957413
3010000 1.076528 -1.950458 -2.907761
3020000 0.810987 -1.962600 -2.887653
3030000 0.892058 -1.862328 -2.857095
3040000 1.046676 -1.942975 -3.023380
3050000 1.095421 -1.993416 -2.962377
3060000 1.432994 -1.871604 -3.033024
3070000 1.382938 -1.908487 -2.940111
3080000 1.345519 -1.947005 -2.856106
3090000 1.218556 -1.922332 -2.857877
3100000 1.022349 -1.918410 -2.968407
3110000 1.113990 -1.759214 -2.893711
3120000 1.105888 -2.003746 -3.031416
3130000 1.421116 -1.872595 -2.855203
3140000 1.755127 -1.895825 -3.105445
3150000 1.822718 -1.887903 -2.993263
3160000 1.526246 -1.982251 -2.954382
3170000 2.149770 -1.884008 -2.949099
3180000 2.623162 -1.963277 -2.909037
3190000 3.544254 -1.936844 -2.735023
3200000 3.364600 -1.923648 -3.028566
3210000 3.837869 -2.012141 -3.039748
3220000 3.926181 -2.019691 -3.093863
3230000 4.480470 -2.052908 -3.021837
3240000 4.707609 -1.815927 -2.939865
3250000 4.783520 -1.957121 -2.965818
3260000 3.579594 -1.791824 -2.933426
3270000 3.108402 -1.788593 -3.004675
3280000 3.786989 -1.823051 -2.960039
3290000 3.048021 -1.909636 -2.795128
3300000 3.743192 -1.777260 -3.088606
3310000 4.538592 -1.804823 -2.872963
3320000 5.015597 -2.015542 -3.042191
3330000 5.046357 -1.859130 -3.024473
3340000 4.877183 -1.924127 -3.037917
3350000 4.080041 -1.902503 -2.832004
3360000 4.367133 -1.961307 -3.029202
3370000 4.527492 -1.922476 -3.034023
3380000 4.940252 -1.882399 -2.951904
3390000 3.962901 -1.987594 -3.046379
3400000 3.403879 -1.920382 -2.987529
3410000 2.632428 -1.985075 -2.915960
3420000 2.693012 -1.926825 -2.958799
3430000 3.527216 -1.913943 -2.853074
3440000 3.064206 -1.914655 -2.929243
3450000 2.833163 -1.829017 -3.002722
3460000 3.016856 -1.924330 -3.054390
3470000 3.242879 -1.893000 -2.934839
3480000 2.278451 -1.992895 -2.917283
3490000 2.777300 -1.825676 -3.059029
3500000 3.356495 -1.928964 -2.959869
3510000 3.527161 -1.919764 -3.022387
3520000 2.380610 -2.009734 -3.098787
3530000 2.154774 -1.996608 -2.951571
3540000 1.835233 -1.881260 -2.872063
3550000 1.842329 -1.917081 -2.894741
3560000 1.497629 -1.970853 -2.951370
3570000 2.009273 -1.925302 -2.899768
3580000 2.591280 -1.901300 -3.028088
3590000 2.828125 -2.036970 -2.993485
3600000 2.281965 -1.889237 -3.030589
3610000 1.890434 -1.835455 -2.970339
3620000 2.120125 -1.966263 -2.994506
3630000 2.329345 -1.917214 -2.960003
3640000 2.377624 -1.970480 -2.741856
3650000 2.545395 -1.883575 -2.944661
3660000 2.809695 -1.882538 -2.845567
3670000 3.070958 -1.892712 -2.946804
3680000 3.782408 -1.919619 -3.001703
3690000 3.647574 -1.968877 -3.037030
3700000 2.981696 -1.905834 -2.896526
3710000 3.781901 -1.991726 -2.812983
3720000 3.719405 -1.962656 -2.950160
3730000 4.772251 -1.900717 -2.966523
3740000 4.793177 -2.036128 -3.035673
3750000 4.700039 -1.987687 -2.962394
3760000 3.928673 -1.880563 -2.949525
3770000 4.775836 -1.943571 -2.990205
3780000 4.817209 -1.834519 -2.973370
3790000 3.867314 -1.934303 -2.971873
3800000 4.432758 -1.971955 -3.068059
3810000 4.841663 -1.970933 -2.875173
3820000 4.102781 -1.897944 -2.847455
3830000 4.986515 -1.932624 -2.955083
3840000 4.312713 -1.928251 -3.013746
3850000 3.583235 -2.054985 -2.875050
3860000 4.136148 -2.061750 -2.940258
3870000 4.847830 -1.876604 -3.012232
3880000 4.691445 -1.822397 -2.930672
3890000 3.991103 -1.973948 -2.924441
3900000 4.602136 -2.068805 -3.083797
3910000 3.518696 -1.898528 -2.966727
3920000 2.547973 -1.899252 -3.022332
3930000 1.446807 -1.929186 -2.855460
3940000 1.727569 -2.033326 -2.971146
3950000 1.689401 -1.900868 -2.978597
3960000 2.300802 -2.060803 -2.968383
3970000 1.990021 -1.949530 -3.019796
3980000 1.472189 -1.904652 -2.875253
3990000 1.517720 -1.978666 -2.964905
4000000 1.178840 -1.957514 -3.066359
