100000 2.869719 -2.030731 2.796348
110000 3.714892 -2.042107 2.769835
120000 5.022936 -2.228059 2.854611
130000 3.740721 -2.064942 2.892154
140000 2.663731 -2.126934 2.649689
150000 1.342028 -2.121267 2.851555
160000 2.087288 -2.108690 2.843771
170000 3.004610 -2.139770 2.905722
180000 4.037970 -2.041258 2.669834
190000 4.563879 -2.000822 2.823179
200000 3.914158 -2.090474 2.779088
210000 2.783702 -2.153019 2.834068
220000 1.714312 -2.183698 2.747303
230000 3.312838 -1.996058 2.781629
240000 3.803651 -2.090354 2.693790
250000 4.568353 -2.069231 2.779582
260000 3.787583 -2.099273 2.763377
270000 4.962468 -1.987360 2.824102
280000 4.832863 -2.117550 2.808022
290000 4.882233 -2.022367 2.639316
300000 4.801403 -2.065076 2.779339
310000 4.128315 -2.164145 2.803413
320000 5.075140 -1.943182 2.694093
330000 4.789608 -2.019206 2.828319
340000 4.292923 -2.006043 2.895881
350000 2.335940 -2.130478 2.842557
360000 3.023534 -2.073267 2.790916
370000 2.058841 -2.120889 2.814742
380000 1.170886 -1.988679 2.815133
390000 0.602720 -2.029778 2.692611
400000 0.739020 -2.185730 2.799121
410000 1.449407 -2.022082 2.737938
420000 1.212443 -2.029851 2.849854
430000 0.670916 -2.002329 2.872946
440000 0.800133 -1.919332 2.918319
450000 1.713606 -2.100164 2.995446
460000 2.154977 -2.037054 2.935503
470000 3.006127 -2.051890 2.891821
480000 3.572602 -2.110332 2.784779
490000 2.392231 -2.144883 2.831793
500000 1.975736 -2.225062 2.904598
510000 2.491829 -2.002399 2.798759
520000 2.623097 -2.106959 2.922694
530000 3.888680 -2.155584 2.798310
540000 3.869575 -1.924741 2.837883
550000 4.824502 -2.075008 2.752613
560000 4.351504 -2.085741 2.684743
570000 4.447669 -2.088923 2.614229
580000 3.247964 -2.135480 2.896523
590000 3.004486 -2.204183 2.797821
600000 2.604560 -2.092992 2.772182
610000 4.199895 -2.016936 2.797045
620000 4.091545 -2.104347 2.919568
630000 4.224210 -2.174153 2.761470
640000 2.969456 -2.045476 2.849859
650000 2.694444 -1.909803 2.727102
660000 1.694175 -2.154656 2.670697
670000 1.723241 -2.063620 2.913601
680000 1.798908 -2.054114 2.869270
690000 1.254474 -2.010345 2.677670
700000 0.683189 -2.120165 2.789173
710000 1.201205 -2.062078 2.723951
720000 0.523258 -2.103336 2.890202
730000 1.218958 -1.979143 2.726883
740000 1.435975 -2.103128 2.799947
750000 1.434973 -2.149631 2.777546
760000 1.598274 -2.000277 2.898716
770000 1.713352 -2.030526 2.661199
780000 1.967559 -2.169439 2.798889
790000 2.422958 -2.057429 2.750748
800000 2.144977 -1.938554 2.825434
810000 1.464754 -2.216320 2.742376
820000 2.536060 -2.016633 2.746144
830000 2.453040 -2.206394 2.815439
840000 3.268611 -2.026183 2.799095
850000 3.949310 -2.103970 2.871302
860000 4.532218 -2.041376 2.773911
870000 4.794187 -2.044371 2.816097
880000 3.550910 -2.085877 2.790040
890000 3.923632 -2.100574 2.773368
900000 3.066613 -2.190481 2.811477
910000 2.689785 -2.040189 2.672679
920000 2.166555 -2.114380 2.716784
930000 3.343474 -2.195798 2.767094
940000 4.634586 -2.197895 2.749871
950000 4.774996 -2.033965 2.836353
960000 4.735432 -2.072385 2.883648
970000 4.912967 -2.148556 2.922216
980000 4.917489 -2.175899 2.825885
990000 4.714234 -2.090902 2.678337
1000000 4.138423 -2.220933 2.673688
1010000 3.772376 -2.222356 2.749286
1020000 4.779436 -2.152917 2.676836
1030000 4.251431 -2.184465 2.611997
1040000 4.987877 -2.081690 2.786878
1050000 4.086797 -2.006713 2.665143
1060000 3.738738 -2.095501 2.735818
1070000 3.375544 -1.944463 2.706124
1080000 3.355940 -2.161692 2.821386
1090000 2.542203 -2.010335 2.724439
1100000 2.090421 -2.170108 2.738730
1110000 2.667895 -2.177503 2.859144
1120000 1.449796 -2.046752 2.770742
1130000 0.892197 -2.075062 2.756723
1140000 0.492172 -2.238854 2.819733
1150000 0.842700 -2.084314 2.815077
1160000 0.994198 -2.099200 2.809937
1170000 1.047807 -2.135695 2.755002
1180000 1.404051 -1.960457 2.791323
1190000 1.263694 -2.125309 2.808671
1200000 1.688638 -2.069607 2.723795
1210000 2.079061 -2.104853 2.783765
1220000 2.766712 -2.201104 2.888150
1230000 2.947847 -2.054263 2.841191
1240000 3.851479 -2.087387 2.766143
1250000 3.290041 -2.035270 2.837412
1260000 3.773854 -2.019401 2.897225
1270000 4.028697 -2.093015 2.809757
1280000 4.767541 -2.092599 2.751957
1290000 4.507235 -2.021553 2.838778
1300000 4.141000 -2.064742 2.862110
1310000 3.184938 -2.112221 2.656074
1320000 4.347728 -2.171548 2.682713
1330000 4.682895 -2.190519 2.812290
1340000 4.326131 -2.097555 2.786904
1350000 4.382296 -1.959247 2.820797
1360000 2.973775 -2.096481 2.809155
1370000 2.373164 -2.130124 2.743780
1380000 1.659884 -2.195160 2.879758
1390000 1.740060 -2.134036 2.930496
1400000 2.070393 -2.068727 2.786457
1410000 2.388359 -2.017780 2.885105
1420000 2.866979 -2.074095 2.863153
1430000 2.168034 -1.993136 2.735671
1440000 2.389906 -2.146831 2.608185
1450000 3.293412 -1.967760 2.693773
1460000 3.258553 -2.168155 2.724147
1470000 2.308206 -2.138213 2.804020
1480000 2.422931 -2.150707 2.917726
1490000 2.294968 -2.021809 2.712633
1500000 1.958062 -2.065076 2.721278
1510000 2.832161 -2.063616 2.843522
1520000 3.570165 -2.151764 2.765454
1530000 3.267737 -2.099004 2.861716
1540000 3.371105 -1.943326 2.784856
1550000 4.053899 -2.134971 2.805343
1560000 4.750412 -2.114616 2.787088
1570000 5.156265 -2.044461 2.824784
1580000 4.180641 -2.202331 2.794055
1590000 4.172454 -2.062038 2.775982
1600000 3.813981 -2.100776 2.903764
1610000 3.468330 -2.115227 2.731723
1620000 2.850777 -2.096754 2.858847
1630000 3.546787 -2.162734 2.738770
1640000 3.291177 -2.196439 2.797888
1650000 3.094248 -2.204912 2.657556
1660000 4.762080 -2.116716 2.655918
1670000 4.497476 -2.089650 2.700823
1680000 4.201698 -2.169600 2.868583
1690000 4.610729 -2.077852 2.830946
1700000 4.740428 -2.073637 2.764012
1710000 4.958779 -2.309431 2.670645
1720000 4.457264 -2.187206 2.601494
1730000 3.538009 -2.124339 2.819966
1740000 4.280282 -2.142442 2.649205
1750000 4.467049 -2.225746 2.727516
1760000 3.988339 -2.084577 2.803328
1770000 4.534920 -2.211520 2.781919
1780000 3.729634 -2.116267 2.711057
1790000 3.899992 -2.146511 2.800459
1800000 2.837931 -2.121274 2.725217
1810000 2.202521 -2.046379 2.865489
1820000 1.648296 -2.069466 2.656291
1830000 2.350719 -2.248177 2.856962
1840000 1.506358 -1.974850 2.681680
1850000 0.616747 -2.080951 2.821992
1860000 0.625299 -2.111814 2.855928
1870000 0.955168 -2.185681 2.806568
1880000 1.064272 -2.173331 2.766292
1890000 1.151255 -2.130991 2.771613
1900000 1.089678 -2.252880 2.805278
1910000 0.812271 -2.144773 2.820409
1920000 1.407002 -2.126401 2.820102
1930000 1.193165 -2.055202 2.860199
1940000 1.454088 -2.113246 2.738749
1950000 1.468179 -2.134163 2.881120
1960000 1.527918 -2.047570 2.788613
1970000 1.919756 -2.126553 2.792421
1980000 2.293922 -2.128176 2.786843
1990000 2.940199 -2.058364 2.874275
2000000 3.136624 -1.943464 2.667813
2010000 2.394278 -2.022408 2.808659
2020000 2.444566 -2.111116 2.823502
2030000 3.095829 -2.126133 2.912735
2040000 3.336824 -2.037747 2.755253
2050000 2.412537 -2.074373 2.920738
2060000 1.735572 -2.201121 2.871529
2070000 1.088139 -2.092372 2.779394
2080000 0.889272 -2.068506 2.851282
2090000 0.690421 -2.096911 2.744862
2100000 0.599705 -2.035846 2.836505
2110000 0.995624 -2.224423 2.657099
2120000 0.891574 -2.109947 2.905358
2130000 1.184572 -2.069392 2.643536
2140000 1.224827 -1.958065 2.776359
2150000 1.724505 -2.013645 2.852149
2160000 1.429536 -1.990173 2.785359
2170000 1.296938 -2.234576 2.873982
2180000 1.773491 -2.041231 2.847495
2190000 1.188363 -1.953585 2.772842
2200000 1.547953 -1.995926 2.614846
2210000 1.942814 -2.104844 2.872404
2220000 1.933545 -2.020242 2.753757
2230000 2.169038 -2.026392 2.917415
2240000 2.994085 -2.129914 2.899768
2250000 2.871069 -2.075534 2.652106
2260000 2.529887 -2.157263 2.977453
2270000 2.632769 -2.132407 2.813251
2280000 3.234492 -2.162245 2.772245
2290000 2.827444 -2.013709 2.835935
2300000 2.757958 -1.922088 2.777983
2310000 3.342563 -2.233691 2.814039
2320000 1.922139 -2.203519 2.857553
2330000 2.102228 -2.080859 2.834069
2340000 3.434744 -2.078596 2.768388
2350000 4.075367 -2.196588 2.670207
2360000 3.954848 -2.023572 2.674454
2370000 4.613002 -2.059518 2.800554
2380000 4.231253 -2.075084 2.866237
2390000 3.820721 -2.165665 2.916714
2400000 4.381425 -2.054619 2.854153
2410000 4.601701 -2.068727 2.703891
2420000 4.245882 -2.055438 2.777788
2430000 3.608098 -2.081398 2.671447
2440000 3.580144 -2.039946 2.792743
2450000 4.718866 -2.130191 2.830290
2460000 4.694867 -2.059382 2.739462
2470000 4.543328 -2.187431 2.801820
2480000 4.803479 -2.065624 2.948631
2490000 3.191573 -2.148629 2.770084
2500000 3.805759 -2.101286 2.841872
2510000 4.772776 -2.139821 2.774905
2520000 5.036393 -1.998312 2.685902
2530000 4.142346 -2.251960 2.724940
2540000 3.312779 -2.136332 2.866878
2550000 3.725474 -2.136090 2.853257
2560000 2.840775 -2.031765 2.839631
2570000 3.767302 -2.085575 2.842309
2580000 4.894133 -2.032469 2.706999
2590000 5.015781 -2.147259 2.850942
2600000 4.415601 -2.069761 2.756157
2610000 4.211222 -2.019024 2.849785
2620000 4.313917 -1.965183 2.776860
2630000 4.565024 -2.189792 2.849317
2640000 4.847817 -2.113999 2.711236
2650000 3.790025 -2.052401 2.858055
2660000 2.971316 -2.042105 2.764875
2670000 3.035201 -2.054257 2.681771
2680000 2.144927 -2.142762 2.950638
2690000 1.631007 -2.027122 2.724986
2700000 1.842204 -1.906311 2.727814
2710000 1.533763 -2.011192 2.794788
2720000 1.657444 -2.109994 2.728308
2730000 2.123642 -2.174119 2.724519
2740000 1.802387 -1.926692 2.789223
2750000 2.120292 -2.144353 2.774836
2760000 1.559032 -2.215371 2.751073
2770000 1.512990 -2.215742 2.802680
2780000 1.466350 -2.021956 2.912028
2790000 1.000982 -1.995686 2.703627
2800000 0.501491 -2.115031 2.742682
2810000 0.607931 -2.098429 2.834484
2820000 0.500998 -2.014683 2.825205
2830000 0.500313 -1.970367 2.879933
2840000 0.696897 -2.168123 2.729691
2850000 0.761242 -1.965019 2.824268
2860000 0.630752 -2.031087 2.840930
2870000 0.817421 -2.039449 2.817985
2880000 0.789080 -2.008270 2.715030
2890000 0.738891 -2.152196 2.855091
2900000 0.500097 -2.127493 2.771311
2910000 0.873032 -1.992092 2.683722
2920000 0.694371 -2.157081 2.735402
2930000 0.909838 -2.123244 2.677642
2940000 0.785206 -1.959333 2.545632
2950000 0.618020 -1.974126 2.795325
2960000 0.585429 -1.960049 2.681909
2970000 0.881711 -2.164551 2.844328
2980000 1.275091 -2.037271 2.821181
2990000 1.402457 -2.025735 2.760058
3000000 1.130780 -2.063864 2.842682
3010000 1.412940 -2.147105 2.764899
3020000 1.180117 -2.114007 2.878384
3030000 1.159010 -1.978939 2.813741
3040000 1.671167 -2.098330 2.739044
3050000 2.222653 -2.047424 2.750350
3060000 2.637252 -2.066229 2.827636
3070000 2.364616 -2.076962 2.931136
3080000 2.798036 -2.163509 2.817924
3090000 2.490039 -1.971787 2.764355
3100000 1.959042 -2.106088 2.800713
3110000 1.534876 -2.180738 2.825094
3120000 1.450842 -1.992175 2.791931
3130000 1.421795 -2.085834 2.779214
3140000 1.266889 -2.187549 2.836503
3150000 1.086194 -2.156328 2.754633
3160000 1.046513 -2.125168 2.812588
3170000 0.883758 -2.065100 2.772359
3180000 1.212260 -2.145558 2.782750
3190000 0.871322 -2.152826 2.747303
3200000 0.892538 -2.103523 2.789094
3210000 0.790598 -2.098494 2.651929
3220000 0.926526 -2.087929 2.819017
3230000 0.876757 -2.086155 2.808804
3240000 0.977596 -2.251936 2.860449
3250000 0.987812 -2.128506 2.761307
3260000 1.046057 -2.073283 2.888106
3270000 1.108482 -2.023810 2.768376
3280000 1.090692 -2.152121 2.698323
3290000 1.156899 -2.093162 2.852470
3300000 1.699286 -2.166585 2.731348
3310000 1.747112 -2.078813 2.667539
3320000 2.054739 -2.034950 2.598570
3330000 2.190868 -2.152589 2.888471
3340000 2.920847 -2.058525 2.718441
3350000 2.982345 -2.059630 2.742763
3360000 3.851590 -2.136387 2.808472
3370000 3.066568 -2.225933 2.691967
3380000 2.565498 -2.207547 2.716362
3390000 2.840834 -2.196055 2.785766
3400000 3.519152 -1.956355 2.685441
3410000 4.377087 -2.044210 2.811840
3420000 3.409650 -2.145579 2.797148
3430000 4.078644 -2.158615 2.675639
3440000 4.691439 -2.081202 2.752167
3450000 4.900512 -2.050780 2.753468
3460000 4.523553 -2.055147 2.824338
3470000 3.937914 -2.154567 2.837277
3480000 4.159696 -2.197544 2.738531
3490000 3.854138 -2.078773 2.820330
3500000 4.413861 -2.072047 2.667674
3510000 4.618388 -2.055134 2.817478
3520000 4.391157 -2.117915 2.815126
3530000 4.874382 -2.029857 2.843915
3540000 3.800686 -2.089390 2.880145
3550000 4.613936 -2.218361 2.718433
3560000 4.891963 -1.968641 2.820554
3570000 4.409450 -2.106359 2.759462
3580000 3.285244 -1.984975 2.785838
3590000 3.614756 -1.971396 2.783065
3600000 3.380417 -2.209189 2.889650
3610000 2.597577 -2.110311 2.713994
3620000 3.422462 -2.122180 2.787608
3630000 4.220123 -2.089729 2.763036
3640000 4.052539 -2.078679 2.787094
3650000 3.349235 -2.099590 2.789158
3660000 3.084949 -2.127172 2.906331
3670000 3.347752 -2.058352 2.836804
3680000 4.219513 -2.181862 2.814405
3690000 3.324192 -2.182642 2.867636
3700000 3.291494 -2.096193 2.864056
3710000 2.749973 -2.146748 2.974315
3720000 3.065431 -2.055977 2.745415
3730000 4.684953 -2.135728 2.712540
3740000 4.938881 -2.083458 2.834593
3750000 4.963756 -2.038524 2.783848
3760000 4.538194 -2.120950 2.839311
3770000 4.831146 -2.075993 2.740215
3780000 4.534373 -2.120715 2.758534
3790000 5.015744 -2.110947 2.736258
3800000 4.956984 -2.051086 2.754470
3810000 4.014139 -1.986592 2.827992
3820000 4.293329 -2.123012 2.741733
3830000 4.066740 -2.115034 2.902262
3840000 4.893523 -2.040694 2.935402
3850000 4.887765 -2.125598 2.861554
3860000 3.864512 -2.021713 2.842395
3870000 3.354831 -1.985832 2.754566
3880000 3.890119 -2.132508 2.800007
3890000 3.145541 -2.131236 2.801328
3900000 3.530943 -2.061291 2.743553
3910000 3.743111 -2.161464 2.720117
3920000 4.325107 -2.122854 2.685938
3930000 4.869851 -2.063919 2.673305
3940000 4.444254 -2.081606 2.809027
3950000 5.003307 -2.201780 2.865471
3960000 4.879773 -2.121408 2.807705
3970000 4.122314 -2.053865 2.773239
3980000 4.761357 -2.177106 2.639867
3990000 4.570071 -2.053984 2.670941
4000000 3.550211 -2.205541 2.712450
