100000 4.025612 -2.051373 1.932584
110000 4.010484 -2.134722 2.004660
120000 2.436788 -2.089395 1.949558
130000 2.546928 -2.055411 1.907943
140000 0.963545 -2.232458 1.874058
150000 1.725650 -2.196897 1.981890
160000 0.993126 -2.143701 2.015500
170000 0.767691 -2.120994 2.071963
180000 1.271547 -2.049671 1.981368
190000 2.117598 -2.085273 1.915387
200000 1.578561 -2.085622 2.120843
210000 2.683864 -2.110199 1.941942
220000 3.783274 -2.065184 1.795587
230000 3.388899 -2.113829 1.939274
240000 4.655638 -2.025769 1.915110
250000 4.771421 -2.150054 1.958705
260000 3.591599 -2.132651 1.881910
270000 3.947341 -2.167312 1.962582
280000 2.463170 -2.085457 2.006712
290000 2.093252 -2.010741 1.940996
300000 1.322294 -2.064315 1.976329
310000 0.657934 -2.170902 1.824003
320000 1.050575 -2.127657 1.864925
330000 0.546372 -2.139287 1.971457
340000 1.546985 -2.171230 1.929003
350000 1.006433 -2.205929 1.838722
360000 1.513392 -2.053790 2.061669
370000 2.043599 -2.137095 1.912264
380000 2.745349 -2.065351 1.883964
390000 3.938174 -2.174552 1.965896
400000 2.830886 -2.006012 1.969413
410000 2.383928 -2.013405 1.928690
420000 2.244176 -2.165384 1.982466
430000 3.360038 -2.100351 1.822853
440000 4.191844 -2.151979 1.793359
450000 4.978474 -2.009859 1.957555
460000 4.376047 -1.983865 2.008516
470000 3.989146 -1.963213 1.922085
480000 3.860847 -2.174981 2.033694
490000 3.553449 -2.161648 2.002175
500000 4.442226 -1.991065 2.017083
510000 4.646357 -2.118715 2.016835
520000 4.837517 -2.084482 2.022380
530000 3.207698 -1.972090 1.988288
540000 2.528940 -2.223388 1.975756
550000 3.222001 -2.047234 1.937333
560000 4.342631 -2.183654 1.880378
570000 5.025183 -1.998978 1.840722
580000 3.189910 -2.142042 1.967167
590000 2.454992 -2.020411 2.009080
600000 3.137500 -2.086006 1.881215
610000 3.726058 -2.107525 1.873858
620000 4.062694 -1.900102 1.903137
630000 3.369127 -2.078458 1.878887
640000 1.981447 -2.084776 1.866609
650000 2.780661 -2.141021 1.932328
660000 2.055587 -2.117912 1.857823
670000 2.977662 -2.021269 2.007733
680000 1.462586 -2.116461 1.855424
690000 1.404729 -2.076119 1.863217
700000 0.855335 -2.282031 1.978409
710000 0.874247 -2.016071 1.842879
720000 0.748511 -2.149458 2.037960
730000 0.664143 -1.941574 1.983267
740000 0.597936 -2.070197 2.002240
750000 0.815852 -2.025972 1.979853
760000 1.269782 -2.049638 1.781044
770000 1.210963 -2.049193 1.975313
780000 1.640332 -1.973400 1.832616
790000 1.889276 -2.090380 1.944295
800000 1.920687 -2.268511 1.920178
810000 2.514285 -2.026031 1.772691
820000 3.251777 -2.203121 2.035733
830000 4.876499 -2.068703 1.943938
840000 5.056723 -2.097879 1.857674
850000 4.502125 -1.983745 1.947742
860000 3.827573 -2.018651 1.830383
870000 4.687504 -2.044695 1.925586
880000 4.907075 -1.941918 1.880180
890000 4.796564 -2.023387 1.884122
900000 4.005294 -2.150892 1.987570
910000 2.741693 -2.149686 2.010535
920000 3.619402 -1.907661 2.023710
930000 4.789835 -1.980482 1.847982
940000 4.014163 -2.140352 1.951452
950000 2.663950 -2.141436 1.858198
960000 2.328767 -2.040654 1.925520
970000 1.812395 -2.047693 1.997789
980000 1.337674 -1.937413 1.729370
990000 1.276157 -2.059433 1.848140
1000000 0.906698 -1.934410 1.972852
1010000 0.917574 -2.085770 1.925200
1020000 1.347866 -2.132403 2.018662
1030000 1.454022 -2.193231 1.810788
1040000 1.560126 -1.972119 1.808877
1050000 2.181293 -2.149718 1.947389
1060000 3.186140 -2.107387 1.898973
1070000 2.791957 -2.221941 1.826538
1080000 2.511662 -2.137951 2.108853
1090000 2.645143 -2.144559 1.950455
1100000 3.372923 -2.234883 1.820010
1110000 3.999484 -2.105509 2.004672
1120000 3.101177 -2.155161 1.942041
1130000 4.725830 -2.156755 1.989334
1140000 4.939710 -2.036642 1.972292
1150000 4.261011 -2.140795 1.918483
1160000 4.742326 -1.996188 1.861243
1170000 3.992401 -2.101106 2.050989
1180000 3.267714 -2.083435 1.965338
1190000 3.707055 -2.127031 1.949912
1200000 3.827883 -2.116400 1.875923
1210000 2.822258 -2.091303 1.866307
1220000 3.351095 -2.086670 1.871563
1230000 2.278069 -2.057010 1.806278
1240000 1.864256 -2.130726 1.896440
1250000 2.649536 -2.263266 1.772443
1260000 2.338344 -2.114684 1.922771
1270000 1.742962 -2.032151 1.861129
1280000 1.770543 -2.081711 1.911338
1290000 2.384959 -1.987293 1.854920
1300000 2.784891 -2.269225 1.917778
1310000 3.404595 -2.131353 1.978411
1320000 4.536354 -2.031977 1.880495
1330000 4.602267 -2.149324 1.952121
1340000 4.860382 -2.136104 1.969684
1350000 4.466624 -2.161335 1.880682
1360000 4.821490 -2.117987 1.850141
1370000 3.773717 -2.136114 1.913685
1380000 4.413011 -2.066836 1.901278
1390000 4.053415 -2.173807 1.910999
1400000 4.850448 -2.038340 1.996033
1410000 5.012632 -2.127341 1.925763
1420000 4.801071 -1.917747 1.817225
1430000 4.624499 -2.099442 1.857808
1440000 3.530713 -2.151379 1.939623
1450000 3.160219 -2.131055 1.920636
1460000 3.671852 -2.059241 1.881432
1470000 3.016810 -2.152848 1.918545
1480000 3.355155 -2.109378 1.932541
1490000 2.864194 -1.984831 1.929968
1500000 1.724239 -2.168421 2.039006
1510000 1.408502 -2.101816 1.921836
1520000 1.377615 -2.108151 1.852994
1530000 0.860887 -2.013284 1.894712
1540000 0.714855 -2.200732 1.921617
1550000 1.019679 -2.129474 1.874269
1560000 0.797694 -2.074016 1.797222
1570000 1.133827 -1.992372 1.968831
1580000 1.184156 -2.039423 1.918207
1590000 1.667260 -1.966180 1.935320
1600000 2.228090 -2.008440 1.974850
1610000 2.597398 -2.097561 1.830785
1620000 2.240588 -2.289831 1.892651
1630000 2.024000 -2.202956 1.890878
1640000 1.831367 -2.076528 2.009724
1650000 2.969092 -2.116549 1.909649
1660000 3.124625 -2.034236 1.807353
1670000 3.842354 -2.071480 2.056289
1680000 4.145216 -2.183194 1.865010
1690000 3.724864 -2.194330 1.965590
1700000 3.440684 -2.075257 2.049164
1710000 3.995634 -2.089082 1.960294
1720000 3.327926 -2.164970 1.954286
1730000 4.593418 -2.175200 1.917315
1740000 4.936199 -1.946386 1.925488
1750000 5.013921 -2.247234 1.999091
1760000 4.654207 -2.214548 1.802928
1770000 4.820620 -2.047102 1.985336
1780000 3.218916 -2.143612 1.813670
1790000 2.996525 -2.065132 2.002267
1800000 2.445796 -2.121667 1.980919
1810000 2.166665 -2.082958 2.006157
1820000 2.654667 -2.202286 1.934600
1830000 2.199534 -2.109077 1.899546
1840000 1.706207 -1.984179 1.964134
1850000 1.721875 -2.115833 1.897526
1860000 1.638704 -2.037211 1.945395
1870000 1.309113 -2.097939 1.986955
1880000 0.972259 -2.139870 2.056456
1890000 0.887663 -2.224161 1.855625
1900000 0.936447 -2.069400 1.975824
1910000 0.599759 -2.018549 2.022631
1920000 0.774081 -2.130088 1.886593
1930000 0.986439 -2.013569 1.887063
1940000 1.387375 -2.026999 1.990017
1950000 1.398219 -2.086465 1.997853
1960000 1.699571 -2.086208 1.808732
1970000 1.907121 -2.218980 1.849072
1980000 1.176612 -2.052562 1.902470
1990000 1.171171 -2.123023 1.948653
2000000 0.989879 -2.127845 1.918978
2010000 0.810913 -2.082837 1.924923
2020000 0.760454 -2.045599 1.998758
2030000 0.914586 -2.133506 1.933235
2040000 1.388313 -2.216145 1.815101
2050000 1.402222 -2.105372 1.933874
2060000 1.658797 -1.958604 1.968990
2070000 1.677854 -2.143017 1.969997
2080000 1.972622 -2.063621 1.960612
2090000 2.096455 -2.109232 1.812124
2100000 2.784039 -2.150677 1.965513
2110000 3.228893 -2.094374 2.010813
2120000 3.914158 -2.139802 1.968890
2130000 4.791730 -2.116362 1.960061
2140000 5.047532 -2.132830 2.033368
2150000 4.660331 -2.075897 1.859992
2160000 3.445975 -2.112519 1.897335
2170000 3.672891 -2.063801 1.980963
2180000 4.006045 -2.018088 1.910199
2190000 4.605224 -2.127235 1.962221
2200000 4.793165 -2.131736 2.009367
2210000 3.318983 -1.927954 1.870835
2220000 3.248261 -2.083691 2.008378
2230000 2.398214 -2.104013 1.888789
2240000 2.594972 -2.127273 1.871076
2250000 2.774187 -2.040779 1.894856
2260000 3.427086 -2.219472 1.947965
2270000 3.648077 -2.178910 1.968014
2280000 3.860697 -2.231131 1.924606
2290000 3.408221 -2.124691 2.004167
2300000 3.806163 -2.010109 1.926168
2310000 4.349292 -2.061865 1.865868
2320000 4.217904 -1.989771 1.943884
2330000 2.912028 -2.153316 1.844357
2340000 2.597776 -2.219767 2.042894
2350000 2.084933 -2.131108 1.952763
2360000 2.206055 -2.051964 1.909855
2370000 2.483297 -2.096206 1.785927
2380000 2.400499 -2.199378 1.953350
2390000 2.131305 -2.072945 1.845966
2400000 2.693869 -2.024211 1.937695
2410000 3.183853 -2.097726 1.775238
2420000 3.033060 -1.977619 1.877552
2430000 3.635964 -1.931396 1.883440
2440000 4.436753 -2.142468 1.962468
2450000 3.814224 -2.043343 2.011365
2460000 2.863694 -2.134360 1.869213
2470000 2.707516 -2.043211 1.961584
2480000 3.006193 -2.026761 1.992595
2490000 3.250012 -2.141195 1.874987
2500000 4.594100 -2.112532 1.936096
2510000 4.628394 -2.073065 1.879863
2520000 5.046916 -2.017377 1.949245
2530000 4.967299 -2.057967 1.924342
2540000 4.860206 -2.027900 1.828403
2550000 3.691977 -2.100991 1.883731
2560000 2.780362 -2.117386 1.896850
2570000 4.128730 -2.148445 1.916839
2580000 3.579870 -2.052743 1.992655
2590000 3.859292 -2.241467 1.954552
2600000 3.765791 -2.169086 1.940010
2610000 4.454082 -2.067975 1.838618
2620000 4.784156 -2.157641 1.936291
2630000 3.753522 -2.121205 1.988614
2640000 3.618171 -2.148276 1.875245
2650000 4.026448 -2.073041 2.031537
2660000 4.831045 -2.057132 1.878697
2670000 4.787309 -2.184327 1.943874
2680000 5.053862 -2.176890 1.887903
2690000 4.599919 -2.094584 1.806605
2700000 5.025036 -2.218696 1.977065
2710000 4.908421 -2.058492 1.881449
2720000 4.822736 -2.116938 1.949189
2730000 4.980095 -2.064895 1.863520
2740000 4.634545 -2.153452 2.020484
2750000 3.109936 -2.081087 2.017769
2760000 3.807785 -2.114378 1.911567
2770000 4.546741 -2.181693 1.942673
2780000 3.172710 -2.150005 1.902711
2790000 3.897585 -2.002394 1.890463
2800000 2.974388 -2.154155 1.823151
2810000 3.016923 -1.970807 1.883099
2820000 2.244022 -2.209435 1.970627
2830000 1.867489 -1.987907 1.925036
2840000 2.241989 -1.995818 1.942463
2850000 2.514565 -2.127034 2.004004
2860000 1.577339 -2.091692 2.162542
2870000 1.686170 -2.119705 1.885491
2880000 1.536522 -2.062584 1.966599
2890000 1.548795 -2.084811 2.022852
2900000 1.726964 -1.938775 1.864855
2910000 1.290089 -2.118736 1.962118
2920000 1.010995 -2.128321 1.767562
2930000 1.118045 -2.060458 1.953689
2940000 1.181693 -2.127881 1.870220
2950000 1.376191 -2.093918 1.804127
2960000 1.499375 -2.044392 1.929926
2970000 2.084710 -2.132074 1.842486
2980000 2.170860 -2.169449 1.971614
2990000 2.029488 -2.077361 1.960426
3000000 2.632769 -1.999609 1.838343
3010000 2.390445 -2.048183 2.020262
3020000 2.304600 -2.143110 1.971030
3030000 3.044075 -2.187201 1.974090
3040000 4.626588 -2.069163 1.791442
3050000 4.456919 -2.049696 2.014810
3060000 3.953274 -2.173273 1.896376
3070000 4.135398 -2.205090 1.972993
3080000 3.401254 -2.053247 1.838940
3090000 3.711396 -2.266005 1.967685
3100000 3.549228 -2.058891 1.879128
3110000 4.444604 -2.006959 1.851786
3120000 3.723342 -2.180227 2.099677
3130000 3.263547 -2.022418 2.021557
3140000 3.344022 -2.145156 1.890991
3150000 3.785682 -2.143958 1.906827
3160000 3.897930 -2.038687 1.748984
3170000 4.329191 -2.072873 1.881331
3180000 4.614228 -2.141280 1.980765
3190000 4.616690 -2.123785 1.876211
3200000 4.670388 -2.139997 1.837993
3210000 4.050602 -2.161769 1.981947
3220000 3.175086 -2.100245 1.968791
3230000 2.826502 -1.996181 2.032376
3240000 2.511696 -2.213000 1.984029
3250000 2.376620 -2.191407 1.937715
3260000 2.394040 -2.180386 1.813614
3270000 2.031273 -2.084997 1.897040
3280000 2.135651 -2.149541 1.915859
3290000 1.706532 -2.209575 1.910878
3300000 1.549654 -2.110735 2.080016
3310000 1.597609 -2.070579 1.986229
3320000 1.824268 -2.152893 1.932419
3330000 2.558590 -2.101628 1.933338
3340000 3.064024 -2.273561 1.872213
3350000 2.931381 -2.135443 1.907868
3360000 2.937579 -2.033158 1.794255
3370000 2.996573 -2.132287 1.787209
3380000 3.517222 -2.086294 2.060938
3390000 3.148279 -2.167800 1.951195
3400000 3.958375 -2.121950 1.989749
3410000 3.190817 -2.141100 1.920337
3420000 3.370468 -2.090099 1.953046
3430000 2.648020 -2.130778 1.746301
3440000 2.558868 -2.093068 1.891728
3450000 3.434146 -2.078842 1.956037
3460000 3.513037 -2.184000 1.948812
3470000 4.007030 -2.096044 1.947876
3480000 4.350641 -2.220260 1.940844
3490000 4.212252 -2.155347 1.924902
3500000 5.100762 -2.156213 1.824649
3510000 4.550371 -2.171122 2.031079
3520000 3.894262 -2.168599 2.000280
3530000 4.744387 -2.189131 1.888838
3540000 4.884243 -2.132110 1.846424
3550000 4.832722 -2.203352 1.906921
3560000 4.342069 -2.191968 1.971076
3570000 3.717225 -2.164348 1.990788
3580000 2.238653 -1.999897 1.821447
3590000 2.339622 -2.042408 1.942316
3600000 1.745850 -2.159352 1.883388
3610000 1.416566 -2.031689 1.882035
3620000 1.219945 -1.995307 1.910502
3630000 1.202517 -2.094737 2.022386
3640000 0.881756 -2.096896 1.996048
3650000 0.859251 -2.022770 1.890262
3660000 0.674307 -2.086148 1.907727
3670000 0.607358 -2.205726 1.848035
3680000 0.737260 -2.018403 1.859109
3690000 0.504007 -2.069656 1.897344
3700000 0.730826 -2.177720 1.863723
3710000 0.933794 -2.120691 2.062646
3720000 1.200477 -2.137393 1.893053
3730000 1.370217 -2.182399 1.864990
3740000 1.210007 -2.120106 1.926109
3750000 1.361742 -2.149491 1.809232
3760000 1.378831 -2.041425 1.874626
3770000 1.259588 -2.090170 1.871290
3780000 0.880226 -2.109310 1.859359
3790000 0.649936 -2.115956 1.946800
3800000 0.625863 -2.159162 1.980760
3810000 0.982258 -2.100133 1.860590
3820000 1.007989 -2.053616 1.909557
3830000 0.979285 -2.188085 1.937699
3840000 1.345951 -2.082401 1.818296
3850000 1.349043 -1.994396 2.054061
3860000 1.112412 -2.126546 1.966630
3870000 0.962967 -2.016907 1.978264
3880000 1.626014 -2.010978 1.975697
3890000 1.732891 -2.049375 1.840503
3900000 1.755140 -2.003758 1.869216
3910000 2.050633 -2.070973 1.981791
3920000 2.116020 -2.059355 2.068323
3930000 2.278368 -2.023969 1.962071
3940000 2.206526 -2.273712 1.961189
3950000 2.483633 -2.182443 1.896815
3960000 2.608288 -2.051706 1.995769
3970000 2.686842 -2.114635 2.076225
3980000 2.040694 -1.983758 2.112337
3990000 1.847442 -2.141081 2.018703
4000000 2.301735 -2.096110 1.923789
