100000 1.049189 -2.113860 1.367437
110000 0.764851 -2.042230 1.454786
120000 2.080975 -2.130268 1.377050
130000 4.001041 -2.067275 1.413220
140000 4.646507 -2.091126 1.455571
150000 3.669061 -2.146657 1.571849
160000 3.316994 -2.073100 1.294823
170000 4.965793 -2.002859 1.470764
180000 3.850208 -2.049391 1.422712
190000 3.890364 -2.055780 1.355830
200000 3.117174 -2.053064 1.527911
210000 2.244059 -2.004316 1.376639
220000 2.460598 -2.059355 1.328465
230000 1.413617 -2.010547 1.369577
240000 1.805302 -2.205473 1.350702
250000 1.462901 -2.002060 1.374722
260000 1.394042 -2.111698 1.427101
270000 1.929831 -2.054995 1.428805
280000 2.807106 -2.130451 1.401697
290000 2.306007 -2.012639 1.366489
300000 2.753194 -2.171183 1.226865
310000 3.237475 -2.191026 1.350157
320000 3.986251 -2.187986 1.460680
330000 3.539958 -2.185042 1.407574
340000 4.695451 -2.092370 1.336963
350000 4.768489 -2.128526 1.420685
360000 4.743379 -1.989527 1.341955
370000 3.068545 -2.062327 1.337149
380000 3.358092 -2.045121 1.409259
390000 2.865980 -1.997879 1.471946
400000 3.289952 -2.066980 1.256333
410000 4.312578 -1.984559 1.465154
420000 4.188790 -2.081021 1.408658
430000 4.476322 -2.067202 1.427353
440000 3.906239 -2.168601 1.418117
450000 2.326169 -2.173587 1.483426
460000 2.914425 -1.959657 1.293000
470000 3.574767 -2.042840 1.530663
480000 3.662335 -2.048084 1.477333
490000 4.993930 -2.024842 1.399288
500000 4.685741 -1.904357 1.422796
510000 3.572471 -2.222552 1.395612
520000 3.229052 -2.195035 1.419213
530000 3.185286 -1.934727 1.461798
540000 1.795077 -2.282422 1.459267
550000 1.740550 -2.176855 1.407973
560000 1.083659 -2.184044 1.455823
570000 1.016292 -2.026917 1.275284
580000 0.664131 -2.111328 1.430702
590000 1.037582 -2.086384 1.335930
600000 1.330920 -2.208824 1.218286
610000 1.498937 -2.199798 1.381617
620000 1.839676 -2.043405 1.386202
630000 2.269235 -2.042433 1.463722
640000 3.273299 -2.065142 1.252185
650000 3.771530 -2.053260 1.359222
660000 2.629178 -2.103569 1.375484
670000 1.918719 -2.078944 1.471222
680000 3.015014 -2.120081 1.309992
690000 3.904120 -2.076573 1.498516
700000 3.290780 -2.045593 1.475088
710000 4.495404 -2.084437 1.415926
720000 4.678783 -2.097002 1.358756
730000 5.011507 -1.983978 1.298376
740000 3.971159 -2.194185 1.264386
750000 2.874295 -2.035290 1.393107
760000 2.659110 -2.034002 1.439484
770000 2.033675 -1.918722 1.351015
780000 1.866441 -2.010174 1.530116
790000 1.367830 -2.124748 1.524038
800000 1.197011 -2.124259 1.321274
810000 1.102907 -2.184112 1.420059
820000 1.125080 -2.133186 1.478983
830000 1.528431 -2.167122 1.373538
840000 1.966172 -2.114352 1.353783
850000 2.342889 -2.104929 1.193875
860000 2.866478 -2.134891 1.391757
870000 2.809944 -2.183843 1.232850
880000 3.004160 -2.046135 1.343981
890000 4.015192 -2.075139 1.365364
900000 4.842164 -2.112484 1.350100
910000 3.993359 -2.250440 1.398378
920000 3.587387 -2.032764 1.342320
930000 4.872528 -2.228125 1.412075
940000 4.440457 -2.168152 1.418809
950000 4.301407 -2.094894 1.474385
960000 3.007089 -2.181168 1.483894
970000 2.001227 -2.123368 1.547676
980000 3.118690 -2.174167 1.408444
990000 3.470449 -2.102422 1.416383
1000000 3.725725 -2.021920 1.355722
1010000 4.726352 -2.145956 1.455335
1020000 4.869930 -2.113813 1.558083
1030000 4.304556 -2.139909 1.482829
1040000 4.800960 -2.147251 1.459395
1050000 4.145255 -2.111817 1.458445
1060000 4.000597 -2.138405 1.388405
1070000 2.574670 -2.053260 1.409359
1080000 2.269659 -2.113755 1.578673
1090000 2.342345 -2.100216 1.357392
1100000 2.448701 -2.009815 1.412079
1110000 3.205298 -2.105850 1.472114
1120000 3.936332 -2.057580 1.418667
1130000 3.342158 -2.231720 1.285127
1140000 3.236600 -2.080820 1.482604
1150000 3.376785 -2.045549 1.409497
1160000 1.805528 -2.128647 1.544337
1170000 1.273759 -2.083909 1.334721
1180000 0.563149 -2.274999 1.386985
1190000 0.852315 -1.943174 1.327923
1200000 0.816503 -2.098073 1.379292
1210000 0.857078 -2.145581 1.499300
1220000 0.988008 -2.103219 1.447731
1230000 1.179540 -2.112183 1.270045
1240000 1.400169 -2.178732 1.379601
1250000 1.885309 -2.042885 1.338539
1260000 2.208452 -2.081332 1.504853
1270000 2.218873 -2.121836 1.353085
1280000 1.802214 -2.119975 1.459021
1290000 1.774514 -2.038249 1.412402
1300000 1.206977 -2.089858 1.464506
1310000 1.344791 -2.151478 1.354859
1320000 1.513653 -2.035716 1.407192
1330000 1.669815 -2.182943 1.447934
1340000 1.615957 -2.172979 1.364510
1350000 1.255412 -2.097119 1.433465
1360000 1.548084 -2.048267 1.378575
1370000 1.912064 -2.063453 1.426499
1380000 2.180641 -2.064788 1.443403
1390000 2.824251 -2.013302 1.438351
1400000 2.453751 -2.150523 1.407489
1410000 3.557888 -1.989835 1.324167
1420000 4.204655 -2.008719 1.270233
1430000 5.088905 -2.074283 1.335990
1440000 4.045415 -2.179533 1.380464
1450000 2.475012 -2.126398 1.468756
1460000 2.278300 -1.978620 1.502544
1470000 2.111500 -2.074530 1.286534
1480000 3.020826 -2.094893 1.363335
1490000 3.294864 -2.273996 1.268556
1500000 4.879526 -2.114224 1.371638
1510000 4.556493 -2.057511 1.398434
1520000 5.026914 -2.031325 1.502110
1530000 4.125542 -2.125529 1.464516
1540000 4.059173 -2.200413 1.381923
1550000 3.846092 -2.171479 1.430491
1560000 5.046106 -2.055797 1.465938
1570000 4.931108 -2.048822 1.318331
1580000 4.641227 -2.174558 1.476189
1590000 3.302589 -2.113652 1.513865
1600000 2.988713 -2.113783 1.317402
1610000 2.146931 -2.117233 1.505318
1620000 2.836011 -2.117798 1.349942
1630000 3.291460 -2.051137 1.402083
1640000 3.121623 -2.072865 1.440361
1650000 4.664900 -2.052597 1.459234
1660000 4.777898 -2.157469 1.345189
1670000 3.755460 -2.151110 1.236991
1680000 4.096066 -2.145297 1.446161
1690000 3.671468 -2.108973 1.350864
1700000 3.857494 -2.037841 1.386339
1710000 4.866104 -2.115718 1.379425
1720000 4.824582 -2.167615 1.411473
1730000 4.058250 -2.132934 1.391000
1740000 4.459702 -2.019961 1.418104
1750000 4.520136 -2.175729 1.340626
1760000 3.904231 -2.197349 1.398798
1770000 3.744415 -1.939765 1.382282
1780000 3.112556 -2.220685 1.339719
1790000 1.867053 -2.133894 1.427172
1800000 1.614623 -2.077732 1.490274
1810000 1.577444 -2.055566 1.504097
1820000 1.339501 -2.071268 1.480496
1830000 0.563835 -2.190642 1.390922
1840000 0.500886 -2.227243 1.445288
1850000 0.621965 -2.130634 1.455103
1860000 0.974339 -2.257566 1.339447
1870000 0.985168 -2.065637 1.433862
1880000 1.010938 -2.269194 1.455624
1890000 0.949419 -2.144242 1.404100
1900000 1.212882 -2.107298 1.358874
1910000 0.931754 -2.161858 1.462370
1920000 1.239745 -2.133289 1.498663
1930000 1.214542 -2.190232 1.311150
1940000 0.826083 -2.158252 1.409734
1950000 0.498373 -2.087268 1.645043
1960000 0.850788 -2.161018 1.462363
1970000 0.729414 -2.269468 1.325307
1980000 0.791568 -2.081437 1.344030
1990000 0.818938 -2.072293 1.244567
2000000 1.002258 -2.177009 1.381963
2010000 0.990900 -2.136041 1.478550
2020000 1.382295 -2.151900 1.278209
2030000 1.490625 -1.944015 1.449285
2040000 1.884494 -1.953723 1.357671
2050000 1.747647 -2.071632 1.354741
2060000 2.166892 -2.111082 1.362649
2070000 2.391141 -1.904545 1.270455
2080000 1.737615 -2.212418 1.457233
2090000 2.348942 -2.154586 1.291476
2100000 2.869066 -2.226804 1.489879
2110000 2.736921 -1.978222 1.428491
2120000 2.991332 -2.041827 1.328148
2130000 2.927149 -2.059218 1.284559
2140000 3.854018 -2.040372 1.338614
2150000 4.110784 -2.149422 1.403236
2160000 3.874003 -2.065694 1.425245
2170000 3.464213 -2.078860 1.440163
2180000 3.897511 -2.096074 1.441919
2190000 3.961250 -2.020339 1.331989
2200000 3.424799 -2.067567 1.426894
2210000 2.679780 -2.110018 1.501316
2220000 2.929207 -2.125454 1.250412
2230000 3.046162 -1.969708 1.387450
2240000 3.231990 -2.019262 1.456845
2250000 3.781327 -2.064537 1.534645
2260000 4.382227 -2.144057 1.462610
2270000 5.007674 -2.268501 1.489804
2280000 4.786152 -2.165032 1.390875
2290000 4.237873 -2.157321 1.587333
2300000 3.950154 -1.926156 1.521491
2310000 2.769950 -2.084182 1.521732
2320000 2.343549 -2.219184 1.416839
2330000 1.889623 -2.140340 1.525763
2340000 2.479935 -2.092562 1.373836
2350000 2.107436 -2.033005 1.409056
2360000 1.666665 -1.996077 1.391762
2370000 1.562768 -2.050596 1.244083
2380000 1.637328 -2.028360 1.346264
2390000 1.722565 -2.118190 1.349366
2400000 1.565526 -2.007368 1.292109
2410000 1.123648 -2.237247 1.471295
2420000 1.226832 -2.027536 1.472635
2430000 0.920781 -2.164270 1.358989
2440000 0.614850 -2.131608 1.518892
2450000 0.763085 -2.112410 1.394656
2460000 0.902214 -2.062647 1.386068
2470000 1.045242 -2.023663 1.445093
2480000 0.917110 -2.000438 1.347390
2490000 0.902744 -2.038952 1.570659
2500000 1.119871 -2.033965 1.281226
2510000 0.508896 -2.133600 1.533174
2520000 0.721622 -2.064170 1.383959
2530000 0.674203 -2.093776 1.351148
2540000 0.870148 -2.093123 1.357669
2550000 0.899412 -2.245627 1.355637
2560000 1.488395 -2.008004 1.360328
2570000 1.500699 -1.998113 1.308266
2580000 1.893794 -2.103951 1.346466
2590000 1.526964 -2.126596 1.387143
2600000 1.263996 -2.033274 1.474780
2610000 1.351451 -2.074441 1.371814
2620000 1.386695 -2.155683 1.409553
2630000 1.991569 -1.993005 1.382290
2640000 1.725719 -2.069722 1.441787
2650000 2.239683 -1.902673 1.344582
2660000 2.953205 -2.179188 1.262012
2670000 3.302504 -2.121897 1.333466
2680000 4.090746 -2.054375 1.464193
2690000 3.983633 -2.179955 1.393203
2700000 4.556827 -1.954187 1.335003
2710000 4.652185 -2.068681 1.409375
2720000 4.908572 -2.132621 1.490809
2730000 4.663125 -2.146342 1.389580
2740000 4.927764 -2.097357 1.400510
2750000 4.011069 -2.199688 1.393628
2760000 4.310325 -2.173161 1.480762
2770000 3.692812 -2.116483 1.244885
2780000 4.046970 -2.009073 1.380381
2790000 3.451625 -2.142224 1.353188
2800000 2.614155 -2.115196 1.345715
2810000 2.615326 -2.116094 1.404446
2820000 2.495727 -2.100133 1.332119
2830000 2.606049 -2.125342 1.299772
2840000 2.918563 -2.054991 1.447070
2850000 2.971270 -2.011786 1.398652
2860000 3.028067 -2.097584 1.446974
2870000 3.011943 -2.059885 1.282270
2880000 4.610539 -2.045965 1.468641
2890000 4.787963 -2.282309 1.255315
2900000 4.471745 -1.989142 1.455921
2910000 4.931725 -2.008290 1.353541
2920000 4.654097 -2.022597 1.383776
2930000 2.851881 -2.101974 1.364826
2940000 3.994659 -2.149436 1.299074
2950000 3.986977 -2.015354 1.457656
2960000 2.935602 -1.976644 1.410783
2970000 2.183055 -2.020033 1.364302
2980000 2.101917 -2.107166 1.332938
2990000 2.479791 -2.099310 1.445992
3000000 2.922333 -2.021441 1.406190
3010000 3.166843 -2.137759 1.364025
3020000 3.442281 -2.009435 1.458276
3030000 3.587295 -2.150453 1.444293
3040000 3.918149 -2.115162 1.500300
3050000 4.491146 -2.086899 1.471748
3060000 4.399208 -2.098773 1.300403
3070000 4.912283 -2.123760 1.209806
3080000 4.876501 -2.113910 1.462234
3090000 4.837163 -2.090728 1.409280
3100000 4.685967 -2.074456 1.428428
3110000 4.070540 -2.052551 1.339490
3120000 4.030974 -2.084872 1.381001
3130000 4.916169 -2.192031 1.357757
3140000 4.973230 -2.096469 1.281085
3150000 4.451896 -2.231264 1.389627
3160000 4.943462 -2.038471 1.419917
3170000 4.787874 -2.232679 1.435505
3180000 4.529379 -2.088187 1.408631
3190000 4.666490 -2.048368 1.389482
3200000 3.389258 -1.914738 1.426499
3210000 3.673400 -2.117979 1.498964
3220000 3.139202 -1.965083 1.523993
3230000 2.778422 -1.995615 1.468677
3240000 2.524437 -2.127958 1.288403
3250000 1.972107 -2.144458 1.229385
3260000 1.720911 -2.077708 1.410041
3270000 2.108611 -2.173861 1.357014
3280000 2.794233 -2.106230 1.358303
3290000 2.199751 -2.211006 1.410036
3300000 1.931412 -2.213938 1.371842
3310000 1.655036 -2.072070 1.445714
3320000 1.935600 -2.036684 1.417467
3330000 2.178523 -2.093956 1.340413
3340000 2.898108 -2.139926 1.413746
3350000 3.793533 -2.091987 1.362596
3360000 4.111162 -2.051705 1.409687
3370000 4.562316 -2.108152 1.460764
3380000 4.163794 -2.164013 1.303448
3390000 4.882106 -2.104878 1.390113
3400000 4.769063 -2.158595 1.320459
3410000 4.423255 -2.124103 1.290686
3420000 4.803456 -1.994050 1.317647
3430000 3.900559 -2.025231 1.422007
3440000 3.663384 -2.166582 1.436661
3450000 2.700982 -2.041775 1.443923
3460000 3.235785 -2.036979 1.402256
3470000 2.647219 -2.195132 1.355261
3480000 2.822873 -2.118349 1.293956
3490000 2.600331 -2.084876 1.349802
3500000 2.023767 -2.175404 1.473077
3510000 3.345389 -1.994957 1.315597
3520000 4.694577 -2.163334 1.467959
3530000 4.394392 -2.133584 1.421195
3540000 4.213413 -2.113298 1.317279
3550000 4.623746 -2.225295 1.378728
3560000 4.879055 -2.099636 1.364674
3570000 4.438505 -2.092970 1.372333
3580000 4.495313 -2.008475 1.444597
3590000 4.632296 -2.092362 1.409640
3600000 3.970490 -2.130869 1.544873
3610000 3.490334 -2.105427 1.446144
3620000 2.501577 -2.021927 1.413429
3630000 2.126948 -2.024042 1.419240
3640000 2.559225 -2.101338 1.424383
3650000 3.064311 -2.221495 1.322742
3660000 2.789030 -2.022550 1.471276
3670000 1.948322 -2.091965 1.467332
3680000 1.604530 -2.010784 1.370823
3690000 1.476532 -2.073402 1.234066
3700000 1.393204 -2.182374 1.405009
3710000 1.966734 -2.049290 1.415404
3720000 1.923010 -1.988183 1.302497
3730000 1.685479 -2.124458 1.316478
3740000 1.433883 -2.111960 1.320829
3750000 1.169575 -2.030451 1.371773
3760000 0.822886 -2.126841 1.325216
3770000 0.608905 -2.161588 1.549636
3780000 0.787945 -2.105653 1.419246
3790000 0.781452 -2.021487 1.457755
3800000 0.996896 -2.073940 1.413986
3810000 1.098688 -2.031288 1.308827
3820000 1.173951 -2.095272 1.361350
3830000 1.303249 -2.103573 1.394589
3840000 1.265761 -2.020085 1.443450
3850000 1.438495 -2.051296 1.464691
3860000 1.026034 -2.134808 1.416443
3870000 0.987694 -2.062984 1.352483
3880000 0.954505 -1.989692 1.466515
3890000 0.501526 -2.162217 1.529762
3900000 0.843576 -2.078203 1.420820
3910000 1.144276 -2.088495 1.331355
3920000 1.206775 -2.099079 1.443301
3930000 1.243490 -2.161766 1.388698
3940000 1.931879 -2.093665 1.262832
3950000 2.486170 -2.177804 1.344837
3960000 2.264367 -1.996048 1.377375
3970000 2.542418 -2.094245 1.303744
3980000 3.231000 -2.039249 1.336255
3990000 4.526416 -2.212796 1.374385
4000000 4.753601 -2.122251 1.385380
