100000 1.639495 -2.257633 -0.215788
110000 2.731807 -2.159740 -0.181159
120000 3.800371 -2.153655 -0.205959
130000 4.335980 -2.145191 -0.306658
140000 4.330217 -2.182944 -0.097370
150000 4.195779 -2.161430 -0.075777
160000 2.892447 -2.073003 -0.248280
170000 3.340192 -2.015071 -0.091911
180000 4.761246 -2.031380 -0.041664
190000 4.015856 -2.108202 -0.096692
200000 2.425041 -2.185571 -0.141339
210000 1.713281 -2.106764 -0.181637
220000 2.140700 -2.103182 -0.118963
230000 2.587037 -2.055797 -0.160001
240000 1.504800 -2.108455 -0.209795
250000 1.235143 -2.212253 -0.244391
260000 0.921191 -2.011605 -0.094384
270000 1.011047 -1.958972 -0.180529
280000 1.118594 -2.081196 -0.247021
290000 0.972681 -2.178934 -0.250541
300000 1.767081 -2.135436 -0.118687
310000 1.890090 -2.155010 -0.283029
320000 1.811155 -2.082550 -0.224898
330000 1.457664 -2.015825 -0.162156
340000 2.450772 -2.056538 -0.211276
350000 3.345980 -2.147484 -0.282957
360000 3.536029 -2.098114 -0.148084
370000 4.607091 -2.115364 -0.155355
380000 3.735247 -2.193200 -0.107406
390000 3.109880 -2.276891 -0.214701
400000 4.344733 -1.953026 -0.221032
410000 4.050920 -2.044729 -0.216986
420000 4.690282 -2.142916 -0.122836
430000 4.195125 -1.999428 -0.178791
440000 3.928254 -2.083713 -0.303011
450000 2.710238 -2.097530 -0.164254
460000 3.036216 -2.157217 -0.187486
470000 2.521236 -2.193072 -0.174001
480000 3.312750 -2.078287 -0.217964
490000 3.547037 -2.138455 -0.159653
500000 3.893758 -2.075358 -0.187251
510000 4.084137 -2.226840 -0.252702
520000 4.182876 -2.041182 -0.097306
530000 2.794653 -2.142136 -0.253257
540000 2.784959 -2.183086 -0.179811
550000 3.860076 -2.013557 -0.085336
560000 4.271672 -1.956455 -0.146794
570000 4.659791 -2.104236 -0.192619
580000 3.678516 -1.972273 -0.189947
590000 2.097610 -2.097082 -0.208241
600000 1.812388 -2.153243 -0.289621
610000 1.184082 -2.117915 -0.241666
620000 1.392020 -2.052546 -0.162272
630000 1.690795 -2.108760 -0.253326
640000 1.945755 -2.104886 -0.157501
650000 1.648239 -2.160580 -0.213929
660000 2.339937 -2.179158 -0.241076
670000 3.084718 -2.052999 -0.216424
680000 2.631038 -2.055708 -0.232840
690000 3.243003 -2.177839 -0.111610
700000 4.577832 -2.086739 -0.118631
710000 4.179276 -2.180165 -0.224680
720000 4.798121 -2.106545 -0.210767
730000 5.067066 -2.177831 -0.175122
740000 3.983804 -2.088029 -0.141770
750000 2.891993 -2.258721 -0.240899
760000 2.288379 -2.109458 -0.096557
770000 2.022818 -2.126464 -0.054499
780000 1.219887 -2.134311 -0.083345
790000 0.740058 -2.052842 -0.171683
800000 1.296340 -2.149414 -0.202393
810000 1.390886 -2.086501 -0.227580
820000 0.739754 -1.983074 -0.247453
830000 1.081201 -2.107404 -0.261205
840000 1.539422 -2.117464 -0.197006
850000 1.071794 -2.183584 -0.131634
860000 0.607650 -2.187307 -0.061346
870000 0.753926 -2.226718 -0.221345
880000 0.904849 -2.074073 -0.276997
890000 1.424611 -2.088483 -0.189925
900000 1.926000 -1.985104 -0.210207
910000 2.532225 -2.248108 -0.148496
920000 2.702063 -2.047590 -0.187328
930000 1.743632 -2.000351 -0.235699
940000 3.358830 -2.100192 -0.198771
950000 4.008599 -2.156241 -0.269662
960000 3.330757 -2.169462 -0.232670
970000 2.790281 -2.188458 -0.132428
980000 2.499772 -2.116398 -0.141664
990000 2.394938 -2.237535 -0.107714
1000000 3.258280 -2.126260 -0.043345
1010000 3.171823 -2.145300 -0.139657
1020000 3.562301 -2.100622 -0.171641
1030000 5.056867 -2.028432 -0.156514
1040000 4.918697 -2.019512 -0.082978
1050000 4.139740 -2.108502 -0.225981
1060000 4.551825 -2.061933 -0.026602
1070000 3.788531 -2.044221 -0.274553
1080000 3.387904 -2.225951 -0.225747
1090000 3.498368 -2.030166 -0.234439
1100000 3.212541 -2.095531 -0.117741
1110000 2.871254 -2.084919 -0.217174
1120000 2.733563 -2.199031 -0.211908
1130000 2.336081 -2.086287 -0.139146
1140000 1.836535 -2.039803 -0.214294
1150000 1.567162 -2.225982 -0.173264
1160000 1.322640 -2.187078 -0.203294
1170000 1.381858 -2.235057 -0.134061
1180000 1.804250 -2.067584 -0.150499
1190000 2.126929 -2.108466 -0.212020
1200000 2.341922 -2.033723 -0.290145
1210000 3.150279 -2.202110 -0.335568
1220000 4.156769 -2.114686 -0.130411
1230000 5.101694 -2.069260 -0.173064
1240000 4.918969 -2.061383 -0.182699
1250000 4.459263 -2.158241 -0.243885
1260000 3.791959 -2.085198 -0.207285
1270000 4.798042 -2.049195 -0.133601
1280000 3.972499 -1.977599 -0.125450
1290000 4.826918 -2.092786 -0.167702
1300000 3.574025 -1.986012 -0.399601
1310000 3.247605 -2.089681 -0.042120
1320000 3.310507 -2.084973 -0.231580
1330000 2.872254 -1.993990 -0.120356
1340000 2.913060 -1.993835 -0.143439
1350000 2.455847 -2.098141 -0.213584
1360000 2.201969 -2.101175 -0.243970
1370000 2.563020 -2.081046 -0.234199
1380000 2.493717 -2.200358 -0.224688
1390000 1.683529 -2.168413 -0.251291
1400000 1.656386 -1.976735 -0.091178
1410000 2.465754 -2.083234 -0.152431
1420000 3.321983 -2.097545 -0.058580
1430000 4.863709 -2.033070 -0.279314
1440000 4.417351 -2.045757 -0.171746
1450000 4.437282 -1.961239 -0.301032
1460000 3.731715 -2.153515 0.022097
1470000 3.430389 -2.065354 -0.160918
1480000 4.035001 -2.070397 -0.268284
1490000 4.394952 -2.080945 -0.166073
1500000 5.033567 -2.193611 -0.116920
1510000 4.139724 -2.023334 -0.219760
1520000 3.413369 -2.101074 -0.228948
1530000 4.030784 -2.016222 -0.138424
1540000 4.459078 -2.100218 -0.061272
1550000 5.103368 -2.087248 -0.160963
1560000 4.707600 -2.077205 -0.259736
1570000 5.079266 -2.124261 -0.149858
1580000 4.672328 -2.091039 -0.341595
1590000 3.659534 -2.117120 -0.137741
1600000 2.834010 -2.243758 -0.140018
1610000 2.642549 -2.122527 -0.156928
1620000 3.281788 -2.058094 -0.106489
1630000 3.260071 -2.085734 -0.237113
1640000 3.706879 -2.019374 -0.365131
1650000 3.616549 -2.063229 -0.184097
1660000 2.733890 -2.171615 -0.065114
1670000 2.190536 -2.100358 -0.227433
1680000 1.549833 -2.053375 -0.233561
1690000 1.383752 -2.142146 -0.212262
1700000 1.131796 -2.123514 -0.204497
1710000 1.030719 -2.159751 -0.249701
1720000 1.251025 -2.141725 -0.271781
1730000 0.648459 -2.109167 -0.287708
1740000 0.927132 -2.152240 -0.331113
1750000 0.865392 -2.097189 -0.175994
1760000 1.014203 -2.138484 -0.191872
1770000 1.166073 -2.126443 -0.228731
1780000 0.556608 -2.196590 -0.128099
1790000 0.647659 -2.137817 -0.087901
1800000 0.903206 -2.100196 -0.162720
1810000 0.815400 -2.152841 -0.125723
1820000 0.818632 -2.217295 -0.156016
1830000 1.485618 -2.050438 -0.165395
1840000 1.348380 -2.161189 -0.255393
1850000 1.607625 -1.952286 -0.275092
1860000 1.740016 -2.060909 -0.105603
1870000 1.294573 -2.031246 -0.327229
1880000 1.286741 -2.207992 -0.176292
1890000 1.042076 -2.224162 -0.138744
1900000 1.000657 -2.104495 -0.239203
1910000 1.127711 -2.092427 -0.052627
1920000 1.277120 -1.889998 -0.214858
1930000 0.988711 -2.136442 -0.070804
1940000 0.878296 -2.128004 -0.185400
1950000 1.304301 -2.098246 -0.150650
1960000 1.104541 -2.199959 -0.120874
1970000 0.863550 -1.979087 -0.143309
1980000 0.701942 -2.131036 -0.071473
1990000 0.956118 -2.214948 -0.238602
2000000 2.171058 -2.305618 -0.178463
2010000 2.066452 -2.147270 -0.225673
2020000 2.318152 -2.021123 -0.177042
2030000 2.174399 -2.173520 -0.187383
2040000 2.569790 -2.228895 -0.033922
2050000 2.285058 -2.138707 -0.115154
2060000 2.030245 -2.119642 -0.130937
2070000 2.114156 -2.136009 -0.198459
2080000 2.809250 -1.989925 -0.106307
2090000 2.494251 -2.097502 -0.201682
2100000 3.179105 -2.021442 -0.235730
2110000 4.403864 -2.179127 -0.128420
2120000 4.418454 -2.109241 -0.165550
2130000 4.237027 -2.058767 -0.168627
2140000 4.703949 -2.023011 -0.210562
2150000 4.515837 -2.046499 0.028689
2160000 3.612059 -2.144816 -0.061864
2170000 3.923094 -2.114981 -0.261453
2180000 3.004191 -2.051496 -0.238020
2190000 3.157316 -2.149886 -0.204597
2200000 4.029884 -2.093853 -0.046485
2210000 4.372214 -2.062979 -0.188634
2220000 4.109696 -2.146863 -0.363417
2230000 5.003294 -2.069389 -0.106868
2240000 4.554719 -2.162310 -0.137237
2250000 4.766324 -2.052466 -0.134765
2260000 5.056926 -1.965637 -0.122873
2270000 4.797890 -2.146370 -0.116215
2280000 3.210591 -2.036210 -0.266947
2290000 3.527545 -2.018127 -0.198497
2300000 2.752411 -2.116015 -0.139849
2310000 2.679347 -2.025702 -0.168139
2320000 2.655438 -2.016958 -0.184546
2330000 2.322658 -2.048407 -0.159676
2340000 2.158219 -2.015471 -0.093720
2350000 1.604476 -2.132980 -0.250115
2360000 1.471619 -2.003386 -0.207968
2370000 2.483374 -2.170439 -0.167097
2380000 3.005797 -2.032902 -0.191288
2390000 3.685474 -2.120197 -0.276235
2400000 4.067162 -2.102622 -0.134752
2410000 4.710995 -2.056388 -0.211679
2420000 3.972250 -2.092647 -0.181336
2430000 4.022210 -2.113836 -0.143239
2440000 3.761661 -2.044582 -0.284407
2450000 4.833908 -2.121076 -0.274147
2460000 3.465127 -2.109576 -0.140320
2470000 2.824824 -2.000375 -0.041011
2480000 2.731928 -2.152495 -0.122583
2490000 3.237746 -2.180942 -0.158227
2500000 2.845676 -2.146506 -0.200710
2510000 2.435258 -2.056268 -0.114601
2520000 2.154962 -2.168630 -0.279932
2530000 2.848490 -2.152595 -0.082397
2540000 3.998004 -2.087125 -0.081730
2550000 4.180637 -2.083154 -0.321296
2560000 3.604554 -2.272148 -0.294531
2570000 4.285814 -2.087376 -0.235075
2580000 4.036378 -2.118041 -0.310055
2590000 3.678028 -2.173566 -0.191265
2600000 4.133698 -2.099626 -0.106065
2610000 4.920636 -2.043536 -0.204357
2620000 4.945440 -2.078234 -0.097020
