100000 1.228121 -2.051793 -0.372652
110000 1.785442 -2.082395 -0.392982
120000 1.897423 -2.033283 -0.369389
130000 3.005945 -2.193768 -0.294917
140000 3.552346 -2.054926 -0.415804
150000 3.276012 -2.183440 -0.493313
160000 2.352065 -2.083980 -0.279078
170000 3.912467 -2.099271 -0.403281
180000 2.804679 -2.088847 -0.421564
190000 1.717144 -2.013318 -0.333295
200000 2.764120 -2.113977 -0.436012
210000 2.552723 -2.021733 -0.201716
220000 3.292517 -2.082519 -0.395415
230000 5.071388 -2.229586 -0.309733
240000 4.141371 -2.093427 -0.372173
250000 4.793736 -2.159171 -0.479381
260000 4.258935 -2.046477 -0.292496
270000 4.327980 -2.177623 -0.376549
280000 3.775724 -2.224170 -0.407298
290000 1.895749 -2.133383 -0.340683
300000 1.594446 -2.023375 -0.446808
310000 1.489249 -2.156997 -0.394573
320000 2.765094 -2.073163 -0.378788
330000 4.076438 -2.039168 -0.412377
340000 3.215947 -2.028706 -0.325561
350000 4.540953 -2.224056 -0.332654
360000 3.345079 -2.153272 -0.441613
370000 2.610627 -1.984263 -0.332720
380000 2.249317 -2.052254 -0.448561
390000 1.211719 -2.140766 -0.299529
400000 0.648790 -2.110378 -0.253133
410000 0.634231 -2.000673 -0.287886
420000 0.785492 -2.077240 -0.355917
430000 1.380709 -1.976757 -0.341645
440000 1.123398 -2.111990 -0.328662
450000 1.374461 -2.172313 -0.470880
460000 1.834466 -2.043990 -0.305534
470000 1.313505 -2.135650 -0.384124
480000 1.025461 -2.164180 -0.381255
490000 0.923904 -2.039196 -0.349900
500000 1.612448 -2.180216 -0.250177
510000 1.408446 -2.178126 -0.278648
520000 1.845176 -2.134953 -0.338708
530000 2.292962 -2.072681 -0.436268
540000 3.956520 -2.076318 -0.293604
550000 3.438193 -2.231776 -0.440274
560000 4.081702 -2.107593 -0.471802
570000 3.622620 -2.075794 -0.302756
580000 4.203068 -2.049424 -0.251361
590000 4.632351 -2.151738 -0.302901
600000 4.729245 -1.987239 -0.347906
610000 4.567904 -2.068262 -0.395140
620000 5.002391 -2.058485 -0.422823
630000 4.955386 -1.975376 -0.445840
640000 4.191681 -2.022012 -0.306140
650000 3.106999 -1.993663 -0.451486
660000 2.830027 -2.124036 -0.386259
670000 1.977388 -2.100030 -0.257702
680000 1.866622 -2.140069 -0.227563
690000 2.066962 -2.106435 -0.468743
700000 2.264957 -2.130950 -0.292413
710000 3.232266 -2.215302 -0.269327
720000 3.441916 -2.108094 -0.219261
730000 3.894369 -2.076189 -0.317005
740000 3.780323 -2.178033 -0.370681
750000 4.608050 -2.118816 -0.492194
760000 3.467902 -2.131512 -0.299263
770000 3.514227 -1.983765 -0.423051
780000 2.438591 -2.209703 -0.329485
790000 2.033166 -2.065211 -0.245159
800000 2.933353 -2.299994 -0.277655
810000 2.990721 -2.084087 -0.434244
820000 1.885060 -2.091682 -0.420968
830000 2.598408 -2.150580 -0.359104
840000 3.765126 -2.078553 -0.280799
850000 4.687284 -2.236081 -0.280020
860000 5.031491 -2.026749 -0.314821
870000 4.877338 -2.081020 -0.358374
880000 4.908927 -2.106890 -0.313605
890000 5.044254 -2.140809 -0.403572
900000 5.065550 -2.079296 -0.434365
910000 3.641500 -2.075908 -0.332288
920000 3.700454 -2.132028 -0.324628
930000 3.220722 -2.130438 -0.311719
940000 3.012621 -2.040733 -0.315328
950000 2.204270 -2.035555 -0.169010
960000 1.639904 -1.994559 -0.291903
970000 2.067386 -2.044823 -0.351965
980000 3.038143 -2.006857 -0.279350
990000 3.610422 -2.245392 -0.427295
1000000 4.324019 -2.072557 -0.355239
1010000 4.634426 -2.096445 -0.224773
1020000 4.545707 -2.220735 -0.227825
1030000 4.236061 -2.206717 -0.263692
1040000 3.074731 -2.095417 -0.339407
1050000 3.172365 -2.161439 -0.374339
1060000 3.232711 -2.113300 -0.360470
1070000 3.031176 -2.121246 -0.310974
1080000 2.527830 -2.058311 -0.327677
1090000 1.916483 -2.141520 -0.348882
1100000 1.333282 -2.097995 -0.464387
1110000 0.825242 -2.162348 -0.395318
1120000 0.689857 -1.999393 -0.235257
1130000 0.789420 -2.135834 -0.313083
1140000 0.766843 -2.072161 -0.367415
1150000 0.762608 -2.136083 -0.297510
1160000 0.717720 -2.063761 -0.286414
1170000 0.808249 -2.162127 -0.248548
1180000 1.174304 -2.171005 -0.328080
1190000 1.204325 -2.100552 -0.369719
1200000 0.752377 -2.092068 -0.228355
1210000 1.553934 -2.088509 -0.326627
1220000 1.314576 -2.131074 -0.357304
1230000 1.951434 -2.118744 -0.459985
1240000 1.425132 -2.096983 -0.370143
1250000 1.215349 -2.111194 -0.367550
1260000 1.658398 -2.106289 -0.301090
1270000 1.964231 -1.977949 -0.374095
1280000 2.111267 -2.120510 -0.319235
1290000 3.178979 -1.974999 -0.299694
1300000 3.934739 -2.236957 -0.298192
1310000 5.012012 -2.166996 -0.397191
1320000 4.904143 -2.050767 -0.249951
1330000 4.241285 -2.018638 -0.288722
1340000 4.777497 -2.053517 -0.430660
1350000 4.852745 -2.117426 -0.409003
1360000 3.800524 -2.237431 -0.494161
1370000 3.474042 -2.053909 -0.308488
1380000 4.036161 -2.012653 -0.259161
1390000 4.531551 -2.092173 -0.300409
1400000 4.225459 -2.068567 -0.475573
1410000 2.763506 -2.153870 -0.272349
1420000 2.502556 -2.208314 -0.450123
1430000 3.751005 -2.237532 -0.446808
1440000 3.594811 -2.118391 -0.252258
1450000 3.357904 -2.139792 -0.380112
1460000 4.657444 -2.120964 -0.340305
1470000 4.501783 -2.184629 -0.310320
1480000 4.334026 -2.211294 -0.347357
1490000 4.031794 -2.107384 -0.373785
1500000 4.981632 -2.219632 -0.275632
1510000 3.799117 -2.165820 -0.301088
1520000 3.709417 -2.059310 -0.368325
1530000 2.315420 -2.285612 -0.465732
1540000 2.041183 -2.107135 -0.285345
1550000 2.169532 -2.136965 -0.397057
1560000 2.952019 -1.970105 -0.279652
1570000 2.339005 -1.975050 -0.444385
1580000 1.687425 -2.128890 -0.315714
1590000 1.993685 -2.099777 -0.386996
1600000 1.996653 -2.017593 -0.417841
1610000 1.421755 -2.070946 -0.375666
1620000 0.987554 -2.180767 -0.277710
1630000 0.981688 -2.238393 -0.333589
1640000 0.989417 -2.220262 -0.378541
1650000 1.221649 -2.097052 -0.267481
1660000 1.054590 -2.077645 -0.487049
1670000 0.838824 -2.091502 -0.368183
1680000 1.089852 -2.162806 -0.351355
1690000 0.694004 -2.033601 -0.257496
1700000 0.614932 -2.077478 -0.409072
1710000 1.173639 -2.030848 -0.365021
1720000 1.142209 -2.027939 -0.344453
1730000 1.410036 -2.105667 -0.315832
1740000 1.381183 -1.950926 -0.508253
1750000 1.896056 -2.063048 -0.442209
1760000 2.841549 -2.103198 -0.355077
1770000 3.405978 -2.096063 -0.442479
1780000 3.711996 -2.133140 -0.278646
1790000 2.388878 -2.072183 -0.420240
1800000 3.884935 -2.123831 -0.280757
1810000 4.915613 -2.126588 -0.318808
1820000 3.958136 -2.130177 -0.453156
1830000 3.323868 -2.017952 -0.366442
1840000 4.489905 -2.030386 -0.419647
1850000 4.847811 -2.018858 -0.413129
1860000 3.371634 -1.968247 -0.332347
1870000 2.495690 -2.175478 -0.386498
1880000 2.170709 -2.073720 -0.441476
1890000 2.760769 -2.192432 -0.394953
1900000 1.960656 -2.005331 -0.367398
1910000 1.588348 -2.094611 -0.374978
1920000 1.644210 -2.092357 -0.312161
1930000 1.276142 -2.119132 -0.398935
1940000 1.772012 -2.168127 -0.317401
1950000 2.578529 -2.056677 -0.194297
1960000 2.946016 -2.109882 -0.308284
1970000 3.098588 -1.977217 -0.338748
1980000 3.786297 -2.069885 -0.528636
1990000 3.423228 -1.966842 -0.295188
2000000 2.506368 -1.952133 -0.302280
2010000 2.984822 -2.088832 -0.208561
2020000 4.498496 -2.058881 -0.410492
2030000 4.967848 -2.076203 -0.428949
2040000 4.585063 -2.140922 -0.573017
2050000 4.280732 -2.155618 -0.228064
2060000 3.987390 -2.104591 -0.494410
2070000 3.554752 -2.156889 -0.454558
2080000 4.054750 -2.087968 -0.286741
2090000 4.530148 -2.082433 -0.442662
2100000 3.730379 -1.925476 -0.298802
2110000 5.038648 -2.065223 -0.296929
2120000 4.435339 -1.947672 -0.256587
2130000 5.071193 -2.105495 -0.662192
2140000 4.078940 -2.187375 -0.407286
2150000 4.264383 -2.117440 -0.230788
2160000 3.168226 -2.134545 -0.381973
2170000 2.221121 -2.234586 -0.297264
2180000 1.996556 -2.108280 -0.358479
2190000 2.708289 -2.112593 -0.464917
2200000 2.104396 -2.200609 -0.336333
2210000 2.318648 -2.050451 -0.242593
2220000 2.460301 -2.271575 -0.366461
2230000 2.834086 -2.056613 -0.457856
2240000 3.177805 -2.123777 -0.380438
2250000 3.485674 -2.025187 -0.376371
2260000 3.874840 -2.111068 -0.331511
2270000 4.577841 -1.994495 -0.342051
2280000 4.656134 -2.140770 -0.366898
2290000 4.343764 -2.021746 -0.276478
2300000 4.115717 -2.023488 -0.340895
2310000 4.217673 -2.024647 -0.388989
2320000 3.657228 -2.060844 -0.350034
2330000 4.793475 -2.056005 -0.456961
2340000 4.848375 -2.097040 -0.371557
2350000 4.943859 -2.079602 -0.216906
2360000 4.917395 -2.060224 -0.365356
2370000 4.729895 -2.045594 -0.275197
2380000 4.614609 -1.961621 -0.439829
2390000 3.782471 -2.129698 -0.457281
2400000 3.695194 -2.009602 -0.326369
2410000 3.533357 -2.039621 -0.368926
2420000 2.804162 -1.935233 -0.419526
2430000 1.998471 -2.185980 -0.284823
2440000 1.806596 -1.950086 -0.344540
2450000 1.936758 -2.143610 -0.362028
2460000 1.287983 -2.169933 -0.222879
2470000 1.096442 -2.119737 -0.280691
2480000 1.084895 -2.054572 -0.389387
2490000 1.073409 -2.204351 -0.257529
2500000 0.857761 -2.058655 -0.361940
2510000 1.566953 -2.086810 -0.375146
2520000 1.616658 -2.138637 -0.422054
2530000 1.471666 -2.219190 -0.233879
2540000 1.312500 -2.072476 -0.521160
2550000 1.508583 -2.003671 -0.383476
2560000 1.664003 -2.107418 -0.361450
2570000 1.674578 -2.182354 -0.328197
2580000 1.151754 -1.947810 -0.432639
2590000 1.095881 -2.150421 -0.343974
2600000 1.416910 -2.182758 -0.483809
2610000 1.243026 -2.068475 -0.271439
2620000 1.147720 -2.013840 -0.263951
2630000 0.506261 -2.148892 -0.337684
2640000 0.771727 -2.076874 -0.259815
2650000 0.764607 -2.176462 -0.382866
2660000 0.685711 -1.993143 -0.254614
2670000 1.065504 -2.032603 -0.362756
2680000 0.844892 -2.126936 -0.214244
2690000 0.501349 -2.087257 -0.310297
2700000 0.582352 -2.169620 -0.545836
2710000 0.891562 -2.150497 -0.309981
2720000 0.628624 -2.092306 -0.292252
2730000 0.828665 -2.036856 -0.339178
2740000 1.392220 -1.969527 -0.351617
2750000 1.388952 -2.153930 -0.517409
2760000 2.488239 -1.967222 -0.418704
2770000 2.792649 -2.094426 -0.434925
2780000 3.675210 -2.104480 -0.391718
2790000 3.588483 -1.928668 -0.478830
2800000 2.966343 -2.055692 -0.296722
2810000 2.287385 -2.076955 -0.437174
2820000 1.980314 -2.182763 -0.356012
2830000 2.209831 -2.075576 -0.400049
2840000 1.999689 -2.030311 -0.426144
2850000 2.823397 -2.066200 -0.217828
2860000 3.068785 -2.086032 -0.315621
2870000 2.448341 -2.117658 -0.381086
2880000 2.846344 -2.139946 -0.327794
2890000 3.548158 -2.181516 -0.320868
2900000 3.731213 -1.990647 -0.452431
2910000 4.389812 -2.198416 -0.502258
2920000 4.152280 -2.106319 -0.315119
2930000 4.969665 -2.010166 -0.394826
2940000 4.717863 -2.171983 -0.248723
2950000 4.398738 -2.155349 -0.425490
2960000 3.313146 -2.050292 -0.474931
2970000 3.504666 -1.977139 -0.267207
2980000 2.978075 -2.085355 -0.299578
2990000 2.629863 -2.253019 -0.260383
3000000 3.305138 -2.130172 -0.352771
3010000 4.285054 -2.036961 -0.373591
3020000 3.938801 -2.089584 -0.389444
3030000 4.287738 -2.073530 -0.285784
3040000 3.724134 -2.212575 -0.360468
3050000 3.598056 -2.062248 -0.283033
3060000 3.427543 -2.085082 -0.363782
3070000 3.163245 -2.044390 -0.327490
3080000 2.503755 -2.124322 -0.300591
3090000 2.266391 -1.996400 -0.403913
3100000 2.192429 -2.087562 -0.301706
3110000 2.603359 -2.179154 -0.432059
3120000 2.964780 -1.999545 -0.417592
3130000 2.450909 -2.060001 -0.319586
3140000 1.763884 -2.203902 -0.361987
3150000 2.025451 -2.013134 -0.300410
3160000 2.318656 -2.222067 -0.373247
3170000 2.209104 -2.124368 -0.334929
3180000 2.229513 -2.165244 -0.421731
3190000 1.651575 -2.204714 -0.394452
3200000 1.702911 -2.185938 -0.377957
3210000 1.653727 -2.142594 -0.346087
3220000 1.415194 -2.205931 -0.390233
3230000 1.569794 -2.058777 -0.245415
3240000 1.641970 -2.178557 -0.329924
3250000 1.866591 -2.158121 -0.388757
3260000 1.685106 -1.963833 -0.434419
3270000 1.126284 -2.172547 -0.359128
3280000 1.140260 -2.011070 -0.337582
3290000 1.042577 -2.111486 -0.233493
3300000 0.936116 -2.044333 -0.503295
3310000 0.959796 -1.958848 -0.380576
3320000 1.029218 -2.127763 -0.366906
3330000 0.864284 -2.102319 -0.342906
3340000 1.104061 -2.067172 -0.422013
3350000 1.055232 -2.193102 -0.367010
3360000 1.402520 -2.036315 -0.351440
3370000 1.282830 -1.945161 -0.453426
3380000 1.245847 -2.091250 -0.464476
3390000 1.441359 -2.022976 -0.214090
3400000 1.523557 -2.094347 -0.404332
3410000 1.219650 -2.112274 -0.414517
3420000 1.348021 -2.015161 -0.390248
3430000 1.331450 -2.054994 -0.244444
3440000 1.581538 -2.133828 -0.274892
3450000 1.684071 -2.108993 -0.288277
3460000 1.614705 -2.137654 -0.330645
3470000 1.938234 -2.109621 -0.351650
3480000 1.768202 -2.177345 -0.341498
3490000 2.958961 -2.187104 -0.393245
3500000 3.643466 -2.098329 -0.362943
3510000 4.932224 -2.070869 -0.391841
3520000 4.125875 -2.098072 -0.309306
3530000 3.880452 -2.017707 -0.272123
3540000 4.497214 -2.090731 -0.311295
3550000 3.505963 -2.070960 -0.318454
3560000 2.932831 -2.128129 -0.361382
3570000 2.940897 -2.019427 -0.383869
3580000 3.085903 -2.135380 -0.384129
3590000 2.479537 -2.143474 -0.427972
3600000 2.330099 -2.043664 -0.442157
3610000 2.339375 -2.123883 -0.409659
3620000 3.094516 -2.032881 -0.406762
3630000 4.162746 -2.062493 -0.327029
3640000 4.238850 -2.069298 -0.401370
3650000 4.684581 -2.073344 -0.439917
3660000 4.995629 -2.055030 -0.252779
3670000 4.612085 -2.185513 -0.293180
