100000 1.683498 -2.145427 -0.580031
110000 1.056941 -2.147997 -0.666231
120000 0.952450 -2.086489 -0.749191
130000 1.305733 -2.079479 -0.791727
140000 1.611989 -1.986380 -0.648527
150000 1.924010 -2.097293 -0.648558
160000 3.836093 -2.070267 -0.780263
170000 4.014179 -2.115491 -0.731923
180000 3.290276 -2.239883 -0.751210
190000 3.122910 -2.084734 -0.605045
200000 4.261614 -1.951670 -0.614122
210000 4.948853 -2.153542 -0.667441
220000 3.115097 -2.111579 -0.650557
230000 2.679014 -2.198437 -0.613660
240000 2.408478 -2.096553 -0.629333
250000 2.859325 -2.093961 -0.804915
260000 2.144284 -2.118650 -0.656505
270000 3.576918 -2.122016 -0.809037
280000 4.313380 -1.996693 -0.713894
290000 3.630007 -2.143180 -0.575378
300000 2.554976 -2.107404 -0.529099
310000 4.086055 -2.062330 -0.787584
320000 4.306511 -2.177440 -0.695604
330000 4.413960 -2.106921 -0.586677
340000 2.872416 -2.218373 -0.774660
350000 2.552121 -2.030353 -0.608282
360000 1.593594 -2.122864 -0.668260
370000 1.352066 -2.092819 -0.614633
380000 0.864171 -2.161220 -0.763802
390000 1.025228 -2.146424 -0.627025
400000 1.058706 -2.048965 -0.699597
410000 0.913753 -2.206533 -0.645024
420000 1.462291 -2.015297 -0.668051
430000 1.768523 -2.030978 -0.761629
440000 2.091697 -2.179338 -0.707123
450000 3.236901 -2.116276 -0.637756
460000 3.991486 -2.123824 -0.784533
470000 4.379508 -2.075285 -0.712674
480000 4.222301 -2.019173 -0.687039
490000 2.671011 -2.114491 -0.750042
500000 3.164998 -2.114049 -0.666165
510000 4.097144 -2.095690 -0.597298
520000 4.927791 -2.182281 -0.715757
530000 4.006975 -1.970378 -0.766735
540000 3.232981 -2.119182 -0.678589
550000 3.549630 -1.999839 -0.708622
560000 2.346026 -2.035091 -0.737138
570000 2.521431 -2.149789 -0.777835
580000 2.397032 -2.168418 -0.630193
590000 2.930920 -1.967944 -0.749474
600000 4.723198 -2.038860 -0.781785
610000 4.614805 -2.081158 -0.587831
620000 4.977944 -2.111185 -0.735877
630000 5.017315 -2.076925 -0.748714
640000 4.226667 -2.139414 -0.775208
650000 3.765985 -2.180917 -0.632673
660000 3.136494 -2.187525 -0.586584
670000 4.098430 -1.958908 -0.767392
680000 4.129559 -1.967128 -0.682323
690000 4.919098 -2.108574 -0.708294
700000 4.624888 -2.069273 -0.502559
710000 3.252146 -2.087902 -0.766466
720000 2.487998 -2.035899 -0.763611
730000 1.873381 -2.079570 -0.673009
740000 1.375964 -2.023226 -0.629464
750000 1.549643 -2.111348 -0.618115
760000 0.738596 -2.167401 -0.703540
770000 0.785104 -2.079636 -0.793379
780000 0.510440 -2.036593 -0.789663
790000 0.772425 -2.051618 -0.680060
800000 0.735179 -2.298312 -0.582352
810000 0.969813 -2.135438 -0.710991
820000 1.035591 -2.037437 -0.745038
830000 2.059902 -2.144899 -0.701862
840000 2.525219 -2.100536 -0.641686
850000 1.469154 -1.986421 -0.671101
860000 2.944773 -2.129733 -0.730991
870000 2.495459 -2.146266 -0.783445
880000 2.107623 -2.197882 -0.656575
890000 2.791362 -2.071160 -0.695148
900000 3.568871 -2.016884 -0.649492
910000 2.954472 -2.047312 -0.703493
920000 2.726087 -1.976329 -0.496594
930000 3.937529 -1.996165 -0.594149
940000 5.058384 -1.983498 -0.646966
950000 5.043053 -2.092890 -0.743091
960000 4.515867 -2.099945 -0.723123
970000 4.898361 -2.244407 -0.750331
980000 4.884849 -2.143699 -0.644898
990000 4.867439 -2.032487 -0.766140
1000000 4.310942 -2.017966 -0.719920
1010000 4.260039 -2.067736 -0.668981
1020000 2.807970 -2.099885 -0.616271
1030000 2.751313 -2.084727 -0.662068
1040000 2.370262 -2.026782 -0.659514
1050000 1.927427 -2.124382 -0.681674
1060000 1.355999 -1.982811 -0.667068
1070000 1.299282 -2.100762 -0.736371
1080000 0.691528 -2.007761 -0.711446
1090000 0.831615 -2.069436 -0.664402
1100000 1.039043 -2.033462 -0.649635
1110000 0.806788 -2.092680 -0.825249
1120000 0.836960 -2.130022 -0.654359
1130000 1.993245 -2.070720 -0.646901
1140000 1.548859 -2.083816 -0.710167
1150000 2.160360 -2.163763 -0.609089
1160000 2.343459 -2.133698 -0.662454
1170000 3.654042 -2.077947 -0.727698
1180000 3.175043 -2.116863 -0.786402
1190000 3.297982 -1.952686 -0.696438
1200000 4.499096 -2.105720 -0.686102
1210000 5.077333 -2.054327 -0.691269
1220000 4.769736 -2.061476 -0.632362
1230000 4.540120 -1.996770 -0.651015
1240000 4.097156 -2.183924 -0.740719
1250000 3.611329 -2.163423 -0.660481
1260000 3.459725 -2.123406 -0.969356
1270000 2.671865 -2.197727 -0.560543
1280000 2.171962 -2.117425 -0.711919
1290000 2.088915 -2.016431 -0.650112
1300000 2.804161 -2.017170 -0.735923
1310000 3.993326 -2.090619 -0.579178
1320000 3.535603 -2.003125 -0.672864
1330000 3.268425 -2.055337 -0.766256
1340000 2.529142 -2.071966 -0.657936
1350000 2.829392 -2.084641 -0.589346
1360000 3.404355 -2.136850 -0.653270
1370000 4.065441 -2.114237 -0.655986
1380000 4.645787 -2.163816 -0.647852
1390000 4.854629 -2.099101 -0.764500
1400000 3.978272 -2.202844 -0.667096
1410000 4.717467 -2.115773 -0.682383
1420000 3.341691 -2.133392 -0.629854
1430000 3.803232 -2.029694 -0.708397
1440000 4.883897 -2.160600 -0.640492
1450000 4.594959 -2.117089 -0.675892
1460000 4.984038 -2.164758 -0.628479
1470000 3.968653 -2.172251 -0.754418
1480000 3.091981 -2.058263 -0.722733
1490000 2.234454 -2.195931 -0.668626
1500000 1.398338 -2.164145 -0.616376
1510000 1.136220 -2.073290 -0.735867
1520000 0.847082 -2.188408 -0.661288
1530000 0.806956 -2.131196 -0.769532
1540000 1.500479 -2.047698 -0.711495
1550000 1.291850 -2.039068 -0.768908
1560000 1.541737 -2.084573 -0.645794
1570000 1.522940 -2.010160 -0.779707
1580000 1.399177 -2.125173 -0.922921
1590000 1.117957 -1.949288 -0.834831
1600000 0.676330 -2.172534 -0.607684
1610000 0.617623 -2.042381 -0.690560
1620000 0.945905 -2.082312 -0.766777
1630000 0.738962 -2.132314 -0.592817
1640000 1.276131 -2.185935 -0.712497
1650000 1.063334 -2.023239 -0.683563
1660000 0.980178 -2.173315 -0.716808
1670000 0.901612 -2.054294 -0.786161
1680000 0.629903 -2.148003 -0.609833
1690000 0.862704 -2.095662 -0.636284
1700000 0.864060 -2.059422 -0.709519
1710000 1.298348 -2.209180 -0.710929
1720000 1.840567 -2.106662 -0.791550
1730000 1.994078 -2.085176 -0.714935
1740000 2.020183 -2.119550 -0.771243
1750000 2.765377 -2.123693 -0.865497
1760000 1.937987 -2.014161 -0.724586
1770000 2.120613 -2.193173 -0.632014
1780000 2.226557 -1.966237 -0.740374
1790000 1.748745 -2.176541 -0.535097
1800000 1.847664 -2.055196 -0.712331
1810000 2.696256 -2.069463 -0.809127
1820000 2.790314 -2.090610 -0.762469
1830000 3.833534 -2.048651 -0.780473
1840000 3.962535 -2.034497 -0.595755
1850000 3.069864 -2.035845 -0.708633
1860000 2.607148 -2.137895 -0.727290
1870000 2.797870 -1.988696 -0.617570
1880000 3.737957 -2.223223 -0.641313
1890000 3.488685 -2.190730 -0.758051
1900000 3.968264 -2.129402 -0.680588
1910000 4.609236 -2.034979 -0.621530
1920000 4.844918 -2.178142 -0.684466
1930000 4.926136 -2.078543 -0.748723
1940000 3.603152 -2.161992 -0.673245
1950000 4.566052 -2.002969 -0.826721
1960000 4.580135 -2.088576 -0.647546
1970000 3.743603 -2.093115 -0.684064
1980000 3.615642 -2.125133 -0.627149
1990000 3.966002 -2.091212 -0.746883
2000000 3.927710 -2.049615 -0.757493
2010000 3.821746 -2.105863 -0.786006
2020000 4.363448 -2.121331 -0.685097
2030000 4.284274 -2.149608 -0.696696
2040000 3.443366 -1.990964 -0.684065
2050000 2.430767 -2.230456 -0.694203
2060000 2.615370 -2.098438 -0.700068
2070000 3.148083 -2.021077 -0.636782
2080000 1.669904 -2.078900 -0.692462
2090000 1.907985 -2.217397 -0.623913
2100000 1.469417 -2.014307 -0.783628
2110000 1.896099 -2.043595 -0.645704
2120000 2.109127 -2.042039 -0.729169
2130000 1.894915 -2.052064 -0.668761
2140000 2.572972 -2.043575 -0.723301
2150000 2.547227 -2.156710 -0.745191
2160000 3.268010 -2.076307 -0.838201
2170000 2.385610 -2.161937 -0.675891
2180000 2.285028 -1.996583 -0.703635
2190000 3.319033 -2.034497 -0.828999
2200000 3.891179 -2.118637 -0.667944
2210000 3.852467 -2.060849 -0.785385
2220000 4.349207 -2.067361 -0.655000
2230000 3.098347 -2.111234 -0.741906
2240000 3.078285 -2.116409 -0.771944
2250000 2.956447 -2.029398 -0.685807
2260000 3.638811 -2.108839 -0.849338
2270000 3.086072 -2.016369 -0.700778
2280000 2.512550 -2.119900 -0.582415
2290000 2.017719 -2.072873 -0.678190
2300000 1.542097 -2.002344 -0.603959
2310000 1.488735 -1.967323 -0.710616
2320000 1.580125 -2.143562 -0.759199
2330000 1.601485 -2.026164 -0.748225
2340000 1.283398 -2.067232 -0.775515
2350000 1.677360 -2.232613 -0.655898
2360000 1.296019 -2.054616 -0.757384
2370000 1.148543 -2.093044 -0.704570
2380000 1.022907 -2.111605 -0.722571
2390000 1.028291 -2.168613 -0.680678
2400000 0.791174 -2.153598 -0.695122
2410000 0.738104 -2.054991 -0.661841
2420000 1.294433 -2.187872 -0.707286
2430000 1.335400 -2.146887 -0.649042
2440000 0.905960 -2.199285 -0.608899
2450000 0.651720 -2.086455 -0.727106
2460000 1.187953 -2.129463 -0.771634
2470000 0.979908 -2.161093 -0.772401
2480000 0.782770 -2.210305 -0.666949
2490000 0.978901 -2.000130 -0.813763
2500000 0.621719 -2.053130 -0.683767
2510000 0.583623 -2.012976 -0.698388
2520000 0.801929 -2.151222 -0.725247
2530000 0.495988 -2.167220 -0.588782
2540000 0.855922 -2.208448 -0.737108
2550000 0.671680 -2.188247 -0.646191
2560000 1.071115 -2.096675 -0.755376
2570000 1.082884 -2.162825 -0.712475
2580000 1.573387 -2.187567 -0.740997
2590000 2.010411 -2.098100 -0.767280
2600000 2.107368 -2.022765 -0.601584
2610000 1.664145 -2.096875 -0.685873
2620000 1.931632 -2.021111 -0.647353
2630000 2.172805 -1.997202 -0.704435
2640000 2.256473 -2.140171 -0.595808
2650000 3.332671 -2.126503 -0.645518
2660000 3.697511 -2.207829 -0.724702
2670000 3.772647 -2.055894 -0.707506
2680000 3.912304 -2.170227 -0.663736
2690000 5.024422 -2.194332 -0.800087
2700000 5.003581 -2.164511 -0.661901
2710000 4.584361 -2.212859 -0.715494
2720000 3.896215 -2.122754 -0.732773
2730000 3.127822 -2.130084 -0.754485
2740000 2.738834 -2.265655 -0.718172
2750000 3.156075 -1.986938 -0.580274
2760000 2.591725 -2.205102 -0.755878
2770000 2.466330 -2.008302 -0.667091
2780000 2.584229 -2.022860 -0.663082
2790000 2.362786 -2.198807 -0.737635
2800000 3.318680 -2.117737 -0.745705
2810000 2.994553 -2.097149 -0.695969
2820000 3.660077 -2.013515 -0.742849
2830000 4.084939 -2.018198 -0.747032
2840000 3.899048 -2.095263 -0.739419
2850000 4.644252 -2.055300 -0.702926
2860000 4.616186 -2.043839 -0.841250
2870000 4.557581 -2.058874 -0.725725
2880000 3.466995 -2.034263 -0.703542
2890000 3.874844 -1.967163 -0.568411
2900000 3.117734 -1.998257 -0.674058
2910000 4.420458 -2.033602 -0.677139
2920000 3.715275 -1.990584 -0.666687
2930000 4.839626 -2.190866 -0.688523
2940000 4.676042 -2.173072 -0.675455
2950000 3.790336 -2.032426 -0.825749
2960000 3.776209 -2.196633 -0.731510
2970000 4.361808 -2.135337 -0.642718
2980000 4.407080 -2.122299 -0.801486
2990000 4.973713 -2.047800 -0.665430
3000000 3.580258 -2.136167 -0.606216
3010000 2.494722 -2.067620 -0.658868
3020000 2.157931 -2.045508 -0.752970
3030000 2.274027 -2.219413 -0.809593
3040000 3.123554 -2.199676 -0.776673
3050000 3.596434 -2.112061 -0.562475
3060000 4.511136 -2.102760 -0.839241
3070000 3.171866 -2.076818 -0.642425
3080000 2.687116 -2.020327 -0.727753
3090000 2.165613 -2.134788 -0.589242
3100000 1.736823 -2.190161 -0.748326
3110000 1.817069 -2.065618 -0.655927
3120000 1.418697 -2.047366 -0.568206
3130000 1.301206 -2.074116 -0.703329
3140000 1.509540 -2.001284 -0.579940
3150000 1.694661 -2.159060 -0.693130
3160000 1.528550 -2.072587 -0.684737
3170000 2.328811 -2.158918 -0.792002
3180000 1.516493 -2.181104 -0.731256
3190000 1.796512 -1.996963 -0.673738
3200000 1.963804 -2.029687 -0.750989
3210000 2.500293 -2.161503 -0.674689
3220000 3.187323 -2.016380 -0.790658
3230000 2.647621 -1.930072 -0.775564
3240000 2.660557 -2.058471 -0.654839
3250000 2.727222 -2.042074 -0.716836
3260000 3.717291 -2.167845 -0.592301
3270000 3.819146 -2.108011 -0.755021
3280000 3.845008 -2.132279 -0.701013
3290000 4.906783 -1.998248 -0.736898
3300000 4.922651 -2.104894 -0.696582
3310000 4.949078 -2.115214 -0.724877
3320000 4.883409 -2.018684 -0.716518
3330000 4.575700 -2.101310 -0.728121
3340000 4.251594 -2.178306 -0.640614
3350000 3.273879 -2.084142 -0.620337
3360000 3.438021 -2.142400 -0.524866
3370000 3.181820 -2.139210 -0.695225
3380000 3.016014 -2.004034 -0.701032
3390000 2.863661 -1.923542 -0.640294
3400000 3.000398 -2.030351 -0.718088
3410000 3.355773 -2.123575 -0.608110
3420000 4.969176 -2.106221 -0.716996
3430000 4.723877 -2.148775 -0.691364
3440000 4.159249 -1.974973 -0.604995
3450000 3.878288 -2.128594 -0.660562
3460000 4.426124 -1.998863 -0.722204
3470000 4.488302 -2.147385 -0.676035
3480000 4.170383 -2.087770 -0.702999
3490000 3.219206 -2.147288 -0.672767
3500000 3.110311 -2.031869 -0.753207
3510000 3.700045 -2.079631 -0.654364
3520000 3.213544 -2.150297 -0.701061
3530000 5.047907 -2.172735 -0.687490
3540000 4.201337 -2.058110 -0.627202
3550000 4.791634 -2.125820 -0.736603
3560000 4.957897 -1.983000 -0.542082
3570000 3.205740 -2.139504 -0.621977
3580000 2.885281 -2.050091 -0.696880
3590000 2.669163 -2.207220 -0.872276
3600000 2.131669 -2.051084 -0.732449
3610000 2.451665 -1.990763 -0.821761
3620000 1.972951 -1.966927 -0.809042
3630000 1.810675 -1.918554 -0.638257
3640000 1.782441 -2.068664 -0.911162
3650000 1.611426 -2.100366 -0.598526
3660000 1.608758 -2.072215 -0.745256
3670000 2.076391 -1.937771 -0.615414
3680000 2.468144 -2.058337 -0.765168
3690000 2.938920 -1.970798 -0.479193
3700000 3.446826 -2.115288 -0.547089
3710000 3.039272 -2.114655 -0.754590
3720000 3.702094 -1.988717 -0.702640
3730000 3.787494 -2.204437 -0.614020
3740000 4.618609 -1.986598 -0.623060
3750000 4.923542 -2.050309 -0.871991
3760000 4.231182 -2.000449 -0.747467
3770000 4.629586 -2.166725 -0.711037
3780000 2.969652 -2.025581 -0.757225
3790000 2.546695 -2.042699 -0.731271
3800000 2.244398 -1.992594 -0.780280
3810000 2.184338 -2.003194 -0.690178
3820000 2.387796 -2.081717 -0.782123
3830000 2.318172 -1.977352 -0.713956
3840000 2.472210 -2.046514 -0.686820
3850000 1.958179 -2.155394 -0.694900
3860000 1.912300 -1.954147 -0.765709
3870000 2.408582 -2.105971 -0.796876
3880000 1.482748 -2.119060 -0.752761
3890000 1.447213 -2.235877 -0.719322
3900000 1.392458 -2.172964 -0.637651
3910000 1.562010 -1.978250 -0.741382
3920000 1.399471 -2.205309 -0.746460
3930000 1.115593 -2.120711 -0.663327
3940000 1.022172 -2.111184 -0.674258
3950000 1.201484 -2.009548 -0.645101
3960000 1.201799 -2.015957 -0.700264
3970000 1.078458 -2.029701 -0.690198
3980000 0.926216 -2.179370 -0.598643
3990000 0.935025 -2.118163 -0.752746
4000000 0.908963 -2.117548 -0.635079
