100000 4.209883 -1.904045 -1.307779
110000 3.674991 -1.987815 -1.469315
120000 4.772595 -2.218650 -1.409039
130000 3.822485 -2.135635 -1.378810
140000 2.876517 -2.127502 -1.283972
150000 3.397131 -2.066825 -1.407759
160000 2.285790 -2.037163 -1.439617
170000 2.960914 -2.041516 -1.356218
180000 2.195763 -2.003251 -1.379120
190000 2.754196 -2.046082 -1.472929
200000 4.106361 -2.014503 -1.364783
210000 3.832007 -2.140561 -1.382144
220000 3.310221 -2.069662 -1.369566
230000 4.791624 -2.079296 -1.359413
240000 4.638029 -2.010911 -1.417639
250000 2.930488 -1.919310 -1.398083
260000 1.561544 -2.126070 -1.483745
270000 1.874860 -2.066003 -1.333418
280000 1.014291 -2.133548 -1.410653
290000 0.696053 -2.184985 -1.416733
300000 0.960953 -2.039219 -1.438550
310000 0.718928 -2.255399 -1.333269
320000 1.310346 -2.056886 -1.384449
330000 1.486523 -2.003724 -1.513398
340000 1.126424 -2.092282 -1.388941
350000 1.359212 -2.057423 -1.296629
360000 2.093336 -2.128973 -1.265427
370000 2.458868 -2.157873 -1.404459
380000 3.734201 -2.178285 -1.443462
390000 3.382394 -2.124863 -1.455646
400000 4.836742 -2.050190 -1.359578
410000 4.827489 -2.150981 -1.476322
420000 3.965820 -1.973024 -1.523376
430000 3.342316 -1.999832 -1.414860
440000 4.385478 -2.096179 -1.402685
450000 4.991172 -1.994913 -1.504225
460000 3.234882 -2.099057 -1.488348
470000 2.288732 -2.118681 -1.518918
480000 2.527151 -2.176101 -1.452240
490000 1.840391 -2.100511 -1.278880
500000 1.667077 -2.150496 -1.308360
510000 2.252280 -2.126352 -1.390754
520000 2.973589 -2.074240 -1.481449
530000 3.562101 -2.175730 -1.458958
540000 2.824997 -2.115315 -1.463083
550000 2.575436 -1.949920 -1.520386
560000 2.313909 -2.158555 -1.483480
570000 1.537241 -2.039750 -1.490503
580000 1.619597 -2.063924 -1.539929
590000 0.921354 -2.138357 -1.493020
600000 0.904243 -2.172820 -1.334784
610000 1.167577 -2.094684 -1.342896
620000 0.970710 -2.094484 -1.380085
630000 1.738918 -2.068129 -1.446757
640000 2.246775 -2.004775 -1.411856
650000 2.980273 -2.023886 -1.324918
660000 3.972865 -1.956285 -1.338483
670000 4.129055 -2.249089 -1.324917
680000 4.440159 -1.999826 -1.292158
690000 5.035248 -2.125196 -1.387605
700000 4.848169 -2.015061 -1.316874
710000 3.677533 -2.111154 -1.285901
720000 2.484195 -2.102534 -1.300660
730000 3.240859 -2.141421 -1.492128
740000 3.620084 -1.972184 -1.408452
750000 4.234278 -2.070310 -1.479928
760000 3.480681 -2.160597 -1.427922
770000 2.608758 -2.079819 -1.470290
780000 2.422139 -2.196669 -1.480644
790000 2.134468 -2.015878 -1.345308
800000 1.576929 -2.149502 -1.372404
810000 1.278835 -2.045106 -1.373822
820000 1.624718 -2.027288 -1.401224
830000 2.639147 -2.117831 -1.439056
840000 2.710210 -2.023854 -1.318128
850000 3.836551 -1.994243 -1.408043
860000 4.790198 -2.131035 -1.346609
870000 4.340365 -2.079221 -1.333932
880000 3.447273 -2.264680 -1.384302
890000 3.626294 -2.270302 -1.420472
900000 3.409312 -2.042299 -1.545550
910000 4.320395 -2.196956 -1.547155
920000 4.187251 -2.027016 -1.346776
930000 3.105699 -2.113014 -1.419048
940000 3.115917 -1.980618 -1.325530
950000 2.560129 -2.222237 -1.278618
960000 2.016381 -2.085637 -1.430590
970000 2.561252 -2.132755 -1.301627
980000 2.848110 -2.087081 -1.459985
990000 2.486559 -2.059860 -1.465837
1000000 3.408213 -2.069515 -1.248245
1010000 3.817846 -2.094357 -1.440530
1020000 4.869191 -2.093869 -1.336748
1030000 4.531869 -2.022390 -1.495720
1040000 3.588266 -2.093113 -1.393816
1050000 3.098142 -2.123670 -1.447688
1060000 3.566334 -2.164481 -1.341938
1070000 4.308080 -2.076493 -1.294875
1080000 5.002013 -2.086741 -1.294152
1090000 4.067231 -2.208150 -1.275916
1100000 3.864931 -2.064252 -1.420402
1110000 3.171523 -2.041615 -1.492341
1120000 3.663231 -2.090445 -1.435155
1130000 5.033010 -2.196997 -1.532593
1140000 4.729148 -2.129632 -1.396085
1150000 4.187804 -1.938045 -1.380830
1160000 4.515199 -2.024368 -1.460692
1170000 4.692520 -2.217238 -1.347067
1180000 3.186333 -2.173169 -1.303074
1190000 1.999678 -2.117558 -1.387641
1200000 1.934603 -2.091926 -1.572104
1210000 2.020556 -2.104362 -1.478155
1220000 1.561687 -2.117422 -1.389869
1230000 1.838674 -2.135687 -1.380637
1240000 1.389533 -1.947618 -1.320320
1250000 0.535159 -2.133232 -1.426250
1260000 0.499095 -2.120671 -1.420512
1270000 0.870181 -2.137487 -1.318703
1280000 1.046968 -2.040177 -1.328139
1290000 0.782570 -1.975468 -1.338005
1300000 1.010783 -2.057165 -1.489891
1310000 1.216840 -2.085895 -1.376684
1320000 1.387672 -1.987859 -1.475014
1330000 1.577020 -2.041963 -1.527756
1340000 2.365186 -2.015644 -1.411320
1350000 2.029087 -2.091011 -1.439768
1360000 2.714339 -2.213996 -1.420266
1370000 2.690962 -2.082905 -1.252345
1380000 3.426756 -2.131048 -1.396203
1390000 3.079040 -2.107937 -1.382651
1400000 4.423807 -2.201282 -1.667739
1410000 5.059344 -2.138727 -1.389227
1420000 4.531726 -1.989298 -1.374085
1430000 3.761778 -2.105623 -1.550030
1440000 3.752391 -2.072718 -1.415280
1450000 2.713489 -1.980846 -1.506292
1460000 2.684037 -2.141420 -1.467908
1470000 2.031290 -2.200003 -1.460812
1480000 1.813961 -2.073786 -1.334459
1490000 1.664146 -2.111381 -1.270362
1500000 1.413675 -2.178722 -1.593856
1510000 2.287136 -2.053294 -1.284644
1520000 2.437982 -1.951983 -1.421327
1530000 1.993105 -2.131307 -1.328951
1540000 1.731680 -2.025617 -1.302812
1550000 1.549680 -2.040394 -1.382127
1560000 1.290461 -2.052699 -1.202064
1570000 0.777557 -1.997478 -1.464967
1580000 0.708169 -2.159751 -1.346210
1590000 0.904609 -2.005691 -1.241645
1600000 0.659393 -2.135003 -1.396598
1610000 0.704443 -1.965385 -1.404828
1620000 0.945642 -1.999068 -1.444015
1630000 1.136893 -2.136375 -1.432611
1640000 0.996727 -2.114748 -1.397885
1650000 0.615153 -2.124607 -1.352100
1660000 0.800058 -1.993220 -1.423566
1670000 0.699144 -2.134549 -1.589034
1680000 1.068991 -2.147254 -1.456531
1690000 1.176088 -2.087215 -1.267969
1700000 1.456873 -2.090587 -1.421294
1710000 1.539557 -1.954021 -1.346810
1720000 2.302703 -2.108854 -1.373009
1730000 3.058256 -2.092668 -1.235215
1740000 3.743452 -2.136774 -1.413317
1750000 4.355373 -2.115456 -1.339664
1760000 5.005127 -2.286007 -1.307046
1770000 4.444165 -2.070903 -1.354002
1780000 4.375203 -2.004810 -1.458412
1790000 3.487245 -2.127166 -1.377568
1800000 4.004793 -2.198975 -1.398176
1810000 3.871563 -2.094895 -1.332740
1820000 4.002482 -2.095410 -1.382043
1830000 3.544834 -2.158839 -1.428881
1840000 2.638444 -2.053896 -1.475691
1850000 2.526360 -2.174280 -1.368145
1860000 3.429911 -2.086456 -1.363588
1870000 4.404931 -2.098509 -1.437394
1880000 4.477451 -2.231329 -1.471013
1890000 4.141081 -2.157457 -1.410121
1900000 2.927409 -2.068536 -1.309154
1910000 3.324135 -2.045760 -1.323044
1920000 3.209182 -2.177493 -1.364635
1930000 3.303747 -1.980967 -1.412264
1940000 2.310049 -2.234105 -1.391630
1950000 1.900748 -2.144475 -1.396531
1960000 2.766826 -2.115029 -1.515612
1970000 2.538026 -2.114522 -1.342254
1980000 3.423461 -2.157383 -1.464580
1990000 4.154370 -2.078381 -1.515435
2000000 4.623730 -2.103496 -1.382502
2010000 4.311048 -2.086599 -1.484355
2020000 4.997586 -2.049780 -1.453594
2030000 4.316071 -1.978707 -1.310840
2040000 3.260003 -2.182312 -1.443425
2050000 2.774218 -2.126817 -1.475490
2060000 3.938471 -2.186236 -1.477925
2070000 4.591212 -2.080341 -1.393674
2080000 5.051037 -2.028329 -1.432979
2090000 5.007928 -2.137896 -1.414221
2100000 4.884033 -2.086150 -1.428579
2110000 3.695166 -2.047014 -1.346930
2120000 3.217432 -2.064324 -1.364803
2130000 3.931272 -2.017790 -1.422758
2140000 3.285779 -2.110518 -1.381520
2150000 2.399168 -2.016569 -1.457853
2160000 1.849659 -2.081570 -1.334450
2170000 1.808663 -2.068635 -1.335709
2180000 2.642718 -2.117352 -1.393684
2190000 2.268594 -2.113002 -1.379425
2200000 1.867224 -2.197963 -1.351231
2210000 1.587319 -2.085809 -1.383537
2220000 2.143110 -2.139697 -1.408172
2230000 2.196707 -2.079689 -1.359939
2240000 1.701664 -2.068794 -1.339845
2250000 1.751344 -2.113331 -1.489650
2260000 1.498903 -2.112147 -1.553177
2270000 1.893305 -2.082982 -1.280627
2280000 2.759048 -1.967017 -1.517723
2290000 3.569152 -2.205787 -1.337724
2300000 3.335580 -2.067609 -1.346841
2310000 4.095422 -2.163497 -1.376759
2320000 4.248280 -1.957350 -1.303479
2330000 3.658384 -2.061512 -1.498782
2340000 3.077863 -2.027286 -1.422623
2350000 3.099147 -2.072864 -1.396579
2360000 3.751805 -2.076657 -1.405332
2370000 2.649900 -2.152329 -1.377501
2380000 2.164787 -2.139037 -1.474808
2390000 2.409777 -2.022467 -1.394716
2400000 2.759102 -2.200966 -1.313612
2410000 2.699016 -2.145855 -1.461552
2420000 2.347288 -2.037331 -1.141923
2430000 3.279206 -2.113220 -1.334734
2440000 4.388282 -2.183981 -1.461686
2450000 5.031352 -2.184831 -1.482447
2460000 4.743739 -2.066060 -1.450310
2470000 4.339706 -2.078605 -1.392472
2480000 4.068968 -2.078241 -1.481103
2490000 4.982225 -2.111585 -1.389348
2500000 4.446132 -2.082022 -1.336493
2510000 3.620758 -2.085944 -1.393935
2520000 3.806554 -2.131853 -1.393018
2530000 4.069936 -2.055939 -1.513572
2540000 4.597986 -2.010149 -1.442561
2550000 4.417708 -1.995038 -1.391531
2560000 3.877383 -2.080376 -1.454248
2570000 3.705632 -2.212454 -1.391118
2580000 3.297768 -2.057597 -1.376861
2590000 3.307876 -1.965910 -1.400809
2600000 3.127121 -2.201798 -1.372333
2610000 3.846293 -2.151277 -1.351735
2620000 3.947529 -2.225080 -1.441435
2630000 4.663999 -2.047893 -1.364700
2640000 4.158611 -1.982618 -1.299694
2650000 2.972573 -2.212688 -1.334793
2660000 2.615495 -2.181265 -1.518509
2670000 2.073893 -2.161596 -1.438356
2680000 2.314861 -2.067147 -1.279340
2690000 1.608126 -2.159164 -1.414087
2700000 1.642759 -2.062472 -1.346436
2710000 2.249410 -2.188435 -1.500376
2720000 2.220454 -2.025352 -1.419125
2730000 1.343363 -2.268138 -1.404030
2740000 1.808897 -2.254209 -1.350960
2750000 2.177806 -2.071893 -1.376880
2760000 2.431337 -2.105103 -1.540994
2770000 2.555515 -2.130463 -1.253956
2780000 1.550959 -2.062801 -1.453255
2790000 1.260937 -2.243354 -1.362993
2800000 0.993187 -2.073306 -1.407497
2810000 0.974074 -2.080217 -1.340844
2820000 1.019839 -2.161283 -1.323687
2830000 1.178188 -2.023319 -1.420625
2840000 1.195643 -2.020776 -1.413221
2850000 1.142759 -1.867213 -1.345722
2860000 1.313589 -2.178298 -1.280310
2870000 1.283901 -2.132511 -1.384066
2880000 0.847769 -2.093036 -1.415031
2890000 0.763611 -2.097448 -1.317264
2900000 0.941150 -2.155706 -1.428049
2910000 1.230705 -2.144863 -1.396462
2920000 1.444123 -2.111850 -1.463457
2930000 1.386440 -2.149299 -1.346797
2940000 1.335615 -2.223224 -1.286217
2950000 1.557164 -2.064570 -1.479116
2960000 1.597056 -2.091882 -1.229800
2970000 1.386832 -2.110626 -1.307437
2980000 1.289663 -2.075800 -1.384288
2990000 1.316730 -2.118735 -1.437779
3000000 1.960861 -2.078155 -1.407346
3010000 2.771685 -2.112196 -1.404948
3020000 2.797697 -2.183420 -1.420624
3030000 3.228248 -2.117228 -1.362691
3040000 2.883851 -2.117524 -1.461608
3050000 3.895212 -2.091109 -1.391370
3060000 4.614203 -2.012854 -1.464623
3070000 4.496292 -2.067439 -1.457465
3080000 4.125754 -2.174922 -1.430212
3090000 4.148656 -2.114731 -1.561314
3100000 3.938062 -2.090687 -1.445631
3110000 3.181056 -2.087034 -1.381706
3120000 2.987593 -2.192883 -1.246368
3130000 4.242519 -2.111724 -1.354834
3140000 2.750291 -2.151708 -1.291230
3150000 2.995017 -2.092638 -1.409639
3160000 2.971084 -2.045302 -1.390375
3170000 3.216997 -2.128921 -1.294404
3180000 4.544666 -2.088836 -1.376607
3190000 4.912598 -1.873393 -1.355027
3200000 4.828123 -2.164075 -1.323139
3210000 3.716569 -2.049303 -1.468514
3220000 4.309791 -1.984032 -1.400093
3230000 4.081482 -2.048305 -1.365312
3240000 4.349444 -2.112186 -1.348820
3250000 4.459772 -2.080205 -1.449361
3260000 5.039182 -2.241654 -1.430348
3270000 5.078959 -2.137301 -1.411092
3280000 4.850815 -2.142948 -1.410323
3290000 4.492469 -2.119469 -1.301712
3300000 4.219038 -2.087821 -1.435450
3310000 3.951348 -2.141606 -1.363631
3320000 3.418881 -2.023555 -1.395703
3330000 3.315575 -2.044149 -1.428946
3340000 2.981364 -2.190330 -1.319530
3350000 2.719491 -2.216015 -1.538200
3360000 2.877581 -2.076530 -1.490122
3370000 2.753393 -2.068857 -1.497712
3380000 1.742949 -2.110608 -1.416065
3390000 2.351191 -2.140659 -1.503948
3400000 2.855960 -2.047669 -1.431740
3410000 2.493787 -2.152720 -1.417993
3420000 3.265318 -2.031015 -1.328653
3430000 3.539177 -2.121711 -1.382231
3440000 3.183307 -1.978162 -1.357413
3450000 2.888704 -2.096610 -1.262826
3460000 1.880510 -2.264362 -1.293223
3470000 1.815489 -2.068324 -1.330585
3480000 1.606883 -1.987403 -1.341463
3490000 0.502208 -2.085716 -1.439511
3500000 0.500618 -2.022269 -1.345161
3510000 0.707987 -2.041643 -1.318324
3520000 0.583062 -2.113366 -1.316011
3530000 0.487452 -2.037207 -1.555578
3540000 0.810235 -2.072158 -1.246671
3550000 0.902108 -2.178340 -1.357583
3560000 0.752595 -2.158676 -1.457241
3570000 0.720948 -2.064147 -1.461263
3580000 0.768795 -2.058145 -1.371839
3590000 0.880619 -2.038450 -1.358835
3600000 0.800952 -2.042264 -1.487082
3610000 1.067781 -1.972167 -1.290399
3620000 0.997913 -2.110858 -1.234937
3630000 0.902772 -2.118446 -1.362855
3640000 0.849678 -2.159478 -1.407063
3650000 1.005924 -2.057602 -1.483075
3660000 1.231500 -2.152086 -1.211523
3670000 0.708064 -2.066101 -1.416588
3680000 1.550911 -2.047896 -1.328253
3690000 1.564236 -2.085425 -1.383732
3700000 2.162176 -2.229766 -1.286705
3710000 1.524796 -2.061717 -1.339941
3720000 2.170905 -2.193023 -1.399502
3730000 2.448825 -2.158069 -1.437240
3740000 2.779304 -2.117578 -1.382682
3750000 2.656559 -2.156830 -1.341357
3760000 2.877190 -2.105883 -1.377191
3770000 2.157969 -2.157429 -1.420677
3780000 2.200429 -2.070422 -1.384258
3790000 2.085330 -2.087231 -1.433637
3800000 2.747727 -2.011580 -1.454891
3810000 4.012429 -1.964913 -1.394548
3820000 4.822889 -2.161005 -1.336225
3830000 4.361010 -2.085140 -1.341060
3840000 4.416829 -1.885723 -1.404133
3850000 5.035874 -2.166250 -1.462481
3860000 4.572235 -2.089737 -1.303671
3870000 3.721603 -2.004496 -1.444123
3880000 3.831551 -2.130033 -1.436254
3890000 4.251828 -2.021326 -1.424971
3900000 4.076725 -2.101063 -1.330110
3910000 3.291995 -2.166557 -1.452859
3920000 3.847280 -2.216320 -1.306848
3930000 4.469216 -1.908403 -1.446182
3940000 4.158627 -2.097735 -1.499313
3950000 3.899180 -2.019198 -1.272526
3960000 3.202943 -2.013181 -1.451657
3970000 3.496702 -1.993898 -1.434263
3980000 3.361550 -2.130844 -1.243018
3990000 3.655682 -2.199714 -1.300058
4000000 4.280988 -2.123514 -1.466296
