100000 1.012030 -2.174253 -1.955520
110000 0.715430 -2.209896 -1.987169
120000 1.282099 -2.110301 -1.923415
130000 1.082278 -2.130557 -1.980120
140000 0.722811 -2.293978 -1.949811
150000 0.837866 -2.200816 -2.003733
160000 1.660835 -2.202615 -1.924230
170000 2.699782 -2.169534 -1.969282
180000 4.156066 -2.067191 -1.995866
190000 3.303171 -2.100452 -1.893019
200000 4.312061 -2.240484 -1.683451
210000 4.060130 -2.157507 -1.997886
220000 4.692245 -2.048577 -1.904080
230000 2.774040 -2.074627 -1.942749
240000 2.473564 -2.024248 -1.864751
250000 3.433976 -2.128679 -2.055692
260000 3.677528 -2.125405 -1.953307
270000 4.080528 -2.050000 -2.003124
280000 3.238142 -2.150000 -1.984608
290000 3.937623 -2.037417 -1.914034
300000 2.158556 -2.135616 -1.951828
310000 3.316160 -2.106132 -1.839548
320000 2.551922 -2.133479 -1.956101
330000 2.832272 -2.006450 -1.918239
340000 2.135390 -2.157595 -1.925834
350000 2.103668 -2.164574 -1.935817
360000 2.281179 -2.194754 -1.802687
370000 3.919714 -2.041261 -1.973754
380000 4.797584 -2.135010 -1.895645
390000 4.957895 -2.054366 -1.830448
400000 4.929604 -2.133401 -1.925315
410000 3.984812 -1.940629 -2.029991
420000 3.428712 -1.973989 -1.863151
430000 3.617851 -2.121856 -1.898698
440000 3.519869 -2.059088 -2.074358
450000 2.801740 -2.196238 -1.865434
460000 3.309189 -2.147347 -1.918061
470000 5.019732 -2.200090 -1.979520
480000 4.525541 -2.104265 -1.845316
490000 4.177056 -2.098794 -1.922037
500000 3.435700 -1.945741 -2.030148
510000 2.841035 -2.087764 -2.002386
520000 2.201879 -2.100098 -1.986496
530000 1.501488 -2.048905 -1.967530
540000 1.227633 -2.088563 -2.041714
550000 1.902878 -2.156515 -1.888566
560000 1.524858 -2.277847 -1.936001
570000 1.227475 -2.031556 -1.958974
580000 1.101565 -2.070824 -1.846758
590000 0.683326 -2.079804 -1.989446
600000 0.641609 -2.143487 -1.959948
610000 0.898737 -2.095495 -1.841579
620000 0.994628 -2.278414 -1.841659
630000 1.685224 -2.124690 -1.809382
640000 1.864307 -2.092381 -1.841337
650000 2.266786 -1.961114 -1.918479
660000 3.523152 -2.000774 -1.863147
670000 3.686052 -2.177357 -1.933809
680000 4.910652 -1.936214 -1.928330
690000 4.534527 -2.003059 -1.778893
700000 4.359371 -2.104322 -1.918282
710000 3.603711 -1.961063 -2.007579
720000 3.661484 -2.191495 -1.900983
730000 3.581231 -2.087802 -1.964324
740000 2.772750 -2.067104 -2.037588
750000 2.436820 -2.183916 -1.879403
760000 1.846681 -2.065402 -1.896138
770000 1.855719 -2.049417 -1.827038
780000 1.916725 -2.101978 -1.995393
790000 3.057195 -2.283394 -1.821979
800000 2.608248 -2.048946 -1.957876
810000 3.367181 -2.001265 -1.839388
820000 4.543463 -2.199924 -1.905035
830000 3.853586 -2.135618 -2.050743
840000 4.429381 -2.086984 -1.861822
850000 3.149204 -2.222679 -2.067884
860000 2.521431 -2.102252 -1.958462
870000 3.760495 -2.000594 -1.883158
880000 3.768855 -2.091415 -2.007854
890000 4.204638 -2.138236 -1.944920
900000 4.503810 -2.083784 -1.969983
910000 4.721357 -2.123563 -1.914159
920000 4.125010 -2.210919 -1.851733
930000 3.517329 -2.110493 -1.877369
940000 2.126051 -2.261442 -1.879104
950000 2.512521 -2.100871 -2.020229
960000 3.298648 -2.256877 -1.953757
970000 3.776336 -2.129794 -2.017810
980000 4.094676 -2.303210 -1.944547
990000 4.222338 -2.011421 -1.925201
1000000 3.817925 -2.091270 -2.102541
1010000 4.506592 -2.122927 -2.029538
1020000 4.811226 -2.068614 -1.803810
1030000 4.681089 -2.125947 -1.864091
1040000 4.935928 -2.022732 -2.110624
1050000 4.255489 -2.048306 -1.915365
1060000 3.661930 -2.044969 -2.008087
1070000 1.541092 -2.092590 -1.863533
1080000 1.365357 -2.269966 -1.999468
1090000 1.073403 -2.168989 -1.896129
1100000 1.508219 -2.038648 -2.036092
1110000 1.416480 -2.052924 -1.985834
1120000 1.057815 -2.091934 -1.896124
1130000 0.955251 -2.138886 -1.850687
1140000 1.258597 -2.102369 -1.826499
1150000 2.001339 -2.115733 -1.839492
1160000 1.658516 -2.066734 -1.898683
1170000 2.517041 -2.202356 -1.906661
1180000 2.849483 -2.171694 -1.895165
1190000 3.888109 -2.187385 -1.895195
1200000 3.382608 -2.048043 -1.934157
1210000 3.102845 -2.112910 -1.955895
1220000 2.845523 -2.006617 -1.926529
1230000 2.135352 -2.027207 -2.079963
1240000 1.970704 -2.073054 -1.945375
1250000 2.494046 -2.131163 -1.871147
1260000 2.934663 -2.191587 -1.956876
1270000 2.265627 -1.957804 -1.912184
1280000 2.113183 -1.986043 -2.124826
1290000 1.597753 -2.091385 -2.093309
1300000 2.029376 -2.193629 -2.083143
1310000 3.042100 -2.013303 -1.790005
1320000 3.705308 -2.290144 -2.017806
1330000 3.947254 -2.212493 -1.816881
1340000 4.609996 -2.083743 -1.887992
1350000 3.426253 -2.166414 -1.845793
1360000 4.983278 -2.072494 -1.985975
1370000 4.792454 -2.126184 -1.815219
1380000 4.743146 -2.044173 -1.863953
1390000 3.960691 -2.031130 -1.918715
1400000 3.762734 -2.130370 -1.845047
1410000 4.853431 -2.024370 -2.022478
1420000 5.035080 -2.219268 -1.937290
1430000 5.023392 -2.123756 -1.808292
1440000 5.033494 -2.159031 -1.968039
1450000 4.346634 -2.024521 -1.908461
1460000 3.075947 -2.125888 -1.893504
1470000 3.143845 -2.133545 -1.902965
1480000 2.524993 -1.959428 -1.906653
1490000 2.496539 -2.127955 -1.906967
1500000 2.201472 -2.030382 -2.043708
1510000 1.623615 -2.064166 -1.851883
1520000 1.682140 -2.094197 -1.943781
1530000 1.594288 -2.240671 -1.963491
1540000 1.844237 -2.140131 -1.860734
1550000 1.136029 -2.140963 -1.924071
1560000 0.776527 -2.206407 -1.984218
1570000 0.565615 -2.208121 -1.943833
1580000 0.589082 -2.194401 -1.928420
1590000 0.642297 -2.014083 -1.873578
1600000 0.992726 -2.038565 -1.858963
1610000 0.878598 -2.037506 -1.780592
1620000 0.801061 -2.155964 -1.951439
1630000 0.848538 -2.151264 -1.998468
1640000 1.201870 -2.033210 -1.954170
1650000 1.345174 -2.156887 -1.831264
1660000 1.421130 -2.040228 -1.943313
1670000 1.473895 -2.072288 -2.032656
1680000 1.814833 -1.879902 -1.846539
1690000 2.322461 -2.147366 -1.996139
1700000 2.909658 -1.949252 -1.865466
1710000 3.718684 -2.133274 -1.927721
1720000 4.592423 -2.082444 -1.871318
1730000 3.779388 -2.140535 -1.833477
1740000 3.877656 -2.089572 -2.000529
1750000 3.127387 -2.200681 -1.820808
1760000 3.246033 -2.090012 -2.004403
1770000 2.971124 -2.192594 -1.862037
1780000 2.891271 -2.241639 -2.000445
1790000 2.411122 -2.052685 -1.916822
1800000 1.901978 -2.055477 -1.765092
1810000 1.504064 -2.129607 -1.861959
1820000 1.867500 -2.111933 -2.016578
1830000 1.534304 -2.143368 -1.860227
1840000 2.325987 -2.180157 -1.961565
1850000 4.461730 -2.043357 -1.901452
1860000 4.997949 -2.067452 -1.979808
1870000 4.553932 -2.082257 -1.970798
1880000 4.730380 -1.961200 -1.893442
1890000 4.999365 -2.125640 -1.945704
1900000 4.298792 -2.133635 -1.893369
1910000 3.848620 -2.031212 -1.834766
1920000 3.348894 -2.109050 -1.936188
1930000 2.620492 -2.179673 -1.855782
1940000 2.830476 -2.018855 -1.878146
1950000 3.136218 -2.112700 -1.907802
1960000 4.938333 -2.096079 -1.807552
1970000 5.106928 -2.125459 -2.019107
1980000 4.371151 -1.978023 -1.991330
1990000 4.095099 -2.159076 -2.078154
2000000 3.741820 -2.171818 -1.969617
2010000 3.088526 -2.080349 -2.005756
2020000 2.400467 -2.188065 -1.873344
2030000 2.429766 -2.130743 -1.941000
2040000 1.839422 -2.181982 -1.999341
2050000 2.395491 -2.217171 -1.905059
2060000 2.137074 -2.076738 -1.857957
2070000 3.449616 -2.190618 -2.039636
2080000 3.976144 -2.174185 -1.963974
2090000 4.223320 -2.062235 -1.858800
2100000 4.497528 -2.133229 -1.882434
2110000 3.941406 -2.163341 -1.968515
2120000 3.354438 -2.066824 -2.012028
2130000 3.344291 -2.068651 -1.816321
2140000 2.692485 -2.269999 -1.823723
2150000 2.701095 -2.061535 -1.937056
2160000 2.678560 -2.108898 -1.916538
2170000 3.582441 -2.061001 -1.823395
2180000 4.425109 -2.116706 -1.936935
2190000 3.339977 -2.108525 -1.855476
2200000 3.048495 -2.035087 -1.947395
2210000 2.356582 -2.140217 -1.932235
2220000 2.850479 -2.064840 -1.911411
2230000 4.568469 -2.129764 -1.904489
2240000 4.239509 -2.148519 -1.890424
2250000 4.597288 -2.172863 -1.816440
2260000 4.735225 -2.090161 -2.072477
2270000 3.832089 -2.012906 -1.863104
2280000 3.492090 -2.046296 -1.861094
2290000 3.339372 -2.061880 -1.822113
2300000 3.972636 -2.079771 -1.976249
2310000 4.510245 -2.130639 -1.969315
2320000 4.724269 -2.123876 -1.956662
2330000 4.735166 -2.053240 -1.956206
2340000 4.408711 -2.175046 -2.011737
2350000 4.834445 -2.088367 -1.956512
2360000 4.865813 -2.080631 -1.850462
2370000 3.619551 -2.087263 -1.900159
2380000 3.828140 -2.091790 -1.920862
2390000 4.742006 -2.028072 -1.855294
2400000 4.714923 -2.081402 -2.038845
2410000 3.456015 -2.146061 -1.903410
2420000 2.661289 -2.023162 -1.961606
2430000 2.037283 -2.181238 -1.924144
2440000 1.948179 -2.083701 -1.930735
2450000 1.955034 -2.141391 -1.792219
2460000 2.236894 -1.895899 -1.926450
2470000 2.110276 -2.060652 -1.937936
2480000 1.728668 -2.084338 -2.018074
2490000 2.077390 -2.205142 -1.846200
2500000 0.952085 -2.009793 -2.035424
2510000 0.915392 -2.166211 -1.941971
2520000 0.798602 -2.245045 -2.028090
2530000 0.502858 -2.298025 -1.991571
2540000 0.758634 -2.047046 -1.965468
2550000 0.773599 -2.171013 -1.996307
2560000 0.925087 -2.004259 -1.958491
2570000 1.115517 -2.018632 -1.754955
2580000 1.227784 -2.146691 -1.867838
2590000 1.336249 -2.076543 -1.952761
2600000 1.860606 -2.194059 -1.878698
2610000 1.587333 -2.040486 -1.910104
2620000 1.601413 -2.031631 -1.896699
2630000 1.831576 -2.143743 -1.843935
2640000 1.463683 -1.953631 -1.972190
2650000 1.202989 -2.183157 -2.009599
2660000 1.025933 -2.039019 -1.816378
2670000 1.327190 -2.088107 -1.873311
2680000 1.179908 -2.049139 -1.992954
2690000 1.026172 -2.168383 -1.975325
2700000 0.884412 -2.106695 -1.790851
2710000 0.968388 -2.071800 -1.995971
2720000 0.801853 -2.234137 -1.809276
2730000 0.957432 -2.128541 -1.812022
2740000 1.146671 -2.014869 -1.856757
2750000 1.156760 -2.057213 -1.831065
2760000 0.503005 -2.139645 -1.834944
2770000 0.779289 -2.157546 -1.864470
2780000 0.496995 -2.243135 -1.917571
2790000 0.683186 -2.005047 -1.854004
2800000 0.910257 -2.208120 -1.903934
2810000 0.903623 -2.211493 -2.006659
2820000 1.190441 -2.215734 -1.914836
2830000 1.769764 -2.080156 -1.921618
2840000 2.676229 -2.130592 -1.850566
2850000 3.125261 -2.061372 -2.024357
2860000 2.971505 -2.154810 -1.756324
2870000 3.043795 -2.060822 -2.020202
2880000 2.660738 -2.069101 -1.877026
2890000 2.495788 -2.039527 -1.869353
2900000 2.152959 -2.121454 -1.917939
2910000 2.298534 -2.053896 -1.877467
2920000 2.343001 -2.098745 -2.009850
2930000 2.965717 -2.176581 -1.876690
2940000 2.482242 -2.179371 -1.879071
2950000 3.127552 -2.002608 -1.947858
2960000 3.510656 -2.162735 -1.835812
2970000 3.644126 -2.112661 -2.000303
2980000 4.242982 -1.979766 -1.912677
2990000 3.386985 -2.151674 -1.861889
3000000 2.862852 -2.117472 -1.874958
3010000 3.602404 -2.009629 -1.835066
3020000 4.295701 -2.246448 -1.904687
3030000 3.956675 -2.166473 -1.907948
3040000 4.622966 -2.138102 -1.914550
3050000 4.730744 -2.093439 -1.872707
3060000 4.061276 -2.219910 -1.938597
3070000 2.977239 -2.153186 -1.824038
3080000 2.808817 -2.189949 -1.898217
3090000 2.227406 -2.027034 -1.802611
3100000 2.983244 -2.218620 -1.916987
3110000 2.020793 -2.263035 -1.887219
3120000 1.701994 -2.074173 -1.963376
3130000 1.484821 -2.194393 -1.977225
3140000 1.922803 -2.095096 -1.846600
3150000 1.972370 -2.204010 -1.920931
3160000 2.202920 -2.040521 -1.823041
3170000 1.465624 -2.063253 -1.876492
3180000 1.435858 -2.184261 -1.880940
3190000 1.861701 -2.157013 -1.853092
3200000 1.999012 -2.098578 -1.837167
3210000 2.091009 -2.127535 -1.696690
3220000 1.736757 -2.104269 -1.911256
3230000 1.331847 -1.972488 -2.035309
3240000 1.573234 -2.180596 -1.828950
3250000 1.211314 -2.116233 -1.858346
3260000 1.154774 -2.148733 -1.829456
3270000 1.054051 -2.176826 -1.907284
3280000 1.021591 -2.268123 -1.963761
3290000 1.166411 -2.015032 -1.855981
3300000 1.373834 -2.042931 -1.842526
3310000 0.952426 -2.111843 -1.884345
3320000 0.755505 -2.088436 -1.887289
3330000 0.703870 -2.141476 -1.955273
3340000 0.876086 -2.142815 -1.833711
3350000 0.792866 -2.125201 -1.882002
3360000 0.793281 -2.062158 -1.740700
3370000 0.590386 -2.100106 -1.934932
3380000 0.505009 -2.249256 -1.875827
3390000 0.494914 -2.226192 -1.819066
3400000 0.882126 -2.087986 -1.856112
3410000 0.900056 -2.149254 -1.797704
3420000 0.737592 -2.256584 -2.016855
3430000 1.314244 -1.945274 -1.805347
3440000 1.382321 -2.207042 -2.067171
3450000 1.382282 -2.109387 -1.963677
3460000 1.868197 -2.134273 -1.966584
3470000 2.472243 -2.051214 -1.930345
3480000 2.535492 -2.043663 -1.753667
3490000 2.695318 -2.163961 -1.910426
3500000 3.167353 -2.025337 -1.889866
3510000 3.532871 -2.039357 -1.890000
3520000 3.660547 -2.093978 -1.978530
3530000 3.547992 -2.146052 -1.928105
3540000 3.944377 -2.184446 -1.878172
3550000 4.554134 -2.113839 -1.799614
3560000 4.660734 -2.121261 -1.879649
3570000 4.303319 -2.036395 -2.045543
3580000 4.180881 -2.104673 -1.912209
3590000 3.751159 -2.068109 -1.844655
3600000 5.047299 -2.039128 -2.075301
3610000 4.815026 -2.193971 -1.924719
3620000 5.052432 -2.062446 -1.880730
3630000 4.103676 -2.231160 -1.948204
3640000 4.230087 -2.016097 -1.940062
3650000 3.415171 -2.073273 -1.951030
3660000 3.203719 -2.127645 -1.949216
3670000 2.691387 -2.093461 -1.907308
3680000 3.622776 -2.163974 -1.915253
3690000 3.424634 -2.032514 -1.984435
3700000 2.821140 -1.996086 -2.006573
3710000 3.365026 -2.102896 -1.801233
3720000 3.718071 -1.967312 -1.914906
3730000 4.758876 -2.072030 -1.936779
3740000 4.642906 -2.010240 -1.953423
3750000 4.283476 -2.099582 -1.967943
3760000 4.162184 -2.321489 -1.881627
3770000 4.162096 -2.077320 -2.049408
3780000 4.260288 -2.130587 -1.932101
3790000 4.923684 -2.142791 -1.895398
3800000 2.825905 -2.101175 -1.913568
3810000 2.438883 -2.023275 -1.854657
3820000 2.188549 -1.976420 -1.991717
3830000 2.094080 -2.059121 -1.861187
3840000 2.280576 -1.970243 -1.938927
3850000 1.994618 -2.201194 -1.807667
3860000 1.995422 -2.158127 -2.079973
3870000 2.260099 -2.179858 -2.072760
3880000 2.568080 -2.079827 -1.968326
3890000 2.184820 -2.073081 -1.996311
3900000 3.025779 -1.952240 -1.895500
3910000 3.566856 -2.115861 -1.903639
3920000 3.425780 -2.106831 -1.922152
3930000 3.452813 -2.030010 -1.975269
3940000 2.975427 -2.185563 -1.895937
3950000 2.723619 -2.151783 -1.929288
3960000 2.455603 -1.989157 -1.809685
3970000 3.107122 -1.983077 -1.977700
3980000 3.942706 -1.992576 -1.873829
3990000 4.529334 -2.037065 -1.930075
4000000 4.147218 -2.056904 -1.991872
