100000 3.025810 -2.168187 -2.302966
110000 1.870222 -2.103347 -2.283620
120000 1.403544 -2.060383 -2.323966
130000 0.841675 -2.116928 -2.257767
140000 1.479967 -1.949110 -2.253968
150000 2.119595 -2.049534 -2.268239
160000 1.842694 -1.994651 -2.237652
170000 2.879352 -2.026178 -2.245361
180000 4.276083 -2.072156 -2.336907
190000 2.317133 -2.020306 -2.358263
200000 2.283521 -2.014825 -2.254086
210000 2.430692 -2.075254 -2.245273
220000 3.637492 -2.107638 -2.300014
230000 3.390504 -2.064184 -2.378775
240000 2.980820 -2.246603 -2.278313
250000 2.868365 -1.978336 -2.224339
260000 2.162565 -2.035415 -2.266421
270000 1.039568 -2.176022 -2.276076
280000 0.901922 -2.054003 -2.290547
290000 1.025648 -2.025710 -2.369413
300000 1.416600 -2.133233 -2.227549
310000 1.792400 -2.098757 -2.279379
320000 1.687898 -2.119028 -2.156122
330000 2.390068 -2.173088 -2.263558
340000 2.510249 -2.177914 -2.291632
350000 3.794063 -2.115912 -2.234468
360000 4.451397 -2.007724 -2.268550
370000 4.504706 -2.145158 -2.213716
380000 5.038860 -2.100518 -2.264487
390000 4.186257 -2.237610 -2.314455
400000 3.732899 -2.099468 -2.446773
410000 2.999966 -2.116498 -2.256011
420000 2.316355 -2.163752 -2.265525
430000 2.026821 -1.885591 -2.302093
440000 1.618637 -2.112168 -2.421769
450000 3.551894 -2.042058 -2.252490
460000 3.987014 -2.026858 -2.358258
470000 4.396380 -2.035648 -2.241100
480000 4.391076 -1.963028 -2.218230
490000 4.084875 -2.036767 -2.205048
500000 4.519996 -2.067325 -2.217582
510000 4.971622 -2.205543 -2.258344
520000 3.791240 -2.142023 -2.246209
530000 2.998923 -2.118770 -2.231434
540000 2.432545 -2.068908 -2.301917
550000 2.851239 -2.114883 -2.395237
560000 3.493022 -2.196417 -2.245462
570000 4.124236 -2.056295 -2.218398
580000 4.359308 -2.015108 -2.276504
590000 4.154177 -2.054460 -2.286730
600000 3.377547 -2.092763 -2.249159
610000 3.448011 -2.162555 -2.305688
620000 2.287473 -2.178023 -2.114652
630000 0.877475 -2.051201 -2.318435
640000 0.852422 -2.079653 -2.138040
650000 0.979156 -2.080985 -2.252838
660000 1.262314 -2.146253 -2.358453
670000 1.281260 -2.145670 -2.403191
680000 0.662300 -2.072446 -2.235058
690000 0.862576 -2.093000 -2.299758
700000 1.025271 -1.975055 -2.403393
710000 0.663210 -2.170752 -2.246332
720000 0.699339 -2.048038 -2.285491
730000 0.707011 -2.089593 -2.183384
740000 1.345717 -2.009007 -2.157010
750000 1.606784 -2.098131 -2.255980
760000 1.853530 -2.105950 -2.383464
770000 1.640545 -2.056570 -2.187996
780000 2.329651 -2.116906 -2.269966
790000 2.295340 -2.083979 -2.263059
800000 3.249853 -2.041074 -2.368951
810000 2.644984 -2.106293 -2.370810
820000 3.394471 -2.100201 -2.353681
830000 3.576204 -2.055854 -2.368450
840000 4.606066 -2.078531 -2.216028
850000 3.899563 -2.147308 -2.207843
860000 3.429166 -2.037471 -2.240367
870000 3.805041 -2.100195 -2.373718
880000 4.351014 -2.029149 -2.184661
890000 3.487872 -2.151904 -2.105437
900000 2.205395 -2.098224 -2.277073
910000 1.705845 -2.195379 -2.174096
920000 1.354989 -2.058921 -2.350190
930000 1.412998 -2.086268 -2.064664
940000 1.797031 -2.211080 -2.136518
950000 2.838529 -2.230677 -2.105142
960000 2.979610 -1.993800 -2.389083
970000 4.306887 -2.141742 -2.177377
980000 3.517792 -2.012346 -2.103621
990000 2.357402 -2.051120 -2.355185
1000000 3.010531 -1.923893 -2.140542
1010000 4.683221 -2.152332 -2.147442
1020000 4.762914 -2.071066 -2.266284
