100000 0.764079 -2.094819 -3.017070
110000 1.064854 -2.084839 -3.100146
120000 0.690453 -2.052996 -2.997255
130000 1.817943 -2.056781 -2.992266
140000 2.142612 -2.103938 -2.867619
150000 4.675408 -2.010153 -2.991057
160000 3.778591 -2.005757 -3.086528
170000 3.837313 -2.186871 -2.931867
180000 3.544003 -2.003300 -3.055675
190000 3.360410 -2.050857 -3.016471
200000 4.418278 -2.044738 -2.979738
210000 3.759208 -2.045322 -2.988158
220000 2.444433 -2.073786 -2.880445
230000 3.392625 -2.093978 -3.006513
240000 3.891635 -2.105657 -2.999544
250000 4.274705 -2.134243 -2.980065
260000 2.859892 -2.231394 -2.925465
270000 3.724906 -2.068776 -2.903730
280000 3.811402 -2.232447 -2.853063
290000 1.541652 -2.165436 -2.901555
300000 1.197842 -2.124021 -2.914626
310000 1.299763 -2.020209 -2.908696
320000 0.967805 -2.042616 -2.977237
330000 1.740951 -2.044166 -2.881258
340000 2.492062 -2.015241 -2.864064
350000 1.925669 -2.064365 -2.898134
360000 1.343463 -2.228574 -2.891037
370000 1.525638 -2.111119 -2.960696
380000 2.471523 -2.088659 -2.961319
390000 2.943965 -2.061964 -2.976375
400000 4.236387 -2.159011 -2.940213
410000 3.118990 -2.125418 -3.018263
420000 4.871934 -2.090970 -2.973402
430000 4.991827 -2.166432 -2.948577
440000 3.983657 -2.156137 -2.961039
450000 3.228819 -2.119800 -3.024091
460000 4.087190 -2.192851 -3.016064
470000 2.550735 -2.199669 -2.997425
480000 1.999322 -2.111353 -2.992731
490000 1.867705 -2.312617 -2.939135
500000 2.399078 -2.140061 -3.122215
510000 2.413617 -2.111858 -2.900304
520000 2.586147 -2.006228 -2.928997
530000 2.454377 -2.162942 -2.937714
540000 0.665802 -2.178253 -2.971054
550000 0.900960 -2.033476 -2.825710
560000 0.953396 -2.025944 -2.966774
570000 1.195065 -2.126281 -2.865045
580000 0.765777 -2.125494 -2.994576
590000 0.873177 -2.003356 -2.893865
600000 1.529673 -2.277439 -2.806002
610000 1.197297 -2.224177 -2.954874
620000 1.206452 -2.118266 -2.950655
630000 1.033168 -2.177032 -2.988454
640000 0.776520 -2.049707 -2.963188
650000 0.727058 -2.158360 -2.993815
660000 1.113014 -2.038939 -2.941856
670000 1.758737 -2.057022 -2.756984
680000 3.845445 -1.976628 -2.914688
690000 4.589702 -2.160540 -2.947977
700000 3.631526 -1.986886 -2.945054
710000 4.734680 -2.025000 -2.973498
720000 4.897152 -2.053947 -2.820400
730000 4.219752 -1.994311 -2.903465
740000 2.922467 -2.150369 -2.916266
750000 3.782215 -2.162931 -2.909762
760000 3.489246 -2.184642 -2.946348
770000 3.158850 -2.211614 -2.986321
780000 2.676236 -2.266736 -2.861920
790000 2.627788 -2.205424 -3.005963
800000 2.352168 -2.002773 -2.971918
810000 1.649957 -2.165200 -2.938066
820000 1.987612 -2.117366 -2.835243
830000 2.877034 -1.989178 -2.968456
840000 3.351259 -2.040184 -2.986426
850000 3.965810 -2.156745 -2.957198
860000 3.860110 -2.187483 -3.056059
870000 4.411407 -2.115986 -2.845598
880000 5.011847 -2.002942 -2.991545
890000 4.909867 -2.144632 -2.914142
900000 3.782652 -2.064656 -2.888927
910000 2.728719 -2.121228 -3.070498
920000 2.582846 -2.096614 -2.972035
930000 2.534809 -2.079420 -2.973020
940000 1.934426 -2.119961 -3.021702
950000 2.639609 -2.075243 -2.861078
960000 3.550191 -2.104367 -2.938800
970000 3.877303 -2.154825 -3.009417
980000 3.437358 -2.011356 -2.883291
990000 3.114215 -2.110141 -2.913963
1000000 3.815370 -2.062283 -3.036698
1010000 4.353564 -2.245382 -2.885718
1020000 4.016237 -2.109466 -2.987885
1030000 4.582958 -2.019125 -2.888195
1040000 4.012857 -2.113328 -2.720205
1050000 4.772634 -2.126250 -3.048668
1060000 4.324749 -2.076677 -2.980251
1070000 5.055785 -2.131424 -2.957047
1080000 3.276092 -2.162063 -3.024225
1090000 2.796843 -2.173649 -2.997094
1100000 1.571772 -2.060015 -2.974946
1110000 1.854604 -1.995838 -2.940096
1120000 1.277564 -2.177977 -2.917237
1130000 1.381599 -2.079380 -2.971621
1140000 1.556578 -2.193637 -3.022851
1150000 1.701676 -2.081525 -3.067304
1160000 1.468058 -2.101353 -2.960861
1170000 1.905739 -2.227761 -3.020563
1180000 2.196565 -2.123740 -2.915701
1190000 2.270701 -2.136613 -3.060921
1200000 1.871849 -2.055862 -2.869882
1210000 1.733446 -2.172568 -2.974191
1220000 1.082044 -2.088749 -2.958904
1230000 1.291868 -2.139610 -2.956229
1240000 1.329814 -2.034281 -2.921767
1250000 1.593837 -2.055847 -2.999549
1260000 2.663520 -2.091530 -2.972925
1270000 2.990141 -2.173227 -2.829430
1280000 3.260492 -2.048766 -2.970543
1290000 3.700086 -2.099884 -2.986320
1300000 3.894577 -2.148800 -2.994626
1310000 3.087215 -2.298377 -2.966799
1320000 4.500557 -2.146116 -2.955529
1330000 4.166758 -1.942951 -2.891445
1340000 4.105371 -2.130902 -2.965924
1350000 4.176126 -2.211785 -2.930201
1360000 3.831659 -2.054996 -2.904517
1370000 4.985318 -2.175421 -3.006739
1380000 4.284550 -2.106062 -2.978741
1390000 4.590375 -2.212273 -2.992744
1400000 3.775650 -2.011406 -2.922830
1410000 3.052229 -2.042965 -2.970487
1420000 2.468863 -2.055168 -2.975894
1430000 2.642382 -2.061515 -3.013147
1440000 3.665723 -2.063787 -2.983268
1450000 2.952536 -2.153996 -2.976635
1460000 3.914204 -2.118454 -2.796497
1470000 2.981443 -2.063021 -2.856083
1480000 3.157102 -2.188298 -3.016649
1490000 2.257198 -2.145727 -3.072432
1500000 2.767004 -2.042167 -2.995135
1510000 2.298014 -2.217768 -2.840306
1520000 2.013583 -2.121620 -3.051659
1530000 1.880800 -2.220789 -2.849066
1540000 1.685567 -2.191614 -2.849035
1550000 2.429300 -2.113345 -2.934838
1560000 2.529430 -2.031773 -2.960525
1570000 2.586223 -2.188539 -2.849941
1580000 2.782255 -2.162852 -2.927401
1590000 3.383547 -2.153912 -2.882373
1600000 4.562655 -2.230703 -2.947225
1610000 4.960196 -2.072281 -2.843816
1620000 4.352767 -1.999719 -3.026187
1630000 4.431088 -2.098086 -2.833537
1640000 4.203433 -2.099975 -2.924282
1650000 3.307046 -2.241351 -3.079779
1660000 2.771447 -2.129094 -2.981962
1670000 4.096631 -2.134999 -2.944046
1680000 4.677210 -1.994051 -2.995065
1690000 4.865635 -2.061058 -2.856607
1700000 4.592947 -2.039058 -2.887472
1710000 5.060386 -1.944377 -2.975079
1720000 4.791525 -2.044543 -2.988758
1730000 4.523855 -2.219115 -2.956978
1740000 5.014865 -2.082473 -3.022014
1750000 3.546867 -2.042655 -3.001665
1760000 3.013769 -1.939666 -3.080840
1770000 2.613935 -2.192080 -3.053290
1780000 2.935514 -2.010105 -3.051893
1790000 2.445024 -2.161720 -2.974214
1800000 3.405297 -2.073964 -2.900038
1810000 4.019176 -2.028642 -2.836040
1820000 4.298997 -2.161526 -2.995004
1830000 3.814144 -2.086069 -2.943943
1840000 4.255853 -2.120897 -2.840895
1850000 4.249260 -2.167232 -2.894801
1860000 2.992200 -2.097873 -2.998946
1870000 3.100513 -2.075471 -3.016578
1880000 3.058367 -2.067610 -3.104180
1890000 2.254171 -2.057236 -2.980660
1900000 1.578056 -2.150040 -2.894323
1910000 1.358567 -2.112093 -2.855652
1920000 0.499315 -2.169993 -3.041739
1930000 0.728051 -2.002748 -3.004863
1940000 0.709710 -2.042229 -3.007979
1950000 0.846991 -2.023512 -3.045223
1960000 0.546668 -2.148340 -3.028612
1970000 0.861897 -2.060224 -3.010120
1980000 0.999715 -2.101010 -2.890984
1990000 1.083526 -2.035071 -3.038540
2000000 1.124850 -2.081159 -2.920167
2010000 1.185338 -2.081502 -3.038514
2020000 1.122746 -2.097301 -2.917633
2030000 1.110757 -2.117149 -2.904995
2040000 0.973106 -2.109980 -2.966165
2050000 0.779461 -2.128025 -3.003868
2060000 0.679798 -2.118404 -2.988759
2070000 0.631346 -2.173794 -3.027377
2080000 0.826322 -2.058454 -3.000351
2090000 1.203950 -2.154596 -2.961866
2100000 0.829604 -2.096250 -3.074923
2110000 0.500188 -2.107897 -3.067558
2120000 0.586707 -2.024039 -2.948237
2130000 0.623244 -2.113319 -2.966230
2140000 1.435623 -2.166876 -2.993322
2150000 1.556937 -2.160521 -2.935467
2160000 2.133931 -2.079390 -2.916669
2170000 1.998737 -2.060308 -3.049417
2180000 2.322572 -2.123563 -2.885438
2190000 2.796540 -2.026613 -2.982299
2200000 3.099160 -1.949749 -2.787282
2210000 3.020864 -2.020611 -3.068405
2220000 2.574781 -2.125998 -2.856742
2230000 2.316779 -2.098268 -2.938184
2240000 1.883037 -1.999059 -2.926796
2250000 1.500688 -1.989776 -2.852579
2260000 1.278574 -1.997245 -2.968024
2270000 1.415075 -2.082210 -2.936708
2280000 1.313609 -2.101610 -2.964380
2290000 1.820070 -2.098745 -2.950726
2300000 1.583629 -2.050415 -2.985625
2310000 2.176525 -2.033043 -2.960881
2320000 1.706256 -2.066981 -2.885278
2330000 2.260589 -2.091607 -2.993834
2340000 2.481330 -2.028855 -2.985599
2350000 3.458732 -2.108180 -3.007290
2360000 3.566873 -2.138410 -2.900011
2370000 3.072671 -1.991804 -3.120502
2380000 2.826796 -1.989142 -3.030546
2390000 2.575695 -1.935529 -3.045951
2400000 2.180620 -2.093404 -3.034900
2410000 2.807131 -2.117520 -3.045828
2420000 3.699410 -2.114503 -2.859000
2430000 4.744219 -2.001808 -2.823083
2440000 4.718473 -2.065361 -3.021159
2450000 4.563211 -2.136852 -2.978268
2460000 3.638097 -1.993476 -2.927514
2470000 3.070303 -1.996895 -3.057703
2480000 3.568647 -1.947938 -2.917621
2490000 3.880922 -2.064372 -2.788403
2500000 4.854849 -2.151066 -2.866615
2510000 4.873810 -2.022872 -3.120907
2520000 4.610852 -2.073675 -2.977708
2530000 4.515229 -1.999131 -2.953421
2540000 4.232064 -2.233909 -2.912292
2550000 3.510166 -2.004923 -2.954151
2560000 3.655133 -2.128310 -2.849933
2570000 4.312263 -2.198925 -2.935433
2580000 4.502976 -2.209205 -2.878359
2590000 5.061630 -2.005041 -2.925784
2600000 4.738496 -2.084375 -2.985364
2610000 4.935450 -2.163303 -2.934475
2620000 3.536488 -2.160543 -3.019051
2630000 3.255669 -2.035524 -2.984856
2640000 3.528683 -2.152995 -2.906301
2650000 2.612710 -2.091067 -2.973308
2660000 2.906049 -2.047568 -2.971424
2670000 2.102030 -2.019994 -2.953960
2680000 2.169549 -1.985355 -2.977721
2690000 2.875436 -2.049563 -3.116768
2700000 2.981308 -2.076514 -3.030287
2710000 3.353808 -2.112814 -2.994839
2720000 3.958450 -2.049185 -3.012887
2730000 4.448218 -2.047001 -2.961074
2740000 4.613351 -2.051333 -3.086499
2750000 4.404756 -2.094851 -2.970153
2760000 3.991484 -2.108014 -2.943504
2770000 2.789634 -2.054241 -3.010029
2780000 2.106520 -2.084291 -3.061195
2790000 2.167385 -2.034884 -3.025266
2800000 1.480194 -1.977989 -3.034949
2810000 1.060793 -1.970280 -3.010189
2820000 0.929311 -2.152896 -3.046544
2830000 0.869900 -2.080369 -2.943606
2840000 1.173514 -2.016850 -2.881337
2850000 1.394888 -2.084169 -3.010951
2860000 1.081856 -2.028910 -3.000539
2870000 1.397852 -2.052522 -3.026887
2880000 1.393260 -1.983336 -2.985996
2890000 1.330044 -2.172316 -3.070524
2900000 1.473071 -2.070742 -2.935720
2910000 1.248761 -2.086716 -3.002871
2920000 1.453384 -2.155185 -3.037146
2930000 1.070764 -2.193610 -3.023569
2940000 1.037500 -2.168329 -2.955329
2950000 0.753683 -2.127361 -3.095651
2960000 0.825610 -2.151272 -3.031269
2970000 0.724752 -2.142538 -2.997895
2980000 0.722590 -2.067850 -2.829520
2990000 0.835725 -1.963244 -2.899816
3000000 0.948008 -1.987319 -2.928220
3010000 0.922855 -2.110312 -2.950541
3020000 0.908804 -2.043402 -2.985444
3030000 1.057793 -2.056282 -2.862778
3040000 1.120626 -2.109311 -2.992774
3050000 1.201850 -2.147758 -2.949245
3060000 1.566499 -2.126763 -2.946662
3070000 1.826949 -2.172009 -3.084759
3080000 2.205081 -2.056746 -3.003876
3090000 2.373046 -2.113618 -2.920765
3100000 2.658544 -1.954824 -3.060124
3110000 3.133797 -2.192464 -2.998821
3120000 3.405452 -2.107063 -2.953244
3130000 3.749192 -2.080764 -2.954117
3140000 3.427230 -2.149490 -3.023444
3150000 4.155340 -1.981718 -2.899130
3160000 4.868350 -2.077803 -2.872762
3170000 4.516669 -2.052860 -2.882772
3180000 5.052996 -1.937911 -2.934564
3190000 4.797682 -2.122745 -2.954935
3200000 4.342971 -2.026062 -2.967587
3210000 3.678296 -2.295748 -2.934612
3220000 4.182555 -2.010646 -2.980269
3230000 3.776754 -2.193967 -2.943432
3240000 3.387733 -2.025439 -2.990441
3250000 3.116168 -2.081517 -2.966920
3260000 3.781244 -2.043992 -2.932595
3270000 3.579770 -2.209736 -2.912216
3280000 4.082108 -2.195744 -3.044154
3290000 5.019052 -2.166273 -2.896276
3300000 4.469027 -2.071728 -2.954489
3310000 4.567468 -2.087441 -3.030534
3320000 4.699298 -2.072707 -2.989845
3330000 4.015054 -2.127562 -2.966751
3340000 4.382679 -2.122128 -2.993255
3350000 4.532553 -2.083610 -2.885737
3360000 3.320377 -2.083389 -3.131005
3370000 3.607767 -2.010845 -3.016274
3380000 3.188522 -2.047169 -3.022970
3390000 2.668761 -2.245095 -3.101539
3400000 2.118927 -1.945508 -3.008015
3410000 2.494200 -2.065265 -2.894629
3420000 2.991697 -2.146805 -2.941793
3430000 2.765121 -2.240775 -2.954043
3440000 2.164558 -2.197681 -3.047692
3450000 2.222605 -2.138844 -2.974389
3460000 1.787479 -2.114602 -2.925176
3470000 1.807084 -2.132858 -2.919142
3480000 2.072999 -2.118937 -2.968806
3490000 2.417478 -1.963959 -2.910612
3500000 2.308699 -2.006067 -2.949505
3510000 1.939396 -2.159106 -2.898924
3520000 1.644823 -2.154166 -2.900069
3530000 1.630447 -2.065218 -2.923027
3540000 1.923599 -2.134549 -2.929449
3550000 2.760093 -2.204956 -2.926399
3560000 2.812500 -2.000542 -2.994589
3570000 3.585648 -1.952222 -3.040762
3580000 4.637035 -2.033695 -2.946093
3590000 4.032096 -2.096416 -2.929048
3600000 3.669934 -2.062211 -2.938825
3610000 4.061255 -2.102988 -2.881990
3620000 4.756517 -2.028321 -2.951602
3630000 4.763301 -2.084914 -3.008346
3640000 4.150795 -2.158400 -2.887625
3650000 2.971291 -2.215138 -2.920967
3660000 3.339335 -2.183827 -2.885064
3670000 3.087679 -2.087553 -2.874336
3680000 3.879248 -2.180818 -2.996905
3690000 3.859688 -2.326088 -2.982541
3700000 2.504284 -1.966518 -2.937036
3710000 2.674128 -2.085358 -2.989193
3720000 2.823054 -2.065703 -3.012912
3730000 2.252253 -2.088745 -3.045155
3740000 2.828498 -2.120154 -3.007720
3750000 3.996024 -2.040547 -2.941660
3760000 3.447676 -2.087451 -3.084408
3770000 3.519327 -2.170773 -3.046998
3780000 4.914466 -2.008657 -3.047987
3790000 4.869287 -2.113909 -2.988029
3800000 4.045545 -2.112415 -2.822330
3810000 4.600384 -2.041032 -2.985671
3820000 4.483593 -2.123826 -2.901833
3830000 4.178032 -1.962842 -2.912890
3840000 3.923934 -2.079506 -3.018460
3850000 3.726862 -2.159497 -2.855393
3860000 2.986859 -2.060156 -2.998740
3870000 2.587912 -2.133084 -2.981572
3880000 2.540475 -2.109309 -2.887393
3890000 1.806470 -2.024255 -2.929602
3900000 1.699465 -2.097087 -2.945437
3910000 1.500462 -1.955160 -2.939507
3920000 1.200350 -2.021692 -2.984203
3930000 1.427913 -2.085880 -3.022746
3940000 2.082098 -2.058606 -2.883324
3950000 2.200871 -2.058869 -2.824287
3960000 1.942881 -2.132446 -2.927685
3970000 1.726413 -2.162178 -2.992645
3980000 1.403199 -2.125402 -2.999445
3990000 2.016178 -2.051545 -2.958719
4000000 2.233476 -2.090381 -2.934730
