100000 2.670255 -2.325786 2.680518
110000 4.155362 -2.313088 2.572218
120000 3.227664 -2.226316 2.638445
130000 4.025530 -2.198743 2.702427
140000 3.020744 -2.195876 2.540412
150000 3.794296 -2.172491 2.618216
160000 3.793018 -2.459009 2.646255
170000 2.796302 -2.235747 2.674802
180000 3.089534 -2.224348 2.529747
190000 2.174693 -2.289613 2.701482
200000 2.768799 -2.372429 2.586456
210000 2.578666 -2.354019 2.605043
220000 3.721392 -2.205784 2.604666
230000 4.544923 -2.275604 2.646126
240000 4.089422 -2.337060 2.669179
250000 3.489331 -2.363851 2.608929
260000 3.066980 -2.249539 2.649686
270000 4.100555 -2.417145 2.478042
280000 3.930417 -2.205700 2.556202
290000 2.835416 -2.214665 2.627611
300000 2.696594 -2.211522 2.586023
310000 1.612967 -2.251547 2.671782
320000 2.011652 -2.260771 2.649502
330000 1.073462 -2.249184 2.564365
340000 0.771057 -2.303374 2.609349
350000 1.006790 -2.317136 2.458210
360000 0.987982 -2.146081 2.571732
370000 0.554256 -2.297839 2.693614
380000 1.218462 -2.074361 2.569944
390000 1.372295 -2.287170 2.551785
400000 1.632373 -2.353411 2.603158
410000 1.699689 -2.277482 2.667786
420000 1.260192 -2.197240 2.620249
430000 2.227551 -2.175828 2.567867
440000 3.028272 -2.283057 2.600055
450000 2.212432 -2.408973 2.716976
460000 3.416798 -2.260951 2.595684
470000 3.797795 -2.299683 2.521221
480000 4.839871 -2.256360 2.677473
490000 4.985224 -2.211705 2.578274
500000 4.955340 -2.338626 2.623672
510000 5.039412 -2.335911 2.691404
520000 4.985169 -2.131197 2.617436
530000 4.366709 -2.251226 2.667088
540000 3.348236 -2.324757 2.600985
550000 3.885602 -2.388156 2.611731
560000 2.585006 -2.249166 2.648976
570000 2.637149 -2.300409 2.663789
580000 2.519996 -2.119104 2.569799
590000 4.083793 -2.274794 2.568805
600000 4.554811 -2.161584 2.669270
610000 4.010440 -2.279880 2.562714
620000 3.367262 -2.258687 2.609044
630000 2.960078 -2.243925 2.508013
640000 2.338246 -2.208497 2.806984
650000 2.027551 -2.186591 2.665318
660000 1.837785 -2.215654 2.464686
670000 2.092879 -2.259569 2.593785
680000 2.347362 -2.218023 2.627314
690000 1.550191 -2.304814 2.677789
700000 1.420147 -2.210940 2.666983
710000 2.639621 -2.310775 2.731358
720000 2.832628 -2.334034 2.690470
730000 2.886485 -2.300444 2.651260
740000 4.519798 -2.209919 2.507840
750000 4.871228 -2.323054 2.663338
760000 4.900168 -2.219035 2.589950
770000 4.773410 -2.356340 2.606722
780000 3.708319 -2.289211 2.561094
790000 3.701149 -2.241080 2.545819
800000 4.609481 -2.241411 2.621237
810000 3.705271 -2.248595 2.671139
820000 2.960103 -2.238791 2.639027
830000 2.747755 -2.393363 2.621593
840000 1.723660 -2.297781 2.609747
850000 1.758957 -2.369602 2.676023
860000 1.153453 -2.262156 2.434851
870000 1.158433 -2.129316 2.628237
880000 0.888220 -2.323022 2.673032
890000 0.682816 -2.256031 2.741070
900000 1.170990 -2.349706 2.621051
910000 1.457224 -2.234863 2.773477
920000 1.487687 -2.326698 2.754899
930000 1.989399 -2.231259 2.590091
940000 2.623543 -2.180574 2.610775
950000 2.281006 -2.151828 2.612491
960000 3.647689 -2.129990 2.545810
970000 3.766244 -2.337773 2.602902
980000 3.568883 -2.176932 2.654128
990000 3.519440 -2.248892 2.625852
1000000 4.480433 -2.252137 2.513985
1010000 3.768161 -2.304702 2.822968
1020000 2.965902 -2.282231 2.616957
1030000 3.229801 -2.321919 2.609659
1040000 2.443616 -2.269079 2.548031
1050000 2.459238 -2.329606 2.569030
1060000 2.184435 -2.172305 2.728189
1070000 1.966439 -2.168431 2.660772
1080000 2.017660 -2.269555 2.582994
1090000 1.485077 -2.344744 2.486925
1100000 1.590697 -2.163934 2.600071
1110000 1.764633 -2.210735 2.434082
1120000 1.952314 -2.292222 2.626155
1130000 3.153603 -2.242884 2.559751
1140000 2.517837 -2.166400 2.607625
1150000 3.333155 -2.217443 2.638882
1160000 4.489911 -2.348761 2.661425
1170000 4.819963 -2.407076 2.587320
1180000 4.932530 -2.285163 2.644332
1190000 4.631120 -2.286127 2.623505
1200000 4.554497 -2.213548 2.525375
1210000 4.526063 -2.344240 2.660808
1220000 3.942459 -2.299827 2.620565
1230000 4.193640 -2.425535 2.640497
1240000 4.610804 -2.241699 2.656890
1250000 4.736949 -2.358796 2.705716
1260000 4.754458 -2.259596 2.551204
1270000 3.632363 -2.199506 2.529449
1280000 2.873436 -2.271622 2.737437
1290000 2.900021 -2.321285 2.484989
1300000 3.896892 -2.262142 2.636277
1310000 3.648979 -2.204521 2.749690
1320000 4.521909 -2.234697 2.785137
1330000 4.994304 -2.177348 2.704108
1340000 4.322612 -2.346542 2.679936
1350000 3.699787 -2.352290 2.518129
1360000 4.764374 -2.239857 2.594034
1370000 4.805424 -2.324806 2.493736
1380000 4.693695 -2.197514 2.540563
1390000 4.981718 -2.237497 2.652149
1400000 4.658416 -2.231389 2.566375
1410000 3.435254 -2.120671 2.576663
1420000 3.025823 -2.342662 2.555502
1430000 3.945885 -2.275669 2.550228
1440000 3.411716 -2.262371 2.691160
1450000 3.440306 -2.264143 2.547440
1460000 2.362263 -2.256338 2.772592
1470000 2.510588 -2.395705 2.581016
1480000 1.681038 -2.265256 2.683217
1490000 2.275825 -2.171506 2.606495
1500000 1.993473 -2.368482 2.769665
1510000 1.311190 -2.289363 2.679141
1520000 0.711047 -2.162113 2.641864
1530000 0.582799 -2.168722 2.561016
1540000 0.651340 -2.169658 2.537516
1550000 0.609757 -2.196502 2.680942
1560000 0.914466 -2.150774 2.525028
1570000 1.004593 -2.498673 2.655342
1580000 0.935656 -2.305942 2.771871
1590000 0.890191 -2.200412 2.700057
1600000 0.745578 -2.274069 2.590380
1610000 0.899452 -2.288145 2.709050
1620000 1.294337 -2.296566 2.556014
1630000 1.418982 -2.320082 2.686061
1640000 0.924875 -2.355895 2.696905
1650000 1.531695 -2.254523 2.608463
1660000 1.843841 -2.227679 2.651318
1670000 1.736679 -2.341444 2.527157
1680000 1.890411 -2.300974 2.473962
1690000 2.429066 -2.252335 2.603386
1700000 2.576216 -2.246299 2.595867
1710000 1.730605 -2.331345 2.526251
1720000 2.130074 -2.351112 2.496924
1730000 1.750998 -2.304825 2.650349
1740000 2.947564 -2.252354 2.602670
1750000 3.098095 -2.091961 2.628134
1760000 3.345562 -2.225647 2.542278
1770000 3.268857 -2.228200 2.665139
1780000 3.213836 -2.280446 2.557666
1790000 4.304220 -2.234597 2.704674
1800000 4.733723 -2.101625 2.491811
1810000 4.979836 -2.274065 2.567349
1820000 4.736042 -2.274874 2.598239
1830000 4.565919 -2.184138 2.609273
1840000 4.304729 -2.273881 2.577377
1850000 3.605467 -2.297584 2.636889
1860000 4.799392 -2.388204 2.579670
1870000 4.538385 -2.349544 2.689249
1880000 4.111100 -2.386343 2.347453
1890000 4.355976 -2.143308 2.667416
1900000 2.985953 -2.279313 2.462068
1910000 3.254392 -2.199210 2.641090
1920000 3.235429 -2.302790 2.691915
1930000 4.129671 -2.221749 2.575869
1940000 4.713271 -2.270307 2.597108
1950000 3.398457 -2.385457 2.622540
1960000 2.381240 -2.333401 2.621498
1970000 2.726687 -2.184423 2.753286
1980000 4.267598 -2.202370 2.655059
1990000 4.209598 -2.366758 2.560354
2000000 3.310453 -2.259887 2.746629
2010000 3.597270 -2.391070 2.595237
2020000 3.341774 -2.355044 2.692711
2030000 3.599339 -2.290971 2.697142
2040000 2.911627 -2.359149 2.760994
2050000 2.017602 -2.188881 2.643310
2060000 2.341804 -2.333842 2.792535
2070000 1.416676 -2.238187 2.561509
2080000 1.327770 -2.167771 2.578888
2090000 1.170149 -2.246812 2.710775
2100000 0.862966 -2.369725 2.767844
2110000 0.801792 -2.241081 2.744926
2120000 1.159127 -2.294171 2.596024
2130000 0.622397 -2.308637 2.537912
2140000 0.501088 -2.298277 2.652384
2150000 0.745717 -2.154247 2.615294
2160000 0.703532 -2.367778 2.616860
2170000 0.876356 -2.173188 2.591317
2180000 0.974253 -2.305577 2.537665
2190000 0.835896 -2.247671 2.607810
2200000 0.946217 -2.215799 2.654481
2210000 0.784581 -2.279012 2.607429
2220000 0.714070 -2.250893 2.753025
2230000 0.927992 -2.180215 2.534763
2240000 1.083488 -2.318993 2.710394
2250000 1.479691 -2.330436 2.772642
2260000 1.530694 -2.393817 2.623708
2270000 1.526222 -2.353531 2.576418
2280000 1.231621 -2.244262 2.539531
2290000 1.237320 -2.219720 2.539715
2300000 1.728537 -2.312131 2.522838
2310000 1.918527 -2.310661 2.563089
2320000 2.530759 -2.399489 2.661237
2330000 2.810925 -2.279064 2.540997
2340000 4.223410 -2.241147 2.648821
2350000 4.828988 -2.231871 2.593602
2360000 4.063002 -2.191745 2.604822
2370000 3.195886 -2.426066 2.492157
2380000 2.601845 -2.292096 2.575327
2390000 2.741660 -2.272553 2.559793
2400000 3.630930 -2.298094 2.644216
2410000 4.505363 -2.295937 2.715076
2420000 4.985910 -2.336379 2.664992
2430000 4.987311 -2.292561 2.691730
2440000 4.021395 -2.258639 2.646601
2450000 4.178299 -2.358505 2.507572
2460000 2.910683 -2.253177 2.646902
2470000 2.364609 -2.534702 2.848181
2480000 2.153233 -2.259156 2.580250
2490000 2.580130 -2.264020 2.646641
2500000 1.670036 -2.153549 2.656162
2510000 2.094037 -2.365178 2.601513
2520000 1.704141 -2.279053 2.573455
2530000 1.890311 -2.353748 2.493099
2540000 2.814210 -2.192498 2.651090
2550000 2.873964 -2.380376 2.582294
2560000 2.796570 -2.337035 2.534567
2570000 3.327584 -2.166915 2.579819
2580000 3.360388 -2.208738 2.617034
2590000 3.657323 -2.319360 2.554820
2600000 3.915747 -2.339292 2.600723
2610000 4.487775 -2.247175 2.627992
2620000 4.933298 -2.376589 2.663258
2630000 4.552533 -2.317804 2.546921
2640000 4.003679 -2.370780 2.548559
2650000 4.712567 -2.328587 2.669317
2660000 3.853349 -2.243559 2.545114
2670000 4.393394 -2.280317 2.500787
2680000 4.537381 -2.299168 2.639316
2690000 3.497524 -2.324235 2.631346
2700000 3.774645 -2.258183 2.652760
2710000 4.623992 -2.305916 2.591239
2720000 3.697656 -2.317310 2.650495
2730000 3.516390 -2.186978 2.696932
2740000 2.817382 -2.346364 2.634687
2750000 2.474751 -2.336166 2.605680
2760000 2.507355 -2.157438 2.642288
2770000 2.414168 -2.494355 2.618278
2780000 1.624456 -2.417138 2.666068
2790000 1.964687 -2.141887 2.657926
2800000 2.564398 -2.275108 2.394644
2810000 2.921969 -2.292011 2.531252
2820000 2.125160 -2.310678 2.676723
2830000 2.227188 -2.234869 2.607771
2840000 1.856954 -2.212097 2.490431
2850000 1.566754 -2.192096 2.720301
2860000 1.253086 -2.336592 2.651833
2870000 1.380073 -2.346854 2.496756
2880000 0.978612 -2.184614 2.645822
2890000 0.946411 -2.374737 2.647236
2900000 0.719144 -2.272827 2.709544
2910000 0.852783 -2.170855 2.698095
2920000 1.192188 -2.308554 2.686178
2930000 1.185693 -2.266744 2.631964
2940000 1.376359 -2.262021 2.601502
2950000 1.016369 -2.333109 2.550838
2960000 1.043003 -2.365724 2.626538
2970000 1.027052 -2.345880 2.583914
2980000 0.943286 -2.329363 2.591014
2990000 0.490391 -2.336618 2.525380
3000000 0.574392 -2.303152 2.562360
3010000 0.501932 -2.398085 2.668462
3020000 0.571716 -2.446373 2.499162
3030000 0.838800 -2.404660 2.532610
3040000 0.923428 -2.282706 2.755394
3050000 1.004345 -2.272931 2.643545
3060000 1.157685 -2.287968 2.540070
3070000 1.300190 -2.330199 2.561355
3080000 1.605729 -2.196999 2.775827
3090000 1.625241 -2.193503 2.506158
3100000 1.803532 -2.298082 2.543760
3110000 1.820402 -2.275475 2.748866
3120000 1.597022 -2.205425 2.490927
3130000 2.050662 -2.095758 2.523235
3140000 2.450892 -2.268110 2.660092
3150000 2.972161 -2.274120 2.605076
3160000 3.907362 -2.208953 2.565429
3170000 3.459875 -2.391525 2.678330
3180000 4.090923 -2.246200 2.762836
3190000 4.937289 -2.270705 2.488900
3200000 4.877386 -2.273714 2.445013
3210000 4.491959 -2.256829 2.545417
3220000 3.622752 -2.390485 2.658858
3230000 4.353709 -2.324145 2.614378
3240000 3.728498 -2.269228 2.613320
3250000 3.557371 -2.434547 2.640365
3260000 2.354940 -2.243796 2.674146
3270000 2.612173 -2.374711 2.645526
3280000 2.982660 -2.229708 2.711491
3290000 3.698274 -2.282167 2.629179
3300000 3.054993 -2.231000 2.563492
3310000 3.275089 -2.160192 2.628700
3320000 4.315697 -2.345722 2.551602
3330000 4.477296 -2.243675 2.532646
3340000 3.329386 -2.319720 2.676805
3350000 2.689831 -2.306662 2.713045
3360000 3.003399 -2.318016 2.698935
3370000 2.265973 -2.270863 2.691917
3380000 2.135550 -2.357227 2.504575
3390000 2.269793 -2.254524 2.718669
3400000 1.999027 -2.238952 2.567693
3410000 2.517757 -2.235576 2.715002
3420000 2.981412 -2.173804 2.644279
3430000 2.977699 -2.187442 2.574250
3440000 2.489436 -2.299879 2.594325
3450000 3.320971 -2.434344 2.689955
3460000 2.543812 -2.338686 2.624009
3470000 2.922681 -2.178207 2.543276
3480000 4.470318 -2.232579 2.651419
3490000 4.495904 -2.327957 2.745195
3500000 4.335572 -2.307728 2.577999
3510000 4.984762 -2.106976 2.610236
3520000 4.255329 -2.294987 2.645326
3530000 4.094555 -2.189434 2.679533
3540000 3.893379 -2.288576 2.637676
3550000 4.008164 -2.285441 2.665194
3560000 3.237804 -2.124909 2.696751
3570000 3.850699 -2.261189 2.468247
3580000 4.662115 -2.345746 2.645722
3590000 4.543784 -2.299521 2.574153
3600000 4.260157 -2.235379 2.687248
3610000 4.394457 -2.267667 2.611026
3620000 3.831732 -2.230774 2.615110
3630000 4.963390 -2.383113 2.527329
3640000 4.582803 -2.268632 2.592624
3650000 4.776639 -2.385570 2.716241
3660000 4.427396 -2.266026 2.601025
3670000 3.377065 -2.376682 2.654891
3680000 3.021574 -2.283803 2.695794
3690000 2.183384 -2.268212 2.595150
3700000 2.874121 -2.221001 2.510084
3710000 3.423941 -2.270889 2.585621
3720000 4.170833 -2.395778 2.602326
3730000 4.140583 -2.351123 2.621179
3740000 4.775542 -2.336581 2.587640
3750000 3.947187 -2.238166 2.620557
3760000 4.551148 -2.094598 2.591758
3770000 4.975689 -2.402381 2.585864
3780000 4.789619 -2.232323 2.599733
3790000 4.592683 -2.229048 2.586775
3800000 3.755817 -2.192787 2.601675
3810000 2.912452 -2.427104 2.645117
3820000 3.104282 -2.302396 2.694882
3830000 3.167303 -2.375119 2.690892
3840000 3.355491 -2.421011 2.555073
3850000 3.942302 -2.183268 2.625016
3860000 3.457118 -2.311308 2.612315
3870000 2.289793 -2.212220 2.703211
3880000 1.591292 -2.136594 2.589736
3890000 1.899259 -2.337400 2.652846
3900000 2.093154 -2.304773 2.641636
3910000 1.385564 -2.057840 2.612812
3920000 1.335046 -2.267455 2.649980
3930000 1.667961 -2.263025 2.596149
3940000 1.787787 -2.261061 2.655442
3950000 1.854643 -2.152700 2.523285
3960000 2.411459 -2.299585 2.438860
3970000 1.969740 -2.264472 2.516018
3980000 2.229475 -2.261588 2.594170
3990000 2.059966 -2.276527 2.640450
4000000 1.676708 -2.169730 2.619346
