100000 4.042253 2.625267 2.549054
110000 2.951003 2.543611 2.431449
120000 2.088912 2.544954 2.413243
130000 3.219533 2.620926 2.462408
140000 2.843057 2.557093 2.380627
150000 4.328123 2.660285 2.409181
160000 4.812411 2.389352 2.447801
170000 3.908713 2.698688 2.361624
180000 2.667551 2.667935 2.588487
190000 2.254216 2.648535 2.321179
200000 2.968788 2.676291 2.422672
210000 4.980623 2.570129 2.460316
220000 4.716473 2.611204 2.384561
230000 4.078852 2.632327 2.511442
240000 2.801045 2.562785 2.493486
250000 1.956625 2.664412 2.359386
260000 1.608722 2.592976 2.569897
270000 2.280149 2.622828 2.412279
280000 2.541091 2.607443 2.334794
290000 4.134797 2.490636 2.525668
300000 3.854590 2.531771 2.426700
310000 2.665088 2.637486 2.335484
320000 2.435781 2.553488 2.404353
330000 2.024049 2.524072 2.511617
340000 1.304634 2.622846 2.457553
350000 1.214128 2.688804 2.404512
360000 1.508726 2.598475 2.364779
370000 1.812669 2.571464 2.502861
380000 1.861441 2.599022 2.569104
390000 1.397424 2.736538 2.435674
400000 2.014707 2.567034 2.538371
410000 2.628919 2.527328 2.407746
420000 2.988920 2.633743 2.450154
430000 4.435961 2.490781 2.424087
440000 3.857119 2.623313 2.453013
450000 3.930067 2.555677 2.353325
460000 3.853255 2.563485 2.462193
470000 3.371743 2.635861 2.409148
480000 3.178347 2.548827 2.477970
490000 3.835074 2.733862 2.439086
500000 4.251705 2.660615 2.470678
510000 4.148641 2.652574 2.406543
520000 3.193265 2.754546 2.405139
530000 2.344086 2.637046 2.452815
540000 2.854255 2.648988 2.448138
550000 3.126033 2.696525 2.385368
560000 3.788647 2.808683 2.389632
570000 3.710265 2.722785 2.522238
580000 4.487511 2.642694 2.467657
590000 4.158831 2.605486 2.401555
600000 4.539941 2.641218 2.451983
610000 4.668488 2.637437 2.368554
620000 4.824225 2.703275 2.351787
630000 3.289255 2.612835 2.470979
640000 2.314990 2.557455 2.415744
650000 2.427155 2.515427 2.398531
660000 1.628861 2.563025 2.432475
670000 2.773337 2.761577 2.566872
680000 3.110511 2.645948 2.448602
690000 4.142320 2.726663 2.331922
700000 4.707289 2.668889 2.500682
710000 4.363249 2.600560 2.485052
720000 3.265763 2.743734 2.443072
730000 3.212902 2.522301 2.523656
740000 2.874402 2.611532 2.377727
750000 2.595566 2.706261 2.525460
760000 2.079963 2.611830 2.461285
770000 1.531801 2.650847 2.488830
780000 0.957036 2.457509 2.410154
790000 1.133205 2.667193 2.444449
800000 1.354157 2.716169 2.459036
810000 0.943992 2.560623 2.523650
820000 0.877566 2.681746 2.500757
830000 1.111052 2.569017 2.283421
840000 1.171972 2.578962 2.510521
850000 1.620279 2.585349 2.441806
860000 1.696248 2.675862 2.375818
870000 2.062515 2.504110 2.473312
880000 1.395752 2.673364 2.468265
890000 1.288597 2.518407 2.545931
900000 1.618480 2.660572 2.581952
910000 1.079203 2.558517 2.617469
920000 0.895560 2.739418 2.464569
930000 1.315307 2.647102 2.526775
940000 1.134000 2.674619 2.424988
950000 0.848929 2.772515 2.473259
960000 0.671139 2.716625 2.590559
970000 0.651998 2.681120 2.441619
980000 0.762262 2.630552 2.470996
990000 0.880937 2.625566 2.489700
1000000 0.731094 2.742917 2.414607
1010000 1.363425 2.594693 2.393723
1020000 1.639387 2.578883 2.333110
1030000 1.792579 2.529610 2.426685
1040000 1.936175 2.592891 2.294989
1050000 2.396124 2.556711 2.468164
1060000 2.338512 2.495419 2.530236
1070000 2.735729 2.612361 2.364561
1080000 3.751666 2.672133 2.409614
1090000 4.641067 2.579289 2.484514
1100000 4.378417 2.675403 2.473408
1110000 4.678940 2.845496 2.454201
1120000 4.728268 2.547466 2.465836
1130000 3.779642 2.585172 2.418717
1140000 3.397265 2.572176 2.511997
1150000 3.810440 2.640553 2.376957
1160000 3.913737 2.624013 2.448184
1170000 3.768712 2.676945 2.410520
1180000 3.068370 2.585396 2.347898
1190000 2.537917 2.700230 2.329781
1200000 2.836207 2.653837 2.447572
1210000 3.080615 2.597286 2.395877
1220000 4.196518 2.751791 2.484554
1230000 4.580860 2.618113 2.430826
1240000 4.602108 2.496511 2.515221
1250000 4.764980 2.765087 2.490883
1260000 4.238929 2.621674 2.432557
1270000 4.672743 2.639931 2.450963
1280000 3.678087 2.630439 2.609675
1290000 4.529829 2.572468 2.435092
1300000 3.863050 2.541174 2.531427
1310000 3.417462 2.617751 2.539022
1320000 3.268942 2.647041 2.517898
1330000 2.352162 2.669076 2.382273
1340000 2.534771 2.629613 2.368698
1350000 2.112753 2.619375 2.500008
1360000 1.973317 2.516337 2.428020
1370000 2.344414 2.678337 2.393434
1380000 2.511513 2.504855 2.339208
1390000 2.925044 2.730507 2.576474
1400000 3.801585 2.537847 2.370497
1410000 3.778480 2.688457 2.431874
1420000 3.435048 2.744460 2.439336
1430000 4.214321 2.628090 2.420379
1440000 4.404845 2.569536 2.468406
1450000 4.842398 2.762955 2.472022
1460000 3.906528 2.539412 2.457816
1470000 3.863552 2.640554 2.386540
1480000 2.694326 2.621330 2.407864
1490000 3.290284 2.694848 2.515154
1500000 3.936432 2.720221 2.551193
1510000 4.278883 2.610086 2.336475
1520000 5.026241 2.610901 2.353058
1530000 4.159258 2.644605 2.400527
1540000 3.488133 2.525653 2.492649
1550000 3.229896 2.551786 2.417725
1560000 4.021065 2.644966 2.360578
1570000 4.767130 2.674350 2.394799
1580000 4.450961 2.739799 2.424414
1590000 3.323738 2.604946 2.461283
1600000 4.122587 2.594361 2.446044
1610000 3.287282 2.529436 2.466577
1620000 1.954363 2.585004 2.438539
1630000 1.801153 2.646405 2.485740
1640000 2.121670 2.588864 2.358189
1650000 2.337834 2.653878 2.457644
1660000 2.079286 2.573371 2.438874
1670000 2.469467 2.596897 2.365756
1680000 2.475489 2.631663 2.432726
1690000 2.828624 2.446787 2.475507
1700000 3.222496 2.569351 2.516156
1710000 3.184824 2.613680 2.404191
1720000 2.939504 2.688041 2.486334
1730000 2.822045 2.729748 2.364981
1740000 2.112183 2.644776 2.435270
1750000 1.727999 2.580550 2.265564
1760000 1.501453 2.581737 2.271665
1770000 1.282098 2.632614 2.338870
1780000 1.156808 2.606407 2.561815
1790000 1.734914 2.647904 2.461344
1800000 1.960082 2.601107 2.387899
1810000 1.855450 2.583406 2.326705
1820000 1.883791 2.550472 2.434092
1830000 2.301440 2.597643 2.331056
1840000 2.267631 2.698492 2.472573
1850000 2.295925 2.519071 2.263666
1860000 2.380068 2.589813 2.543080
1870000 2.286536 2.602859 2.394590
1880000 2.424091 2.567034 2.513377
1890000 2.855034 2.516222 2.359848
1900000 2.974655 2.536918 2.359886
1910000 3.304046 2.651313 2.461293
1920000 3.687147 2.587428 2.490327
1930000 3.596707 2.629853 2.445997
1940000 4.143365 2.747323 2.482860
1950000 4.707721 2.696823 2.423484
1960000 4.733021 2.424384 2.427613
1970000 4.623309 2.687760 2.535445
1980000 4.118794 2.645611 2.411098
1990000 4.057626 2.753179 2.550546
2000000 4.603526 2.613486 2.462827
2010000 4.419591 2.761277 2.465663
2020000 4.924770 2.647635 2.394883
2030000 4.215839 2.561816 2.347775
2040000 3.752110 2.538942 2.498523
2050000 3.151497 2.591933 2.370867
2060000 3.512282 2.655144 2.463278
2070000 2.950502 2.582181 2.375194
2080000 2.287696 2.541578 2.333022
2090000 2.480832 2.581447 2.509025
2100000 1.822977 2.573744 2.453554
2110000 1.597984 2.571542 2.405852
2120000 1.093033 2.649938 2.412882
2130000 1.265829 2.519192 2.537136
2140000 0.935910 2.629055 2.444832
2150000 1.031169 2.684146 2.492378
2160000 1.211457 2.602831 2.463397
2170000 0.501466 2.700298 2.537114
2180000 0.610696 2.548601 2.509076
2190000 0.496333 2.682187 2.486915
2200000 0.745513 2.595542 2.419575
2210000 0.842311 2.630916 2.506737
2220000 0.501799 2.644103 2.517368
2230000 0.587443 2.573581 2.482354
2240000 0.834163 2.554716 2.413632
2250000 0.886855 2.568830 2.441082
2260000 0.989941 2.605667 2.540248
2270000 1.067749 2.567732 2.490158
2280000 1.495831 2.530414 2.480993
2290000 1.505572 2.616839 2.378905
2300000 1.515586 2.732201 2.426576
2310000 1.187871 2.499621 2.515949
2320000 1.370152 2.547530 2.409794
2330000 1.173297 2.618170 2.435639
2340000 1.005828 2.644587 2.472471
2350000 0.962579 2.665513 2.499687
2360000 1.406615 2.742037 2.494899
2370000 1.346389 2.588884 2.481292
2380000 1.200922 2.573117 2.417201
2390000 1.044454 2.608948 2.376122
2400000 0.919012 2.563697 2.391269
2410000 0.783572 2.607720 2.485207
2420000 0.693011 2.646996 2.430338
2430000 1.119002 2.584881 2.348035
2440000 1.114439 2.497391 2.470167
2450000 0.914026 2.614385 2.483913
2460000 1.061901 2.601322 2.361386
2470000 1.065145 2.411827 2.411092
2480000 0.951619 2.559491 2.258057
2490000 1.659767 2.692210 2.462123
2500000 1.849066 2.433244 2.403205
2510000 1.942594 2.634879 2.378273
2520000 1.889262 2.474578 2.516503
2530000 1.994374 2.584221 2.452621
2540000 1.802370 2.469906 2.544670
2550000 1.596148 2.596312 2.433235
2560000 1.502014 2.530742 2.310168
2570000 1.527950 2.568311 2.468576
2580000 1.311518 2.554813 2.688783
2590000 1.622713 2.706924 2.505914
2600000 1.737927 2.664859 2.348382
2610000 2.125071 2.623751 2.325911
2620000 2.518827 2.493258 2.539284
2630000 2.881316 2.658676 2.502732
2640000 3.026720 2.510584 2.449249
2650000 3.753686 2.698772 2.333752
2660000 4.097473 2.566400 2.283847
2670000 4.047934 2.634798 2.440516
2680000 3.675142 2.568990 2.572122
2690000 4.733167 2.551106 2.446100
2700000 4.663158 2.590846 2.458150
2710000 4.773767 2.602965 2.368031
2720000 4.451953 2.626622 2.563916
2730000 3.933854 2.421511 2.475934
2740000 3.922749 2.633052 2.364632
2750000 4.913917 2.537833 2.480817
2760000 4.058472 2.603066 2.365485
2770000 4.690748 2.678234 2.331412
2780000 4.123075 2.717934 2.463014
2790000 3.793362 2.649417 2.455934
2800000 3.346615 2.532335 2.384854
2810000 3.868125 2.588580 2.342354
2820000 2.623379 2.627468 2.436001
2830000 2.745638 2.451896 2.538403
2840000 2.830021 2.707627 2.416519
2850000 2.829451 2.670228 2.456110
2860000 2.250448 2.718615 2.431297
2870000 2.454048 2.552105 2.429859
2880000 2.741240 2.737549 2.562407
2890000 3.168279 2.684728 2.391954
2900000 3.034720 2.641219 2.441104
2910000 3.616667 2.502462 2.510177
2920000 4.051803 2.619205 2.346442
2930000 2.543723 2.686920 2.534887
2940000 4.102552 2.694251 2.450593
2950000 4.851601 2.536074 2.469714
2960000 4.777393 2.682079 2.500183
2970000 4.816282 2.592699 2.371009
2980000 3.110555 2.685793 2.431556
2990000 3.287295 2.707590 2.384274
3000000 2.437737 2.839805 2.556995
3010000 2.201896 2.584323 2.463265
3020000 2.028316 2.577592 2.451445
3030000 2.351320 2.711099 2.410864
3040000 2.346925 2.732084 2.284475
3050000 2.818277 2.552449 2.406503
3060000 3.395141 2.596220 2.411709
3070000 3.522601 2.582606 2.489765
3080000 3.221651 2.577531 2.489830
3090000 2.801417 2.589005 2.521592
3100000 3.365057 2.709661 2.578579
3110000 4.229145 2.662291 2.417379
3120000 4.482439 2.675957 2.463369
3130000 4.009205 2.593465 2.448707
3140000 4.337485 2.503623 2.558070
3150000 4.941402 2.486567 2.437621
3160000 4.130578 2.638580 2.353354
3170000 3.602791 2.572304 2.457328
3180000 3.640989 2.656970 2.337891
3190000 3.979956 2.554039 2.320315
3200000 3.722001 2.647180 2.454003
3210000 4.169992 2.557426 2.373564
3220000 4.016358 2.660481 2.503642
3230000 4.864946 2.526629 2.407459
3240000 4.635684 2.654425 2.401638
3250000 4.881467 2.585710 2.368638
3260000 4.433377 2.647829 2.568288
3270000 4.935339 2.628042 2.447565
3280000 4.546226 2.636055 2.402302
3290000 4.734091 2.685200 2.478552
3300000 4.777533 2.666692 2.435459
3310000 4.741685 2.737927 2.464456
3320000 4.915383 2.612803 2.387741
3330000 3.667610 2.634181 2.473203
3340000 3.343501 2.626699 2.446685
3350000 2.947571 2.580243 2.420281
3360000 2.666182 2.678178 2.539588
3370000 4.129723 2.615232 2.410364
3380000 3.576039 2.555948 2.496327
3390000 3.107179 2.606635 2.494133
3400000 3.196428 2.624328 2.450955
3410000 4.359431 2.711539 2.404895
3420000 4.467279 2.748561 2.519637
3430000 3.718054 2.597594 2.603442
3440000 3.530216 2.542265 2.390041
3450000 3.205116 2.675220 2.410603
3460000 2.357852 2.560483 2.396500
3470000 2.031654 2.700353 2.421540
3480000 2.023357 2.662849 2.411315
3490000 2.291811 2.629599 2.401051
3500000 2.282744 2.763460 2.312809
3510000 2.625708 2.571696 2.433367
3520000 2.878975 2.633818 2.425785
3530000 2.659296 2.778250 2.362105
3540000 3.194778 2.442503 2.440616
3550000 2.483054 2.713136 2.347417
3560000 1.919737 2.649350 2.429528
3570000 1.806021 2.551874 2.335364
3580000 1.962812 2.633032 2.399442
3590000 2.596909 2.522204 2.432225
3600000 2.458512 2.593988 2.480883
3610000 2.122550 2.568327 2.394353
3620000 2.399390 2.566436 2.407686
3630000 2.848747 2.606677 2.390251
3640000 2.319308 2.586502 2.526322
3650000 2.809850 2.626088 2.535447
3660000 3.920452 2.565978 2.468052
3670000 4.273626 2.614044 2.542542
3680000 4.056988 2.666845 2.437710
3690000 4.029487 2.634504 2.421180
3700000 4.364168 2.704400 2.425487
3710000 3.558703 2.578943 2.461217
3720000 3.275726 2.682420 2.435880
3730000 3.920058 2.633799 2.473314
3740000 4.744523 2.529032 2.533845
3750000 3.170166 2.615136 2.448859
3760000 2.845746 2.595424 2.484750
3770000 2.931488 2.630067 2.404312
3780000 2.975320 2.591960 2.434907
3790000 3.515824 2.579901 2.413905
3800000 4.146125 2.692871 2.373717
3810000 4.647790 2.740578 2.400786
3820000 4.109469 2.714772 2.413522
3830000 3.861683 2.682145 2.480008
3840000 2.780886 2.688596 2.539762
3850000 2.586364 2.607747 2.362967
3860000 1.910794 2.670923 2.396901
3870000 1.514292 2.704587 2.539827
3880000 1.568805 2.662725 2.376740
3890000 1.559059 2.636674 2.495667
3900000 1.469319 2.728756 2.469636
3910000 1.842920 2.653803 2.438243
3920000 2.283756 2.622650 2.537741
3930000 2.622444 2.601756 2.270022
3940000 2.537770 2.586997 2.353271
3950000 1.941627 2.622256 2.321401
3960000 1.429284 2.494271 2.480188
3970000 1.300533 2.602855 2.459780
3980000 1.368397 2.573355 2.495467
3990000 1.288995 2.593974 2.407177
4000000 1.189852 2.614229 2.561981
