100000 1.389504 -2.256375 2.496360
110000 2.439494 -2.311756 2.384108
120000 2.466801 -2.432498 2.516513
130000 0.984797 -2.403852 2.525206
140000 1.388568 -2.205205 2.482062
150000 1.491037 -2.279770 2.366792
160000 0.841536 -2.344359 2.426137
170000 0.633845 -2.330355 2.516307
180000 0.983636 -2.198457 2.524647
190000 1.352399 -2.256759 2.446306
200000 1.691717 -2.166603 2.393498
210000 1.480269 -2.231307 2.461879
220000 1.238868 -2.254663 2.361958
230000 2.311340 -2.249627 2.432540
240000 3.018431 -2.290301 2.318553
250000 4.503501 -2.305398 2.450940
260000 3.725401 -2.290337 2.420094
270000 2.484994 -2.228629 2.397954
280000 2.190586 -2.257905 2.519234
290000 2.312328 -2.136498 2.383601
300000 2.744341 -2.331303 2.559098
310000 4.457099 -2.254282 2.403473
320000 4.874349 -2.219652 2.503658
330000 4.432599 -2.231124 2.333118
340000 4.208457 -2.332912 2.412660
350000 3.299070 -2.096369 2.401543
360000 2.612220 -2.115166 2.502887
370000 3.591907 -2.382150 2.534452
380000 3.138942 -2.316118 2.437996
390000 3.572784 -2.199628 2.563156
400000 2.008878 -2.211518 2.489026
410000 1.838130 -2.092882 2.418799
420000 2.808427 -2.233155 2.403911
430000 1.888275 -2.285762 2.369340
440000 2.271388 -2.239678 2.425809
450000 4.079507 -2.247796 2.451855
460000 3.764180 -2.240453 2.530797
470000 4.284243 -2.168905 2.364616
480000 3.723360 -2.334108 2.403503
490000 3.461167 -2.421351 2.441846
500000 4.060029 -2.369314 2.444292
510000 4.234023 -2.305409 2.397419
520000 4.147899 -2.253999 2.530061
530000 2.959295 -2.420682 2.419280
540000 3.689100 -2.332550 2.434056
550000 4.353745 -2.269018 2.408928
560000 2.839984 -2.406871 2.399680
570000 2.803801 -2.316973 2.387514
580000 3.735298 -2.360082 2.471099
590000 5.018951 -2.252981 2.385140
600000 4.513080 -2.278964 2.473507
610000 4.412404 -2.271339 2.301840
620000 4.189444 -2.289029 2.489252
630000 3.129093 -2.356411 2.382586
640000 3.666694 -2.347981 2.455174
650000 2.892042 -2.409352 2.465097
660000 2.201995 -2.201949 2.594893
670000 1.882246 -2.175273 2.405658
680000 1.756205 -2.176912 2.480511
690000 2.102400 -2.313507 2.434589
700000 1.864752 -2.266490 2.446122
710000 0.841929 -2.307263 2.510167
720000 0.540491 -2.152504 2.344764
730000 0.915339 -2.106561 2.433015
740000 0.937688 -1.966750 2.449317
750000 0.730106 -2.308946 2.523339
760000 0.610989 -2.200259 2.450280
770000 1.102137 -2.227780 2.536970
780000 1.080816 -2.225668 2.432735
790000 1.001212 -2.279382 2.574219
800000 0.917408 -2.267865 2.360610
810000 1.278132 -2.275485 2.530858
820000 1.405284 -2.347657 2.400596
830000 1.534778 -2.213224 2.387891
840000 1.331710 -2.248174 2.387665
850000 1.627040 -2.269030 2.488618
860000 1.601520 -2.240684 2.477838
870000 2.019957 -2.439227 2.449334
880000 2.345330 -2.267833 2.365951
890000 2.194689 -2.312870 2.507957
900000 2.911668 -2.362712 2.346315
910000 2.937922 -2.174680 2.400282
920000 2.965836 -2.247555 2.456136
930000 4.513411 -2.191664 2.497974
940000 4.285087 -2.330133 2.379945
950000 3.943681 -2.236195 2.515780
960000 4.355136 -2.081662 2.390254
970000 3.757770 -2.241281 2.527451
980000 2.917750 -2.179451 2.427134
990000 2.449054 -2.285876 2.530095
1000000 2.418798 -2.249276 2.438914
1010000 3.395055 -2.168463 2.404843
1020000 4.588745 -2.132545 2.383243
1030000 4.451769 -2.344555 2.404752
1040000 4.589255 -2.289819 2.431078
1050000 3.342622 -2.188380 2.427660
1060000 3.031322 -2.251682 2.422599
1070000 3.440891 -2.301194 2.519095
1080000 4.645860 -2.181554 2.422792
1090000 4.869480 -2.145855 2.508288
1100000 5.109628 -2.311106 2.369434
1110000 4.837002 -2.239446 2.409491
1120000 3.858889 -2.300974 2.396712
1130000 2.453910 -2.283323 2.543289
1140000 1.652146 -2.279127 2.463890
1150000 2.293531 -2.358355 2.405261
1160000 2.087672 -2.307463 2.546184
1170000 1.536185 -2.275393 2.368948
1180000 1.469142 -2.266269 2.425884
1190000 1.111287 -2.245552 2.521611
1200000 0.729186 -2.214553 2.475006
1210000 0.688910 -2.369645 2.518846
1220000 1.149591 -2.234717 2.423773
1230000 0.950008 -2.282341 2.352928
1240000 1.596701 -2.294291 2.492409
1250000 1.824023 -2.315359 2.478154
1260000 2.877851 -2.131049 2.388147
1270000 2.689893 -2.303411 2.506966
1280000 2.288028 -2.170834 2.387511
1290000 2.340045 -2.297304 2.502080
1300000 2.756028 -2.247000 2.568387
1310000 3.244487 -2.264437 2.424109
1320000 4.027040 -2.240139 2.371011
1330000 4.585585 -2.192066 2.528351
1340000 3.545292 -2.216736 2.593077
1350000 3.037533 -2.190279 2.438812
1360000 2.424510 -2.255964 2.425234
1370000 2.162385 -2.358377 2.501724
1380000 2.326688 -2.349542 2.427373
1390000 2.323415 -2.214723 2.464140
1400000 1.932782 -2.331862 2.450840
1410000 2.435047 -2.262492 2.366065
1420000 3.397019 -2.281963 2.446872
1430000 3.846308 -2.233155 2.412220
1440000 2.735349 -2.321160 2.433214
1450000 3.827173 -2.335358 2.511353
1460000 3.653388 -2.302855 2.376391
1470000 4.970670 -2.156001 2.375025
1480000 3.993738 -2.272053 2.349431
1490000 4.637214 -2.194302 2.309883
1500000 4.758925 -2.352580 2.291676
1510000 4.365931 -2.202647 2.429720
1520000 4.709379 -2.272128 2.567387
1530000 3.819394 -2.346573 2.500928
1540000 3.723658 -2.149799 2.386575
1550000 3.584513 -2.370175 2.501621
1560000 3.919344 -2.269862 2.495805
1570000 4.507697 -2.283476 2.432158
1580000 4.546074 -2.272073 2.538303
1590000 4.961659 -2.323360 2.507876
1600000 4.631514 -2.380542 2.482894
1610000 4.933709 -2.202713 2.364351
1620000 4.831778 -2.315319 2.456550
1630000 4.721595 -2.287779 2.454252
1640000 4.188917 -2.167334 2.431016
1650000 4.027380 -2.281491 2.535692
1660000 3.397184 -2.224443 2.408022
1670000 3.130990 -2.299574 2.408023
1680000 1.592471 -2.391586 2.338310
1690000 1.929847 -2.252042 2.562142
1700000 2.140469 -2.294534 2.401933
1710000 1.287530 -2.256066 2.394872
1720000 1.489155 -2.396162 2.477059
1730000 1.860094 -2.323872 2.363181
1740000 2.101189 -2.204452 2.489280
1750000 2.575116 -2.262925 2.434418
1760000 3.291955 -2.242984 2.391740
1770000 2.478840 -2.387756 2.559370
1780000 2.139687 -2.226973 2.515636
1790000 1.921438 -2.183963 2.502278
1800000 2.569646 -2.296530 2.540280
1810000 2.869958 -2.329420 2.416399
1820000 3.061469 -2.308740 2.380134
1830000 3.224955 -2.268730 2.466066
1840000 3.503435 -2.179590 2.423022
1850000 4.633893 -2.350573 2.522632
1860000 4.610943 -2.256994 2.414837
1870000 4.787251 -2.201550 2.291478
1880000 4.447818 -2.323961 2.513610
1890000 4.762508 -2.256352 2.483517
1900000 3.990797 -2.322845 2.475805
1910000 3.271388 -2.267202 2.415922
1920000 3.887680 -2.307518 2.451197
1930000 4.121219 -2.284293 2.477507
1940000 4.662096 -2.354672 2.492290
1950000 4.972591 -2.263468 2.401640
1960000 4.357415 -2.383140 2.414610
1970000 4.338772 -2.370294 2.596976
1980000 3.075503 -2.333291 2.493956
1990000 2.822185 -2.237811 2.519824
2000000 2.349814 -2.314427 2.487917
2010000 2.167603 -2.262008 2.354313
2020000 2.174218 -2.322671 2.415997
2030000 1.126375 -2.282143 2.529111
2040000 0.779573 -2.141543 2.627814
2050000 1.132271 -2.242621 2.380568
2060000 0.923558 -2.224456 2.471863
2070000 1.099221 -2.276197 2.412808
2080000 1.274908 -2.342486 2.434904
2090000 1.334969 -2.160620 2.375143
2100000 1.703755 -2.288450 2.403339
2110000 1.540019 -2.250215 2.412121
2120000 1.310252 -2.225458 2.508503
2130000 0.837303 -2.256763 2.576221
2140000 0.711414 -2.378985 2.358916
2150000 0.500045 -2.255068 2.446166
2160000 0.489300 -2.274502 2.520496
2170000 0.499369 -2.283644 2.472435
2180000 0.693741 -2.269616 2.527684
2190000 0.674486 -2.234380 2.532559
2200000 0.567396 -2.199732 2.503299
2210000 0.708921 -2.296222 2.479867
2220000 0.816149 -2.317106 2.437069
2230000 0.651397 -2.228609 2.404549
2240000 0.494295 -2.307804 2.329466
2250000 0.498688 -2.274599 2.350840
2260000 1.094736 -2.257376 2.448229
2270000 1.088858 -2.178872 2.480868
2280000 1.046825 -2.403090 2.467083
2290000 0.897519 -2.395433 2.340896
2300000 0.881857 -2.307281 2.488483
2310000 0.956618 -2.176568 2.347137
2320000 0.755777 -2.230075 2.426712
2330000 1.414051 -2.232931 2.442065
2340000 1.387124 -2.255420 2.438390
2350000 1.582515 -2.305784 2.463545
2360000 1.292927 -2.282477 2.367802
2370000 1.197625 -2.284444 2.476014
2380000 1.411885 -2.318609 2.385266
2390000 1.338022 -2.211279 2.416885
2400000 1.890309 -2.158785 2.479556
2410000 1.797993 -2.345791 2.366170
2420000 1.544218 -2.182139 2.490846
2430000 1.628061 -2.181627 2.447381
2440000 2.126898 -2.231031 2.401857
2450000 1.924572 -2.240794 2.297389
2460000 2.367555 -2.350827 2.425802
2470000 2.429404 -2.214474 2.437739
2480000 2.502514 -2.312558 2.534836
2490000 2.844869 -2.227390 2.478252
2500000 3.661966 -2.276933 2.502251
2510000 4.054430 -2.297368 2.546648
2520000 3.219414 -2.204454 2.507304
2530000 3.061899 -2.304954 2.315479
2540000 3.151812 -2.273587 2.329385
2550000 3.250871 -2.275076 2.538289
2560000 3.455214 -2.256590 2.626536
2570000 2.751888 -2.235075 2.454434
2580000 3.606374 -2.209129 2.563651
2590000 4.199028 -2.223311 2.420763
2600000 4.174692 -2.350662 2.576688
2610000 3.704574 -2.229988 2.429876
2620000 3.561651 -2.224194 2.493135
2630000 3.734734 -2.311952 2.464142
2640000 3.125467 -2.301032 2.432738
2650000 4.095402 -2.166066 2.426757
2660000 3.134059 -2.266922 2.459192
2670000 2.511561 -2.302733 2.403505
2680000 2.008824 -2.119548 2.430595
2690000 2.576693 -2.268505 2.395979
2700000 3.067490 -2.286803 2.366435
2710000 2.099868 -2.343792 2.363062
2720000 1.826738 -2.116307 2.416484
2730000 2.609624 -2.241900 2.477493
2740000 3.680873 -2.238669 2.368575
2750000 4.825181 -2.281497 2.449477
2760000 4.953469 -2.118821 2.434539
2770000 4.522769 -2.202673 2.457832
2780000 4.300534 -2.309373 2.457473
2790000 3.509529 -2.253143 2.503740
2800000 4.340984 -2.413989 2.392232
2810000 4.738894 -2.351491 2.445996
2820000 4.906085 -2.314299 2.420098
2830000 3.692597 -2.249549 2.441322
2840000 3.613129 -2.285456 2.488567
2850000 2.765344 -2.237695 2.410411
2860000 3.138327 -2.190757 2.440004
2870000 3.183570 -2.359629 2.407682
2880000 3.425241 -2.196940 2.391770
2890000 3.567019 -2.277206 2.485441
2900000 4.444489 -2.315540 2.470958
2910000 4.173076 -2.257587 2.479182
2920000 4.697204 -2.424858 2.418964
2930000 4.841911 -2.303620 2.345867
2940000 4.901164 -2.195782 2.352829
2950000 4.945369 -2.280784 2.449635
2960000 3.820384 -2.247094 2.542686
2970000 4.585872 -2.216379 2.492777
2980000 4.909659 -2.272134 2.438196
2990000 4.675983 -2.347624 2.499465
3000000 4.797788 -2.195902 2.383005
3010000 4.053205 -2.171235 2.409209
3020000 3.035617 -2.217623 2.488124
3030000 3.069832 -2.208378 2.440761
3040000 3.914471 -2.273491 2.415216
3050000 4.298644 -2.275803 2.506764
3060000 2.841127 -2.418076 2.504432
3070000 2.655873 -2.364525 2.575470
3080000 2.442743 -2.329536 2.394933
3090000 2.106535 -2.396549 2.606360
3100000 1.784397 -2.165182 2.591474
3110000 1.652449 -2.205147 2.468786
3120000 1.623338 -2.110307 2.269861
3130000 1.558216 -2.274363 2.578909
3140000 2.074511 -2.311106 2.470459
3150000 1.892568 -2.305725 2.479260
3160000 2.278006 -2.225176 2.497878
3170000 2.485936 -2.304440 2.411676
3180000 2.671493 -2.252960 2.247923
3190000 3.003908 -2.358664 2.485207
3200000 2.557559 -2.198253 2.462650
3210000 2.935154 -2.382047 2.513707
3220000 3.057440 -2.093640 2.597516
3230000 3.292977 -2.254143 2.423510
3240000 3.478970 -2.341590 2.408321
3250000 2.895750 -2.380701 2.493600
3260000 3.135545 -2.290754 2.499161
3270000 2.179962 -2.161201 2.530403
3280000 2.629965 -2.239159 2.570312
3290000 1.652989 -2.191525 2.458727
3300000 1.767604 -2.331389 2.447146
3310000 1.267100 -2.222033 2.449851
3320000 1.391601 -2.322281 2.443333
3330000 1.178665 -2.347356 2.479968
3340000 1.331049 -2.194600 2.350894
3350000 1.603234 -2.180263 2.371342
3360000 1.671925 -2.287332 2.481188
3370000 1.899101 -2.247106 2.454293
3380000 1.859862 -2.262661 2.353375
3390000 2.357991 -2.230339 2.442733
3400000 2.559985 -2.315435 2.408752
3410000 2.065863 -2.145526 2.276643
3420000 2.812821 -2.250750 2.448412
3430000 3.416289 -2.358301 2.477168
3440000 4.657853 -2.246955 2.298641
3450000 4.753012 -2.289686 2.275639
3460000 4.113389 -2.367540 2.537064
3470000 4.821371 -2.199781 2.386870
3480000 4.074107 -2.199963 2.546699
3490000 4.367329 -2.290579 2.479679
3500000 3.486309 -2.274687 2.339910
3510000 2.668983 -2.322729 2.505295
3520000 4.067355 -2.278638 2.554067
3530000 3.524515 -2.183463 2.517946
3540000 3.337907 -2.317432 2.405832
3550000 4.242357 -2.325828 2.319434
3560000 5.070240 -2.283519 2.456281
3570000 4.355811 -2.338944 2.317429
3580000 3.977439 -2.251126 2.428487
3590000 3.442384 -2.205320 2.456215
3600000 2.737238 -2.194501 2.496565
3610000 3.602578 -2.219971 2.534701
3620000 3.967199 -2.065188 2.408181
3630000 4.746672 -2.439259 2.515509
3640000 5.071652 -2.245843 2.410758
3650000 4.356462 -2.294432 2.450986
3660000 3.231642 -2.184876 2.341198
3670000 3.685426 -2.360485 2.469299
3680000 2.682923 -2.205382 2.590752
3690000 2.315624 -2.300068 2.415833
3700000 4.003221 -2.208479 2.392717
3710000 4.201408 -2.245171 2.494485
3720000 4.113796 -2.285369 2.346209
3730000 2.011952 -2.273812 2.433276
3740000 0.972765 -2.333619 2.328220
3750000 0.719285 -2.372239 2.532720
3760000 0.712292 -2.229980 2.435949
3770000 0.774222 -2.305837 2.291598
3780000 0.758553 -2.214867 2.247760
3790000 0.691476 -2.272449 2.466952
3800000 0.861848 -2.215697 2.413514
3810000 1.083775 -2.221197 2.499799
3820000 1.038630 -2.266062 2.363865
3830000 1.118183 -2.293133 2.374876
3840000 1.189304 -2.190401 2.422777
3850000 1.276443 -2.234389 2.545756
3860000 1.152932 -2.406482 2.368463
3870000 1.323776 -2.284526 2.482455
3880000 1.217031 -2.176257 2.454823
3890000 1.254795 -2.198922 2.401987
3900000 1.140844 -2.328317 2.540620
3910000 0.854553 -2.225675 2.525902
3920000 1.016809 -2.487333 2.306650
3930000 0.910695 -2.365821 2.471388
3940000 1.038367 -2.163691 2.420414
3950000 1.070201 -2.240882 2.340012
3960000 0.924680 -2.265641 2.486290
3970000 1.103858 -2.369428 2.547484
3980000 0.962420 -2.289522 2.347997
3990000 1.113362 -2.333344 2.383235
4000000 0.984353 -2.339848 2.429960
