100000 4.320241 -2.249094 2.016858
110000 2.682499 -2.238934 2.267721
120000 2.119660 -2.349428 2.083110
130000 2.420581 -2.275644 1.996089
140000 3.819861 -2.229705 1.975168
150000 3.698715 -2.117358 2.137808
160000 4.814326 -2.296226 2.123643
170000 5.049471 -2.328270 2.125959
180000 3.989526 -2.152969 2.119595
190000 4.841533 -2.252215 2.151954
200000 4.259452 -2.298428 2.095979
210000 3.432394 -2.153012 1.975527
220000 1.068739 -2.371775 1.967123
230000 0.926505 -2.295988 2.144923
240000 1.646532 -2.468861 2.059205
250000 0.714429 -2.186332 2.154204
260000 1.156491 -2.216026 2.068875
270000 1.916946 -2.293677 2.098645
280000 2.006254 -2.185059 2.024010
290000 2.942184 -2.272887 2.230738
300000 2.957701 -2.369845 1.995132
310000 3.186934 -2.315809 2.000976
320000 4.872579 -2.326804 2.120830
330000 4.936946 -2.301860 2.127925
340000 4.180665 -2.299396 1.997896
350000 4.834844 -2.376463 2.110252
360000 4.751946 -2.396427 1.956634
370000 3.838931 -2.355648 1.958417
380000 3.302037 -2.394788 2.187107
390000 3.532032 -2.310310 2.140173
400000 3.069380 -2.264958 2.006522
410000 1.237093 -2.263766 2.088638
420000 1.847517 -2.221381 2.116662
430000 1.008887 -2.306947 2.107997
440000 0.813532 -2.304423 2.160978
450000 0.839990 -2.250608 2.100591
460000 0.946255 -2.350564 1.927342
470000 0.498458 -2.364786 2.107100
480000 0.929301 -2.403997 2.083943
490000 2.051347 -2.270183 2.094103
500000 2.246297 -2.178459 1.986629
510000 1.879479 -2.141872 2.137877
520000 2.701458 -2.380132 2.036089
530000 3.611715 -2.218141 2.140676
540000 4.526217 -2.447007 2.079373
550000 3.957494 -2.263400 2.053455
560000 2.754816 -2.265779 2.063689
570000 3.118263 -2.251640 2.026508
580000 3.961706 -2.272306 2.024072
590000 4.233680 -2.239369 2.034726
600000 5.086782 -2.298173 2.041453
610000 4.103315 -2.287681 2.138142
620000 3.475445 -2.363911 2.141256
630000 2.930850 -2.352924 2.071497
640000 1.455674 -2.330451 2.073641
650000 1.342371 -2.220341 2.076556
660000 1.370223 -2.281406 2.164262
670000 1.481729 -2.370477 2.096672
680000 0.817600 -2.293658 2.104822
690000 1.005098 -2.128777 2.212305
700000 1.041070 -2.213682 1.968214
710000 1.738909 -2.318949 2.111491
720000 1.717396 -2.205172 2.066633
730000 2.101177 -2.291174 2.116404
740000 1.424143 -2.199575 2.197806
750000 1.249158 -2.185855 2.052096
760000 2.189966 -2.191064 2.196850
770000 2.737490 -2.308759 2.100488
780000 2.817005 -2.256861 2.168243
790000 3.569832 -2.176016 2.025199
800000 3.763587 -2.300679 2.099918
810000 4.480217 -2.269033 2.140066
820000 5.004820 -2.227177 2.182817
830000 4.431085 -2.218308 2.206877
840000 3.588177 -2.342738 2.151454
850000 4.279230 -2.285322 2.208987
860000 2.860079 -2.206492 2.207961
870000 2.820811 -2.220896 2.082713
880000 2.101548 -2.229223 2.089895
890000 2.611790 -2.417376 2.031453
900000 2.672526 -2.362433 2.077968
910000 3.560814 -2.294783 2.031333
920000 3.458936 -2.224805 2.114676
930000 4.036354 -2.318592 2.034635
940000 4.200920 -2.218557 2.163366
950000 4.172542 -2.235899 2.107360
960000 4.435075 -2.207875 2.032991
970000 3.090242 -2.251055 2.025200
980000 3.696884 -2.430076 2.099211
990000 3.422988 -2.269289 2.157912
1000000 2.241385 -2.380220 2.191020
1010000 2.842068 -2.186700 2.093646
1020000 2.213329 -2.240466 2.088836
1030000 2.935182 -2.189582 2.102997
1040000 2.700621 -2.236513 2.182932
1050000 2.800079 -2.313928 2.136927
1060000 1.798192 -2.340519 2.017984
1070000 1.540831 -2.324297 2.116581
1080000 1.250505 -2.155966 2.053624
1090000 1.079372 -2.256182 2.074054
1100000 1.202292 -2.363594 2.094342
1110000 1.114622 -2.153853 2.066626
1120000 0.649035 -2.264233 2.104766
1130000 0.743808 -2.190739 2.055371
1140000 0.799280 -2.264968 2.095126
1150000 1.056644 -2.297692 2.124041
1160000 1.047698 -2.268459 2.085011
1170000 1.752750 -2.333661 2.111829
1180000 2.144943 -2.361765 1.982193
1190000 1.782114 -2.237178 2.211227
1200000 1.701681 -2.153320 2.042260
1210000 1.785988 -2.370218 2.150405
1220000 3.423791 -2.180960 2.014227
1230000 4.380934 -2.174945 2.217755
1240000 3.246651 -2.338452 2.158183
1250000 3.358548 -2.242441 2.068480
1260000 4.567507 -2.243290 2.013491
1270000 4.994137 -2.188137 1.995245
1280000 4.155822 -2.108562 2.071491
1290000 3.364590 -2.189355 2.103187
1300000 2.486208 -2.348641 2.196533
1310000 3.076249 -2.253438 2.027381
1320000 3.529232 -2.262808 2.126913
1330000 4.818552 -2.286515 2.067742
1340000 4.646638 -2.225129 2.229800
1350000 3.670110 -2.235644 2.091061
1360000 3.743881 -2.183417 2.029716
1370000 4.663535 -2.340835 2.044932
1380000 3.687013 -2.270624 2.075740
1390000 3.362156 -2.346302 2.188269
1400000 2.597149 -2.246202 2.175588
1410000 2.188882 -2.351829 2.070371
1420000 2.529102 -2.298665 2.124906
1430000 1.967037 -2.153572 2.054804
1440000 2.078753 -2.305382 2.164626
1450000 1.371031 -2.253339 2.216541
1460000 1.616317 -2.346497 2.186729
1470000 1.617627 -2.233158 2.110100
1480000 1.351684 -2.281060 2.269346
1490000 1.472851 -2.171665 2.115212
1500000 1.172768 -2.182067 2.164495
1510000 0.993651 -2.289680 2.063127
1520000 0.758586 -2.332123 2.206730
1530000 0.875412 -2.336552 2.209949
1540000 1.066660 -2.398204 2.049407
1550000 0.986956 -2.216345 2.083935
1560000 1.413127 -2.332154 2.060167
1570000 1.719648 -2.272815 2.055250
1580000 1.280845 -2.342689 2.175269
1590000 1.377667 -2.267915 2.062293
1600000 1.457819 -2.287153 2.009648
1610000 1.571206 -2.201804 2.135276
1620000 1.937525 -2.319390 2.093528
1630000 1.903087 -2.342311 2.098197
1640000 2.543488 -2.068529 2.179635
1650000 3.227687 -2.385659 2.164547
1660000 2.950049 -2.329921 2.158525
1670000 3.462120 -2.346225 2.107694
1680000 4.125441 -2.238477 2.178505
1690000 4.255965 -2.334054 2.089601
1700000 4.267671 -2.279514 1.967757
1710000 3.526563 -2.198737 2.124809
1720000 4.424375 -2.504709 2.040301
1730000 3.899005 -2.329127 2.089898
1740000 4.523197 -2.268390 2.080953
1750000 4.511015 -2.186766 2.095124
1760000 2.928083 -2.239263 1.958493
1770000 3.879581 -2.258462 2.118891
1780000 3.145535 -2.191683 1.991938
1790000 2.585331 -2.337584 1.937502
1800000 3.047887 -2.249393 2.190427
1810000 3.878605 -2.201660 2.194834
1820000 2.617542 -2.309486 2.167334
1830000 2.634241 -2.168475 2.151849
1840000 2.291400 -2.256872 2.158197
1850000 2.246539 -2.340539 1.948745
1860000 3.081143 -2.338347 2.172413
1870000 2.297911 -2.134204 2.149077
1880000 3.564804 -2.246801 2.003203
1890000 3.636179 -2.198868 1.994386
1900000 4.504911 -2.138997 2.106004
1910000 4.151702 -2.235298 2.089178
1920000 4.564762 -2.250813 2.049777
1930000 4.711380 -2.264320 2.132620
1940000 4.007596 -2.184914 1.979753
1950000 3.686590 -2.284489 2.066882
1960000 4.302253 -2.235907 2.216819
1970000 4.770643 -2.283405 2.052702
1980000 4.589200 -2.226655 1.932619
1990000 3.952054 -2.178953 2.158533
2000000 5.088944 -2.210698 2.058797
2010000 4.267537 -2.297713 1.981756
2020000 3.105253 -2.222231 2.063285
2030000 2.417790 -2.315602 2.088973
2040000 1.897896 -2.338004 2.205167
2050000 1.815998 -2.342402 2.192969
2060000 2.065273 -2.361829 2.026851
2070000 2.438361 -2.383841 2.122794
2080000 2.641280 -2.226119 2.232140
2090000 3.384325 -2.122546 2.046949
2100000 2.767776 -2.201456 2.108968
2110000 3.221778 -2.311816 2.132029
2120000 3.206676 -2.338118 2.213116
2130000 3.104948 -2.187727 1.968616
2140000 2.127945 -2.245416 2.136168
2150000 3.618719 -2.168810 2.080072
2160000 3.837625 -2.299187 2.120635
2170000 4.415242 -2.247119 2.086714
2180000 5.067841 -2.374869 2.269993
2190000 4.765779 -2.349713 2.090662
2200000 4.167321 -2.205257 2.061293
2210000 4.073163 -2.279778 2.145631
2220000 3.243816 -2.354962 2.121143
2230000 2.997456 -2.369410 2.117850
2240000 2.397510 -2.313813 2.072055
2250000 1.576275 -2.386671 2.178429
2260000 2.049822 -2.322388 2.134003
2270000 2.483054 -2.280305 2.084437
2280000 2.080040 -2.298994 1.987743
2290000 1.533430 -2.343220 2.055420
2300000 1.299082 -2.252070 2.038872
2310000 0.574143 -2.305765 2.142201
2320000 0.493704 -2.204134 2.140583
2330000 0.831186 -2.202369 2.073875
2340000 0.571105 -2.284689 2.073239
2350000 0.710282 -2.358779 2.147121
2360000 0.568159 -2.350551 2.102229
2370000 0.922291 -2.301744 2.200375
2380000 1.026202 -2.161789 2.088183
2390000 0.761514 -2.358561 2.114544
2400000 0.683988 -2.271043 2.090333
2410000 0.812729 -2.284338 1.924046
2420000 0.908699 -2.255587 2.055973
2430000 1.040881 -2.319719 2.123110
2440000 1.303275 -2.224731 2.006335
2450000 1.329864 -2.273332 1.988296
2460000 1.280975 -2.144026 2.005524
2470000 1.329590 -2.342405 2.123544
2480000 1.582928 -2.202073 2.104889
2490000 1.184706 -2.341234 2.025525
2500000 1.601449 -2.397894 2.109142
2510000 1.862306 -2.179042 2.086792
2520000 1.324228 -2.047136 2.164731
2530000 2.103280 -2.257664 1.901757
2540000 2.299659 -2.283362 2.054794
2550000 2.505686 -2.315299 2.073926
2560000 3.519286 -2.330424 1.979505
2570000 3.606730 -2.398406 2.052408
2580000 4.297894 -2.296381 2.094960
2590000 4.216830 -2.210231 1.990441
2600000 4.735965 -2.252414 2.116652
2610000 4.388961 -2.326980 2.094563
2620000 3.762981 -2.310948 2.046305
2630000 3.363615 -2.281777 2.164862
2640000 3.158578 -2.282518 2.121150
2650000 3.160045 -2.284231 2.152442
2660000 3.719727 -2.283619 2.128116
2670000 4.358896 -2.339986 2.108727
2680000 4.719552 -2.067577 2.171735
2690000 4.606040 -2.329457 2.172287
2700000 4.967873 -2.364715 2.086842
2710000 4.562994 -2.258880 2.091430
2720000 4.089625 -2.253035 2.067359
2730000 4.604991 -2.476245 2.148435
2740000 3.551040 -2.269242 2.100052
2750000 2.864130 -2.217402 2.062843
2760000 4.076184 -2.201879 1.962814
2770000 4.393422 -2.388759 2.097426
2780000 4.063886 -2.298075 2.106837
2790000 5.064913 -2.258148 2.037979
2800000 4.981812 -2.139233 2.123035
2810000 4.978216 -2.303672 2.070450
2820000 4.993961 -2.302953 2.061451
2830000 4.998523 -2.162753 2.131366
2840000 4.245580 -2.186019 1.950988
2850000 4.541685 -2.259998 2.185542
2860000 3.631867 -2.275789 2.113025
2870000 3.319297 -2.282110 2.113063
2880000 3.800589 -2.130858 2.188049
2890000 3.289591 -2.226205 2.133199
2900000 3.444163 -2.207953 2.092537
2910000 2.643859 -2.344059 2.127906
2920000 2.639300 -2.268251 2.059252
2930000 2.439532 -2.366761 2.078764
2940000 2.456444 -2.215863 2.022636
2950000 2.436204 -2.267730 2.148974
2960000 2.764418 -2.271132 2.040420
2970000 2.083793 -2.191196 2.062149
2980000 1.956960 -2.396914 2.102281
2990000 1.914574 -2.300494 2.078535
3000000 2.297420 -2.186629 1.992924
3010000 1.958191 -2.192479 2.105730
3020000 2.513504 -2.196590 2.066825
3030000 2.843709 -2.446122 2.071887
3040000 3.251362 -2.188841 2.097677
3050000 2.717318 -2.303846 2.298967
3060000 1.497815 -2.214166 2.187589
3070000 1.306833 -2.266016 2.106670
3080000 1.096861 -2.339434 2.136006
3090000 0.877579 -2.199968 2.040960
3100000 0.659959 -2.388848 2.072122
3110000 0.625177 -2.191500 2.243096
3120000 0.805784 -2.328124 2.222155
3130000 0.756890 -2.287539 2.105532
3140000 0.996911 -2.371607 2.037840
3150000 0.912855 -2.225809 2.166459
3160000 0.910279 -2.219726 2.168791
3170000 1.813342 -2.278838 2.093921
3180000 1.572051 -2.217904 2.095787
3190000 1.274308 -2.333957 2.194043
3200000 1.155489 -2.275874 2.105757
3210000 1.969818 -2.116107 1.984304
3220000 1.529299 -2.261975 2.144404
3230000 0.890825 -2.356659 2.054832
3240000 0.511813 -2.271276 1.974589
3250000 0.677705 -2.267766 2.167123
3260000 1.083266 -2.234843 2.029363
3270000 1.472229 -2.275377 2.237308
3280000 2.014882 -2.228147 2.046176
3290000 1.636636 -2.237844 2.152943
3300000 0.910361 -2.239398 2.048061
3310000 1.037969 -2.252884 2.138342
3320000 1.327540 -2.313169 2.157142
3330000 1.341058 -2.302802 2.105673
3340000 1.455997 -2.248814 2.074762
3350000 1.531351 -2.332271 2.102382
3360000 1.751676 -2.363258 2.094753
3370000 1.328186 -2.157877 2.012170
3380000 1.169256 -2.194445 2.101384
3390000 1.432668 -2.296292 2.025484
3400000 1.336203 -2.196316 2.229702
3410000 1.066976 -2.267428 2.080370
3420000 1.495516 -2.356141 2.130970
3430000 2.000132 -2.290122 1.955085
3440000 2.290990 -2.293913 2.280754
3450000 1.801846 -2.283955 2.074100
3460000 2.063169 -2.263597 2.084539
3470000 3.346574 -2.339379 2.137981
3480000 3.443107 -2.439646 1.899456
3490000 3.485014 -2.218491 1.952837
3500000 4.066409 -2.271476 2.072739
3510000 5.023980 -2.407753 1.951605
3520000 4.082223 -2.331670 2.212920
3530000 4.801473 -2.301928 2.008426
3540000 3.820921 -2.256562 2.131055
3550000 4.773651 -2.215255 2.042815
3560000 4.968158 -2.396609 2.088930
3570000 4.593899 -2.267892 2.152404
3580000 5.017941 -2.338233 2.106174
3590000 4.133231 -2.304201 2.097722
3600000 3.511270 -2.293084 2.053939
3610000 4.283605 -2.422282 2.229783
3620000 3.823173 -2.256635 2.125201
3630000 3.321300 -2.237916 2.109035
3640000 3.946196 -2.193971 1.978511
3650000 3.524235 -2.281342 2.067085
3660000 2.672031 -2.322211 2.162047
3670000 3.016863 -2.274792 2.048071
3680000 2.644479 -2.266622 2.203765
3690000 2.756370 -2.312800 2.044411
3700000 2.860801 -2.365544 2.095799
3710000 2.691027 -2.305215 2.172813
3720000 2.964300 -2.196439 2.180982
3730000 3.211421 -2.305768 2.017475
3740000 4.420567 -2.299509 2.030476
3750000 4.955041 -2.256650 2.076386
3760000 4.313849 -2.212361 2.098508
3770000 3.448205 -2.318542 2.076166
3780000 3.198506 -2.270174 2.050318
3790000 2.616395 -2.253692 2.120111
3800000 2.348224 -2.124208 1.989041
3810000 2.903556 -2.208043 2.115131
3820000 2.575649 -2.225525 2.093050
3830000 2.799198 -2.150416 2.227253
3840000 3.097750 -2.301295 2.086690
3850000 3.555922 -2.274939 2.143649
3860000 4.402424 -2.284489 2.122982
3870000 4.747578 -2.131068 2.023756
3880000 3.780968 -2.375364 2.130403
3890000 4.619358 -2.202387 2.047890
3900000 4.025785 -2.204139 2.096702
3910000 3.278862 -2.239511 2.074624
3920000 2.893823 -2.297344 2.193511
3930000 2.609316 -2.102975 2.139861
3940000 2.054912 -2.181297 2.006128
3950000 1.816219 -2.238437 2.078520
3960000 2.028249 -2.252407 1.967190
3970000 2.794800 -2.398584 2.115825
3980000 2.470361 -2.277612 2.045831
3990000 2.211035 -2.243834 2.188681
4000000 2.223725 -2.325481 2.111578
