100000 4.102676 -2.346654 0.417415
110000 3.256358 -2.264437 0.340058
120000 2.644268 -2.214783 0.333055
130000 1.776988 -2.177646 0.337353
140000 3.285052 -2.239221 0.336765
150000 4.265604 -2.218554 0.363703
160000 5.003775 -2.260170 0.344149
170000 4.185738 -2.230276 0.310934
180000 2.963084 -2.323178 0.344649
190000 2.927734 -2.110307 0.449214
200000 2.639347 -2.262279 0.357240
210000 1.530186 -2.468027 0.282091
220000 0.910995 -2.368997 0.206104
230000 1.276550 -2.312230 0.230658
240000 1.386963 -2.288538 0.291174
250000 1.508461 -2.148940 0.391450
260000 1.857278 -2.215270 0.422035
270000 2.987547 -2.152639 0.373700
280000 4.436805 -2.341901 0.373170
290000 3.743879 -2.304331 0.504517
300000 2.807307 -2.329068 0.418210
310000 2.281147 -2.173779 0.219228
320000 1.853075 -2.345051 0.357529
330000 2.244609 -2.344763 0.386187
340000 2.585899 -2.245821 0.370019
350000 3.966351 -2.308321 0.263258
360000 4.780470 -2.195021 0.429542
370000 4.793652 -2.227923 0.424675
380000 4.519755 -2.280156 0.435215
390000 3.578036 -2.361430 0.517980
400000 3.123863 -2.296034 0.344066
410000 4.379615 -2.142494 0.337538
420000 4.794901 -2.327826 0.442512
430000 4.054379 -2.287581 0.308521
440000 4.451999 -2.353495 0.371935
450000 3.620107 -2.175889 0.303582
460000 2.638029 -2.225864 0.453299
470000 1.735020 -2.207624 0.470648
480000 2.058670 -2.316464 0.278127
490000 2.600897 -2.162493 0.332505
500000 3.442112 -2.258751 0.229104
510000 4.014921 -2.243140 0.420955
520000 3.736467 -2.151063 0.401217
530000 4.025818 -2.182373 0.432760
540000 4.456822 -2.278369 0.159685
550000 5.027522 -2.343808 0.292488
560000 4.931061 -2.334827 0.318351
570000 4.211445 -2.244822 0.424246
580000 3.420393 -2.184571 0.246891
590000 3.264528 -2.349995 0.308608
600000 2.368941 -2.417338 0.226998
610000 1.355445 -2.319581 0.390302
620000 1.525845 -2.220000 0.194794
630000 0.934434 -2.301703 0.431146
640000 1.148886 -2.353995 0.356285
650000 0.888113 -2.269526 0.387233
660000 0.704327 -2.252898 0.314110
670000 0.617332 -2.292735 0.107813
680000 1.407107 -2.216982 0.286941
690000 1.674849 -2.328430 0.363042
700000 1.307118 -2.256682 0.514814
710000 1.273285 -2.305117 0.380738
720000 2.341002 -2.231446 0.371476
730000 3.088552 -2.277948 0.303409
740000 3.893241 -2.322172 0.350027
750000 4.332314 -2.201877 0.429387
760000 3.477453 -2.298309 0.360026
770000 2.522877 -2.336887 0.322015
780000 1.939135 -2.173523 0.361567
790000 2.055506 -2.161100 0.369215
800000 1.888635 -2.190673 0.253320
810000 1.401405 -2.255187 0.398544
820000 2.474225 -2.193803 0.371517
830000 2.144634 -2.288609 0.360115
840000 2.124739 -2.500401 0.365236
850000 2.158183 -2.232168 0.292384
860000 2.773464 -2.139136 0.276366
870000 3.294511 -2.282284 0.388101
880000 4.626032 -2.184581 0.461741
890000 5.023924 -2.381109 0.368207
900000 4.913049 -2.287392 0.374011
910000 4.369743 -2.225874 0.340241
920000 4.855664 -2.099880 0.332918
930000 4.257998 -2.362263 0.260465
940000 3.396919 -2.159245 0.404122
950000 4.311581 -2.292206 0.374301
960000 4.600471 -2.232780 0.432601
970000 4.222596 -2.289033 0.354956
980000 2.956542 -2.296930 0.359633
990000 3.872526 -2.219351 0.305350
1000000 3.100329 -2.231244 0.251799
1010000 2.821147 -2.129641 0.419754
1020000 3.108527 -2.263056 0.289248
1030000 4.056439 -2.212207 0.367215
1040000 4.443752 -2.380568 0.360718
1050000 4.712288 -2.331398 0.328062
1060000 3.665051 -2.210951 0.371139
1070000 4.487417 -2.230878 0.364865
1080000 3.693888 -2.314075 0.309307
1090000 4.682577 -2.157719 0.346454
1100000 4.110824 -2.326822 0.415029
1110000 2.953370 -2.368521 0.386379
1120000 3.192890 -2.236183 0.376659
1130000 1.935907 -2.291342 0.353499
1140000 1.235531 -2.241727 0.382657
1150000 0.808635 -2.312635 0.457344
1160000 1.118411 -2.178262 0.313714
1170000 1.175185 -2.227200 0.371221
1180000 1.028332 -2.040936 0.398670
1190000 0.824570 -2.363020 0.350749
1200000 0.830952 -2.225401 0.340378
1210000 0.979389 -2.230614 0.376945
1220000 0.841526 -2.432811 0.479204
1230000 1.391823 -2.229648 0.262404
1240000 1.792135 -2.279237 0.271505
1250000 1.306240 -2.199272 0.259973
1260000 0.975430 -2.324868 0.231602
1270000 0.998047 -2.235215 0.261640
1280000 0.700209 -2.218587 0.243825
1290000 0.842717 -2.228862 0.260231
1300000 1.203465 -2.401513 0.349225
1310000 1.186899 -2.274293 0.355826
1320000 0.882536 -2.214515 0.212505
1330000 0.781807 -2.376111 0.443071
1340000 0.600544 -2.327120 0.278366
1350000 1.011175 -2.286530 0.294319
1360000 1.071023 -2.238429 0.267349
1370000 1.592657 -2.213323 0.251080
1380000 1.552635 -2.304421 0.313297
1390000 1.979481 -2.376206 0.311619
1400000 2.199726 -2.348624 0.350741
1410000 2.067813 -2.238106 0.339831
1420000 2.052959 -2.297515 0.383488
1430000 3.100167 -2.307211 0.354111
1440000 3.983560 -2.227841 0.277360
1450000 3.305277 -2.129237 0.407768
1460000 3.068691 -2.326053 0.435496
1470000 4.452555 -2.117535 0.359162
1480000 4.824181 -2.237961 0.321305
1490000 4.912294 -2.278281 0.408918
1500000 4.237387 -2.344420 0.332458
1510000 4.817182 -2.272287 0.369013
1520000 3.983855 -2.272971 0.388880
1530000 5.061325 -2.208754 0.355237
1540000 4.807554 -2.337509 0.382492
1550000 3.689681 -2.153120 0.176389
1560000 2.533834 -2.187103 0.388872
1570000 3.087536 -2.171947 0.227020
1580000 2.444943 -2.291976 0.492275
1590000 2.264615 -2.378602 0.425149
1600000 2.259785 -2.367132 0.320965
1610000 2.916543 -2.415954 0.414981
1620000 2.831893 -2.391128 0.351292
1630000 1.783357 -2.249709 0.468873
1640000 1.662951 -2.152511 0.309742
1650000 1.470750 -2.216677 0.343303
1660000 1.557925 -2.168595 0.367822
1670000 1.862931 -2.327394 0.332475
1680000 1.673944 -2.242683 0.181039
1690000 1.426335 -2.292419 0.239868
1700000 1.133782 -2.139094 0.395640
1710000 0.804742 -2.293444 0.432270
1720000 0.843726 -2.279479 0.422466
1730000 0.993788 -2.095654 0.320546
1740000 0.716709 -2.334278 0.454958
1750000 0.724357 -2.395514 0.165718
1760000 0.576244 -2.140945 0.310506
1770000 0.617092 -2.214502 0.308434
1780000 1.257533 -2.177131 0.368752
1790000 1.336344 -2.253816 0.339272
1800000 1.278603 -2.226893 0.334100
1810000 1.508295 -2.246772 0.500799
1820000 1.299838 -2.390679 0.509444
1830000 2.053614 -2.207948 0.346901
1840000 2.582507 -2.319379 0.393451
1850000 2.080304 -2.221520 0.552790
1860000 2.964108 -2.283443 0.228941
1870000 3.710909 -2.134359 0.259068
1880000 2.750872 -2.228769 0.237250
1890000 3.886912 -2.203798 0.353261
1900000 3.188846 -2.278283 0.341219
1910000 3.964240 -2.200214 0.386254
1920000 4.282402 -2.243563 0.313432
1930000 4.776536 -2.151085 0.399687
1940000 4.863800 -2.274541 0.443454
1950000 4.989771 -2.126313 0.362801
1960000 3.867317 -2.302371 0.233604
1970000 3.965832 -2.167733 0.288446
1980000 3.026867 -2.233893 0.268807
1990000 2.427515 -2.336492 0.292588
2000000 3.559494 -2.160889 0.343413
2010000 3.266015 -2.252743 0.252041
2020000 4.167985 -2.325437 0.294044
2030000 3.734433 -2.221001 0.328680
2040000 4.900512 -2.244229 0.409746
2050000 4.518736 -2.376230 0.317514
2060000 4.411231 -2.289809 0.238002
2070000 4.917183 -2.329474 0.359514
2080000 4.697112 -2.277737 0.514709
2090000 3.495601 -2.277639 0.233724
2100000 4.327865 -2.202528 0.454329
2110000 3.235429 -2.428439 0.233945
2120000 3.769318 -2.350343 0.314275
2130000 4.801591 -2.106614 0.294597
2140000 3.353641 -2.359001 0.199688
2150000 2.805906 -2.316635 0.323842
2160000 2.615968 -2.218980 0.453806
2170000 2.540235 -2.336635 0.361414
2180000 2.174547 -2.269766 0.446157
2190000 1.787668 -2.245056 0.357266
2200000 1.696659 -2.319103 0.351503
2210000 1.847989 -2.246834 0.439509
2220000 2.376757 -2.261863 0.263220
2230000 2.192115 -2.258052 0.354977
2240000 1.813995 -2.217124 0.346825
2250000 1.974492 -2.363507 0.325939
2260000 2.025398 -2.212044 0.343510
2270000 2.423071 -2.326420 0.321294
2280000 3.074044 -2.301936 0.241160
2290000 2.929461 -2.202107 0.432514
2300000 4.576762 -2.273192 0.380335
2310000 3.879140 -2.183684 0.289062
2320000 3.065907 -2.298639 0.256282
2330000 3.378605 -2.221340 0.360059
2340000 4.124611 -2.331121 0.382051
2350000 4.891969 -2.196446 0.336957
2360000 4.280087 -2.299316 0.494758
2370000 3.358569 -2.338371 0.300888
2380000 2.808093 -2.294694 0.350859
2390000 2.758038 -2.190058 0.329492
2400000 3.158030 -2.293107 0.427703
2410000 2.658972 -2.351046 0.384181
2420000 2.293170 -2.208408 0.345412
2430000 2.795261 -2.252189 0.363488
2440000 2.446706 -2.294880 0.334504
2450000 3.167987 -2.371593 0.390746
2460000 3.007223 -2.184672 0.292672
2470000 3.563031 -2.181605 0.289400
2480000 3.745731 -2.218904 0.296535
2490000 3.243086 -2.182302 0.402754
2500000 2.238884 -2.252243 0.368605
2510000 2.343337 -2.305841 0.414162
2520000 3.099725 -2.252788 0.404855
2530000 3.589221 -2.370745 0.273519
2540000 3.154292 -2.342448 0.145402
2550000 3.228620 -2.361546 0.335817
2560000 4.149333 -2.243966 0.429952
2570000 4.964381 -2.371189 0.401145
2580000 4.330551 -2.178258 0.503599
2590000 4.890161 -2.188170 0.417980
2600000 4.576711 -2.257617 0.335400
2610000 4.374784 -2.196470 0.202948
2620000 4.682843 -2.299519 0.242792
2630000 4.412764 -2.413353 0.373139
2640000 4.387619 -2.174596 0.287884
2650000 4.343387 -2.326622 0.283014
2660000 4.055691 -2.323639 0.500780
2670000 3.743704 -2.286391 0.324408
2680000 4.461550 -2.241370 0.287532
2690000 4.036550 -2.294682 0.461756
2700000 4.932188 -2.270720 0.304226
2710000 4.848712 -2.231856 0.325786
2720000 4.573740 -2.343259 0.372124
2730000 5.032850 -2.171943 0.322911
2740000 4.706259 -2.184402 0.385425
2750000 4.726582 -2.315633 0.280566
2760000 4.003054 -2.154639 0.313071
2770000 2.903128 -2.203286 0.363732
2780000 2.352989 -2.324446 0.168584
2790000 1.653118 -2.273698 0.294123
2800000 1.420629 -2.055208 0.375673
2810000 1.382826 -2.202359 0.290905
2820000 1.153319 -2.333892 0.309250
2830000 1.256924 -2.298133 0.313134
2840000 1.348213 -2.405012 0.337648
2850000 1.741882 -2.266420 0.403910
2860000 1.582486 -2.306281 0.387400
2870000 1.547235 -2.291139 0.395161
2880000 1.266724 -2.194406 0.544609
2890000 1.777699 -2.287570 0.227357
2900000 2.058855 -2.280349 0.369149
2910000 1.958159 -2.243678 0.307122
2920000 2.243525 -2.271740 0.484043
2930000 2.220420 -2.240362 0.215721
2940000 2.389173 -2.362820 0.368544
2950000 2.476980 -2.403271 0.388512
2960000 2.411664 -2.360282 0.362041
2970000 1.765351 -2.234329 0.389377
2980000 1.728444 -2.226323 0.256455
2990000 1.773179 -2.245443 0.407986
3000000 1.352967 -2.285229 0.362093
3010000 1.397916 -2.206419 0.373855
3020000 1.431660 -2.358993 0.410569
3030000 1.329888 -2.343860 0.286365
3040000 1.018110 -2.189489 0.351790
3050000 1.328136 -2.189762 0.345355
3060000 0.891111 -2.243077 0.242643
3070000 0.753320 -2.390390 0.340598
3080000 0.677910 -2.242849 0.307653
3090000 0.497793 -2.437161 0.264193
3100000 0.602652 -2.306044 0.336430
3110000 0.592772 -2.180127 0.221990
3120000 0.757112 -2.215029 0.497001
3130000 0.823636 -2.258375 0.319591
3140000 0.653339 -2.196409 0.255893
3150000 0.750374 -2.352521 0.329262
3160000 0.760238 -2.236477 0.221418
3170000 1.028757 -2.274378 0.277656
3180000 0.944023 -2.193193 0.332933
3190000 0.836398 -2.360138 0.376620
3200000 0.907834 -2.237909 0.374198
3210000 0.934376 -2.298555 0.212951
3220000 0.603379 -2.348545 0.325131
3230000 0.804076 -2.273487 0.290760
3240000 0.892999 -2.351928 0.280459
3250000 1.179057 -2.245487 0.321689
3260000 1.066222 -2.330195 0.349878
3270000 1.145596 -2.263884 0.364952
3280000 0.990691 -2.373858 0.291583
3290000 1.270199 -2.202397 0.408853
3300000 0.976286 -2.254801 0.165082
3310000 1.226280 -2.178254 0.419776
3320000 1.057443 -2.351493 0.460754
3330000 0.920821 -2.171114 0.314914
3340000 0.877451 -2.320326 0.387114
3350000 0.974187 -2.161777 0.332217
3360000 0.804026 -2.339965 0.287100
3370000 1.020546 -2.254514 0.474829
3380000 0.795826 -2.251775 0.433428
3390000 1.634437 -2.277613 0.295815
3400000 1.751052 -2.265167 0.416895
3410000 2.273211 -2.312396 0.368965
3420000 2.875786 -2.274441 0.339984
3430000 3.585913 -2.208729 0.474675
3440000 4.032658 -2.250002 0.349311
3450000 3.528584 -2.337199 0.442879
3460000 4.761024 -2.312767 0.372989
3470000 3.975636 -2.255686 0.480540
3480000 3.465565 -2.457948 0.341651
3490000 2.919263 -2.377631 0.428809
3500000 4.156732 -2.245265 0.439076
3510000 4.641023 -2.349124 0.239716
3520000 4.381775 -2.226313 0.370639
3530000 3.986736 -2.400020 0.404179
3540000 3.105950 -2.235831 0.335594
3550000 3.501035 -2.033840 0.311700
3560000 3.435554 -2.269529 0.291800
3570000 2.557819 -2.180641 0.402603
3580000 2.863756 -2.190087 0.417850
3590000 2.585522 -2.340921 0.245316
3600000 2.875701 -2.324111 0.285521
3610000 3.412005 -2.229299 0.418403
3620000 3.957635 -2.157153 0.376940
3630000 4.918105 -2.259679 0.313015
3640000 4.980277 -2.204248 0.274075
3650000 4.841638 -2.282294 0.353301
3660000 4.712586 -2.245822 0.443816
3670000 3.889641 -2.178970 0.297510
3680000 2.775179 -2.229112 0.299910
3690000 2.716245 -2.267476 0.344439
3700000 3.375959 -2.185041 0.420062
3710000 4.397076 -2.215859 0.294694
3720000 3.877463 -2.206253 0.414048
3730000 3.881577 -2.283227 0.276388
3740000 4.693933 -2.181307 0.331284
3750000 4.480054 -2.279085 0.562844
3760000 4.539592 -2.266542 0.353626
3770000 4.155454 -2.440341 0.425001
3780000 2.930484 -2.432853 0.326129
3790000 2.145245 -2.250454 0.391758
3800000 2.457154 -2.248942 0.312713
3810000 2.423080 -2.273120 0.317161
3820000 2.678333 -2.206024 0.421297
3830000 3.151440 -2.215587 0.236489
3840000 3.387251 -2.312066 0.446330
3850000 4.900503 -2.239596 0.352288
3860000 5.000139 -2.247329 0.287043
3870000 4.773632 -2.255191 0.433557
3880000 4.451662 -2.304937 0.371316
3890000 4.309936 -2.362823 0.358809
3900000 3.860936 -2.256477 0.347591
3910000 4.208332 -2.264914 0.337979
3920000 3.501101 -2.167385 0.423140
3930000 2.651297 -2.282769 0.421255
3940000 2.502609 -2.253267 0.259477
3950000 1.885355 -2.252151 0.391183
3960000 1.748567 -2.122085 0.340353
3970000 1.602337 -2.177349 0.267388
3980000 1.813126 -2.260663 0.487207
3990000 1.618034 -2.191931 0.441870
4000000 1.481244 -2.266023 0.428060
