100000 1.168083 -2.261615 -0.121030
110000 2.210825 -2.230003 -0.092946
120000 3.338397 -2.147325 0.025522
130000 2.430271 -2.139871 -0.024319
140000 2.066979 -2.368232 -0.002515
150000 1.006502 -2.325837 -0.136653
160000 1.144404 -2.346037 0.031685
170000 1.168968 -2.125804 -0.028005
180000 1.811144 -2.133080 0.073538
190000 1.308962 -2.355485 -0.049977
200000 0.655733 -2.349690 -0.011169
210000 1.284887 -2.183602 0.195991
220000 0.949220 -2.291072 0.045681
230000 1.410692 -2.116777 -0.058902
240000 1.068426 -2.218881 -0.027512
250000 0.723445 -2.327649 -0.069852
260000 0.910663 -2.248693 -0.087789
270000 1.625241 -2.170184 -0.064174
280000 1.801694 -2.082753 -0.107723
290000 2.354842 -2.213477 -0.064413
300000 3.529696 -2.297495 -0.079417
310000 4.389075 -2.239881 -0.021522
320000 5.053769 -2.378447 -0.044516
330000 4.497618 -2.351021 0.026441
340000 4.810395 -2.386889 0.019562
350000 3.474513 -2.364039 -0.071699
360000 3.084440 -2.258889 0.027492
370000 2.527182 -2.256264 0.009207
380000 3.744136 -2.315160 0.061181
390000 4.880967 -2.255098 -0.064144
400000 4.391841 -2.245647 -0.072055
410000 3.338824 -2.123041 -0.086051
420000 2.053461 -2.271422 -0.057387
430000 2.498447 -2.339342 -0.002629
440000 2.143049 -2.160091 -0.074666
450000 1.872321 -2.246606 0.063443
460000 2.766368 -2.167893 -0.017941
470000 3.681495 -2.291720 0.033586
480000 4.891471 -2.317119 0.053774
490000 4.381765 -2.217544 -0.040852
500000 4.359240 -2.319096 0.142322
510000 2.265728 -2.302101 -0.014377
520000 3.754226 -2.229607 -0.121780
530000 3.790117 -2.220376 -0.038397
540000 4.057917 -2.260730 0.160129
550000 3.257958 -2.202054 0.102898
560000 2.427784 -2.327964 0.032495
570000 1.753191 -2.327097 0.087983
580000 1.463148 -2.233094 -0.043668
590000 2.392546 -2.272930 -0.035456
600000 4.475571 -2.189477 0.018661
610000 4.576153 -2.140140 -0.050362
620000 3.447599 -2.291441 -0.014068
630000 4.232289 -2.083324 -0.053442
640000 4.916215 -2.285514 0.023798
650000 4.055209 -2.197619 -0.053108
660000 3.447214 -2.314594 -0.037757
670000 2.835947 -2.284174 -0.008722
680000 2.652824 -2.288978 0.016888
690000 1.687409 -2.255596 0.126693
700000 1.187371 -2.406464 -0.024634
710000 1.735485 -2.268495 0.012273
720000 2.118868 -2.259504 -0.086376
730000 1.834843 -2.368892 -0.018943
740000 2.739123 -2.148198 -0.121236
750000 3.454542 -2.382927 0.050978
760000 4.465211 -2.259730 -0.135260
770000 4.015682 -2.278354 0.028443
780000 4.385338 -2.193092 -0.004645
790000 4.600507 -2.298987 -0.005574
800000 3.647931 -2.256469 0.054803
810000 2.788565 -2.182546 0.049021
820000 2.318106 -2.166488 -0.103512
830000 1.954160 -2.296392 -0.053804
840000 1.220021 -2.263634 0.007022
850000 1.020810 -2.325844 0.018022
860000 0.950909 -2.138114 -0.080261
870000 0.657437 -2.253080 -0.083017
880000 1.139143 -2.171857 -0.033449
890000 1.309196 -2.406264 0.066865
900000 1.752835 -2.364037 -0.009099
910000 2.041577 -2.309996 0.011174
920000 2.495531 -2.205388 -0.029275
930000 2.318250 -2.114378 -0.096938
940000 1.928258 -2.240703 -0.010366
950000 1.697238 -2.225446 -0.122828
960000 2.848577 -2.233484 -0.031994
970000 3.887241 -2.235719 0.080616
980000 3.842489 -2.285878 -0.011806
990000 3.218556 -2.265506 -0.078291
1000000 3.861491 -2.252565 -0.009220
1010000 4.129463 -2.397329 0.002094
1020000 4.112137 -2.172638 0.065422
1030000 2.858251 -2.273361 -0.086258
1040000 3.448504 -2.226299 0.026738
1050000 2.613227 -2.349332 -0.036528
1060000 2.277014 -2.268123 -0.023725
1070000 1.813848 -2.190418 0.022205
1080000 2.328774 -2.195101 -0.115466
1090000 2.625936 -2.215206 0.093038
1100000 2.096478 -2.287041 0.166240
1110000 1.349146 -2.370437 0.041160
1120000 1.358085 -2.189101 0.110410
1130000 1.172390 -2.262594 0.002710
1140000 0.912572 -2.305126 -0.020655
1150000 1.048547 -2.342084 0.001157
1160000 0.900466 -2.437328 0.106202
1170000 0.621253 -2.287121 -0.018438
1180000 0.686268 -2.367246 0.076324
1190000 0.794541 -2.264554 -0.124209
1200000 1.409532 -2.289835 -0.003164
1210000 1.461890 -2.238646 0.046170
1220000 1.422909 -2.242621 0.006366
1230000 1.965921 -2.298015 -0.034543
1240000 3.385546 -2.215459 0.037256
1250000 4.739061 -2.239571 0.096080
1260000 4.716675 -2.292621 0.053462
1270000 4.125323 -2.278235 -0.036725
1280000 4.492954 -2.183001 -0.043193
1290000 3.605343 -2.304756 -0.009387
1300000 4.245742 -2.248512 0.045447
1310000 4.046623 -2.286394 -0.044444
1320000 2.805432 -2.298445 -0.041509
1330000 3.062513 -2.316249 -0.032528
1340000 3.543340 -2.354110 0.022310
1350000 3.763374 -2.327150 0.098237
1360000 4.297362 -2.226947 0.058530
1370000 4.506224 -2.188950 -0.051878
1380000 4.693298 -2.340310 -0.030998
