100000 2.946847 -2.286662 -1.276844
110000 2.894522 -2.289831 -1.193287
120000 4.625399 -2.209945 -1.267645
130000 4.865882 -2.196150 -1.216833
140000 4.878674 -2.355232 -1.238595
150000 4.646447 -2.329420 -1.130354
160000 3.417800 -2.268735 -1.372691
170000 3.455162 -2.335596 -1.338103
180000 3.057798 -2.255377 -1.208329
190000 1.893684 -2.295528 -1.221358
200000 0.915241 -2.315306 -1.190964
210000 0.709369 -2.287904 -1.389293
220000 0.781690 -2.280069 -1.319224
230000 1.147339 -2.263652 -1.294001
240000 1.842964 -2.230366 -1.288176
250000 2.819759 -2.216731 -1.121375
260000 2.984552 -2.077951 -1.270286
270000 3.903395 -2.320184 -1.110643
280000 3.322659 -2.217984 -1.267796
290000 4.375783 -2.312195 -1.187476
300000 3.713399 -2.354278 -1.249237
310000 4.875343 -2.100160 -1.187013
320000 4.190326 -2.264937 -1.220460
330000 3.175797 -2.245047 -1.096686
340000 2.314131 -2.346390 -1.256708
350000 3.103554 -2.229121 -1.179924
360000 2.934155 -2.387137 -1.280438
370000 2.113955 -2.182446 -1.248136
380000 2.224720 -2.183925 -1.334427
390000 2.219687 -2.295663 -1.140438
400000 1.309939 -2.263367 -1.125968
410000 0.698797 -2.303334 -1.307552
420000 0.860388 -2.233037 -1.157399
430000 1.298302 -2.220304 -1.153313
440000 1.493968 -2.236344 -1.214830
450000 1.947699 -2.301139 -1.185419
460000 2.475063 -2.293179 -1.292346
470000 4.157028 -2.292847 -1.328285
480000 3.731791 -2.190693 -1.206328
490000 4.621336 -2.122837 -1.217886
500000 3.830244 -2.230482 -1.152281
510000 3.062389 -2.355096 -1.280098
520000 3.874188 -2.368243 -1.049011
530000 3.128911 -2.306062 -1.287315
540000 3.361292 -2.391551 -1.341242
550000 4.531851 -2.275718 -1.309525
560000 4.633533 -2.320353 -1.182549
570000 4.080014 -2.347477 -1.214323
580000 2.980243 -2.214668 -1.258426
590000 2.849499 -2.323225 -1.310424
600000 3.381356 -2.259930 -1.211349
610000 1.882029 -2.126554 -1.261918
620000 1.327521 -2.289644 -1.189073
630000 1.596210 -2.252856 -1.315307
640000 2.030299 -2.264524 -1.174125
650000 2.112372 -2.369303 -1.214073
660000 4.440409 -2.292526 -1.152976
670000 4.502742 -2.292376 -1.199858
680000 4.313861 -2.264978 -1.175638
690000 3.411462 -2.324927 -1.091586
700000 3.934034 -2.318327 -1.293777
710000 3.292251 -2.176168 -1.292890
720000 4.238250 -2.341692 -1.211503
730000 4.379044 -2.237603 -1.241981
740000 3.474982 -2.324354 -1.126181
750000 2.866093 -2.348709 -1.157542
760000 2.625364 -2.187524 -1.304795
770000 2.159369 -2.134216 -1.332573
780000 1.625987 -2.248869 -1.307687
790000 1.383032 -2.282755 -1.261712
800000 2.015492 -2.408971 -1.318660
810000 2.348562 -2.231604 -1.150466
820000 1.841105 -2.189392 -1.402776
830000 1.554023 -2.220496 -1.278786
840000 1.282275 -2.338107 -1.235843
850000 1.045747 -2.256270 -1.212350
860000 0.914663 -2.298114 -1.157726
870000 0.612780 -2.342149 -1.219207
880000 0.756632 -2.276914 -1.159794
890000 1.193963 -2.228216 -1.295056
900000 1.166251 -2.399337 -1.281553
910000 0.668755 -2.322580 -1.210458
920000 0.904534 -2.222148 -1.152157
930000 0.721121 -2.354477 -1.321642
940000 0.922577 -2.233722 -1.162878
950000 0.932197 -2.214138 -1.144085
960000 1.274431 -2.321748 -1.155218
970000 1.374494 -2.309363 -1.126995
980000 1.362162 -2.270965 -1.255036
990000 1.596350 -2.220322 -1.161094
1000000 2.061733 -2.259449 -1.148690
1010000 3.112884 -2.237919 -1.166485
1020000 2.715937 -2.213735 -1.261540
1030000 2.612795 -2.290266 -1.081189
1040000 3.366096 -2.345000 -1.183287
1050000 4.307489 -2.217150 -1.113844
1060000 3.620461 -2.282316 -1.164906
1070000 4.952113 -2.374202 -1.181798
1080000 5.024073 -2.189143 -1.277388
1090000 4.497207 -2.185121 -1.203857
1100000 3.347979 -2.255758 -1.261510
1110000 2.253708 -2.180543 -1.300880
1120000 2.249813 -2.221240 -1.112844
1130000 3.382488 -2.266448 -1.226181
1140000 3.524737 -2.330168 -1.262829
1150000 3.871637 -2.115555 -1.144544
1160000 4.539675 -2.307657 -1.082454
1170000 3.920193 -2.346607 -1.238800
1180000 4.201213 -2.208559 -1.250170
1190000 3.503362 -2.281448 -1.238003
1200000 2.631452 -2.264546 -1.202166
1210000 3.250167 -2.403493 -1.210607
1220000 1.884824 -2.329833 -1.303074
1230000 2.222519 -2.210022 -1.244703
1240000 2.757511 -2.258381 -1.297411
1250000 3.224487 -2.264324 -1.206278
1260000 2.792203 -2.348824 -1.296142
1270000 2.656342 -2.223911 -1.181514
1280000 2.232344 -2.173108 -1.242754
1290000 2.733280 -2.241674 -1.208662
1300000 3.502581 -2.251917 -1.158347
1310000 4.056185 -2.327419 -1.239679
1320000 4.825589 -2.305743 -1.110121
1330000 4.391939 -2.207618 -1.288012
1340000 4.704054 -2.357705 -1.197203
1350000 5.085902 -2.209408 -1.256317
1360000 4.701825 -2.168741 -1.299997
1370000 3.453038 -2.258231 -1.136145
1380000 4.053094 -2.348676 -1.268552
1390000 4.888113 -2.303046 -1.228267
1400000 4.185548 -2.400278 -1.316172
1410000 4.342365 -2.204202 -1.208930
1420000 3.055824 -2.217325 -1.212647
1430000 2.188051 -2.312852 -1.293815
1440000 3.110902 -2.318434 -1.299723
1450000 3.697142 -2.186573 -1.235522
1460000 3.335786 -2.185720 -1.036137
1470000 2.273010 -2.333703 -1.168287
1480000 2.099429 -2.341182 -1.325935
1490000 1.872102 -2.274452 -1.178165
1500000 2.212235 -2.147103 -1.044114
1510000 1.463036 -2.335399 -1.279695
1520000 1.795596 -2.325450 -1.151011
1530000 1.913253 -2.305104 -1.227347
1540000 1.400492 -2.319695 -1.329529
1550000 1.789662 -2.314195 -1.285477
1560000 0.506568 -2.410460 -1.206521
1570000 0.503680 -2.340646 -1.249600
1580000 0.905526 -2.366738 -1.177615
1590000 1.053626 -2.288642 -1.290350
1600000 1.217845 -2.290133 -1.229187
1610000 1.294225 -2.194765 -1.254970
1620000 1.128798 -2.314057 -1.234815
1630000 1.010604 -2.289230 -1.241797
1640000 0.975052 -2.236689 -1.252725
1650000 0.816279 -2.479939 -1.261650
1660000 1.185371 -2.203700 -1.248889
1670000 1.674138 -2.267145 -1.289146
1680000 1.287933 -2.364110 -1.356355
1690000 1.336416 -2.262070 -1.156539
1700000 1.222230 -2.393073 -1.221146
1710000 1.677298 -2.304683 -1.247976
1720000 1.982360 -2.177099 -1.085417
1730000 2.023333 -2.391646 -1.143155
1740000 2.284739 -2.230493 -1.131524
1750000 3.399167 -2.171292 -1.223932
1760000 4.493186 -2.236888 -1.251826
1770000 4.438463 -2.214545 -1.143811
1780000 3.969067 -2.167142 -1.172495
1790000 3.754295 -2.293211 -1.216563
1800000 2.798389 -2.295927 -1.283807
1810000 2.564176 -2.288281 -1.363636
1820000 2.876246 -2.307559 -1.134431
1830000 2.921306 -2.324149 -1.226766
1840000 3.880456 -2.353751 -1.188524
1850000 3.284403 -2.327865 -1.172488
1860000 4.748610 -2.158629 -1.166056
1870000 4.491459 -2.344010 -1.159104
1880000 3.514943 -2.268633 -1.249879
1890000 4.923500 -2.382923 -1.275530
1900000 4.932482 -2.452330 -1.242749
1910000 4.391247 -2.228161 -1.231615
1920000 4.461229 -2.209166 -1.195794
1930000 3.860209 -2.304253 -1.194871
1940000 3.292722 -2.407395 -1.149321
1950000 2.411384 -2.200283 -1.198316
1960000 4.260882 -2.088728 -1.068834
1970000 3.522929 -2.251969 -1.257040
1980000 2.572572 -2.202831 -1.184843
1990000 2.354512 -2.171127 -1.227808
2000000 2.140541 -2.312884 -1.189721
2010000 1.867333 -2.205380 -1.074750
2020000 1.615476 -2.341876 -1.282806
2030000 2.630716 -2.286165 -1.212355
2040000 2.709843 -2.268769 -1.260052
2050000 3.234896 -2.321571 -1.302924
2060000 4.166674 -2.249265 -1.310517
2070000 3.402442 -2.262959 -1.276893
2080000 3.189350 -2.248926 -1.278229
2090000 4.645287 -2.181116 -1.125601
2100000 4.535932 -2.094019 -1.133001
2110000 4.844371 -2.270830 -1.217683
2120000 4.116622 -2.267798 -1.348572
2130000 3.814743 -2.333268 -1.201661
2140000 4.807855 -2.356980 -1.235132
2150000 4.104371 -2.374010 -1.258766
2160000 3.548106 -2.336565 -1.370098
2170000 4.067451 -2.228027 -1.241003
2180000 2.877116 -2.285942 -1.168353
2190000 2.848123 -2.312975 -1.182087
2200000 3.133189 -2.202834 -1.163393
2210000 2.451815 -2.322365 -1.192438
2220000 2.228811 -2.229178 -1.160634
2230000 2.395378 -2.271970 -1.254537
2240000 2.742001 -2.244942 -1.258334
2250000 3.886958 -2.310177 -1.271486
2260000 4.401659 -2.311271 -1.185994
2270000 4.142634 -2.255887 -1.262415
2280000 4.020303 -2.119423 -1.237547
2290000 4.242909 -2.178834 -1.158042
2300000 3.333156 -2.261213 -1.194404
2310000 2.434578 -2.236302 -1.142196
2320000 2.559579 -2.230822 -1.220045
2330000 2.647651 -2.390921 -1.250534
2340000 2.152220 -2.168898 -1.243739
2350000 3.399745 -2.093637 -1.159931
2360000 2.628059 -2.328664 -1.254027
2370000 3.245808 -2.334780 -1.139296
2380000 3.912779 -2.260250 -1.206650
2390000 3.589966 -2.225419 -1.234782
2400000 3.424443 -2.168816 -1.252874
2410000 3.234691 -2.274111 -1.165427
2420000 2.521321 -2.300054 -1.312340
2430000 2.082761 -2.383831 -1.156866
2440000 1.552815 -2.425198 -1.244157
2450000 1.608640 -2.253153 -1.114087
2460000 1.752158 -2.203219 -1.086745
2470000 1.858471 -2.356704 -1.107963
2480000 1.198267 -2.314474 -1.231539
2490000 1.068662 -2.306860 -1.222593
2500000 0.901157 -2.263039 -1.291860
2510000 0.900258 -2.237391 -1.225428
2520000 0.843443 -2.359168 -1.110620
2530000 0.767614 -2.251947 -1.186609
2540000 0.780118 -2.290363 -1.082987
2550000 0.873372 -2.246158 -1.251086
2560000 1.109593 -2.173872 -1.161685
2570000 1.015862 -2.315601 -1.127207
2580000 1.255132 -2.258488 -1.140869
2590000 1.267950 -2.232029 -1.090551
2600000 1.531423 -2.211406 -1.162498
2610000 1.684810 -2.248732 -1.150824
2620000 1.365740 -2.192895 -1.232177
2630000 1.441102 -2.260007 -1.245010
2640000 1.913914 -2.136059 -1.239000
2650000 2.035088 -2.307380 -1.214833
2660000 2.017129 -2.191612 -1.170459
2670000 2.514876 -2.324929 -1.138261
2680000 3.464660 -2.292911 -1.222099
2690000 2.959258 -2.307516 -1.319830
2700000 4.098172 -2.215613 -1.169698
2710000 4.554978 -2.235915 -1.267013
2720000 5.064460 -2.344622 -1.321673
2730000 4.820409 -2.315907 -1.330010
2740000 4.572289 -2.375760 -1.172227
2750000 4.331192 -2.315453 -1.083259
2760000 4.807722 -2.263607 -1.270630
2770000 4.670803 -2.245367 -1.213626
2780000 4.094401 -2.288224 -1.057031
2790000 3.680046 -2.260780 -1.156406
2800000 4.890691 -2.202730 -1.181311
2810000 4.582035 -2.329645 -1.300634
2820000 4.416373 -2.295539 -1.239813
2830000 3.750027 -2.131697 -1.173945
2840000 3.651750 -2.219193 -1.334005
2850000 2.511634 -2.209502 -1.272544
2860000 2.251754 -2.339407 -1.128329
2870000 2.003172 -2.262531 -1.268030
2880000 2.619411 -2.299995 -1.301984
2890000 2.685355 -2.145783 -1.237405
2900000 2.904873 -2.154483 -1.290118
2910000 3.230164 -2.392960 -1.068684
2920000 2.873634 -2.209124 -1.155892
2930000 2.705120 -2.398729 -1.194774
2940000 3.415797 -2.371781 -1.195141
2950000 4.989871 -2.238114 -1.238993
2960000 4.188845 -2.234173 -1.237440
2970000 4.302768 -2.207350 -1.221351
2980000 3.985406 -2.226451 -1.216842
2990000 4.049128 -2.158081 -1.214153
3000000 4.517662 -2.288091 -1.436643
3010000 4.942024 -2.170906 -1.254078
3020000 4.374933 -2.226521 -1.126344
3030000 3.831387 -2.198914 -1.244212
3040000 2.603942 -2.175566 -1.152465
3050000 3.271348 -2.154301 -1.189310
3060000 3.446059 -2.294657 -1.263292
3070000 3.417300 -2.268405 -1.193831
3080000 2.697834 -2.246900 -1.128753
3090000 2.268389 -2.214396 -1.294340
3100000 2.463743 -2.388039 -1.207071
3110000 1.834619 -2.291011 -1.218665
3120000 1.470168 -2.326164 -1.288532
3130000 1.286657 -2.239999 -1.164339
3140000 0.818556 -2.378489 -1.203663
3150000 0.620500 -2.330324 -1.205922
3160000 0.715869 -2.321231 -1.211599
3170000 0.504140 -2.458422 -1.184262
3180000 0.499347 -2.473026 -1.195007
3190000 0.732383 -2.241144 -1.266815
3200000 0.713770 -2.254601 -1.322629
3210000 0.683006 -2.297932 -1.146737
3220000 0.564492 -2.175951 -1.183680
3230000 0.502304 -2.184949 -1.202150
3240000 0.875723 -2.354604 -1.205529
3250000 1.093051 -2.284376 -1.178773
3260000 1.142384 -2.226401 -1.176987
3270000 1.619138 -2.374277 -1.259889
3280000 1.437728 -2.291279 -1.163198
3290000 1.579391 -2.302575 -1.210697
3300000 1.437891 -2.246549 -1.256066
3310000 1.761488 -2.379006 -1.106098
3320000 1.653410 -2.134170 -1.291119
3330000 1.765623 -2.187042 -1.132399
3340000 1.915454 -2.240073 -1.164274
3350000 2.154491 -2.260465 -1.257971
3360000 3.070078 -2.223976 -1.193882
3370000 3.012613 -2.198040 -1.234011
3380000 3.387940 -2.263035 -1.159969
3390000 3.913104 -2.214903 -1.340381
3400000 4.082374 -2.261986 -1.259305
3410000 4.804228 -2.351240 -1.109546
3420000 4.937366 -2.275182 -1.119457
3430000 4.840835 -2.270731 -1.257791
3440000 4.793544 -2.264243 -1.217950
3450000 3.744642 -2.246012 -1.175955
3460000 4.176491 -2.325609 -1.266632
3470000 3.643672 -2.300271 -1.188200
3480000 3.817686 -2.202746 -1.203641
3490000 3.268738 -2.170051 -1.186052
3500000 3.547284 -2.310614 -1.207969
3510000 3.533482 -2.240217 -1.145804
3520000 4.159395 -2.299463 -1.161228
3530000 3.800525 -2.319872 -1.322851
3540000 4.043063 -2.219000 -1.230417
3550000 2.683762 -2.317980 -1.212955
3560000 2.491203 -2.245892 -1.260152
3570000 3.003203 -2.238541 -1.216844
3580000 2.541164 -2.299030 -1.253364
3590000 2.171127 -2.213225 -1.283616
3600000 2.562132 -2.356437 -1.202627
3610000 2.155796 -2.247120 -1.109925
3620000 2.271787 -2.307949 -1.180485
3630000 1.953770 -2.215052 -1.150665
3640000 1.619413 -2.250729 -1.277266
3650000 2.272619 -2.272843 -1.311336
3660000 2.006425 -2.434836 -1.313428
3670000 3.443160 -2.310754 -1.263294
3680000 3.400841 -2.205869 -1.210327
3690000 3.203679 -2.298244 -1.294717
3700000 3.691435 -2.271199 -1.116785
3710000 4.905242 -2.368883 -1.166991
3720000 5.060638 -2.360178 -1.127003
3730000 4.618367 -2.285625 -1.287776
3740000 4.254673 -2.231144 -1.226125
3750000 4.004903 -2.236292 -1.183220
3760000 3.407944 -2.225182 -1.063883
3770000 4.798566 -2.227002 -1.079667
3780000 4.343138 -2.473072 -1.236689
3790000 3.552500 -2.217546 -1.252720
3800000 2.949587 -2.287281 -1.239974
3810000 2.871213 -2.321100 -1.167458
3820000 2.695601 -2.367906 -1.268345
3830000 2.996419 -2.239343 -1.261748
3840000 2.940020 -2.292370 -1.213341
3850000 2.968629 -2.320961 -1.314695
3860000 2.233161 -2.266579 -1.173418
3870000 2.264971 -2.236923 -1.142945
3880000 2.612478 -2.229416 -1.174838
3890000 2.084918 -2.156839 -1.298079
3900000 1.953363 -2.291838 -1.263993
3910000 1.973894 -2.128082 -1.093669
3920000 2.098541 -2.243990 -1.206964
3930000 2.362355 -2.168675 -1.282479
3940000 2.471489 -2.201393 -1.224756
3950000 3.046421 -2.199617 -1.286598
3960000 2.776650 -2.346872 -1.231181
3970000 1.957013 -2.166070 -1.171216
3980000 2.013648 -2.289225 -1.185219
3990000 1.276627 -2.342596 -1.272034
4000000 1.770135 -2.228962 -1.186197
