100000 3.545786 2.519627 1.723477
110000 4.300730 2.583119 1.805550
120000 3.911905 2.533188 1.753459
130000 3.890635 2.678759 1.644716
140000 4.300775 2.608716 1.843095
150000 3.128034 2.551232 1.811650
160000 2.967104 2.673239 1.714398
170000 2.847473 2.637679 1.770409
180000 1.864328 2.508638 1.648374
190000 1.807488 2.740386 1.705623
200000 0.974971 2.705370 1.715329
210000 1.041375 2.564376 1.820006
220000 0.861468 2.692987 1.669799
230000 1.183519 2.675939 1.677529
240000 1.666444 2.542899 1.727005
250000 1.443601 2.675370 1.705501
260000 1.159337 2.747142 1.927839
270000 1.780442 2.596762 1.678374
280000 1.790537 2.680098 1.794217
290000 1.357943 2.587801 1.791453
300000 1.069556 2.592786 1.710875
310000 1.421789 2.487495 1.658008
320000 1.612726 2.555819 1.668039
330000 1.544184 2.577260 1.695658
340000 1.283197 2.568211 1.793852
350000 1.686704 2.620327 1.757834
360000 2.462756 2.589841 1.691006
370000 2.627477 2.695272 1.767216
380000 3.779000 2.631642 1.684552
390000 4.135498 2.541231 1.694046
400000 4.131965 2.791859 1.827933
410000 4.678157 2.730281 1.782319
420000 4.418226 2.717987 1.818093
430000 3.871251 2.650559 1.747778
440000 2.770344 2.750584 1.751684
450000 3.265379 2.580627 1.649245
460000 2.662218 2.764184 1.585364
470000 3.034804 2.749878 1.552834
480000 4.171559 2.563971 1.764128
490000 4.179928 2.680099 1.711842
500000 4.917554 2.584355 1.744075
510000 3.066617 2.674598 1.713347
520000 2.180082 2.534201 1.533119
530000 2.477091 2.578645 1.827257
540000 2.276481 2.599247 1.947436
550000 3.165371 2.691576 1.707848
560000 3.601606 2.611412 1.809803
570000 4.145610 2.651211 1.675015
580000 3.309641 2.681412 1.772183
590000 3.992038 2.571544 1.826185
600000 4.028892 2.628513 1.750925
610000 4.904416 2.591620 1.742826
620000 4.263904 2.629867 1.617086
630000 4.181363 2.443912 1.753304
640000 4.209207 2.758390 1.849610
650000 4.522652 2.663513 1.684137
660000 4.577515 2.679389 1.782544
670000 4.918228 2.535973 1.755376
680000 3.301837 2.557026 1.693953
690000 2.207681 2.556091 1.836225
700000 3.190431 2.585735 1.801722
710000 3.320443 2.581851 1.831872
720000 2.612308 2.561401 1.805403
730000 2.007014 2.639588 1.901072
740000 2.091695 2.587784 1.736403
750000 2.557675 2.629778 1.640298
760000 1.848438 2.589446 1.811940
770000 1.825122 2.673960 1.752602
780000 1.722748 2.653172 1.717546
790000 1.454483 2.581463 1.777061
800000 1.438701 2.705519 1.749979
810000 1.790474 2.687811 1.759942
820000 2.098763 2.498044 1.748652
830000 2.916542 2.715127 1.713866
840000 3.487938 2.611398 1.609337
850000 3.595597 2.685419 1.774467
860000 4.073395 2.523468 1.635118
870000 3.099198 2.690948 1.590214
880000 2.622794 2.583397 1.698222
890000 3.558620 2.664816 1.628174
900000 3.248633 2.606396 1.699222
910000 4.271463 2.703385 1.711780
920000 4.286076 2.677189 1.663107
930000 3.928943 2.586599 1.759204
940000 4.867082 2.668055 1.745139
950000 4.944440 2.619131 1.862023
960000 4.539327 2.618845 1.657305
970000 4.097313 2.629288 1.838907
980000 3.748995 2.550664 1.705592
990000 3.126978 2.515384 1.796835
1000000 2.505733 2.526769 1.867026
1010000 2.609233 2.679711 1.889665
1020000 2.347846 2.552239 1.769950
1030000 2.604980 2.703306 1.746544
1040000 3.047849 2.659955 1.690426
1050000 3.240800 2.576269 1.794067
1060000 4.411265 2.595756 1.788305
1070000 4.658720 2.709722 1.780275
1080000 3.874188 2.574721 1.784185
1090000 3.825813 2.720533 1.857908
1100000 3.082313 2.596948 1.807373
1110000 3.189293 2.681837 1.630219
1120000 3.522355 2.608402 1.811605
1130000 3.996322 2.609630 1.822427
1140000 4.133843 2.706504 1.690769
1150000 4.741744 2.567757 1.763561
1160000 3.329387 2.666510 1.669735
1170000 2.781884 2.661833 1.645313
1180000 2.304187 2.589140 1.728869
1190000 2.070512 2.620131 1.816809
1200000 2.827006 2.587118 1.725154
1210000 2.489592 2.640116 1.626422
1220000 2.422102 2.611421 1.743033
1230000 1.717489 2.651005 1.702470
1240000 1.157983 2.531884 1.872455
1250000 1.131140 2.553081 1.741091
1260000 0.934083 2.802429 1.818585
1270000 1.053325 2.682903 1.848862
1280000 1.017081 2.674099 1.816519
1290000 1.268871 2.529221 1.752258
1300000 0.951319 2.878151 1.820248
1310000 0.896973 2.584795 1.870274
1320000 0.727638 2.631569 1.814122
1330000 0.880759 2.699337 1.766309
1340000 1.259491 2.629400 1.733127
1350000 1.545306 2.574393 1.719963
1360000 1.599112 2.562838 1.796920
1370000 1.844851 2.639008 1.713818
1380000 1.093144 2.567191 1.788527
1390000 1.238376 2.764551 1.769205
1400000 1.411870 2.516411 1.770910
1410000 1.689411 2.658443 1.806745
1420000 2.038975 2.655853 1.595317
1430000 2.425131 2.576153 1.718145
1440000 2.217932 2.561620 1.758000
1450000 2.687609 2.645870 1.676554
1460000 2.980351 2.611404 1.754243
1470000 2.627083 2.683903 1.746020
1480000 2.522486 2.507722 1.702677
1490000 2.899862 2.646294 1.728098
1500000 3.478924 2.633882 1.773042
1510000 4.046696 2.582903 1.720977
1520000 4.985700 2.639562 1.668034
1530000 4.899134 2.459623 1.715604
1540000 4.766357 2.688907 1.686696
1550000 4.671203 2.565896 1.826318
1560000 4.009418 2.760498 1.814514
1570000 3.660817 2.622829 1.670447
1580000 3.334889 2.614663 1.862879
1590000 3.986182 2.652294 1.690830
1600000 3.356250 2.636444 1.778839
1610000 3.789110 2.683452 1.705400
1620000 3.358181 2.687568 1.646332
1630000 2.515439 2.755314 1.719787
1640000 2.671097 2.662883 1.738848
1650000 4.033366 2.591710 1.700742
1660000 2.586801 2.669778 1.793349
1670000 1.975125 2.626462 1.669270
1680000 2.049978 2.606080 1.730789
1690000 1.873806 2.629324 1.744866
1700000 1.699324 2.614899 1.823934
1710000 2.101221 2.596979 1.671077
1720000 2.552250 2.528710 1.749202
1730000 3.149046 2.588269 1.650603
1740000 4.072483 2.562797 1.641591
1750000 4.251232 2.606390 1.802852
1760000 4.486191 2.618924 1.736598
1770000 4.924083 2.705505 1.779894
1780000 4.642281 2.666376 1.768045
1790000 4.167678 2.627320 1.778128
1800000 3.372304 2.617249 1.813089
1810000 4.217224 2.563696 1.656189
1820000 4.679466 2.558425 1.703826
1830000 4.485945 2.599028 1.689703
1840000 4.960840 2.594871 1.744243
1850000 4.356023 2.545798 1.721382
1860000 4.891636 2.601222 1.810917
1870000 4.993617 2.737534 1.671693
1880000 3.739320 2.582208 1.656918
1890000 3.541740 2.551489 1.769587
1900000 3.021407 2.559703 1.734999
1910000 2.434411 2.612113 1.686262
1920000 1.799546 2.703755 1.667800
1930000 0.965988 2.731422 1.821686
1940000 0.594080 2.580196 1.832600
1950000 0.668378 2.709113 1.758997
1960000 0.742151 2.586556 1.792998
1970000 0.787417 2.679189 1.657741
1980000 1.037851 2.663077 1.729610
1990000 1.062162 2.727319 1.636942
2000000 0.734988 2.768329 1.787042
2010000 1.029906 2.633788 1.775491
2020000 0.918446 2.525555 1.748316
2030000 1.054913 2.699724 1.765258
2040000 1.482404 2.644207 1.769008
2050000 1.431244 2.743675 1.734370
2060000 1.340506 2.647890 1.690760
2070000 1.656908 2.509296 1.639922
2080000 1.756381 2.745138 1.811122
2090000 1.780994 2.750737 1.761608
2100000 1.327324 2.682888 1.659433
2110000 1.512246 2.670652 1.753706
2120000 1.262912 2.613014 1.810422
2130000 1.513892 2.507790 1.852501
2140000 1.639403 2.579867 1.725798
2150000 1.144588 2.581185 1.576539
2160000 1.037434 2.649077 1.666747
2170000 0.615600 2.689641 1.871018
2180000 0.755036 2.696074 1.810840
2190000 0.499447 2.646882 1.729732
2200000 0.669178 2.574978 1.698970
2210000 0.584322 2.687665 1.771354
2220000 0.786970 2.583409 1.788773
2230000 0.890989 2.641954 1.720261
2240000 0.873415 2.609494 1.677038
2250000 0.905150 2.576935 1.738862
2260000 1.057240 2.565950 1.685811
2270000 1.161712 2.620887 1.754768
2280000 1.085560 2.692051 1.775745
2290000 1.098763 2.559256 1.828687
2300000 1.385688 2.650637 1.713572
2310000 1.429758 2.658926 1.675825
2320000 1.807991 2.661446 1.588240
2330000 2.054423 2.715355 1.764633
2340000 1.846537 2.654844 1.714738
2350000 2.528316 2.644978 1.737980
2360000 3.304418 2.580574 1.755876
2370000 3.638561 2.602821 1.714647
2380000 3.518651 2.547017 1.728222
2390000 3.423348 2.606530 1.822616
2400000 2.861756 2.664759 1.735570
2410000 2.659244 2.595050 1.953818
2420000 2.962915 2.717360 1.789969
2430000 4.379491 2.605855 1.754681
2440000 4.335049 2.484502 1.858661
2450000 4.306649 2.610774 1.802278
2460000 3.716604 2.691455 1.706221
2470000 2.218210 2.677552 1.642891
2480000 2.358656 2.622824 1.632017
2490000 2.489553 2.519997 1.714976
2500000 2.419336 2.718183 1.637263
2510000 3.255901 2.600654 1.881192
2520000 3.965287 2.661613 1.800933
2530000 3.265686 2.553660 1.813007
2540000 3.407391 2.548660 1.844771
2550000 4.413371 2.634822 1.537810
2560000 4.694961 2.586954 1.812265
2570000 4.590700 2.494980 1.868430
2580000 4.354319 2.485906 1.749523
2590000 3.787443 2.653289 1.730206
2600000 3.890592 2.607258 1.756458
2610000 4.450368 2.731988 1.746103
2620000 4.738250 2.642676 1.846433
2630000 4.021147 2.588107 1.670244
2640000 3.404738 2.510686 1.763556
2650000 3.283057 2.628767 1.742624
2660000 3.738682 2.622925 1.659149
2670000 4.411391 2.685634 1.746288
2680000 4.965805 2.651841 1.754526
2690000 4.747966 2.575648 1.607798
2700000 2.986050 2.802086 1.811975
2710000 2.855399 2.694497 1.739581
2720000 2.789980 2.651072 1.848161
2730000 2.104220 2.683074 1.789752
2740000 2.260334 2.685961 1.678216
2750000 2.079467 2.694185 1.809788
2760000 1.991018 2.654153 1.826150
2770000 2.621818 2.689935 1.737257
2780000 2.711059 2.638590 1.797407
2790000 3.232887 2.626145 1.728079
2800000 4.164693 2.707194 1.674853
2810000 3.042816 2.637293 1.767212
2820000 2.524164 2.582193 1.674487
2830000 2.604145 2.711731 1.787958
2840000 3.626985 2.514425 1.701830
2850000 3.852782 2.490336 1.616261
2860000 4.115563 2.730954 1.777388
2870000 4.117272 2.538051 1.672865
2880000 4.169337 2.640552 1.795913
2890000 4.751744 2.621725 1.728458
2900000 4.623656 2.532015 1.714009
2910000 4.137016 2.630411 1.674829
2920000 4.489889 2.710839 1.858809
2930000 4.581843 2.602472 1.663753
2940000 4.422358 2.635091 1.877654
2950000 2.816248 2.505522 1.755895
2960000 3.198167 2.575020 1.737016
2970000 2.327968 2.626410 1.701380
2980000 2.033600 2.477505 1.581710
2990000 2.900787 2.690955 1.855457
3000000 2.815838 2.714629 1.701685
3010000 3.615770 2.610584 1.720209
3020000 4.298007 2.706123 1.727794
3030000 3.738905 2.677978 1.586218
3040000 4.521637 2.524821 1.815482
3050000 4.587387 2.497365 1.662510
3060000 4.507857 2.520392 1.738288
3070000 3.894102 2.500235 1.782570
3080000 4.316696 2.601241 1.813417
3090000 4.393487 2.568899 1.609028
3100000 4.980641 2.756559 1.807243
3110000 4.847737 2.673038 1.710973
3120000 3.858810 2.643383 1.829365
3130000 3.376472 2.592983 1.786616
3140000 3.300541 2.616448 1.821696
3150000 3.185207 2.571101 1.577757
3160000 3.721192 2.551320 1.699417
3170000 3.677874 2.617437 1.792631
3180000 2.854950 2.659182 1.682500
3190000 2.756864 2.618958 1.695181
3200000 1.980514 2.617607 1.637090
3210000 2.000604 2.721786 1.753929
3220000 1.679980 2.588251 1.671424
3230000 1.567423 2.495053 1.828728
3240000 1.711767 2.618949 1.661876
3250000 1.520507 2.661928 1.766776
3260000 1.729886 2.773523 1.818657
3270000 2.413204 2.560421 1.653313
3280000 2.273419 2.635663 1.756799
3290000 2.259631 2.482302 1.711478
3300000 2.500091 2.705347 1.821491
3310000 2.099532 2.572101 1.675252
3320000 2.498959 2.599759 1.782297
3330000 2.978110 2.573724 1.686202
3340000 3.056655 2.611643 1.680726
3350000 3.833038 2.644637 1.935795
3360000 4.912320 2.542367 1.812842
3370000 4.120622 2.569690 1.585680
3380000 4.162377 2.680964 1.711395
3390000 3.589110 2.698159 1.731043
3400000 3.303856 2.566964 1.748202
3410000 3.094387 2.579747 1.693626
3420000 2.789321 2.730743 1.755196
3430000 2.444112 2.459165 1.616702
3440000 2.776278 2.604150 1.673742
3450000 2.616512 2.595631 1.746564
3460000 2.028495 2.723259 1.699546
3470000 2.095644 2.588554 1.704108
3480000 1.910460 2.645425 1.727727
3490000 1.795401 2.604494 1.673792
3500000 1.724316 2.549473 1.722280
3510000 1.871844 2.432609 1.724337
3520000 2.414372 2.590281 1.624965
3530000 2.742590 2.606796 1.672920
3540000 3.735165 2.556905 1.760088
3550000 3.693336 2.695496 1.819664
3560000 4.747529 2.514690 1.738160
3570000 4.630018 2.603641 1.748802
3580000 5.042586 2.632735 1.875100
3590000 4.910561 2.634581 1.704713
3600000 4.115221 2.707902 1.748525
3610000 3.888449 2.502757 1.621540
3620000 4.098273 2.501383 1.618561
3630000 4.099099 2.666888 1.637401
3640000 4.100025 2.540323 1.844368
3650000 4.798671 2.621537 1.875997
3660000 4.559739 2.603254 1.631534
3670000 3.973533 2.545231 1.784636
3680000 3.798899 2.514575 1.574026
3690000 2.993154 2.703242 1.652204
3700000 2.973600 2.569485 1.722142
3710000 1.814725 2.589527 1.768820
3720000 2.420146 2.627888 1.730598
3730000 2.678738 2.581911 1.857860
3740000 2.307327 2.550343 1.773847
3750000 2.664257 2.623694 1.744281
3760000 1.898314 2.569225 1.849578
3770000 1.906004 2.597272 1.595679
3780000 2.168881 2.567424 1.720872
3790000 2.771193 2.585495 1.779844
3800000 2.508490 2.569067 1.707399
3810000 2.895369 2.689225 1.756500
3820000 3.391068 2.609637 1.740498
3830000 3.870231 2.612227 1.879466
3840000 4.260133 2.634131 1.660474
3850000 4.978435 2.628622 1.719511
3860000 4.860433 2.557274 1.740405
3870000 4.990191 2.656156 1.773637
3880000 4.927372 2.572928 1.643395
3890000 4.861326 2.543109 1.703361
3900000 4.472915 2.706713 1.660387
3910000 3.681077 2.535855 1.689160
3920000 3.579443 2.529618 1.637591
3930000 3.644757 2.671311 1.843488
3940000 3.779234 2.557551 1.717111
3950000 3.448697 2.706280 1.753790
3960000 3.038883 2.704468 1.654280
3970000 3.180390 2.645094 1.773174
3980000 3.156579 2.639597 1.769726
3990000 2.753152 2.430974 1.661497
4000000 3.028066 2.552327 1.616472
