100000 2.298425 -2.528612 0.865882
110000 3.097257 -2.443979 0.918600
120000 3.937461 -2.366762 0.830692
130000 4.394029 -2.492189 0.827066
140000 3.949487 -2.465682 0.829750
150000 4.712816 -2.432089 0.812874
160000 2.108989 -2.363168 0.875932
170000 1.382694 -2.570980 0.835362
180000 0.958691 -2.470488 0.785320
190000 1.745555 -2.442371 0.937668
200000 2.216698 -2.459857 0.895586
210000 2.250318 -2.504751 0.870291
220000 3.444576 -2.422218 0.889514
230000 3.951872 -2.539885 0.763855
240000 2.858472 -2.412454 0.857247
250000 2.413478 -2.389035 0.999595
260000 2.047376 -2.374863 0.859389
270000 1.636706 -2.408506 0.913149
280000 2.072188 -2.365394 0.879408
290000 2.506256 -2.466919 0.902173
300000 3.186239 -2.438587 0.903171
310000 3.663165 -2.376034 0.840432
320000 3.842069 -2.495590 0.704422
330000 4.885104 -2.468043 0.800554
340000 4.972738 -2.311708 0.690938
350000 3.776853 -2.449401 0.790104
360000 3.478682 -2.408148 0.889853
370000 2.227365 -2.372661 0.823360
380000 1.288535 -2.392239 0.726248
390000 0.940172 -2.318600 0.892505
400000 0.985714 -2.509881 0.850664
410000 1.489773 -2.370025 0.870601
420000 1.703701 -2.422540 0.684873
430000 0.999926 -2.472087 0.902530
440000 0.771383 -2.356068 0.880245
450000 0.988335 -2.468470 0.894933
460000 1.371382 -2.415475 0.817049
470000 1.676218 -2.364686 0.775367
480000 1.740943 -2.390191 0.860661
490000 2.636857 -2.468429 0.874552
500000 2.960155 -2.344807 0.815367
510000 3.790916 -2.411806 0.927853
520000 4.508090 -2.513549 0.819258
530000 4.438538 -2.541519 0.895899
540000 4.104247 -2.382793 0.919422
550000 3.018103 -2.422806 0.870383
560000 2.760121 -2.523636 0.752401
570000 2.575032 -2.477241 0.812571
580000 4.115023 -2.469393 0.889193
590000 4.483224 -2.455053 0.761473
600000 3.627252 -2.499900 0.733941
610000 4.464155 -2.516879 0.831993
620000 4.900471 -2.453191 0.841746
630000 4.235929 -2.403800 0.864401
640000 4.790710 -2.533866 0.918316
650000 2.736729 -2.365877 0.878600
660000 2.735673 -2.470119 0.914809
670000 1.615408 -2.371451 0.824020
680000 1.391913 -2.433832 0.867378
690000 1.107153 -2.483219 0.901458
700000 1.584719 -2.488948 0.901513
710000 2.399336 -2.598665 0.949009
720000 3.015066 -2.406508 0.982676
730000 3.636386 -2.373859 0.916541
740000 3.993893 -2.549764 0.964048
750000 2.644114 -2.543553 1.021814
760000 2.704238 -2.405255 0.941499
770000 1.796133 -2.438591 0.957665
780000 2.233112 -2.343255 0.839499
790000 1.861206 -2.408143 0.934236
800000 4.038505 -2.378697 0.803849
810000 4.511705 -2.369698 0.977244
820000 3.372515 -2.514670 0.892812
830000 3.564697 -2.424470 0.837724
840000 4.280118 -2.372395 0.886313
850000 4.893487 -2.398232 0.940168
860000 4.480895 -2.516894 0.836305
870000 3.430314 -2.472276 0.878904
880000 3.908842 -2.544967 0.729096
890000 4.569249 -2.441254 0.849143
900000 2.939628 -2.397561 0.951464
910000 3.608849 -2.314744 0.785098
920000 2.905608 -2.488024 0.789564
930000 2.313269 -2.563756 0.888268
940000 1.719473 -2.473411 0.841344
950000 1.807707 -2.428910 0.828163
960000 1.381711 -2.433647 0.912506
970000 0.884359 -2.425181 0.764771
980000 0.797146 -2.438916 0.807322
990000 0.682792 -2.524014 0.919882
1000000 0.613799 -2.411366 0.829630
1010000 0.781759 -2.362313 0.947326
1020000 0.716053 -2.439851 0.909642
1030000 1.035688 -2.417692 0.780714
1040000 1.393320 -2.512287 0.840303
1050000 0.969009 -2.277183 0.742492
1060000 0.935058 -2.375782 0.937215
1070000 1.590575 -2.451083 0.925106
1080000 1.994105 -2.464586 0.927921
1090000 2.467840 -2.367335 0.870399
1100000 2.654296 -2.534162 0.921816
1110000 3.247201 -2.432730 0.948841
1120000 3.525829 -2.361179 1.035512
1130000 2.703696 -2.458894 0.833773
1140000 3.122892 -2.542315 0.756942
1150000 4.449095 -2.549078 1.011292
1160000 4.307983 -2.591180 0.721928
1170000 3.986207 -2.477413 0.754368
1180000 2.874620 -2.439355 0.908862
1190000 2.138868 -2.472753 0.738223
1200000 1.528695 -2.428455 0.870702
1210000 2.626883 -2.461883 0.811444
1220000 2.688010 -2.470797 0.855784
1230000 3.488848 -2.478836 0.933804
1240000 4.675435 -2.489308 0.836804
1250000 4.696725 -2.434144 0.992322
1260000 4.836806 -2.479070 0.909670
1270000 4.849737 -2.371007 0.918076
1280000 5.002382 -2.318121 0.882921
1290000 2.748003 -2.352587 0.915768
1300000 1.882184 -2.455847 0.885736
1310000 1.420610 -2.362630 0.817946
1320000 1.776688 -2.465636 0.920375
1330000 2.116373 -2.465622 1.051492
1340000 2.859328 -2.444784 0.873723
1350000 3.017241 -2.381536 0.935551
1360000 3.182028 -2.496601 0.770826
1370000 3.690783 -2.518347 0.894962
1380000 4.324613 -2.441915 0.826313
1390000 3.954276 -2.427611 0.902332
1400000 4.540769 -2.378313 0.814893
1410000 4.900947 -2.412782 0.854519
1420000 4.124061 -2.429922 0.813664
1430000 3.567897 -2.330907 0.846591
1440000 3.376347 -2.430378 0.890630
1450000 2.857453 -2.404555 0.954474
1460000 3.009510 -2.279469 0.832239
1470000 2.707158 -2.434858 0.962344
1480000 2.521604 -2.483226 0.930913
1490000 1.791097 -2.289687 0.873159
1500000 1.215916 -2.540425 0.738570
1510000 1.243278 -2.406703 0.933343
1520000 1.424275 -2.413565 0.815688
1530000 0.959930 -2.447686 0.927671
1540000 0.859457 -2.536374 0.874818
1550000 0.656444 -2.480337 0.910637
1560000 1.189749 -2.416708 0.912915
1570000 0.814000 -2.388473 0.902620
1580000 0.900722 -2.337288 0.897439
1590000 1.115988 -2.394984 0.753728
1600000 1.422403 -2.463201 0.930717
1610000 1.652988 -2.405472 0.822063
1620000 1.597764 -2.414450 0.831197
1630000 1.951745 -2.432313 0.835181
1640000 1.862336 -2.416307 0.920715
1650000 2.261138 -2.355863 0.946673
1660000 2.050186 -2.437952 0.971703
1670000 1.512197 -2.407945 0.878505
1680000 1.399559 -2.493015 0.918180
1690000 1.070368 -2.544451 0.853901
1700000 1.399683 -2.538256 0.783530
1710000 1.632078 -2.488901 0.929240
1720000 2.022080 -2.421078 0.830661
1730000 2.886149 -2.389107 0.796788
1740000 4.208999 -2.429247 0.793755
1750000 4.623327 -2.424242 0.914976
1760000 4.958026 -2.378643 0.887188
1770000 4.578834 -2.422447 0.851393
1780000 4.223787 -2.279158 0.791230
1790000 3.986318 -2.422806 0.906610
1800000 4.896249 -2.376215 0.826743
1810000 4.742242 -2.397935 0.828915
1820000 4.386425 -2.435759 0.873534
1830000 4.542547 -2.362554 1.000319
1840000 3.909545 -2.497244 0.817126
1850000 3.789300 -2.532410 0.738827
1860000 4.502904 -2.404467 0.815387
1870000 3.718676 -2.586213 0.891723
1880000 3.347202 -2.578059 0.895763
1890000 2.903795 -2.400331 0.918358
1900000 2.873589 -2.402799 0.824394
1910000 2.928556 -2.499718 0.936577
1920000 2.404395 -2.460145 0.801133
1930000 2.176722 -2.533602 0.943506
1940000 2.174887 -2.473102 0.849745
1950000 1.504433 -2.405948 0.866876
1960000 2.188007 -2.398375 0.968273
1970000 1.856210 -2.369566 0.794455
1980000 1.736475 -2.416163 0.731251
1990000 2.080337 -2.532627 0.799906
2000000 1.281730 -2.479810 0.885606
2010000 1.043243 -2.392875 0.831127
2020000 1.144000 -2.571378 0.690177
2030000 1.331229 -2.464580 0.945883
2040000 1.026983 -2.587266 0.899605
2050000 1.492327 -2.410109 1.033733
2060000 1.065707 -2.574212 0.905840
2070000 0.775895 -2.490745 0.916401
2080000 0.898601 -2.502935 0.888425
2090000 1.238809 -2.479984 0.939489
2100000 1.231763 -2.369240 0.872842
2110000 1.647153 -2.455604 0.882933
2120000 2.734412 -2.565171 0.874813
2130000 3.118410 -2.354708 0.933287
2140000 3.365586 -2.443599 0.833199
2150000 4.307566 -2.452898 0.999953
2160000 4.683164 -2.566872 0.853969
2170000 4.350512 -2.383265 0.934960
2180000 3.826407 -2.512189 0.899338
2190000 3.901412 -2.349621 0.889051
2200000 3.740809 -2.451808 0.946350
2210000 2.839377 -2.302019 0.890518
2220000 2.500116 -2.383788 0.896569
2230000 2.504621 -2.483186 0.829358
2240000 3.731633 -2.367998 0.825766
2250000 4.759572 -2.498159 0.985442
2260000 4.898662 -2.465887 0.935611
2270000 4.787059 -2.386872 0.929424
2280000 4.504381 -2.417110 0.887799
2290000 4.406157 -2.425111 0.847298
2300000 3.378443 -2.551907 0.993801
2310000 3.791180 -2.451053 0.899851
2320000 2.822150 -2.550482 0.746998
2330000 3.255038 -2.293934 0.921727
2340000 3.322822 -2.426639 0.754811
2350000 3.003792 -2.361670 0.851738
2360000 2.909476 -2.480641 0.937652
2370000 3.929909 -2.493454 0.968760
2380000 3.503197 -2.519843 0.903520
2390000 4.548775 -2.409622 0.853357
2400000 4.438120 -2.508273 0.823080
2410000 3.503785 -2.455876 0.823282
2420000 3.708366 -2.455040 0.925588
2430000 4.700722 -2.547357 0.995998
2440000 4.924203 -2.508739 0.836944
2450000 4.321066 -2.506611 0.837598
2460000 4.942935 -2.447572 0.882862
2470000 3.788741 -2.543826 0.913636
2480000 2.976870 -2.542950 0.781224
2490000 3.023547 -2.494542 0.911779
2500000 2.507122 -2.343576 0.917637
2510000 2.305215 -2.400518 0.947645
2520000 1.910813 -2.528125 0.822850
2530000 2.549849 -2.466800 0.852042
2540000 2.491670 -2.492436 0.770298
2550000 3.201515 -2.444878 0.780750
2560000 2.800191 -2.432434 0.913603
2570000 2.658772 -2.486403 0.996948
2580000 4.029340 -2.372779 0.853640
2590000 3.921284 -2.441499 0.734031
2600000 4.926324 -2.426461 0.808892
2610000 4.614669 -2.482767 0.802311
2620000 3.632117 -2.516349 0.847512
2630000 3.991315 -2.394279 0.873198
2640000 3.487887 -2.482616 0.878554
2650000 3.236811 -2.470661 0.795304
2660000 3.336713 -2.410212 0.716712
2670000 3.068909 -2.442193 0.905719
2680000 2.944740 -2.474624 0.888902
2690000 3.393237 -2.463130 0.886285
2700000 2.616976 -2.497206 0.882563
2710000 2.101295 -2.391614 0.799195
2720000 2.053227 -2.416150 0.878013
2730000 2.027464 -2.422771 0.876098
2740000 1.892099 -2.374156 1.008190
2750000 2.359050 -2.521152 0.964832
2760000 2.510486 -2.435616 0.863212
2770000 2.029177 -2.339274 0.917698
2780000 1.786199 -2.445714 0.903836
2790000 1.172052 -2.513291 0.840201
2800000 1.169405 -2.444221 0.889954
2810000 1.229156 -2.299382 0.887264
2820000 1.148591 -2.367192 0.865409
2830000 1.075821 -2.460430 0.880637
2840000 1.577657 -2.400694 0.865780
2850000 1.541053 -2.443566 0.900447
2860000 1.719906 -2.565078 0.850903
2870000 1.753909 -2.554141 0.684410
2880000 1.907198 -2.339538 0.840325
2890000 2.056053 -2.502824 0.880512
2900000 1.902374 -2.488011 0.863004
2910000 1.692999 -2.536718 0.796292
2920000 1.619413 -2.621874 0.939195
2930000 1.378721 -2.594949 0.822092
2940000 0.501318 -2.602283 0.919532
2950000 0.632810 -2.450258 0.875135
2960000 0.614403 -2.428259 0.870280
2970000 0.507562 -2.493755 0.966870
2980000 0.645589 -2.323604 0.938347
2990000 0.811960 -2.415786 0.967248
3000000 0.792105 -2.415937 0.915565
3010000 0.872198 -2.333204 0.997504
3020000 0.772259 -2.528286 0.838775
3030000 0.782260 -2.528521 0.802024
3040000 1.032495 -2.354443 0.895819
3050000 0.996455 -2.476947 0.855357
3060000 0.682476 -2.458748 0.846763
3070000 0.503639 -2.481740 0.888664
3080000 0.608784 -2.558407 0.889567
3090000 0.503953 -2.407366 0.664006
3100000 0.482473 -2.529458 1.018158
3110000 0.791544 -2.412228 0.752905
3120000 1.046085 -2.458089 0.860097
3130000 0.814415 -2.429793 0.953063
3140000 1.086984 -2.395754 0.877011
3150000 0.959802 -2.500284 0.966356
3160000 0.831835 -2.457175 0.832618
3170000 1.016843 -2.428472 0.892846
3180000 0.495876 -2.579356 0.968106
3190000 0.642106 -2.515337 0.915583
3200000 0.715007 -2.455530 0.992987
3210000 0.604166 -2.597444 0.816206
3220000 0.692636 -2.448952 0.971032
3230000 0.803537 -2.487622 0.887691
3240000 0.767534 -2.582816 0.953283
3250000 0.560389 -2.630794 0.926978
3260000 0.674144 -2.343034 0.854354
3270000 0.802299 -2.403457 0.842485
3280000 1.376520 -2.401079 0.964985
3290000 1.191514 -2.496296 1.008802
3300000 1.377001 -2.514211 0.934601
3310000 1.688541 -2.378434 0.888418
3320000 2.651226 -2.459187 0.863204
3330000 3.723089 -2.402355 0.862796
3340000 4.754805 -2.573931 0.938494
3350000 4.218215 -2.417890 0.820011
3360000 4.560592 -2.326720 0.856895
3370000 3.775551 -2.489645 0.994949
3380000 4.807819 -2.500587 0.865299
3390000 2.700654 -2.442275 0.858545
3400000 4.277435 -2.441899 0.919156
3410000 4.594296 -2.494463 0.904047
3420000 5.003513 -2.448242 0.839574
3430000 4.238734 -2.444725 0.862709
3440000 3.348247 -2.441061 0.955597
3450000 4.306271 -2.491931 0.697413
3460000 4.692120 -2.535286 0.828329
3470000 4.888230 -2.555052 0.879203
3480000 3.612288 -2.408543 0.922744
3490000 2.861772 -2.548538 0.983702
3500000 3.372668 -2.536102 0.752021
3510000 3.075264 -2.335105 0.894828
3520000 2.775516 -2.436501 0.949599
3530000 2.246945 -2.348577 0.749812
3540000 3.056505 -2.461363 0.900295
3550000 3.114732 -2.396620 0.718411
3560000 2.525622 -2.481682 0.889240
3570000 3.332922 -2.483414 0.965342
3580000 3.604771 -2.434123 0.783320
3590000 4.017087 -2.411080 0.827384
3600000 3.771156 -2.322678 0.952168
3610000 4.580545 -2.389088 0.822065
3620000 4.536885 -2.575407 0.795073
3630000 4.331964 -2.418191 0.806479
3640000 4.720151 -2.435545 0.857072
3650000 4.565249 -2.416935 0.827382
3660000 4.188877 -2.485626 0.855448
3670000 3.869678 -2.455962 0.921189
3680000 3.185935 -2.522121 0.814978
3690000 2.855051 -2.334808 0.908607
3700000 2.369080 -2.499896 0.775214
3710000 1.954640 -2.393921 0.877926
3720000 2.001049 -2.421903 0.820254
3730000 2.007103 -2.457513 0.858410
3740000 2.434432 -2.484488 0.956309
3750000 2.680853 -2.489316 0.992977
3760000 3.482159 -2.606996 0.947649
3770000 3.338056 -2.416438 0.781959
3780000 3.103703 -2.349358 0.846528
3790000 3.441250 -2.351589 0.863356
3800000 2.595839 -2.414358 0.835999
3810000 1.950272 -2.322374 0.928891
3820000 2.215226 -2.391823 0.975627
3830000 1.986367 -2.552376 0.866033
3840000 2.676947 -2.414880 0.889786
3850000 2.685487 -2.525736 0.850376
3860000 2.955686 -2.611480 0.846503
3870000 3.101602 -2.502549 0.911977
3880000 3.839962 -2.459946 0.917246
3890000 3.724427 -2.405765 0.810644
3900000 4.166772 -2.483979 0.950495
3910000 4.558712 -2.509442 0.846845
3920000 3.916412 -2.323778 0.834157
3930000 3.370762 -2.412486 0.920429
3940000 3.367583 -2.384653 0.834355
3950000 2.215321 -2.340545 0.843793
3960000 2.797217 -2.306883 0.911582
3970000 3.173414 -2.526448 0.834940
3980000 3.650945 -2.416769 0.830706
3990000 3.321469 -2.428097 0.883071
4000000 2.753251 -2.565388 0.888556
