100000 4.078700 -2.427005 0.182857
110000 4.297703 -2.404963 0.175457
120000 2.719046 -2.416886 0.281111
130000 2.495165 -2.498544 0.206267
140000 1.390699 -2.470692 0.123085
150000 2.080155 -2.494394 0.033170
160000 1.455151 -2.426583 0.123955
170000 0.869331 -2.404203 0.055116
180000 0.929683 -2.461781 0.149611
190000 1.276994 -2.556689 0.223340
200000 0.722217 -2.527404 0.243995
210000 1.377430 -2.390315 0.041039
220000 1.818801 -2.509883 0.185061
230000 2.867268 -2.413113 0.201385
240000 4.302578 -2.331688 0.032710
250000 3.847008 -2.415092 0.153521
260000 2.897091 -2.465149 0.250940
270000 3.940454 -2.358858 0.096494
280000 2.867955 -2.540234 0.108623
290000 1.669392 -2.480703 0.191134
300000 1.997171 -2.404736 0.099745
310000 1.799527 -2.410607 0.112479
320000 2.761930 -2.452640 0.151921
330000 3.942061 -2.529643 0.179188
340000 4.873547 -2.480507 0.266624
350000 4.545540 -2.433196 0.180669
360000 4.463565 -2.499799 0.234730
370000 3.568870 -2.393823 0.149448
380000 3.220228 -2.352386 0.175908
390000 4.901839 -2.300977 0.124655
400000 3.559479 -2.415631 0.123436
410000 1.726832 -2.455630 0.089776
420000 2.478723 -2.371802 0.225056
430000 2.873140 -2.396003 0.183973
440000 3.143435 -2.486497 0.230788
450000 3.553386 -2.564500 0.152116
460000 5.059727 -2.373666 0.197718
470000 4.418541 -2.380191 0.128967
480000 4.490076 -2.256876 0.208493
490000 3.819261 -2.325436 0.272032
500000 3.329101 -2.264996 0.053433
510000 2.118716 -2.452505 0.152303
520000 1.394992 -2.542322 0.237157
530000 1.213123 -2.494777 0.095459
540000 0.715057 -2.440314 0.211668
550000 1.178470 -2.402660 0.195198
560000 0.740789 -2.449216 -0.029435
570000 0.865087 -2.529024 0.139550
580000 0.843560 -2.388332 0.280602
590000 1.075832 -2.401051 0.097167
600000 0.987580 -2.327579 0.121605
610000 1.412620 -2.417550 0.158590
620000 1.736275 -2.462954 0.171684
630000 2.364168 -2.334155 0.180438
640000 2.333856 -2.479535 0.201800
650000 2.216136 -2.611183 0.121717
660000 3.362736 -2.349628 0.191335
670000 4.220513 -2.412866 0.183222
680000 4.459059 -2.475184 0.236555
690000 3.138995 -2.387705 0.177097
700000 2.652805 -2.535567 0.272553
710000 1.411629 -2.362741 0.155764
720000 1.901734 -2.419791 0.172321
730000 1.747979 -2.278355 0.145623
740000 2.601399 -2.350891 0.196777
750000 3.773975 -2.478095 0.086944
760000 3.818516 -2.409561 0.232862
770000 4.627942 -2.506698 0.257678
780000 3.505077 -2.389924 0.231904
790000 2.881664 -2.461962 0.086688
800000 3.019237 -2.458619 0.202840
810000 3.703273 -2.510174 0.236027
820000 3.816741 -2.443712 0.251195
830000 4.435136 -2.459677 0.154571
840000 4.510752 -2.410921 0.204287
850000 4.195547 -2.432776 0.154676
860000 4.028881 -2.425085 0.200292
870000 4.244161 -2.399027 0.332899
880000 4.536044 -2.496146 0.227755
890000 4.144425 -2.375467 0.322683
900000 2.277822 -2.404681 0.211610
910000 1.518284 -2.356688 0.042751
920000 1.246023 -2.375300 0.281903
930000 1.374823 -2.401468 0.210297
940000 1.514601 -2.396886 0.172240
950000 1.913257 -2.454341 0.171484
960000 1.890088 -2.390329 0.278970
970000 1.285790 -2.420741 0.151619
980000 0.740162 -2.412876 0.120949
990000 1.010613 -2.490730 0.258465
1000000 1.239923 -2.473726 0.201775
1010000 1.386031 -2.613869 0.148364
1020000 1.836792 -2.419532 0.245241
1030000 2.245115 -2.472343 0.104353
1040000 2.407577 -2.606112 0.184959
1050000 2.673689 -2.527219 0.294954
1060000 3.158431 -2.458146 0.282247
1070000 3.654448 -2.435532 0.166596
1080000 2.711880 -2.362132 0.183029
1090000 3.021768 -2.432620 0.159980
1100000 2.500463 -2.317109 0.288406
1110000 2.383655 -2.371789 0.201814
1120000 2.498042 -2.525812 0.307346
1130000 3.584644 -2.395938 0.192982
1140000 3.776695 -2.506120 0.277893
1150000 4.154565 -2.354679 0.086663
1160000 4.309324 -2.406749 0.232184
1170000 4.463163 -2.438190 0.119799
1180000 4.215777 -2.362180 0.211793
1190000 4.093117 -2.507749 0.268945
1200000 3.151941 -2.540427 0.114138
1210000 2.605656 -2.442042 0.105502
1220000 2.014457 -2.361226 0.131398
1230000 2.338305 -2.391519 0.153716
1240000 3.128554 -2.434404 0.099386
1250000 3.408509 -2.330337 0.225783
1260000 4.205613 -2.530747 0.143224
1270000 4.497710 -2.510070 0.221710
1280000 4.450463 -2.362500 0.197302
1290000 4.985701 -2.482124 0.248774
1300000 4.951259 -2.469046 0.226089
1310000 5.026906 -2.421467 0.165531
1320000 4.043636 -2.299050 0.134944
1330000 3.878033 -2.493350 0.196462
1340000 3.125647 -2.346905 0.126307
1350000 4.083220 -2.508012 0.199909
1360000 3.891555 -2.458919 0.112296
1370000 3.274640 -2.422758 0.172958
1380000 3.493325 -2.384002 0.151499
1390000 3.020114 -2.451952 0.201035
1400000 2.293395 -2.507379 0.045898
1410000 1.546943 -2.354975 0.270064
1420000 1.416941 -2.472690 0.217653
1430000 1.022062 -2.474764 0.182865
1440000 1.161589 -2.454200 0.306755
1450000 1.483529 -2.452266 0.162221
1460000 0.752696 -2.618856 0.072446
1470000 0.727139 -2.475775 0.143358
1480000 0.704036 -2.493994 0.156774
1490000 0.883792 -2.428000 0.206164
1500000 0.496877 -2.442789 0.280012
1510000 0.559398 -2.631920 0.344633
1520000 0.534264 -2.531121 0.135290
1530000 0.502876 -2.421763 0.162236
1540000 0.926635 -2.527546 0.076331
1550000 0.828469 -2.559296 0.138764
1560000 1.033366 -2.461411 0.084457
1570000 1.820595 -2.455560 0.021020
1580000 2.502500 -2.533630 0.225816
1590000 2.433119 -2.500077 0.287297
1600000 1.808525 -2.481979 0.209963
1610000 2.033316 -2.523322 0.223866
1620000 1.990432 -2.533940 0.190676
1630000 1.923624 -2.331712 0.085025
1640000 1.711914 -2.452749 0.212013
1650000 2.381786 -2.458329 0.252372
1660000 1.960821 -2.290754 0.217355
1670000 2.856275 -2.362037 0.086357
1680000 3.406849 -2.428523 0.141304
1690000 2.563871 -2.434122 0.251888
1700000 3.519492 -2.362474 0.190863
1710000 3.990640 -2.464730 0.129461
1720000 4.333146 -2.453971 0.276545
1730000 4.567297 -2.522314 0.159100
1740000 4.118089 -2.435198 0.288701
1750000 4.231845 -2.421829 0.140796
1760000 3.358844 -2.377459 0.198795
1770000 4.141021 -2.395968 0.208102
1780000 3.645477 -2.453862 0.048280
1790000 2.723036 -2.417073 0.172681
1800000 2.605433 -2.436455 0.149623
1810000 3.400605 -2.434947 0.196716
1820000 4.077515 -2.273035 0.024498
1830000 4.424546 -2.530815 0.243259
1840000 4.710024 -2.548778 0.231378
1850000 4.553876 -2.431965 0.002181
1860000 4.684145 -2.533708 0.097767
1870000 3.935430 -2.460839 0.117399
1880000 3.478323 -2.440209 0.198474
1890000 2.589764 -2.379599 0.192895
1900000 2.437749 -2.464812 0.201903
1910000 2.225383 -2.446746 0.135061
1920000 2.450131 -2.346664 0.184985
1930000 2.216719 -2.419938 0.239911
1940000 1.818435 -2.572915 0.184347
1950000 1.945383 -2.393498 0.255245
1960000 1.481954 -2.432617 0.108607
1970000 1.502527 -2.438851 0.226314
1980000 1.530169 -2.544733 0.264714
1990000 1.483110 -2.527806 0.119811
2000000 1.454175 -2.527453 0.146757
2010000 1.272652 -2.391365 0.146140
2020000 1.544278 -2.480041 0.130394
2030000 1.870972 -2.505066 0.281660
2040000 1.931533 -2.454767 0.175025
2050000 2.682133 -2.463992 0.063063
2060000 3.124690 -2.513352 0.135362
2070000 3.015333 -2.400419 0.247896
2080000 4.095192 -2.492111 0.112920
2090000 3.561800 -2.475028 0.204586
2100000 3.291168 -2.488955 0.150502
2110000 3.172737 -2.298673 0.199642
2120000 4.785043 -2.520910 -0.016977
2130000 4.961226 -2.391308 0.181364
2140000 4.862783 -2.576666 0.217851
2150000 5.009478 -2.414828 0.233629
2160000 4.931867 -2.507782 0.294095
2170000 4.107686 -2.380209 0.182304
2180000 4.976669 -2.342617 0.134531
2190000 4.308314 -2.419426 0.131939
2200000 4.147611 -2.295652 0.057631
2210000 3.924324 -2.494788 0.219341
2220000 4.323871 -2.448630 0.069158
2230000 4.082026 -2.553729 0.108550
2240000 3.410621 -2.459890 0.041450
2250000 3.803577 -2.315284 0.163949
2260000 4.300580 -2.349478 0.128968
2270000 4.415960 -2.465047 0.312904
2280000 4.742989 -2.511924 0.214453
2290000 3.920888 -2.371064 0.044576
2300000 3.121533 -2.369574 0.086869
2310000 2.472859 -2.360436 0.386694
2320000 2.544950 -2.427742 0.152372
2330000 2.677065 -2.409791 0.185691
2340000 2.913009 -2.356198 0.068163
2350000 3.751563 -2.330342 0.102601
2360000 4.259634 -2.442369 0.192748
2370000 4.610123 -2.454276 0.216918
2380000 4.159796 -2.481119 0.217565
2390000 3.263167 -2.316350 0.155214
2400000 2.200896 -2.487544 0.162318
2410000 1.994235 -2.469071 0.176147
2420000 1.904994 -2.423698 0.162517
2430000 2.126352 -2.341670 0.324580
2440000 2.028936 -2.470051 0.198879
2450000 2.602229 -2.404652 0.152514
2460000 2.404800 -2.454752 0.223038
2470000 2.420772 -2.414718 0.171377
2480000 1.661697 -2.475905 0.164223
2490000 1.013460 -2.591996 0.171841
2500000 1.150647 -2.303976 0.302607
2510000 1.007993 -2.401631 0.194739
2520000 0.785912 -2.371514 0.182388
2530000 0.717756 -2.420846 0.089359
2540000 0.931812 -2.466806 0.065456
2550000 0.803608 -2.356967 0.238609
2560000 1.135587 -2.591842 0.155516
2570000 0.889850 -2.306272 0.282524
2580000 1.289464 -2.404621 0.104007
2590000 1.348717 -2.454549 0.110938
2600000 1.275050 -2.417431 0.196512
2610000 1.309259 -2.418427 0.046438
2620000 1.726080 -2.437844 0.179743
2630000 1.952374 -2.436532 0.097746
2640000 1.822535 -2.297849 0.170374
2650000 1.968475 -2.437840 0.065788
2660000 3.019868 -2.455299 0.309656
2670000 4.002323 -2.438917 0.129017
2680000 4.700019 -2.503191 0.115756
2690000 4.988715 -2.511622 0.212237
2700000 4.477245 -2.493413 0.326790
2710000 4.036498 -2.512158 0.171641
2720000 3.496376 -2.384299 0.262345
2730000 3.057959 -2.307689 0.201855
2740000 3.070213 -2.311285 0.215247
2750000 3.141187 -2.494455 0.154040
2760000 3.385408 -2.333500 -0.015827
2770000 3.459023 -2.473935 0.188843
2780000 3.753076 -2.468493 0.243732
2790000 4.770992 -2.424371 0.221670
2800000 5.013595 -2.431608 0.115044
2810000 4.158948 -2.451114 0.102394
2820000 4.156975 -2.367091 0.071765
2830000 4.434372 -2.415244 0.137900
2840000 4.482565 -2.423466 0.305614
2850000 3.793118 -2.457122 0.147318
2860000 3.874384 -2.419182 0.132794
2870000 4.179934 -2.489887 0.203837
2880000 4.930553 -2.440913 0.191741
2890000 4.752007 -2.378392 0.321912
2900000 4.767799 -2.481379 0.069608
2910000 4.377049 -2.406673 0.065967
2920000 4.967497 -2.476077 0.199915
2930000 3.489812 -2.376355 0.180139
2940000 2.833879 -2.472814 0.236992
2950000 3.458354 -2.426791 0.125163
2960000 4.326953 -2.401955 0.230360
2970000 3.445529 -2.513060 0.123087
2980000 3.679774 -2.393553 0.060345
2990000 2.354868 -2.454729 0.211481
3000000 2.252084 -2.437153 0.188865
3010000 1.975042 -2.438912 0.177799
3020000 1.845912 -2.563039 0.097946
3030000 1.796216 -2.381251 0.140595
3040000 1.812218 -2.390969 0.037393
3050000 1.465585 -2.410273 0.211485
3060000 1.581259 -2.437052 0.117469
3070000 2.066898 -2.504850 0.245468
3080000 1.934364 -2.369163 0.149068
3090000 1.257698 -2.420718 0.116437
3100000 1.344987 -2.437050 0.187672
3110000 0.992371 -2.459042 0.210212
3120000 0.769973 -2.689780 0.045459
3130000 0.798816 -2.415531 0.100848
3140000 1.011748 -2.475937 0.129622
3150000 0.845257 -2.505326 0.207073
3160000 0.939691 -2.326434 0.141747
3170000 0.901616 -2.505562 0.254125
3180000 0.702080 -2.553980 0.274063
3190000 0.983916 -2.446504 0.146650
3200000 0.733413 -2.456088 0.209366
3210000 0.654605 -2.636751 0.255755
3220000 0.688746 -2.508794 0.248013
3230000 1.061465 -2.322281 0.226141
3240000 0.750659 -2.451702 0.181823
3250000 1.061616 -2.530036 0.197211
3260000 0.594362 -2.448211 0.067096
3270000 0.596161 -2.529084 0.297201
3280000 1.180505 -2.507906 0.127662
3290000 1.264165 -2.466410 0.068230
3300000 1.631686 -2.380660 0.106488
3310000 1.580906 -2.510653 0.085421
3320000 1.744665 -2.391241 0.218042
3330000 2.181202 -2.461031 0.246887
3340000 2.619935 -2.359409 0.187759
3350000 3.173784 -2.392248 0.223199
3360000 2.810402 -2.425790 0.125422
3370000 2.956193 -2.413768 0.259500
3380000 2.660505 -2.355893 0.309140
3390000 3.506173 -2.396462 0.086249
3400000 4.159387 -2.538624 0.169300
3410000 4.832409 -2.352082 0.230097
3420000 4.093099 -2.511155 0.135774
3430000 3.572458 -2.331772 0.106473
3440000 3.208442 -2.391764 0.249855
3450000 3.121658 -2.342284 0.164005
3460000 2.543235 -2.397974 0.235804
3470000 2.760904 -2.434279 0.181004
3480000 2.529275 -2.287594 0.215350
3490000 2.042243 -2.563119 0.209324
3500000 2.497789 -2.520537 0.112348
3510000 1.938369 -2.437318 0.222242
3520000 1.920875 -2.493956 0.179846
3530000 1.793494 -2.457376 0.125171
3540000 2.327477 -2.486781 0.207755
3550000 1.746814 -2.418593 0.133402
3560000 2.704587 -2.482224 0.103327
3570000 4.457107 -2.408839 0.176170
3580000 3.840733 -2.494775 0.213492
3590000 4.908658 -2.488963 0.277374
3600000 4.743902 -2.496102 0.076820
3610000 4.164195 -2.392997 0.186320
3620000 3.568797 -2.515896 0.219554
3630000 3.915985 -2.674130 0.167563
3640000 3.485934 -2.521196 0.141404
3650000 3.734749 -2.307430 0.277284
3660000 4.906055 -2.284037 0.007594
3670000 3.721461 -2.492262 0.256562
3680000 4.725274 -2.444370 0.315455
3690000 4.816853 -2.381171 0.271342
3700000 4.458317 -2.581066 0.216965
3710000 4.918774 -2.494452 0.156668
3720000 4.247897 -2.437850 0.202626
3730000 4.746407 -2.467370 0.222335
3740000 4.073702 -2.540024 -0.028260
3750000 3.436674 -2.534596 0.242778
3760000 2.742220 -2.537964 0.233849
3770000 3.836522 -2.458632 0.138267
3780000 2.914249 -2.524749 0.284134
3790000 3.343622 -2.370528 0.135015
3800000 3.610797 -2.356396 0.224394
3810000 3.028912 -2.418843 0.161949
3820000 3.487113 -2.579060 0.168520
3830000 4.564049 -2.513635 0.151171
3840000 4.516522 -2.248296 0.145829
3850000 4.836858 -2.535356 0.177696
3860000 5.074202 -2.525767 0.114325
3870000 3.442252 -2.637298 0.238395
3880000 4.189643 -2.417647 0.235513
3890000 3.515012 -2.349933 0.166317
3900000 2.523774 -2.454193 0.243156
3910000 3.240761 -2.460917 0.090108
3920000 2.935907 -2.458080 0.131325
3930000 3.998363 -2.514466 0.145453
3940000 3.839667 -2.372407 0.180493
3950000 2.253795 -2.472107 0.125005
3960000 2.166515 -2.462932 0.142617
3970000 2.418446 -2.538898 0.250479
3980000 1.550540 -2.460316 0.200383
3990000 1.444163 -2.512872 0.196766
4000000 1.671793 -2.370607 0.311239
