100000 2.794409 2.756645 1.499053
110000 3.286375 2.565719 1.556498
120000 3.505476 2.597062 1.578933
130000 2.323195 2.592432 1.464353
140000 1.691049 2.572627 1.631041
150000 1.491773 2.548773 1.659863
160000 1.374589 2.590004 1.607763
170000 1.312451 2.651702 1.667449
180000 1.245442 2.829519 1.590699
190000 1.199387 2.499182 1.567253
200000 1.322080 2.492144 1.556509
210000 1.163409 2.680359 1.607920
220000 1.814167 2.662083 1.516948
230000 1.598568 2.632996 1.527530
240000 1.685263 2.658761 1.482493
250000 2.607970 2.591783 1.514861
260000 3.469185 2.638485 1.624371
270000 3.865992 2.527549 1.678589
280000 4.365235 2.573623 1.613978
290000 4.170931 2.659156 1.419031
300000 4.836933 2.567356 1.522691
310000 4.088283 2.613466 1.596232
320000 3.384946 2.599279 1.534619
330000 4.223702 2.545710 1.511521
340000 4.604278 2.628819 1.611268
350000 3.366496 2.700784 1.689438
360000 3.337986 2.589471 1.617069
370000 3.758170 2.747882 1.591343
380000 3.968417 2.631890 1.570281
390000 4.082952 2.742271 1.506349
400000 2.794797 2.596119 1.517924
410000 2.228054 2.484515 1.620535
420000 1.964780 2.710578 1.502533
430000 2.482148 2.590519 1.575164
440000 3.242820 2.710551 1.671545
450000 3.294260 2.557200 1.583134
460000 2.820963 2.683349 1.583511
470000 2.185931 2.627077 1.542908
480000 2.859724 2.667498 1.649109
490000 3.669835 2.735886 1.578553
500000 4.504878 2.439994 1.572825
510000 4.619232 2.583291 1.712261
520000 3.964881 2.643534 1.647783
530000 4.480765 2.653180 1.547975
540000 4.015090 2.700844 1.538227
550000 3.674542 2.646854 1.462164
560000 3.228272 2.491815 1.595483
570000 2.381449 2.656096 1.541912
580000 1.888487 2.508442 1.555701
590000 1.635886 2.511509 1.486689
600000 1.866215 2.596295 1.562911
610000 1.978932 2.515189 1.517229
620000 1.510612 2.796342 1.598276
630000 1.214914 2.560559 1.684455
640000 0.796673 2.703901 1.719696
650000 0.765562 2.704049 1.591400
660000 0.947891 2.693521 1.611701
670000 1.042639 2.668354 1.570652
680000 0.856870 2.553386 1.564553
690000 0.668882 2.587210 1.599981
700000 1.044904 2.602043 1.394131
710000 1.337352 2.494153 1.726924
720000 1.658803 2.648252 1.434398
730000 1.298078 2.532358 1.619974
740000 1.229157 2.642609 1.667157
750000 1.219907 2.755727 1.499871
760000 1.651634 2.549537 1.649093
770000 2.236821 2.757103 1.639229
780000 2.023964 2.606618 1.595354
790000 1.826095 2.612293 1.528197
800000 2.789907 2.599825 1.563583
810000 2.917003 2.708811 1.699865
820000 3.933529 2.803548 1.676604
830000 4.638003 2.579835 1.439486
840000 4.691242 2.647961 1.514316
850000 4.710208 2.660899 1.525365
860000 4.095646 2.626898 1.515505
870000 4.690967 2.635250 1.470841
880000 3.321007 2.752379 1.669171
890000 3.431641 2.658999 1.730690
900000 2.997786 2.607459 1.578845
910000 3.142123 2.597633 1.576850
920000 3.599238 2.747413 1.593455
930000 3.186418 2.635280 1.598340
940000 3.676243 2.670861 1.588785
950000 2.591326 2.643689 1.591302
960000 2.485482 2.494831 1.456439
970000 1.574824 2.784184 1.595865
980000 1.964077 2.736490 1.581763
990000 2.309495 2.619726 1.537889
1000000 2.318273 2.704733 1.503109
1010000 2.502450 2.625104 1.594732
1020000 1.957200 2.603684 1.562988
1030000 2.131099 2.615779 1.632713
1040000 2.656837 2.661296 1.514139
1050000 3.072358 2.666945 1.462628
1060000 4.266489 2.574295 1.538691
1070000 4.606170 2.579758 1.623315
1080000 3.350374 2.710930 1.661780
1090000 4.698805 2.492153 1.714349
1100000 4.763548 2.570288 1.554315
1110000 4.355627 2.543137 1.556927
1120000 3.593040 2.646116 1.625180
1130000 4.040668 2.740076 1.653948
1140000 4.169996 2.666086 1.623238
1150000 4.479663 2.694531 1.592172
1160000 3.444895 2.630741 1.603008
1170000 3.831227 2.734381 1.623490
1180000 3.217055 2.740972 1.461757
1190000 3.033337 2.793133 1.640902
1200000 3.467410 2.533281 1.627459
1210000 2.605992 2.544449 1.556573
1220000 1.901358 2.640811 1.716758
1230000 1.565492 2.712294 1.577274
1240000 1.492067 2.648875 1.606108
1250000 1.573534 2.485565 1.596037
1260000 1.213109 2.625943 1.523541
1270000 0.868460 2.692291 1.751809
1280000 1.014660 2.674649 1.496644
1290000 0.989921 2.669360 1.577735
1300000 1.097559 2.635190 1.492029
1310000 1.287602 2.516472 1.535738
1320000 1.241067 2.588881 1.551268
1330000 1.586615 2.652567 1.542690
1340000 1.948530 2.509059 1.480171
1350000 2.639187 2.594878 1.484731
1360000 2.969854 2.570619 1.618221
1370000 3.145562 2.518694 1.593624
1380000 3.491316 2.627595 1.405378
1390000 4.298315 2.578341 1.596485
1400000 4.957627 2.577530 1.557218
1410000 4.944835 2.646966 1.494309
1420000 4.298759 2.732552 1.519256
1430000 4.481922 2.547005 1.608218
1440000 3.601705 2.570302 1.612862
1450000 4.397119 2.658487 1.575174
1460000 3.858190 2.533199 1.475815
1470000 4.827946 2.691144 1.472379
1480000 4.337926 2.660443 1.603094
1490000 3.188644 2.645980 1.593186
1500000 3.194139 2.584628 1.580829
1510000 2.884889 2.640975 1.548086
1520000 2.576193 2.639384 1.623505
1530000 2.622481 2.592996 1.614265
1540000 2.053321 2.608520 1.589362
1550000 2.081582 2.641286 1.541919
1560000 1.982255 2.503125 1.417316
1570000 2.911201 2.710859 1.485520
1580000 2.892486 2.630057 1.473054
1590000 2.697827 2.686416 1.561425
1600000 3.207959 2.612840 1.488405
1610000 3.307069 2.586147 1.538118
1620000 4.139119 2.666899 1.582239
1630000 3.734482 2.709795 1.506620
1640000 4.208237 2.612740 1.497923
1650000 3.402531 2.560763 1.615402
1660000 4.577828 2.590457 1.556729
1670000 4.361799 2.551799 1.641259
1680000 4.387783 2.492065 1.490838
1690000 4.386950 2.607742 1.607051
1700000 3.182576 2.667189 1.509407
1710000 3.216557 2.479133 1.471527
1720000 2.466441 2.621206 1.576610
1730000 2.214775 2.557925 1.509624
1740000 1.840492 2.612357 1.586725
1750000 1.455866 2.650693 1.678708
1760000 1.689938 2.577991 1.633237
1770000 1.481565 2.639510 1.535740
1780000 1.043714 2.679311 1.589469
1790000 1.392409 2.453598 1.473326
1800000 0.841082 2.668935 1.616801
1810000 0.689776 2.528156 1.622402
1820000 0.758244 2.653317 1.525835
1830000 0.773904 2.487359 1.560379
1840000 1.081384 2.524176 1.627165
1850000 1.075801 2.604372 1.611971
1860000 1.005640 2.750194 1.503846
1870000 0.876706 2.643574 1.599164
1880000 1.246446 2.577190 1.635444
1890000 1.397195 2.558385 1.524371
1900000 1.551392 2.616021 1.593257
1910000 1.227900 2.552467 1.564149
1920000 1.358681 2.717706 1.487150
1930000 1.640931 2.644047 1.595948
1940000 1.732351 2.697851 1.643674
1950000 1.924210 2.523914 1.560456
1960000 2.094811 2.544144 1.422968
1970000 2.188540 2.480166 1.588157
1980000 2.493084 2.468903 1.472526
1990000 2.335153 2.739096 1.554036
2000000 2.750134 2.467370 1.526364
2010000 2.964831 2.521641 1.489392
2020000 2.746214 2.574392 1.611213
2030000 3.741699 2.599109 1.536920
2040000 3.330842 2.537100 1.634797
2050000 2.609077 2.532375 1.558324
2060000 2.733544 2.599618 1.500518
2070000 3.550454 2.551055 1.536559
2080000 3.205078 2.671365 1.670165
2090000 3.192202 2.596154 1.681605
2100000 3.552914 2.586009 1.616363
2110000 3.932176 2.640611 1.530257
2120000 4.234957 2.493812 1.532336
2130000 4.247996 2.680841 1.554157
2140000 4.947368 2.524777 1.502244
2150000 4.560056 2.649765 1.560773
2160000 4.679197 2.587615 1.622649
2170000 4.048311 2.736115 1.641377
2180000 4.191895 2.654079 1.550192
2190000 3.242742 2.635816 1.534997
2200000 2.759295 2.674446 1.549979
2210000 2.791934 2.648387 1.550297
2220000 3.184745 2.562859 1.495325
2230000 4.022873 2.526128 1.472655
2240000 4.872830 2.556241 1.565412
2250000 4.160523 2.557037 1.629049
2260000 4.522287 2.657497 1.565597
2270000 3.652434 2.620813 1.577079
2280000 4.934269 2.570549 1.634043
2290000 5.070482 2.559534 1.678008
2300000 4.880912 2.577214 1.581177
2310000 4.747113 2.568630 1.571997
2320000 4.746237 2.623392 1.635805
2330000 4.855569 2.757712 1.531209
2340000 4.742380 2.585567 1.650769
2350000 4.302178 2.577833 1.454957
2360000 3.698945 2.694893 1.622247
2370000 3.122857 2.685311 1.486563
2380000 3.249918 2.414579 1.611289
2390000 2.257061 2.568632 1.680464
2400000 2.303507 2.552097 1.528820
2410000 2.126383 2.456293 1.508309
2420000 1.906280 2.733350 1.653229
2430000 1.660592 2.741993 1.681229
2440000 1.892306 2.629058 1.491451
2450000 1.600455 2.642157 1.632894
2460000 1.574825 2.695043 1.545860
2470000 1.295894 2.648092 1.602863
2480000 1.429188 2.597716 1.430059
2490000 0.644518 2.618344 1.445264
2500000 0.529083 2.634644 1.557042
2510000 0.849197 2.551838 1.521695
2520000 0.998065 2.675838 1.547474
2530000 1.130090 2.647459 1.551426
2540000 1.406498 2.625431 1.537076
2550000 1.229889 2.538554 1.583857
2560000 1.290231 2.605471 1.597353
2570000 1.409696 2.625477 1.543252
2580000 1.527833 2.553877 1.513957
2590000 1.590762 2.591793 1.660069
2600000 1.690754 2.668305 1.491731
2610000 1.901565 2.679201 1.541227
2620000 2.310286 2.756044 1.589189
2630000 1.907848 2.642893 1.557352
2640000 1.834642 2.778904 1.601871
2650000 1.412482 2.577753 1.615648
2660000 1.731469 2.527402 1.577073
2670000 1.994771 2.507751 1.646192
2680000 2.008853 2.636637 1.632471
2690000 2.680352 2.774564 1.597464
2700000 3.354128 2.600227 1.669509
2710000 3.016900 2.651788 1.559925
2720000 2.862237 2.757273 1.446634
2730000 2.826603 2.540076 1.596388
2740000 2.430935 2.653480 1.438624
2750000 2.314046 2.690790 1.543695
2760000 2.551665 2.701224 1.523993
2770000 2.922275 2.605026 1.483729
2780000 4.344386 2.676606 1.567055
2790000 3.691227 2.595627 1.649112
2800000 3.873936 2.675118 1.553693
2810000 4.347151 2.591866 1.626895
2820000 3.569238 2.693159 1.586220
2830000 3.051741 2.629368 1.466350
2840000 3.599493 2.629851 1.542390
2850000 3.472456 2.701953 1.554497
2860000 4.263494 2.590622 1.634403
2870000 4.606485 2.592210 1.558213
2880000 4.018222 2.607873 1.568773
2890000 4.556016 2.540076 1.587737
2900000 3.953901 2.715676 1.604693
2910000 3.984840 2.614521 1.624071
2920000 3.402666 2.636525 1.550636
2930000 4.160098 2.667990 1.606441
2940000 3.769837 2.783151 1.613641
2950000 3.781280 2.620234 1.498288
2960000 4.983283 2.547894 1.568925
2970000 4.549143 2.566360 1.675413
2980000 4.558875 2.629365 1.463850
2990000 4.274135 2.721155 1.588185
3000000 2.774860 2.585314 1.686796
3010000 3.034003 2.608760 1.515747
3020000 3.197564 2.584565 1.474537
3030000 2.486905 2.744990 1.542756
3040000 2.139000 2.495222 1.565640
3050000 1.927348 2.680232 1.456325
3060000 1.886449 2.586786 1.605543
3070000 2.070216 2.583806 1.650876
3080000 1.812781 2.478556 1.487710
3090000 1.637428 2.754433 1.652794
3100000 1.688958 2.605074 1.634779
3110000 1.368460 2.602206 1.492484
3120000 1.346404 2.602174 1.554798
3130000 1.357743 2.545462 1.673581
3140000 1.367250 2.659508 1.556913
3150000 1.206320 2.764542 1.477509
3160000 1.535363 2.520975 1.663580
3170000 1.958677 2.618345 1.482647
3180000 3.047657 2.541193 1.582192
3190000 3.994167 2.795632 1.518724
3200000 4.340223 2.688379 1.559591
3210000 2.879726 2.580530 1.532124
3220000 2.620452 2.530529 1.674380
3230000 2.724278 2.623509 1.485955
3240000 2.531104 2.614806 1.553825
3250000 3.358112 2.673345 1.643617
3260000 3.363641 2.573810 1.569376
3270000 3.840275 2.612576 1.565362
3280000 3.169823 2.663570 1.673352
3290000 3.198456 2.626163 1.698824
3300000 4.093690 2.518953 1.620198
3310000 4.663493 2.659232 1.673872
3320000 4.362696 2.535534 1.643893
3330000 4.179538 2.553281 1.625602
3340000 4.642437 2.614569 1.606918
3350000 3.738956 2.475756 1.540682
3360000 3.585272 2.574911 1.664307
3370000 4.909495 2.603663 1.660619
3380000 3.993877 2.696905 1.550725
3390000 3.249336 2.543156 1.389058
3400000 3.093769 2.683408 1.604405
3410000 2.646315 2.555788 1.591936
3420000 2.335486 2.606993 1.495445
3430000 2.490568 2.514045 1.528047
3440000 2.440795 2.791692 1.621949
3450000 2.496509 2.655092 1.638333
3460000 2.985134 2.618047 1.563458
3470000 3.691143 2.670410 1.646579
3480000 3.479490 2.769654 1.521037
3490000 3.849558 2.620644 1.542835
3500000 4.949294 2.586135 1.752021
3510000 4.841537 2.621523 1.437978
3520000 4.545921 2.708597 1.728084
3530000 4.660324 2.519657 1.638598
3540000 3.740923 2.599243 1.605635
3550000 3.949297 2.631089 1.553200
3560000 3.371578 2.661300 1.532967
3570000 2.348344 2.615276 1.475735
3580000 2.409911 2.581429 1.548558
3590000 1.962103 2.706761 1.510086
3600000 3.032722 2.631120 1.550241
3610000 3.678504 2.664124 1.654695
3620000 4.982269 2.589552 1.688802
3630000 4.998014 2.550437 1.484917
3640000 4.617072 2.725031 1.435935
3650000 3.551980 2.620896 1.684558
3660000 3.646369 2.535236 1.625814
3670000 2.921158 2.707442 1.651230
3680000 2.888004 2.613328 1.450714
3690000 2.840389 2.453617 1.595622
3700000 2.516403 2.613393 1.615024
3710000 2.219197 2.580369 1.575630
3720000 2.024625 2.622309 1.546995
3730000 1.898099 2.606116 1.595294
3740000 1.394101 2.516954 1.641295
3750000 1.293699 2.580762 1.565704
3760000 1.152534 2.731070 1.587519
3770000 1.382263 2.702052 1.529543
3780000 1.504436 2.657041 1.668532
3790000 1.759973 2.511280 1.663216
3800000 1.702888 2.620188 1.601159
3810000 1.933447 2.530758 1.541429
3820000 1.626167 2.615440 1.613944
3830000 2.138321 2.526907 1.436577
3840000 2.452448 2.711368 1.612616
3850000 2.329444 2.632919 1.600678
3860000 3.181376 2.633226 1.611097
3870000 3.399275 2.582637 1.599971
3880000 4.277537 2.535273 1.513446
3890000 4.852966 2.556040 1.547301
3900000 4.272976 2.601866 1.581315
3910000 3.354158 2.549544 1.670174
3920000 3.351216 2.632014 1.666827
3930000 2.761364 2.540002 1.597002
3940000 2.578821 2.544218 1.456587
3950000 2.441244 2.787184 1.551377
3960000 2.115316 2.652722 1.506266
3970000 1.790395 2.673252 1.681172
3980000 1.960924 2.618858 1.650997
3990000 1.660987 2.577774 1.717680
4000000 2.273591 2.557439 1.585109
