100000 0.892682 -2.379479 -0.196879
110000 1.623208 -2.404874 -0.219022
120000 0.749366 -2.436653 -0.039753
130000 1.252186 -2.546321 -0.158792
140000 2.134570 -2.379863 -0.292480
150000 2.734637 -2.569311 -0.156266
160000 1.898443 -2.416037 -0.263570
170000 1.694036 -2.318341 -0.207568
180000 1.381283 -2.409858 -0.217106
190000 0.912182 -2.462713 -0.208413
200000 1.640721 -2.617803 -0.074041
210000 3.311610 -2.467937 -0.228996
220000 3.393374 -2.467804 -0.283197
230000 2.466457 -2.421637 -0.143050
240000 2.245404 -2.522667 -0.123147
250000 2.932184 -2.428152 -0.252237
260000 4.224793 -2.354145 -0.105303
270000 4.036809 -2.415562 -0.168712
280000 3.667728 -2.342262 -0.252086
290000 3.965195 -2.368643 -0.177571
300000 2.884237 -2.422496 -0.159784
310000 2.662784 -2.390117 -0.200114
320000 1.678631 -2.466265 -0.136842
330000 2.086933 -2.472802 -0.157273
340000 3.469843 -2.281665 -0.180283
350000 4.621231 -2.589927 -0.009260
360000 3.533604 -2.433509 -0.113236
370000 3.270228 -2.523681 -0.254865
380000 2.932924 -2.379122 -0.249511
390000 4.647155 -2.457042 -0.072955
400000 4.565637 -2.651589 -0.174658
410000 4.949789 -2.504055 -0.265555
420000 3.472920 -2.602018 -0.158338
430000 3.492027 -2.393074 -0.269274
440000 2.478981 -2.419764 -0.141431
450000 2.035607 -2.290037 -0.112646
460000 1.914071 -2.475646 -0.215715
470000 2.136239 -2.370674 -0.193133
480000 2.783697 -2.458821 -0.198972
490000 4.944620 -2.543919 -0.138134
500000 4.946484 -2.386151 -0.245941
510000 4.189459 -2.531254 -0.183022
520000 4.956286 -2.542252 -0.094493
530000 4.540697 -2.393669 -0.202995
540000 4.295924 -2.497045 -0.275288
550000 3.495112 -2.480062 -0.350812
560000 3.962021 -2.437061 -0.175997
570000 4.945932 -2.398161 -0.315270
580000 4.188961 -2.533635 -0.262103
590000 3.113894 -2.574459 -0.168235
600000 3.584820 -2.521354 -0.168741
610000 4.400395 -2.658395 -0.181861
620000 4.057866 -2.484115 -0.163443
630000 2.988978 -2.565360 -0.205502
640000 2.305759 -2.384703 -0.186224
650000 2.903971 -2.411326 -0.172153
660000 1.822372 -2.398696 -0.127970
670000 1.606321 -2.509381 -0.094904
680000 1.140286 -2.395943 -0.234254
690000 0.948650 -2.437740 -0.156779
700000 0.701348 -2.347758 -0.062827
710000 0.724826 -2.304716 -0.128192
720000 1.040006 -2.407887 -0.199531
730000 1.298705 -2.431406 -0.236701
740000 1.475450 -2.495194 -0.138240
750000 0.910276 -2.447336 -0.097584
760000 0.938622 -2.436914 -0.038548
770000 1.045217 -2.334756 -0.256075
780000 1.137087 -2.450824 -0.277844
790000 1.436326 -2.563142 -0.082630
800000 0.731115 -2.472807 -0.154979
810000 1.060791 -2.362332 -0.251444
820000 1.208567 -2.444985 -0.373030
830000 0.620793 -2.561673 -0.156475
840000 1.613996 -2.354207 -0.195475
850000 1.841702 -2.545024 -0.145916
860000 2.539284 -2.528017 -0.179912
870000 3.102732 -2.577792 -0.204585
880000 2.877460 -2.327020 -0.195171
890000 4.074830 -2.480885 -0.079224
900000 4.738630 -2.380833 -0.243326
910000 4.733924 -2.484928 -0.282988
920000 4.257324 -2.540106 -0.272043
930000 3.251143 -2.491702 -0.109794
940000 2.113571 -2.461205 -0.183211
950000 2.359334 -2.403169 -0.090020
960000 2.908310 -2.476634 -0.153408
970000 2.787510 -2.423832 -0.272340
980000 2.125033 -2.559404 -0.283765
990000 1.848176 -2.512364 -0.025320
1000000 1.473442 -2.505943 -0.279909
1010000 1.570302 -2.434019 -0.261196
1020000 1.889424 -2.440251 -0.188532
1030000 2.500692 -2.365241 -0.193476
1040000 3.099114 -2.462007 -0.187545
1050000 4.240393 -2.457445 -0.021440
1060000 4.015771 -2.492048 -0.212482
1070000 4.649348 -2.473518 -0.178265
1080000 3.940563 -2.359965 -0.232289
1090000 3.233611 -2.439397 -0.176172
1100000 4.201426 -2.545539 -0.209777
1110000 4.709844 -2.381737 -0.194394
1120000 4.081365 -2.464601 -0.282086
1130000 4.340680 -2.396250 -0.335451
1140000 4.174294 -2.347037 -0.292509
1150000 4.158608 -2.426911 -0.215680
1160000 2.585693 -2.398007 -0.239210
1170000 3.157292 -2.484451 -0.264215
1180000 3.721500 -2.418910 -0.224748
1190000 3.372724 -2.390272 -0.171522
1200000 2.920215 -2.487154 -0.140709
1210000 2.529924 -2.478152 -0.146015
1220000 2.713379 -2.445305 -0.229919
1230000 2.989327 -2.458185 -0.290056
1240000 4.140922 -2.481219 -0.138914
1250000 2.079767 -2.397129 -0.143458
1260000 1.915529 -2.441992 -0.109283
1270000 2.718832 -2.316611 -0.252639
1280000 1.646094 -2.400946 -0.141008
1290000 1.385023 -2.492487 -0.007510
1300000 1.516471 -2.628875 -0.156394
1310000 2.484896 -2.498732 -0.235544
1320000 3.036157 -2.400845 -0.372410
1330000 3.824900 -2.450407 -0.323122
1340000 4.991565 -2.470058 -0.074528
1350000 4.607931 -2.573448 -0.149601
1360000 4.541814 -2.411403 -0.146308
1370000 4.985563 -2.484271 -0.236417
1380000 4.504643 -2.483146 -0.201691
1390000 4.215107 -2.408650 -0.156683
1400000 4.364578 -2.542302 -0.238475
1410000 4.999405 -2.507901 -0.292626
1420000 4.389729 -2.510756 -0.223204
1430000 4.802311 -2.502095 -0.177175
1440000 4.970012 -2.531169 -0.165319
1450000 4.201619 -2.522166 -0.078006
1460000 3.188792 -2.304527 -0.231507
1470000 2.632088 -2.381092 -0.144802
1480000 2.126566 -2.430042 -0.097674
1490000 1.960609 -2.455192 -0.184778
1500000 2.615381 -2.372428 -0.225005
1510000 2.272129 -2.451933 -0.128377
1520000 2.011140 -2.424747 -0.099386
1530000 1.218573 -2.508681 -0.321702
1540000 1.180028 -2.521476 -0.148122
1550000 1.400932 -2.368587 -0.035513
1560000 1.914472 -2.406047 -0.110164
1570000 1.571678 -2.378958 -0.194285
1580000 1.363655 -2.517455 -0.195316
1590000 1.974326 -2.446548 -0.036662
1600000 2.171341 -2.619862 -0.274979
1610000 2.463035 -2.471447 -0.206800
1620000 1.924228 -2.357069 -0.093495
1630000 1.636103 -2.440247 -0.255051
1640000 1.520982 -2.418579 -0.133795
1650000 2.144030 -2.361434 -0.198495
1660000 3.695400 -2.372919 -0.201086
1670000 4.217776 -2.447986 -0.257796
1680000 3.690479 -2.404146 -0.236968
1690000 3.322208 -2.506116 -0.209658
1700000 2.790117 -2.517881 -0.199501
1710000 3.394056 -2.319714 -0.044022
1720000 3.833816 -2.236579 -0.148568
1730000 4.493030 -2.494331 -0.176769
1740000 4.268497 -2.575440 -0.307879
1750000 4.395578 -2.463655 -0.175468
1760000 4.415065 -2.465728 -0.086135
1770000 4.196949 -2.439448 -0.164394
1780000 2.857224 -2.388993 -0.140106
1790000 3.185851 -2.418460 -0.111307
1800000 3.477695 -2.423551 -0.130850
1810000 3.775593 -2.334181 -0.287657
1820000 3.064661 -2.453836 -0.090693
1830000 4.094076 -2.457019 -0.160878
1840000 3.760174 -2.555158 -0.172175
1850000 3.361679 -2.403123 -0.317483
1860000 2.888541 -2.426510 -0.255016
1870000 2.097055 -2.518659 -0.200536
1880000 2.125562 -2.409774 -0.147163
1890000 2.518107 -2.371088 -0.041240
1900000 3.074916 -2.476981 -0.138484
1910000 2.159617 -2.331087 0.000959
1920000 1.668393 -2.350491 -0.246516
1930000 1.971291 -2.548653 -0.147325
1940000 1.919418 -2.533678 -0.152639
1950000 2.376187 -2.429309 -0.039951
1960000 1.158019 -2.503279 -0.161939
1970000 0.782891 -2.258134 -0.224187
1980000 0.598289 -2.307241 -0.286893
1990000 0.607810 -2.398534 -0.142464
2000000 0.810947 -2.428310 -0.148441
2010000 0.684895 -2.403808 -0.108288
2020000 0.747366 -2.394943 -0.179712
2030000 0.917982 -2.484435 -0.050405
2040000 0.841421 -2.436612 -0.139669
2050000 0.925624 -2.574002 -0.190714
2060000 0.905336 -2.415584 -0.168721
2070000 0.684534 -2.496593 -0.149286
2080000 1.170716 -2.484470 -0.138695
2090000 1.431927 -2.354418 -0.097248
2100000 0.783622 -2.659939 -0.131476
2110000 0.846469 -2.467004 -0.174501
2120000 1.226195 -2.499451 -0.235219
2130000 1.279306 -2.463504 -0.134641
2140000 1.065589 -2.461460 -0.177327
2150000 1.411159 -2.412186 -0.146430
2160000 1.233922 -2.469591 -0.208370
2170000 1.244814 -2.551502 -0.148288
2180000 1.126484 -2.417690 -0.225139
2190000 1.116174 -2.558644 -0.003064
2200000 1.467990 -2.419812 -0.232522
2210000 1.412727 -2.400897 -0.131001
2220000 0.962864 -2.517915 -0.098971
2230000 1.080135 -2.539047 -0.205508
2240000 0.668190 -2.557826 -0.208942
2250000 0.501400 -2.405674 -0.197203
2260000 0.759654 -2.565132 -0.093260
2270000 0.501300 -2.595182 -0.203994
2280000 1.029633 -2.496652 -0.192857
2290000 0.668888 -2.465148 -0.063905
2300000 0.731701 -2.521239 -0.231740
2310000 0.883480 -2.377017 -0.218595
2320000 1.056861 -2.412755 -0.213504
2330000 0.763043 -2.531128 -0.296113
2340000 1.660963 -2.486097 -0.203808
2350000 1.694609 -2.402664 -0.127040
2360000 1.509128 -2.406133 -0.282499
2370000 1.724617 -2.453003 -0.296827
2380000 1.820914 -2.364259 -0.322758
2390000 2.717862 -2.495202 -0.339188
2400000 4.062504 -2.480036 -0.138887
2410000 4.447514 -2.258391 -0.138258
2420000 5.113170 -2.443828 -0.258228
2430000 4.377072 -2.451441 -0.241552
2440000 3.998371 -2.500977 -0.229214
2450000 2.933061 -2.319884 -0.319705
2460000 3.999960 -2.480637 -0.210983
2470000 3.345962 -2.503978 -0.093306
2480000 3.840588 -2.439164 -0.172421
2490000 3.156998 -2.467110 -0.206511
2500000 3.257100 -2.439465 -0.218118
2510000 2.889615 -2.402078 -0.218974
2520000 3.384914 -2.365245 -0.161850
2530000 3.673037 -2.455751 -0.166305
2540000 2.254091 -2.488345 -0.197696
2550000 1.984528 -2.525174 -0.132380
2560000 2.231632 -2.564590 -0.201434
2570000 1.835547 -2.331563 -0.163827
2580000 2.342953 -2.518869 -0.039833
2590000 2.478969 -2.475608 -0.093027
2600000 3.055876 -2.546888 -0.124882
2610000 2.950511 -2.417047 -0.237585
2620000 3.036252 -2.490928 -0.187504
2630000 4.597012 -2.552183 -0.197363
2640000 4.686188 -2.542602 -0.042284
2650000 4.091848 -2.590938 -0.190226
2660000 4.531039 -2.436633 -0.161144
2670000 4.657917 -2.422895 -0.237888
2680000 4.610809 -2.373757 -0.261518
2690000 4.628679 -2.486665 -0.170030
2700000 4.809712 -2.517605 -0.126066
2710000 4.001602 -2.464606 -0.257830
2720000 4.199020 -2.372558 -0.169668
2730000 4.453361 -2.459708 -0.098789
2740000 3.774937 -2.472023 -0.094104
2750000 3.358331 -2.505127 -0.180483
2760000 3.909689 -2.386242 -0.046129
2770000 2.657153 -2.481939 -0.126515
2780000 2.925027 -2.517712 -0.174194
2790000 3.632561 -2.474535 -0.144949
2800000 3.900219 -2.435737 -0.154553
2810000 4.458843 -2.467553 -0.198838
2820000 4.178713 -2.490075 -0.330406
2830000 3.119536 -2.599245 -0.154906
2840000 2.580816 -2.432266 -0.206881
2850000 2.906356 -2.422956 -0.076274
2860000 3.672215 -2.461046 -0.217103
2870000 4.969819 -2.407650 -0.150402
2880000 4.680019 -2.550834 -0.229882
2890000 4.642891 -2.430729 -0.116421
2900000 5.061829 -2.378683 -0.216754
2910000 4.683500 -2.428838 -0.171115
2920000 4.708691 -2.514331 -0.180933
2930000 4.317885 -2.487958 -0.158478
2940000 4.698043 -2.464958 -0.216631
2950000 4.807248 -2.453477 -0.252696
2960000 4.859989 -2.285201 -0.156557
2970000 4.734490 -2.341927 -0.287231
2980000 4.675976 -2.352894 -0.150605
2990000 3.439123 -2.334719 -0.158616
3000000 2.706416 -2.347653 -0.056609
3010000 2.641698 -2.567191 -0.111699
3020000 2.516526 -2.448445 -0.226940
3030000 1.787964 -2.572801 -0.124366
3040000 1.863169 -2.560927 -0.195895
3050000 2.367865 -2.433551 -0.100535
3060000 2.048849 -2.489760 -0.204463
3070000 2.884972 -2.385252 -0.110379
3080000 3.327156 -2.455012 -0.183030
3090000 3.597278 -2.510672 -0.298162
3100000 2.511682 -2.565397 -0.108403
3110000 2.334377 -2.513109 -0.239828
3120000 2.020573 -2.469342 -0.164812
3130000 1.961181 -2.304376 -0.264855
3140000 2.047111 -2.412305 -0.180385
3150000 2.507560 -2.424293 -0.141699
3160000 2.517572 -2.569501 -0.170703
3170000 2.444260 -2.445834 -0.150606
3180000 3.111867 -2.486645 -0.105759
3190000 3.556078 -2.414972 -0.115130
3200000 4.075793 -2.499104 -0.191666
3210000 4.023077 -2.381576 -0.203767
3220000 4.089830 -2.365448 -0.153531
3230000 4.260508 -2.361376 -0.180378
3240000 4.182497 -2.354692 -0.284537
3250000 3.831576 -2.486290 -0.199610
3260000 4.170023 -2.454962 -0.182989
3270000 4.120718 -2.440641 -0.025227
3280000 4.937352 -2.528150 -0.052887
3290000 4.754697 -2.409564 -0.140351
3300000 3.492449 -2.292599 -0.246601
3310000 3.460260 -2.372659 -0.197835
3320000 2.727818 -2.410518 -0.191615
3330000 2.713980 -2.238299 -0.259124
3340000 2.873007 -2.525742 -0.197829
3350000 3.182496 -2.395529 -0.106643
3360000 4.006943 -2.514042 -0.187667
3370000 3.846000 -2.375225 -0.221348
3380000 3.474651 -2.431480 -0.138270
3390000 2.864567 -2.325406 -0.182422
3400000 2.373763 -2.581347 -0.192471
3410000 2.289096 -2.498976 -0.231234
3420000 1.850458 -2.423779 -0.060012
3430000 1.689426 -2.482430 -0.091143
3440000 1.487963 -2.487177 -0.024343
3450000 1.381546 -2.273168 -0.198305
3460000 1.559277 -2.298198 -0.221741
3470000 1.342772 -2.506156 -0.117779
3480000 1.741358 -2.496788 -0.199844
3490000 1.938991 -2.602592 -0.199853
3500000 1.926226 -2.534538 -0.169352
3510000 1.779369 -2.601168 -0.115762
3520000 1.294801 -2.528960 -0.195809
3530000 1.395929 -2.548054 -0.148000
3540000 1.353851 -2.449914 -0.166133
3550000 1.730226 -2.355570 -0.195745
3560000 2.312024 -2.449801 -0.271634
3570000 2.545558 -2.491422 -0.109443
3580000 2.243501 -2.421998 -0.154699
3590000 1.826337 -2.433215 -0.201155
3600000 1.545231 -2.348888 -0.125942
3610000 1.126862 -2.426544 -0.074711
3620000 0.568349 -2.382202 -0.057822
3630000 0.860496 -2.509487 -0.195895
3640000 1.136416 -2.474773 -0.264828
3650000 1.690468 -2.502165 -0.171406
3660000 1.354863 -2.439292 -0.135376
3670000 1.781407 -2.431334 -0.066891
3680000 1.185874 -2.489806 -0.099868
3690000 1.140642 -2.371388 -0.206836
3700000 1.077770 -2.439885 -0.023576
3710000 1.416776 -2.357177 -0.199012
3720000 1.734496 -2.405142 -0.320522
3730000 1.497914 -2.336305 -0.194447
3740000 1.462600 -2.475263 -0.211113
3750000 1.200166 -2.488074 -0.290875
3760000 0.985316 -2.426330 -0.143482
3770000 0.679950 -2.561484 0.024944
3780000 0.502547 -2.531866 -0.182124
3790000 0.564297 -2.541393 -0.105316
3800000 0.886000 -2.398914 -0.173524
3810000 0.827776 -2.407827 -0.050979
3820000 0.683076 -2.395054 -0.216341
3830000 0.797572 -2.425529 -0.159872
3840000 0.956847 -2.328275 -0.315245
3850000 0.766354 -2.525233 -0.160751
3860000 0.951888 -2.495439 -0.183394
3870000 0.922758 -2.348922 -0.240400
3880000 1.219452 -2.346812 -0.143096
3890000 1.018260 -2.370157 -0.148668
3900000 0.732514 -2.377440 -0.068476
3910000 0.726604 -2.420111 -0.096414
3920000 0.747529 -2.526506 -0.154913
3930000 0.839854 -2.475701 -0.245282
3940000 1.035402 -2.414127 -0.166690
3950000 0.851285 -2.279518 -0.217320
3960000 1.078827 -2.636164 -0.217270
3970000 1.223518 -2.325102 -0.256083
3980000 1.187282 -2.411765 -0.240441
3990000 1.329396 -2.413796 -0.196398
4000000 1.236786 -2.431890 -0.163606
