100000 1.477806 -2.488025 -0.845360
110000 1.227711 -2.313925 -0.952783
120000 1.922588 -2.264366 -1.042146
130000 2.826894 -2.518333 -0.897773
140000 2.389267 -2.361614 -0.937425
150000 3.778720 -2.499837 -0.901874
160000 3.616014 -2.426263 -0.910085
170000 2.766314 -2.524601 -0.958978
180000 1.982632 -2.460205 -0.921993
190000 1.128449 -2.519547 -0.868036
200000 0.787770 -2.476261 -0.838490
210000 1.004353 -2.449922 -0.835695
220000 1.039065 -2.520650 -0.701316
230000 0.941768 -2.348224 -1.031559
240000 0.658021 -2.403852 -0.800953
250000 1.669071 -2.380641 -0.957870
260000 1.594315 -2.534765 -0.850647
270000 1.818865 -2.405877 -0.929434
280000 2.058428 -2.451707 -0.842385
290000 1.837778 -2.410971 -1.028167
300000 3.153206 -2.330458 -0.875564
310000 3.936225 -2.579854 -0.739897
320000 5.010763 -2.537285 -0.812102
330000 4.507879 -2.443609 -0.788203
340000 4.065804 -2.510185 -0.805171
350000 3.910412 -2.496842 -0.867770
360000 2.532353 -2.543196 -0.883791
370000 2.124641 -2.424013 -0.864711
380000 3.726145 -2.434955 -0.882400
390000 4.740244 -2.351040 -0.820257
400000 4.257680 -2.354056 -0.940907
410000 3.716282 -2.425356 -0.855689
420000 3.588268 -2.413892 -0.960760
430000 3.224111 -2.461554 -0.856503
440000 5.002555 -2.531302 -0.724754
450000 4.397999 -2.352767 -0.871476
460000 4.251640 -2.538786 -0.820973
470000 3.629236 -2.509467 -0.936620
480000 2.661263 -2.449572 -0.932791
490000 3.467911 -2.336127 -0.948991
500000 2.010211 -2.488366 -0.905642
510000 1.549737 -2.575215 -0.815104
520000 2.183133 -2.515831 -0.791905
530000 3.072236 -2.454295 -0.879448
540000 3.983052 -2.438183 -0.910442
550000 4.742682 -2.453592 -0.898193
560000 4.514966 -2.477222 -1.002194
570000 5.072069 -2.599878 -0.862667
580000 3.771343 -2.462329 -0.866825
590000 4.971482 -2.422776 -0.883207
600000 4.354517 -2.511068 -0.721992
610000 4.964832 -2.373580 -1.009405
620000 4.320922 -2.501150 -0.997515
630000 4.176770 -2.500189 -0.846795
640000 4.898185 -2.467276 -0.855048
650000 4.271575 -2.584487 -0.852514
660000 3.085933 -2.433279 -0.939600
670000 2.677087 -2.391842 -0.859472
680000 1.648005 -2.399554 -0.978475
690000 2.127726 -2.467915 -0.799636
700000 2.727653 -2.516262 -0.899687
710000 2.653628 -2.468435 -0.893218
720000 3.499755 -2.415383 -0.778762
730000 4.109119 -2.414957 -0.902003
740000 2.952943 -2.348865 -0.899751
750000 2.564392 -2.481782 -0.782609
760000 1.940435 -2.361361 -0.858680
770000 1.726714 -2.406452 -0.799013
780000 2.379263 -2.570467 -0.921563
790000 1.999483 -2.393524 -0.855485
800000 1.249159 -2.476736 -0.891824
810000 0.740339 -2.556047 -0.822908
820000 0.640911 -2.588445 -0.968941
830000 0.843790 -2.577083 -1.098927
840000 0.959016 -2.451677 -1.006852
850000 1.161706 -2.407295 -0.761662
860000 1.329983 -2.428478 -0.931546
870000 1.704705 -2.446796 -0.941334
880000 1.190552 -2.427511 -0.765265
890000 1.489178 -2.442832 -0.973922
900000 1.537821 -2.347547 -0.872343
910000 1.899700 -2.390485 -0.851337
920000 2.485774 -2.460489 -0.947886
930000 2.854939 -2.596732 -0.846364
940000 4.121231 -2.437309 -0.870191
950000 4.485308 -2.393266 -0.911504
960000 4.781027 -2.390493 -0.862253
970000 4.858086 -2.408238 -0.856290
980000 4.349351 -2.499041 -0.869445
990000 3.862775 -2.424550 -0.867947
1000000 4.172823 -2.530665 -0.671104
1010000 4.638893 -2.462645 -0.877320
1020000 4.618288 -2.428745 -0.884133
1030000 3.316483 -2.453490 -0.995024
1040000 3.218102 -2.444340 -0.804029
1050000 3.347575 -2.449154 -0.819838
1060000 4.029511 -2.500401 -0.706316
1070000 3.285467 -2.373635 -0.923178
1080000 2.938510 -2.483928 -0.844684
1090000 2.747531 -2.542476 -1.031388
1100000 2.484675 -2.324864 -0.822475
1110000 1.995645 -2.434842 -0.966070
1120000 2.071622 -2.457746 -0.927530
1130000 2.242875 -2.427530 -0.824340
1140000 2.628487 -2.454020 -0.771473
1150000 2.121881 -2.437028 -0.919186
1160000 1.556801 -2.416794 -0.781863
1170000 1.032523 -2.382344 -0.731163
1180000 1.024164 -2.327746 -0.819863
1190000 1.030742 -2.354625 -0.787025
1200000 0.764587 -2.556551 -0.726772
1210000 0.809904 -2.483592 -0.957445
1220000 1.263935 -2.476179 -0.792954
1230000 0.927576 -2.377441 -0.836313
1240000 1.541792 -2.553467 -0.879510
1250000 0.979477 -2.432397 -1.004440
1260000 1.324181 -2.429135 -0.880336
1270000 1.730534 -2.481423 -0.828714
1280000 1.801260 -2.517394 -0.734902
1290000 1.646004 -2.430739 -0.902026
1300000 1.818764 -2.512218 -0.837912
1310000 1.965528 -2.570343 -0.934268
1320000 2.748736 -2.456487 -0.779961
1330000 3.270923 -2.586834 -0.790374
1340000 4.312889 -2.419828 -0.774706
1350000 4.636233 -2.261896 -0.782677
1360000 3.993044 -2.333888 -0.898490
1370000 3.837788 -2.460581 -1.017295
1380000 3.903566 -2.481516 -1.075960
1390000 3.687463 -2.410726 -0.928809
1400000 2.881157 -2.533318 -0.910304
1410000 3.101402 -2.397542 -0.923618
1420000 2.671611 -2.411461 -0.962023
1430000 3.686434 -2.283522 -0.955213
1440000 4.650004 -2.429886 -0.894816
1450000 4.791361 -2.403765 -0.844214
1460000 4.095980 -2.391408 -1.002157
1470000 4.852424 -2.496645 -0.902348
1480000 5.025890 -2.411268 -0.780196
1490000 4.853792 -2.433211 -0.830730
1500000 4.129631 -2.372323 -0.640822
1510000 4.433842 -2.454309 -0.974628
1520000 3.680574 -2.489409 -0.940399
1530000 3.177775 -2.380653 -0.962641
1540000 2.516220 -2.550248 -0.809660
1550000 2.715518 -2.384015 -0.958522
1560000 3.404530 -2.389616 -0.818224
1570000 4.983008 -2.425256 -0.893055
1580000 4.049462 -2.440763 -0.811936
1590000 4.862520 -2.509212 -0.854733
1600000 3.782691 -2.520104 -0.994127
1610000 4.018550 -2.577029 -1.031817
1620000 3.006577 -2.356308 -0.956993
1630000 2.504230 -2.410218 -0.914002
1640000 2.707147 -2.365853 -0.831186
1650000 2.727182 -2.512443 -0.917442
1660000 3.227091 -2.401273 -0.939114
1670000 3.473067 -2.482857 -0.905994
1680000 4.599554 -2.360275 -0.998338
1690000 4.662060 -2.396485 -0.831355
1700000 4.827845 -2.459584 -0.862557
1710000 4.316724 -2.437301 -0.853048
1720000 4.889873 -2.379628 -0.832196
1730000 3.546668 -2.546289 -0.980394
1740000 3.016140 -2.534944 -0.937805
1750000 2.370657 -2.416847 -0.825302
1760000 1.879113 -2.468992 -0.871509
1770000 1.762453 -2.447157 -0.837551
1780000 1.563972 -2.482696 -0.911549
1790000 1.890097 -2.463334 -0.855534
1800000 0.784784 -2.484051 -0.808106
1810000 0.753736 -2.479691 -0.902135
1820000 0.601190 -2.340892 -0.909195
1830000 0.619706 -2.291707 -0.881853
1840000 0.826819 -2.449026 -0.940658
1850000 0.644128 -2.429819 -0.929089
1860000 1.020618 -2.396333 -0.981728
1870000 0.914131 -2.493581 -0.775741
1880000 1.271405 -2.440239 -0.924534
1890000 1.484928 -2.590772 -0.969414
1900000 1.370538 -2.349307 -0.825472
1910000 0.858400 -2.571794 -0.867122
1920000 1.167550 -2.394816 -0.836781
1930000 0.895904 -2.412145 -0.879387
1940000 0.892650 -2.336704 -0.900562
1950000 1.141176 -2.376403 -0.866122
1960000 1.529705 -2.259210 -0.852749
1970000 1.750235 -2.326921 -0.856655
1980000 2.065288 -2.380551 -0.727980
1990000 2.188732 -2.430753 -0.952219
2000000 2.072893 -2.437270 -0.980740
2010000 2.022213 -2.440166 -0.911842
2020000 3.366575 -2.430412 -1.033329
2030000 3.845330 -2.509195 -0.838746
2040000 3.250777 -2.477080 -0.876949
2050000 3.166693 -2.372034 -0.803346
2060000 3.010299 -2.511652 -0.822846
2070000 2.965330 -2.524497 -0.917228
2080000 3.353332 -2.489142 -0.777192
2090000 4.118361 -2.476953 -0.911333
2100000 3.956611 -2.447255 -0.793445
2110000 3.186026 -2.555289 -0.942549
2120000 2.522485 -2.250398 -1.015576
2130000 2.246519 -2.410909 -0.887093
2140000 2.259740 -2.458260 -0.892264
2150000 1.733911 -2.383149 -0.840097
2160000 1.711074 -2.510341 -0.899998
2170000 1.774537 -2.249003 -0.960282
2180000 2.458609 -2.493752 -0.853828
2190000 2.468503 -2.413367 -0.905148
2200000 2.439181 -2.513076 -0.846200
2210000 3.760258 -2.554530 -0.799868
2220000 4.699325 -2.362734 -1.020507
2230000 4.733783 -2.439939 -0.856812
2240000 4.761139 -2.396814 -0.854445
2250000 4.862935 -2.565614 -0.999681
2260000 4.532306 -2.426997 -0.928788
2270000 4.992872 -2.374364 -0.689766
2280000 5.007320 -2.376689 -0.910262
2290000 4.932001 -2.456481 -0.898721
2300000 4.979578 -2.519265 -0.892505
2310000 3.602448 -2.385620 -0.884957
2320000 4.281331 -2.456762 -0.994029
2330000 4.260318 -2.401462 -0.859842
2340000 3.489583 -2.485803 -0.871308
2350000 3.819488 -2.405722 -0.775111
2360000 4.258739 -2.449846 -1.035553
2370000 4.085611 -2.493985 -0.751832
2380000 3.091412 -2.321695 -0.935007
2390000 3.087426 -2.463153 -0.858969
2400000 3.078124 -2.398973 -0.892743
2410000 2.760345 -2.410961 -0.943246
2420000 3.219301 -2.541868 -0.873460
2430000 2.739657 -2.475334 -0.787720
2440000 2.350580 -2.360694 -0.864587
2450000 3.373014 -2.499451 -0.753545
2460000 2.155325 -2.478126 -0.810791
2470000 1.407172 -2.515764 -0.908217
2480000 1.264582 -2.442110 -0.978106
2490000 1.227447 -2.339873 -0.754349
2500000 1.016970 -2.468033 -0.805720
2510000 1.175117 -2.459661 -0.909564
2520000 1.313559 -2.334144 -0.927087
2530000 0.738311 -2.566766 -0.839366
2540000 0.811303 -2.455823 -0.886924
2550000 1.210504 -2.430434 -0.878732
2560000 1.040403 -2.464400 -0.844343
2570000 1.004783 -2.536462 -0.932640
2580000 0.607259 -2.597686 -1.086642
2590000 0.591692 -2.550210 -0.746586
2600000 0.506207 -2.497945 -0.928449
2610000 1.745262 -2.371889 -0.916589
2620000 1.644481 -2.411999 -0.948360
2630000 1.918106 -2.381505 -0.821879
2640000 1.751776 -2.367406 -0.869409
2650000 2.172811 -2.446850 -0.826062
2660000 1.584860 -2.584012 -0.822807
2670000 1.426442 -2.538342 -0.847277
2680000 1.461048 -2.504643 -0.856279
2690000 1.412124 -2.476115 -0.962839
2700000 1.382199 -2.340757 -0.904600
2710000 1.723305 -2.403755 -1.009600
2720000 2.482982 -2.472879 -0.791817
2730000 2.501819 -2.573654 -0.898029
2740000 2.561732 -2.465398 -0.866411
2750000 3.048915 -2.438891 -0.828530
2760000 3.189243 -2.364628 -0.790959
2770000 2.620349 -2.436860 -0.794129
2780000 3.147406 -2.459075 -0.919233
2790000 3.483030 -2.426103 -0.804385
2800000 3.886596 -2.554181 -0.904553
2810000 3.493680 -2.507388 -0.901146
2820000 4.288923 -2.403009 -0.783859
2830000 4.586159 -2.248359 -0.896744
2840000 5.011875 -2.423412 -0.863202
2850000 4.709130 -2.419237 -0.802495
2860000 4.802296 -2.573681 -0.874592
2870000 5.006540 -2.434000 -0.871129
2880000 3.639641 -2.476520 -0.928434
2890000 4.796774 -2.434987 -0.913778
2900000 4.548231 -2.511813 -0.919207
2910000 4.491168 -2.266280 -1.032442
2920000 3.778901 -2.440853 -0.836894
2930000 3.575518 -2.603530 -0.847094
2940000 3.857478 -2.415927 -0.807331
2950000 3.560111 -2.350072 -0.897287
2960000 3.175984 -2.506297 -1.008134
2970000 2.609735 -2.493596 -0.848657
2980000 2.284439 -2.490444 -0.870373
2990000 2.272423 -2.412438 -0.810472
3000000 2.855828 -2.513899 -0.786238
3010000 2.391208 -2.491403 -0.909141
3020000 2.534476 -2.476009 -0.741680
3030000 1.901602 -2.398147 -0.904137
3040000 1.674932 -2.472767 -0.833955
3050000 1.501270 -2.368740 -0.876853
3060000 1.131777 -2.501091 -0.893883
3070000 1.313285 -2.444113 -0.895572
3080000 1.091632 -2.531516 -0.906698
3090000 0.827020 -2.601554 -0.702328
3100000 0.721649 -2.261602 -0.822881
3110000 0.995606 -2.429919 -0.913532
3120000 0.896631 -2.474297 -0.885108
3130000 0.974296 -2.582034 -0.929524
3140000 0.771198 -2.497239 -0.972496
3150000 1.201208 -2.415357 -0.726481
3160000 0.768355 -2.354257 -0.940684
3170000 1.151276 -2.538241 -1.050852
3180000 1.251381 -2.405170 -0.768892
3190000 1.395045 -2.396349 -0.885055
3200000 1.696025 -2.328045 -0.807357
3210000 1.903255 -2.363382 -0.814910
3220000 1.997832 -2.415469 -0.874425
3230000 3.107049 -2.407475 -0.868243
3240000 2.481550 -2.412459 -0.830981
3250000 3.396190 -2.426034 -0.923439
3260000 3.890739 -2.415830 -0.872278
3270000 4.113265 -2.494421 -0.947610
3280000 4.443736 -2.464087 -0.826947
3290000 4.107293 -2.440054 -0.836170
3300000 4.474793 -2.431192 -0.933351
3310000 3.275448 -2.488988 -0.746753
3320000 2.970431 -2.311540 -0.851793
3330000 3.001217 -2.490937 -0.831531
3340000 3.333692 -2.497614 -0.842175
3350000 2.393499 -2.415777 -0.949779
3360000 3.500635 -2.365961 -0.874821
3370000 4.965007 -2.510160 -0.983719
3380000 4.802285 -2.431348 -0.871478
3390000 4.690329 -2.595988 -0.771621
3400000 4.794799 -2.572998 -0.881280
3410000 4.547152 -2.449216 -0.848241
3420000 4.238641 -2.336554 -0.877307
3430000 4.101532 -2.479906 -0.860986
3440000 3.879068 -2.533009 -0.953635
3450000 4.589741 -2.441608 -0.866713
3460000 3.826227 -2.463580 -0.936574
3470000 3.871797 -2.396856 -0.895591
3480000 3.706513 -2.370767 -0.796985
3490000 4.573374 -2.390219 -0.920821
3500000 2.928040 -2.434452 -0.844958
3510000 3.177728 -2.464339 -0.757798
3520000 2.622818 -2.511684 -0.784423
3530000 3.370079 -2.285359 -0.847653
3540000 4.399942 -2.509632 -0.862242
3550000 4.916045 -2.555962 -0.930351
3560000 4.518789 -2.441341 -0.974630
3570000 4.922507 -2.259229 -0.806078
3580000 4.360623 -2.524619 -0.840223
3590000 4.727954 -2.395205 -0.941096
3600000 4.000852 -2.445099 -0.969064
3610000 4.525174 -2.366232 -0.957745
3620000 2.857391 -2.434372 -0.725913
3630000 3.283369 -2.384836 -0.910035
3640000 3.394511 -2.549322 -0.934906
3650000 3.845512 -2.365888 -0.824298
3660000 4.260395 -2.425809 -0.894658
3670000 3.833931 -2.473996 -0.910279
3680000 4.688916 -2.409114 -0.915400
3690000 4.332742 -2.425911 -0.899309
3700000 4.814735 -2.419936 -0.726734
3710000 4.071080 -2.611112 -1.008365
3720000 3.882202 -2.499271 -0.948665
3730000 3.046658 -2.382698 -0.914292
3740000 3.941509 -2.487398 -0.802911
3750000 3.340481 -2.560367 -0.849422
3760000 2.208334 -2.411707 -0.797543
3770000 2.509945 -2.538236 -0.878894
3780000 2.653052 -2.378909 -0.878420
3790000 2.869127 -2.344350 -0.700775
3800000 1.925537 -2.420817 -0.907578
3810000 1.937431 -2.422380 -0.896625
3820000 1.792033 -2.311689 -0.924367
3830000 2.283725 -2.390786 -0.888333
3840000 2.198422 -2.384531 -0.864775
3850000 1.896613 -2.370927 -0.815047
3860000 1.741080 -2.411287 -0.898424
3870000 1.563128 -2.589324 -0.760246
3880000 1.444528 -2.402286 -0.799938
3890000 1.496878 -2.418958 -0.869138
3900000 1.500799 -2.333996 -0.826033
3910000 1.318227 -2.452462 -0.911638
3920000 1.260352 -2.517378 -0.904643
3930000 1.563470 -2.448116 -0.829842
3940000 1.745529 -2.419633 -0.823207
3950000 2.163558 -2.451870 -0.921517
3960000 2.429559 -2.510582 -0.949143
3970000 2.929139 -2.378928 -1.013981
3980000 2.733412 -2.356606 -0.901793
3990000 2.908134 -2.569835 -0.766851
4000000 3.254683 -2.413659 -0.903811
