100000 4.267328 -2.459901 -1.311634
110000 4.529917 -2.499920 -1.376156
120000 4.076559 -2.419055 -1.314891
130000 4.180610 -2.503677 -1.422013
140000 4.365009 -2.461818 -1.332835
150000 2.978483 -2.447159 -1.455557
160000 3.655262 -2.427476 -1.305760
170000 3.646558 -2.381367 -1.432446
180000 2.138483 -2.526898 -1.375972
190000 1.046844 -2.498504 -1.431283
200000 0.789285 -2.475739 -1.335225
210000 1.203800 -2.414541 -1.442795
220000 1.564205 -2.422373 -1.479683
230000 1.045641 -2.399948 -1.421997
240000 0.910912 -2.497347 -1.411547
250000 2.653961 -2.372801 -1.434302
260000 1.879555 -2.374998 -1.330440
270000 2.535213 -2.454213 -1.248351
280000 3.577298 -2.466312 -1.358990
290000 4.327764 -2.604842 -1.460821
300000 3.650892 -2.538557 -1.400873
310000 4.029272 -2.533689 -1.464336
320000 4.460543 -2.563885 -1.390466
330000 4.553744 -2.350308 -1.351218
340000 3.349213 -2.561517 -1.315357
350000 2.719619 -2.498730 -1.409664
360000 2.909042 -2.353934 -1.361940
370000 2.987207 -2.406224 -1.258505
380000 2.157590 -2.490575 -1.455188
390000 1.781720 -2.411059 -1.387447
400000 1.498162 -2.447306 -1.368050
410000 1.413646 -2.416413 -1.397436
420000 0.662932 -2.408029 -1.384196
430000 0.753510 -2.385074 -1.498577
440000 0.614997 -2.280035 -1.394052
450000 0.609846 -2.523378 -1.427358
460000 0.739859 -2.558503 -1.318758
470000 1.190183 -2.557199 -1.280189
480000 1.600994 -2.441747 -1.325758
490000 1.811895 -2.460807 -1.327278
500000 2.670751 -2.403257 -1.455439
510000 3.421254 -2.472601 -1.444035
520000 3.227410 -2.288703 -1.346990
530000 4.298581 -2.483426 -1.291441
540000 5.009346 -2.448404 -1.410565
550000 4.325619 -2.351528 -1.457868
560000 3.864097 -2.467669 -1.493837
570000 3.158354 -2.457049 -1.436504
580000 2.195395 -2.535014 -1.372598
590000 3.789572 -2.472616 -1.511886
600000 4.404724 -2.422287 -1.315651
610000 4.928434 -2.456670 -1.421233
620000 4.725748 -2.540855 -1.407698
630000 3.684656 -2.473261 -1.455579
640000 3.317175 -2.466655 -1.340891
650000 2.301502 -2.461698 -1.301598
660000 2.495743 -2.288383 -1.334744
670000 1.967110 -2.432485 -1.467939
680000 2.015687 -2.421884 -1.405541
690000 2.795043 -2.358978 -1.385949
700000 3.259304 -2.423086 -1.476132
710000 3.245539 -2.400228 -1.434292
720000 4.249803 -2.435707 -1.359895
730000 4.501020 -2.453299 -1.399408
740000 3.739044 -2.461730 -1.488306
750000 5.080682 -2.531692 -1.474208
760000 4.386590 -2.489996 -1.345749
770000 4.479170 -2.545240 -1.472829
780000 4.407576 -2.415189 -1.309781
790000 2.663996 -2.444562 -1.351211
800000 2.485854 -2.390059 -1.491122
810000 2.290754 -2.555739 -1.488036
820000 1.486705 -2.326558 -1.442017
830000 1.359759 -2.483315 -1.417113
840000 1.755830 -2.345716 -1.436211
850000 1.121274 -2.588731 -1.522559
860000 1.393960 -2.431520 -1.380360
870000 2.084621 -2.396878 -1.411867
880000 2.632661 -2.407921 -1.441322
890000 3.349433 -2.360038 -1.344830
900000 4.405878 -2.427813 -1.395031
910000 3.702546 -2.445739 -1.392858
920000 4.306122 -2.517311 -1.401554
930000 4.537816 -2.431148 -1.345120
940000 4.263598 -2.458752 -1.345638
950000 2.713403 -2.415779 -1.467620
960000 2.038711 -2.438911 -1.527367
970000 2.780935 -2.373766 -1.327208
980000 2.897527 -2.404435 -1.439853
990000 2.258794 -2.399738 -1.380362
1000000 3.035409 -2.472066 -1.427484
1010000 3.964528 -2.406243 -1.365350
1020000 2.721694 -2.405396 -1.415786
1030000 3.919002 -2.471353 -1.488376
1040000 3.906328 -2.419357 -1.367871
1050000 3.853831 -2.436567 -1.502109
1060000 2.938161 -2.358222 -1.324212
1070000 1.706052 -2.504138 -1.561994
1080000 1.505651 -2.429001 -1.387943
1090000 1.124544 -2.409872 -1.465925
1100000 1.368058 -2.491716 -1.453117
1110000 1.072791 -2.484975 -1.430318
1120000 1.218492 -2.348345 -1.334023
1130000 0.922637 -2.560632 -1.321108
1140000 1.503735 -2.448007 -1.318769
1150000 1.576290 -2.464862 -1.448696
1160000 1.448192 -2.473206 -1.482256
1170000 1.938252 -2.474160 -1.527594
1180000 2.348534 -2.418371 -1.379636
1190000 2.381674 -2.433711 -1.484329
1200000 3.323744 -2.486126 -1.298236
1210000 4.656673 -2.330236 -1.424727
1220000 4.954314 -2.380798 -1.452087
1230000 4.487833 -2.468734 -1.449541
1240000 4.956730 -2.430577 -1.398773
1250000 5.015658 -2.426662 -1.440978
1260000 4.566812 -2.300275 -1.178533
1270000 3.111128 -2.458768 -1.449843
1280000 3.660523 -2.459252 -1.346244
1290000 4.359893 -2.399209 -1.323595
1300000 5.027462 -2.439488 -1.473013
1310000 4.798653 -2.455720 -1.580142
1320000 5.011613 -2.508953 -1.387656
1330000 3.785001 -2.459936 -1.238664
1340000 3.419216 -2.349446 -1.279040
1350000 2.341847 -2.437793 -1.467708
1360000 2.039630 -2.499098 -1.430218
1370000 2.018673 -2.357548 -1.410032
1380000 3.615803 -2.508980 -1.533100
1390000 4.071429 -2.312894 -1.385312
1400000 4.647390 -2.421591 -1.344944
1410000 4.225448 -2.464458 -1.346691
1420000 4.911381 -2.318069 -1.265484
1430000 4.533261 -2.417270 -1.373857
1440000 4.798989 -2.487513 -1.468960
1450000 4.516227 -2.425487 -1.477235
1460000 4.328082 -2.415265 -1.347267
1470000 4.735772 -2.335692 -1.441753
1480000 5.078431 -2.426310 -1.386683
1490000 4.629275 -2.359143 -1.467482
1500000 2.747069 -2.434275 -1.350474
1510000 2.858935 -2.456649 -1.285781
1520000 3.502062 -2.411998 -1.333825
1530000 2.759063 -2.443858 -1.395713
1540000 1.991255 -2.461880 -1.348768
1550000 2.408192 -2.461011 -1.342261
1560000 2.137749 -2.510190 -1.346978
1570000 2.516133 -2.375881 -1.479792
1580000 1.707655 -2.384431 -1.366938
1590000 1.622441 -2.454636 -1.445970
1600000 1.361131 -2.490321 -1.610228
1610000 1.025852 -2.580860 -1.330118
1620000 0.833134 -2.568457 -1.436919
1630000 0.856155 -2.440471 -1.285231
1640000 0.894123 -2.383420 -1.520667
1650000 0.505861 -2.468090 -1.507246
1660000 0.667647 -2.502869 -1.247669
1670000 0.686419 -2.515948 -1.407781
1680000 0.501954 -2.435542 -1.512923
1690000 0.661787 -2.580610 -1.363316
1700000 0.497432 -2.456832 -1.424358
1710000 0.801610 -2.495904 -1.295621
1720000 1.181414 -2.452286 -1.337322
1730000 1.301255 -2.444831 -1.401363
1740000 1.210567 -2.288522 -1.376619
1750000 1.409544 -2.410805 -1.330785
1760000 1.587696 -2.463961 -1.369535
1770000 1.446664 -2.318567 -1.297315
1780000 1.667490 -2.463964 -1.387593
1790000 1.469319 -2.451519 -1.448947
1800000 1.837864 -2.435853 -1.323145
1810000 2.084920 -2.527003 -1.349382
1820000 2.444943 -2.419923 -1.490063
1830000 3.088651 -2.488790 -1.330124
1840000 3.175921 -2.549293 -1.396869
1850000 3.829796 -2.355694 -1.319675
1860000 5.091391 -2.449851 -1.396195
1870000 4.850012 -2.369232 -1.307636
1880000 3.258182 -2.473556 -1.454159
1890000 3.428258 -2.410865 -1.298113
1900000 2.790903 -2.412640 -1.362350
1910000 2.310084 -2.401144 -1.466483
1920000 2.596667 -2.335999 -1.387617
1930000 2.108089 -2.387860 -1.351018
1940000 2.269729 -2.454913 -1.516537
1950000 2.994367 -2.462087 -1.378930
1960000 2.929903 -2.426403 -1.364162
1970000 3.763387 -2.447588 -1.275286
1980000 3.537463 -2.411005 -1.452009
1990000 3.717593 -2.436801 -1.408661
2000000 4.796385 -2.566066 -1.376491
2010000 4.527570 -2.513802 -1.437896
2020000 4.715561 -2.486608 -1.451383
2030000 4.767687 -2.390103 -1.355003
2040000 4.422153 -2.411698 -1.366857
2050000 4.548924 -2.374435 -1.390689
2060000 5.064742 -2.540290 -1.311407
2070000 4.094833 -2.537084 -1.413614
2080000 3.247607 -2.512219 -1.334111
2090000 2.655081 -2.433818 -1.401644
2100000 1.824872 -2.444099 -1.392144
2110000 2.015420 -2.431769 -1.406908
2120000 1.985870 -2.532178 -1.469027
2130000 2.237239 -2.495713 -1.327501
2140000 2.450253 -2.448616 -1.491184
2150000 3.455556 -2.442672 -1.321976
2160000 3.574923 -2.413402 -1.485205
2170000 3.720186 -2.348485 -1.470157
2180000 4.944622 -2.562298 -1.422056
2190000 4.191178 -2.431989 -1.424535
2200000 4.293345 -2.467957 -1.431573
2210000 4.358596 -2.559292 -1.545586
2220000 3.276808 -2.484417 -1.358899
2230000 3.031046 -2.382476 -1.417278
2240000 2.883031 -2.535699 -1.337129
2250000 2.659331 -2.459324 -1.418516
2260000 2.159111 -2.427873 -1.296466
2270000 2.486457 -2.398530 -1.321902
2280000 3.440559 -2.440031 -1.327061
2290000 3.597999 -2.454234 -1.415476
2300000 3.859279 -2.553729 -1.451998
2310000 4.783303 -2.480324 -1.457244
2320000 3.810508 -2.576908 -1.298411
2330000 2.804341 -2.314707 -1.501722
2340000 3.041526 -2.398062 -1.340358
2350000 3.627080 -2.369332 -1.494461
2360000 2.629454 -2.554865 -1.392634
2370000 3.200938 -2.301632 -1.543054
2380000 3.426929 -2.354083 -1.443251
2390000 5.019615 -2.404256 -1.433303
2400000 4.791808 -2.361248 -1.431266
2410000 3.637511 -2.419609 -1.373977
2420000 3.173926 -2.480511 -1.358452
2430000 1.955677 -2.527645 -1.456757
2440000 1.524214 -2.420041 -1.386492
2450000 1.376731 -2.361794 -1.413228
2460000 0.905768 -2.491725 -1.407622
2470000 0.962180 -2.405367 -1.357121
2480000 0.984916 -2.402086 -1.362232
2490000 1.118108 -2.371375 -1.323523
2500000 0.773918 -2.464243 -1.404335
2510000 0.896853 -2.546399 -1.341252
2520000 1.118836 -2.373746 -1.276147
2530000 0.828458 -2.416729 -1.400591
2540000 1.159868 -2.394286 -1.336394
2550000 1.253684 -2.560223 -1.320533
2560000 1.329183 -2.399597 -1.492912
2570000 1.370561 -2.417750 -1.357630
2580000 1.391718 -2.494512 -1.411336
2590000 1.295048 -2.426104 -1.405130
2600000 1.457097 -2.414687 -1.502589
2610000 1.571071 -2.472179 -1.456491
2620000 1.774010 -2.327833 -1.408953
2630000 1.574386 -2.441124 -1.429963
2640000 1.761321 -2.270193 -1.395967
2650000 2.029790 -2.527450 -1.373008
2660000 2.388941 -2.306288 -1.480919
2670000 2.612656 -2.340003 -1.440378
2680000 2.607929 -2.430104 -1.440574
2690000 2.754828 -2.571812 -1.357918
2700000 3.891558 -2.476282 -1.389612
2710000 3.297183 -2.557839 -1.426364
2720000 3.501693 -2.507827 -1.363570
2730000 4.634179 -2.571366 -1.363379
2740000 2.926442 -2.435994 -1.433342
2750000 2.594297 -2.429224 -1.437548
2760000 2.896912 -2.347962 -1.447756
2770000 3.153983 -2.413879 -1.430514
2780000 3.116300 -2.334468 -1.267047
2790000 4.393126 -2.232854 -1.345330
2800000 4.968022 -2.331251 -1.359564
2810000 5.041274 -2.540826 -1.392351
2820000 4.477117 -2.371379 -1.520256
2830000 4.257332 -2.547599 -1.273438
2840000 4.417249 -2.425328 -1.481070
2850000 4.287438 -2.491334 -1.274455
2860000 3.812896 -2.518216 -1.407863
2870000 3.710061 -2.424217 -1.464247
2880000 4.409578 -2.366498 -1.524604
2890000 4.236124 -2.427064 -1.293135
2900000 3.949826 -2.517979 -1.421267
2910000 4.832322 -2.388750 -1.345765
2920000 3.809784 -2.523334 -1.343724
2930000 3.736283 -2.432762 -1.415794
2940000 4.450082 -2.413731 -1.382065
2950000 4.993858 -2.435429 -1.252827
2960000 4.868449 -2.344476 -1.419027
2970000 4.505706 -2.451099 -1.402485
2980000 4.811092 -2.502907 -1.436814
2990000 4.893642 -2.493528 -1.465282
3000000 4.702922 -2.437473 -1.324798
3010000 4.723810 -2.587218 -1.396030
3020000 3.917419 -2.510255 -1.363869
3030000 2.946688 -2.444998 -1.262826
3040000 2.998369 -2.476501 -1.387920
3050000 2.091209 -2.439010 -1.463574
3060000 2.246983 -2.524613 -1.411288
3070000 3.122076 -2.361614 -1.324659
3080000 3.221821 -2.501070 -1.398449
3090000 2.554533 -2.449756 -1.364483
3100000 1.888673 -2.474207 -1.508912
3110000 2.154804 -2.481871 -1.402696
3120000 1.862800 -2.321579 -1.457234
3130000 1.588476 -2.491755 -1.337684
3140000 1.471129 -2.462876 -1.423079
3150000 1.934019 -2.557603 -1.433697
3160000 2.155788 -2.470703 -1.431263
3170000 2.336759 -2.547663 -1.580304
3180000 2.601034 -2.511709 -1.408282
3190000 2.915686 -2.539525 -1.359161
3200000 3.406830 -2.383356 -1.423807
3210000 2.822114 -2.483809 -1.492912
3220000 3.415314 -2.337953 -1.559630
3230000 3.558671 -2.403050 -1.443946
3240000 5.068260 -2.452603 -1.394490
3250000 4.298536 -2.444276 -1.569937
3260000 4.723426 -2.475344 -1.307289
3270000 3.252885 -2.387428 -1.408180
3280000 2.316289 -2.384555 -1.306554
3290000 2.552194 -2.429164 -1.317356
3300000 3.117439 -2.343642 -1.483124
3310000 3.873890 -2.411690 -1.417015
3320000 3.441043 -2.511902 -1.440878
3330000 2.878064 -2.522421 -1.432873
3340000 2.337017 -2.414752 -1.364381
3350000 1.863050 -2.502361 -1.443124
3360000 1.725729 -2.516631 -1.341783
3370000 2.028054 -2.465111 -1.299299
3380000 2.095019 -2.449298 -1.422891
3390000 1.693086 -2.490288 -1.341096
3400000 1.819144 -2.374022 -1.270278
3410000 1.745976 -2.496156 -1.377939
3420000 1.735566 -2.412555 -1.496906
3430000 1.094996 -2.316470 -1.360980
3440000 1.067356 -2.499650 -1.518540
3450000 0.655953 -2.565902 -1.448747
3460000 0.870557 -2.431680 -1.380025
3470000 0.696760 -2.670047 -1.451192
3480000 0.826134 -2.367359 -1.448608
3490000 0.728262 -2.311356 -1.322483
3500000 0.583988 -2.442168 -1.463346
3510000 0.773018 -2.365241 -1.396549
3520000 1.179514 -2.412878 -1.266023
3530000 1.109402 -2.445629 -1.532623
3540000 1.316218 -2.544406 -1.391980
3550000 1.259891 -2.472100 -1.560920
3560000 1.248241 -2.536641 -1.474655
3570000 1.203543 -2.503912 -1.426611
3580000 1.331671 -2.453239 -1.309646
3590000 1.179506 -2.347757 -1.487659
3600000 0.836492 -2.518513 -1.331201
3610000 0.862258 -2.485009 -1.380172
3620000 0.961542 -2.478392 -1.436273
3630000 0.883681 -2.538307 -1.326880
3640000 0.780128 -2.531909 -1.373083
3650000 0.722042 -2.413024 -1.306986
3660000 0.894091 -2.462039 -1.326713
3670000 0.724687 -2.526945 -1.300746
3680000 0.929294 -2.443389 -1.435122
3690000 1.289909 -2.346659 -1.330878
3700000 1.258780 -2.460931 -1.287244
3710000 1.080565 -2.464727 -1.251046
3720000 1.329551 -2.401474 -1.424037
3730000 1.426800 -2.321849 -1.369036
3740000 1.615765 -2.323712 -1.398523
3750000 1.623397 -2.393005 -1.241452
3760000 1.417761 -2.465712 -1.431139
3770000 1.763275 -2.365187 -1.416101
3780000 1.786159 -2.467001 -1.550599
3790000 1.881805 -2.542341 -1.357140
3800000 2.385438 -2.531843 -1.522389
3810000 2.583401 -2.410728 -1.186671
3820000 2.701838 -2.550921 -1.525878
3830000 2.297395 -2.395728 -1.407598
3840000 2.492658 -2.351000 -1.418833
3850000 2.758701 -2.489471 -1.316134
3860000 4.060341 -2.466125 -1.396029
3870000 4.234503 -2.360929 -1.493538
3880000 4.110702 -2.433410 -1.431012
3890000 3.631887 -2.383598 -1.317397
3900000 3.173112 -2.545355 -1.421226
3910000 2.794337 -2.402413 -1.390384
3920000 3.317801 -2.363036 -1.411823
3930000 3.963436 -2.471154 -1.336420
3940000 3.458111 -2.486452 -1.509166
3950000 4.180081 -2.365128 -1.334515
3960000 3.944342 -2.517449 -1.402686
3970000 4.920134 -2.476454 -1.352476
3980000 4.961562 -2.447630 -1.404653
3990000 4.074845 -2.435446 -1.400175
4000000 4.609699 -2.375408 -1.467815
