100000 2.358600 -2.409122 -2.152759
110000 1.370493 -2.571848 -1.998764
120000 0.812390 -2.405468 -2.081388
130000 1.799530 -2.451918 -2.146394
140000 1.230037 -2.523907 -2.234772
150000 1.021329 -2.413843 -2.207923
160000 0.922236 -2.464569 -2.093935
170000 1.010555 -2.478550 -2.012386
180000 2.056113 -2.475709 -2.037834
190000 2.610995 -2.426687 -2.194247
200000 3.490000 -2.436315 -2.071455
210000 4.253404 -2.403892 -2.150640
220000 3.904842 -2.408958 -2.204818
230000 3.220818 -2.406233 -2.039012
240000 2.440099 -2.456651 -2.166124
250000 2.175348 -2.470358 -2.194065
260000 1.820215 -2.405658 -2.110131
270000 2.551473 -2.321863 -2.164085
280000 3.160042 -2.396540 -2.062312
290000 4.162788 -2.461424 -2.165172
300000 3.428312 -2.441303 -1.929884
310000 4.408127 -2.440109 -2.052656
320000 2.980939 -2.380279 -2.024203
330000 3.100455 -2.523427 -2.088286
340000 3.729224 -2.421147 -2.106726
350000 3.703245 -2.493329 -2.199537
360000 4.868539 -2.387484 -2.145624
370000 4.964741 -2.316110 -2.048255
380000 4.355593 -2.438469 -2.117528
390000 4.736362 -2.355577 -2.152479
400000 4.715751 -2.375549 -2.094580
410000 3.261730 -2.455915 -2.004776
420000 3.097475 -2.473960 -2.110001
430000 2.165082 -2.421446 -2.166219
440000 1.065728 -2.447868 -2.032695
450000 0.831288 -2.496560 -1.989135
460000 1.423395 -2.422750 -2.055177
470000 1.661904 -2.464919 -2.132123
480000 1.610365 -2.419171 -2.093503
490000 1.453588 -2.495867 -2.119530
500000 2.248272 -2.493692 -1.977218
510000 3.185551 -2.563214 -2.194985
520000 2.557002 -2.504189 -2.132742
530000 1.966146 -2.398849 -2.068178
540000 2.074557 -2.494594 -2.075795
550000 2.230982 -2.456833 -2.051105
560000 4.151620 -2.357097 -1.985612
570000 4.146153 -2.443211 -2.086161
580000 3.671500 -2.316418 -2.124018
590000 3.570555 -2.395272 -2.127386
600000 2.771909 -2.447282 -2.050259
610000 3.766491 -2.541774 -1.940335
620000 4.658120 -2.304341 -2.151510
630000 4.745333 -2.370013 -2.154410
640000 3.806256 -2.478336 -2.068578
650000 5.014962 -2.513209 -2.155934
660000 4.607510 -2.453269 -2.111745
670000 3.524439 -2.503159 -2.132947
680000 2.526485 -2.367098 -2.109219
690000 4.735884 -2.393347 -2.135053
700000 2.104024 -2.417685 -2.125697
710000 2.367966 -2.495944 -2.191112
720000 3.283664 -2.447836 -2.037745
730000 3.101314 -2.493824 -1.998320
740000 2.418771 -2.484264 -2.103253
750000 3.050380 -2.371386 -2.011871
760000 1.646118 -2.430572 -2.130763
770000 0.952711 -2.500355 -1.996532
780000 1.370211 -2.380724 -2.150776
790000 1.658310 -2.454683 -2.131301
800000 1.175120 -2.509779 -2.273154
810000 0.897532 -2.437530 -1.967665
820000 0.551643 -2.475004 -2.222946
830000 0.791478 -2.473944 -2.091454
840000 0.850131 -2.522153 -2.162769
850000 0.587979 -2.498771 -2.120204
860000 0.963771 -2.420889 -2.038883
870000 1.330297 -2.525828 -2.149374
880000 0.909584 -2.494258 -2.172485
890000 1.247288 -2.387210 -2.167881
900000 1.630996 -2.443870 -1.962382
910000 1.151008 -2.496924 -2.015331
920000 0.913051 -2.471223 -2.005477
930000 1.190013 -2.459783 -2.167758
940000 0.847293 -2.525370 -2.049306
950000 0.993373 -2.397214 -2.043900
960000 1.261765 -2.302568 -2.014696
970000 1.191452 -2.310371 -1.998339
980000 2.105584 -2.366385 -2.088689
990000 2.072305 -2.388023 -2.006871
1000000 2.169643 -2.430505 -2.098318
1010000 3.538433 -2.474886 -1.991367
1020000 4.039666 -2.337409 -2.117982
1030000 4.685581 -2.388127 -2.102321
1040000 4.651888 -2.420266 -2.208875
1050000 4.419259 -2.421439 -2.219798
1060000 4.067665 -2.339333 -2.106135
1070000 3.358644 -2.501118 -2.214803
1080000 3.198188 -2.434227 -2.054685
1090000 3.166635 -2.499490 -2.066665
1100000 3.769615 -2.499753 -2.119953
1110000 2.515014 -2.523530 -2.112383
1120000 2.683590 -2.455155 -2.167195
1130000 2.066302 -2.389205 -2.231917
1140000 1.750180 -2.401880 -2.063788
1150000 1.901525 -2.687084 -2.088082
1160000 3.902737 -2.418574 -2.157987
1170000 3.964957 -2.361189 -2.020571
1180000 4.794952 -2.340717 -2.161046
1190000 4.765145 -2.481976 -2.026988
1200000 3.797509 -2.557112 -2.173446
1210000 4.975581 -2.326508 -2.115111
1220000 5.026184 -2.357317 -2.110094
1230000 4.116499 -2.497418 -2.192882
1240000 3.494782 -2.393098 -2.116983
1250000 3.043291 -2.488345 -2.069890
1260000 2.679774 -2.484357 -2.185105
1270000 2.610813 -2.342937 -2.125371
1280000 1.788656 -2.451634 -2.112984
1290000 3.146615 -2.430252 -2.152079
1300000 2.027835 -2.315821 -2.129171
1310000 1.494980 -2.324001 -2.159893
1320000 1.621999 -2.302212 -2.146402
1330000 1.742883 -2.405500 -2.092211
1340000 1.383670 -2.525994 -2.056848
1350000 1.104159 -2.574362 -2.130643
1360000 1.240502 -2.460142 -2.140188
1370000 0.814211 -2.558223 -2.087161
1380000 0.907598 -2.382169 -2.097760
1390000 1.334434 -2.409026 -2.100531
1400000 1.537632 -2.429418 -2.061219
1410000 1.392086 -2.442193 -2.022815
1420000 2.076244 -2.439409 -2.149795
1430000 2.297284 -2.484804 -2.069094
1440000 1.856767 -2.298759 -1.979760
1450000 2.404091 -2.301178 -2.145391
1460000 2.822818 -2.436402 -2.053870
1470000 3.339272 -2.533565 -2.157481
1480000 4.142654 -2.370314 -2.117441
1490000 4.542530 -2.434872 -2.136055
1500000 4.888600 -2.455649 -2.104961
1510000 4.161947 -2.448550 -2.167618
1520000 4.205799 -2.433728 -2.089263
1530000 3.281174 -2.573600 -2.105617
1540000 3.154327 -2.502934 -2.085577
1550000 3.244283 -2.555639 -2.101208
1560000 3.975021 -2.529601 -2.137613
1570000 4.421528 -2.368091 -2.153426
1580000 3.941312 -2.481463 -1.981310
1590000 4.725600 -2.405516 -2.061339
1600000 4.059061 -2.474831 -1.898489
1610000 3.341908 -2.427262 -2.079612
1620000 2.649089 -2.490312 -2.258308
1630000 2.496460 -2.348188 -1.992391
1640000 2.893015 -2.446105 -2.093544
1650000 3.167062 -2.563251 -2.076203
1660000 4.069243 -2.370585 -1.929782
1670000 3.294910 -2.463177 -2.097756
1680000 2.082557 -2.483170 -2.065185
1690000 2.361508 -2.428546 -1.995473
1700000 2.591446 -2.399529 -2.131148
1710000 2.542411 -2.453502 -2.098543
1720000 3.297505 -2.407460 -2.133237
1730000 2.790352 -2.561966 -2.092210
1740000 2.872903 -2.428645 -2.146439
1750000 3.077097 -2.392287 -2.170438
1760000 3.739355 -2.374117 -2.004795
1770000 5.019995 -2.432317 -2.169858
1780000 4.756451 -2.504529 -2.008348
1790000 4.983658 -2.466511 -2.107006
1800000 4.813921 -2.393593 -1.996266
1810000 4.704904 -2.460494 -2.188812
1820000 4.373055 -2.533817 -2.079159
1830000 4.716330 -2.318308 -2.145792
1840000 4.852733 -2.326747 -1.979226
1850000 4.526176 -2.441648 -2.197481
1860000 4.295151 -2.400317 -2.046398
1870000 3.985158 -2.436490 -1.992752
1880000 3.373867 -2.482059 -1.988417
1890000 2.471744 -2.363148 -2.175346
1900000 1.794053 -2.402713 -2.088295
1910000 1.838057 -2.278264 -2.008687
1920000 1.710599 -2.462705 -2.000848
1930000 3.367148 -2.474239 -2.113926
1940000 3.970622 -2.486463 -2.139242
1950000 4.494061 -2.498827 -1.975520
1960000 3.706245 -2.281828 -2.197818
1970000 2.439869 -2.467376 -1.888271
1980000 2.228552 -2.323718 -2.033635
1990000 2.769024 -2.434339 -2.057567
2000000 1.944227 -2.605613 -2.149235
2010000 2.739404 -2.506574 -2.109445
2020000 3.356891 -2.372539 -2.064298
2030000 3.899749 -2.395196 -1.989413
2040000 3.723806 -2.408563 -2.147139
2050000 4.437419 -2.532767 -2.084952
2060000 4.979349 -2.395007 -2.064598
2070000 4.975256 -2.539607 -2.143595
2080000 4.863313 -2.443051 -2.046763
2090000 4.370587 -2.309945 -2.142595
2100000 5.007253 -2.451486 -1.965472
2110000 5.027693 -2.387052 -2.127658
2120000 4.808406 -2.408528 -2.118110
2130000 5.052800 -2.431676 -2.002517
2140000 3.774328 -2.495436 -2.078942
2150000 3.922524 -2.430688 -2.035310
2160000 3.272025 -2.402352 -2.019389
2170000 3.317073 -2.438294 -2.038816
2180000 3.631899 -2.491036 -2.211986
2190000 3.483937 -2.325611 -2.174131
2200000 3.825250 -2.526343 -2.047676
2210000 2.319037 -2.381889 -2.047830
2220000 2.982538 -2.294545 -2.123196
2230000 1.758581 -2.582605 -2.110951
2240000 1.707571 -2.531045 -2.096678
2250000 1.758061 -2.369605 -2.151146
2260000 1.377111 -2.421424 -2.102119
2270000 1.166723 -2.440957 -2.114527
2280000 1.171315 -2.567649 -1.997062
2290000 1.218018 -2.533937 -2.068742
2300000 1.552084 -2.431663 -2.065277
2310000 1.383723 -2.531902 -2.154767
2320000 1.906065 -2.507552 -2.034116
2330000 2.212123 -2.430718 -2.087692
2340000 2.205431 -2.419333 -2.051102
2350000 2.319837 -2.390793 -2.070096
2360000 3.007576 -2.471351 -2.096606
2370000 3.299038 -2.533280 -2.039693
2380000 4.458028 -2.419457 -2.034781
2390000 4.973400 -2.387876 -2.143797
2400000 4.357299 -2.378498 -2.098126
2410000 4.986321 -2.382370 -2.031446
2420000 4.863896 -2.396696 -2.093685
2430000 4.330197 -2.332792 -2.236683
2440000 4.861127 -2.478862 -2.072857
2450000 4.382653 -2.443202 -2.153731
2460000 3.484513 -2.541977 -2.160837
2470000 3.032545 -2.457741 -2.110884
2480000 2.642810 -2.483938 -2.185147
2490000 3.918314 -2.397989 -2.017262
2500000 3.875029 -2.355621 -2.164516
2510000 3.581879 -2.441466 -2.081791
2520000 3.061806 -2.426269 -2.006268
2530000 2.489972 -2.398007 -2.087032
2540000 2.582116 -2.560107 -2.244845
2550000 2.158362 -2.582687 -2.248505
2560000 2.108649 -2.641952 -2.220882
2570000 1.656257 -2.369779 -2.052735
2580000 1.399809 -2.373100 -2.137988
2590000 0.858257 -2.482125 -2.090410
2600000 1.158190 -2.551719 -2.013133
2610000 1.217781 -2.537067 -2.015073
2620000 1.206241 -2.465701 -2.146500
2630000 0.881547 -2.462202 -2.089099
2640000 0.943079 -2.529651 -2.112003
2650000 0.740444 -2.497900 -2.114511
2660000 0.859138 -2.396621 -1.996147
2670000 0.505164 -2.465668 -2.173433
2680000 0.617442 -2.491020 -2.073495
2690000 0.495303 -2.509926 -2.130710
2700000 0.720830 -2.447324 -2.001127
2710000 0.599579 -2.495249 -2.107048
2720000 0.721001 -2.393376 -2.201505
2730000 0.487045 -2.529517 -2.088916
2740000 0.673648 -2.481110 -2.153258
2750000 0.903077 -2.420240 -2.100112
2760000 1.081046 -2.422727 -2.114655
2770000 1.355320 -2.497425 -2.128488
2780000 1.024324 -2.584189 -2.081419
2790000 1.359814 -2.352804 -1.990456
2800000 1.536559 -2.434541 -2.023777
2810000 1.373884 -2.322521 -2.098605
2820000 1.394563 -2.426023 -2.251791
2830000 1.746909 -2.427205 -2.123513
2840000 1.963980 -2.527084 -1.996161
2850000 1.882361 -2.518158 -2.059314
2860000 2.368732 -2.465436 -2.042871
2870000 3.068797 -2.514266 -2.112507
2880000 4.331386 -2.493402 -2.103067
2890000 4.162450 -2.502973 -2.051580
2900000 4.188782 -2.426689 -2.257344
2910000 4.814054 -2.354900 -2.163862
2920000 4.945669 -2.577852 -2.096900
2930000 4.151139 -2.534417 -2.055743
2940000 3.452216 -2.364271 -2.103648
2950000 3.913536 -2.388643 -2.008102
2960000 4.332034 -2.308518 -2.109719
2970000 4.014319 -2.466225 -2.268980
2980000 4.960190 -2.519475 -2.086927
2990000 4.351583 -2.411719 -1.993932
3000000 3.339906 -2.405704 -2.137641
3010000 2.510061 -2.389368 -2.066778
3020000 2.783739 -2.342611 -2.096614
3030000 3.141744 -2.326472 -1.990398
3040000 3.575522 -2.390245 -2.249804
3050000 3.662913 -2.389059 -2.142348
3060000 3.277247 -2.477819 -2.096677
3070000 2.964976 -2.410542 -2.104602
3080000 2.120751 -2.537446 -2.004559
3090000 2.060067 -2.534278 -1.961325
3100000 3.352061 -2.539495 -2.023268
3110000 3.206095 -2.585210 -2.053219
3120000 2.369870 -2.491231 -2.070621
3130000 1.912196 -2.432527 -2.078433
3140000 1.570335 -2.510916 -2.267226
3150000 1.920095 -2.571390 -2.148939
3160000 2.045472 -2.464251 -2.115769
3170000 1.710952 -2.495246 -2.096171
3180000 2.064466 -2.324075 -2.024329
3190000 2.376269 -2.443519 -2.093068
3200000 3.249130 -2.426721 -2.065543
3210000 4.583640 -2.322730 -2.132234
