100000 1.009759 -2.387946 -2.584180
110000 1.361262 -2.334081 -2.514696
120000 1.365003 -2.453404 -2.646159
130000 1.594290 -2.444916 -2.816667
140000 2.900334 -2.516765 -2.567821
150000 3.288369 -2.503984 -2.571172
160000 4.721904 -2.356331 -2.633463
170000 4.702305 -2.566685 -2.653585
180000 3.552781 -2.378218 -2.515938
190000 3.340177 -2.436086 -2.584742
200000 3.358278 -2.459364 -2.595152
210000 4.403877 -2.408553 -2.530622
220000 2.373870 -2.378290 -2.553032
230000 1.925522 -2.584779 -2.436211
240000 3.131418 -2.519336 -2.516757
250000 4.964027 -2.528516 -2.541518
260000 4.265556 -2.428254 -2.671622
270000 2.128633 -2.322340 -2.771482
280000 1.467438 -2.374769 -2.705504
290000 2.166881 -2.437594 -2.590744
300000 2.943236 -2.472536 -2.666064
310000 3.551850 -2.449673 -2.738968
320000 3.294736 -2.476731 -2.603428
330000 4.921142 -2.366805 -2.547729
340000 4.251350 -2.327939 -2.675038
350000 3.772127 -2.471708 -2.736940
360000 3.731980 -2.493272 -2.588027
370000 3.528376 -2.524541 -2.645702
380000 2.271223 -2.485339 -2.573378
390000 2.650215 -2.451065 -2.581762
400000 2.025664 -2.449711 -2.661580
410000 1.393223 -2.338537 -2.654897
420000 2.596323 -2.436437 -2.648954
430000 1.880563 -2.593594 -2.497110
440000 1.369079 -2.495638 -2.611522
450000 0.770130 -2.498930 -2.646751
460000 0.752793 -2.589564 -2.711632
470000 0.717700 -2.538169 -2.715841
480000 0.553508 -2.324869 -2.748826
490000 1.055414 -2.417590 -2.632193
500000 1.343849 -2.408415 -2.696757
510000 1.694468 -2.554475 -2.684176
520000 1.276955 -2.301211 -2.657143
530000 0.905975 -2.437947 -2.801681
540000 1.025745 -2.424688 -2.551169
550000 0.761283 -2.616538 -2.556814
560000 1.233863 -2.430319 -2.544360
570000 1.196012 -2.499689 -2.535324
580000 0.770636 -2.561106 -2.599463
590000 0.860678 -2.423880 -2.585105
600000 1.057295 -2.315841 -2.539624
610000 1.611146 -2.355988 -2.550571
620000 2.392197 -2.530392 -2.609274
630000 3.251106 -2.510925 -2.535912
640000 4.504780 -2.489168 -2.604397
650000 3.770171 -2.541984 -2.722196
660000 3.056132 -2.368147 -2.593258
670000 4.022030 -2.514856 -2.705769
680000 4.393247 -2.355730 -2.682394
690000 3.657879 -2.447145 -2.633658
700000 2.492070 -2.504022 -2.638322
710000 3.399202 -2.448952 -2.579978
720000 4.423672 -2.432898 -2.527689
730000 4.717128 -2.330632 -2.603313
740000 4.015782 -2.492245 -2.635747
750000 4.312343 -2.388008 -2.630911
760000 4.875030 -2.396596 -2.711488
770000 4.959083 -2.526441 -2.548443
780000 4.726302 -2.390315 -2.603436
790000 4.103374 -2.459106 -2.611636
800000 3.591547 -2.440277 -2.620276
810000 3.659815 -2.395760 -2.621415
820000 2.397151 -2.623564 -2.521411
830000 2.164773 -2.557955 -2.685547
840000 1.992876 -2.472663 -2.626186
850000 2.252236 -2.442882 -2.590743
860000 2.185378 -2.505017 -2.689536
870000 3.019855 -2.467676 -2.737260
880000 3.601473 -2.356769 -2.502557
890000 2.395095 -2.493325 -2.547703
900000 1.698286 -2.454684 -2.632664
910000 2.174597 -2.478426 -2.686527
920000 2.769782 -2.467973 -2.641210
930000 2.265185 -2.392875 -2.659728
940000 2.995868 -2.477569 -2.573727
950000 3.986644 -2.344256 -2.615114
960000 4.429635 -2.398449 -2.575269
970000 4.591486 -2.527984 -2.698778
980000 4.331420 -2.418342 -2.624518
990000 3.053231 -2.431058 -2.651193
1000000 4.790213 -2.451862 -2.712913
1010000 4.751435 -2.538682 -2.537122
1020000 4.926334 -2.487767 -2.662951
1030000 4.196812 -2.482213 -2.636465
1040000 3.410312 -2.515079 -2.583946
1050000 4.112549 -2.436109 -2.660125
1060000 4.860958 -2.260636 -2.572114
1070000 4.511159 -2.493635 -2.587210
1080000 4.573117 -2.502762 -2.587050
1090000 4.103375 -2.386397 -2.613904
1100000 4.841760 -2.494583 -2.533440
1110000 4.971597 -2.560326 -2.697529
1120000 3.905861 -2.431310 -2.575546
1130000 2.517820 -2.572145 -2.609985
1140000 2.168662 -2.422121 -2.710384
1150000 1.613355 -2.511197 -2.585088
1160000 1.316999 -2.367927 -2.620129
1170000 1.457154 -2.551772 -2.513058
1180000 1.975485 -2.366337 -2.623195
1190000 2.992370 -2.409443 -2.591477
1200000 3.003523 -2.397327 -2.612458
1210000 3.463568 -2.463229 -2.587780
1220000 4.283572 -2.466279 -2.570752
1230000 2.512049 -2.450678 -2.573922
1240000 1.855324 -2.505813 -2.598611
1250000 2.164982 -2.470190 -2.592545
1260000 1.700194 -2.483395 -2.635163
1270000 2.402628 -2.483194 -2.623723
1280000 2.971009 -2.518741 -2.587934
1290000 2.577148 -2.475681 -2.593358
1300000 3.825391 -2.346249 -2.773584
1310000 4.890186 -2.419973 -2.655934
1320000 3.286402 -2.433211 -2.521111
1330000 3.873051 -2.398030 -2.632615
1340000 3.938828 -2.461495 -2.551000
1350000 3.637893 -2.465233 -2.596278
1360000 3.735927 -2.462849 -2.697542
1370000 4.625363 -2.499381 -2.674242
1380000 4.816473 -2.458929 -2.589615
1390000 4.634598 -2.479145 -2.566354
1400000 4.552941 -2.383927 -2.649754
1410000 4.996934 -2.400102 -2.687576
1420000 4.020061 -2.473925 -2.663242
1430000 3.603075 -2.413082 -2.486220
1440000 2.115918 -2.407883 -2.546674
1450000 2.224052 -2.419786 -2.557306
1460000 3.112036 -2.431253 -2.534763
1470000 2.384492 -2.391605 -2.461342
1480000 1.523310 -2.589349 -2.591423
1490000 1.292509 -2.433601 -2.645148
1500000 1.541146 -2.437300 -2.620355
1510000 1.430565 -2.516391 -2.570294
1520000 1.091935 -2.449970 -2.640741
1530000 1.051698 -2.437657 -2.620476
1540000 0.590376 -2.483183 -2.774577
1550000 0.645243 -2.470127 -2.532051
1560000 0.740723 -2.521697 -2.606327
1570000 0.691327 -2.374407 -2.650804
1580000 0.680432 -2.415672 -2.485569
1590000 1.080635 -2.409794 -2.515463
1600000 1.080064 -2.466748 -2.693033
1610000 1.004883 -2.354035 -2.661558
1620000 0.840101 -2.445589 -2.635709
1630000 1.017724 -2.434699 -2.663374
1640000 1.358042 -2.390268 -2.517832
1650000 1.444793 -2.248647 -2.647174
1660000 1.329158 -2.555717 -2.767342
1670000 1.603974 -2.422662 -2.471364
1680000 1.851419 -2.404818 -2.634365
1690000 2.742380 -2.573831 -2.541341
1700000 2.437542 -2.410576 -2.411713
1710000 2.649035 -2.408056 -2.620243
1720000 3.179675 -2.567467 -2.499071
1730000 3.746563 -2.509419 -2.627662
1740000 3.873842 -2.309764 -2.637191
1750000 2.825531 -2.496220 -2.601352
1760000 2.035369 -2.476249 -2.621060
1770000 2.380223 -2.469388 -2.589519
1780000 1.814358 -2.359904 -2.737863
1790000 1.505642 -2.413530 -2.645379
1800000 2.104799 -2.418722 -2.640879
1810000 1.895264 -2.353756 -2.659235
1820000 1.553783 -2.599788 -2.705684
1830000 2.283580 -2.516414 -2.629130
1840000 2.111238 -2.417745 -2.503460
1850000 3.144002 -2.485030 -2.721112
1860000 3.862511 -2.508077 -2.640027
1870000 4.206230 -2.348949 -2.638875
1880000 4.632669 -2.393225 -2.610799
1890000 4.406216 -2.488986 -2.612867
1900000 4.213286 -2.545201 -2.667299
1910000 4.765773 -2.485493 -2.677942
1920000 4.877407 -2.422778 -2.558461
1930000 3.641454 -2.396698 -2.605495
1940000 3.241761 -2.414524 -2.663030
1950000 4.402974 -2.353477 -2.750750
1960000 3.793473 -2.436539 -2.473616
1970000 3.895925 -2.498354 -2.620394
1980000 2.899560 -2.482167 -2.833577
1990000 2.603536 -2.368867 -2.579560
2000000 2.391717 -2.371626 -2.649793
2010000 2.544924 -2.485814 -2.562145
2020000 2.479860 -2.481991 -2.695688
2030000 3.494023 -2.557311 -2.750430
2040000 4.090916 -2.466795 -2.630950
2050000 4.940075 -2.447227 -2.614744
2060000 5.087260 -2.558282 -2.686854
2070000 4.282359 -2.528084 -2.604672
2080000 3.329441 -2.486063 -2.630208
2090000 3.185323 -2.492006 -2.661157
2100000 4.031613 -2.369922 -2.689420
2110000 4.232423 -2.560838 -2.569092
2120000 4.235653 -2.549024 -2.630091
2130000 4.931032 -2.491095 -2.715010
2140000 4.686103 -2.329742 -2.628042
2150000 5.057714 -2.502218 -2.608532
2160000 4.930775 -2.506725 -2.645951
2170000 3.252180 -2.481579 -2.650012
2180000 3.576309 -2.405429 -2.540489
2190000 4.669460 -2.496178 -2.492332
2200000 4.956319 -2.432797 -2.529743
2210000 4.279381 -2.530849 -2.509828
2220000 3.375370 -2.365263 -2.560970
2230000 2.344889 -2.501694 -2.660561
2240000 2.002402 -2.363790 -2.492165
2250000 2.267844 -2.429003 -2.595046
2260000 2.175032 -2.545466 -2.574897
2270000 2.955577 -2.431092 -2.569913
2280000 3.081979 -2.346362 -2.557065
2290000 3.254273 -2.440585 -2.717253
2300000 3.203354 -2.471600 -2.580005
2310000 4.350754 -2.512587 -2.604524
2320000 3.818092 -2.496263 -2.616469
2330000 2.387584 -2.359390 -2.649705
2340000 2.397535 -2.377848 -2.561102
2350000 2.493629 -2.347927 -2.683138
2360000 1.479710 -2.405302 -2.672223
2370000 1.314433 -2.445946 -2.688174
2380000 1.347042 -2.501720 -2.748429
2390000 1.721204 -2.469528 -2.490291
2400000 1.803456 -2.417762 -2.582004
2410000 2.191278 -2.321560 -2.641377
2420000 3.544931 -2.356802 -2.633078
2430000 3.056799 -2.338058 -2.620761
2440000 2.187787 -2.604011 -2.550335
2450000 1.520256 -2.522317 -2.653903
2460000 1.902579 -2.445831 -2.690996
2470000 0.630622 -2.423810 -2.598677
2480000 0.502781 -2.515354 -2.709729
2490000 0.757310 -2.515841 -2.555747
2500000 0.801976 -2.490946 -2.729748
2510000 1.147336 -2.521558 -2.692818
2520000 0.938730 -2.524893 -2.654124
2530000 1.087404 -2.488192 -2.588078
2540000 1.123047 -2.531469 -2.476489
2550000 1.009800 -2.563258 -2.693315
2560000 1.106675 -2.438564 -2.504650
2570000 1.381043 -2.480700 -2.504174
2580000 1.955037 -2.604097 -2.593457
2590000 1.944299 -2.492316 -2.504174
2600000 1.418047 -2.452852 -2.542935
2610000 1.440347 -2.276591 -2.633175
2620000 1.997510 -2.442481 -2.676470
2630000 2.631572 -2.399104 -2.625253
2640000 2.160666 -2.473368 -2.478880
2650000 2.028732 -2.509349 -2.659529
2660000 2.830479 -2.429337 -2.632531
2670000 3.390978 -2.518705 -2.532718
2680000 3.824133 -2.424538 -2.627323
2690000 4.348287 -2.357553 -2.564246
2700000 4.357652 -2.359233 -2.750344
2710000 4.033273 -2.580213 -2.645134
2720000 4.524831 -2.494988 -2.580499
2730000 4.116229 -2.498320 -2.605602
2740000 4.956873 -2.300769 -2.638146
2750000 5.054514 -2.454214 -2.543755
2760000 4.747948 -2.494883 -2.623987
2770000 4.165802 -2.457938 -2.644487
2780000 3.714843 -2.370073 -2.689920
2790000 3.481923 -2.496700 -2.618474
2800000 3.335642 -2.488495 -2.647089
2810000 4.085057 -2.428962 -2.597826
2820000 4.610667 -2.387135 -2.540765
2830000 5.048790 -2.462093 -2.580034
2840000 3.982115 -2.419697 -2.582695
2850000 4.351507 -2.543967 -2.810409
2860000 4.519439 -2.529344 -2.695506
2870000 4.091260 -2.330394 -2.656702
2880000 3.642336 -2.528583 -2.469576
2890000 3.367512 -2.418538 -2.639085
2900000 3.336694 -2.461937 -2.624627
2910000 3.844441 -2.494652 -2.678814
2920000 3.962253 -2.425197 -2.626010
2930000 4.057614 -2.490561 -2.566835
2940000 4.518535 -2.445625 -2.668582
2950000 4.203634 -2.516968 -2.720916
2960000 4.461306 -2.405514 -2.595422
2970000 4.627345 -2.425699 -2.593546
2980000 3.788368 -2.325562 -2.515727
2990000 4.487758 -2.467752 -2.591822
3000000 2.922672 -2.452414 -2.663924
3010000 2.479707 -2.429155 -2.608566
3020000 2.341252 -2.483636 -2.713258
3030000 2.596001 -2.422195 -2.632030
3040000 2.085264 -2.625289 -2.622712
3050000 1.904763 -2.483473 -2.671703
3060000 1.906401 -2.389622 -2.548235
3070000 1.556216 -2.462476 -2.528425
3080000 1.265947 -2.502891 -2.562355
3090000 1.271251 -2.524523 -2.729622
3100000 2.443291 -2.419815 -2.643158
3110000 3.071865 -2.357494 -2.557794
3120000 3.009567 -2.409259 -2.590406
3130000 3.069257 -2.415239 -2.773651
3140000 2.432187 -2.468718 -2.464428
3150000 3.467171 -2.474089 -2.650534
3160000 4.098049 -2.396957 -2.626616
3170000 4.155100 -2.511667 -2.454854
3180000 3.607069 -2.363901 -2.627045
3190000 3.672850 -2.465756 -2.656187
3200000 2.597088 -2.432969 -2.630732
3210000 2.414735 -2.494469 -2.596809
3220000 2.288546 -2.497293 -2.781512
3230000 2.020520 -2.459290 -2.619395
3240000 1.889791 -2.424299 -2.493553
3250000 2.707701 -2.421979 -2.573806
3260000 2.912156 -2.495463 -2.554307
3270000 3.256661 -2.492210 -2.612822
3280000 2.392776 -2.435608 -2.590043
3290000 1.885066 -2.381343 -2.605357
3300000 1.841506 -2.527595 -2.753241
3310000 1.440478 -2.525272 -2.666560
3320000 1.635448 -2.332460 -2.600417
3330000 2.273703 -2.327892 -2.615137
3340000 3.349871 -2.625213 -2.518655
3350000 3.448912 -2.417646 -2.676436
3360000 4.173584 -2.451873 -2.509166
3370000 4.444106 -2.518850 -2.577807
3380000 4.741209 -2.448896 -2.565834
3390000 4.659569 -2.468272 -2.571035
3400000 4.910862 -2.508687 -2.530737
3410000 4.982745 -2.457668 -2.630517
3420000 4.992506 -2.521897 -2.651176
3430000 4.678796 -2.419409 -2.570160
3440000 4.855201 -2.365670 -2.563156
3450000 3.216321 -2.486429 -2.599821
3460000 4.321693 -2.516479 -2.683491
3470000 4.186387 -2.412426 -2.751377
3480000 3.579379 -2.436376 -2.665322
3490000 3.173673 -2.418979 -2.496107
3500000 2.182584 -2.360696 -2.434851
3510000 2.274264 -2.519496 -2.771126
3520000 3.215420 -2.416051 -2.638019
3530000 4.068442 -2.500688 -2.607279
3540000 4.488145 -2.443005 -2.645089
3550000 4.892228 -2.376016 -2.621967
3560000 4.362249 -2.492244 -2.489494
3570000 3.655155 -2.456291 -2.613068
3580000 2.779573 -2.549748 -2.531601
3590000 2.662529 -2.478412 -2.528379
3600000 2.244089 -2.390116 -2.671145
3610000 2.277577 -2.410275 -2.592036
3620000 2.091764 -2.434829 -2.625782
3630000 1.497641 -2.492331 -2.588455
3640000 0.968911 -2.542058 -2.589424
3650000 0.604459 -2.565043 -2.654378
3660000 0.773663 -2.416218 -2.788334
3670000 0.727737 -2.466195 -2.562938
3680000 0.495225 -2.573541 -2.585381
3690000 0.500878 -2.485030 -2.636078
3700000 0.789402 -2.504270 -2.590435
3710000 0.849358 -2.337974 -2.552267
3720000 0.909948 -2.405035 -2.686205
3730000 0.914587 -2.312196 -2.586305
3740000 1.121276 -2.491849 -2.597594
3750000 0.725289 -2.536560 -2.543030
3760000 0.879158 -2.517880 -2.514819
3770000 0.741481 -2.672258 -2.671721
3780000 1.108302 -2.473258 -2.681046
3790000 1.214847 -2.335493 -2.587828
3800000 1.022519 -2.511055 -2.598263
3810000 1.015252 -2.551151 -2.639302
3820000 1.115981 -2.496805 -2.547002
3830000 1.299753 -2.509035 -2.490585
3840000 1.415767 -2.383552 -2.593829
3850000 0.894801 -2.508381 -2.613067
3860000 0.597514 -2.318888 -2.673116
3870000 0.490376 -2.502270 -2.601047
3880000 0.726880 -2.544600 -2.581832
3890000 0.700560 -2.576529 -2.655188
3900000 0.887477 -2.352767 -2.552997
3910000 0.718939 -2.506187 -2.524219
3920000 0.652543 -2.444569 -2.699740
3930000 0.851602 -2.453926 -2.673664
3940000 0.595982 -2.420595 -2.656985
3950000 0.978238 -2.416475 -2.642085
3960000 1.189787 -2.454907 -2.514258
3970000 1.290900 -2.424470 -2.523232
3980000 1.540389 -2.307747 -2.617671
3990000 1.210137 -2.379797 -2.706522
4000000 1.421806 -2.423325 -2.602318
