100000 3.393314 -2.523394 3.078146
110000 2.786210 -2.521757 3.092631
120000 2.040185 -2.547722 3.053935
130000 0.741523 -2.642537 3.104547
140000 1.270163 -2.622249 -3.133101
150000 1.452503 -2.585608 -3.041516
160000 2.270723 -2.681226 3.047157
170000 2.308723 -2.633135 3.136078
180000 1.837507 -2.661913 -3.131250
190000 3.050667 -2.597492 -3.064235
200000 2.428688 -2.602006 3.031034
210000 3.504334 -2.630013 -3.141032
220000 4.644280 -2.636591 -3.086711
230000 3.694388 -2.517321 -3.121224
240000 2.483703 -2.663357 -3.064109
250000 3.327147 -2.554229 3.111638
260000 1.755438 -2.540973 3.106123
270000 1.240035 -2.716531 3.073102
280000 0.761312 -2.630024 3.025670
290000 0.959137 -2.585785 3.109729
300000 1.568636 -2.585639 -3.124413
310000 0.992083 -2.592488 3.078986
320000 0.632804 -2.609289 3.112630
330000 1.361917 -2.702999 -3.099034
340000 1.366594 -2.590353 3.091686
350000 1.929735 -2.550562 3.128076
360000 2.277485 -2.570772 -3.062569
370000 2.369602 -2.544607 3.140240
380000 3.637227 -2.537126 3.075793
390000 2.847533 -2.663651 3.141532
400000 4.483798 -2.640346 3.015283
410000 4.939147 -2.524061 3.030599
420000 3.734520 -2.643343 3.125609
430000 4.466405 -2.676859 -3.125990
440000 4.204456 -2.558325 -3.134602
450000 3.691592 -2.642724 2.898667
460000 3.234877 -2.575067 -3.113029
470000 2.389562 -2.753860 3.112004
480000 2.124957 -2.558987 3.124488
490000 2.554872 -2.595569 3.125288
500000 3.488198 -2.594549 3.061213
510000 3.276757 -2.550582 3.124108
520000 4.290193 -2.533552 -3.085219
530000 2.906661 -2.686231 3.117464
540000 3.132164 -2.639271 3.110411
550000 4.679306 -2.666620 3.064279
560000 3.584156 -2.610254 3.061058
570000 2.694509 -2.640503 -3.060409
580000 2.003571 -2.665068 3.092084
590000 1.695845 -2.731464 -3.033714
600000 1.700396 -2.566975 3.024410
610000 2.186422 -2.627095 -3.108620
620000 2.069770 -2.544124 -3.026962
630000 2.946382 -2.625443 3.065159
640000 4.258981 -2.553038 3.128303
650000 3.740626 -2.638028 -3.077419
660000 3.518859 -2.668461 3.023830
670000 2.982547 -2.593003 -3.055012
680000 2.289792 -2.496885 -3.095471
690000 2.353484 -2.565315 -3.117928
700000 1.257895 -2.570895 -3.006309
710000 1.498304 -2.592052 -3.102253
720000 0.946229 -2.634410 -3.141589
730000 0.713004 -2.694484 -3.129716
740000 0.725162 -2.661337 3.111897
750000 0.504765 -2.684720 -3.100041
760000 0.865565 -2.614045 -3.055481
770000 0.758904 -2.699812 3.132443
780000 0.666739 -2.633012 -3.038144
790000 1.163780 -2.595051 3.089013
800000 1.081690 -2.728582 2.978873
810000 0.986210 -2.668965 -3.098933
820000 1.296174 -2.674414 3.038284
830000 1.612126 -2.579639 3.099701
840000 1.764407 -2.652517 -3.102115
850000 2.438259 -2.742382 3.070756
860000 1.866637 -2.660094 -3.128178
870000 3.013781 -2.581113 -3.073573
880000 3.624870 -2.589618 -3.116479
890000 3.978415 -2.709215 -3.097312
900000 4.839074 -2.607190 3.115093
910000 4.027383 -2.586147 -3.066520
920000 2.925473 -2.657206 -3.121291
930000 3.910041 -2.756928 3.056108
940000 4.655580 -2.733095 3.126100
950000 3.973836 -2.401730 -3.068394
960000 2.938543 -2.655456 3.141226
970000 2.759997 -2.728203 3.096538
980000 2.285457 -2.630500 -3.070608
990000 3.211497 -2.676845 3.104050
1000000 2.051426 -2.701437 3.100985
1010000 1.725024 -2.693995 -3.124040
1020000 2.148016 -2.630139 -3.137543
1030000 3.440639 -2.731467 -3.098039
1040000 4.063996 -2.607665 3.115791
1050000 3.848540 -2.665152 3.070692
1060000 4.806120 -2.618269 3.105154
1070000 4.159275 -2.674252 -3.115000
1080000 2.975008 -2.664224 3.093214
1090000 2.681691 -2.715962 -3.042788
1100000 3.000049 -2.649609 3.101612
1110000 4.442465 -2.602885 -3.119938
1120000 4.836295 -2.645794 -3.126777
1130000 4.283967 -2.626636 3.117367
1140000 3.945919 -2.588235 3.109556
1150000 4.303696 -2.635539 3.084301
1160000 4.689424 -2.635046 -3.100054
1170000 4.160604 -2.712384 -3.064378
1180000 2.980391 -2.581295 3.108595
1190000 3.395960 -2.726221 3.075511
1200000 4.173106 -2.622149 3.096798
1210000 4.441937 -2.538322 -3.064598
1220000 5.056076 -2.611542 3.113856
1230000 3.174550 -2.602463 -3.136472
1240000 3.055439 -2.641919 3.090859
1250000 2.214643 -2.635037 -3.092920
1260000 3.007193 -2.499506 -3.114218
1270000 2.038844 -2.605932 -3.113190
1280000 1.443653 -2.826476 3.128285
1290000 1.620044 -2.514777 3.114959
1300000 1.384622 -2.619879 -3.088102
1310000 1.275142 -2.557647 3.065725
1320000 1.142869 -2.639716 -3.074290
1330000 0.836684 -2.563772 -3.109427
1340000 0.711161 -2.568069 -3.087002
1350000 0.940950 -2.652806 -2.986445
1360000 1.142714 -2.515106 3.062154
1370000 1.395265 -2.541633 3.099493
1380000 1.401479 -2.592847 -3.072350
1390000 1.984037 -2.664924 3.048107
1400000 1.917140 -2.716596 -3.122382
1410000 2.133684 -2.648127 -3.077598
1420000 2.633128 -2.750359 -3.069091
1430000 2.732901 -2.587135 3.090972
1440000 1.990408 -2.455905 -3.098797
1450000 2.394128 -2.482877 -3.093785
1460000 2.589211 -2.641166 3.124149
1470000 3.228056 -2.661789 3.130713
1480000 3.136125 -2.596398 3.102290
1490000 4.153942 -2.632770 -3.099511
1500000 4.669871 -2.847047 -3.083354
1510000 3.920707 -2.635233 3.067195
1520000 3.987068 -2.738489 -3.083587
1530000 4.558515 -2.598008 -2.946346
1540000 4.191802 -2.477964 -3.098365
1550000 3.049771 -2.713141 -3.089999
1560000 3.272365 -2.509497 -3.109427
1570000 2.929968 -2.764951 3.087024
1580000 2.364073 -2.472984 3.137470
1590000 1.590853 -2.587197 -3.080363
1600000 1.575821 -2.585770 3.137120
1610000 1.593031 -2.702215 -3.092578
1620000 1.753575 -2.534297 3.045990
1630000 1.729911 -2.634823 3.075192
1640000 1.428686 -2.565170 3.113745
1650000 1.229175 -2.609303 3.017595
1660000 1.011664 -2.692251 -3.108288
1670000 0.754479 -2.655035 -3.124184
1680000 0.473027 -2.671666 3.081434
1690000 0.489188 -2.749476 3.104965
1700000 0.702471 -2.544205 3.134857
1710000 0.966178 -2.724209 3.134232
1720000 1.037929 -2.779846 3.000473
1730000 1.253036 -2.679866 3.029330
1740000 0.902793 -2.651274 2.981806
1750000 1.277123 -2.501457 3.117650
1760000 1.538164 -2.521592 3.113040
1770000 1.367605 -2.725420 3.120570
1780000 1.243046 -2.559637 3.067540
1790000 1.014342 -2.598518 -3.098533
1800000 1.371277 -2.536318 -3.121131
1810000 0.628672 -2.579154 2.942756
1820000 0.946149 -2.585297 3.127987
1830000 0.781310 -2.632696 -3.086960
1840000 0.768795 -2.705033 -3.097799
1850000 0.747067 -2.562579 -3.099831
1860000 0.714597 -2.550693 3.106760
1870000 1.098908 -2.465329 3.091291
1880000 1.427068 -2.732410 3.114931
1890000 1.557000 -2.467059 -3.066896
1900000 1.652662 -2.657657 3.129847
1910000 2.417205 -2.484175 3.066808
1920000 2.535664 -2.677958 3.137589
1930000 3.651460 -2.737829 3.100153
1940000 4.553214 -2.527146 -3.067612
1950000 4.935861 -2.593465 3.078418
1960000 4.758013 -2.690022 -3.103739
1970000 3.738052 -2.632459 3.112103
1980000 4.977488 -2.642914 -3.117409
1990000 4.078862 -2.662158 -3.093579
2000000 3.852201 -2.629255 -3.080598
2010000 3.534455 -2.610845 3.080349
2020000 4.536707 -2.635517 3.114531
2030000 4.695037 -2.657855 -3.117671
2040000 5.081978 -2.581000 -3.012895
2050000 3.858504 -2.754977 -3.115120
2060000 3.768495 -2.508620 -3.098172
2070000 3.843132 -2.512040 -3.084925
2080000 3.477126 -2.681046 -3.084247
2090000 2.656414 -2.655099 -3.108957
2100000 2.613492 -2.679244 -3.116913
2110000 3.430759 -2.520294 -3.057151
2120000 2.033505 -2.635720 -3.068545
2130000 1.919482 -2.779806 3.133309
2140000 1.767248 -2.745540 -3.045566
2150000 2.485203 -2.613057 -3.087189
2160000 3.545561 -2.518791 -3.100981
2170000 3.291707 -2.446163 -3.065334
2180000 4.503015 -2.597778 -3.076774
2190000 4.870149 -2.637395 -3.034230
2200000 4.692443 -2.658168 -3.032288
2210000 4.214240 -2.549046 3.136167
2220000 3.646363 -2.544467 -3.140273
2230000 4.297909 -2.757411 3.105254
2240000 4.154050 -2.605019 3.120920
2250000 3.204368 -2.462846 -3.097560
2260000 3.205790 -2.672344 -3.099858
2270000 2.908984 -2.680639 3.107444
2280000 2.760093 -2.476250 3.120261
2290000 3.362566 -2.560483 -3.065145
2300000 2.890392 -2.728587 3.072280
2310000 2.783628 -2.609810 3.062543
2320000 2.174131 -2.553563 -3.118440
2330000 2.236864 -2.838733 3.139351
2340000 1.732880 -2.682054 3.141265
2350000 1.836883 -2.697967 3.110233
2360000 1.462607 -2.689529 -3.048736
2370000 1.481715 -2.582101 3.110814
2380000 1.391910 -2.578121 3.033485
2390000 1.617963 -2.625860 -3.126050
2400000 1.503795 -2.683494 3.057631
2410000 1.251790 -2.507059 -3.075379
2420000 1.085154 -2.618478 3.078193
2430000 0.496428 -2.671143 3.059509
2440000 0.584881 -2.665479 -3.086425
2450000 0.499913 -2.634092 3.079971
2460000 0.588500 -2.616804 3.050289
2470000 0.498664 -2.524660 3.103515
2480000 0.625708 -2.694455 -3.141539
2490000 0.655653 -2.645054 3.042904
2500000 0.646603 -2.684064 3.114505
2510000 0.729919 -2.511649 -3.124077
2520000 0.695319 -2.644834 -3.128113
2530000 0.961130 -2.476824 -3.040855
2540000 0.923395 -2.596114 3.077739
2550000 1.420511 -2.567124 3.111317
2560000 2.092509 -2.585605 3.065460
2570000 2.212627 -2.646155 3.107837
2580000 2.272921 -2.576441 3.129395
2590000 3.329303 -2.512271 3.124234
2600000 3.716236 -2.564218 3.074745
2610000 4.075906 -2.607900 -3.022634
2620000 4.234874 -2.623109 3.009188
2630000 4.721865 -2.746994 3.054824
2640000 4.363953 -2.517273 -3.109053
2650000 3.855964 -2.512467 3.052637
2660000 3.172012 -2.564207 3.125442
2670000 2.869312 -2.678396 3.115770
2680000 2.340501 -2.690880 -3.120598
2690000 2.192725 -2.739225 3.008898
2700000 2.513158 -2.652925 -3.137940
2710000 1.926409 -2.731678 3.095886
2720000 2.563758 -2.537077 3.126778
2730000 3.323836 -2.559895 -3.121969
2740000 3.495076 -2.642091 -3.106545
2750000 4.073764 -2.538689 3.088981
2760000 4.476787 -2.748284 -3.097836
2770000 4.128487 -2.895803 2.981562
2780000 4.809775 -2.546011 3.086384
2790000 4.928661 -2.676613 -3.112609
2800000 4.029714 -2.652880 -3.139162
2810000 3.470349 -2.582450 -3.092919
2820000 2.683209 -2.629098 -3.047127
2830000 2.517948 -2.673067 -3.104273
2840000 2.722442 -2.603204 3.000429
2850000 1.885226 -2.633500 2.917398
2860000 1.946621 -2.677406 -3.043895
2870000 2.224547 -2.483240 -3.050345
2880000 2.060831 -2.595237 3.104810
2890000 2.250583 -2.756936 -3.129430
2900000 2.609163 -2.502575 3.050540
2910000 3.351040 -2.538281 3.112395
2920000 3.259661 -2.613939 3.064783
2930000 3.511997 -2.612748 3.079335
2940000 2.898952 -2.730092 3.107705
2950000 3.804937 -2.668621 -3.136483
2960000 4.561020 -2.750824 3.125602
2970000 4.636411 -2.623884 -3.033308
2980000 3.564224 -2.657457 3.105347
2990000 3.433146 -2.712765 -3.081445
3000000 4.220360 -2.572891 3.131284
3010000 4.817365 -2.612488 3.130249
3020000 4.107188 -2.487001 3.121346
3030000 4.205120 -2.625954 3.040972
3040000 3.503053 -2.487267 -3.111157
3050000 3.774628 -2.567997 3.067532
3060000 2.438236 -2.523909 3.101218
3070000 2.372493 -2.645203 3.122171
3080000 3.208678 -2.656727 -3.120309
3090000 4.269727 -2.536246 3.108242
3100000 4.595428 -2.744085 -3.089750
3110000 4.340388 -2.680982 -3.087021
3120000 4.452007 -2.566771 -3.140519
3130000 4.169691 -2.696429 -3.062247
3140000 4.747378 -2.604571 3.093816
3150000 4.055366 -2.615814 3.089704
3160000 3.800417 -2.605955 3.103178
3170000 3.161843 -2.716008 -3.117282
3180000 2.975944 -2.640949 3.103558
3190000 2.917416 -2.523168 3.113655
3200000 2.360550 -2.587324 3.090861
3210000 2.270482 -2.562583 3.063985
3220000 2.164686 -2.502811 -3.073731
3230000 1.719773 -2.618502 -3.066613
3240000 1.835698 -2.551270 -3.029634
3250000 2.083124 -2.550808 -3.064461
3260000 1.636497 -2.571457 3.116547
3270000 1.520886 -2.689734 3.083232
3280000 1.768072 -2.714949 -3.104050
3290000 1.453502 -2.494475 -3.120911
3300000 1.602147 -2.653298 -3.108416
3310000 1.975118 -2.568916 -3.112520
3320000 2.165431 -2.514984 -3.077412
3330000 2.456936 -2.610307 3.138651
3340000 2.840046 -2.507307 3.127117
3350000 3.427000 -2.686186 -3.021203
3360000 3.992197 -2.670303 3.116181
3370000 3.907039 -2.665506 -3.011884
3380000 3.605338 -2.688773 3.045612
3390000 4.285497 -2.596010 -3.069159
3400000 4.767846 -2.478735 -3.071953
3410000 4.715386 -2.650139 -3.132540
3420000 5.154854 -2.591398 -3.132865
3430000 4.898114 -2.595902 2.937121
3440000 4.841308 -2.525722 3.134500
3450000 4.754764 -2.674769 -3.118557
3460000 4.991124 -2.626376 2.973765
3470000 4.016410 -2.644372 -3.094457
3480000 3.852180 -2.713216 -3.111335
3490000 4.148951 -2.586168 -3.126497
3500000 4.635706 -2.709922 3.070972
3510000 4.993456 -2.502759 3.073126
3520000 3.658298 -2.687188 -3.071540
3530000 3.576444 -2.686123 3.108962
3540000 3.007341 -2.601989 3.066272
3550000 3.483171 -2.626613 -3.099683
3560000 3.046129 -2.653823 3.127384
3570000 3.714804 -2.671062 -3.090039
3580000 4.037853 -2.538564 -3.102864
3590000 2.637344 -2.677926 3.132208
3600000 2.283427 -2.616103 -3.137784
3610000 3.320311 -2.644498 3.016306
3620000 2.930136 -2.633757 3.102469
3630000 2.509928 -2.549794 3.002304
3640000 2.898037 -2.601797 3.054054
3650000 2.800730 -2.608540 3.125278
3660000 2.365626 -2.598148 -3.129137
3670000 2.121942 -2.670589 -3.068327
3680000 1.714302 -2.606295 3.069416
3690000 1.976214 -2.567477 3.134224
3700000 1.697848 -2.738702 3.115015
3710000 1.155296 -2.611406 -3.081734
3720000 1.258676 -2.699982 -3.069492
3730000 1.264556 -2.688274 -3.121007
3740000 1.159405 -2.650993 -3.079886
3750000 0.929527 -2.700661 3.092111
3760000 1.348769 -2.595084 2.988253
3770000 1.604384 -2.578317 -3.139461
3780000 1.498779 -2.518362 -3.104417
3790000 1.669057 -2.653764 3.141208
3800000 1.798220 -2.557452 -3.120935
3810000 2.060916 -2.655644 3.017426
3820000 2.887531 -2.660072 3.106045
3830000 3.360238 -2.512836 -3.082706
3840000 3.820983 -2.616571 -3.119547
3850000 2.559065 -2.613500 3.063324
3860000 2.128661 -2.641855 3.078567
3870000 2.626018 -2.666786 -3.068906
3880000 3.009176 -2.507977 3.052675
3890000 3.895407 -2.646423 -2.979771
3900000 3.358467 -2.643934 3.093784
3910000 4.019387 -2.608312 3.124701
3920000 4.027122 -2.581519 3.068600
3930000 4.175951 -2.496636 3.069682
3940000 4.596814 -2.656784 3.096020
3950000 4.441394 -2.590607 3.082310
3960000 4.885535 -2.756873 3.000531
3970000 3.911779 -2.570639 -3.024525
3980000 4.778931 -2.496044 3.103044
3990000 5.035883 -2.569268 3.128731
4000000 5.011714 -2.514130 3.047373
