100000 4.798491 2.569590 1.281608
110000 3.807597 2.598737 1.306747
120000 4.817626 2.566464 1.234051
130000 4.518098 2.629699 1.275923
140000 3.617192 2.617481 1.258753
150000 2.763729 2.552632 1.139513
160000 2.191370 2.547426 1.132653
170000 2.945393 2.643677 1.148138
180000 3.089638 2.525964 1.261941
190000 4.465279 2.567332 1.275124
200000 4.560727 2.639900 1.210555
210000 3.556315 2.515356 1.355286
220000 3.463794 2.519404 1.235659
230000 3.247370 2.638799 1.162994
240000 2.389513 2.627817 1.368836
250000 1.562625 2.532048 1.211728
260000 1.076375 2.701161 1.275493
270000 0.960991 2.751217 1.304288
280000 1.064088 2.660433 1.222830
290000 1.378137 2.604233 1.252079
300000 1.641430 2.601111 1.289059
310000 1.643966 2.633272 1.243429
320000 1.343961 2.483509 1.168484
330000 1.377804 2.720022 1.255419
340000 1.494413 2.723615 1.263581
350000 2.558497 2.731799 1.305167
360000 2.712703 2.660551 1.446376
370000 3.095362 2.630785 1.290423
380000 4.708983 2.548061 1.234943
390000 4.611509 2.612687 1.212121
400000 4.775096 2.746239 1.196543
410000 4.346147 2.606914 1.368544
420000 4.853402 2.639125 1.168124
430000 4.872224 2.630436 1.277911
440000 3.493912 2.620094 1.322453
450000 4.500750 2.633650 1.249132
460000 3.936502 2.748117 1.222937
470000 3.841613 2.595500 1.287028
480000 3.807848 2.640002 1.300545
490000 3.839526 2.544641 1.220802
500000 2.764921 2.578630 1.319386
510000 2.068447 2.548616 1.194552
520000 1.980779 2.454735 1.174399
530000 2.988171 2.637803 1.198800
540000 2.636492 2.696418 1.266065
550000 3.385741 2.668626 1.184135
560000 4.322182 2.531129 1.239068
570000 4.833564 2.579679 1.218896
580000 4.718991 2.545855 1.175736
590000 4.198704 2.560400 1.164888
600000 4.564632 2.715989 1.171427
610000 3.209973 2.571799 1.126111
620000 3.006136 2.581597 1.153256
630000 4.118993 2.712727 1.255535
640000 4.717986 2.665745 1.186418
650000 3.479803 2.531966 1.127424
660000 3.244949 2.682988 1.160313
670000 2.744681 2.674503 1.208265
680000 1.523035 2.726677 1.173185
690000 0.841846 2.873584 1.218541
700000 0.857003 2.640027 1.278428
710000 1.267470 2.602681 1.310400
720000 1.267733 2.579496 1.206681
730000 0.953671 2.759762 1.268303
740000 1.202015 2.612831 1.232829
750000 2.115830 2.627399 1.264591
760000 1.752899 2.643274 1.063077
770000 1.502764 2.580447 1.274678
780000 1.731568 2.626024 1.166423
790000 1.502203 2.686969 1.144645
800000 1.252124 2.610025 1.156792
810000 1.998383 2.690917 1.206279
820000 2.783315 2.601307 1.181354
830000 3.026246 2.614786 1.112016
840000 2.815585 2.731096 1.183253
850000 3.903208 2.619203 1.293078
860000 3.842407 2.721090 1.238842
870000 3.012462 2.598594 1.252337
880000 3.201503 2.627093 1.179090
890000 2.333317 2.614838 1.132506
900000 2.091509 2.579690 1.146965
910000 2.856603 2.609463 1.158205
920000 2.223854 2.609915 1.178257
930000 2.748721 2.595572 1.262462
940000 1.973425 2.627904 1.181119
950000 1.915817 2.562608 1.242286
960000 1.786113 2.649829 1.100173
970000 1.672245 2.577334 1.249699
980000 1.347976 2.577699 1.174232
990000 0.871513 2.724305 1.045342
1000000 0.956616 2.600942 1.213198
1010000 1.031763 2.668383 1.225820
1020000 1.207942 2.621181 1.245442
1030000 1.311368 2.585112 1.326884
1040000 1.229868 2.578980 1.323350
1050000 1.589584 2.573888 1.131980
1060000 1.665422 2.745764 1.283690
1070000 2.263025 2.636506 1.168400
1080000 2.803416 2.590624 1.269257
1090000 3.370571 2.571433 1.223026
1100000 4.402922 2.527731 1.328201
1110000 4.045133 2.516914 1.273962
1120000 3.883737 2.518031 1.117024
1130000 3.948881 2.640786 1.254823
1140000 3.456031 2.488381 1.198407
1150000 3.359151 2.625992 1.384407
1160000 3.126074 2.488188 1.163353
1170000 2.797500 2.760221 1.187621
1180000 3.685211 2.654569 1.100504
1190000 4.728736 2.546230 1.290296
1200000 4.956278 2.641480 1.190016
1210000 4.171796 2.562337 1.222930
1220000 4.002581 2.560968 1.303448
1230000 4.058183 2.657329 1.241070
1240000 3.637574 2.644177 1.174373
1250000 3.415425 2.596131 1.276078
1260000 3.584242 2.523374 1.303139
1270000 3.177777 2.518679 1.251454
1280000 2.494417 2.614138 1.186130
1290000 2.143088 2.689691 1.217483
1300000 2.866374 2.513280 1.244822
1310000 2.310996 2.593214 1.097098
1320000 2.636536 2.735940 1.276153
1330000 1.809280 2.670857 1.119052
1340000 1.665677 2.625396 1.335081
1350000 0.961040 2.848697 1.309627
1360000 0.604459 2.811875 1.139417
1370000 0.753594 2.763234 1.066222
1380000 0.523363 2.721695 1.140082
1390000 1.029507 2.515877 1.203624
1400000 1.341314 2.644525 1.273124
1410000 1.315616 2.736290 1.253458
1420000 1.517953 2.599924 1.155523
1430000 1.424435 2.536999 1.181521
1440000 1.274800 2.662524 1.320436
1450000 1.297591 2.587247 1.274948
1460000 0.807667 2.751834 1.394108
1470000 1.049266 2.629044 1.247023
1480000 0.811715 2.705605 1.220845
1490000 0.823756 2.663025 1.157255
1500000 0.660286 2.719741 1.306081
1510000 0.959683 2.717155 1.181889
1520000 0.849615 2.741354 1.148407
1530000 1.166350 2.687815 1.153294
1540000 1.079380 2.660776 1.156528
1550000 0.752294 2.710004 1.149663
1560000 0.523679 2.693879 1.269703
1570000 0.592282 2.953759 1.124122
1580000 0.736405 2.664047 1.112853
1590000 0.672020 2.717564 1.221107
1600000 1.158797 2.552562 1.174734
1610000 1.076179 2.557776 1.317572
1620000 1.418130 2.495567 1.277805
1630000 2.121622 2.564466 1.243660
1640000 1.810513 2.678120 1.184052
1650000 1.968009 2.782576 1.325040
1660000 3.038225 2.581431 1.271700
1670000 3.979794 2.611557 1.216546
1680000 4.973519 2.572539 1.304017
1690000 4.503214 2.595000 1.253568
1700000 4.552831 2.444319 1.169478
1710000 3.833708 2.605515 1.154314
1720000 4.842446 2.725863 1.278478
1730000 4.811546 2.512565 1.265793
1740000 4.986381 2.619463 1.244290
1750000 4.634928 2.616202 1.191153
1760000 3.884352 2.649943 1.125954
1770000 3.467031 2.540667 1.168923
1780000 2.928037 2.621989 1.217161
1790000 3.605769 2.727842 1.288367
1800000 3.384482 2.625604 1.207352
1810000 3.638738 2.632660 1.264386
1820000 4.245304 2.689560 1.242921
1830000 3.974703 2.472024 1.309195
1840000 4.685130 2.647302 1.108828
1850000 4.452864 2.707293 1.110759
1860000 4.840474 2.622947 1.200960
1870000 4.939191 2.591270 1.137835
1880000 4.762309 2.631954 1.178918
1890000 4.204121 2.698342 1.223006
1900000 4.535498 2.604658 1.254260
1910000 2.878749 2.557529 1.257348
1920000 2.706468 2.652167 1.206360
1930000 2.278862 2.607258 1.220886
1940000 2.414732 2.616211 1.190747
1950000 1.673371 2.565587 1.170097
1960000 2.708752 2.674751 1.165971
1970000 3.346684 2.521653 1.147479
1980000 3.685438 2.591869 1.180497
1990000 3.927454 2.613227 1.170197
2000000 3.882120 2.608193 1.159107
2010000 3.184781 2.592382 1.143290
2020000 2.959158 2.636182 1.252634
2030000 2.413574 2.733006 1.320275
2040000 2.021381 2.650727 1.110758
2050000 1.866368 2.525734 1.253285
2060000 1.893005 2.676420 1.357667
2070000 2.343498 2.633565 1.156591
2080000 2.542631 2.615345 1.262804
2090000 2.868841 2.726864 1.174889
2100000 3.455221 2.749046 1.195121
2110000 3.785622 2.586070 1.249535
2120000 4.278921 2.599806 1.283073
2130000 3.516235 2.759680 1.073329
2140000 3.342786 2.622427 1.238638
2150000 3.576849 2.647169 1.136324
2160000 3.666486 2.519615 1.230972
2170000 4.780352 2.483903 1.310272
2180000 4.457868 2.599637 1.157365
2190000 4.719453 2.643477 1.138569
2200000 4.466754 2.714444 1.209310
2210000 4.607912 2.660190 1.255863
2220000 4.622685 2.645828 1.166360
2230000 3.560179 2.741073 1.120563
2240000 4.169700 2.626418 1.135234
2250000 3.282476 2.568001 1.145964
2260000 2.298987 2.611169 1.250473
2270000 2.951197 2.642009 1.178849
2280000 3.004606 2.586322 1.222786
2290000 2.588215 2.564900 1.285890
2300000 2.260383 2.428020 1.283481
2310000 2.148653 2.654465 1.032166
2320000 2.580712 2.710442 1.291901
2330000 1.947099 2.554215 1.295970
2340000 1.630954 2.670239 1.319787
2350000 1.514966 2.642910 1.257421
2360000 1.548889 2.527279 1.334355
2370000 1.712347 2.573770 1.160461
2380000 1.337851 2.656781 1.256799
2390000 1.426161 2.610839 1.247604
2400000 1.738144 2.579582 1.254734
2410000 1.966657 2.606018 1.176105
2420000 1.568710 2.817683 1.159981
2430000 1.242209 2.619309 1.285513
2440000 1.348544 2.689302 1.239887
2450000 0.998239 2.629678 1.218574
2460000 0.952281 2.730299 1.174756
2470000 0.898954 2.640267 1.223630
2480000 1.157722 2.566355 1.140295
2490000 0.587218 2.573627 1.320786
2500000 0.802463 2.683577 1.239187
2510000 1.157829 2.620479 1.230446
2520000 0.819615 2.685161 1.313533
2530000 0.939104 2.653305 1.097356
2540000 1.064474 2.535292 1.250845
2550000 1.173275 2.595774 1.228589
2560000 1.571988 2.643446 1.287908
2570000 1.580217 2.595975 1.162474
2580000 2.043313 2.593225 1.320281
2590000 2.398505 2.555235 1.353149
2600000 2.580345 2.546187 1.249662
2610000 2.989553 2.599233 1.187209
2620000 3.939368 2.646636 1.200676
2630000 3.881039 2.571210 1.195428
2640000 4.173368 2.656719 1.389169
2650000 4.585932 2.446265 1.305030
2660000 3.883053 2.530624 1.178231
2670000 3.920056 2.665539 1.275985
2680000 4.653114 2.554764 1.105039
2690000 4.562727 2.590324 1.159610
2700000 3.777070 2.600595 1.093158
2710000 4.817457 2.581589 1.274407
2720000 4.696304 2.649448 1.143884
2730000 4.508380 2.544555 1.265602
2740000 4.482938 2.592567 1.087529
2750000 3.508226 2.605971 1.170239
2760000 4.462511 2.656913 1.224286
2770000 2.634675 2.544123 1.241319
2780000 3.250990 2.660335 1.213363
2790000 2.780778 2.716167 1.243757
2800000 2.533598 2.533957 1.143036
2810000 2.627198 2.669466 1.219257
2820000 2.202985 2.545533 1.208544
2830000 2.885645 2.639569 1.100426
2840000 2.817603 2.661663 1.198782
2850000 3.736187 2.669369 1.172340
2860000 3.663131 2.617867 1.263762
2870000 3.185662 2.587881 1.279625
2880000 3.071599 2.623409 1.177903
2890000 2.739175 2.666268 1.150503
2900000 3.222265 2.607276 1.158763
2910000 3.675357 2.570844 1.305298
2920000 2.882209 2.574471 1.247608
2930000 4.291142 2.702484 1.211993
2940000 4.440712 2.597797 1.256585
2950000 4.845237 2.533373 1.182828
2960000 4.082808 2.626445 1.395261
2970000 4.791473 2.537045 1.232513
2980000 4.848895 2.683572 1.293700
2990000 4.355322 2.709583 1.252648
3000000 4.263110 2.702784 1.323035
3010000 4.943231 2.706819 1.169615
3020000 4.825798 2.562255 1.398184
3030000 4.771218 2.645688 1.231807
3040000 4.461948 2.593841 1.186467
3050000 4.548174 2.559709 1.321825
3060000 4.118139 2.631769 1.125885
3070000 3.629979 2.512485 1.123502
3080000 3.347703 2.581201 1.183905
3090000 3.283032 2.648095 1.232846
3100000 3.857520 2.648606 1.232141
3110000 3.681864 2.591380 1.220711
3120000 4.319975 2.566190 1.198199
3130000 3.177634 2.665661 1.242337
3140000 3.403827 2.515947 1.086115
3150000 4.239333 2.614296 1.322358
3160000 5.022194 2.525505 1.133155
3170000 4.131589 2.603075 1.289058
3180000 4.082125 2.659389 1.224242
3190000 3.869451 2.446398 1.367908
3200000 2.508252 2.624245 1.221690
3210000 2.129653 2.718406 1.131335
3220000 1.929045 2.892999 1.144955
3230000 1.876381 2.740422 1.203491
3240000 1.948332 2.546715 1.216828
3250000 2.374588 2.536436 1.285109
3260000 2.272847 2.669577 1.248873
3270000 2.278438 2.710878 1.340664
3280000 2.504148 2.744127 1.290939
3290000 2.840360 2.659476 1.362382
3300000 2.692608 2.668703 1.172944
3310000 2.582012 2.579636 1.140060
3320000 2.926935 2.582966 1.352773
3330000 3.097954 2.576260 1.257681
3340000 3.114960 2.598100 1.147012
3350000 3.557829 2.538457 1.192451
3360000 3.824465 2.731939 1.359216
3370000 4.260456 2.649880 1.374134
3380000 4.522910 2.640654 1.207127
3390000 5.018200 2.595413 1.191726
3400000 4.484219 2.657960 1.159224
3410000 4.578502 2.566163 1.243456
3420000 4.753766 2.669684 1.218610
3430000 4.792364 2.671250 1.288395
3440000 4.679381 2.610909 1.141254
3450000 3.231806 2.540564 1.166771
3460000 3.253574 2.657440 1.197416
3470000 3.363978 2.680562 1.191339
3480000 4.675285 2.620131 1.298632
3490000 3.762225 2.613874 1.212404
3500000 3.244928 2.540011 1.164663
3510000 2.231315 2.634597 1.134513
3520000 2.626977 2.614107 1.169964
3530000 2.200523 2.615575 1.218683
3540000 2.563648 2.616474 1.102843
3550000 2.651084 2.754420 1.324125
3560000 2.122658 2.678466 1.140786
3570000 1.760597 2.566767 1.289692
3580000 1.627764 2.590431 1.130055
3590000 1.983626 2.660398 1.187836
3600000 1.883667 2.639118 1.186642
3610000 1.333911 2.441487 1.212734
3620000 1.239575 2.645480 1.251465
3630000 1.235852 2.656337 1.132661
3640000 1.198648 2.652919 1.119581
3650000 0.530497 2.836916 1.275234
3660000 0.504782 2.670740 1.229368
3670000 0.655539 2.653690 1.290258
3680000 0.780024 2.507075 1.228828
3690000 0.829943 2.647163 1.102663
3700000 0.925254 2.484105 1.264697
3710000 0.985553 2.510279 1.286282
3720000 0.948658 2.742951 1.182746
3730000 1.031965 2.721614 1.201446
3740000 1.281313 2.611979 1.173366
3750000 1.250885 2.602621 1.247835
3760000 1.421708 2.687018 1.342833
3770000 1.355840 2.431365 1.149978
3780000 1.075686 2.629531 1.355267
3790000 1.023732 2.602547 1.196088
3800000 1.149184 2.739054 1.141214
3810000 1.219854 2.597177 1.126182
3820000 0.951677 2.718035 1.212920
3830000 1.235614 2.703989 1.235513
3840000 1.259148 2.562696 1.224429
3850000 1.265115 2.610941 1.280666
3860000 1.665776 2.677854 1.210399
3870000 1.419409 2.601973 1.296588
3880000 1.530029 2.681437 1.130260
3890000 1.722325 2.597553 1.176562
3900000 1.885993 2.631149 1.165558
3910000 1.541600 2.617533 1.204332
3920000 1.888906 2.601595 1.212039
3930000 2.042437 2.553394 1.309841
3940000 1.933383 2.644128 1.289210
3950000 1.909530 2.488392 1.173460
3960000 1.933172 2.625548 1.238028
3970000 2.039598 2.592096 1.336360
3980000 2.160773 2.495859 1.271945
3990000 2.159086 2.661195 1.194150
4000000 2.781292 2.539926 1.317744
