100000 2.257870 -2.614628 2.580448
110000 4.521940 -2.471742 2.627024
120000 4.876026 -2.552313 2.587696
130000 4.717478 -2.583939 2.583236
140000 3.795651 -2.570097 2.627853
150000 3.709468 -2.616367 2.700683
160000 2.373302 -2.587118 2.528940
170000 3.545029 -2.465008 2.722853
180000 4.552186 -2.648690 2.743241
190000 4.895662 -2.611901 2.647835
200000 3.871716 -2.711036 2.684145
210000 3.822420 -2.580096 2.647834
220000 2.602650 -2.613183 2.548629
230000 1.390056 -2.621544 2.663677
240000 2.234513 -2.579954 2.713172
250000 3.771044 -2.682404 2.625566
260000 3.554177 -2.676696 2.641653
270000 4.602834 -2.430401 2.675841
280000 4.227337 -2.822481 2.619249
290000 3.336223 -2.721363 2.696223
300000 4.465798 -2.762994 2.537622
310000 3.675140 -2.668067 2.586334
320000 4.865444 -2.710882 2.716278
330000 2.761493 -2.590525 2.683008
340000 1.594660 -2.663546 2.769600
350000 0.659035 -2.647608 2.585918
360000 0.898431 -2.697012 2.610808
370000 0.761333 -2.618142 2.626437
380000 1.160773 -2.652235 2.584953
390000 1.643897 -2.588076 2.602653
400000 2.304282 -2.612438 2.389839
410000 1.636854 -2.624408 2.547512
420000 1.403860 -2.521872 2.582923
430000 1.521715 -2.681083 2.684490
440000 2.746521 -2.492889 2.716865
450000 2.565415 -2.603063 2.705523
460000 1.979569 -2.716485 2.756242
470000 0.984247 -2.560491 2.560563
480000 0.821937 -2.535719 2.775628
490000 1.329148 -2.645705 2.641638
500000 2.280026 -2.538467 2.735160
510000 2.483917 -2.587938 2.560918
520000 3.291353 -2.560484 2.624817
530000 4.106335 -2.640480 2.648959
540000 3.443667 -2.617131 2.691947
550000 4.016666 -2.697441 2.558952
560000 4.252326 -2.631011 2.529427
570000 3.104079 -2.566226 2.707948
580000 2.276537 -2.666977 2.646299
590000 1.727649 -2.761258 2.580811
600000 1.187116 -2.518669 2.616358
610000 0.655441 -2.641004 2.699724
620000 0.910813 -2.533096 2.602192
630000 0.532197 -2.690800 2.546185
640000 1.174686 -2.466897 2.641070
650000 1.256907 -2.599159 2.648738
660000 2.362736 -2.492023 2.615567
670000 1.922673 -2.583559 2.607867
680000 0.917867 -2.629983 2.682029
690000 1.249860 -2.604433 2.674725
700000 0.802746 -2.585222 2.601778
710000 0.692220 -2.456222 2.637572
720000 0.845888 -2.625225 2.569549
730000 1.028324 -2.540563 2.687796
740000 1.441615 -2.569819 2.765749
750000 1.948072 -2.589253 2.647734
760000 2.132403 -2.580989 2.587895
770000 2.673174 -2.577655 2.582645
780000 2.908274 -2.536189 2.590857
790000 3.061923 -2.774071 2.574833
800000 4.263076 -2.527901 2.570270
810000 4.311687 -2.661081 2.680852
820000 4.257456 -2.615403 2.637064
830000 3.411875 -2.636817 2.721093
840000 2.800633 -2.650816 2.665550
850000 3.441460 -2.561609 2.527199
860000 4.071508 -2.502626 2.563472
870000 4.506374 -2.602861 2.575021
880000 4.053800 -2.568569 2.512636
890000 3.266233 -2.584624 2.608090
900000 3.004059 -2.585477 2.711513
910000 2.430803 -2.643278 2.623825
920000 1.892422 -2.662483 2.683516
930000 3.660206 -2.604018 2.614174
940000 4.910020 -2.601713 2.705741
950000 4.901268 -2.557432 2.662522
960000 4.360936 -2.604542 2.559093
970000 4.562292 -2.671907 2.569794
980000 4.164333 -2.651065 2.583794
990000 3.006213 -2.740569 2.615268
1000000 3.487033 -2.603387 2.602130
1010000 4.127242 -2.677278 2.705086
1020000 4.547683 -2.636069 2.569314
1030000 3.359819 -2.786987 2.613348
1040000 1.870823 -2.533818 2.638943
1050000 2.809514 -2.630841 2.687511
1060000 3.308466 -2.516832 2.734769
1070000 3.000511 -2.681132 2.686810
1080000 4.871288 -2.674062 2.612224
1090000 4.828806 -2.655815 2.486505
1100000 4.708640 -2.665216 2.591798
1110000 4.825083 -2.660323 2.710980
1120000 4.277357 -2.529728 2.643760
1130000 4.215572 -2.621964 2.607517
1140000 4.034082 -2.528553 2.800347
1150000 2.711334 -2.617932 2.643228
1160000 2.558084 -2.653119 2.641761
1170000 1.994125 -2.702278 2.544886
1180000 1.968030 -2.543274 2.697590
1190000 1.689156 -2.730686 2.637967
1200000 2.208783 -2.582264 2.681057
1210000 2.537580 -2.632901 2.635387
1220000 1.405954 -2.642264 2.696648
1230000 1.405274 -2.666620 2.585145
1240000 1.513724 -2.696246 2.684798
1250000 0.807164 -2.618213 2.498907
1260000 1.039052 -2.673597 2.649768
1270000 1.247143 -2.683690 2.548792
1280000 1.517043 -2.520763 2.562283
1290000 2.016942 -2.629319 2.536811
1300000 2.240511 -2.567926 2.564337
1310000 2.377247 -2.639098 2.654125
1320000 2.152688 -2.565244 2.643455
1330000 3.487004 -2.538416 2.495681
1340000 4.410250 -2.633127 2.706558
1350000 3.569891 -2.564611 2.631246
1360000 3.543308 -2.517741 2.679440
1370000 3.462339 -2.671536 2.774348
1380000 3.507897 -2.677180 2.595496
1390000 4.105861 -2.575597 2.656548
1400000 4.574557 -2.634596 2.598145
1410000 4.531277 -2.539149 2.628461
1420000 4.715602 -2.746505 2.800312
1430000 3.760692 -2.686622 2.645601
1440000 2.852721 -2.570167 2.518765
1450000 3.696513 -2.528502 2.674897
1460000 2.970984 -2.594189 2.635117
1470000 3.340301 -2.736258 2.697807
1480000 3.062664 -2.596043 2.738142
1490000 2.314886 -2.697725 2.567904
1500000 2.380586 -2.633506 2.675419
1510000 2.064167 -2.646077 2.549675
1520000 1.727430 -2.570740 2.655217
1530000 1.823915 -2.719119 2.615830
1540000 1.521744 -2.488285 2.626643
1550000 2.903718 -2.740741 2.550669
1560000 2.735533 -2.485119 2.510639
1570000 3.617812 -2.589761 2.576990
1580000 2.453943 -2.642815 2.556588
1590000 3.496805 -2.708514 2.624971
1600000 4.202212 -2.638838 2.674277
1610000 4.815592 -2.814745 2.576932
1620000 4.992411 -2.501097 2.562688
1630000 4.504756 -2.623614 2.625029
1640000 4.833780 -2.584872 2.678667
1650000 4.739631 -2.578505 2.589846
1660000 4.952165 -2.663807 2.730834
1670000 5.012148 -2.712844 2.552291
1680000 4.965775 -2.589788 2.506311
1690000 4.307922 -2.664528 2.561534
1700000 3.591493 -2.598695 2.699307
1710000 3.761665 -2.582110 2.651878
1720000 2.835119 -2.552980 2.588039
1730000 2.076933 -2.600126 2.583866
1740000 2.104622 -2.657088 2.536381
1750000 1.491104 -2.543463 2.446346
1760000 1.327912 -2.691847 2.534514
1770000 0.939250 -2.692628 2.539399
1780000 1.090077 -2.517541 2.433275
1790000 0.596267 -2.537504 2.538231
1800000 0.500817 -2.556239 2.652164
1810000 0.871561 -2.752434 2.549168
1820000 0.502993 -2.623116 2.590794
1830000 0.830448 -2.594216 2.527533
1840000 1.004736 -2.740037 2.569153
1850000 1.265619 -2.657887 2.727192
1860000 1.004374 -2.822917 2.673855
1870000 1.129601 -2.634223 2.673010
1880000 0.909438 -2.586030 2.642286
1890000 1.222869 -2.622438 2.512716
1900000 1.366477 -2.532072 2.647237
1910000 1.135760 -2.629947 2.548098
1920000 1.534552 -2.569555 2.653319
1930000 2.344447 -2.770485 2.593382
1940000 2.416125 -2.679204 2.622061
1950000 1.807078 -2.587161 2.616681
1960000 1.694842 -2.632378 2.536347
1970000 1.450238 -2.580475 2.569352
1980000 1.699680 -2.627596 2.596424
1990000 1.472032 -2.598221 2.730307
2000000 1.239819 -2.867869 2.545927
2010000 2.300937 -2.607502 2.605437
2020000 2.127773 -2.664606 2.524970
2030000 2.848481 -2.608596 2.716098
2040000 3.679710 -2.660123 2.630750
2050000 4.416373 -2.570248 2.720472
2060000 3.976289 -2.689757 2.621146
2070000 5.053573 -2.581182 2.691574
2080000 3.631284 -2.606966 2.594666
2090000 2.585969 -2.495920 2.593992
2100000 3.078281 -2.544756 2.762980
2110000 3.829255 -2.599436 2.624247
2120000 5.017033 -2.583723 2.617290
2130000 4.980438 -2.726412 2.554690
2140000 4.526909 -2.553871 2.624152
2150000 3.325280 -2.630167 2.653364
2160000 3.583429 -2.617736 2.652624
2170000 4.315396 -2.565740 2.699571
2180000 4.892239 -2.603951 2.571489
2190000 4.101403 -2.574305 2.571902
2200000 4.846091 -2.521859 2.537630
2210000 4.704624 -2.533341 2.591606
2220000 3.504699 -2.432863 2.647055
2230000 3.017699 -2.575802 2.675156
2240000 3.522940 -2.769808 2.700363
2250000 3.751950 -2.557780 2.601400
2260000 5.021156 -2.490440 2.586784
2270000 4.752353 -2.740141 2.667170
2280000 4.709522 -2.657036 2.539086
2290000 3.669835 -2.594347 2.686966
2300000 2.855352 -2.626120 2.666709
2310000 2.080874 -2.750137 2.558391
2320000 2.322110 -2.664280 2.662736
2330000 2.507310 -2.537273 2.615046
2340000 2.851645 -2.585869 2.520705
2350000 3.097923 -2.677098 2.587288
2360000 3.943299 -2.639534 2.557393
2370000 4.574900 -2.661672 2.660253
2380000 4.701422 -2.586524 2.603711
2390000 4.810647 -2.536607 2.550732
2400000 3.598135 -2.664312 2.569543
2410000 4.542349 -2.633932 2.391436
2420000 4.373596 -2.643734 2.716388
2430000 3.543249 -2.675915 2.566101
2440000 3.173316 -2.529371 2.678095
2450000 3.110975 -2.614818 2.575387
2460000 2.622953 -2.612429 2.616239
2470000 3.264523 -2.610999 2.655055
2480000 3.615405 -2.487816 2.638154
2490000 4.260854 -2.579265 2.635165
2500000 3.467091 -2.682470 2.528147
2510000 4.130401 -2.535993 2.585971
2520000 4.428528 -2.634498 2.569421
2530000 2.695266 -2.482696 2.608676
2540000 2.729649 -2.661059 2.603706
2550000 2.355115 -2.679544 2.750201
2560000 2.252238 -2.554082 2.690239
2570000 3.089699 -2.708755 2.671584
2580000 2.314454 -2.703261 2.648350
2590000 2.554154 -2.610827 2.746555
2600000 3.191582 -2.482652 2.613882
2610000 3.403813 -2.529493 2.601735
2620000 3.042995 -2.697152 2.709904
2630000 1.820901 -2.673255 2.672571
2640000 1.989320 -2.556803 2.440841
2650000 1.935647 -2.538256 2.679491
2660000 1.835837 -2.560646 2.702828
2670000 1.414063 -2.583550 2.719280
2680000 1.245518 -2.531755 2.705783
2690000 0.943454 -2.573507 2.631022
2700000 0.690602 -2.632872 2.648077
2710000 0.738474 -2.704534 2.481075
2720000 0.855809 -2.495666 2.665798
2730000 0.826548 -2.687629 2.614026
2740000 0.674087 -2.565317 2.493627
2750000 0.859745 -2.637005 2.615830
2760000 0.675997 -2.618921 2.613721
2770000 0.714886 -2.630730 2.595272
2780000 0.932454 -2.529700 2.539900
2790000 0.940451 -2.625603 2.665104
2800000 1.240503 -2.595021 2.580812
2810000 1.255165 -2.556692 2.567637
2820000 1.134358 -2.642133 2.684666
2830000 0.936244 -2.521256 2.682727
2840000 1.491293 -2.686405 2.564615
2850000 1.857101 -2.578632 2.566804
2860000 2.079232 -2.503028 2.560818
2870000 2.775116 -2.477208 2.541661
2880000 2.424782 -2.533594 2.561548
2890000 3.106054 -2.573203 2.702831
2900000 3.637676 -2.433092 2.580380
2910000 4.373813 -2.690912 2.593477
2920000 4.541000 -2.603412 2.604384
2930000 4.271168 -2.574361 2.596660
2940000 3.290460 -2.524733 2.568793
2950000 3.748537 -2.503301 2.643912
2960000 3.296631 -2.652057 2.605419
2970000 3.663643 -2.486002 2.553183
2980000 3.484473 -2.582560 2.520322
2990000 2.971147 -2.625644 2.546461
3000000 2.682170 -2.543154 2.610429
3010000 2.337757 -2.718960 2.563275
3020000 2.731138 -2.680498 2.586679
3030000 2.481552 -2.662698 2.669364
3040000 1.961172 -2.615955 2.657780
3050000 2.127739 -2.690844 2.665414
3060000 1.764128 -2.518341 2.760460
3070000 1.825938 -2.525044 2.703836
3080000 1.606296 -2.574138 2.652530
3090000 1.415204 -2.607863 2.626507
3100000 1.315753 -2.482688 2.665462
3110000 1.321013 -2.679003 2.725162
3120000 1.066458 -2.596918 2.585356
3130000 0.917378 -2.709158 2.698919
3140000 0.908424 -2.637256 2.603700
3150000 0.839515 -2.693576 2.625262
3160000 0.765506 -2.649922 2.783548
3170000 0.986509 -2.709746 2.583209
3180000 1.098548 -2.638239 2.676936
3190000 1.313693 -2.569835 2.522522
3200000 1.272526 -2.462025 2.621039
3210000 1.107439 -2.715382 2.538138
3220000 1.285806 -2.709499 2.536586
3230000 1.257137 -2.540034 2.544380
3240000 1.106392 -2.672921 2.659947
3250000 0.491945 -2.683861 2.549315
3260000 0.569350 -2.583648 2.605498
3270000 0.808873 -2.532207 2.447960
3280000 0.685052 -2.485849 2.618166
3290000 0.934107 -2.594870 2.707326
3300000 0.902040 -2.611231 2.659478
3310000 0.731332 -2.546870 2.643295
3320000 0.665208 -2.658473 2.598717
3330000 0.815682 -2.569301 2.755652
3340000 0.749545 -2.610265 2.649367
3350000 0.749830 -2.553987 2.640135
3360000 0.886611 -2.583742 2.558935
3370000 1.013408 -2.529897 2.563276
3380000 1.580800 -2.698769 2.612692
3390000 1.614424 -2.560820 2.576149
3400000 1.564922 -2.634787 2.627657
3410000 2.285389 -2.544638 2.683648
3420000 2.649154 -2.768981 2.542032
3430000 2.410684 -2.583075 2.571426
3440000 2.950513 -2.608788 2.609573
3450000 2.386866 -2.591116 2.623187
3460000 2.561198 -2.439977 2.686802
3470000 3.778770 -2.558276 2.650456
3480000 3.986587 -2.585154 2.573413
3490000 3.937809 -2.577103 2.654228
3500000 4.703621 -2.642015 2.629000
3510000 4.979042 -2.560788 2.541446
3520000 4.617093 -2.534562 2.545501
3530000 4.749178 -2.523617 2.663824
3540000 4.541310 -2.695752 2.541146
3550000 4.707325 -2.653498 2.614891
3560000 4.730730 -2.571998 2.586777
3570000 3.620805 -2.558404 2.612053
3580000 2.995174 -2.751398 2.598732
3590000 2.847388 -2.690972 2.424304
3600000 3.767706 -2.538695 2.639444
3610000 4.939365 -2.523526 2.604069
3620000 4.765666 -2.685188 2.643944
3630000 4.306773 -2.657577 2.592145
3640000 4.057320 -2.645629 2.497274
3650000 4.045900 -2.590066 2.715836
3660000 3.439672 -2.611508 2.592472
3670000 4.117252 -2.606119 2.585870
3680000 3.905708 -2.780735 2.634684
3690000 4.995314 -2.566892 2.572350
3700000 4.998305 -2.646016 2.544236
3710000 4.752381 -2.665343 2.693374
3720000 3.890024 -2.647800 2.566414
3730000 3.525796 -2.533030 2.548893
3740000 3.455008 -2.611363 2.575945
3750000 3.368478 -2.679824 2.627687
3760000 2.696573 -2.678105 2.542390
3770000 2.107995 -2.522056 2.561097
3780000 2.091168 -2.691526 2.486899
3790000 3.070349 -2.617755 2.682558
3800000 3.434178 -2.724004 2.584987
3810000 2.978557 -2.596657 2.706988
3820000 3.362085 -2.682504 2.520682
3830000 4.565620 -2.557655 2.623756
3840000 3.689132 -2.562592 2.685929
3850000 3.020754 -2.672069 2.655088
3860000 3.126611 -2.704921 2.619719
3870000 2.927257 -2.665852 2.579984
3880000 2.423886 -2.578189 2.728208
3890000 1.933234 -2.590673 2.593061
3900000 2.573362 -2.475845 2.546149
3910000 2.110892 -2.650382 2.644129
3920000 1.945977 -2.661661 2.696159
3930000 1.928127 -2.665457 2.591476
3940000 2.320292 -2.684657 2.513675
3950000 2.433541 -2.664921 2.568145
3960000 2.848583 -2.593704 2.620435
3970000 2.353280 -2.571403 2.734326
3980000 2.759364 -2.624820 2.605159
3990000 3.245408 -2.774528 2.526771
4000000 3.765170 -2.613500 2.547910
