100000 4.322286 -2.594150 2.139825
110000 4.179235 -2.714721 2.067297
120000 3.903970 -2.476082 2.068265
130000 3.566031 -2.670133 2.060761
140000 4.188655 -2.589042 2.143119
150000 2.802388 -2.564702 1.985446
160000 1.278216 -2.672555 2.081901
170000 0.832726 -2.564037 2.110872
180000 1.005908 -2.489530 2.191735
190000 1.375101 -2.678574 2.108273
200000 1.053492 -2.511409 2.059132
210000 1.972609 -2.615199 2.169209
220000 2.443149 -2.486100 2.073197
230000 3.197418 -2.589940 2.071066
240000 3.920861 -2.569967 2.232723
250000 4.633270 -2.700797 2.054523
260000 4.013791 -2.680440 2.213926
270000 2.371804 -2.680081 2.189058
280000 2.570426 -2.598687 2.072477
290000 4.175624 -2.586030 2.075038
300000 3.406221 -2.601832 2.147884
310000 2.821060 -2.793603 2.119834
320000 3.423428 -2.613343 2.021331
330000 4.338455 -2.486806 2.134721
340000 3.877349 -2.783891 2.064180
350000 2.291522 -2.678343 1.999823
360000 2.467623 -2.633807 2.100695
370000 1.826928 -2.682130 2.161981
380000 2.110483 -2.679693 2.119180
390000 1.340185 -2.708650 2.084050
400000 1.045281 -2.606209 2.121705
410000 1.286591 -2.689623 2.104104
420000 1.889311 -2.629113 2.202873
430000 1.520104 -2.677478 2.208612
440000 1.363938 -2.631031 2.084669
450000 0.779186 -2.690072 2.249528
460000 0.533684 -2.470018 2.246110
470000 0.993731 -2.654094 2.036629
480000 0.993231 -2.547050 2.113209
490000 0.907408 -2.568800 2.155559
500000 1.178709 -2.494050 1.939623
510000 1.728116 -2.677948 2.062440
520000 2.238819 -2.594303 2.002770
530000 2.447361 -2.601676 2.046434
540000 3.348621 -2.737301 2.102361
550000 4.569859 -2.727194 1.964425
560000 4.218122 -2.472432 2.120221
570000 3.799886 -2.594296 2.132306
580000 4.339697 -2.593943 2.042073
590000 3.104827 -2.666929 1.979934
600000 2.779726 -2.621495 2.144261
610000 2.896217 -2.682001 2.091358
620000 3.842001 -2.678941 2.063797
630000 2.579446 -2.566858 2.067167
640000 1.845595 -2.475568 2.112980
650000 2.425076 -2.589087 2.110681
660000 3.134167 -2.470990 2.181553
670000 4.646465 -2.687211 2.081878
680000 4.286321 -2.674657 2.075359
690000 3.491585 -2.758597 2.103358
700000 2.317872 -2.571736 2.136978
710000 1.651120 -2.670365 2.104029
720000 2.612293 -2.481838 2.040817
730000 3.343266 -2.641315 2.046019
740000 2.983809 -2.578091 2.096307
750000 2.134202 -2.814950 2.047428
760000 3.047750 -2.504223 2.051529
770000 1.809028 -2.622301 2.171185
780000 1.687381 -2.528288 2.072639
790000 2.066946 -2.601777 2.187567
800000 3.268383 -2.415259 2.063277
810000 4.450084 -2.574859 2.106141
820000 3.957881 -2.727954 2.224679
830000 4.755606 -2.598877 2.090983
840000 4.957160 -2.477898 2.056301
850000 5.060923 -2.617716 2.137155
860000 4.864152 -2.646291 2.088072
870000 5.013565 -2.603732 2.151950
880000 3.968402 -2.653223 2.173773
890000 2.952478 -2.547698 2.106287
900000 2.275378 -2.598135 2.159789
910000 2.185519 -2.664935 2.067612
920000 3.219919 -2.655127 2.070073
930000 4.092245 -2.683616 2.029931
940000 3.828425 -2.650217 2.040188
950000 4.952366 -2.683034 2.056308
960000 4.411296 -2.645701 2.176802
970000 3.895162 -2.742511 2.065317
980000 4.344967 -2.700172 2.068002
990000 4.723635 -2.631196 2.239107
1000000 3.262289 -2.602415 2.139730
1010000 3.729002 -2.620683 2.037032
1020000 3.202517 -2.561667 2.202612
1030000 4.091561 -2.563981 2.165895
1040000 4.896941 -2.577460 2.079317
1050000 4.596982 -2.679326 2.049781
1060000 4.212037 -2.628454 2.288219
1070000 4.432978 -2.648364 2.123806
1080000 4.269384 -2.539346 2.170074
1090000 3.677530 -2.528912 2.175947
1100000 2.790627 -2.681163 2.013702
1110000 2.883990 -2.643866 2.020673
1120000 1.640178 -2.649496 2.025495
1130000 1.414085 -2.667293 2.097259
1140000 1.053383 -2.629414 2.142277
1150000 0.889908 -2.635411 2.103639
1160000 0.794364 -2.673258 2.198058
1170000 1.054655 -2.470673 2.113798
1180000 1.113332 -2.583041 2.011678
1190000 1.416624 -2.552596 2.094422
1200000 1.728061 -2.668615 1.990877
1210000 1.862578 -2.681168 1.925618
1220000 1.810125 -2.550906 2.024317
1230000 1.575639 -2.621282 1.989932
1240000 1.825726 -2.616188 2.018595
1250000 2.465740 -2.656701 1.987693
1260000 2.463601 -2.587476 1.828642
1270000 2.850245 -2.602829 1.954423
1280000 3.350547 -2.622654 2.052138
1290000 3.349543 -2.775391 2.018826
1300000 2.007383 -2.640306 2.003291
1310000 1.850336 -2.608738 2.082222
1320000 2.394699 -2.802887 2.010687
1330000 2.362483 -2.627177 2.175575
1340000 2.765181 -2.666389 2.077039
1350000 4.336915 -2.663519 2.199471
1360000 5.009656 -2.629038 1.986658
1370000 4.025942 -2.706483 2.074351
1380000 3.654938 -2.646678 2.072943
1390000 4.308028 -2.693293 2.187991
1400000 5.117415 -2.713101 2.057561
1410000 4.672606 -2.646411 2.032275
1420000 4.651555 -2.579927 2.076664
1430000 4.005815 -2.743051 2.082297
1440000 2.876797 -2.619455 2.110966
1450000 4.723929 -2.723071 2.059371
1460000 4.914563 -2.518347 1.990540
1470000 4.749885 -2.585618 2.307995
1480000 4.808705 -2.641420 2.051503
1490000 5.029484 -2.656499 2.198344
1500000 4.850391 -2.650034 2.027252
1510000 5.001392 -2.657221 2.057929
1520000 3.705551 -2.736283 2.108829
1530000 2.904923 -2.500973 2.089420
1540000 3.005589 -2.622017 2.164158
1550000 2.263130 -2.457507 2.032052
1560000 2.714169 -2.540798 2.079311
1570000 2.096730 -2.576965 2.079841
1580000 1.180299 -2.583406 2.012247
1590000 1.164590 -2.569071 2.186298
1600000 1.645007 -2.677299 2.015826
1610000 1.009510 -2.529189 2.051763
1620000 1.018966 -2.610631 2.054885
1630000 1.051809 -2.622779 2.075366
1640000 0.869297 -2.825576 2.171652
1650000 0.507749 -2.618399 2.198680
1660000 0.636378 -2.585423 2.157937
1670000 0.585464 -2.573522 2.128773
1680000 0.768317 -2.631135 1.986151
1690000 0.883328 -2.514831 1.978894
1700000 1.053604 -2.519818 2.078967
1710000 1.384803 -2.486707 2.070065
1720000 0.503447 -2.568168 2.170184
1730000 1.336518 -2.583182 2.089644
1740000 1.883172 -2.533357 2.135068
1750000 1.846954 -2.710171 2.062994
1760000 1.642443 -2.721684 2.098581
1770000 1.620754 -2.556073 1.984946
1780000 1.512010 -2.468251 2.036367
1790000 2.070004 -2.656329 2.041160
1800000 2.442176 -2.637857 2.124427
1810000 4.021721 -2.601087 2.069812
1820000 4.986848 -2.636309 2.042509
1830000 4.767812 -2.667428 2.071838
1840000 4.767849 -2.555943 1.979321
1850000 4.275516 -2.675133 2.034860
1860000 4.250033 -2.719131 2.154169
1870000 3.391788 -2.683939 1.969882
1880000 2.937518 -2.638411 2.030603
1890000 3.738325 -2.575337 2.169627
1900000 4.924614 -2.695235 2.137323
1910000 3.576448 -2.565858 2.010143
1920000 3.361421 -2.749470 2.189982
1930000 3.575009 -2.516469 2.054675
1940000 4.212720 -2.695502 2.138549
1950000 4.828873 -2.662881 2.153562
1960000 4.667026 -2.602650 2.104686
1970000 3.106154 -2.502279 2.055281
1980000 2.381126 -2.719313 2.122235
1990000 2.472678 -2.475251 2.117044
2000000 3.154262 -2.618871 2.169014
2010000 3.010254 -2.565835 2.179697
2020000 2.246096 -2.623382 2.124372
2030000 2.087607 -2.610001 2.032298
2040000 1.703281 -2.659022 2.130983
2050000 2.080361 -2.626267 2.033033
2060000 2.862689 -2.650171 2.125271
2070000 3.113548 -2.501468 1.964061
2080000 3.602055 -2.763138 2.216156
2090000 3.598129 -2.550127 2.047902
2100000 3.328335 -2.669699 2.090040
2110000 3.050698 -2.573325 2.015813
2120000 3.717881 -2.381413 2.101436
2130000 4.446049 -2.581912 2.032881
2140000 4.413627 -2.596512 2.145367
2150000 3.768438 -2.506845 1.970778
2160000 4.582240 -2.704600 2.010285
2170000 5.063880 -2.653822 2.051732
2180000 4.970644 -2.602413 2.034005
2190000 4.199436 -2.647167 2.054168
2200000 3.615113 -2.693134 2.076186
2210000 4.507477 -2.693232 2.158842
2220000 3.597667 -2.547169 2.133474
2230000 2.755024 -2.724301 2.015289
2240000 2.529829 -2.581077 2.161996
2250000 2.925616 -2.557898 2.079037
2260000 2.649287 -2.539139 2.056872
2270000 3.098837 -2.589822 1.992862
2280000 3.676058 -2.634979 2.097696
2290000 3.149528 -2.525856 2.000328
2300000 2.261336 -2.630362 2.064375
2310000 1.804365 -2.553612 1.945780
2320000 1.742381 -2.506644 2.049409
2330000 1.055578 -2.551678 2.130861
2340000 1.136469 -2.609212 2.091856
2350000 0.770451 -2.602208 2.080584
2360000 0.850775 -2.589654 2.251057
2370000 0.596625 -2.604652 2.175039
2380000 0.727198 -2.491659 2.185718
2390000 0.833527 -2.561896 2.178502
2400000 1.195319 -2.481349 2.127331
2410000 1.572136 -2.686075 2.105530
2420000 1.223527 -2.548691 2.084052
2430000 1.060545 -2.640100 2.068524
2440000 1.146631 -2.623765 2.045249
2450000 1.233683 -2.599842 2.011202
2460000 1.685505 -2.636956 2.024465
2470000 1.444126 -2.600624 2.035668
2480000 1.142233 -2.675214 2.036634
2490000 1.339523 -2.652137 2.025607
2500000 1.138511 -2.501007 2.060194
2510000 1.291384 -2.623498 2.055251
2520000 0.890734 -2.503082 2.127219
2530000 0.502824 -2.628324 2.229422
2540000 0.503130 -2.583455 2.271164
2550000 0.600626 -2.646378 2.133845
2560000 0.778461 -2.504301 2.159179
2570000 0.794289 -2.663246 1.870678
2580000 0.638067 -2.639838 2.141138
2590000 0.669887 -2.631020 2.079919
2600000 0.476224 -2.618030 2.070683
2610000 0.993970 -2.616878 2.026078
2620000 1.136688 -2.560632 2.079920
2630000 1.154340 -2.550581 2.165515
2640000 1.066685 -2.647747 2.053266
2650000 1.464224 -2.592372 2.053503
2660000 1.676477 -2.603389 1.954432
2670000 1.842028 -2.639595 2.104378
2680000 2.009186 -2.661331 2.023611
2690000 2.266554 -2.732982 2.043171
2700000 2.619188 -2.583779 2.075796
2710000 1.715544 -2.695998 2.075821
2720000 1.608442 -2.634396 2.025235
2730000 2.176467 -2.605174 2.090451
2740000 2.369800 -2.640329 2.111038
2750000 2.376844 -2.614480 2.010683
2760000 2.423045 -2.602357 1.965220
2770000 3.308865 -2.624370 2.068347
2780000 3.161278 -2.622531 2.217393
2790000 3.871794 -2.520180 2.136235
2800000 4.490986 -2.683433 2.032907
2810000 4.623345 -2.567910 2.086955
2820000 4.406933 -2.580594 2.006783
2830000 3.710347 -2.618408 2.115128
2840000 4.330754 -2.654361 2.034172
2850000 4.119994 -2.646415 2.116437
2860000 3.523771 -2.742950 2.089392
2870000 3.692224 -2.526758 2.258447
2880000 4.320658 -2.622300 2.087466
2890000 3.808838 -2.473273 2.114666
2900000 4.321164 -2.643382 2.070331
2910000 3.402706 -2.607821 2.209609
2920000 4.452892 -2.593178 2.030605
2930000 3.942674 -2.662117 2.129943
2940000 4.138627 -2.596989 2.098904
2950000 3.838809 -2.588853 2.128455
2960000 4.850913 -2.608990 2.055304
2970000 4.624714 -2.581585 2.044025
2980000 4.769572 -2.737875 2.090680
2990000 3.978702 -2.615188 1.962066
3000000 3.890558 -2.630983 2.090117
3010000 3.836760 -2.657887 2.209003
3020000 3.646604 -2.491077 2.143622
3030000 3.083239 -2.543954 2.217660
3040000 2.670258 -2.519328 2.109546
3050000 3.005389 -2.589794 2.123142
3060000 1.878110 -2.525210 2.144195
3070000 2.307396 -2.555510 2.099033
3080000 2.393932 -2.527512 2.134748
3090000 2.681881 -2.676073 2.076329
3100000 2.068907 -2.811132 2.023764
3110000 2.284619 -2.638267 2.130986
3120000 3.057559 -2.732658 2.062799
3130000 1.943315 -2.625984 2.092339
3140000 1.949169 -2.578919 2.173703
3150000 1.858273 -2.626760 2.031824
3160000 1.676513 -2.758984 2.064873
3170000 1.618954 -2.606510 2.040641
3180000 1.450591 -2.554824 2.091075
3190000 1.777369 -2.495785 2.118518
3200000 1.463671 -2.737367 2.159575
3210000 1.297881 -2.515514 2.097112
3220000 1.353407 -2.595901 2.010068
3230000 1.373540 -2.682038 2.186518
3240000 0.855233 -2.651489 2.247796
3250000 0.917566 -2.606613 2.107528
3260000 0.836408 -2.627996 2.204962
3270000 1.235771 -2.589577 2.122227
3280000 0.973127 -2.598955 2.012841
3290000 1.336974 -2.657652 2.106762
3300000 1.296889 -2.608564 2.030332
3310000 1.451064 -2.601819 2.132157
3320000 2.001964 -2.595254 2.111714
3330000 2.206197 -2.557309 2.133867
3340000 2.525771 -2.549377 2.193802
3350000 3.194129 -2.667165 2.175629
3360000 3.707158 -2.547534 2.172304
3370000 3.406530 -2.634700 2.014351
3380000 3.654842 -2.537203 2.089351
3390000 3.171591 -2.620979 2.118957
3400000 4.821360 -2.650846 2.099797
3410000 4.651288 -2.571305 2.086182
3420000 4.416549 -2.576707 1.965208
3430000 3.875798 -2.609959 2.092809
3440000 4.693237 -2.542473 2.043723
3450000 3.273701 -2.629593 2.242769
3460000 3.002993 -2.641966 2.126968
3470000 2.877070 -2.702321 2.066626
3480000 2.417130 -2.644065 2.071009
3490000 2.492364 -2.715842 2.059740
3500000 3.449585 -2.614891 2.112261
3510000 2.885285 -2.631808 2.027363
3520000 3.566325 -2.567592 2.048526
3530000 3.718119 -2.548129 2.226174
3540000 4.858774 -2.565593 2.094332
3550000 4.250044 -2.613540 2.048227
3560000 4.323291 -2.692131 2.020823
3570000 3.267271 -2.660518 2.255594
3580000 2.826908 -2.655002 2.138825
3590000 3.120739 -2.619013 2.003834
3600000 3.312782 -2.609041 2.201917
3610000 2.640647 -2.534891 1.908116
3620000 2.749246 -2.669858 2.112916
3630000 2.986072 -2.555301 2.005714
3640000 4.151008 -2.555233 2.054316
3650000 4.324832 -2.668879 2.015007
3660000 4.962903 -2.727537 2.171137
3670000 4.435667 -2.606329 2.091467
3680000 5.002896 -2.675447 2.260539
3690000 3.566033 -2.597338 2.024172
3700000 3.292838 -2.682795 2.024816
3710000 3.501593 -2.501408 2.005336
3720000 3.913213 -2.667747 2.093258
3730000 4.075711 -2.689046 2.087107
3740000 4.673596 -2.648943 2.109840
3750000 3.625707 -2.613840 2.053711
3760000 4.376386 -2.603906 2.214442
3770000 4.693334 -2.774753 2.109328
3780000 3.616565 -2.534853 2.260374
3790000 3.471103 -2.519475 2.054313
3800000 4.334518 -2.547823 2.079361
3810000 4.788611 -2.711377 2.184166
3820000 4.544302 -2.529940 2.099063
3830000 3.481521 -2.578083 2.189667
3840000 3.299551 -2.632267 2.160576
3850000 4.183246 -2.681758 2.128927
3860000 3.698105 -2.656135 2.265113
3870000 4.102775 -2.649241 2.008248
3880000 4.990236 -2.704186 2.019441
3890000 2.566687 -2.636857 2.115291
3900000 2.317523 -2.621982 2.187707
3910000 2.157251 -2.595072 2.148077
3920000 1.677371 -2.663730 2.100466
3930000 1.678165 -2.681701 2.095941
3940000 2.248108 -2.526312 1.938689
3950000 1.954268 -2.567728 2.076626
3960000 2.438110 -2.562769 1.965507
3970000 2.659498 -2.609805 2.030568
3980000 1.825745 -2.511503 2.061764
3990000 2.833767 -2.558708 1.989828
4000000 2.781380 -2.606888 2.134498
