100000 3.815544 -2.683085 1.756274
110000 2.274178 -2.661813 1.656172
120000 1.403779 -2.681449 1.667741
130000 2.024822 -2.572486 1.727541
140000 2.692542 -2.493986 1.741011
150000 2.694629 -2.716396 1.722417
160000 4.303661 -2.610744 1.848426
170000 3.801262 -2.518534 1.631103
180000 4.878588 -2.630575 1.855028
190000 3.703987 -2.696365 1.574464
200000 2.877997 -2.588278 1.864261
210000 1.956435 -2.571152 1.799451
220000 1.449785 -2.730099 1.696849
230000 1.386647 -2.636545 1.767962
240000 1.811830 -2.609063 1.852283
250000 1.983275 -2.632420 1.700641
260000 2.922235 -2.710702 1.811965
270000 3.355044 -2.633815 1.715557
280000 4.484608 -2.600017 1.681817
290000 4.428653 -2.616481 1.671634
300000 4.424183 -2.649483 1.775020
310000 5.048787 -2.490192 1.802824
320000 4.252496 -2.529241 1.864118
330000 2.891215 -2.591456 1.709079
340000 2.492484 -2.711073 1.754560
350000 2.864574 -2.720973 1.707620
360000 3.157474 -2.663099 1.802980
370000 4.296538 -2.627176 1.785815
380000 3.225895 -2.837101 1.723843
390000 4.836517 -2.620299 1.781774
400000 4.931481 -2.690220 1.651728
410000 3.631861 -2.722820 1.883239
420000 2.152097 -2.612275 1.734875
430000 2.808941 -2.584604 1.679660
440000 3.271094 -2.631988 1.757903
450000 3.535813 -2.639197 1.777424
460000 3.205385 -2.600245 1.717756
470000 2.967016 -2.509010 1.831860
480000 3.576876 -2.511320 1.794504
490000 4.103012 -2.512462 1.711782
500000 4.863835 -2.599470 1.613054
510000 5.068027 -2.550914 1.725508
520000 4.037957 -2.743446 1.818017
530000 3.865945 -2.603985 1.610114
540000 1.796734 -2.604755 1.708521
550000 1.711477 -2.608889 1.692880
560000 1.778268 -2.718089 1.795888
570000 0.779340 -2.593687 1.785790
580000 0.838840 -2.662611 1.681662
590000 0.766954 -2.571848 1.795988
600000 0.519426 -2.526010 1.797874
610000 1.392843 -2.655919 1.668468
620000 1.545917 -2.631986 1.722920
630000 1.070607 -2.628711 1.727785
640000 1.141157 -2.673320 1.785757
650000 1.540389 -2.609283 1.816759
660000 2.232201 -2.563433 1.754876
670000 2.405348 -2.606933 1.786893
680000 1.978359 -2.672332 1.722304
690000 2.027054 -2.661512 1.745181
700000 2.578632 -2.710591 1.743960
710000 2.651657 -2.503324 1.689410
720000 3.273817 -2.526682 1.787423
730000 4.100279 -2.659038 1.814479
740000 4.684111 -2.578924 1.750556
750000 3.856599 -2.603986 1.616185
760000 3.385109 -2.579855 1.622743
770000 2.312369 -2.584742 1.784520
780000 3.225412 -2.576714 1.773562
790000 3.275653 -2.615964 1.741944
800000 4.236956 -2.608632 1.853373
810000 2.976216 -2.659215 1.764674
820000 2.737623 -2.688858 1.680262
830000 2.421149 -2.614114 1.763003
840000 2.708593 -2.638649 1.675630
850000 1.629175 -2.528679 1.763640
860000 1.397968 -2.535484 1.817590
870000 1.081224 -2.584250 1.756063
880000 0.886823 -2.546638 1.738705
890000 1.153669 -2.648077 1.797429
900000 1.201373 -2.650110 1.792978
910000 1.458260 -2.523789 1.731897
920000 1.852353 -2.627833 1.686796
930000 2.150410 -2.603980 1.748127
940000 1.574230 -2.638333 1.627327
950000 1.453646 -2.503427 1.747498
960000 2.223605 -2.666493 1.764852
970000 2.692208 -2.628965 1.786793
980000 2.820342 -2.663017 1.778118
990000 3.706969 -2.632906 1.792115
1000000 3.758340 -2.477396 1.678212
1010000 4.601557 -2.558408 1.804249
1020000 4.555102 -2.502430 1.737882
1030000 4.772501 -2.672080 1.786626
1040000 5.058192 -2.558755 1.665849
1050000 4.555020 -2.607933 1.744594
1060000 4.284270 -2.516323 1.802364
1070000 3.329156 -2.556761 1.824020
1080000 3.841796 -2.641635 1.613624
1090000 3.570670 -2.653779 1.819546
1100000 3.196167 -2.685642 1.853457
1110000 3.009529 -2.643144 1.650558
1120000 2.324291 -2.641031 1.703221
1130000 2.759677 -2.558311 1.626453
1140000 2.333036 -2.577835 1.728919
1150000 1.924726 -2.554703 1.678639
1160000 2.060333 -2.656925 1.798323
1170000 2.326199 -2.661842 1.633326
1180000 3.092317 -2.607811 1.764508
1190000 3.331169 -2.539697 1.808970
1200000 4.560203 -2.489611 1.721940
1210000 4.546965 -2.604697 1.719507
1220000 4.074846 -2.696810 1.766025
1230000 3.050421 -2.634673 1.720709
1240000 2.785093 -2.745519 1.650965
1250000 3.510556 -2.561661 1.834813
1260000 3.992425 -2.539778 1.701044
1270000 3.535195 -2.567738 1.759918
1280000 3.167697 -2.549410 1.807046
1290000 2.228194 -2.615704 1.710066
1300000 1.316048 -2.599433 1.677085
1310000 1.269294 -2.600962 1.816444
1320000 0.829605 -2.622170 1.780966
1330000 0.876969 -2.629446 1.745116
1340000 0.689176 -2.632821 1.902270
1350000 1.085929 -2.510320 1.777978
1360000 0.967484 -2.672967 1.796243
1370000 0.501815 -2.454573 1.735993
1380000 0.586896 -2.631572 1.801467
1390000 0.936678 -2.603161 1.708340
1400000 0.999221 -2.630881 1.750671
1410000 1.282022 -2.555568 1.741907
1420000 1.081707 -2.547065 1.832990
1430000 1.223508 -2.611000 1.589344
1440000 1.580509 -2.620379 1.625917
1450000 1.850641 -2.494015 1.873799
1460000 1.771592 -2.640120 1.588861
1470000 2.218939 -2.618166 1.829639
1480000 2.772866 -2.625129 1.769473
1490000 2.025817 -2.600377 1.749817
1500000 1.676938 -2.594824 1.709351
1510000 1.391635 -2.639123 1.820607
1520000 1.296764 -2.719129 1.815135
1530000 1.593266 -2.716186 1.675946
1540000 2.376590 -2.518488 1.676772
1550000 2.507211 -2.664118 1.795016
1560000 3.178911 -2.540759 1.784027
1570000 4.599400 -2.465411 1.746846
1580000 4.198590 -2.617947 1.733901
1590000 3.674465 -2.662225 1.821534
1600000 4.387519 -2.754754 1.581802
1610000 4.575832 -2.670750 1.726146
1620000 3.284759 -2.787279 1.827972
1630000 2.973953 -2.663310 1.641133
1640000 3.378677 -2.573439 1.749278
1650000 2.976316 -2.531785 1.674039
1660000 3.664786 -2.545272 1.679451
1670000 2.559112 -2.591491 1.780988
1680000 2.104045 -2.702512 1.758315
1690000 3.181556 -2.687170 1.720666
1700000 2.720725 -2.571715 1.854262
1710000 4.205140 -2.600571 1.769612
1720000 4.107317 -2.637310 1.731846
1730000 4.692178 -2.591118 1.733676
1740000 4.758872 -2.608921 1.785189
1750000 4.049224 -2.551372 1.775924
1760000 4.254112 -2.587695 1.798834
1770000 4.346305 -2.713459 1.812745
1780000 3.713020 -2.554441 1.822939
1790000 4.539019 -2.454082 1.877553
1800000 3.335210 -2.592238 1.656451
1810000 3.985322 -2.510067 1.788924
1820000 4.082505 -2.558495 1.712549
1830000 4.554959 -2.596711 1.798477
1840000 4.519295 -2.781235 1.803282
1850000 4.719776 -2.719879 1.788442
1860000 3.001519 -2.633309 1.768041
1870000 2.927826 -2.621561 1.680138
1880000 2.736520 -2.544069 1.651499
1890000 2.140211 -2.619606 1.605607
1900000 2.083316 -2.617182 1.836849
1910000 2.196000 -2.530395 1.682690
1920000 3.108641 -2.490445 1.818816
1930000 3.416755 -2.707256 1.739464
1940000 3.754266 -2.632858 1.853697
1950000 4.170697 -2.600737 1.783704
1960000 4.586235 -2.664337 1.707348
1970000 4.029549 -2.494246 1.750744
1980000 3.536933 -2.454064 1.665850
1990000 4.976185 -2.724317 1.788573
2000000 3.585017 -2.669921 1.815625
2010000 4.665062 -2.601944 1.742944
2020000 4.633110 -2.637643 1.735619
2030000 4.198933 -2.723952 1.796255
2040000 3.272979 -2.628615 1.720616
2050000 2.617885 -2.671084 1.832572
2060000 2.259721 -2.670609 1.686943
2070000 2.675552 -2.620933 1.710013
2080000 2.625794 -2.706178 1.546909
2090000 3.900731 -2.573705 1.728344
2100000 3.533671 -2.559978 1.702574
2110000 2.630955 -2.636187 1.699939
2120000 2.857071 -2.660040 1.672298
2130000 2.648257 -2.557772 1.745961
2140000 2.013846 -2.630767 1.667119
2150000 1.315835 -2.638613 1.888951
2160000 1.635417 -2.703847 1.808713
2170000 2.073869 -2.626849 1.755056
2180000 1.447966 -2.585464 1.807911
2190000 1.190551 -2.645477 1.668999
2200000 0.787241 -2.541074 1.881650
2210000 0.507063 -2.518384 1.831068
2220000 0.695620 -2.641859 1.872687
2230000 0.688599 -2.634155 1.799156
2240000 0.858113 -2.587721 1.793303
2250000 1.092297 -2.703630 1.705746
2260000 0.934979 -2.642927 1.856339
2270000 1.059030 -2.639327 1.815788
2280000 0.785534 -2.692696 1.686473
2290000 1.041207 -2.672642 1.668641
2300000 1.083096 -2.609778 1.743171
2310000 1.450176 -2.623434 1.797514
2320000 1.333468 -2.638215 1.822705
2330000 1.478057 -2.625873 1.789962
2340000 1.243959 -2.740491 1.722039
2350000 1.257690 -2.597744 1.657226
2360000 1.148493 -2.729256 1.847397
2370000 0.894266 -2.644249 1.940996
2380000 0.961323 -2.609581 1.700994
2390000 0.839757 -2.596269 1.844382
2400000 0.840221 -2.685636 1.919573
2410000 1.008501 -2.607573 1.810285
2420000 2.000737 -2.567392 1.808656
2430000 2.208541 -2.643123 1.719623
2440000 1.676855 -2.510558 1.686498
2450000 1.560371 -2.542096 1.790580
2460000 1.406999 -2.608797 1.739661
2470000 1.534871 -2.599799 1.728998
2480000 1.251870 -2.565046 1.768481
2490000 1.159745 -2.714890 1.888447
2500000 1.036603 -2.601050 1.808846
2510000 0.907156 -2.514196 1.731078
2520000 1.330961 -2.626439 1.729007
2530000 1.603761 -2.651175 1.747915
2540000 2.314656 -2.668874 1.793090
2550000 2.127410 -2.517246 1.657653
2560000 3.234624 -2.522343 1.778664
2570000 3.634864 -2.625041 1.667082
2580000 3.798577 -2.599082 1.619606
2590000 3.328314 -2.697615 1.746404
2600000 3.042031 -2.682473 1.883143
2610000 4.466652 -2.710251 1.763199
2620000 4.788441 -2.586631 1.696109
2630000 4.064577 -2.655371 1.697944
2640000 3.887979 -2.663205 1.867638
2650000 4.535415 -2.613968 1.674912
2660000 4.075084 -2.652963 1.705491
2670000 4.781086 -2.593655 1.726934
2680000 3.753874 -2.632382 1.707655
2690000 3.197714 -2.651643 1.888412
2700000 3.260102 -2.644662 1.719817
2710000 2.784901 -2.728635 1.676976
2720000 2.494102 -2.542908 1.613817
2730000 2.313320 -2.547145 1.771594
2740000 2.396432 -2.558171 1.686239
2750000 1.844322 -2.547864 1.813077
2760000 2.577708 -2.550766 1.634540
2770000 2.878491 -2.570944 1.666106
2780000 2.744610 -2.631801 1.842630
2790000 2.495942 -2.695788 1.813163
2800000 1.868862 -2.789156 1.780841
2810000 1.973895 -2.801694 1.631306
2820000 1.777415 -2.649922 1.767927
2830000 1.774860 -2.616773 1.721682
2840000 2.878865 -2.603733 1.667143
2850000 3.239259 -2.605106 1.672381
2860000 3.349250 -2.684411 1.678799
2870000 3.789562 -2.567175 1.662499
2880000 4.211953 -2.644176 1.679922
2890000 4.760479 -2.554812 1.770236
2900000 4.682784 -2.653629 1.839253
2910000 3.907525 -2.605886 1.745288
2920000 3.834535 -2.618334 1.691325
2930000 4.520357 -2.523525 1.778812
2940000 4.646432 -2.599028 1.852097
2950000 5.099451 -2.609067 1.823936
2960000 5.007390 -2.538677 1.797448
2970000 4.263238 -2.503025 1.837952
2980000 4.037577 -2.607372 1.670301
2990000 3.920784 -2.568887 1.719217
3000000 3.360890 -2.765450 1.688733
3010000 3.856000 -2.595614 1.787378
3020000 3.336733 -2.573366 1.776125
3030000 3.201042 -2.635231 1.801013
3040000 2.935531 -2.685988 1.651755
3050000 2.191856 -2.637056 1.794009
3060000 2.638868 -2.683566 1.714441
3070000 2.091490 -2.614064 1.753906
3080000 1.757655 -2.487838 1.619837
3090000 1.765296 -2.523553 1.849916
3100000 2.257369 -2.655673 1.814147
3110000 2.215725 -2.522458 1.667025
3120000 3.090007 -2.672171 1.730065
3130000 2.064203 -2.590103 1.709821
3140000 2.811501 -2.651288 1.714871
3150000 3.302312 -2.686111 1.706900
3160000 2.857178 -2.574133 1.924680
3170000 4.048351 -2.599891 1.643347
3180000 3.565527 -2.579961 1.767389
3190000 4.901880 -2.581191 1.799845
3200000 4.496327 -2.655427 1.812249
3210000 4.409942 -2.536904 1.787580
3220000 4.523572 -2.797152 1.651101
3230000 3.921235 -2.545203 1.819144
3240000 4.302494 -2.637448 1.745379
3250000 4.985361 -2.641454 1.540852
3260000 4.925663 -2.644051 1.685572
3270000 5.012698 -2.665164 1.733557
3280000 5.022537 -2.630654 1.680989
3290000 4.432006 -2.678022 1.801537
3300000 4.755217 -2.611739 1.801895
3310000 3.748408 -2.686375 1.696858
3320000 3.428844 -2.732140 1.760289
3330000 3.618827 -2.645798 1.754224
3340000 4.138275 -2.621886 1.810229
3350000 4.433524 -2.648606 1.887845
3360000 4.298322 -2.641656 1.777998
3370000 3.516816 -2.572515 1.766238
3380000 3.027210 -2.718830 1.702945
3390000 3.301966 -2.525810 1.689210
3400000 3.999803 -2.685733 1.764276
3410000 4.479197 -2.533801 1.682377
3420000 2.643066 -2.634895 1.810158
3430000 2.763437 -2.559961 1.859822
3440000 1.882757 -2.821423 1.783626
3450000 1.875517 -2.752844 1.621575
3460000 1.307059 -2.547003 1.736095
3470000 1.535164 -2.695486 1.763650
3480000 1.761169 -2.621807 1.737928
3490000 1.596244 -2.591598 1.703540
3500000 1.874448 -2.625905 1.731198
3510000 2.426316 -2.637521 1.795585
3520000 2.518767 -2.645293 1.713322
3530000 1.966218 -2.777904 1.623833
3540000 1.334570 -2.640466 1.753489
3550000 0.656286 -2.622943 1.697489
3560000 0.610315 -2.599454 1.745110
3570000 0.758573 -2.647533 1.654766
3580000 0.921335 -2.705006 1.724045
3590000 0.921171 -2.652482 1.740248
3600000 0.958596 -2.573351 1.781247
3610000 1.220356 -2.527912 1.669034
3620000 1.186193 -2.644450 1.758502
3630000 1.602865 -2.613848 1.767825
3640000 1.396930 -2.652029 1.719987
3650000 1.427113 -2.543219 1.783550
3660000 1.480918 -2.450421 1.763087
3670000 1.670447 -2.581141 1.856839
3680000 1.834247 -2.563977 1.749018
3690000 1.998076 -2.634706 1.747394
3700000 1.613724 -2.592507 1.624205
3710000 1.416895 -2.629130 1.691337
3720000 1.611994 -2.714090 1.704086
3730000 1.603884 -2.554675 1.780813
3740000 1.770344 -2.451835 1.783319
3750000 2.298009 -2.593017 1.819363
3760000 2.654138 -2.615937 1.644782
3770000 2.532608 -2.542750 1.616264
3780000 2.929382 -2.692257 1.641359
3790000 2.875789 -2.613576 1.735548
3800000 3.183395 -2.694764 1.776827
3810000 2.764601 -2.704905 1.798706
3820000 3.925039 -2.732480 1.778560
3830000 3.421969 -2.607892 1.780563
3840000 4.684508 -2.672835 1.640744
3850000 3.150081 -2.728226 1.714691
3860000 2.944982 -2.505406 1.755700
3870000 2.959228 -2.691788 1.599017
3880000 2.241586 -2.690165 1.801863
3890000 2.265576 -2.667812 1.743516
3900000 2.009660 -2.587951 1.845507
3910000 2.385051 -2.581966 1.649608
3920000 2.941079 -2.506618 1.835076
3930000 3.590937 -2.452086 1.764598
3940000 4.163966 -2.649513 1.708424
3950000 4.449511 -2.618063 1.818269
3960000 4.471164 -2.799690 1.713986
3970000 4.795651 -2.655321 1.708851
3980000 4.704613 -2.681331 1.847029
3990000 4.821341 -2.734501 1.707963
4000000 4.538035 -2.745817 1.729892
