100000 4.046585 -2.739814 1.236100
110000 3.180905 -2.662063 1.273960
120000 1.855744 -2.764209 1.277290
130000 1.050304 -2.576815 1.275535
140000 1.154632 -2.551626 1.137923
150000 1.020971 -2.606171 1.176540
160000 1.274241 -2.604007 1.111686
170000 1.785652 -2.553758 1.250235
180000 2.090077 -2.539732 1.379221
190000 2.999002 -2.695581 1.177042
200000 3.466680 -2.617671 1.317239
210000 4.658082 -2.718572 1.199379
220000 4.788177 -2.718954 1.265814
230000 4.501077 -2.724805 1.171423
240000 2.702321 -2.626938 1.277749
250000 4.160069 -2.706625 1.348268
260000 4.729425 -2.577118 1.285123
270000 4.065692 -2.629376 1.263651
280000 2.799144 -2.606641 1.157654
290000 1.993234 -2.589382 1.202411
300000 3.235946 -2.665345 1.109026
310000 4.644449 -2.587798 1.160345
320000 3.062343 -2.560302 1.119110
330000 3.492605 -2.678149 1.169532
340000 2.349244 -2.602305 1.252857
350000 1.163283 -2.593062 1.197324
360000 0.799097 -2.639724 1.361163
370000 1.157324 -2.686480 1.267064
380000 1.150265 -2.588773 1.240114
390000 1.840109 -2.563601 1.108970
400000 2.072218 -2.524676 1.196130
410000 2.940562 -2.586330 1.314899
420000 4.313860 -2.696432 1.254334
430000 4.123553 -2.674221 1.275686
440000 4.088081 -2.699139 1.232436
450000 4.808238 -2.560698 1.207059
460000 3.458912 -2.574600 1.192850
470000 2.900066 -2.686859 1.205422
480000 1.938470 -2.700539 1.407129
490000 1.567251 -2.592977 1.186888
500000 1.531529 -2.503767 1.196655
510000 1.807055 -2.670472 1.215132
520000 1.828248 -2.623813 1.216362
530000 1.368233 -2.792429 1.157771
540000 2.503084 -2.604509 1.185524
550000 2.451904 -2.620236 1.252940
560000 1.826743 -2.638369 1.323637
570000 3.012350 -2.651810 1.167590
580000 3.539448 -2.556976 1.038557
590000 4.189019 -2.528681 1.165136
600000 4.328741 -2.583959 1.296095
610000 4.157900 -2.762180 1.316135
620000 3.111869 -2.445624 1.252552
630000 3.279450 -2.638640 1.236375
640000 3.523924 -2.569419 1.270653
650000 4.221483 -2.610336 1.223464
660000 3.652811 -2.631536 1.369237
670000 3.325596 -2.661165 1.111633
680000 2.293370 -2.473856 1.326933
690000 2.798500 -2.641478 1.274508
700000 3.516709 -2.621658 1.235072
710000 3.994217 -2.747693 1.204631
720000 4.412584 -2.579714 1.236324
730000 3.280425 -2.628592 1.367851
740000 4.424684 -2.508009 1.199297
750000 3.936541 -2.615181 1.139333
760000 4.993200 -2.578445 1.132428
770000 4.862476 -2.592469 1.080470
780000 3.961081 -2.531599 1.247356
790000 3.455607 -2.604154 1.259409
800000 3.038671 -2.670055 1.238226
810000 2.332410 -2.640349 1.259529
820000 1.427411 -2.623724 1.282660
830000 0.818957 -2.653030 1.295352
840000 0.539916 -2.702859 1.369809
850000 0.714318 -2.641221 1.289035
860000 0.639765 -2.725893 1.356658
870000 0.884963 -2.726949 1.134825
880000 1.050771 -2.572005 1.243872
890000 1.624625 -2.651483 1.104805
900000 1.955128 -2.515511 1.281672
910000 1.904126 -2.592580 1.172948
920000 1.297175 -2.725036 1.216604
930000 1.514492 -2.633127 1.273662
940000 1.424079 -2.430430 1.174703
950000 2.379568 -2.619491 1.246904
960000 2.841072 -2.662648 1.139175
970000 3.040168 -2.508476 1.170281
980000 3.260533 -2.534009 1.167627
990000 4.328396 -2.636745 1.282784
1000000 3.787647 -2.753099 1.232680
1010000 3.571997 -2.603239 1.206671
1020000 3.973982 -2.539284 1.178160
1030000 5.034008 -2.554191 1.196991
1040000 4.672572 -2.694539 1.225593
1050000 4.532393 -2.532397 1.237413
1060000 4.681688 -2.601333 1.137317
1070000 3.677514 -2.616464 1.251295
1080000 2.914341 -2.637329 1.171255
1090000 2.369282 -2.570626 1.206892
1100000 2.504079 -2.564619 1.301301
1110000 2.007854 -2.607062 1.334004
1120000 1.165907 -2.595997 1.249487
1130000 0.921276 -2.633911 1.274667
1140000 0.875813 -2.651964 1.299259
1150000 1.000548 -2.477415 1.247626
1160000 1.086616 -2.602299 1.224985
1170000 1.232341 -2.558680 1.149516
1180000 0.894139 -2.831177 1.341575
1190000 0.508374 -2.727226 1.349893
1200000 0.697209 -2.664989 1.398807
1210000 0.626723 -2.610381 1.231903
1220000 1.054029 -2.488197 1.220429
1230000 1.404115 -2.649402 1.230104
1240000 1.700819 -2.715795 1.215427
1250000 1.738555 -2.707904 1.095097
1260000 1.650402 -2.569383 1.174718
1270000 1.639334 -2.577964 1.245212
1280000 2.541983 -2.557208 1.130911
1290000 2.740684 -2.688862 1.314565
1300000 3.186536 -2.616325 1.319365
1310000 2.845799 -2.674497 1.159205
1320000 1.974474 -2.536188 1.366464
1330000 1.995942 -2.582617 1.229879
1340000 1.963639 -2.594929 1.247094
1350000 2.540493 -2.542917 1.243346
1360000 2.368214 -2.661712 1.276979
1370000 2.981032 -2.701974 1.171876
1380000 3.730039 -2.642652 1.263555
1390000 4.391500 -2.634601 1.295833
1400000 4.902190 -2.652572 1.226251
1410000 3.678575 -2.515645 1.227461
1420000 3.668759 -2.571539 1.120617
1430000 4.126028 -2.598197 1.236320
1440000 5.069598 -2.689276 1.234278
1450000 4.881965 -2.588076 1.128839
1460000 4.914616 -2.516864 1.183608
1470000 4.869296 -2.516461 1.292556
1480000 4.961123 -2.553944 1.182018
1490000 4.911469 -2.592232 1.258157
1500000 4.921670 -2.645540 1.148217
1510000 4.152032 -2.487248 1.285430
1520000 3.017484 -2.643313 1.172874
1530000 2.484573 -2.479908 1.325681
1540000 3.561625 -2.663221 1.309558
1550000 3.631654 -2.656483 1.281766
1560000 2.805700 -2.582410 1.287577
1570000 2.323318 -2.588888 1.236081
1580000 2.995355 -2.726268 1.236371
1590000 3.269710 -2.683080 1.249964
1600000 4.343349 -2.568144 1.402695
1610000 3.459108 -2.719826 1.194176
1620000 3.989854 -2.691033 1.263657
1630000 4.268295 -2.647797 1.184548
1640000 3.104280 -2.686231 1.156523
1650000 3.298276 -2.771935 1.192813
1660000 4.607855 -2.736764 1.368493
1670000 4.953996 -2.612292 1.291443
1680000 4.607071 -2.568798 1.139207
1690000 4.483530 -2.653689 1.201265
1700000 4.977723 -2.513270 1.248807
1710000 4.156860 -2.578052 1.273816
1720000 4.933889 -2.694038 1.178636
1730000 4.714399 -2.529872 1.190444
1740000 4.481103 -2.648907 1.324904
1750000 4.454845 -2.404214 1.249471
1760000 3.870797 -2.526305 1.138580
1770000 3.055769 -2.718028 1.161979
1780000 2.487157 -2.676033 1.305349
1790000 1.741202 -2.497938 1.265050
1800000 2.285198 -2.584208 1.202570
1810000 2.148333 -2.651390 1.228073
1820000 1.513562 -2.583264 1.098271
1830000 1.401302 -2.672762 1.272724
1840000 1.306606 -2.597179 1.297307
1850000 1.237648 -2.613165 1.196060
1860000 1.540438 -2.639175 1.303570
1870000 1.719737 -2.618347 1.273394
1880000 1.726383 -2.610432 1.257238
1890000 0.865472 -2.699149 1.167663
1900000 0.953130 -2.596525 1.191976
1910000 0.997010 -2.616859 1.252128
1920000 0.841823 -2.635048 1.296532
1930000 1.041137 -2.540366 1.127185
1940000 0.860325 -2.678549 1.327385
1950000 0.785097 -2.654911 1.203504
1960000 0.916474 -2.571095 1.250784
1970000 1.280674 -2.614255 1.260184
1980000 1.331542 -2.531126 1.303336
1990000 1.582602 -2.658686 1.282131
2000000 1.868220 -2.778763 1.138431
2010000 1.835260 -2.745928 1.220222
2020000 2.013254 -2.590641 1.204721
2030000 1.495467 -2.590822 1.335627
2040000 2.787531 -2.508330 1.262344
2050000 3.290588 -2.730276 1.223015
2060000 2.718192 -2.575207 1.171926
2070000 3.006309 -2.677405 1.135554
2080000 3.129871 -2.651622 1.295115
2090000 2.383211 -2.569364 1.225189
2100000 2.336157 -2.643503 1.349907
2110000 2.804464 -2.545424 1.175789
2120000 3.475398 -2.670853 1.110781
2130000 4.208221 -2.762737 1.137027
2140000 4.916989 -2.482625 1.171333
2150000 3.776680 -2.630745 1.237383
2160000 3.793874 -2.592237 1.233360
2170000 2.928797 -2.669682 1.180085
2180000 2.958009 -2.513788 1.173125
2190000 3.989697 -2.639625 1.210075
2200000 3.193689 -2.533132 1.259929
2210000 3.866902 -2.621420 1.216729
2220000 4.940708 -2.551044 1.110924
2230000 4.652013 -2.651805 1.255197
2240000 3.857395 -2.714440 1.339926
2250000 4.338509 -2.667688 1.240148
2260000 4.764753 -2.677174 1.316244
2270000 4.953666 -2.536484 1.230237
2280000 4.403847 -2.768602 1.375955
2290000 4.513922 -2.604151 1.171908
2300000 4.519087 -2.551902 1.131509
2310000 3.993934 -2.741332 1.308494
2320000 3.920994 -2.546139 1.223710
2330000 3.247094 -2.639396 1.113944
2340000 2.416003 -2.728637 1.255640
2350000 2.452053 -2.483009 1.224233
2360000 3.269744 -2.683007 1.270460
2370000 2.873446 -2.654599 1.180665
2380000 2.727271 -2.555463 1.144544
2390000 3.097829 -2.590726 1.098715
2400000 3.637879 -2.640632 1.200373
2410000 4.248053 -2.502117 1.104602
2420000 3.631499 -2.573071 1.186140
2430000 2.793796 -2.521243 1.189348
2440000 3.914593 -2.657605 1.140064
2450000 3.159500 -2.675555 1.252028
2460000 4.231474 -2.649361 1.296979
2470000 3.683172 -2.601436 1.134557
2480000 4.371014 -2.631439 1.127612
2490000 4.321833 -2.439951 1.219061
2500000 4.644005 -2.586247 1.328425
2510000 4.886736 -2.546722 1.236491
2520000 4.279253 -2.696751 1.157865
2530000 4.397139 -2.647987 1.333414
2540000 3.287861 -2.741392 1.226546
2550000 3.745464 -2.653005 1.309616
2560000 3.148752 -2.539411 1.377311
2570000 2.917325 -2.627883 1.317020
2580000 2.227456 -2.662546 1.230725
2590000 2.219181 -2.692645 1.175759
2600000 1.910504 -2.710782 1.088096
2610000 1.506123 -2.626343 1.181036
2620000 2.037410 -2.555108 1.281848
2630000 2.090144 -2.668378 1.260924
2640000 1.361888 -2.569403 1.146674
2650000 1.440791 -2.550624 1.330194
2660000 1.415981 -2.619757 1.251805
2670000 0.704252 -2.712708 1.184579
2680000 0.500428 -2.603238 1.197575
2690000 0.588293 -2.614992 1.243215
2700000 0.783716 -2.641912 1.096514
2710000 1.051651 -2.681074 1.276273
2720000 1.030341 -2.630679 1.225952
2730000 0.853161 -2.577835 1.424081
2740000 1.070130 -2.560133 1.321970
2750000 1.033604 -2.603831 1.301498
2760000 0.825899 -2.637158 1.162078
2770000 1.000583 -2.543884 1.074415
2780000 1.592072 -2.666057 1.296970
2790000 1.434118 -2.512895 1.340785
2800000 1.702411 -2.690529 1.195403
2810000 1.339330 -2.764072 1.340917
2820000 0.979311 -2.732609 1.284303
2830000 0.720388 -2.824204 1.229824
2840000 0.603437 -2.663131 1.271361
2850000 0.496954 -2.576671 1.211694
2860000 0.786746 -2.675471 1.174597
2870000 0.776490 -2.637841 1.217359
2880000 1.168686 -2.501633 1.223421
2890000 1.132219 -2.565021 1.250368
2900000 1.493624 -2.578963 1.262795
2910000 1.928174 -2.631880 1.127643
2920000 2.618382 -2.619307 1.220486
2930000 2.482881 -2.545945 1.196787
2940000 2.683758 -2.470566 1.185248
2950000 2.807252 -2.608580 1.184772
2960000 3.434592 -2.670189 1.124671
2970000 3.953282 -2.558566 1.225890
2980000 2.877301 -2.656826 1.146977
2990000 2.200818 -2.632464 1.149790
3000000 1.946528 -2.548523 1.105821
3010000 1.805688 -2.625064 1.158444
3020000 2.383282 -2.582513 1.269511
3030000 2.603667 -2.616011 1.179907
3040000 3.173482 -2.581791 1.266205
3050000 3.076859 -2.536145 1.165226
3060000 4.065313 -2.646717 1.433725
3070000 4.594465 -2.532138 1.158879
3080000 4.902470 -2.629325 1.341153
3090000 4.396703 -2.569381 1.391514
3100000 3.621584 -2.479881 1.224818
3110000 3.022433 -2.628162 1.231910
3120000 2.742826 -2.688647 1.188754
3130000 2.118434 -2.644853 1.129447
3140000 2.084280 -2.714956 1.066388
3150000 1.953174 -2.686098 1.211626
3160000 1.779854 -2.706448 1.270382
3170000 1.581118 -2.601863 1.224409
3180000 1.695214 -2.569650 1.295590
3190000 1.550879 -2.629615 1.288969
3200000 2.161330 -2.606233 1.295513
3210000 2.648417 -2.538742 1.127958
3220000 3.361570 -2.562978 1.248452
3230000 3.829019 -2.648511 1.311856
3240000 4.669520 -2.530635 1.213541
3250000 4.672238 -2.532298 1.093260
3260000 5.027523 -2.579126 1.121957
3270000 4.739561 -2.461177 1.196409
3280000 4.547077 -2.610534 1.369546
3290000 3.982971 -2.553051 1.289439
3300000 3.424400 -2.532613 1.198859
3310000 2.950502 -2.667445 1.114035
3320000 3.780554 -2.623560 1.174322
3330000 3.687002 -2.603545 1.252523
3340000 4.569583 -2.666385 1.168614
3350000 4.373602 -2.605036 1.180952
3360000 4.940035 -2.604435 1.272551
3370000 4.903761 -2.586366 1.326020
3380000 4.643840 -2.713786 1.359699
3390000 5.040884 -2.637685 1.166003
3400000 4.526850 -2.680448 1.187014
3410000 3.421954 -2.546234 1.245409
3420000 3.987351 -2.641745 1.327021
3430000 3.924768 -2.448373 1.248290
3440000 3.580185 -2.547321 1.149766
3450000 4.361834 -2.637362 1.290711
3460000 4.948817 -2.616229 1.251338
3470000 4.788574 -2.624731 1.218598
3480000 4.273488 -2.646132 1.244220
3490000 4.007904 -2.591306 1.354817
3500000 5.014761 -2.762333 1.172280
3510000 3.725700 -2.749214 1.317041
3520000 4.417167 -2.484266 1.368892
3530000 2.748198 -2.554671 1.257595
3540000 2.293458 -2.712394 1.212745
3550000 2.965781 -2.663568 1.308364
3560000 3.470786 -2.573513 1.225196
3570000 2.515895 -2.656173 1.230977
3580000 2.712520 -2.606748 1.259041
3590000 2.350356 -2.651904 1.295572
3600000 3.164288 -2.640432 1.267814
3610000 3.359846 -2.712610 1.350282
3620000 3.068219 -2.575883 1.303552
3630000 2.389729 -2.726072 1.257373
3640000 2.192487 -2.631875 1.243342
3650000 2.161811 -2.599692 1.143968
3660000 2.351034 -2.540491 1.270392
3670000 2.447175 -2.499769 1.240379
3680000 2.940916 -2.652973 1.301447
3690000 3.420529 -2.616168 1.171520
3700000 3.247237 -2.719532 1.171831
3710000 4.107497 -2.484196 1.360682
3720000 3.284871 -2.650306 1.312008
3730000 3.348911 -2.581716 1.315885
3740000 3.981826 -2.627186 1.257114
3750000 4.638016 -2.537100 1.149846
3760000 4.471611 -2.626762 1.315459
3770000 4.056019 -2.538606 1.192349
3780000 4.803501 -2.593942 1.220311
3790000 4.750895 -2.596280 1.238248
3800000 4.741396 -2.681596 1.198458
3810000 3.851129 -2.620469 1.211903
3820000 3.903989 -2.617096 1.172667
3830000 3.314790 -2.600156 1.239285
3840000 4.295412 -2.565235 1.209910
3850000 3.471917 -2.580469 1.173461
3860000 3.849921 -2.622968 1.274665
3870000 3.840757 -2.613365 1.230270
3880000 3.909009 -2.625840 1.159027
3890000 2.701907 -2.644164 1.049615
3900000 3.085022 -2.786740 1.218057
3910000 1.965428 -2.646609 1.253340
3920000 1.538293 -2.559933 1.235492
3930000 1.398507 -2.676776 1.257051
3940000 1.456578 -2.620363 1.210436
3950000 1.321057 -2.570811 1.171937
3960000 1.290689 -2.546892 1.297976
3970000 1.598645 -2.635278 1.069588
3980000 2.175442 -2.541927 1.115574
3990000 1.688731 -2.490256 1.201413
4000000 1.909678 -2.564382 1.186710
