100000 1.329311 2.589538 0.998916
110000 2.584734 2.603204 1.129800
120000 4.032767 2.695836 1.082252
130000 2.944974 2.667907 0.987251
140000 4.857794 2.539864 1.045716
150000 4.186124 2.549488 1.029801
160000 3.041981 2.580877 1.212479
170000 3.460956 2.543267 1.092723
180000 4.906586 2.644614 1.114012
190000 4.361181 2.586824 0.965265
200000 4.966236 2.570592 1.072007
210000 4.224393 2.664579 0.969661
220000 3.283784 2.564919 1.119099
230000 2.573328 2.584013 1.062724
240000 2.143892 2.694177 0.970954
250000 2.615712 2.615562 0.946475
260000 3.554133 2.705229 1.136525
270000 3.266902 2.691968 1.015855
280000 2.436445 2.742878 0.917483
290000 2.180449 2.735853 1.019067
300000 1.996123 2.564442 1.090197
310000 2.140798 2.694483 1.011651
320000 4.049585 2.495215 0.993971
330000 4.647151 2.682968 1.110020
340000 4.459241 2.674487 0.891849
350000 4.545736 2.564172 0.934915
360000 3.182113 2.500884 1.008514
370000 3.826963 2.537149 1.092854
380000 4.749883 2.686757 1.060277
390000 4.006468 2.602130 0.960658
400000 2.930588 2.569811 1.109310
410000 3.524874 2.455872 1.201738
420000 4.636581 2.698819 1.149017
430000 3.713209 2.613861 0.993306
440000 4.676905 2.581208 1.136264
450000 4.097502 2.425566 1.130986
460000 3.429595 2.652467 1.038484
470000 3.463233 2.547950 1.144977
480000 2.374440 2.476361 0.898221
490000 2.965007 2.610509 1.096736
500000 1.894588 2.601867 1.031345
510000 1.481457 2.646816 1.206516
520000 2.206212 2.644001 1.084930
530000 1.827223 2.559900 1.214698
540000 1.429357 2.606115 1.023886
550000 1.319854 2.776631 0.947828
560000 1.553752 2.702229 1.053160
570000 2.107025 2.622762 0.958366
580000 2.653491 2.649838 0.903505
590000 3.102394 2.591837 0.997388
600000 2.605451 2.582716 1.091187
610000 2.510793 2.621881 1.043328
620000 2.107234 2.568866 1.042877
630000 2.153155 2.558141 0.932268
640000 2.197518 2.585866 1.028060
650000 1.516929 2.617963 1.137057
660000 1.123398 2.683744 0.997579
670000 0.807726 2.654808 1.104167
680000 0.774545 2.673334 1.154362
690000 1.244396 2.563155 1.020612
700000 1.720192 2.776875 1.065864
710000 1.192601 2.627453 0.971105
720000 1.535264 2.617547 1.081808
730000 1.535726 2.561153 1.089754
740000 1.064021 2.555618 1.003371
750000 1.342787 2.572800 1.045610
760000 1.025614 2.714087 0.880472
770000 1.173221 2.535205 0.881581
780000 1.496781 2.652023 1.080135
790000 1.927624 2.480398 1.097732
800000 1.635513 2.647308 1.025674
810000 2.703086 2.606235 1.100925
820000 3.825089 2.465349 1.028437
830000 5.047550 2.665370 1.035781
840000 4.977559 2.544503 1.014959
850000 4.974963 2.756738 1.065197
860000 4.094323 2.573725 1.073816
870000 4.459356 2.596404 0.981257
880000 4.379364 2.513875 0.939016
890000 3.334000 2.579081 1.142966
900000 3.074712 2.519457 1.115528
910000 3.531032 2.558832 1.062955
920000 2.075236 2.683131 1.010529
930000 2.359183 2.549328 1.011577
940000 3.117685 2.517423 0.977491
950000 4.971914 2.642978 0.935404
960000 3.773119 2.672151 1.110019
970000 4.630682 2.557980 1.083944
980000 3.869684 2.596407 0.946282
990000 4.424775 2.550784 1.063817
1000000 3.584246 2.719779 1.016992
1010000 2.872382 2.576187 1.171304
1020000 3.490466 2.606645 1.111209
1030000 2.579988 2.556479 1.092118
1040000 3.247952 2.552133 1.053489
1050000 2.623908 2.621236 1.083675
1060000 2.275437 2.594816 1.163501
1070000 3.196612 2.648998 1.038099
1080000 4.222242 2.624203 0.967443
1090000 4.921414 2.634264 1.184960
1100000 5.000661 2.725413 0.959936
1110000 4.546211 2.543041 0.956537
1120000 4.741588 2.658722 1.082947
1130000 4.181455 2.734053 1.034814
1140000 3.821689 2.710359 1.106201
1150000 4.420109 2.610203 1.205929
1160000 3.294910 2.620235 1.044542
1170000 3.192842 2.583858 0.917375
1180000 3.566049 2.579203 1.075632
1190000 4.369529 2.574176 1.086692
1200000 4.024198 2.687493 1.111139
1210000 4.371888 2.613568 0.955287
1220000 3.291222 2.641918 1.131883
1230000 3.977326 2.473318 1.026889
1240000 3.408738 2.631063 1.127885
1250000 2.165910 2.565446 1.134572
1260000 2.951186 2.549048 1.075922
1270000 3.279274 2.686940 1.053598
1280000 2.937287 2.708076 1.025520
1290000 1.939966 2.562403 0.904995
1300000 1.793709 2.741795 0.992983
1310000 1.576594 2.599457 0.913196
1320000 1.898852 2.651153 1.022339
1330000 2.296464 2.560049 1.016724
1340000 1.771545 2.614093 1.156408
1350000 1.552346 2.614743 0.931286
1360000 2.247214 2.689884 1.135652
1370000 2.130396 2.623262 1.062020
1380000 2.177448 2.589753 1.147398
1390000 3.099244 2.605676 1.155858
1400000 2.518456 2.552417 1.140125
1410000 3.453158 2.652045 1.010253
1420000 2.324669 2.625698 1.031932
1430000 2.665473 2.616334 0.966852
1440000 3.020766 2.508043 0.960701
1450000 3.459539 2.752724 1.124261
1460000 4.695027 2.633220 1.132700
1470000 4.516382 2.587048 1.112201
1480000 5.054245 2.645836 1.108382
1490000 5.005735 2.609666 1.088485
1500000 4.498898 2.690612 1.060732
1510000 4.328523 2.642744 1.042568
1520000 4.502110 2.670153 1.106488
1530000 3.988916 2.541066 1.139879
1540000 4.467458 2.550874 1.020933
1550000 4.177001 2.613548 1.085198
1560000 4.874726 2.605313 1.052066
1570000 4.203997 2.651199 0.928606
1580000 3.757168 2.664489 1.112421
1590000 3.173586 2.534163 1.036074
1600000 3.151674 2.678350 0.933187
1610000 3.882164 2.652051 1.105729
1620000 3.375721 2.526191 0.980369
1630000 2.933389 2.693109 1.068493
1640000 1.381380 2.620730 1.002896
1650000 1.430387 2.610007 0.923743
1660000 1.122428 2.617655 1.163183
1670000 1.286093 2.719204 1.015483
1680000 0.820322 2.534130 1.090465
1690000 0.952440 2.697631 1.041328
1700000 0.534053 2.768433 1.028150
1710000 0.776802 2.555621 1.073018
1720000 0.529508 2.766970 0.968918
1730000 0.644008 2.662193 1.024195
1740000 0.982495 2.654094 0.977279
1750000 0.745602 2.620081 0.991060
1760000 0.941786 2.627279 1.049153
1770000 0.776443 2.675767 0.978383
1780000 0.653929 2.701750 1.056190
1790000 0.718538 2.654488 0.909598
1800000 0.951723 2.656571 1.007035
1810000 0.969554 2.635520 1.114185
1820000 0.626507 2.677679 1.172356
1830000 1.101445 2.647567 1.045128
1840000 0.878426 2.592957 1.148494
1850000 1.173493 2.772239 1.051394
1860000 1.535569 2.799624 0.978340
1870000 1.622475 2.746479 1.177280
1880000 1.726264 2.523061 1.069157
1890000 1.337225 2.683778 0.976256
1900000 1.246632 2.798007 1.121324
1910000 1.450191 2.602204 0.988918
1920000 1.848459 2.595404 1.035804
1930000 2.236056 2.531292 0.992601
1940000 2.218633 2.654060 1.162400
1950000 2.341359 2.611197 1.026547
1960000 2.130493 2.623656 1.070633
1970000 2.644040 2.628243 1.168218
1980000 3.335592 2.635017 1.090016
1990000 5.042989 2.514394 1.020461
2000000 4.596053 2.727930 1.123533
2010000 4.123509 2.723105 1.185416
2020000 3.254709 2.614963 1.115467
2030000 2.744051 2.508868 1.021894
2040000 3.397061 2.551352 1.066414
2050000 3.481934 2.675439 0.970120
2060000 4.609648 2.721650 1.194114
2070000 4.067148 2.581872 1.202562
2080000 4.262737 2.492511 1.117444
2090000 4.274168 2.621392 1.035925
2100000 5.039815 2.554672 1.086100
2110000 4.408937 2.633029 1.006675
2120000 4.901011 2.624871 0.995923
2130000 4.887606 2.653894 1.006575
2140000 5.003887 2.558939 0.994403
2150000 3.959319 2.542370 1.119440
2160000 3.261249 2.737613 1.135170
2170000 3.492949 2.721635 1.058855
2180000 2.377075 2.532740 1.169289
2190000 2.102952 2.504851 1.025897
2200000 2.653178 2.501226 1.070961
2210000 2.570306 2.656218 0.931975
2220000 2.510506 2.730793 0.974424
2230000 3.072274 2.685464 1.064997
2240000 3.087729 2.617327 1.048548
2250000 2.868846 2.573315 1.222905
2260000 4.097138 2.555208 1.116677
2270000 4.148010 2.670385 1.009385
2280000 4.504305 2.672943 1.070578
2290000 3.915205 2.560095 0.988537
2300000 3.341661 2.569758 1.011511
2310000 4.069096 2.667562 0.967919
2320000 4.256141 2.672046 1.033422
2330000 4.565907 2.668137 0.994969
2340000 5.053223 2.678427 1.049750
2350000 4.925658 2.541820 1.039718
2360000 4.448196 2.660280 1.071052
2370000 4.363893 2.682022 1.033351
2380000 3.070184 2.694256 1.167204
2390000 3.022596 2.571787 1.046535
2400000 3.199372 2.550966 1.040560
2410000 2.593681 2.529926 1.141486
2420000 2.628100 2.578956 1.013752
2430000 2.199459 2.613503 1.001570
2440000 1.787156 2.649328 1.081370
2450000 1.581823 2.577864 1.072651
2460000 1.241913 2.770561 1.019403
2470000 1.128099 2.643364 1.056254
2480000 1.174415 2.512112 0.945511
2490000 1.132038 2.683602 0.962349
2500000 1.535880 2.501909 1.051300
2510000 1.570237 2.467551 1.016059
2520000 1.437495 2.509773 0.938209
2530000 1.024103 2.584289 0.966463
2540000 1.010330 2.728502 1.113642
2550000 1.158809 2.622635 1.100453
2560000 1.851418 2.509997 0.935481
2570000 1.829808 2.711756 1.113235
2580000 2.333602 2.566748 0.975735
2590000 2.202322 2.609525 1.187817
2600000 2.715338 2.660426 1.158450
2610000 4.342768 2.573351 1.077763
2620000 4.897888 2.558625 1.072525
2630000 4.391867 2.526516 1.009754
2640000 3.614693 2.610674 0.924788
2650000 2.767360 2.681300 1.202356
2660000 3.647314 2.553118 1.035010
2670000 4.063702 2.535959 0.958853
2680000 3.829100 2.550450 1.024021
2690000 2.521387 2.514481 1.092917
2700000 3.628343 2.698352 1.071002
2710000 3.735610 2.661050 1.086404
2720000 3.153209 2.637060 1.097053
2730000 4.473730 2.665021 1.095432
2740000 4.444165 2.533468 1.093872
2750000 4.942069 2.563994 0.960229
2760000 4.948271 2.596688 0.977753
2770000 4.393342 2.783250 0.918839
2780000 3.553011 2.605356 1.082275
2790000 4.107396 2.697155 0.911517
2800000 3.711418 2.620697 1.041216
2810000 4.203188 2.579910 1.063039
2820000 4.145647 2.671711 1.019961
2830000 4.706638 2.584436 1.040509
2840000 4.454576 2.538479 1.080754
2850000 4.885263 2.678376 1.079010
2860000 4.707161 2.651560 1.089924
2870000 4.324638 2.582944 1.182801
2880000 3.624872 2.567998 1.070052
2890000 3.077930 2.631219 1.069796
2900000 2.415780 2.506202 1.098698
2910000 2.124400 2.567977 1.058043
2920000 1.950164 2.672984 1.106947
2930000 2.382372 2.547754 1.040581
2940000 2.456001 2.699990 1.027406
2950000 2.315285 2.776557 1.019460
2960000 2.140516 2.575501 1.139960
2970000 2.338575 2.493170 0.998039
2980000 1.730332 2.654437 1.107517
2990000 1.872208 2.591853 1.167559
3000000 1.580117 2.725102 1.114924
3010000 1.612966 2.544881 1.093570
3020000 1.403746 2.673474 1.094620
3030000 1.243750 2.639705 1.094839
3040000 1.813183 2.575119 0.991562
3050000 1.638244 2.746518 1.078823
3060000 1.646743 2.564890 1.073654
3070000 1.057783 2.568723 0.948391
3080000 0.921885 2.622971 1.010312
3090000 0.933995 2.658021 1.097842
3100000 1.280243 2.620884 1.076621
3110000 1.376688 2.694234 1.005119
3120000 1.373217 2.598160 1.175425
3130000 1.413380 2.584957 1.098426
3140000 1.559526 2.576572 1.106809
3150000 1.801206 2.551531 1.094622
3160000 1.770168 2.613217 1.058117
3170000 2.178821 2.601160 1.017720
3180000 2.187590 2.533041 0.972812
3190000 2.614482 2.612087 1.001682
3200000 3.719439 2.524720 0.923074
3210000 3.094925 2.703522 1.081474
3220000 3.659707 2.532208 1.099864
3230000 3.301536 2.602084 1.113958
3240000 3.843057 2.665652 0.998960
3250000 4.440923 2.635650 1.045475
3260000 4.478928 2.669912 1.065564
3270000 3.997993 2.645406 1.062072
3280000 2.778339 2.734358 0.967229
3290000 2.934787 2.574462 0.953507
3300000 4.406360 2.608620 1.050501
3310000 3.635698 2.578527 1.054320
3320000 3.450696 2.607792 0.880674
3330000 3.270767 2.586085 1.062162
3340000 3.289006 2.519223 1.023635
3350000 4.175950 2.829279 1.049911
3360000 4.948106 2.546873 0.960305
3370000 4.414120 2.537588 1.009001
3380000 4.830488 2.619701 1.074659
3390000 4.222793 2.625986 1.081152
3400000 4.181939 2.644891 1.101086
3410000 4.871822 2.466424 1.031632
3420000 4.068350 2.583458 0.882462
3430000 3.998468 2.491186 1.065894
3440000 3.728411 2.558532 1.038192
3450000 3.457286 2.637826 1.033161
3460000 2.633604 2.616856 1.053173
3470000 2.592572 2.592002 1.000965
3480000 1.936073 2.571487 1.111557
3490000 1.906992 2.429519 1.091784
3500000 2.082770 2.723068 1.026279
3510000 2.394119 2.681657 1.050159
3520000 2.960992 2.637524 1.026539
3530000 3.379754 2.494782 1.024129
3540000 2.938488 2.608157 1.047419
3550000 3.778932 2.612284 1.051620
3560000 3.942277 2.699051 1.073629
3570000 3.171772 2.605209 1.142913
3580000 3.673176 2.679653 1.140159
3590000 3.020305 2.609811 1.084887
3600000 2.865044 2.683091 0.986956
3610000 2.723717 2.631244 1.098470
3620000 2.663391 2.632393 0.978476
3630000 2.236805 2.620635 1.012898
3640000 2.972531 2.571287 0.994531
3650000 3.350128 2.797062 1.072554
3660000 2.711008 2.711157 0.936828
3670000 2.312118 2.640925 1.080568
3680000 2.381860 2.531563 1.032493
3690000 2.115091 2.702929 0.970636
3700000 1.873892 2.771960 0.986773
3710000 2.111606 2.538684 1.070515
3720000 1.744849 2.569892 1.089702
3730000 1.180192 2.718426 1.092131
3740000 0.759826 2.704663 1.083484
3750000 0.717230 2.693442 1.026469
3760000 0.970818 2.606546 1.078397
3770000 1.107141 2.681256 1.036306
3780000 1.138479 2.565826 0.957785
3790000 0.830912 2.681998 1.123323
3800000 0.740403 2.678188 0.985808
3810000 0.787762 2.572096 0.931679
3820000 0.590685 2.608243 1.073023
3830000 0.652766 2.696497 0.950331
3840000 0.936667 2.590670 1.073451
3850000 1.246175 2.702361 1.066487
3860000 1.075526 2.648336 1.036563
3870000 1.275161 2.652497 1.145139
3880000 0.998053 2.658852 1.067049
3890000 1.076722 2.515184 1.037644
3900000 1.188942 2.559384 0.925682
3910000 1.452773 2.609035 1.043065
3920000 1.430352 2.583362 0.947156
3930000 1.503202 2.670435 1.161879
3940000 1.480235 2.529040 0.969544
3950000 1.476226 2.599946 1.029775
3960000 1.434275 2.681597 1.076469
3970000 1.278559 2.618627 1.038845
3980000 1.246012 2.539014 1.141514
3990000 1.185798 2.662092 1.031684
4000000 1.028829 2.769644 1.107672
