100000 3.150157 -2.620458 0.587714
110000 3.118449 -2.631235 0.611759
120000 4.257764 -2.533265 0.893791
130000 4.048734 -2.670961 0.690512
140000 4.965675 -2.651066 0.708876
150000 4.522993 -2.648141 0.799379
160000 3.763921 -2.615401 0.650916
170000 3.985197 -2.635330 0.625615
180000 3.467018 -2.721134 0.750676
190000 4.870575 -2.535955 0.721737
200000 2.652196 -2.646625 0.711829
210000 1.953277 -2.541802 0.690009
220000 1.994800 -2.645607 0.698059
230000 3.243518 -2.510289 0.646812
240000 4.358821 -2.506361 0.606448
250000 4.134047 -2.587822 0.810514
260000 3.052648 -2.734757 0.627754
270000 2.888751 -2.618329 0.869863
280000 1.362911 -2.661317 0.674140
290000 1.233033 -2.593388 0.687864
300000 1.325649 -2.686690 0.692348
310000 1.550387 -2.556741 0.731264
320000 1.556953 -2.625799 0.630301
330000 2.291127 -2.615760 0.632840
340000 2.344875 -2.620750 0.587097
350000 3.006994 -2.567286 0.786751
360000 3.813923 -2.642003 0.645971
370000 3.262644 -2.667861 0.797717
380000 4.040141 -2.554240 0.754104
390000 4.245103 -2.612335 0.740378
400000 3.375329 -2.580313 0.696161
410000 3.243079 -2.547244 0.579175
420000 2.531206 -2.696720 0.721880
430000 2.553873 -2.481728 0.595521
440000 1.913861 -2.630508 0.684394
450000 1.859973 -2.611669 0.740697
460000 1.037620 -2.663213 0.761019
470000 1.350418 -2.625293 0.743420
480000 1.626573 -2.681634 0.722545
490000 2.182682 -2.666080 0.677225
500000 1.663601 -2.622065 0.692907
510000 2.228022 -2.458421 0.507088
520000 2.788490 -2.545272 0.767046
530000 1.840933 -2.540376 0.680726
540000 0.952432 -2.689140 0.727267
550000 1.263583 -2.497157 0.619187
560000 0.713956 -2.737751 0.764106
570000 0.665657 -2.654148 0.724391
580000 1.288777 -2.656615 0.686492
590000 1.245543 -2.579141 0.709307
600000 1.508291 -2.557026 0.686317
610000 0.983669 -2.539674 0.755474
620000 0.535044 -2.566054 0.568546
630000 1.264407 -2.520171 0.746691
640000 2.173914 -2.612015 0.717770
650000 3.203621 -2.489671 0.599580
660000 3.837428 -2.636127 0.741843
670000 4.953932 -2.660505 0.730956
680000 4.877951 -2.709140 0.693162
690000 4.015687 -2.634227 0.707259
700000 4.950957 -2.617386 0.682033
710000 4.090228 -2.595824 0.575118
720000 4.180019 -2.636420 0.673070
730000 3.525648 -2.588383 0.813991
740000 3.089832 -2.621898 0.750586
750000 3.423203 -2.616179 0.664056
760000 3.517213 -2.641931 0.638862
770000 2.666313 -2.564761 0.814640
780000 2.457649 -2.636893 0.707377
790000 2.659619 -2.598433 0.689042
800000 3.149299 -2.676160 0.631464
810000 3.493612 -2.665565 0.671689
820000 3.244376 -2.561373 0.819845
830000 4.912232 -2.683320 0.628237
840000 4.741636 -2.680005 0.672463
850000 4.720810 -2.565954 0.866988
860000 4.390618 -2.530652 0.674087
870000 5.098928 -2.703373 0.739041
880000 3.920572 -2.634050 0.591289
890000 4.031514 -2.507483 0.768249
900000 3.118785 -2.506679 0.660063
910000 2.351504 -2.546308 0.809145
920000 2.457096 -2.593429 0.866737
930000 3.102408 -2.554746 0.586596
940000 3.435002 -2.565245 0.581906
950000 3.003697 -2.631706 0.680453
960000 2.756123 -2.700074 0.745736
970000 2.019524 -2.557338 0.655128
980000 1.620645 -2.512774 0.744025
990000 1.542522 -2.503499 0.596128
1000000 1.450267 -2.628120 0.800379
1010000 1.204689 -2.672719 0.591471
1020000 0.928642 -2.617502 0.759577
1030000 0.749779 -2.592053 0.737109
1040000 1.109790 -2.622332 0.773561
1050000 0.739962 -2.531466 0.705937
1060000 0.690432 -2.518483 0.732777
1070000 0.892074 -2.655217 0.753865
1080000 1.367077 -2.571404 0.714955
1090000 1.336949 -2.707013 0.664626
1100000 1.100996 -2.599434 0.675775
1110000 0.681142 -2.671271 0.653185
1120000 0.724247 -2.582388 0.711702
1130000 0.917743 -2.605466 0.679384
1140000 0.502391 -2.739414 0.778631
1150000 1.178220 -2.646831 0.745231
1160000 1.861263 -2.575416 0.681906
1170000 2.236053 -2.574133 0.628281
1180000 2.647096 -2.666031 0.837386
1190000 2.002816 -2.604316 0.600111
1200000 1.912818 -2.527107 0.682117
1210000 2.963153 -2.652154 0.716957
1220000 3.881316 -2.720494 0.753856
1230000 4.437958 -2.618949 0.614524
1240000 3.853226 -2.606696 0.703544
1250000 4.123184 -2.539959 0.603619
1260000 3.989814 -2.702135 0.667315
1270000 4.557753 -2.669406 0.800105
1280000 3.830396 -2.544413 0.625105
1290000 3.692287 -2.643230 0.756521
1300000 2.600367 -2.727030 0.662927
1310000 3.303634 -2.599774 0.657310
1320000 4.426819 -2.523366 0.728889
1330000 4.838089 -2.589034 0.695916
1340000 4.919296 -2.600312 0.762061
1350000 3.982198 -2.625097 0.769899
1360000 4.051983 -2.703828 0.703943
1370000 4.263161 -2.528011 0.675525
1380000 4.470219 -2.594923 0.704013
1390000 4.609513 -2.606526 0.761763
1400000 3.109144 -2.555033 0.772253
1410000 2.664509 -2.490096 0.643651
1420000 1.649679 -2.669038 0.681220
1430000 2.095188 -2.558460 0.698610
1440000 1.830770 -2.618212 0.718269
1450000 2.484104 -2.633266 0.592886
1460000 3.377072 -2.625195 0.584210
1470000 3.934172 -2.589813 0.822763
1480000 3.488827 -2.649083 0.464843
1490000 2.658100 -2.420481 0.800627
1500000 2.047019 -2.568940 0.699717
1510000 1.804237 -2.671865 0.668487
1520000 1.908194 -2.619414 0.570136
1530000 1.677079 -2.546181 0.712140
1540000 1.609458 -2.631312 0.655397
1550000 1.309195 -2.623180 0.788891
1560000 1.324217 -2.488523 0.691552
1570000 2.168419 -2.565531 0.672013
1580000 2.702587 -2.489508 0.683069
1590000 2.711523 -2.565046 0.703865
1600000 3.167535 -2.612373 0.738979
1610000 3.958094 -2.660812 0.681525
1620000 3.972818 -2.584587 0.727331
1630000 3.078945 -2.604845 0.645870
1640000 3.840032 -2.696109 0.702354
1650000 2.218590 -2.724366 0.676253
1660000 2.350700 -2.550823 0.616277
1670000 1.697134 -2.570805 0.565538
1680000 1.763503 -2.676940 0.625707
1690000 1.603192 -2.671190 0.623871
1700000 1.148377 -2.734948 0.738271
1710000 0.972806 -2.638860 0.790333
1720000 0.893335 -2.779759 0.801409
1730000 0.830030 -2.670152 0.721846
1740000 1.380050 -2.565876 0.481993
1750000 0.942457 -2.701567 0.595134
1760000 1.002781 -2.590851 0.684683
1770000 1.187632 -2.626785 0.686327
1780000 0.609683 -2.822560 0.697844
1790000 0.498069 -2.544065 0.873466
1800000 0.799549 -2.656346 0.691331
1810000 0.894209 -2.648926 0.620176
1820000 0.919190 -2.575436 0.683497
1830000 1.567765 -2.543008 0.814546
1840000 1.296712 -2.589325 0.655268
1850000 2.433758 -2.596099 0.652556
1860000 2.052404 -2.717794 0.702119
1870000 2.297479 -2.722275 0.667696
1880000 1.735291 -2.538404 0.716491
1890000 1.856095 -2.508309 0.706397
1900000 1.548153 -2.604647 0.721450
1910000 1.982513 -2.615501 0.737516
1920000 1.827754 -2.615945 0.709493
1930000 2.741717 -2.618948 0.750848
1940000 3.329311 -2.597556 0.776144
1950000 3.377988 -2.540313 0.561414
1960000 3.113774 -2.664554 0.704232
1970000 2.712289 -2.617239 0.741671
1980000 4.185844 -2.587701 0.653472
1990000 4.191259 -2.574216 0.651887
2000000 5.031453 -2.597614 0.643894
2010000 5.042138 -2.555259 0.790238
2020000 5.026727 -2.619057 0.793244
2030000 4.041038 -2.558557 0.660119
2040000 4.743918 -2.580076 0.688876
2050000 3.869990 -2.628548 0.709273
2060000 4.353291 -2.594763 0.764236
2070000 3.958636 -2.559649 0.835145
2080000 3.410388 -2.605705 0.834434
2090000 3.617608 -2.558857 0.815740
2100000 4.300937 -2.549596 0.650203
2110000 5.008607 -2.544168 0.758543
2120000 4.656774 -2.579853 0.698858
2130000 4.847062 -2.576082 0.685028
2140000 4.768793 -2.589174 0.614554
2150000 3.917571 -2.624916 0.767470
2160000 3.610208 -2.640012 0.803521
2170000 3.652279 -2.542022 0.695541
2180000 2.987930 -2.536279 0.786144
2190000 3.067237 -2.533247 0.677933
2200000 2.232177 -2.668231 0.693910
2210000 3.264352 -2.520622 0.672890
2220000 3.302225 -2.578089 0.713198
2230000 3.287902 -2.714979 0.780964
2240000 2.335617 -2.697354 0.752220
2250000 2.628722 -2.494768 0.719755
2260000 2.378332 -2.549372 0.633979
2270000 3.811922 -2.548436 0.741616
2280000 4.490239 -2.734679 0.601374
2290000 4.843946 -2.524913 0.668793
2300000 5.021088 -2.547824 0.638178
2310000 4.840409 -2.657800 0.584159
2320000 4.521306 -2.631975 0.788660
2330000 3.987470 -2.639256 0.737542
2340000 3.673373 -2.595319 0.577360
2350000 2.650973 -2.678055 0.753206
2360000 2.247858 -2.535695 0.816323
2370000 2.121367 -2.538811 0.672390
2380000 3.360452 -2.576705 0.691912
2390000 3.949887 -2.612668 0.743912
2400000 4.342146 -2.617071 0.724821
2410000 4.744651 -2.690430 0.585596
2420000 4.607736 -2.769283 0.620485
2430000 3.334737 -2.599584 0.685760
2440000 4.512582 -2.541642 0.745669
2450000 4.884981 -2.686063 0.569155
2460000 4.236479 -2.629365 0.802127
2470000 4.390451 -2.623761 0.645256
2480000 3.274233 -2.667871 0.681406
2490000 3.560516 -2.498940 0.683947
2500000 2.855819 -2.552180 0.725707
2510000 2.893862 -2.560349 0.718069
2520000 2.723473 -2.708915 0.757188
2530000 2.611022 -2.604310 0.697974
2540000 3.577860 -2.741286 0.679630
2550000 3.048076 -2.631872 0.586984
2560000 2.760006 -2.687546 0.765931
2570000 2.547791 -2.694114 0.698312
2580000 2.008730 -2.727896 0.727422
2590000 1.915337 -2.701568 0.645260
2600000 2.158277 -2.522684 0.760212
2610000 2.199181 -2.634109 0.673270
2620000 3.155123 -2.516898 0.640179
2630000 3.331775 -2.613557 0.744473
2640000 4.477353 -2.529773 0.621948
2650000 3.979732 -2.628892 0.663712
2660000 4.234892 -2.573271 0.761093
2670000 4.147335 -2.650039 0.733989
2680000 4.394050 -2.607621 0.679123
2690000 5.008995 -2.534834 0.678375
2700000 3.664123 -2.519618 0.710089
2710000 3.971286 -2.513385 0.788522
2720000 3.326512 -2.761617 0.792927
2730000 2.701070 -2.717079 0.739709
2740000 2.918750 -2.554551 0.721399
2750000 2.711832 -2.407548 0.696245
2760000 3.284944 -2.671939 0.683508
2770000 2.959161 -2.524179 0.740396
2780000 3.286172 -2.576507 0.833492
2790000 2.284166 -2.678608 0.750479
2800000 1.872628 -2.666228 0.638710
2810000 1.991057 -2.583587 0.650937
2820000 1.462281 -2.616715 0.708359
2830000 0.986779 -2.569609 0.638508
2840000 1.352993 -2.657343 0.706595
2850000 0.999611 -2.515642 0.823424
2860000 0.906331 -2.406507 0.636929
2870000 0.942054 -2.533987 0.572246
2880000 0.962552 -2.633435 0.620627
2890000 1.217522 -2.722988 0.733831
2900000 1.317065 -2.589227 0.746245
2910000 1.448917 -2.537263 0.613924
2920000 1.380014 -2.624696 0.546403
2930000 1.569567 -2.506452 0.756027
2940000 1.373494 -2.551028 0.824141
2950000 1.586643 -2.569866 0.768393
2960000 1.981878 -2.657465 0.741418
2970000 1.814768 -2.598291 0.536791
2980000 1.856781 -2.644324 0.703805
2990000 2.371890 -2.565182 0.626853
3000000 2.240514 -2.582360 0.650752
3010000 2.436904 -2.629333 0.708139
3020000 2.230575 -2.777274 0.526595
3030000 1.707133 -2.569770 0.621803
3040000 2.312740 -2.650617 0.664539
3050000 1.853191 -2.588650 0.665542
3060000 2.182669 -2.584636 0.571729
3070000 2.696769 -2.603975 0.725550
3080000 3.823002 -2.639261 0.671106
3090000 4.632311 -2.551225 0.763847
3100000 3.821760 -2.540991 0.561960
3110000 3.683155 -2.659308 0.618868
3120000 3.473605 -2.663970 0.683109
3130000 4.702566 -2.667053 0.621861
3140000 4.388278 -2.608586 0.739220
3150000 4.641235 -2.634162 0.668417
3160000 4.486199 -2.660283 0.678906
3170000 5.024137 -2.506929 0.683741
3180000 5.050672 -2.764852 0.676720
3190000 4.462699 -2.643490 0.673267
3200000 3.911068 -2.622550 0.601360
3210000 4.568645 -2.592270 0.728841
3220000 4.464744 -2.650154 0.709752
3230000 3.476274 -2.662362 0.652692
3240000 3.403988 -2.569415 0.819731
3250000 3.070797 -2.631348 0.621694
3260000 3.233086 -2.637474 0.673461
3270000 3.071397 -2.596939 0.800821
3280000 3.398190 -2.605534 0.792125
3290000 3.363704 -2.604888 0.693062
3300000 4.095116 -2.705257 0.763030
3310000 4.707165 -2.672913 0.846123
3320000 4.175293 -2.611437 0.651536
3330000 3.534818 -2.486877 0.656603
3340000 3.758852 -2.574708 0.813411
3350000 3.489215 -2.686635 0.690956
3360000 3.765789 -2.650421 0.738651
3370000 4.572363 -2.544043 0.618269
3380000 4.117280 -2.681006 0.639712
3390000 4.399203 -2.708209 0.889507
3400000 4.489844 -2.674353 0.719256
3410000 3.571682 -2.613143 0.620551
3420000 4.150937 -2.545844 0.924613
3430000 2.824938 -2.583489 0.826273
3440000 3.200515 -2.577729 0.758386
3450000 3.544442 -2.608835 0.796944
3460000 4.659854 -2.569704 0.568506
3470000 4.128219 -2.598998 0.689347
3480000 3.711819 -2.434596 0.727212
3490000 2.821575 -2.554319 0.674543
3500000 2.438721 -2.508367 0.685829
3510000 1.815940 -2.669106 0.600721
3520000 1.529876 -2.636987 0.648890
3530000 1.635415 -2.551783 0.577637
3540000 1.627245 -2.744156 0.737287
3550000 1.030566 -2.623164 0.689386
3560000 1.013971 -2.687240 0.762811
3570000 0.770751 -2.566602 0.762262
3580000 0.807865 -2.720888 0.832767
3590000 0.863271 -2.636653 0.826497
3600000 0.597403 -2.670317 0.842577
3610000 0.616679 -2.652919 0.660067
3620000 0.694666 -2.623366 0.735018
3630000 0.969712 -2.689722 0.653463
3640000 1.055295 -2.602654 0.764873
3650000 1.228232 -2.656576 0.702855
3660000 1.330784 -2.526258 0.564893
3670000 1.313992 -2.597815 0.621794
3680000 1.533521 -2.558184 0.690643
3690000 1.435970 -2.692940 0.637803
3700000 1.429668 -2.603246 0.635833
3710000 1.328780 -2.667453 0.505087
3720000 1.614944 -2.674327 0.792599
3730000 1.552119 -2.764512 0.705071
3740000 2.029008 -2.561865 0.852589
3750000 2.109937 -2.612660 0.748205
3760000 2.142637 -2.610219 0.744836
3770000 2.248381 -2.548620 0.755904
3780000 2.638696 -2.602349 0.600472
3790000 2.829517 -2.652792 0.722060
3800000 2.374802 -2.546569 0.717624
3810000 2.498195 -2.543377 0.603126
3820000 2.710319 -2.505028 0.620773
3830000 3.103913 -2.555230 0.764391
3840000 2.994476 -2.625319 0.692204
3850000 2.812991 -2.596964 0.685193
3860000 3.033517 -2.690754 0.702184
3870000 4.130211 -2.596021 0.701792
3880000 3.717325 -2.582718 0.632488
3890000 2.958260 -2.658647 0.820602
3900000 3.688870 -2.484082 0.771560
3910000 4.122090 -2.588508 0.749284
3920000 4.310431 -2.669865 0.764001
3930000 4.336744 -2.642219 0.756950
3940000 4.616476 -2.690105 0.647721
3950000 4.451612 -2.517623 0.672219
3960000 3.876394 -2.560248 0.671826
3970000 4.974536 -2.580220 0.701544
3980000 5.001438 -2.626502 0.668304
3990000 4.672213 -2.529148 0.584241
4000000 5.100048 -2.720594 0.679154
