100000 3.954662 -2.640321 -1.606086
110000 4.497582 -2.646118 -1.652657
120000 2.991121 -2.603126 -1.517315
130000 1.962583 -2.701460 -1.564689
140000 0.983267 -2.650946 -1.584486
150000 1.083983 -2.432636 -1.694119
160000 1.101991 -2.596584 -1.590077
170000 0.697731 -2.709644 -1.612895
180000 1.060108 -2.543521 -1.635919
190000 1.984532 -2.607037 -1.527903
200000 2.639293 -2.526726 -1.595315
210000 2.732630 -2.583387 -1.659753
220000 1.862707 -2.659613 -1.598984
230000 2.474265 -2.564551 -1.681643
240000 1.399079 -2.572296 -1.584656
250000 1.325438 -2.577576 -1.649924
260000 2.490673 -2.575491 -1.698155
270000 3.701494 -2.558722 -1.433838
280000 3.442827 -2.596185 -1.627722
290000 4.522947 -2.645180 -1.624615
300000 3.473181 -2.540966 -1.654972
310000 4.411443 -2.611265 -1.585951
320000 3.145457 -2.703317 -1.578354
330000 2.970660 -2.603272 -1.691202
340000 3.625734 -2.683278 -1.661014
350000 2.512019 -2.469061 -1.504883
360000 2.505622 -2.543126 -1.664214
370000 2.386187 -2.635585 -1.491698
380000 2.767679 -2.726276 -1.621454
390000 4.190677 -2.606926 -1.522510
400000 3.638082 -2.561313 -1.496561
410000 4.449829 -2.690367 -1.575582
420000 4.914603 -2.666600 -1.606050
430000 3.473187 -2.614725 -1.531783
440000 4.139748 -2.714403 -1.576382
450000 4.908363 -2.684767 -1.534159
460000 4.775550 -2.629603 -1.515033
470000 2.611336 -2.556724 -1.629647
480000 2.267783 -2.626369 -1.649095
490000 1.808199 -2.639831 -1.641122
500000 1.922141 -2.526420 -1.642586
510000 0.829721 -2.555064 -1.528191
520000 0.965838 -2.642631 -1.596980
530000 1.250565 -2.524583 -1.433449
540000 1.220153 -2.690875 -1.522253
550000 1.465943 -2.578463 -1.622832
560000 0.943498 -2.586060 -1.657687
570000 0.567911 -2.734746 -1.546909
580000 0.931008 -2.596688 -1.570189
590000 1.308060 -2.683915 -1.574562
600000 1.309869 -2.581984 -1.535626
610000 1.748409 -2.626173 -1.553266
620000 1.918774 -2.519917 -1.606091
630000 2.581031 -2.555646 -1.574155
640000 2.774337 -2.562936 -1.565782
650000 3.386292 -2.639549 -1.613595
660000 4.147338 -2.649772 -1.638357
670000 4.457720 -2.741071 -1.597005
680000 4.807215 -2.689050 -1.560677
690000 3.865634 -2.596861 -1.488626
700000 3.364649 -2.634903 -1.604213
710000 2.980154 -2.527918 -1.644478
720000 3.105287 -2.650695 -1.630292
730000 2.774565 -2.659611 -1.560445
740000 3.447366 -2.603818 -1.595482
750000 3.648872 -2.554121 -1.632608
760000 3.453367 -2.503318 -1.659647
770000 4.656616 -2.596913 -1.554209
780000 4.457899 -2.767635 -1.509481
790000 4.109563 -2.630258 -1.590002
800000 4.761827 -2.675154 -1.513364
810000 3.990403 -2.582177 -1.483593
820000 4.941367 -2.580204 -1.568784
830000 4.675309 -2.612327 -1.538292
840000 4.454485 -2.621211 -1.598483
850000 3.157669 -2.606132 -1.657597
860000 2.164224 -2.593205 -1.560154
870000 2.259573 -2.701459 -1.606937
880000 1.899610 -2.652373 -1.769543
890000 1.390356 -2.574893 -1.773188
900000 1.688535 -2.668515 -1.597226
910000 2.904447 -2.712811 -1.588557
920000 2.811185 -2.623296 -1.535566
930000 2.741881 -2.661251 -1.602354
940000 3.458357 -2.730019 -1.542303
950000 3.125388 -2.642171 -1.588657
960000 2.235236 -2.703857 -1.667922
970000 1.708610 -2.726381 -1.613823
980000 1.979050 -2.623557 -1.633349
990000 1.539085 -2.589805 -1.554445
1000000 1.470172 -2.643958 -1.465658
1010000 0.937001 -2.708747 -1.660287
1020000 0.757114 -2.624530 -1.516496
1030000 0.768284 -2.655038 -1.588493
1040000 0.564159 -2.565498 -1.682485
1050000 1.152543 -2.602789 -1.455900
1060000 1.107461 -2.688627 -1.621697
1070000 0.999160 -2.666031 -1.633626
1080000 0.960766 -2.619807 -1.578883
1090000 1.359877 -2.528271 -1.485206
1100000 1.462979 -2.550771 -1.566050
1110000 1.582388 -2.529491 -1.606390
1120000 1.625872 -2.625469 -1.639167
1130000 1.985942 -2.598322 -1.500461
1140000 2.192274 -2.791656 -1.780390
1150000 2.913706 -2.637161 -1.582882
1160000 3.685978 -2.612632 -1.509953
1170000 4.976042 -2.618323 -1.558521
1180000 4.814674 -2.607139 -1.461472
1190000 4.082646 -2.656486 -1.632166
1200000 3.469497 -2.595665 -1.566733
1210000 4.534711 -2.582408 -1.546295
1220000 4.770062 -2.817068 -1.491008
1230000 4.461412 -2.780629 -1.510357
1240000 2.907714 -2.528279 -1.639966
1250000 2.596822 -2.560550 -1.533703
1260000 1.568285 -2.637818 -1.718249
1270000 2.137324 -2.666557 -1.436890
1280000 3.447305 -2.715923 -1.593556
1290000 3.823959 -2.604637 -1.569048
1300000 3.820888 -2.699961 -1.624092
1310000 3.723765 -2.623001 -1.576424
1320000 4.821291 -2.601737 -1.489723
1330000 4.076465 -2.638713 -1.714989
1340000 4.484118 -2.449179 -1.530874
1350000 3.256876 -2.735670 -1.606094
1360000 2.652719 -2.691255 -1.548880
1370000 2.086617 -2.650277 -1.464496
1380000 2.904616 -2.595607 -1.609699
1390000 3.503664 -2.718662 -1.660914
1400000 3.484806 -2.638627 -1.544313
1410000 3.389973 -2.578796 -1.433562
1420000 3.527355 -2.695105 -1.612823
1430000 3.929052 -2.418076 -1.638463
1440000 4.570414 -2.638584 -1.502745
1450000 5.025805 -2.524044 -1.576751
1460000 3.292836 -2.539091 -1.583189
1470000 2.449388 -2.652840 -1.547421
1480000 1.874756 -2.552561 -1.744135
1490000 2.136949 -2.537417 -1.516172
1500000 2.454075 -2.600646 -1.579143
1510000 2.160899 -2.647824 -1.672507
1520000 1.440916 -2.632441 -1.576829
1530000 0.699853 -2.695955 -1.613721
1540000 0.617508 -2.677601 -1.465926
1550000 0.741513 -2.603451 -1.468557
1560000 0.754910 -2.587914 -1.592085
1570000 0.669292 -2.544484 -1.564660
1580000 1.120508 -2.610819 -1.482957
1590000 0.901588 -2.593180 -1.699325
1600000 1.326319 -2.655270 -1.515512
1610000 1.258601 -2.683788 -1.498391
1620000 1.030919 -2.541477 -1.604789
1630000 1.164280 -2.699266 -1.502226
1640000 1.011862 -2.680467 -1.576547
1650000 1.410868 -2.523064 -1.537184
1660000 1.676867 -2.586589 -1.511606
1670000 1.757130 -2.654574 -1.461986
1680000 2.005717 -2.514899 -1.424514
1690000 1.953383 -2.687533 -1.573114
1700000 3.108942 -2.708276 -1.557217
1710000 3.347752 -2.616863 -1.440692
1720000 3.424629 -2.649791 -1.502096
1730000 3.990498 -2.571364 -1.642998
1740000 4.175128 -2.664859 -1.536356
1750000 3.380184 -2.573400 -1.600009
1760000 2.631874 -2.655762 -1.559924
1770000 2.799476 -2.671085 -1.572005
1780000 3.947115 -2.549128 -1.519396
1790000 4.588084 -2.665054 -1.658052
1800000 3.996051 -2.473385 -1.562435
1810000 4.377911 -2.613999 -1.630989
1820000 4.526566 -2.627843 -1.623612
1830000 4.588512 -2.653336 -1.620242
1840000 3.903386 -2.661354 -1.526972
1850000 3.283219 -2.573095 -1.507204
1860000 4.052349 -2.615310 -1.655597
1870000 4.167671 -2.577738 -1.672883
1880000 3.587630 -2.596481 -1.497127
1890000 3.032382 -2.615387 -1.535657
1900000 3.972698 -2.677630 -1.464416
1910000 4.530293 -2.571289 -1.438373
1920000 4.730523 -2.651572 -1.491546
1930000 4.764598 -2.535791 -1.587660
1940000 4.566936 -2.507547 -1.578075
1950000 4.946830 -2.672730 -1.531250
1960000 4.159713 -2.612509 -1.573997
1970000 2.741394 -2.708946 -1.639369
1980000 2.565981 -2.598621 -1.562239
1990000 2.150433 -2.666414 -1.590191
2000000 2.164134 -2.708854 -1.524902
2010000 2.024083 -2.592144 -1.579232
2020000 2.332553 -2.561902 -1.593254
2030000 1.864874 -2.711192 -1.512144
2040000 1.589205 -2.706937 -1.674925
2050000 1.367049 -2.600169 -1.511328
2060000 1.397542 -2.651169 -1.649216
2070000 1.168769 -2.686133 -1.634522
2080000 0.825386 -2.643966 -1.443019
2090000 0.686324 -2.641805 -1.541587
2100000 0.801238 -2.647801 -1.590476
2110000 0.833095 -2.522659 -1.598698
2120000 1.559268 -2.730758 -1.449581
2130000 1.955000 -2.554480 -1.633479
2140000 2.178963 -2.576893 -1.619736
2150000 2.040463 -2.540443 -1.519383
2160000 2.496331 -2.613087 -1.555357
2170000 3.523750 -2.611104 -1.593973
2180000 4.645745 -2.717772 -1.702553
2190000 3.737211 -2.632015 -1.641336
2200000 4.243318 -2.531577 -1.552436
2210000 3.327806 -2.607713 -1.672216
2220000 2.757157 -2.733520 -1.634524
2230000 3.502266 -2.604822 -1.571489
2240000 2.878135 -2.620629 -1.699196
2250000 2.164791 -2.668982 -1.473615
2260000 2.833659 -2.687564 -1.433236
2270000 3.226166 -2.616952 -1.557792
2280000 3.637706 -2.642406 -1.603698
2290000 4.792287 -2.530769 -1.597597
2300000 4.134211 -2.477167 -1.524754
2310000 3.859698 -2.604983 -1.628753
2320000 3.375713 -2.583168 -1.479395
2330000 3.560599 -2.646423 -1.566246
2340000 3.493896 -2.507952 -1.551097
2350000 4.161848 -2.699637 -1.663274
2360000 2.961611 -2.677661 -1.617509
2370000 2.606716 -2.731209 -1.569292
2380000 2.980764 -2.619177 -1.489975
2390000 1.984116 -2.688368 -1.586427
2400000 1.341915 -2.657609 -1.517755
2410000 1.915673 -2.615668 -1.555697
2420000 1.548085 -2.756095 -1.546264
2430000 1.591920 -2.649368 -1.561641
2440000 1.698756 -2.543572 -1.579638
2450000 2.395645 -2.534461 -1.533144
2460000 2.377324 -2.541111 -1.552124
2470000 3.420607 -2.710469 -1.643153
2480000 4.020437 -2.563601 -1.706379
2490000 4.561794 -2.632343 -1.661514
2500000 4.924605 -2.761032 -1.487958
2510000 3.406927 -2.604331 -1.732384
2520000 3.484336 -2.614507 -1.477439
2530000 3.965006 -2.671784 -1.570967
2540000 5.078531 -2.688430 -1.671555
2550000 4.343414 -2.583755 -1.650321
2560000 4.024229 -2.590282 -1.656250
2570000 4.364467 -2.685538 -1.608483
2580000 3.586061 -2.661747 -1.441102
2590000 2.957282 -2.541593 -1.545097
2600000 3.237604 -2.627737 -1.657830
2610000 2.803674 -2.716696 -1.644103
2620000 3.712893 -2.607775 -1.597074
2630000 3.276760 -2.608892 -1.575284
2640000 3.075538 -2.649849 -1.675937
2650000 3.105023 -2.702673 -1.590916
2660000 4.164181 -2.623292 -1.594088
2670000 3.890116 -2.674494 -1.596262
2680000 4.384732 -2.717106 -1.563775
2690000 4.841031 -2.668129 -1.648289
2700000 4.756602 -2.629705 -1.548022
2710000 4.671271 -2.673749 -1.559194
2720000 4.928731 -2.546240 -1.626911
2730000 4.593534 -2.619941 -1.577098
2740000 3.390621 -2.677467 -1.552865
2750000 3.759773 -2.701489 -1.549641
2760000 2.578388 -2.564675 -1.517095
2770000 2.218410 -2.659087 -1.571800
2780000 2.265451 -2.700723 -1.709244
2790000 3.049578 -2.660967 -1.496611
2800000 2.563581 -2.715208 -1.566660
2810000 1.772897 -2.514166 -1.550731
2820000 2.019520 -2.607306 -1.603218
2830000 2.415494 -2.650589 -1.426679
2840000 1.872591 -2.670290 -1.636285
2850000 2.729300 -2.691801 -1.567826
2860000 3.072948 -2.652125 -1.586441
2870000 4.456028 -2.625118 -1.408431
2880000 4.655021 -2.613115 -1.589666
2890000 3.878737 -2.560420 -1.572723
2900000 4.465073 -2.626223 -1.552996
2910000 3.608816 -2.627508 -1.546631
2920000 3.271093 -2.602960 -1.695870
2930000 2.992177 -2.643894 -1.561165
2940000 1.380891 -2.574388 -1.612987
2950000 1.386641 -2.586379 -1.581700
2960000 1.858251 -2.643260 -1.662209
2970000 2.100790 -2.575026 -1.598060
2980000 1.835282 -2.659740 -1.599596
2990000 1.167764 -2.575870 -1.645328
3000000 0.702542 -2.613260 -1.555610
3010000 0.745776 -2.690312 -1.535883
3020000 0.499250 -2.740863 -1.576970
3030000 0.497019 -2.548666 -1.605420
3040000 0.879186 -2.709057 -1.618664
3050000 1.013107 -2.582828 -1.673269
3060000 1.058183 -2.640298 -1.447800
3070000 1.097407 -2.552436 -1.581580
3080000 1.303671 -2.696484 -1.484741
3090000 1.380583 -2.625064 -1.483613
3100000 1.163248 -2.629644 -1.423210
3110000 1.553171 -2.667691 -1.653909
3120000 1.661598 -2.620688 -1.693112
3130000 1.482930 -2.610320 -1.641990
3140000 1.459841 -2.621531 -1.527363
3150000 1.680196 -2.595820 -1.613759
3160000 1.456956 -2.665050 -1.615923
3170000 1.189535 -2.639202 -1.571072
3180000 1.499650 -2.556145 -1.641102
3190000 0.853695 -2.570256 -1.537857
3200000 0.770603 -2.554352 -1.556826
3210000 0.949634 -2.659152 -1.571374
3220000 1.000243 -2.608683 -1.617015
3230000 0.754629 -2.749160 -1.569025
3240000 0.581271 -2.617944 -1.597465
3250000 0.905677 -2.616133 -1.517520
3260000 1.119014 -2.653918 -1.564755
3270000 1.221185 -2.687191 -1.665629
3280000 0.989222 -2.696632 -1.514697
3290000 0.940386 -2.652965 -1.472762
3300000 1.002035 -2.600931 -1.711096
3310000 1.003543 -2.487812 -1.518079
3320000 0.670794 -2.745477 -1.673211
3330000 0.501072 -2.654564 -1.701536
3340000 0.629945 -2.638878 -1.671909
3350000 0.799192 -2.741523 -1.681094
3360000 0.856528 -2.672071 -1.539541
3370000 0.916303 -2.701934 -1.647624
3380000 1.060042 -2.588801 -1.484834
3390000 1.009869 -2.667881 -1.552312
3400000 1.113702 -2.703529 -1.582611
3410000 1.244604 -2.559107 -1.498027
3420000 1.320965 -2.638711 -1.589592
3430000 1.348866 -2.661604 -1.610624
3440000 1.727396 -2.714405 -1.487540
3450000 1.402927 -2.553832 -1.680709
3460000 1.093276 -2.726256 -1.548216
3470000 1.138769 -2.570587 -1.541878
3480000 0.566476 -2.625435 -1.575824
3490000 0.581340 -2.656811 -1.410314
3500000 0.601942 -2.663323 -1.569334
3510000 0.593677 -2.545464 -1.638703
3520000 0.689353 -2.677105 -1.547192
3530000 0.766840 -2.736551 -1.482839
3540000 0.794753 -2.721963 -1.444485
3550000 0.503138 -2.701803 -1.620973
3560000 0.493515 -2.755366 -1.577868
3570000 0.498850 -2.685750 -1.629006
3580000 0.784170 -2.529791 -1.568652
3590000 0.741956 -2.602777 -1.561919
3600000 0.846557 -2.618176 -1.556995
3610000 0.822086 -2.602711 -1.480764
3620000 0.964175 -2.797930 -1.599242
3630000 0.883971 -2.682560 -1.531994
3640000 1.026651 -2.521902 -1.596508
3650000 1.216093 -2.606764 -1.592894
3660000 1.993559 -2.622119 -1.519146
3670000 1.864217 -2.599302 -1.548243
3680000 2.137077 -2.649786 -1.703178
3690000 2.439414 -2.658251 -1.625237
3700000 2.663565 -2.549441 -1.571985
3710000 2.267371 -2.607169 -1.532077
3720000 2.137736 -2.537827 -1.653017
3730000 3.202666 -2.589040 -1.407121
3740000 3.606680 -2.581853 -1.654490
3750000 3.542046 -2.681868 -1.548424
3760000 3.805719 -2.604254 -1.627721
3770000 3.642632 -2.552088 -1.581057
3780000 4.851559 -2.596413 -1.487253
3790000 4.081405 -2.538694 -1.598551
3800000 3.284440 -2.599558 -1.614286
3810000 3.361458 -2.582436 -1.545845
3820000 4.561123 -2.660896 -1.454866
3830000 4.762867 -2.621800 -1.558010
3840000 4.813218 -2.622535 -1.585349
3850000 4.697614 -2.623230 -1.568605
3860000 3.754518 -2.523210 -1.672812
3870000 3.247679 -2.555221 -1.582822
3880000 3.361860 -2.601931 -1.437628
3890000 3.787039 -2.568552 -1.644434
3900000 4.102450 -2.593155 -1.639201
3910000 5.020815 -2.675535 -1.592630
3920000 4.958579 -2.597549 -1.553927
3930000 4.326443 -2.548703 -1.651927
3940000 4.023915 -2.448732 -1.500283
3950000 2.611543 -2.516039 -1.701880
3960000 2.439636 -2.702620 -1.562181
3970000 2.437335 -2.695008 -1.478482
3980000 1.885923 -2.481044 -1.426322
3990000 2.025407 -2.714505 -1.587098
4000000 2.615078 -2.718185 -1.448116
