100000 3.508664 -2.778304 3.111285
110000 2.787924 -2.820171 -3.069577
120000 1.796082 -2.732559 -2.987722
130000 2.009687 -2.816722 -3.038124
140000 3.142709 -2.729409 -3.116013
150000 3.220316 -2.788131 3.108790
160000 1.720891 -2.930363 -2.995880
170000 2.144355 -2.753124 2.997439
180000 4.304130 -2.848561 3.135866
190000 4.765873 -2.890466 -3.133757
200000 4.618294 -2.825380 -3.068691
210000 5.008563 -2.731147 3.130717
220000 4.067763 -2.815218 -3.129572
230000 4.586784 -2.798229 3.114325
240000 3.364249 -2.679635 -3.044122
250000 2.218917 -2.834299 -3.122823
260000 2.380903 -2.833982 3.079815
270000 2.956581 -2.799332 -3.139102
280000 2.936624 -2.709151 3.020440
290000 3.027516 -2.857954 -3.025416
300000 3.025122 -2.904947 3.116571
310000 4.461412 -2.798037 -3.039969
320000 4.313911 -2.721699 3.075110
330000 3.489202 -2.853059 3.130086
340000 4.087274 -2.875847 3.045494
350000 4.421159 -2.803859 -3.131515
360000 3.960970 -2.827558 3.122571
370000 2.576137 -2.748749 -3.114303
380000 1.155921 -2.787668 -3.029030
390000 0.778775 -2.873823 -3.082618
400000 1.323750 -2.738838 3.119670
410000 1.253910 -2.721872 -3.100965
420000 1.519336 -2.886702 -3.132018
430000 0.939490 -2.787475 3.129265
440000 0.849829 -2.796286 3.106695
450000 1.537494 -2.821047 3.100016
460000 2.358992 -2.780720 3.068983
470000 2.413217 -2.780615 3.121035
480000 1.842253 -2.743436 -3.101831
490000 1.847679 -2.841025 3.062370
500000 1.986737 -2.842210 3.124617
510000 1.499712 -2.743968 -3.088975
520000 1.198387 -2.927111 3.057296
530000 1.722518 -2.823194 3.061757
540000 1.499752 -2.874507 -3.091958
550000 2.108111 -2.818249 3.135159
560000 2.867901 -2.920189 3.106467
570000 3.599534 -2.735183 -3.119875
580000 2.704027 -2.810841 -3.076830
590000 3.630718 -2.566816 3.015003
600000 4.221586 -2.891852 -3.138831
610000 5.016191 -2.914635 -3.083315
620000 3.905866 -2.861204 3.025924
630000 3.263600 -2.783728 3.103871
640000 4.539316 -2.742349 -3.121681
650000 4.308335 -2.782357 3.016575
660000 3.667624 -2.796898 -3.092834
670000 2.705599 -2.824603 3.047441
680000 3.511707 -2.749088 -3.017471
690000 2.692234 -2.760710 3.119441
700000 2.377908 -2.747654 -3.025299
710000 2.612537 -2.806230 -3.121158
720000 4.027227 -2.815569 3.111091
730000 4.518340 -2.782835 3.084468
740000 4.757873 -2.824507 3.059881
750000 4.353633 -2.874811 -3.132463
760000 3.350817 -2.873523 -3.085322
770000 3.335912 -2.856160 -3.125763
780000 3.561850 -2.745117 -3.023487
790000 4.633113 -2.717686 -3.130624
800000 4.779470 -2.861909 3.050997
810000 4.202073 -2.770404 -3.119619
820000 3.106253 -2.598222 3.117023
830000 3.718142 -2.848277 3.130850
840000 2.550447 -2.898853 3.091486
850000 2.223288 -2.772255 -3.109726
860000 1.448096 -2.757770 3.100247
870000 0.747500 -2.903638 3.107162
880000 0.994248 -2.739994 -3.060929
890000 0.826004 -2.900025 -3.083840
900000 1.135298 -2.798048 3.139637
910000 1.230165 -2.604484 -3.106270
920000 1.419095 -2.859416 3.098930
930000 1.180856 -2.836620 3.049835
940000 1.775976 -2.768106 3.094301
950000 2.048873 -2.834023 3.112505
960000 1.589255 -2.849052 2.974980
970000 2.087935 -2.683222 3.137642
980000 2.569602 -2.776956 -3.137588
990000 2.473579 -2.798649 -3.037535
1000000 2.829439 -2.829094 -3.081767
1010000 2.523355 -2.693991 -3.117535
1020000 2.223980 -2.814737 -3.136556
1030000 2.276642 -2.834653 -3.082316
1040000 3.383975 -2.762176 -3.132634
1050000 3.929547 -2.927253 3.124507
1060000 4.921419 -2.796674 -3.081454
1070000 4.970901 -2.876175 -2.993125
1080000 4.660666 -2.781808 3.084018
1090000 4.035794 -2.892053 2.989551
1100000 4.857464 -2.824238 3.100577
1110000 4.987795 -2.893548 3.116724
1120000 4.766233 -2.701206 3.018030
1130000 4.958489 -2.852627 -3.109068
1140000 4.878376 -2.797193 3.054080
1150000 4.442999 -2.778262 3.065908
1160000 4.049146 -2.790080 3.122679
1170000 3.230576 -2.755969 -3.121609
1180000 3.886887 -2.805806 -3.049637
1190000 4.702535 -2.778443 3.078735
1200000 4.760989 -2.982894 -3.134651
1210000 3.577356 -2.873268 3.039348
1220000 3.224375 -2.772819 -3.020203
1230000 2.919791 -2.860920 -3.107093
1240000 2.834746 -2.694959 -3.116434
1250000 3.092048 -2.863655 -3.108606
1260000 3.399905 -2.758633 3.074171
1270000 3.831048 -2.657403 3.105544
1280000 4.886266 -2.814205 3.067252
1290000 4.308981 -2.681856 -3.097863
1300000 4.023243 -2.860893 3.109208
1310000 3.146197 -2.770553 -3.129146
1320000 4.015450 -2.878657 -3.132990
1330000 2.939164 -2.733702 -3.138434
1340000 1.559811 -2.795470 -2.935294
1350000 1.357303 -2.770078 3.133723
1360000 1.311337 -2.773475 -2.981511
1370000 1.118572 -2.838563 -3.058426
1380000 0.521643 -2.986479 3.077311
1390000 1.035983 -2.711758 -3.096716
1400000 0.850913 -2.770428 -3.078609
1410000 1.016583 -2.698364 3.047956
1420000 0.934249 -2.779234 3.068653
1430000 1.335097 -2.793070 3.104587
1440000 1.492674 -2.816974 -3.116149
1450000 1.615864 -2.858245 -3.116851
1460000 2.086310 -2.807483 3.128500
1470000 2.152479 -2.890887 3.061592
1480000 2.423804 -2.772004 3.130143
1490000 1.806939 -2.818180 -3.005052
1500000 1.406535 -2.882466 -3.030329
1510000 2.245471 -2.801402 -3.127008
1520000 3.063406 -2.876675 3.140599
1530000 2.838648 -2.758553 3.107437
1540000 2.557804 -2.909991 3.040698
1550000 2.994156 -2.779053 -3.135009
1560000 3.213650 -2.891095 3.059988
1570000 4.414050 -2.706223 -3.132119
1580000 4.932789 -2.705298 3.120132
1590000 4.576936 -2.933766 3.124282
1600000 4.627671 -2.790609 -3.137753
1610000 4.923381 -2.849241 3.131199
1620000 4.339275 -2.802305 3.077087
1630000 3.572968 -2.739430 3.105648
1640000 3.742538 -2.732826 -3.065244
1650000 3.223364 -2.803457 -3.094972
1660000 3.305735 -2.831490 -3.105465
1670000 4.860261 -2.850923 3.023253
1680000 4.158495 -2.773263 -3.135427
1690000 5.043181 -2.686845 3.052239
1700000 4.818303 -2.741774 -3.139609
1710000 4.680941 -2.821838 3.084018
1720000 3.722150 -2.885953 -3.061900
1730000 2.766693 -2.781459 -3.118131
1740000 2.116801 -2.774088 -3.139096
1750000 2.050624 -2.784710 -3.098626
1760000 1.597053 -2.945748 -3.114215
1770000 1.982821 -2.794417 3.052212
1780000 2.106799 -2.647634 3.138672
1790000 2.414992 -2.921587 -3.119799
1800000 2.648738 -2.768103 -3.043028
1810000 3.252523 -2.638336 3.088982
1820000 3.523650 -2.865543 3.129440
1830000 2.785471 -2.865966 -2.964243
1840000 2.431059 -2.699979 3.040951
1850000 2.331247 -2.719542 3.019510
1860000 1.527227 -2.761833 -3.115478
1870000 1.446939 -2.777823 -3.067242
1880000 0.857374 -2.874647 3.114335
1890000 0.672434 -2.800384 -3.135091
1900000 0.779741 -2.833333 3.072668
1910000 0.886906 -2.735320 -3.128204
1920000 0.897109 -2.760164 -3.062716
1930000 1.049323 -2.687926 3.102646
1940000 0.974678 -2.706128 3.089036
1950000 1.216158 -2.849187 -3.074167
1960000 0.918630 -2.818588 -3.046556
1970000 0.857143 -2.821211 -3.035371
1980000 0.718721 -2.846535 3.090062
1990000 0.605143 -2.828871 -3.097118
2000000 0.835586 -2.828955 -3.094160
2010000 0.948029 -2.743827 -3.013985
2020000 1.180512 -2.704174 -3.109611
2030000 1.659653 -2.900686 -3.077584
2040000 1.694478 -2.618969 3.058448
2050000 1.511007 -2.735659 -3.108526
2060000 1.250691 -2.695860 -3.078819
2070000 1.329267 -2.656129 -3.072703
2080000 1.036321 -2.839348 -3.046192
2090000 1.062308 -2.823064 -3.139412
2100000 1.147248 -2.860042 3.093320
2110000 0.492673 -2.841893 3.086882
2120000 0.588080 -2.903095 -3.037319
2130000 0.845552 -2.708312 3.138518
2140000 0.750160 -2.783051 3.074018
2150000 0.843962 -2.769590 3.110777
2160000 0.793165 -2.761377 2.921471
2170000 0.773617 -2.832674 2.993314
2180000 0.697146 -2.751840 2.974570
2190000 0.599140 -2.714896 3.045078
2200000 0.489886 -2.788900 -3.017268
2210000 0.909017 -2.760473 -3.010618
2220000 0.862023 -2.829659 -3.100817
2230000 1.450225 -2.893641 3.109559
2240000 1.193861 -2.873480 3.042757
2250000 1.149254 -2.804816 3.117352
2260000 1.071447 -2.806435 3.129157
2270000 1.363169 -2.884900 3.115038
2280000 1.825496 -2.827926 3.008385
2290000 1.751364 -2.852867 -3.076434
2300000 1.361321 -2.702989 3.103423
2310000 2.016100 -2.819598 3.085396
2320000 2.956371 -2.859423 -3.071692
2330000 3.426664 -2.792319 3.114043
2340000 3.859945 -2.796075 -3.126568
2350000 4.270011 -2.794058 -3.092707
2360000 4.967139 -2.788037 3.139042
