100000 1.657293 -2.891392 1.144610
110000 1.369073 -2.865858 1.108326
120000 2.261120 -2.810064 1.314441
130000 3.171011 -2.788834 1.159129
140000 3.359464 -2.836144 1.279037
150000 4.601325 -2.780085 1.113281
160000 4.352429 -2.846100 1.290996
170000 3.978135 -2.901027 1.179440
180000 2.650979 -2.854435 1.291815
190000 2.541184 -2.700278 1.258946
200000 2.649502 -2.746676 1.172739
210000 1.586816 -2.824957 1.203183
220000 1.775272 -2.693833 1.245941
230000 2.874348 -2.740964 1.336444
240000 2.869784 -2.736627 1.256215
250000 3.754372 -2.740733 1.187278
260000 3.699707 -2.844216 1.236088
270000 4.368268 -2.786728 1.149437
280000 4.816749 -2.835187 1.230281
290000 4.706787 -2.898098 1.225798
300000 4.439428 -2.772465 1.250813
310000 3.049253 -2.858737 1.252659
320000 2.587012 -2.743624 1.247803
330000 3.906981 -2.834681 1.221695
340000 3.083415 -2.746811 1.168960
350000 2.123619 -2.720690 1.331060
360000 2.365674 -2.929325 1.232484
370000 2.250068 -2.777531 1.223120
380000 1.608610 -2.767658 1.222499
390000 1.228210 -2.713088 1.275295
400000 1.130260 -2.702233 1.145275
410000 1.675724 -2.835139 1.223089
420000 1.708404 -2.936409 1.278850
430000 1.120519 -2.748867 1.305672
440000 2.084988 -2.783439 1.197012
450000 3.113112 -2.665496 1.164346
460000 4.547704 -2.820085 1.265616
470000 3.891438 -2.665093 1.304919
480000 3.500982 -2.798210 1.228909
490000 3.108034 -2.743591 1.236093
500000 3.887515 -2.753487 1.262059
510000 2.831670 -2.794075 1.226834
520000 2.316838 -2.817231 1.323550
530000 2.578110 -2.750351 1.279922
540000 2.160117 -2.642459 1.275735
550000 2.485835 -2.714006 1.260404
560000 3.103272 -2.865141 1.182288
570000 4.561979 -2.827562 1.244564
580000 4.181574 -2.808374 1.312772
590000 3.995460 -2.904976 1.273301
600000 5.053668 -2.891516 1.159002
610000 4.142153 -2.766596 1.277650
620000 3.232425 -2.604383 1.203784
630000 4.025097 -2.765994 1.175377
640000 3.989610 -2.793835 1.212673
650000 3.631949 -2.761709 1.158396
660000 4.319917 -2.746167 1.273515
670000 4.981593 -2.799346 1.328520
680000 4.718570 -2.573672 1.270249
690000 2.784774 -2.744816 1.302420
700000 1.748157 -2.772186 1.261603
710000 1.144822 -2.745868 1.206196
720000 0.973887 -2.882165 1.266856
730000 0.584559 -2.784859 1.212908
740000 0.632856 -2.945433 1.296235
750000 1.392098 -2.758739 1.225919
760000 1.202770 -2.629788 1.257993
770000 0.820601 -2.963074 1.289652
780000 1.669628 -2.890371 1.292022
790000 1.535070 -2.753002 1.296410
800000 2.186828 -2.777303 1.275199
810000 1.959710 -2.731107 1.224290
820000 2.366222 -2.754263 1.156447
830000 2.998158 -2.841319 1.138855
840000 2.677344 -2.891295 1.155317
850000 3.588496 -2.895130 1.348181
860000 3.651408 -2.741337 1.265709
870000 4.063183 -2.975998 1.232767
880000 3.953933 -2.824007 1.264522
890000 3.486162 -2.874327 1.185271
900000 3.046600 -2.866080 1.205329
910000 4.143827 -2.731798 1.054435
920000 4.759890 -2.836038 1.200626
930000 3.858083 -2.751275 1.138197
940000 4.727287 -2.859918 1.240474
950000 4.168037 -2.861898 1.181131
960000 2.743131 -2.773439 1.297276
970000 2.827678 -2.740651 1.246020
980000 3.087219 -2.879890 1.230661
990000 4.104228 -2.793874 1.237563
1000000 4.495575 -2.853121 1.394255
1010000 4.494080 -2.714244 1.237760
1020000 3.762202 -2.751019 1.299912
1030000 2.585126 -2.961448 1.427584
1040000 2.248019 -2.837891 1.306406
1050000 1.966444 -2.650327 1.137712
1060000 1.589617 -2.813972 1.062269
1070000 1.503254 -2.869872 1.140577
1080000 2.203513 -2.848521 1.332313
1090000 2.878614 -2.798618 1.343541
1100000 3.277624 -2.928948 1.255207
1110000 2.520691 -2.661136 1.244061
1120000 2.676585 -2.827331 1.191178
1130000 2.067543 -2.807756 1.270587
1140000 1.281318 -2.705962 1.070755
1150000 0.921430 -2.810729 1.417913
1160000 0.514452 -2.813298 1.280167
1170000 0.505409 -2.759406 1.416112
1180000 1.382054 -2.667365 1.043937
1190000 0.780346 -2.781917 1.178205
1200000 1.004373 -2.909930 1.153141
1210000 1.585129 -2.742741 1.107019
1220000 0.861074 -2.798424 1.196046
1230000 1.233994 -2.788291 1.272074
1240000 1.681439 -2.818183 1.218629
1250000 1.668931 -2.857347 1.226935
1260000 2.581987 -2.646567 1.290194
1270000 2.060242 -2.848030 1.289183
1280000 2.481305 -2.707235 1.244880
1290000 2.654957 -2.766514 1.145529
1300000 2.183508 -2.919491 1.197297
1310000 2.521572 -2.765019 1.296647
1320000 1.454138 -2.856246 1.166286
1330000 1.854465 -2.795914 1.108197
1340000 3.261599 -2.887159 1.191931
1350000 4.594379 -2.646970 1.085039
1360000 4.647886 -2.907473 1.304172
1370000 4.912970 -2.791136 1.190884
1380000 4.257584 -2.726948 1.259889
1390000 3.197985 -2.802645 1.308929
1400000 3.309299 -2.762954 1.150919
1410000 2.930792 -2.707309 1.222471
1420000 2.247154 -2.794479 1.146207
1430000 2.017867 -2.756919 1.185923
1440000 2.666299 -2.753304 1.090487
1450000 4.352761 -2.714127 1.178740
1460000 4.548965 -2.644254 1.377083
1470000 4.959926 -2.852549 1.231574
1480000 4.461634 -2.780563 1.173646
1490000 3.691391 -2.762917 1.148277
1500000 3.972615 -2.792212 1.201197
1510000 4.263184 -2.758666 1.235030
1520000 4.867573 -2.750148 1.301217
1530000 3.950038 -2.767087 1.282261
1540000 3.087665 -2.871129 1.193889
1550000 2.332519 -2.864868 1.272448
1560000 2.569914 -2.956889 1.199777
1570000 3.743666 -2.805919 1.316494
1580000 4.273225 -2.860216 1.157455
1590000 3.558236 -2.794590 1.173904
1600000 4.683807 -2.681814 1.286811
1610000 4.291621 -2.815045 1.132031
1620000 3.422199 -2.825031 1.208197
1630000 3.125874 -2.853037 1.146325
1640000 3.242409 -2.762431 1.274995
1650000 3.824771 -2.801460 1.164135
1660000 3.721435 -2.821130 1.156626
1670000 4.446389 -2.848599 1.177851
1680000 3.866694 -2.798578 1.284846
1690000 3.611272 -2.831410 1.206579
1700000 3.078191 -2.897447 1.254163
1710000 3.356671 -2.900959 1.282209
1720000 3.363110 -2.788323 1.241996
1730000 4.343778 -2.679088 1.228214
1740000 4.286599 -2.799470 1.231095
1750000 4.543246 -2.775213 1.143180
1760000 3.513500 -2.841463 1.255891
1770000 3.075157 -2.823218 1.254695
1780000 3.705710 -2.797182 1.310118
1790000 2.741541 -2.878738 1.402615
1800000 2.257511 -2.791547 1.063833
1810000 2.050191 -2.727016 1.233093
1820000 1.301562 -2.640503 1.265678
1830000 1.117091 -2.709046 1.364315
1840000 0.773269 -2.710521 1.314891
1850000 0.698091 -2.965708 1.250193
1860000 0.993514 -2.723389 1.238150
1870000 0.926504 -2.813058 1.150527
1880000 0.641332 -2.882427 1.276535
1890000 0.757292 -2.915371 1.305847
1900000 0.784397 -2.843715 1.241479
1910000 0.597419 -2.774187 1.168257
1920000 1.076230 -2.800331 1.123493
1930000 1.306699 -2.826851 1.364191
1940000 1.509669 -2.837758 1.275719
1950000 1.751759 -2.859573 1.132680
1960000 1.712821 -2.942871 1.264051
1970000 1.321334 -2.821029 1.255490
1980000 1.570344 -2.658337 1.140593
1990000 1.746773 -2.847815 1.204549
2000000 2.113255 -2.835605 1.153463
2010000 1.999750 -2.825128 1.193774
2020000 2.165540 -2.744422 1.206169
2030000 1.813907 -2.729229 1.322424
2040000 1.803209 -2.826870 1.232842
2050000 1.393160 -2.739577 1.274562
2060000 1.424026 -2.734609 1.076551
2070000 1.141021 -2.794444 1.323036
2080000 0.957305 -2.760817 1.204238
2090000 1.360515 -2.841059 1.370868
2100000 1.126254 -2.841517 1.232878
2110000 1.410522 -2.823777 1.208560
2120000 1.050989 -2.813814 1.033596
2130000 0.945639 -2.771389 1.213725
2140000 1.142698 -2.682335 1.231443
2150000 1.334088 -2.660476 1.277661
2160000 0.978480 -2.849588 1.154524
2170000 1.590466 -2.946655 1.150437
2180000 1.582147 -2.818539 1.166116
2190000 1.632818 -2.774810 1.275940
2200000 1.771766 -2.763106 1.136998
2210000 2.105006 -2.939693 1.124381
2220000 2.480345 -2.771580 1.298076
2230000 2.608698 -2.817136 1.325073
2240000 3.586169 -2.848596 1.207231
2250000 3.122726 -2.838769 1.310827
2260000 2.867387 -2.931379 1.332385
2270000 3.749881 -2.692554 1.240954
2280000 2.992824 -2.716457 1.156379
2290000 3.971618 -2.840195 1.262250
2300000 4.086974 -2.834226 1.215526
2310000 4.364448 -2.950910 1.184777
2320000 4.353806 -2.865019 1.386608
2330000 3.952784 -2.848207 1.217865
2340000 5.069670 -2.902405 1.174548
2350000 4.408402 -2.901801 1.152687
2360000 4.653449 -2.726661 1.223027
2370000 3.965014 -2.681357 1.173027
2380000 4.723106 -2.832826 1.176250
2390000 3.750722 -2.750434 1.119504
2400000 3.570691 -2.802468 1.166205
2410000 3.305103 -2.753819 1.178836
2420000 2.918544 -2.780986 1.268882
2430000 2.492840 -2.908631 1.313422
2440000 2.377829 -2.785996 1.345020
2450000 2.097996 -2.744137 1.292234
2460000 2.194875 -2.798775 1.069182
2470000 2.314681 -2.776354 1.218858
2480000 2.568339 -2.857323 1.210068
2490000 2.649912 -2.732118 1.089176
2500000 2.911906 -2.947431 1.063398
2510000 3.377071 -2.839329 1.209633
2520000 2.772599 -2.734989 1.343017
2530000 3.917080 -2.801612 1.270059
2540000 4.103104 -2.670587 1.187255
2550000 4.432602 -2.896989 1.245463
2560000 4.906807 -2.879744 1.321913
2570000 4.550492 -2.701444 1.284457
2580000 4.684911 -2.741799 1.123837
2590000 4.882363 -2.757523 1.142463
2600000 4.552093 -2.746208 1.337402
2610000 3.959768 -2.853323 1.209569
2620000 3.751968 -2.809030 1.223701
2630000 3.588775 -2.819628 1.187505
2640000 4.246871 -2.752038 1.095832
2650000 3.866613 -2.749291 1.136972
2660000 3.837781 -2.838008 1.101004
2670000 4.679670 -2.761676 1.231171
2680000 4.767577 -2.808152 1.321026
2690000 4.223220 -2.800792 1.165689
2700000 4.946318 -2.930870 1.239963
2710000 4.002414 -2.787012 1.295736
2720000 4.025529 -2.774094 1.112779
2730000 4.740544 -2.852671 1.259489
2740000 4.561773 -2.824826 1.251161
2750000 5.003834 -2.800030 1.262195
2760000 4.941336 -2.786037 1.262755
2770000 4.683058 -2.730013 1.326434
2780000 4.157617 -2.722327 1.238451
2790000 4.203624 -2.650564 1.116047
2800000 4.703073 -2.755576 1.188198
2810000 3.948517 -2.785538 1.166117
2820000 3.390689 -2.834137 1.337654
2830000 2.814255 -2.790124 1.268326
2840000 2.576255 -2.894473 1.223101
2850000 1.754066 -2.797995 1.108508
2860000 1.514798 -2.872332 1.201280
2870000 1.373632 -2.875234 1.196066
2880000 0.497491 -2.776273 1.275163
2890000 0.704578 -2.830500 1.181731
2900000 0.803856 -2.755297 1.173225
2910000 0.805870 -2.645250 1.185219
2920000 0.823737 -2.817110 1.182515
2930000 0.739637 -2.876716 1.289413
2940000 0.878935 -2.664080 1.296383
2950000 1.006824 -2.776040 1.254836
2960000 1.138057 -2.777594 1.139942
2970000 1.133830 -2.841362 1.180301
2980000 0.498283 -2.746554 1.402017
2990000 0.633317 -2.664486 1.173366
3000000 0.853612 -2.831924 1.100617
3010000 0.741569 -2.794563 1.125307
3020000 1.201391 -2.819008 1.235698
3030000 1.077440 -2.805964 1.183357
3040000 1.335023 -2.849410 1.326926
3050000 1.376365 -2.861529 1.215748
3060000 1.565756 -2.759944 1.327599
3070000 1.332756 -2.861266 1.093297
3080000 1.294376 -2.831540 1.336444
3090000 1.609350 -2.902871 1.199185
3100000 1.582987 -2.722511 1.282392
3110000 1.914864 -2.878932 1.238485
3120000 1.974821 -2.891901 1.256486
3130000 2.241107 -2.739010 1.236971
3140000 1.915339 -2.827046 1.250827
3150000 2.567937 -2.715386 1.137393
3160000 2.715435 -2.864639 1.257543
3170000 3.009093 -2.675006 1.169168
3180000 2.671056 -2.774883 1.245550
3190000 3.188977 -2.848888 1.248167
3200000 3.098822 -2.867944 1.327204
3210000 3.493149 -2.782261 1.193093
3220000 3.833603 -2.717419 1.218856
3230000 3.452300 -2.708661 1.288802
3240000 3.702794 -2.857071 1.214632
3250000 3.665224 -2.798742 1.239770
3260000 3.955615 -2.823555 1.246075
3270000 4.834577 -2.766369 1.207492
3280000 4.490716 -2.856048 1.193858
3290000 3.489828 -2.675413 1.308921
3300000 2.633291 -2.773560 1.261657
3310000 2.541227 -2.861573 1.178183
3320000 2.130271 -2.768415 1.210889
3330000 2.161819 -2.918724 1.228446
3340000 1.875006 -2.858566 1.122256
3350000 1.964005 -2.775407 1.104568
3360000 1.880911 -2.864860 1.203855
3370000 1.568731 -2.775126 1.391301
3380000 1.306480 -2.786630 1.165316
3390000 1.599236 -2.880532 1.355743
3400000 2.017181 -2.873416 1.227067
3410000 2.416846 -2.804192 1.211049
3420000 2.730979 -2.688900 1.308743
3430000 2.845945 -2.734817 1.215573
3440000 3.149504 -2.906988 1.370798
3450000 2.265085 -2.826448 1.146996
3460000 2.517915 -2.700853 1.306462
3470000 2.205028 -2.918156 1.145097
3480000 1.868408 -2.863273 1.313126
3490000 1.669721 -2.830149 1.202011
3500000 1.751698 -2.772946 1.174361
3510000 2.486329 -2.891148 1.120342
3520000 3.418950 -2.906890 1.175008
3530000 4.077154 -2.728376 1.352839
3540000 4.386014 -2.876032 1.236477
3550000 4.867224 -2.886327 1.236718
3560000 3.618823 -2.784165 1.231148
3570000 2.704727 -2.898202 1.143781
3580000 3.289983 -2.869268 1.201544
3590000 3.002122 -2.863019 1.368621
3600000 2.663411 -2.723905 1.198019
3610000 2.168833 -2.770262 1.208076
3620000 2.604953 -2.783700 1.081179
3630000 3.460065 -2.726164 1.259428
3640000 3.609262 -2.725628 1.299757
3650000 4.452937 -2.866604 1.281820
3660000 4.572769 -2.772109 1.357377
3670000 4.331533 -2.765202 1.141659
3680000 3.950549 -2.834802 1.184543
3690000 5.042255 -2.822433 1.215066
3700000 5.060520 -2.636324 1.175600
3710000 4.873044 -2.742436 1.178724
3720000 3.453103 -2.781760 1.265840
3730000 3.309132 -2.822740 1.117322
3740000 4.342806 -2.799700 1.256447
3750000 3.852557 -2.637319 1.298120
3760000 3.407869 -2.738620 1.177965
3770000 4.892302 -2.639605 1.199807
3780000 4.075076 -2.871012 1.223676
3790000 4.709394 -2.867635 1.062948
3800000 4.619971 -2.734693 1.249688
3810000 5.038068 -2.857998 1.206726
3820000 4.528732 -2.712633 1.199451
3830000 3.988490 -2.872241 1.231988
3840000 4.339003 -2.752937 1.212102
3850000 4.999896 -2.677094 1.189851
3860000 4.319911 -2.662955 1.123383
3870000 4.154680 -2.601703 1.183926
3880000 2.631328 -2.708540 1.239434
3890000 2.981447 -2.883984 1.282407
3900000 3.036465 -2.843317 1.334375
3910000 2.626299 -2.645332 1.199099
3920000 2.404967 -2.750384 1.100590
3930000 3.034734 -2.795993 1.272843
3940000 4.088811 -2.870685 1.067175
3950000 3.677284 -2.759438 1.242147
3960000 2.567374 -2.898621 1.238180
3970000 2.999276 -2.842949 1.242765
3980000 2.917115 -2.646616 1.251316
3990000 2.292464 -2.796162 1.289359
4000000 2.260719 -2.685024 1.298906
