100000 5.014606 -2.970987 0.898383
110000 3.562433 -2.806905 1.067230
120000 4.027091 -2.829831 1.058578
130000 3.049509 -2.842721 1.037867
140000 1.682173 -2.846636 1.092041
150000 2.586113 -2.708566 1.032584
160000 3.910967 -2.773133 1.055248
170000 3.905538 -2.713202 1.114187
180000 3.083528 -2.724364 0.975274
190000 2.393567 -2.856509 1.048679
200000 1.904424 -2.816789 1.098508
210000 1.494062 -2.696647 1.030375
220000 1.515971 -2.795211 1.109002
230000 2.277429 -2.852167 1.005420
240000 3.817543 -2.891686 1.111212
250000 4.170861 -2.824346 0.981226
260000 3.953526 -2.785586 1.120560
270000 4.937069 -2.800415 1.035328
280000 2.782834 -2.760023 1.132894
290000 2.562505 -2.648019 1.133063
300000 2.654574 -2.919207 1.154844
310000 2.044758 -2.696652 1.132024
320000 2.136296 -2.782386 1.131012
330000 4.162817 -2.907172 1.168913
340000 3.304710 -2.746353 1.150941
350000 5.063190 -2.819718 1.024270
360000 5.008136 -2.788350 1.129538
370000 4.343472 -2.851426 1.097559
380000 3.805574 -2.909855 1.028909
390000 4.302305 -2.794073 1.100063
400000 4.623545 -2.827894 1.055114
410000 4.868842 -2.773750 1.066500
420000 4.269983 -2.902187 1.021116
430000 3.197612 -2.729766 1.037458
440000 2.852726 -2.718127 1.011596
450000 3.107490 -2.817075 0.956236
460000 1.919810 -2.906468 1.144925
470000 1.623389 -2.789446 0.998110
480000 0.931719 -2.740414 1.051068
490000 0.568669 -2.835893 1.177604
500000 0.694317 -2.861306 1.065999
510000 1.124210 -2.780355 1.089338
520000 1.197021 -2.819739 1.094257
530000 0.798276 -2.622333 0.995310
540000 1.429505 -2.893607 1.003022
550000 1.872853 -2.787013 1.072841
560000 1.394939 -2.828617 0.977953
570000 1.160890 -2.683791 1.183305
580000 1.681982 -2.782812 1.135426
590000 2.244009 -2.863956 0.976921
600000 2.453137 -2.793955 1.034893
610000 2.801928 -2.782752 1.046025
620000 2.854709 -2.871114 0.934043
630000 4.173341 -2.672518 0.951822
640000 4.982652 -2.789265 1.029736
650000 4.954028 -2.658855 1.157008
660000 4.562872 -2.749032 1.267271
670000 3.856139 -2.757887 0.991791
680000 3.148905 -2.838540 0.972503
690000 4.288403 -2.751520 1.063453
700000 4.615821 -2.886193 1.091248
710000 4.307285 -2.708002 0.999161
720000 2.448697 -2.814541 1.073131
730000 2.507187 -2.785851 0.981913
740000 1.907076 -2.709795 1.034315
750000 2.401909 -2.771963 1.074113
760000 3.101947 -2.888829 1.066695
770000 3.503849 -2.770654 1.021965
780000 4.633507 -2.723307 0.982655
790000 4.309319 -2.761047 1.147655
800000 4.509036 -2.792271 0.975172
810000 2.916890 -2.745477 1.142302
820000 1.715241 -2.783527 1.030177
830000 0.570661 -2.790631 1.110539
840000 0.912978 -2.762647 1.132615
850000 1.207537 -2.809053 1.139652
860000 1.497120 -2.798550 1.065300
870000 1.473605 -2.752771 1.042144
880000 2.384364 -2.757344 1.081306
890000 2.577611 -2.767464 0.957577
900000 2.962801 -2.750310 0.926472
910000 3.401421 -2.749699 1.051338
920000 4.013167 -2.835124 1.095997
930000 2.589821 -2.706419 0.948598
940000 3.211481 -2.725625 0.823921
950000 2.133818 -2.827558 1.100812
960000 1.775444 -2.639046 1.104320
970000 1.514802 -2.680508 0.980543
980000 1.005757 -2.815993 1.056085
990000 0.824338 -2.821714 0.993299
1000000 1.077451 -2.830426 1.108163
1010000 1.415008 -2.797646 1.023650
1020000 1.590470 -2.834932 0.989201
1030000 2.170482 -2.897699 0.983914
1040000 1.573445 -2.916632 1.150171
1050000 1.556427 -2.878098 0.969688
1060000 2.212839 -2.796114 1.136351
1070000 2.893169 -2.756444 0.893393
1080000 4.193781 -2.766279 1.052460
1090000 4.196000 -2.816936 1.061963
1100000 4.311690 -2.829783 1.067668
1110000 4.750759 -2.768858 1.002169
1120000 3.832389 -2.822735 1.043049
1130000 5.146570 -2.932563 1.083676
1140000 4.619402 -2.924303 1.032464
1150000 3.598891 -2.723565 1.035968
1160000 4.476162 -2.759942 1.002444
1170000 4.284912 -2.777874 1.022962
1180000 4.089296 -2.718706 0.878232
1190000 2.863955 -2.693607 0.955281
1200000 3.222211 -2.846466 1.114321
1210000 3.720761 -2.828584 1.013141
1220000 3.826075 -2.925278 0.928481
1230000 4.896719 -2.734421 1.138257
1240000 4.639052 -2.874585 1.117619
1250000 4.198066 -2.820951 1.001737
1260000 2.798748 -2.724797 1.163851
1270000 2.102941 -2.645922 0.975972
1280000 2.493263 -2.781593 1.115561
1290000 2.489600 -2.802372 1.074743
1300000 1.976474 -2.848269 0.931773
1310000 2.003977 -2.733979 1.063098
1320000 2.891181 -2.812047 0.956885
1330000 2.998941 -2.817400 1.103655
1340000 3.226734 -2.863897 1.025932
1350000 3.616438 -2.983109 1.035245
1360000 4.283146 -2.875289 0.962897
1370000 4.293602 -2.793123 1.159082
1380000 4.365546 -2.794069 1.019624
1390000 3.881108 -2.769092 1.046189
1400000 3.598011 -2.715307 1.169312
1410000 2.464905 -2.663535 1.080388
1420000 1.952528 -2.792042 0.958433
1430000 1.112963 -2.919370 1.009655
1440000 0.683661 -2.858754 1.048786
1450000 0.501722 -2.841139 1.216809
1460000 0.818392 -2.677184 1.052335
1470000 1.164632 -2.910175 0.958436
1480000 0.962283 -2.748212 1.147200
1490000 0.814156 -2.790244 0.992098
1500000 0.756757 -2.730178 1.059700
1510000 0.930237 -2.785397 1.237000
1520000 1.246568 -2.792421 0.973075
1530000 1.334521 -2.785112 1.040805
1540000 1.144648 -2.953406 1.028537
1550000 1.265002 -2.801274 0.995754
1560000 1.448245 -2.785843 1.017836
1570000 1.619766 -2.960211 0.954676
1580000 1.624813 -2.822611 0.884901
1590000 1.926905 -2.768226 1.007031
1600000 2.644441 -2.817307 1.116374
1610000 2.537347 -2.776237 1.019258
1620000 2.424983 -2.757966 0.896086
1630000 2.496814 -2.731268 1.043929
1640000 3.216752 -2.791657 1.088185
1650000 4.268331 -2.864592 1.119797
1660000 4.707868 -2.804487 0.997042
1670000 3.958911 -2.796390 1.095158
1680000 3.350664 -2.966629 0.951486
1690000 3.116684 -2.675813 0.968464
1700000 3.467431 -2.852881 1.032538
1710000 2.648469 -2.841694 1.071864
1720000 2.627698 -2.812203 1.079839
1730000 3.247749 -2.776019 1.076674
1740000 3.152122 -2.784660 1.061306
1750000 2.429316 -2.898697 1.059733
1760000 2.169435 -2.796160 1.127044
1770000 4.310441 -2.756810 0.945415
1780000 3.835943 -2.792937 1.102265
1790000 4.611551 -2.752135 1.111693
1800000 4.855318 -2.676159 1.019557
1810000 4.400768 -2.721157 1.126562
1820000 4.627076 -2.812542 0.969308
1830000 4.710537 -2.832372 1.096494
1840000 3.793665 -2.701571 1.001307
1850000 2.538257 -2.874115 0.975668
1860000 3.629961 -2.812985 1.016450
1870000 4.694150 -2.924064 1.030018
1880000 4.691078 -2.721515 1.216400
1890000 4.698449 -2.696344 1.146212
1900000 4.145876 -2.683480 1.049300
1910000 3.652105 -2.620970 1.053879
1920000 3.754385 -2.774945 1.021964
1930000 4.624099 -2.824354 1.072540
1940000 3.077323 -2.759068 1.071777
1950000 2.442363 -2.788070 1.149632
1960000 2.353855 -2.916150 1.026404
1970000 1.804561 -2.711059 1.065803
1980000 1.793539 -2.814156 1.084725
1990000 1.718920 -2.853660 1.192105
2000000 1.802900 -2.754473 1.225788
2010000 1.500349 -2.853145 1.104008
2020000 1.375897 -2.819408 1.058210
2030000 1.150696 -2.710642 0.980711
2040000 0.500524 -2.913419 1.008047
2050000 0.731352 -2.974628 0.994998
2060000 0.845791 -2.930042 1.059176
2070000 1.215384 -2.836960 0.946852
2080000 1.369557 -2.912124 0.997719
2090000 1.229453 -2.798343 1.115384
2100000 1.237233 -2.827216 1.045649
2110000 0.974609 -2.814219 1.041739
2120000 1.369571 -2.915467 1.045247
2130000 1.770562 -2.696386 0.935613
2140000 1.705239 -2.854218 1.130094
2150000 2.030648 -2.867207 1.102038
2160000 2.302051 -2.851232 1.126065
2170000 2.549116 -2.781766 1.002081
2180000 2.725923 -2.732387 1.026677
2190000 2.546791 -2.763869 1.101010
2200000 3.109299 -2.767892 1.008410
2210000 3.216502 -2.818303 1.031021
2220000 4.086134 -2.818975 1.015063
2230000 4.303489 -2.745414 1.018401
2240000 4.228790 -2.814690 1.088710
2250000 4.066359 -2.684627 1.095891
2260000 4.712204 -2.840741 0.977065
2270000 4.892123 -2.745552 1.047353
2280000 4.707559 -2.747682 1.108247
2290000 4.513303 -2.778528 0.927484
2300000 4.728882 -2.675657 1.014655
2310000 5.011107 -2.703553 0.997280
2320000 4.492225 -2.803330 1.045215
2330000 3.779653 -2.800691 1.034565
2340000 3.886999 -2.679157 1.037659
2350000 3.002808 -2.763293 1.127915
2360000 3.048363 -2.717168 1.071137
2370000 2.371879 -2.870486 0.993849
2380000 2.715878 -2.848145 1.085614
2390000 3.139206 -2.843237 1.149287
2400000 3.422715 -2.802277 1.045634
2410000 3.927191 -2.774368 1.122120
2420000 3.245165 -2.722702 0.898315
2430000 2.195323 -2.759610 0.971823
2440000 2.242602 -2.757778 1.014715
2450000 1.863304 -2.812309 0.952341
2460000 1.730789 -2.862709 1.139165
2470000 1.374922 -2.721630 1.047568
2480000 1.607561 -2.834290 1.057857
2490000 1.229383 -2.739074 1.124627
2500000 0.790394 -2.866038 1.150254
2510000 0.936131 -2.758101 1.034888
2520000 0.921290 -2.707113 0.940999
2530000 0.834988 -2.865784 1.053209
2540000 0.499634 -2.811148 1.092396
2550000 1.078439 -2.553366 1.139418
2560000 1.062347 -2.736471 1.056280
2570000 0.720303 -2.885316 1.086894
2580000 0.838566 -2.748970 1.077651
2590000 0.808522 -2.763308 1.233007
2600000 1.021546 -2.715162 1.074043
2610000 1.058126 -2.901046 1.047598
2620000 1.396239 -2.896310 1.140179
2630000 0.558630 -2.874558 1.060048
2640000 0.636836 -2.870987 1.116643
2650000 0.716298 -2.728875 1.061513
2660000 1.096362 -2.685225 0.993072
2670000 1.175701 -2.898532 1.018072
2680000 1.505271 -2.732234 0.966388
2690000 1.769864 -2.751332 1.101888
2700000 2.281595 -2.822049 1.026764
2710000 2.245557 -2.769848 0.914046
2720000 2.517597 -2.940125 1.111729
2730000 2.823154 -2.873010 1.015793
2740000 2.939285 -2.808481 1.271724
2750000 3.214134 -2.747752 1.081387
2760000 2.660663 -2.829046 0.934109
2770000 3.741627 -2.719916 1.066795
2780000 4.180175 -2.879965 0.980083
2790000 4.875240 -2.657756 1.075365
2800000 5.013165 -2.671797 0.998312
2810000 4.690014 -2.860603 1.074372
2820000 4.898051 -2.842361 0.965908
2830000 4.940748 -2.736687 1.089624
2840000 3.726280 -2.875656 0.975359
2850000 4.817472 -2.888779 1.078937
2860000 3.985770 -2.711910 1.084874
2870000 3.194283 -2.786915 1.012541
2880000 2.855237 -2.722643 1.048142
2890000 2.580679 -2.778816 0.993419
2900000 2.450068 -2.829075 1.231724
2910000 2.578462 -2.834632 0.979766
2920000 2.302959 -2.723810 1.004058
2930000 2.143507 -2.745645 1.210380
2940000 2.308216 -2.810367 1.101869
2950000 4.003405 -2.752578 1.083768
2960000 3.996627 -2.736025 1.036609
2970000 4.310084 -2.928207 1.012785
2980000 4.949290 -2.720148 1.139380
2990000 4.681597 -2.867392 1.139842
3000000 3.930081 -2.848001 1.043557
3010000 3.774059 -2.840798 1.207733
3020000 4.850650 -2.789172 1.034333
3030000 4.695302 -2.856983 1.032279
3040000 4.269036 -2.890869 0.941777
3050000 3.350230 -2.863524 1.069697
3060000 3.689230 -2.691471 1.041886
3070000 4.206649 -2.871261 1.158701
3080000 4.968023 -2.766396 1.079680
3090000 4.374887 -2.821605 1.013772
3100000 3.458500 -2.854301 1.202364
3110000 4.751768 -2.770386 0.994273
3120000 4.096117 -2.758275 1.078151
3130000 4.056834 -2.776037 0.966358
3140000 4.846111 -2.852610 1.087539
3150000 4.891811 -2.818489 0.992066
3160000 3.477022 -2.776776 1.025823
3170000 2.976280 -2.865329 1.109699
3180000 2.931128 -2.792868 1.088006
3190000 3.674440 -2.706605 1.092250
3200000 3.023286 -2.640156 1.025682
3210000 3.361485 -2.705156 1.109783
3220000 3.324903 -2.741547 1.085749
3230000 3.987576 -2.851910 1.057728
3240000 3.302438 -2.826228 1.191868
3250000 3.194237 -2.907616 1.008409
3260000 2.635952 -2.871921 1.034616
3270000 2.349866 -2.783001 1.136637
3280000 2.006316 -2.919699 0.930597
3290000 2.344016 -2.794224 1.090539
3300000 1.794081 -2.829925 0.982348
3310000 1.463255 -2.784569 1.058729
3320000 1.561345 -2.799134 1.064069
3330000 1.582451 -2.733274 1.016079
3340000 1.845075 -2.675188 1.145749
3350000 1.927661 -2.913200 1.158703
3360000 1.715843 -2.931920 1.002532
3370000 2.258625 -2.794500 0.880952
3380000 2.582547 -2.749859 0.954907
3390000 2.716972 -2.873744 1.103984
3400000 1.750462 -2.719617 1.066856
3410000 1.896875 -2.784276 0.991163
3420000 2.006776 -2.850011 0.961608
3430000 2.968791 -2.660423 1.081638
3440000 2.943401 -2.793538 1.047847
3450000 3.797931 -2.827901 1.081093
3460000 3.755689 -2.729732 0.975241
3470000 4.236892 -2.851778 1.120565
3480000 4.038342 -2.767310 0.992985
3490000 4.452810 -2.781285 1.105538
3500000 3.978443 -2.690750 1.062108
3510000 4.480410 -2.847676 0.954357
3520000 3.539378 -2.762509 1.110710
3530000 3.295434 -2.824249 1.121687
3540000 3.863316 -2.842495 1.197258
3550000 3.310321 -2.787153 1.017508
3560000 3.405503 -2.766593 1.047787
3570000 3.504706 -2.851260 1.011882
3580000 4.049019 -2.709668 1.022225
3590000 4.686821 -2.846264 1.152754
3600000 4.144942 -2.930725 1.123491
3610000 4.052241 -2.683030 1.152657
3620000 2.995419 -2.798412 1.100750
3630000 2.369958 -2.725259 1.116160
3640000 2.779364 -2.878228 0.960982
3650000 3.089473 -2.769146 1.184653
3660000 3.827998 -2.712824 1.044955
3670000 3.234451 -2.760505 0.979556
3680000 3.280764 -2.789981 1.025563
3690000 2.663993 -2.782108 1.110415
3700000 2.536164 -2.836610 1.009781
3710000 2.251770 -2.674756 1.078546
3720000 2.088140 -2.781182 1.011552
3730000 2.085085 -2.815532 1.152280
3740000 2.290305 -2.893540 1.087273
3750000 2.458522 -2.773497 1.029560
3760000 2.027981 -2.863548 1.041655
3770000 1.355903 -2.830045 0.946905
3780000 1.449151 -2.774954 1.085011
3790000 1.503735 -2.761273 0.887424
3800000 1.439259 -2.813390 0.984980
3810000 1.618858 -2.758375 0.986084
3820000 1.400435 -2.743576 1.031934
3830000 1.300951 -2.831584 1.035788
3840000 1.272479 -2.628717 1.118770
3850000 1.222893 -2.758069 1.090731
3860000 1.010805 -2.789028 1.063844
3870000 1.031635 -2.719770 0.989048
3880000 0.970352 -2.872394 1.019354
3890000 1.239532 -2.835696 0.963485
3900000 1.308133 -2.775503 1.112944
3910000 1.292145 -2.784524 1.031454
3920000 0.995338 -2.800915 1.143836
3930000 0.674582 -2.701736 1.023762
3940000 0.674877 -2.636381 1.078034
3950000 0.787351 -2.831635 1.104202
3960000 0.500544 -2.846996 1.081317
3970000 0.498747 -2.918645 1.175641
3980000 0.579577 -2.888289 1.089025
3990000 0.585573 -2.733246 1.148103
4000000 0.589667 -2.749886 1.034140
