100000 2.446274 -2.869988 -1.326024
110000 2.977347 -2.741049 -1.271951
120000 4.289534 -2.748999 -1.440655
130000 2.360798 -2.763992 -1.532548
140000 1.133820 -2.861229 -1.511108
150000 1.055843 -2.787223 -1.366712
160000 0.872425 -2.805246 -1.456641
170000 1.597391 -2.782701 -1.298659
180000 2.024654 -2.827014 -1.531308
190000 1.889396 -2.918950 -1.432638
200000 1.341544 -2.902810 -1.406864
210000 1.061848 -2.734907 -1.290221
220000 1.587215 -2.815842 -1.316813
230000 3.559075 -2.761555 -1.414154
240000 3.547920 -2.731203 -1.497811
250000 3.773647 -2.796728 -1.400296
260000 4.533989 -2.858682 -1.504124
270000 3.713117 -2.880664 -1.517930
280000 2.448912 -2.939126 -1.306989
290000 2.172605 -2.911880 -1.353491
300000 2.337079 -2.744812 -1.341488
310000 3.191491 -2.784250 -1.514192
320000 3.017277 -2.879496 -1.467896
330000 4.277876 -2.671104 -1.378079
340000 4.615194 -2.768504 -1.488372
350000 4.898070 -2.799808 -1.363118
360000 4.065083 -2.815196 -1.580002
370000 4.043139 -2.936762 -1.430949
380000 4.700181 -2.717403 -1.451237
390000 3.102945 -2.845699 -1.403820
400000 2.575869 -2.755220 -1.338574
410000 3.580649 -2.824164 -1.353653
420000 3.796640 -2.858135 -1.467799
430000 4.873736 -2.762529 -1.396409
440000 3.785747 -2.804300 -1.381274
450000 4.018698 -2.698861 -1.402175
460000 4.880888 -2.828874 -1.495494
470000 4.506965 -2.715252 -1.373441
480000 3.374249 -2.825948 -1.283105
490000 4.571226 -2.754107 -1.394287
500000 2.674644 -2.701956 -1.466510
510000 1.643560 -2.703282 -1.393519
520000 1.579585 -2.724766 -1.406398
530000 1.863790 -2.714990 -1.401495
540000 1.097432 -2.798375 -1.354511
550000 0.777649 -2.733610 -1.356171
560000 0.923472 -2.742034 -1.442363
570000 0.577575 -2.809930 -1.306242
580000 0.806839 -2.788089 -1.334487
590000 1.238006 -2.814485 -1.415685
600000 1.351077 -2.811897 -1.375063
610000 1.323621 -2.837553 -1.354277
620000 1.412711 -2.755298 -1.393406
630000 1.775199 -2.759301 -1.374797
640000 2.383070 -2.813367 -1.400694
650000 2.188723 -2.863397 -1.360456
660000 1.869977 -2.799877 -1.451720
670000 2.944916 -2.851457 -1.281660
680000 2.771107 -2.793299 -1.457954
690000 2.168596 -2.852974 -1.330121
700000 3.006331 -2.774386 -1.456884
710000 2.949462 -2.848836 -1.274721
720000 1.913621 -2.908122 -1.538178
730000 1.737305 -2.756120 -1.414410
740000 2.341580 -2.728836 -1.377105
750000 3.071329 -2.779454 -1.351021
760000 4.106034 -2.838152 -1.358706
770000 4.575046 -2.666454 -1.241599
780000 3.927628 -2.805540 -1.483614
790000 4.480690 -2.802911 -1.264866
800000 4.074434 -2.733480 -1.331886
810000 3.525093 -2.736482 -1.350625
820000 4.261842 -2.757792 -1.472634
830000 3.077200 -2.887079 -1.393952
840000 2.805712 -2.716947 -1.436538
850000 2.584498 -2.794737 -1.453457
860000 2.025883 -2.743437 -1.264976
870000 1.614566 -2.713244 -1.401216
880000 1.400770 -2.649073 -1.307600
890000 1.864539 -2.869953 -1.341338
900000 1.132309 -2.625310 -1.483178
910000 0.756349 -2.798794 -1.397082
920000 0.496860 -2.940205 -1.382453
930000 0.777076 -2.685428 -1.343299
940000 0.581588 -2.805863 -1.402350
950000 0.811242 -2.696913 -1.420342
960000 1.145430 -2.817726 -1.330617
970000 1.273075 -2.820665 -1.376244
980000 1.355835 -2.959044 -1.427108
990000 1.057841 -2.822390 -1.430969
1000000 0.970549 -2.858466 -1.380357
1010000 1.159871 -2.721237 -1.320952
1020000 1.604116 -2.801294 -1.436978
1030000 1.861057 -2.783532 -1.324229
1040000 2.141223 -2.849542 -1.505429
1050000 2.780851 -2.818031 -1.435195
1060000 3.217264 -2.862596 -1.456714
1070000 3.541372 -2.730404 -1.331857
1080000 3.574741 -2.814539 -1.376762
1090000 4.453867 -2.825528 -1.433706
1100000 4.915892 -2.862433 -1.291807
1110000 3.755039 -2.779643 -1.352630
1120000 3.432192 -2.822298 -1.198319
1130000 3.299253 -2.810780 -1.351070
1140000 3.543874 -2.664127 -1.461162
1150000 4.154108 -2.868002 -1.249217
1160000 4.772737 -2.840277 -1.424237
1170000 4.844417 -2.747059 -1.351633
1180000 4.521579 -2.806627 -1.309796
1190000 3.471595 -2.826379 -1.426996
1200000 3.082365 -2.836385 -1.397430
1210000 3.031012 -2.812523 -1.414778
1220000 2.274592 -2.753420 -1.363293
1230000 2.014551 -2.725340 -1.315776
1240000 1.518784 -2.841601 -1.340839
1250000 1.746075 -2.900951 -1.413250
1260000 1.618096 -2.906280 -1.393361
1270000 2.528707 -2.724213 -1.437682
1280000 2.895859 -2.733970 -1.350277
1290000 3.225894 -2.890159 -1.366451
1300000 3.577865 -2.850526 -1.452835
1310000 4.437640 -2.767790 -1.245861
1320000 3.729006 -2.711269 -1.399868
1330000 4.464064 -2.770101 -1.269628
1340000 4.484917 -2.828120 -1.301637
1350000 3.728103 -2.683916 -1.308285
1360000 3.132529 -2.786387 -1.286895
1370000 2.955953 -2.709914 -1.407724
1380000 2.706371 -2.746662 -1.473057
1390000 2.330532 -2.874404 -1.395443
1400000 2.889806 -2.879712 -1.473196
1410000 2.984727 -2.814738 -1.386174
1420000 3.496237 -2.733564 -1.386457
1430000 3.837110 -2.817340 -1.315994
1440000 4.509221 -2.861536 -1.366880
1450000 4.804232 -2.807858 -1.521406
1460000 4.749214 -2.709256 -1.369026
1470000 4.923548 -2.744182 -1.405750
1480000 4.979682 -2.784773 -1.326041
1490000 4.667854 -2.759566 -1.305774
1500000 4.388369 -2.749408 -1.453443
1510000 3.857224 -2.714504 -1.446375
1520000 3.111484 -2.828583 -1.398438
1530000 3.069491 -2.651523 -1.481575
1540000 4.099087 -2.762532 -1.330189
1550000 4.620454 -2.784319 -1.354412
1560000 3.497657 -2.782118 -1.419485
1570000 3.825654 -2.786516 -1.475477
1580000 4.660410 -2.737248 -1.434769
1590000 4.683640 -2.923315 -1.472242
1600000 3.340945 -2.848939 -1.446051
1610000 2.083457 -2.823740 -1.416986
1620000 1.940115 -2.733254 -1.433227
1630000 2.306522 -2.801422 -1.392486
1640000 2.662420 -2.871212 -1.462304
1650000 3.631317 -2.849624 -1.386275
1660000 2.507020 -2.897355 -1.427583
1670000 2.097549 -2.708452 -1.386856
1680000 1.552346 -2.807497 -1.374243
1690000 1.321275 -2.881273 -1.572575
1700000 1.224682 -2.807842 -1.223265
1710000 1.373618 -2.752771 -1.405033
1720000 0.944701 -2.728299 -1.435785
1730000 0.797413 -2.790264 -1.443672
1740000 0.660718 -2.852646 -1.514690
1750000 1.011515 -2.884079 -1.341664
1760000 1.262322 -2.870900 -1.315946
1770000 1.649968 -2.755819 -1.451799
1780000 1.931164 -2.964478 -1.458410
1790000 2.131409 -2.732876 -1.349446
1800000 3.321086 -2.771199 -1.433454
1810000 4.125230 -2.849226 -1.330151
1820000 3.089946 -2.905176 -1.435036
1830000 3.328468 -2.861675 -1.335355
1840000 4.390256 -2.767606 -1.358449
1850000 4.252131 -2.939920 -1.366495
1860000 4.549532 -2.760259 -1.303603
1870000 4.043217 -2.760734 -1.471993
1880000 4.178067 -2.704129 -1.414977
1890000 2.835608 -2.660558 -1.494947
1900000 2.414172 -2.796977 -1.301336
1910000 2.837327 -2.753115 -1.453646
1920000 2.119627 -2.728232 -1.475731
1930000 1.916080 -2.782573 -1.440552
1940000 1.677968 -2.632886 -1.420597
1950000 1.632254 -2.802207 -1.423740
1960000 1.596794 -2.850945 -1.375543
1970000 2.550982 -2.842108 -1.393761
1980000 2.694384 -2.808230 -1.325649
1990000 3.156485 -2.786433 -1.472497
2000000 2.304122 -2.846378 -1.377839
2010000 2.173782 -2.682917 -1.340752
2020000 2.575627 -2.701011 -1.454015
2030000 2.963770 -2.795039 -1.291123
2040000 2.849243 -2.846883 -1.418059
2050000 3.759275 -2.823236 -1.408741
2060000 3.972550 -2.794070 -1.328916
2070000 4.693742 -2.763266 -1.417479
2080000 4.601573 -2.796808 -1.423001
2090000 4.684000 -2.827584 -1.452365
2100000 4.189124 -2.980756 -1.414002
2110000 4.491182 -2.775442 -1.408071
2120000 3.607251 -2.848649 -1.516667
2130000 4.453906 -2.747093 -1.486752
2140000 4.269517 -2.855516 -1.333149
2150000 3.145687 -2.741707 -1.533330
2160000 3.245753 -2.827591 -1.378157
2170000 3.735272 -2.794971 -1.382871
2180000 4.282740 -2.875979 -1.412352
2190000 4.369385 -2.848319 -1.372450
2200000 4.889467 -2.791503 -1.352974
2210000 4.069879 -2.767918 -1.359263
2220000 3.451585 -2.884401 -1.446338
2230000 4.117706 -2.813187 -1.339018
2240000 2.682140 -2.811848 -1.403023
2250000 2.860919 -2.737240 -1.421742
2260000 2.337478 -2.844718 -1.374376
2270000 2.211345 -2.918038 -1.254615
2280000 1.918480 -2.767515 -1.419473
2290000 1.489280 -2.813158 -1.494485
2300000 0.746159 -2.686481 -1.435598
2310000 0.603929 -2.844989 -1.436578
2320000 0.501978 -2.847376 -1.490850
2330000 0.725538 -2.698957 -1.610646
2340000 1.191314 -2.763897 -1.541343
2350000 1.114945 -2.627506 -1.403834
2360000 0.767812 -2.766977 -1.353992
2370000 1.194509 -2.807105 -1.210830
2380000 1.555488 -2.700009 -1.330752
2390000 1.592316 -2.926269 -1.459822
2400000 1.942703 -2.863673 -1.487979
2410000 2.286472 -2.658521 -1.342329
2420000 2.058137 -2.828912 -1.489806
2430000 2.698147 -2.861850 -1.511848
2440000 1.948828 -2.874335 -1.492196
2450000 1.711016 -2.856973 -1.475023
2460000 1.665740 -2.799501 -1.281642
2470000 1.798616 -2.576083 -1.460462
2480000 1.932187 -2.844369 -1.424894
2490000 2.727496 -2.900858 -1.466594
2500000 3.076960 -2.839995 -1.418150
2510000 3.450079 -2.765952 -1.282454
2520000 4.537795 -2.859745 -1.416203
2530000 4.934780 -2.770388 -1.379728
2540000 4.380752 -2.785893 -1.327188
2550000 3.733000 -2.783953 -1.346256
2560000 4.885227 -2.773772 -1.298061
2570000 5.021771 -2.908010 -1.454856
2580000 3.967684 -2.830571 -1.435544
2590000 4.388287 -2.713444 -1.311382
2600000 5.016824 -2.803859 -1.438313
2610000 4.761862 -2.912238 -1.525220
2620000 4.531990 -2.764235 -1.414171
2630000 4.835075 -2.767318 -1.517360
2640000 4.858999 -2.759368 -1.447432
2650000 4.254987 -2.860000 -1.347867
2660000 3.885770 -2.826099 -1.305019
2670000 3.330869 -2.753104 -1.511801
2680000 3.413193 -2.702946 -1.250316
2690000 3.447242 -2.780724 -1.291869
2700000 2.985760 -2.684903 -1.312098
2710000 3.639670 -2.910077 -1.437298
2720000 4.266494 -2.915076 -1.371676
2730000 3.809787 -2.846268 -1.472738
2740000 2.815627 -2.856789 -1.511716
2750000 2.514563 -2.731082 -1.326076
2760000 3.572781 -2.766337 -1.396012
2770000 3.679147 -2.912701 -1.303267
2780000 2.643893 -2.669092 -1.539274
2790000 2.518764 -2.744458 -1.257026
2800000 2.801025 -2.724636 -1.331231
2810000 2.110395 -2.707850 -1.440051
2820000 2.184312 -2.826899 -1.345852
2830000 1.474219 -2.774386 -1.579602
2840000 1.193584 -2.834905 -1.399295
2850000 0.894454 -2.783910 -1.449974
2860000 1.008243 -2.863477 -1.412148
2870000 1.245192 -2.794604 -1.390490
2880000 1.345957 -2.857137 -1.436222
2890000 1.310531 -2.804069 -1.345433
2900000 1.416912 -2.819303 -1.287532
2910000 1.434675 -2.940542 -1.361777
2920000 0.911251 -2.770511 -1.526920
2930000 0.850427 -2.796972 -1.253216
2940000 0.862425 -2.809027 -1.385414
2950000 0.874952 -2.872508 -1.443226
2960000 0.848576 -2.775564 -1.424392
2970000 0.684633 -2.714454 -1.295867
2980000 0.503055 -2.742121 -1.456730
2990000 0.590246 -2.791695 -1.466185
3000000 0.501135 -2.759112 -1.418751
3010000 0.776413 -2.885263 -1.456699
3020000 0.975429 -2.700368 -1.364452
3030000 1.082225 -2.724565 -1.367950
3040000 0.706281 -2.780607 -1.459435
3050000 0.736850 -2.834717 -1.297428
3060000 1.054448 -2.699101 -1.382525
3070000 0.950534 -2.857176 -1.355023
3080000 0.919917 -2.705316 -1.528293
3090000 0.784295 -2.731747 -1.364804
3100000 1.300559 -2.698455 -1.402964
3110000 1.478167 -2.660557 -1.495266
3120000 1.431904 -2.837200 -1.434441
3130000 1.347274 -2.579780 -1.477401
3140000 1.677248 -2.850074 -1.422150
3150000 1.755203 -2.717177 -1.334937
3160000 1.551304 -2.781713 -1.391005
3170000 1.782456 -2.699252 -1.359744
3180000 2.115779 -2.856160 -1.379490
3190000 2.215644 -2.678343 -1.258884
3200000 2.472158 -2.746113 -1.393260
3210000 2.375796 -2.908985 -1.333744
3220000 2.696515 -2.864628 -1.356185
3230000 2.864252 -2.873154 -1.350668
3240000 3.357756 -2.747613 -1.470871
3250000 4.013137 -2.679227 -1.413616
3260000 4.344508 -2.706463 -1.372627
3270000 4.512047 -2.848426 -1.552273
3280000 4.197254 -2.778605 -1.412973
3290000 4.527991 -2.706033 -1.321216
3300000 3.651023 -2.780550 -1.354066
3310000 2.766365 -2.870116 -1.349653
3320000 3.226835 -2.700220 -1.347227
3330000 3.070633 -2.813566 -1.473036
3340000 4.681345 -2.760681 -1.570319
3350000 5.027326 -2.877584 -1.333793
3360000 5.030183 -2.870802 -1.443228
3370000 4.413121 -2.755198 -1.360351
3380000 4.398140 -2.804599 -1.437549
3390000 4.837153 -2.655340 -1.296915
3400000 4.381259 -2.904101 -1.464571
3410000 3.882975 -2.757910 -1.517316
3420000 4.318268 -2.818027 -1.389946
3430000 4.896681 -2.651812 -1.453863
3440000 4.168523 -2.726012 -1.475095
3450000 4.020806 -2.734918 -1.457323
3460000 4.499566 -2.711486 -1.351171
3470000 3.099147 -2.817378 -1.477175
3480000 2.826134 -2.909688 -1.365717
3490000 2.440331 -2.735084 -1.365587
3500000 3.446829 -2.770977 -1.279245
3510000 2.883634 -2.730417 -1.359642
3520000 2.248617 -2.830795 -1.426164
3530000 2.151462 -2.913615 -1.381274
3540000 2.330705 -2.780127 -1.488051
3550000 2.861279 -2.949806 -1.440758
3560000 3.609503 -2.726157 -1.569724
3570000 3.449667 -2.727424 -1.315528
3580000 3.826416 -2.812740 -1.387077
3590000 3.186699 -2.833046 -1.504335
3600000 3.847722 -2.816592 -1.480910
3610000 2.891244 -2.783647 -1.514085
3620000 3.596902 -2.762095 -1.423726
3630000 4.223515 -2.728084 -1.310879
3640000 5.078426 -2.775581 -1.397379
3650000 4.120927 -2.915063 -1.363742
3660000 4.950754 -2.810782 -1.427046
3670000 4.913406 -2.669407 -1.445589
3680000 4.380292 -2.760571 -1.351039
3690000 3.897645 -2.798887 -1.451499
3700000 2.974370 -2.787050 -1.344863
3710000 3.762284 -2.756919 -1.374370
3720000 2.983098 -2.765614 -1.427025
3730000 4.217525 -2.762817 -1.305028
3740000 4.216168 -2.780181 -1.462000
3750000 4.264097 -2.737954 -1.560743
3760000 4.636933 -2.724468 -1.447969
3770000 4.563764 -2.839755 -1.339032
3780000 3.247519 -2.814161 -1.413450
3790000 2.800763 -2.761683 -1.411332
3800000 2.182716 -2.863042 -1.210974
3810000 1.682676 -2.771355 -1.408733
3820000 2.464960 -2.956540 -1.328157
3830000 2.073624 -2.817550 -1.601004
3840000 1.595802 -2.638313 -1.452778
3850000 1.560198 -2.687267 -1.363549
3860000 1.559681 -2.875193 -1.420164
3870000 1.439877 -2.704514 -1.290253
3880000 1.583314 -2.660145 -1.264293
3890000 1.910040 -2.828158 -1.329148
3900000 2.594250 -2.774655 -1.471218
3910000 2.056689 -2.887495 -1.509993
3920000 2.703060 -2.789866 -1.337652
3930000 2.310762 -2.904577 -1.422021
3940000 3.065605 -2.805052 -1.378808
3950000 2.399927 -2.642293 -1.364312
3960000 2.162631 -2.981261 -1.234181
3970000 1.912272 -2.740670 -1.366290
3980000 3.125723 -2.733500 -1.356573
3990000 4.882664 -2.862811 -1.434912
4000000 4.731812 -2.899655 -1.486231
