100000 2.616010 -2.929158 -2.800764
110000 2.350132 -2.782432 -2.728814
120000 4.211112 -2.785502 -2.612888
130000 3.924932 -2.803653 -2.655763
140000 4.775793 -2.700888 -2.594611
150000 4.739404 -2.769921 -2.606954
160000 2.723014 -2.786420 -2.537261
170000 3.241375 -2.878463 -2.597760
180000 3.060290 -2.737182 -2.627438
190000 1.608820 -2.785945 -2.653752
200000 1.945083 -2.755096 -2.585734
210000 2.268034 -2.970519 -2.533754
220000 3.404062 -2.736067 -2.620760
230000 4.783097 -2.775725 -2.711699
240000 4.663399 -2.853989 -2.592050
250000 4.238439 -2.815062 -2.648006
260000 4.186185 -2.929977 -2.583730
270000 3.715214 -2.748360 -2.596931
280000 4.012933 -2.730053 -2.719703
290000 2.596934 -2.778636 -2.688673
300000 1.172744 -2.904716 -2.552122
310000 0.767612 -2.907580 -2.768026
320000 0.804403 -2.895510 -2.570858
330000 1.038872 -2.822766 -2.586003
340000 1.636237 -2.930655 -2.685808
350000 2.453310 -2.776472 -2.600374
360000 1.432459 -2.779008 -2.663316
370000 0.960551 -2.870328 -2.613287
380000 2.207689 -2.804186 -2.535899
390000 2.386875 -2.676094 -2.548252
400000 3.755212 -2.925799 -2.648978
410000 2.044712 -2.843618 -2.589270
420000 2.969760 -2.762337 -2.803369
430000 4.324212 -2.711285 -2.549212
440000 4.987023 -2.818617 -2.701076
450000 4.479005 -2.895404 -2.717358
460000 4.840858 -2.766261 -2.641166
470000 3.525966 -2.738383 -2.714282
480000 3.133506 -2.887389 -2.641523
490000 3.872237 -2.760640 -2.685516
500000 3.800208 -2.715620 -2.466574
510000 2.482751 -2.800694 -2.649958
520000 2.081911 -2.761234 -2.735809
530000 1.283553 -2.869332 -2.738292
540000 1.629083 -2.754026 -2.594330
550000 3.104357 -2.683131 -2.614236
560000 3.799740 -2.789975 -2.643916
570000 2.707702 -2.728947 -2.667448
580000 3.749895 -2.853260 -2.564782
590000 4.275688 -2.909735 -2.579137
600000 3.065222 -2.851365 -2.577473
610000 2.191702 -2.820114 -2.438301
620000 1.574485 -2.865567 -2.588017
630000 1.563413 -2.829027 -2.724526
640000 0.869874 -2.818475 -2.692245
650000 0.784863 -2.680158 -2.693312
660000 0.889056 -2.905783 -2.655806
670000 1.145341 -2.748432 -2.616024
680000 1.265050 -2.804574 -2.636655
690000 1.441661 -2.817788 -2.581739
700000 2.087251 -2.745138 -2.775790
710000 2.194120 -2.848737 -2.672474
720000 3.323056 -2.857880 -2.673042
730000 4.842984 -2.754962 -2.616211
740000 4.724751 -2.845044 -2.604276
750000 3.150581 -2.703453 -2.652873
760000 4.806387 -2.826383 -2.568660
770000 3.449717 -2.798007 -2.619860
780000 4.946608 -2.827662 -2.701262
790000 4.767476 -2.837531 -2.628890
800000 4.200673 -2.740357 -2.621729
810000 2.769598 -2.831580 -2.529864
820000 3.427046 -2.695738 -2.516099
830000 2.355151 -2.718986 -2.448576
840000 2.590445 -2.746091 -2.700778
850000 2.204090 -2.737662 -2.612376
860000 2.291791 -2.830731 -2.688882
870000 1.717723 -2.774440 -2.563832
880000 1.202367 -2.797465 -2.556452
890000 1.116761 -3.013175 -2.528814
900000 0.717146 -2.885769 -2.621664
910000 0.824961 -2.748453 -2.648946
920000 0.729653 -2.838662 -2.697838
930000 0.689193 -2.775229 -2.697029
940000 1.138798 -2.780851 -2.588884
950000 1.087182 -2.670074 -2.679455
960000 1.134461 -2.712298 -2.634644
970000 1.425509 -2.850668 -2.600669
980000 1.130868 -2.746705 -2.725750
990000 0.862436 -2.852961 -2.503268
1000000 0.605024 -2.918265 -2.742728
1010000 0.775700 -2.835926 -2.530636
1020000 0.855079 -2.753793 -2.736075
1030000 0.841994 -2.911496 -2.596681
1040000 0.949343 -2.808607 -2.627448
1050000 1.296522 -2.933726 -2.617870
1060000 1.620961 -2.849964 -2.541480
1070000 2.457805 -2.783874 -2.528733
1080000 2.131253 -2.822996 -2.624651
1090000 3.782861 -2.806528 -2.648832
1100000 3.646137 -2.795944 -2.531647
1110000 3.553555 -2.724179 -2.577998
1120000 2.732204 -2.799322 -2.525081
1130000 3.355065 -2.765067 -2.558292
1140000 4.526078 -2.861125 -2.691417
1150000 3.857806 -2.728827 -2.644500
1160000 3.966200 -2.758812 -2.651495
1170000 2.831154 -2.802283 -2.652317
1180000 2.689708 -2.743890 -2.582507
1190000 3.684212 -2.914060 -2.652906
1200000 4.415812 -2.862154 -2.604075
1210000 4.039751 -2.862331 -2.641987
1220000 3.326879 -2.776207 -2.604361
1230000 4.438638 -2.783141 -2.720919
1240000 4.872183 -2.780546 -2.692067
1250000 4.334402 -2.739520 -2.522224
1260000 4.846012 -2.810013 -2.679139
1270000 3.609144 -2.662409 -2.642818
1280000 3.087561 -2.786172 -2.541588
1290000 2.627113 -2.775062 -2.681461
1300000 2.290382 -2.771809 -2.698443
1310000 1.866745 -2.851464 -2.500400
1320000 1.562591 -2.806326 -2.593453
1330000 1.731232 -2.945659 -2.627760
1340000 1.665502 -2.780043 -2.686646
1350000 2.334528 -2.769540 -2.642239
1360000 3.006732 -2.864589 -2.656568
1370000 2.955247 -2.814968 -2.600926
1380000 3.367134 -2.832397 -2.563879
1390000 2.219329 -2.880342 -2.760209
1400000 2.245853 -2.869263 -2.491292
1410000 2.290469 -2.616420 -2.496268
1420000 2.026667 -2.742834 -2.630037
1430000 1.779974 -2.757439 -2.607610
1440000 3.270301 -2.853132 -2.641683
1450000 3.701557 -2.858033 -2.686337
1460000 3.837805 -2.680607 -2.722121
1470000 4.594092 -2.819149 -2.622754
1480000 3.237900 -2.829464 -2.668228
1490000 2.552530 -2.963842 -2.614464
1500000 2.829076 -2.820520 -2.603093
1510000 4.111192 -2.840578 -2.675238
1520000 4.559137 -2.707814 -2.799641
1530000 3.893946 -2.901333 -2.681330
1540000 3.413108 -2.685540 -2.530243
1550000 2.170283 -2.791470 -2.507248
1560000 3.475809 -2.817343 -2.612609
1570000 3.447488 -2.811481 -2.629266
1580000 4.271875 -2.819864 -2.555546
1590000 4.228857 -2.725890 -2.581842
1600000 4.884656 -2.830370 -2.582121
1610000 4.987314 -2.851404 -2.666505
1620000 4.282722 -2.743629 -2.637110
1630000 4.747640 -2.818011 -2.571737
1640000 4.977294 -2.703445 -2.602240
1650000 3.988205 -2.800103 -2.620350
1660000 2.956083 -2.927702 -2.560390
1670000 2.593422 -2.761436 -2.695813
1680000 2.475679 -2.793054 -2.546004
1690000 2.858129 -2.783361 -2.539164
1700000 3.889094 -2.884940 -2.685585
1710000 3.857401 -2.745199 -2.623173
1720000 3.218548 -2.852559 -2.686134
1730000 3.353294 -2.831975 -2.622527
1740000 3.135425 -2.721952 -2.683375
1750000 2.077963 -2.847785 -2.623042
1760000 1.404796 -2.813941 -2.606986
1770000 1.325321 -2.764311 -2.612349
1780000 1.591663 -2.901095 -2.620819
1790000 1.768396 -2.922566 -2.535799
1800000 1.921893 -2.865472 -2.568451
1810000 1.230257 -2.742914 -2.595037
1820000 0.998696 -2.923348 -2.642838
1830000 0.499739 -2.846213 -2.709259
1840000 0.791924 -2.731450 -2.555793
1850000 0.919287 -2.688731 -2.690721
1860000 0.694873 -2.880045 -2.719733
1870000 1.180445 -2.823646 -2.611927
1880000 1.309327 -2.655234 -2.656579
1890000 2.008221 -2.816027 -2.670799
1900000 2.165134 -2.848182 -2.580545
1910000 2.535903 -2.771813 -2.590129
1920000 2.830008 -2.792256 -2.563134
1930000 3.004875 -2.795873 -2.529082
1940000 4.031693 -2.705978 -2.603107
1950000 4.083829 -2.714926 -2.681924
1960000 4.895059 -2.927027 -2.595915
1970000 4.426946 -2.832150 -2.688260
1980000 4.606146 -2.791695 -2.722279
1990000 3.771989 -2.860503 -2.704354
2000000 4.634932 -2.709886 -2.653936
2010000 3.949603 -2.787702 -2.706978
2020000 4.035667 -2.821553 -2.645661
2030000 4.379917 -2.770001 -2.586217
2040000 3.087082 -2.825735 -2.474359
2050000 2.196881 -2.716485 -2.496570
2060000 1.890266 -2.730516 -2.688673
2070000 2.304825 -2.741344 -2.640518
2080000 1.714044 -2.801889 -2.732927
2090000 1.357637 -2.735727 -2.610157
2100000 1.784843 -2.717588 -2.694470
2110000 1.315726 -2.758301 -2.794804
2120000 1.503687 -2.789160 -2.486968
2130000 1.951316 -2.661978 -2.616478
2140000 1.060448 -2.786825 -2.562563
2150000 0.949917 -2.877823 -2.615168
2160000 0.644863 -2.858009 -2.763061
2170000 0.694103 -2.925097 -2.581591
2180000 0.821689 -2.795332 -2.631749
2190000 0.925329 -2.740154 -2.582172
2200000 1.002205 -2.714116 -2.603213
2210000 0.501292 -2.782579 -2.606474
2220000 0.589412 -2.843245 -2.583595
2230000 0.596935 -2.795328 -2.651851
2240000 0.918398 -2.845805 -2.473482
2250000 0.958580 -2.788468 -2.680558
2260000 1.237132 -2.768371 -2.638746
2270000 1.370349 -2.813491 -2.538774
2280000 1.850131 -2.818641 -2.619716
2290000 2.592533 -2.867803 -2.569945
2300000 2.573808 -2.800805 -2.647134
2310000 2.370453 -2.839314 -2.556450
2320000 2.987156 -2.893633 -2.696734
2330000 3.402610 -2.748841 -2.552872
2340000 3.620834 -2.781372 -2.687282
2350000 3.384487 -2.757011 -2.554306
2360000 3.529508 -2.760062 -2.791386
2370000 3.501543 -2.735036 -2.646573
2380000 4.910211 -2.755602 -2.620543
2390000 4.741354 -2.836906 -2.668773
2400000 3.878720 -2.931137 -2.659824
2410000 3.482486 -2.824588 -2.715962
2420000 3.002682 -2.814917 -2.608434
2430000 2.270687 -2.773865 -2.708642
2440000 1.916851 -2.891783 -2.553859
2450000 2.746001 -2.719075 -2.699537
2460000 2.172864 -2.692196 -2.641431
2470000 1.808351 -2.829306 -2.573592
2480000 2.477066 -2.918034 -2.568444
2490000 2.831517 -2.742118 -2.647326
2500000 2.922115 -2.797780 -2.560337
2510000 3.240197 -2.688071 -2.517883
2520000 5.006695 -2.843264 -2.668826
2530000 4.661883 -2.799440 -2.694496
2540000 3.881685 -2.753136 -2.542932
2550000 4.231486 -2.811732 -2.644696
2560000 4.451889 -2.666617 -2.619776
2570000 4.229403 -2.741540 -2.602166
2580000 3.974003 -2.923086 -2.583453
2590000 3.549871 -2.783212 -2.602045
2600000 3.473858 -2.809938 -2.542115
2610000 3.803277 -2.747482 -2.575918
2620000 2.572432 -2.907253 -2.500100
2630000 2.044992 -2.807034 -2.528785
2640000 2.721701 -2.706152 -2.619328
2650000 2.794893 -2.833364 -2.627483
2660000 2.827618 -2.794973 -2.576546
2670000 2.632750 -2.616475 -2.531946
2680000 2.160023 -2.858546 -2.644679
2690000 1.950727 -2.718108 -2.621705
2700000 1.996084 -2.815521 -2.498728
2710000 1.769794 -2.827716 -2.480811
2720000 1.513291 -2.733020 -2.577021
2730000 1.246023 -2.943488 -2.626040
2740000 1.635638 -2.886221 -2.683308
2750000 1.679529 -2.832604 -2.593070
2760000 1.560266 -2.842492 -2.711757
2770000 1.123425 -2.729906 -2.514902
2780000 1.123702 -2.753755 -2.626116
2790000 1.045045 -2.743086 -2.559823
2800000 1.283433 -2.786863 -2.550120
2810000 1.514548 -2.861799 -2.648877
2820000 1.630264 -2.772035 -2.580735
2830000 1.213746 -2.826878 -2.665213
2840000 0.971194 -2.782730 -2.548304
2850000 0.840378 -2.829562 -2.669120
2860000 0.674144 -2.812291 -2.566163
2870000 0.980152 -2.730902 -2.662935
2880000 1.103180 -2.794625 -2.577175
2890000 1.057734 -2.807965 -2.587625
2900000 1.056557 -2.799099 -2.509557
2910000 0.791392 -2.670243 -2.785546
2920000 0.979477 -2.824923 -2.636431
2930000 0.828824 -2.688905 -2.589999
2940000 0.676757 -2.802635 -2.592874
2950000 0.825019 -2.870321 -2.676513
2960000 0.503614 -2.933282 -2.588642
2970000 0.498451 -2.726888 -2.567853
2980000 0.777780 -2.756390 -2.485665
2990000 0.493856 -2.894211 -2.760984
3000000 0.497972 -2.921435 -2.694749
3010000 0.671791 -2.857063 -2.627866
3020000 0.825212 -2.810854 -2.611893
3030000 0.805025 -2.902352 -2.675263
3040000 1.248422 -2.765466 -2.638894
3050000 1.339670 -2.714928 -2.615651
3060000 1.378385 -2.731601 -2.631284
3070000 1.400883 -2.767264 -2.611001
3080000 1.267795 -2.829153 -2.559548
3090000 1.091514 -2.813357 -2.701134
3100000 0.842856 -2.824187 -2.706076
3110000 0.936896 -2.911400 -2.617966
3120000 0.786544 -2.802359 -2.641744
3130000 0.984539 -2.798054 -2.662682
3140000 1.104757 -2.807858 -2.579692
3150000 1.661476 -2.779082 -2.577081
3160000 1.897518 -2.755136 -2.745541
3170000 1.963246 -2.821293 -2.525412
3180000 2.570571 -2.787158 -2.710146
3190000 2.485418 -2.928280 -2.625343
3200000 3.291277 -2.825205 -2.661024
3210000 3.380620 -2.859442 -2.451462
3220000 4.034521 -2.783426 -2.667778
3230000 4.147197 -2.849078 -2.556370
3240000 5.025035 -2.789969 -2.656977
3250000 4.258413 -2.825845 -2.569990
3260000 4.028231 -2.682447 -2.747122
3270000 4.958960 -2.689126 -2.590660
3280000 4.988959 -2.668683 -2.752989
3290000 4.959022 -2.716393 -2.696211
3300000 4.653099 -2.918833 -2.688675
3310000 4.853389 -2.737444 -2.541418
3320000 4.530840 -2.827149 -2.666914
3330000 4.707420 -2.879105 -2.650422
3340000 3.777183 -2.785676 -2.640378
3350000 3.290491 -2.780192 -2.716256
3360000 3.861737 -2.785823 -2.634168
3370000 3.999165 -2.885745 -2.663862
3380000 4.164464 -2.726950 -2.749359
3390000 3.958836 -2.804033 -2.534954
3400000 3.712722 -2.771217 -2.605275
3410000 3.172969 -2.797614 -2.611179
3420000 2.200384 -2.832760 -2.610128
3430000 2.651329 -2.856055 -2.531842
3440000 2.326046 -2.887166 -2.679107
3450000 2.083312 -2.844073 -2.612591
3460000 2.298906 -2.709082 -2.755638
3470000 3.047442 -2.875645 -2.528013
3480000 3.232061 -2.651685 -2.729214
3490000 2.901803 -2.687884 -2.511382
3500000 3.038333 -2.790877 -2.732371
3510000 3.263310 -2.819422 -2.670383
3520000 4.308158 -2.894869 -2.674111
3530000 4.922510 -2.844175 -2.519511
3540000 5.029522 -2.850109 -2.655469
3550000 3.880101 -2.769700 -2.552129
3560000 3.644444 -2.750047 -2.546442
3570000 3.058933 -2.804515 -2.729585
3580000 3.172862 -2.660313 -2.658101
3590000 3.438764 -2.795353 -2.622766
3600000 3.307758 -2.805365 -2.578366
3610000 5.092323 -2.794129 -2.746861
3620000 4.612717 -2.680774 -2.510052
3630000 4.706350 -2.880606 -2.613131
3640000 4.271282 -2.763363 -2.605805
3650000 3.836451 -2.804580 -2.495164
3660000 4.376843 -2.780817 -2.573166
3670000 4.029472 -2.721079 -2.525982
3680000 4.416746 -2.792660 -2.636299
3690000 4.493006 -2.840968 -2.644340
3700000 3.607853 -2.790361 -2.601040
3710000 3.165411 -2.774272 -2.581521
3720000 2.484203 -2.694729 -2.605856
3730000 2.580432 -2.844003 -2.664721
3740000 2.455390 -2.705897 -2.601845
3750000 2.958804 -2.802327 -2.665184
3760000 2.893691 -2.882958 -2.478080
3770000 2.408626 -2.643224 -2.526861
3780000 1.893069 -2.781379 -2.659311
3790000 1.744638 -2.898458 -2.523797
3800000 2.165289 -2.968760 -2.548711
3810000 2.136730 -2.756890 -2.664035
3820000 2.159635 -2.798895 -2.600431
3830000 3.351521 -2.941654 -2.753402
3840000 3.638377 -2.879908 -2.672537
3850000 3.860602 -2.805250 -2.758354
3860000 3.452596 -2.836396 -2.485826
3870000 3.409052 -2.841965 -2.592116
3880000 3.001338 -2.749026 -2.751541
3890000 4.170558 -2.655649 -2.545870
3900000 4.536787 -2.822005 -2.628302
3910000 4.263258 -2.715986 -2.515461
3920000 4.892889 -2.853242 -2.619391
3930000 4.602332 -2.705285 -2.623200
3940000 4.654866 -2.862200 -2.547342
3950000 3.380835 -2.818838 -2.543880
3960000 1.984607 -2.806503 -2.473999
3970000 1.652845 -2.811544 -2.737175
3980000 1.654334 -2.876494 -2.855252
3990000 2.013396 -2.954670 -2.621430
4000000 2.280293 -2.933509 -2.656852
