100000 1.162523 2.597255 -0.022797
110000 1.770859 2.633974 0.008295
120000 3.430998 2.636696 0.051903
130000 4.017264 2.720010 -0.040426
140000 2.888544 2.670834 0.029111
150000 4.758426 2.676788 -0.065860
160000 2.627943 2.571469 0.008412
170000 2.064021 2.599121 0.118664
180000 2.029440 2.703251 0.007015
190000 1.333010 2.686250 0.035244
200000 0.711827 2.662699 -0.002704
210000 0.991315 2.645665 -0.076957
220000 1.129100 2.695212 -0.014141
230000 1.026833 2.690592 0.007770
240000 0.776935 2.654885 -0.026828
250000 1.394780 2.653933 -0.045180
260000 1.296097 2.710001 -0.013758
270000 1.450603 2.592555 -0.099257
280000 1.927612 2.720096 -0.007094
290000 1.990930 2.657424 -0.083516
300000 3.344995 2.475859 0.058324
310000 4.321078 2.570941 0.040605
320000 3.995607 2.636252 -0.016807
330000 3.959611 2.748883 0.081328
340000 4.335019 2.537338 0.077183
350000 3.219257 2.700874 0.015306
360000 3.633080 2.552373 0.037518
370000 3.194216 2.633869 -0.010698
380000 4.269979 2.621457 0.138672
390000 5.008057 2.634216 0.004763
400000 4.740865 2.660292 0.012210
410000 5.045337 2.644463 -0.063748
420000 3.980900 2.653988 0.190085
430000 4.442948 2.647324 -0.000136
440000 3.897211 2.594783 0.006875
450000 2.573126 2.572385 0.037876
460000 2.614754 2.735219 0.002736
470000 2.914692 2.714405 0.053715
480000 2.257726 2.593507 0.059240
490000 1.743836 2.694541 -0.046541
500000 1.760944 2.488364 0.104879
510000 2.315274 2.794726 -0.017721
520000 2.724895 2.590408 0.104323
530000 3.642520 2.619456 0.111197
540000 3.763956 2.566547 0.109947
550000 3.285304 2.798662 0.058586
560000 3.004120 2.533425 -0.102940
570000 2.172931 2.662324 -0.076030
580000 2.822912 2.659168 -0.049062
590000 4.209536 2.657277 -0.079352
600000 5.013163 2.661400 -0.045046
610000 3.710808 2.691633 -0.047774
620000 4.203604 2.663251 -0.067510
630000 4.283681 2.691854 0.092059
640000 4.941719 2.562314 0.023457
650000 3.951136 2.718487 0.092422
660000 4.185469 2.646536 -0.032300
670000 4.106859 2.759427 -0.025653
680000 3.660355 2.785292 0.124766
690000 3.098900 2.483267 -0.001507
700000 3.421904 2.626144 -0.057592
710000 2.698997 2.473936 0.059730
720000 1.407853 2.643706 -0.046079
730000 1.813102 2.544765 -0.044754
740000 1.268086 2.521770 0.081044
750000 1.395569 2.734136 0.083922
760000 0.997116 2.626366 0.094058
770000 1.284697 2.568871 0.019705
780000 2.492100 2.599523 0.098617
790000 2.224088 2.736973 -0.003050
800000 3.055944 2.602964 0.066150
810000 2.238962 2.592754 0.028672
820000 1.840912 2.540902 -0.013911
830000 1.718878 2.694783 0.063131
840000 1.076082 2.657987 -0.127643
850000 0.839573 2.698300 -0.003443
860000 1.038489 2.582435 -0.209239
870000 1.425854 2.581558 -0.026563
880000 1.868884 2.568708 -0.080459
890000 2.049740 2.551200 0.030565
900000 2.515816 2.570854 -0.003084
910000 2.631237 2.541326 0.063043
920000 3.564191 2.671167 -0.001596
930000 3.168272 2.677127 0.011099
940000 3.884141 2.464712 0.033184
950000 4.299728 2.649375 -0.101408
960000 4.980242 2.717303 -0.117590
970000 4.994386 2.472458 -0.011342
980000 4.030651 2.734649 0.049959
990000 3.079614 2.605478 0.150641
1000000 3.643426 2.782435 -0.077914
1010000 3.201159 2.848761 0.056440
1020000 3.767081 2.455359 -0.026949
1030000 4.866943 2.538688 -0.093714
1040000 4.244184 2.564046 -0.172978
1050000 4.722547 2.624330 0.017285
1060000 4.019909 2.609806 -0.057351
1070000 4.360605 2.564330 0.023685
1080000 4.413608 2.647323 -0.009226
1090000 4.705503 2.637568 0.055756
1100000 3.688631 2.717776 -0.070990
1110000 3.446216 2.670523 -0.063553
1120000 2.720393 2.645967 0.099210
1130000 1.988475 2.581345 -0.091540
1140000 1.893632 2.677754 -0.036134
1150000 2.881920 2.535742 0.028966
1160000 3.275648 2.596987 -0.009876
1170000 4.365106 2.592489 0.039876
1180000 3.537613 2.706618 -0.044772
1190000 4.709755 2.600815 0.041239
1200000 4.538835 2.536036 0.017591
1210000 4.958956 2.546938 -0.072916
1220000 3.756501 2.581320 -0.054251
1230000 3.950649 2.581375 0.126147
1240000 3.910357 2.595602 0.036651
1250000 4.696140 2.711894 -0.120180
1260000 4.842877 2.564751 -0.028520
1270000 3.313402 2.625758 -0.071279
1280000 3.252206 2.626871 0.018907
1290000 1.821117 2.709401 -0.007273
1300000 2.271413 2.519373 0.031381
1310000 3.102188 2.628918 0.001970
1320000 3.634441 2.546222 -0.051967
1330000 2.647167 2.532935 0.133793
1340000 3.006062 2.626206 0.018344
1350000 3.296210 2.654655 -0.028328
1360000 1.992620 2.637415 -0.033090
1370000 1.581087 2.573301 0.131515
1380000 1.562817 2.658432 0.013675
1390000 1.399617 2.608019 -0.027839
1400000 1.688165 2.617654 0.082025
1410000 2.081563 2.761000 0.000706
1420000 1.488001 2.651532 0.077524
1430000 1.222848 2.692824 -0.040050
1440000 1.170847 2.668910 0.022551
1450000 1.368733 2.726929 0.160988
1460000 1.079132 2.644199 0.051386
1470000 1.411349 2.529832 0.014717
1480000 1.665623 2.474290 0.028255
1490000 0.753767 2.632868 -0.038812
1500000 1.011936 2.580935 0.019875
1510000 0.735634 2.691967 -0.011094
1520000 0.862696 2.601617 0.056943
1530000 0.815458 2.715208 -0.101864
1540000 1.081260 2.538122 -0.045183
1550000 0.696173 2.460082 -0.013335
1560000 1.050150 2.576487 -0.067022
1570000 0.797981 2.574066 0.014367
1580000 1.168607 2.548729 0.022676
1590000 0.955590 2.695327 0.079999
1600000 0.997635 2.526967 0.002845
1610000 1.224245 2.574538 -0.065731
1620000 2.011470 2.645187 0.071683
1630000 2.253267 2.612953 -0.022048
1640000 2.509911 2.623419 -0.017946
1650000 2.896889 2.516633 -0.036529
1660000 2.924998 2.561749 -0.096954
1670000 1.867020 2.538325 -0.011365
1680000 1.742714 2.559469 -0.059929
1690000 1.871526 2.625045 -0.076858
1700000 1.764866 2.448011 0.047893
1710000 1.412161 2.534404 0.129904
1720000 1.301495 2.635843 0.115328
1730000 1.323286 2.592738 0.008153
1740000 1.858777 2.627632 -0.016879
1750000 2.131835 2.605425 0.061955
1760000 3.106584 2.539487 -0.097565
1770000 4.248590 2.610820 -0.084248
1780000 3.988620 2.645688 -0.016730
1790000 3.925628 2.457440 -0.017076
1800000 3.547923 2.607698 -0.044273
1810000 4.112007 2.616670 -0.046443
1820000 3.673369 2.637956 0.055288
1830000 3.253862 2.662041 -0.018730
1840000 2.788217 2.614313 -0.023494
1850000 3.629912 2.612416 0.077921
1860000 2.744905 2.568008 0.018001
1870000 2.953124 2.601686 0.044475
1880000 3.853175 2.667175 -0.063507
1890000 3.754659 2.594296 0.053892
1900000 3.313104 2.660246 -0.070881
1910000 4.192482 2.644278 0.026160
1920000 4.316704 2.566140 0.055998
1930000 4.921437 2.680256 -0.068671
1940000 4.365980 2.679042 0.018407
1950000 3.346138 2.526990 -0.120614
1960000 3.996113 2.452193 0.031151
1970000 4.937351 2.615319 0.006004
1980000 4.218957 2.701670 -0.032712
1990000 2.729305 2.468786 -0.029973
2000000 2.542673 2.712255 0.032895
2010000 2.566452 2.574817 0.047910
2020000 2.413256 2.692510 0.133503
2030000 2.385364 2.512303 -0.032044
2040000 2.295880 2.623924 -0.028645
2050000 2.147583 2.586102 0.051903
2060000 2.498998 2.610985 0.087391
2070000 1.940655 2.464431 -0.029427
2080000 1.937742 2.657976 0.010045
2090000 1.600388 2.627396 -0.030240
2100000 1.620569 2.654816 0.103027
2110000 1.403885 2.636440 0.044819
2120000 1.704081 2.661203 0.016999
2130000 1.616559 2.633945 0.058026
2140000 1.082561 2.696595 0.010115
2150000 1.014811 2.720178 -0.026571
2160000 1.000573 2.662055 -0.045243
2170000 0.994197 2.557392 0.161368
2180000 1.274292 2.543631 -0.016614
2190000 1.071967 2.723221 0.098855
2200000 1.060933 2.566968 -0.058873
2210000 1.341793 2.650439 0.076337
2220000 1.477723 2.625886 0.112170
2230000 1.638560 2.735359 -0.136976
2240000 1.652129 2.607133 0.019497
2250000 1.374824 2.602263 -0.039941
2260000 2.063949 2.569390 0.079519
2270000 2.309419 2.466905 0.082362
2280000 2.980797 2.598998 0.117892
2290000 3.128343 2.641987 0.002298
2300000 3.294696 2.623062 0.033725
2310000 4.325578 2.610712 0.086155
2320000 4.275296 2.426122 -0.125086
2330000 4.377039 2.613968 -0.090094
2340000 4.012709 2.520892 0.058387
2350000 3.836610 2.687296 -0.031039
2360000 4.519100 2.530961 0.066112
2370000 3.631059 2.549002 0.130017
2380000 3.064725 2.597019 -0.104179
2390000 3.996456 2.552998 0.082333
2400000 4.706422 2.579004 0.033513
2410000 4.692563 2.544989 0.005383
2420000 4.908156 2.618570 -0.054872
2430000 5.052859 2.684452 0.012304
2440000 4.588965 2.554699 0.057756
2450000 4.765008 2.635573 -0.085122
2460000 4.090759 2.679095 -0.121466
2470000 3.226422 2.561090 0.082110
2480000 2.862574 2.745481 -0.072395
2490000 2.763848 2.636810 -0.020492
2500000 2.788729 2.648408 -0.100556
2510000 3.360225 2.601928 0.044553
2520000 3.648914 2.618601 -0.154589
2530000 3.146139 2.752381 0.049621
2540000 2.606862 2.547768 0.022498
2550000 2.109212 2.473710 0.008130
2560000 2.658042 2.661947 0.002768
2570000 3.110880 2.609692 0.029722
2580000 3.456822 2.791924 -0.069965
2590000 4.380009 2.545954 -0.007030
2600000 4.091243 2.668272 -0.012699
2610000 4.716932 2.527915 0.061040
2620000 4.542500 2.453736 -0.084871
2630000 3.428796 2.623497 0.100662
2640000 3.430668 2.532465 0.016604
2650000 2.893973 2.675389 -0.051133
2660000 2.937626 2.579978 -0.161790
2670000 3.852989 2.647283 -0.071002
2680000 4.313688 2.552897 -0.050807
2690000 4.844459 2.652124 -0.058786
2700000 4.226040 2.518707 -0.021879
2710000 3.838774 2.634806 0.027764
2720000 2.908401 2.552633 -0.125624
2730000 2.109505 2.716043 0.060475
2740000 2.602162 2.578372 -0.011351
2750000 2.384874 2.638301 -0.028241
2760000 1.906044 2.541699 0.048079
2770000 2.101001 2.637159 0.018978
2780000 2.455384 2.526857 0.018205
2790000 2.538968 2.582806 0.020754
2800000 3.596067 2.625352 -0.062967
2810000 3.771084 2.572782 0.078281
2820000 3.970250 2.665110 0.096006
2830000 4.142768 2.730003 -0.005233
2840000 4.479991 2.695401 0.103469
2850000 4.498847 2.712382 -0.087573
2860000 4.826033 2.571814 -0.002106
2870000 4.807150 2.478794 0.021244
2880000 4.842936 2.580003 0.102720
2890000 3.976098 2.702920 -0.009066
2900000 3.407494 2.669618 0.078512
2910000 2.758477 2.658725 0.059755
2920000 1.896409 2.598525 0.055464
2930000 1.786501 2.545328 0.007518
2940000 2.068174 2.506292 -0.060662
2950000 1.808172 2.564989 0.044295
2960000 1.913943 2.587106 0.006701
2970000 1.723668 2.471815 -0.065365
2980000 2.149008 2.544499 -0.023293
2990000 2.069220 2.579558 -0.000592
3000000 2.191136 2.590544 0.016713
3010000 1.965324 2.574490 0.000679
3020000 2.432523 2.584348 0.088366
3030000 1.254478 2.579313 -0.037165
3040000 0.957785 2.669325 0.009827
3050000 1.351254 2.669714 -0.005252
3060000 1.387643 2.502576 0.024388
3070000 1.628164 2.494830 0.035051
3080000 1.287818 2.614250 -0.037860
3090000 1.292286 2.638332 -0.027083
3100000 1.167834 2.755201 -0.052822
3110000 1.576619 2.565104 0.156586
3120000 1.622229 2.596948 0.044490
3130000 1.136343 2.455969 -0.054138
3140000 1.227977 2.633986 0.047889
3150000 1.460723 2.623695 -0.033284
3160000 0.770034 2.675036 0.003839
3170000 0.804892 2.539143 0.045076
3180000 0.520679 2.600009 -0.007730
3190000 0.592482 2.681079 -0.087937
3200000 0.592819 2.829251 0.058718
3210000 0.493944 2.690682 0.095615
3220000 0.495772 2.617247 -0.014165
3230000 0.608856 2.694285 0.042469
3240000 0.676472 2.623975 -0.195346
3250000 0.638622 2.678680 -0.079448
3260000 0.502275 2.689957 0.025901
3270000 0.866685 2.639981 -0.058870
3280000 0.896567 2.613857 -0.098924
3290000 0.907094 2.576778 0.011589
3300000 0.802922 2.750548 0.090324
3310000 1.063310 2.578204 -0.096514
3320000 0.887216 2.745805 0.021295
3330000 0.804028 2.576792 0.004405
3340000 1.127145 2.680979 0.014198
3350000 1.046039 2.776039 -0.114635
3360000 1.264010 2.686680 0.159453
3370000 1.403095 2.572100 0.066712
3380000 1.902187 2.671825 0.040459
3390000 1.863488 2.718358 -0.096701
3400000 1.604954 2.612760 -0.091286
3410000 2.298478 2.700377 0.035199
3420000 2.489818 2.640494 0.053675
3430000 2.499424 2.513699 0.172209
3440000 2.738229 2.738052 0.108974
3450000 3.151487 2.652331 0.075182
3460000 3.648596 2.697537 0.012917
3470000 4.770244 2.599487 -0.131846
3480000 3.522122 2.603150 0.074926
3490000 2.925617 2.734183 0.108406
3500000 3.901162 2.606028 -0.061085
3510000 3.566307 2.649628 0.106379
3520000 3.366338 2.680297 -0.030220
3530000 3.113771 2.626061 -0.024805
3540000 3.088321 2.657955 -0.019995
3550000 2.859990 2.655778 -0.046113
3560000 2.891256 2.522659 -0.051916
3570000 4.552775 2.616461 -0.017473
3580000 4.773107 2.677522 0.100637
3590000 5.017485 2.580595 0.039709
3600000 4.904047 2.699537 -0.069887
3610000 3.936713 2.653586 -0.021155
3620000 4.282681 2.589839 -0.056023
3630000 4.443288 2.556859 0.029994
3640000 4.837517 2.654112 0.066157
3650000 4.814218 2.664142 0.078144
3660000 4.523551 2.681385 0.002985
3670000 3.896343 2.753151 -0.022268
3680000 4.222693 2.614651 -0.001526
3690000 4.896395 2.635328 -0.049048
3700000 4.615506 2.640902 0.002108
3710000 4.786164 2.646568 -0.024682
3720000 3.617703 2.544004 0.142838
3730000 3.389916 2.531940 0.023456
3740000 3.895960 2.631344 0.132767
3750000 3.880743 2.607110 0.125705
3760000 3.783965 2.736193 -0.055045
3770000 4.287025 2.640924 0.001095
3780000 4.130982 2.551102 -0.041967
3790000 3.484713 2.626225 0.028510
3800000 3.190948 2.552481 -0.001557
3810000 4.303067 2.707328 -0.049829
3820000 4.829610 2.552173 -0.046228
3830000 4.926241 2.741017 0.044339
3840000 4.841676 2.700435 -0.053421
3850000 4.691526 2.617369 0.021260
3860000 4.245491 2.681342 -0.045550
3870000 4.582440 2.485010 0.047911
3880000 4.207110 2.582415 0.032743
3890000 3.373474 2.654618 0.048946
3900000 3.523317 2.667598 -0.007466
3910000 2.475896 2.619635 -0.052048
3920000 2.624750 2.556534 0.040713
3930000 2.375028 2.523035 -0.017038
3940000 2.959139 2.713887 -0.076817
3950000 2.172815 2.644613 -0.099589
3960000 2.201862 2.549608 0.009550
3970000 2.137117 2.674079 0.110442
3980000 1.474285 2.686420 -0.085197
3990000 1.596401 2.583571 0.030768
4000000 1.553986 2.580039 -0.001878
