100000 1.141233 -2.948692 3.129359
110000 0.709319 -3.057193 -3.128971
120000 1.295301 -2.814817 -3.084774
130000 2.310750 -2.864932 3.058101
140000 3.844329 -2.919392 -3.131111
150000 3.822429 -3.005111 -3.009048
160000 3.300654 -2.969926 3.113404
170000 1.899462 -3.003949 -3.084516
180000 1.524704 -2.976841 3.025169
190000 2.587301 -3.076788 3.130313
200000 1.112660 -3.004029 3.113196
210000 0.854461 -2.961253 -3.052039
220000 0.560242 -2.950001 -3.101471
230000 0.925459 -2.971993 3.074222
240000 1.245651 -2.959459 3.053189
250000 0.855472 -3.013865 -2.991104
260000 1.494234 -2.936601 3.099146
270000 2.403252 -3.123374 -3.081061
280000 3.654371 -2.915433 3.100900
290000 4.758920 -2.966699 2.996095
300000 4.667282 -3.052844 -3.076622
310000 3.754771 -2.987826 -3.052914
320000 2.999165 -3.064168 -3.101448
330000 3.286723 -3.065647 3.080593
340000 3.818848 -2.964730 -3.136096
350000 4.498051 -3.110856 -3.071381
360000 4.445779 -2.999342 -3.140341
370000 2.866419 -2.935985 3.032602
380000 3.332973 -2.815878 3.121779
390000 3.314410 -2.937527 3.108452
400000 1.971322 -3.042983 3.124189
410000 1.706161 -3.063331 -3.107919
420000 2.309572 -2.928928 -3.137818
430000 2.977546 -2.936800 3.021538
440000 1.617196 -2.895368 3.093421
450000 2.243525 -2.834027 3.067412
460000 3.840381 -2.857276 3.089544
470000 4.023146 -2.954827 -3.087008
480000 4.707476 -2.961774 -3.130487
490000 4.218983 -2.925754 -3.117840
500000 3.476071 -2.869954 3.082881
510000 3.190313 -2.941059 -3.071217
520000 2.571864 -2.897395 3.091758
530000 1.874439 -2.877135 -3.113436
540000 1.684331 -2.998584 3.121038
550000 2.655391 -3.102192 -3.119744
560000 2.753056 -2.951675 -3.114242
570000 4.230587 -3.028633 3.093324
580000 4.305755 -2.944034 -3.113793
590000 4.490574 -2.872699 2.998805
600000 4.921269 -2.920394 3.139003
610000 3.568437 -2.981294 3.078442
620000 2.809202 -3.078094 -3.129226
630000 3.562537 -2.988492 -3.101394
640000 2.902536 -2.891278 -3.124670
650000 4.479823 -3.034177 3.080256
660000 4.111277 -2.864632 -3.074454
670000 4.600129 -2.847082 -3.038059
680000 4.151682 -2.947654 3.140456
690000 3.783694 -2.958685 3.032362
700000 1.733007 -2.852767 3.125213
710000 1.423319 -2.927671 3.086849
720000 0.503019 -3.109741 3.000424
730000 0.665441 -2.996149 -3.094872
740000 0.508340 -2.904490 3.108172
750000 0.502384 -2.932238 -3.013543
760000 1.420236 -3.061833 -3.128641
770000 1.004177 -2.988637 -3.007332
780000 1.343038 -3.014493 -3.068638
790000 1.798707 -3.086932 3.056245
800000 1.235341 -2.954967 3.087704
810000 2.004319 -3.029755 3.108713
820000 1.588080 -2.854647 -3.110335
830000 1.600985 -3.018013 -3.123364
840000 2.940092 -2.944716 -3.136596
850000 2.750616 -2.985864 3.134894
860000 3.457932 -3.008072 3.131769
870000 2.772440 -3.045476 3.139582
880000 5.047349 -2.946617 -3.026025
890000 4.741041 -2.963248 -3.139032
900000 4.826297 -2.886084 3.094635
910000 3.822801 -3.053205 -3.025187
920000 3.941689 -2.995473 3.074234
930000 2.834833 -3.007866 -2.968561
940000 2.479179 -2.972077 3.070494
950000 1.802822 -3.034434 3.097929
960000 3.113874 -2.984686 -3.137549
970000 4.085716 -2.891949 3.036182
980000 3.414134 -3.039036 -3.103959
990000 2.526910 -3.080663 3.096291
1000000 4.455353 -2.862341 -3.069738
1010000 4.210766 -2.987422 -3.123657
1020000 4.068242 -2.927812 -3.087905
1030000 4.394554 -3.035156 3.125656
1040000 4.998644 -2.881634 -3.140725
1050000 2.957059 -3.092100 3.120951
1060000 3.047804 -2.978148 -3.102217
1070000 1.881359 -3.070396 -3.097949
1080000 1.900828 -3.097293 -3.121085
1090000 1.701998 -3.090237 3.126288
1100000 1.090081 -2.952444 -3.129588
1110000 2.316859 -3.076589 3.033466
1120000 2.144546 -2.921079 3.111833
1130000 2.854550 -2.995894 -3.038831
1140000 2.332105 -2.970256 -3.119181
1150000 0.984506 -2.871442 3.068293
1160000 0.713354 -2.872479 -2.992964
1170000 0.583468 -3.053571 3.020630
1180000 0.802746 -2.844341 -3.107064
1190000 1.055175 -2.818575 -3.127131
1200000 0.950308 -3.057671 3.022917
1210000 1.400340 -2.919530 -3.058172
1220000 0.718816 -2.971019 -3.132579
1230000 0.582113 -2.917845 -3.106493
1240000 0.602920 -2.953665 3.131931
1250000 0.696847 -3.063725 3.109058
1260000 1.037144 -2.996930 -3.137648
1270000 1.141425 -2.967539 3.052490
1280000 1.348177 -2.960455 3.139098
1290000 1.685376 -2.970979 -3.139329
1300000 2.485057 -2.961401 3.098338
1310000 3.460581 -2.937256 3.130667
1320000 3.347554 -2.932834 -3.061007
1330000 4.974660 -2.938062 3.030990
1340000 4.631853 -2.865719 2.971827
1350000 3.755624 -2.939877 3.117463
1360000 4.353897 -2.921729 3.053574
1370000 3.852413 -3.090221 3.104024
1380000 3.077120 -2.984412 -3.086531
1390000 2.146027 -2.949530 3.127990
1400000 2.185619 -3.000655 -3.044130
1410000 2.759627 -2.926338 -3.096297
1420000 3.277915 -3.104863 -3.083547
1430000 3.908048 -2.831380 -3.076265
1440000 4.514804 -2.905179 3.076266
1450000 4.231344 -2.966277 3.136139
1460000 4.151908 -3.015169 3.119309
1470000 3.597762 -2.978684 -3.128745
1480000 2.765125 -3.065168 3.104575
1490000 3.594214 -3.055042 3.135425
1500000 2.682015 -2.781081 -3.046074
1510000 1.902827 -2.873466 3.065352
1520000 2.341609 -3.084159 3.101211
1530000 2.666229 -2.989524 3.098990
1540000 3.159910 -3.035146 -3.115643
1550000 2.737806 -3.066628 3.136986
1560000 2.660295 -3.043562 -3.064381
1570000 1.966205 -3.035315 2.887667
1580000 1.886567 -3.031121 3.112548
1590000 1.765984 -3.009906 3.116903
1600000 1.719334 -2.901235 3.091861
1610000 1.882370 -2.861595 3.070038
1620000 0.944496 -2.967766 3.133601
1630000 1.045928 -3.087523 3.052026
1640000 1.091941 -2.928713 3.091735
1650000 1.013542 -3.011393 3.138776
1660000 1.429892 -2.872785 3.123046
1670000 1.652172 -2.975342 -3.078793
1680000 1.776352 -2.851387 -3.093229
1690000 1.205787 -3.013151 3.084442
1700000 1.352980 -3.089154 3.078366
1710000 1.863483 -2.971829 3.036356
1720000 1.605097 -3.045293 3.115324
1730000 1.083046 -2.933152 3.080754
1740000 0.851198 -2.928752 -3.124966
1750000 0.969669 -3.014831 -3.073656
1760000 1.091417 -3.063368 3.103444
1770000 1.029524 -2.854841 -3.111376
1780000 1.081838 -2.872116 -3.057643
1790000 1.024112 -3.013257 -3.140674
1800000 0.703078 -2.898031 -3.122165
1810000 0.775986 -3.061730 -3.033950
1820000 0.684877 -3.072026 3.069713
1830000 1.303666 -2.873514 3.086986
1840000 1.381647 -2.959980 -3.105365
1850000 1.527652 -2.919036 3.122154
1860000 1.750024 -2.891430 3.113879
1870000 2.013451 -3.062560 -3.126338
1880000 2.455241 -3.084895 3.090844
1890000 2.105466 -2.951594 3.134470
1900000 1.914253 -3.046917 -3.035352
1910000 2.537679 -2.911705 -2.982270
1920000 2.735482 -2.880356 -3.070728
1930000 2.304690 -2.940947 -3.094195
1940000 3.773831 -2.827878 -3.087071
1950000 4.379568 -2.939509 -3.120997
1960000 4.599109 -2.971645 3.117375
1970000 4.554561 -2.967080 -3.106075
1980000 3.955203 -2.967064 3.001458
1990000 3.247217 -2.947701 3.093114
2000000 4.347207 -2.811846 -3.065189
2010000 3.917382 -2.905712 -3.087404
2020000 4.671920 -3.041235 -3.130542
2030000 4.726371 -3.061637 2.996739
2040000 4.418193 -2.876937 -3.132777
2050000 3.836555 -3.019692 -3.049542
2060000 3.680858 -3.110099 3.125638
2070000 4.132973 -2.988218 -3.077411
2080000 3.851067 -2.915470 -3.120753
2090000 3.138516 -2.874361 -3.134904
2100000 3.423293 -2.970187 3.096345
2110000 2.863706 -2.918379 3.123350
2120000 2.891379 -2.996681 3.127859
2130000 2.657891 -2.913192 3.129489
2140000 2.686631 -2.935377 -3.097530
2150000 2.619735 -2.991151 3.054255
2160000 1.834099 -2.823551 -3.003201
2170000 2.446385 -2.942227 3.077155
2180000 3.610109 -2.853927 3.041834
2190000 3.123444 -3.029891 3.099689
2200000 2.902559 -3.049989 -3.072622
2210000 2.772635 -2.893344 -3.108750
2220000 2.222296 -2.940953 -3.092987
2230000 2.275758 -2.997057 -3.069391
2240000 2.039370 -2.945697 -3.039223
2250000 1.839544 -2.863888 -3.022788
2260000 1.376878 -3.046696 3.133529
2270000 1.392733 -2.938093 3.076128
2280000 1.290424 -2.978200 -3.129147
2290000 1.616850 -2.959604 3.083726
2300000 1.783134 -3.019128 3.086829
2310000 1.494208 -3.003995 -3.033871
2320000 1.328664 -2.993010 -3.020148
2330000 1.518514 -3.110641 -3.021599
2340000 1.465073 -2.915683 3.136793
2350000 1.741421 -2.925663 -3.132335
2360000 1.807645 -3.058942 -3.067893
2370000 2.197159 -3.105455 -3.043011
2380000 3.823122 -2.960554 -3.141082
2390000 3.498598 -3.018164 -3.013274
2400000 4.279546 -2.877915 3.135031
2410000 4.993449 -3.035444 -3.041452
2420000 4.405228 -2.942697 -3.091076
2430000 4.437249 -2.991442 3.078717
2440000 4.584723 -2.977651 3.110636
2450000 3.697663 -3.052748 3.114155
2460000 3.228142 -2.977775 3.132216
2470000 3.612702 -3.003288 -3.092923
2480000 4.498179 -2.985064 -3.103012
2490000 4.235674 -2.861904 -2.936309
2500000 5.082251 -3.009719 3.123380
2510000 4.504139 -2.990495 3.074227
2520000 4.818416 -2.966556 3.103705
2530000 4.452525 -2.971339 3.129436
2540000 4.671468 -2.902616 -3.083223
2550000 3.645421 -2.934312 -3.115470
2560000 4.480221 -2.951999 3.136944
2570000 4.655437 -2.954333 3.049542
2580000 3.988772 -2.948360 -3.089720
2590000 3.510274 -2.818102 3.127822
2600000 2.988291 -3.003853 3.069126
2610000 2.807004 -2.825935 -3.130443
2620000 3.411774 -2.843410 -3.129301
2630000 3.545607 -3.141432 3.036579
2640000 3.487545 -3.069226 -3.049519
2650000 4.302530 -2.955654 -3.110248
2660000 4.230936 -2.977889 3.098525
2670000 3.611999 -2.888505 3.106283
2680000 3.105385 -2.970697 -3.121073
2690000 3.218876 -3.034132 -3.003603
2700000 3.879626 -2.892683 -3.107019
2710000 4.996845 -2.965796 3.013375
2720000 4.469842 -3.024655 -3.108994
2730000 3.871286 -3.004383 3.116755
2740000 3.515864 -3.018741 -3.054938
2750000 3.547908 -2.999166 -3.120537
2760000 2.488479 -3.029176 -3.113259
2770000 3.060027 -2.914339 -3.123164
2780000 3.467823 -3.131150 -2.977736
2790000 2.701063 -2.993125 3.080397
2800000 2.754058 -2.930825 3.130919
2810000 2.338683 -2.971100 3.112339
2820000 2.997352 -2.989492 -3.091513
2830000 3.116509 -2.924873 -3.073020
2840000 2.535427 -2.833621 -3.092493
2850000 3.097890 -3.011564 -3.122017
2860000 3.810856 -2.801574 3.089296
2870000 4.560311 -2.839898 3.110642
2880000 3.943469 -2.952072 -3.064966
2890000 4.644953 -2.902653 3.137349
2900000 4.436464 -2.875764 3.117808
2910000 4.714958 -2.977205 3.109110
2920000 4.176628 -3.053762 -3.080845
2930000 3.697039 -3.076566 -3.081736
2940000 3.484674 -3.058198 3.119037
2950000 5.031040 -2.934239 -3.106186
2960000 4.366592 -2.998373 -3.131260
2970000 3.348619 -2.932111 -3.073063
2980000 4.454221 -3.039433 -3.095753
2990000 4.594075 -3.076962 -3.088294
3000000 4.326601 -2.883074 3.119663
3010000 3.892516 -2.913869 3.111411
3020000 3.275627 -2.849271 -3.122265
3030000 4.191134 -3.028269 -3.132619
3040000 2.784612 -2.983427 -3.076531
3050000 2.663651 -3.030937 -3.068622
3060000 2.031247 -2.918541 -2.984376
3070000 1.607419 -2.995581 -3.100946
3080000 1.070206 -2.928668 3.057772
3090000 1.123294 -3.080156 3.133974
3100000 1.111110 -2.925036 -3.131047
3110000 1.058657 -2.975939 -3.126121
3120000 1.354075 -2.824796 -3.117894
3130000 1.164399 -2.918516 -3.062391
3140000 1.284563 -3.034858 -3.099472
3150000 1.246771 -2.856077 -3.134289
3160000 0.914763 -3.022187 3.111162
3170000 0.864978 -3.027159 3.085684
3180000 0.694362 -3.079849 -3.052958
3190000 0.857926 -2.918865 -3.127156
3200000 0.875337 -2.947113 -3.058261
3210000 0.785554 -3.004795 -3.026882
3220000 0.568570 -3.012403 3.110522
3230000 0.582762 -2.958902 3.029914
3240000 0.615344 -3.051533 3.100142
3250000 0.612673 -3.017086 -3.067490
3260000 0.861863 -3.060828 3.130105
3270000 0.895224 -2.970355 -3.111509
3280000 1.019453 -2.990712 -3.086693
3290000 1.544097 -3.071676 3.073545
3300000 1.513689 -2.946784 -3.130214
3310000 1.414838 -2.969789 -3.038258
3320000 1.080234 -2.976620 -2.990942
3330000 1.216973 -3.058762 -3.012810
3340000 1.054453 -2.919953 -3.139310
3350000 1.370471 -3.023858 -3.126158
3360000 1.522097 -2.892396 3.033081
3370000 1.625989 -2.991048 3.052521
3380000 1.718762 3.137435 -3.140965
3390000 2.285389 -3.077902 3.087293
3400000 2.372907 -2.938748 -3.009827
3410000 2.438440 -2.833251 -3.132734
3420000 2.450048 -2.837639 -3.112130
3430000 1.951042 -3.015658 -3.124605
3440000 2.264733 -2.913944 3.128234
3450000 2.560165 -2.946286 3.085634
3460000 3.154415 -3.043558 -3.043127
3470000 2.808677 -3.039944 -3.120072
3480000 2.903745 -2.930869 -3.118100
3490000 2.567988 -3.011286 3.126413
3500000 3.169530 -2.999038 3.125558
3510000 3.610105 -2.981614 3.137099
3520000 3.344146 -2.971931 3.047793
3530000 4.677965 -3.009474 3.064064
3540000 4.042474 -3.005243 -2.979943
3550000 3.443897 -2.904157 3.062024
3560000 3.526201 -2.973389 -3.037086
3570000 4.211044 -3.039122 3.080487
3580000 4.635612 -3.012680 3.086018
3590000 4.585480 -2.900670 3.120169
3600000 4.215477 -2.880783 3.111282
3610000 4.761402 -2.892039 -3.102425
3620000 4.379621 -2.780281 -3.125132
3630000 3.880360 -3.033289 -3.061664
3640000 3.782134 -2.913700 -3.126965
3650000 4.390976 -2.901888 -3.091207
3660000 3.906032 -2.966317 -3.050901
3670000 2.876288 -2.893999 3.010011
3680000 2.713626 -2.982917 3.103683
3690000 2.542670 -2.993930 -3.119393
3700000 2.159873 -2.937427 -3.118776
3710000 1.987390 -2.954771 3.087610
3720000 2.129215 -3.050165 -3.125224
3730000 3.003651 -3.079412 -3.099584
3740000 2.991255 -3.004917 -3.127833
3750000 3.698400 -3.099544 -3.070748
3760000 3.583652 -2.973202 -3.085464
3770000 3.945637 -2.931269 3.116712
3780000 4.313524 -2.997293 3.012251
3790000 4.733793 -2.842331 -3.115020
3800000 4.984648 -2.893041 -3.099357
3810000 4.850088 -3.049777 3.134731
3820000 5.109647 -3.001241 3.073283
3830000 4.958736 -3.047267 3.009831
3840000 4.261859 -2.876640 -3.095270
3850000 4.587025 -2.926304 -3.121484
3860000 4.733175 -2.986234 -3.110320
3870000 4.233156 -2.979015 3.118188
3880000 3.576089 -3.017725 3.051229
3890000 3.010135 -2.959601 3.114719
3900000 2.532374 -2.847031 3.137686
3910000 2.554978 -2.871302 -3.058601
3920000 2.356993 -2.927430 3.084582
3930000 2.356283 -2.914778 -3.096766
3940000 1.967626 -2.946669 3.094623
3950000 1.657823 -2.997113 3.104779
3960000 2.088996 -2.917062 3.107929
3970000 2.201157 -2.940611 -3.042132
3980000 2.030948 -2.978754 3.124156
3990000 3.323895 -2.994168 -3.083893
4000000 3.780299 -2.795424 3.132850
