100000 3.898638 -2.890187 2.839385
110000 2.490571 -3.074177 2.795002
120000 2.090209 -3.018932 2.713702
130000 2.133824 -2.933032 2.838132
140000 1.547983 -3.001898 2.744583
150000 0.600105 -2.971805 2.917216
160000 0.683953 -3.093595 2.913036
170000 0.929450 -2.959010 2.822413
180000 1.698197 -3.036099 3.006622
190000 1.116577 -2.793059 2.842374
200000 1.966854 -2.995980 2.869535
210000 3.290844 -2.976494 2.820265
220000 4.330733 -2.954481 2.871777
230000 4.506058 -2.881449 2.767609
240000 3.216748 -2.993844 2.823463
250000 2.951431 -2.999848 2.702487
260000 2.180032 -2.923627 2.696600
270000 1.732894 -2.980153 2.777141
280000 3.902319 -2.891432 2.760298
290000 4.158131 -3.122278 2.762946
300000 3.905918 -3.094143 2.892053
310000 4.823806 -2.817597 2.803642
320000 4.258539 -3.032849 2.831564
330000 4.217576 -2.896585 2.728964
340000 3.001976 -2.928784 2.910753
350000 3.047698 -2.861494 2.698694
360000 4.561775 -2.892251 2.839412
370000 4.098103 -3.014355 2.762964
380000 4.965576 -3.022068 2.630374
390000 4.264948 -3.053764 2.767959
400000 3.629543 -3.032102 2.822708
410000 2.240797 -3.056490 2.713595
420000 2.499782 -3.025834 2.876966
430000 2.988323 -2.998879 2.814705
440000 2.689227 -3.051039 2.881949
450000 1.748935 -2.879517 2.762003
460000 1.313515 -2.966487 2.813700
470000 1.069119 -2.929230 2.845110
480000 0.967280 -2.920341 2.875521
490000 0.577789 -3.109813 2.957280
500000 0.686339 -2.963890 2.763707
510000 1.100342 -2.998962 2.741139
520000 1.246207 -2.946909 2.806658
530000 0.858760 -2.954342 2.799920
540000 1.136823 -2.897894 2.818314
550000 1.723466 -3.140455 2.684733
560000 1.473235 -2.957782 2.854601
570000 1.694449 -3.023723 2.749659
580000 2.171536 -2.972185 2.816490
590000 2.619602 -2.954366 2.895108
600000 3.150211 -3.020012 2.917649
610000 3.410416 -3.001036 2.656235
620000 4.386047 -2.889047 2.696175
630000 4.730260 -3.057089 2.759346
640000 3.510392 -2.939910 2.856848
650000 4.233686 -2.783352 2.917547
660000 4.666852 -2.874271 2.772801
670000 4.781801 -2.879519 2.820572
680000 4.783558 -3.012773 2.806955
690000 3.542099 -2.862615 2.730830
700000 2.593036 -2.926212 2.840938
710000 2.225481 -3.035141 2.831522
720000 2.906529 -3.087441 2.755497
730000 2.408409 -2.998850 2.832645
740000 1.581176 -2.907870 2.757168
750000 2.136958 -2.973516 2.675028
760000 2.253545 -2.951230 2.717277
770000 3.517223 -2.787588 2.834546
780000 4.368719 -2.921672 2.846262
790000 3.406148 -2.982855 2.752502
800000 3.812606 -3.003533 2.839416
810000 3.083005 -3.094302 2.732258
820000 2.270065 -2.957776 2.820854
830000 2.022137 -2.972975 2.829022
840000 2.652381 -2.953224 2.706682
850000 3.454013 -2.906121 2.755117
860000 3.426851 -3.010859 2.784307
870000 2.057701 -2.836741 2.738944
880000 1.598854 -2.991648 2.784754
890000 1.512281 -3.021841 2.796674
900000 1.259906 -2.920668 2.845778
910000 0.898717 -2.906005 2.826946
920000 1.122567 -3.104778 2.765665
930000 1.144241 -2.878803 2.818556
940000 0.752018 -2.934546 2.831522
950000 0.501247 -3.064735 2.780509
960000 0.495949 -2.997170 2.838703
970000 0.707736 -2.866190 2.757058
980000 0.759183 -3.092858 2.695668
990000 0.774754 -2.839800 2.821509
1000000 1.193778 -2.976389 2.728059
1010000 1.123937 -2.952628 2.828468
1020000 1.527005 -2.912737 2.779687
1030000 1.557436 -3.007734 2.742733
1040000 1.515403 -2.925597 2.776207
1050000 1.850628 -3.083638 2.794411
1060000 1.994848 -2.940383 2.831457
1070000 2.344616 -2.938195 2.873431
1080000 1.884304 -3.042113 2.807173
1090000 2.596028 -2.860996 2.819321
1100000 2.507605 -2.919283 2.802112
1110000 3.597060 -3.082299 2.706016
1120000 4.296887 -2.950079 2.776024
1130000 4.788790 -2.958847 2.886776
1140000 5.006640 -2.988142 2.731973
1150000 4.184971 -2.966011 2.947037
1160000 3.908075 -2.939703 2.721332
1170000 3.120008 -2.982078 2.872514
1180000 3.483725 -3.047028 2.774287
1190000 4.366391 -3.044184 2.594133
1200000 4.650515 -2.955401 2.702403
1210000 4.580618 -2.880432 2.845558
1220000 3.645202 -3.068598 2.760049
1230000 3.307515 -2.982418 2.804691
1240000 2.494460 -2.838735 2.690454
1250000 2.977956 -2.830083 2.788246
1260000 4.402619 -2.904717 2.718473
1270000 4.996461 -2.898364 2.882538
1280000 4.607199 -3.008386 2.749215
1290000 4.381640 -3.052467 2.704751
1300000 4.812856 -2.954102 2.751805
1310000 4.440436 -3.088309 2.692118
1320000 3.544518 -3.003787 2.750163
1330000 3.438098 -2.938759 2.807864
1340000 4.130154 -2.903685 2.814609
1350000 4.266473 -2.975290 2.692502
1360000 2.994872 -2.973347 2.605600
1370000 2.999136 -3.009664 2.765174
1380000 2.602783 -2.906036 2.859791
1390000 3.097117 -2.966790 2.718920
1400000 2.840598 -3.126393 2.785869
1410000 2.556685 -2.915337 2.831279
1420000 3.393415 -3.037606 2.720367
1430000 3.577687 -2.930273 2.770988
1440000 3.972695 -2.923756 2.849871
1450000 4.116600 -2.971686 2.750174
1460000 3.769719 -2.971855 2.822261
1470000 5.085365 -2.947854 2.900029
1480000 4.262751 -2.920008 2.851826
1490000 4.067919 3.132641 2.813169
1500000 4.733343 -3.020580 2.857943
1510000 3.158964 -3.057450 2.930120
1520000 3.095163 -2.949393 2.740619
1530000 2.082405 -3.043288 2.793553
1540000 1.690852 -2.798244 2.919210
1550000 2.463934 -3.030699 2.898226
1560000 3.205140 -2.938281 2.774028
1570000 2.381421 -3.016637 2.838437
1580000 2.080349 -2.937567 2.812868
1590000 2.045299 -2.943534 2.828243
1600000 1.902834 -2.935233 2.774603
1610000 1.591717 -3.017986 2.713604
1620000 1.321558 -3.104341 2.842318
1630000 1.327201 -2.896955 2.838687
1640000 1.214293 -2.989370 2.802940
1650000 0.850431 -2.928148 2.761325
1660000 0.868562 -2.891358 2.788064
1670000 0.674350 -3.027320 2.868703
1680000 1.045502 -2.920369 2.680833
1690000 0.985763 -2.982017 2.819834
1700000 0.745755 -2.853276 2.887344
1710000 1.002592 -2.784793 2.703433
1720000 1.048484 -2.959458 2.824922
1730000 1.123815 -2.984526 2.795367
1740000 1.501613 -2.973289 2.806802
1750000 1.527781 -2.977579 2.785173
1760000 1.559795 -2.920789 2.859400
1770000 1.475685 -3.051559 2.705748
1780000 1.661578 -2.912662 2.800703
1790000 1.440163 -2.912942 2.703711
1800000 1.149244 -2.952931 2.667126
1810000 1.758808 -2.955026 2.795257
1820000 1.970063 -2.896421 2.736590
1830000 2.635065 -2.961247 2.702862
1840000 2.930974 -2.828630 2.799555
1850000 4.327721 -2.917799 2.774513
1860000 5.020532 -3.015780 2.882133
1870000 4.693274 -3.097471 2.828159
1880000 4.331401 -3.102619 2.762397
1890000 3.900696 -2.958914 2.855044
1900000 3.483434 -2.992347 2.830724
1910000 4.663424 -2.980405 2.881761
1920000 3.884287 -2.975411 2.840801
1930000 2.903229 -2.952423 2.810076
1940000 2.866545 -2.930755 2.867339
1950000 3.620033 -2.976968 2.814727
1960000 2.657339 -2.902523 2.772514
1970000 3.594368 -2.949806 2.661872
1980000 3.759884 -2.942757 2.882101
1990000 4.288413 -2.947434 2.796958
2000000 3.998357 -2.917834 2.754183
2010000 4.002212 -2.933781 2.834449
2020000 2.692203 -2.929410 2.839615
2030000 2.647666 -2.856804 2.746234
2040000 2.597372 -2.931634 2.670533
2050000 3.078121 -2.885181 2.817474
2060000 4.362560 -3.065878 2.817629
2070000 4.242635 -2.994801 2.707621
2080000 4.345425 -3.065475 2.760738
2090000 4.828935 -3.044427 2.771593
2100000 4.100251 -3.094860 2.689451
2110000 3.347195 -3.085592 2.803213
2120000 3.977797 -2.958488 2.738586
2130000 3.825153 -2.949948 2.865739
2140000 4.203793 -2.933496 2.748159
2150000 4.821426 -2.985953 2.805472
2160000 3.896136 -2.927214 2.800472
2170000 3.608745 -3.063838 2.800190
2180000 2.705831 -2.979863 2.821639
2190000 2.373615 -3.016033 2.867305
2200000 3.326168 -2.932609 2.799412
2210000 3.108820 -2.971027 2.856190
2220000 1.809427 -2.957529 2.709142
2230000 1.764210 -2.940313 2.777252
2240000 2.503663 -2.897263 2.862541
2250000 2.283841 -2.958532 2.692514
2260000 2.539557 -3.021071 2.870442
2270000 1.543833 -2.961987 2.801123
2280000 1.335749 3.121952 2.858575
2290000 1.180790 -2.991074 2.754322
2300000 0.611862 -2.852656 2.838221
2310000 0.491391 -3.012956 2.822357
2320000 0.612276 -2.952284 2.793766
2330000 0.724654 -3.094130 2.865718
2340000 0.754309 -2.989063 2.779492
2350000 0.697907 -3.057676 2.824115
2360000 0.736622 -3.010343 2.851139
2370000 0.499436 -3.001250 2.704901
2380000 0.586397 -2.904323 2.846800
2390000 0.872466 -2.856703 2.754849
2400000 0.889959 -2.915102 2.793921
2410000 1.233636 -2.958188 2.898635
2420000 1.920441 -3.078112 2.701615
2430000 2.723103 -2.926079 2.859478
2440000 2.648507 -3.093843 2.816535
2450000 3.035734 -2.902002 2.759293
2460000 3.738912 -2.952121 2.788624
2470000 3.640512 -3.105308 2.802729
2480000 4.019530 -2.964961 2.838991
2490000 4.159517 -2.957544 2.881521
2500000 3.461091 -3.081409 2.714444
2510000 3.046696 -2.893946 2.831245
2520000 3.871312 -2.966396 2.744929
2530000 2.355359 -2.906109 2.807339
2540000 1.765864 -2.912068 2.712429
2550000 2.713892 -3.049750 2.719227
2560000 3.249083 -2.936417 2.938612
2570000 4.985697 -2.944327 2.859378
2580000 4.944952 -3.074073 2.697772
2590000 4.856066 -2.897836 2.831986
2600000 4.911161 -2.912584 2.785227
2610000 4.025063 -2.950706 2.823039
2620000 4.396762 -2.855333 2.617758
2630000 2.994601 -2.849008 2.826823
2640000 2.175459 -3.050347 2.784180
2650000 2.697900 -3.055388 2.869285
2660000 3.672359 -2.984461 2.806787
2670000 3.689695 -2.879529 2.870590
2680000 3.025662 -2.888783 2.779033
2690000 3.843482 -2.884266 2.813415
2700000 2.705136 -2.940137 2.741418
2710000 2.264449 -2.993001 2.753946
2720000 1.673707 -3.046497 2.758895
2730000 2.025325 -2.929181 2.717076
2740000 1.986694 -3.081962 2.680536
2750000 1.513805 -2.960532 2.768168
2760000 1.635933 -3.016439 2.838550
2770000 1.915886 -2.957098 2.804773
2780000 2.763143 -2.854676 2.736405
2790000 3.000554 -2.857952 2.795227
2800000 4.439268 -3.060028 2.903103
2810000 4.913382 -2.989723 2.675644
2820000 4.975934 -2.999523 2.867352
2830000 4.814020 -3.047978 2.748748
2840000 4.568677 -2.934485 2.697195
2850000 4.847396 -2.895596 2.904741
2860000 4.224077 -2.968139 2.764747
2870000 4.463576 -2.989033 2.805431
2880000 3.964718 -2.940269 2.744783
2890000 4.394830 -3.022340 2.943387
2900000 3.348477 -3.008961 2.796324
2910000 2.542695 -2.892838 2.885010
2920000 2.195096 -2.917802 2.734132
2930000 1.414662 -2.889906 2.945427
2940000 1.229869 -3.088013 2.842500
2950000 1.243365 -3.016752 2.995941
2960000 1.300877 -2.991723 2.832180
2970000 1.353024 -2.908141 2.800532
2980000 1.819468 -2.858323 2.757676
2990000 1.872679 -2.846651 2.727076
3000000 2.497242 -2.893531 2.742556
3010000 2.396703 -2.893371 2.796849
3020000 3.910508 -2.984716 2.649785
3030000 4.429827 -2.936724 2.589131
3040000 3.320472 -2.912936 2.825216
3050000 2.804007 -3.099889 2.704711
3060000 2.533129 -2.868675 2.887857
3070000 1.546902 -2.920909 2.637836
3080000 1.083285 -2.891771 2.747714
3090000 1.166833 -2.819610 2.786875
3100000 1.477067 -2.928358 2.749959
3110000 0.998286 -2.895278 2.700181
3120000 0.475892 -2.972406 2.702058
3130000 0.441238 -2.906384 2.810122
3140000 0.463009 -2.937905 2.775441
3150000 0.682093 -3.035286 2.876145
3160000 0.552449 -2.865302 2.866108
3170000 0.748039 -3.062985 2.702955
3180000 0.473485 -2.960861 2.794447
3190000 0.581766 -2.941987 2.776470
3200000 0.602792 -3.039268 2.868436
3210000 0.581684 -2.924083 2.779569
3220000 0.872441 -2.943248 2.696811
3230000 0.881734 -3.044315 2.614624
3240000 0.969066 -3.013896 2.782824
3250000 1.142660 -3.034405 2.742731
3260000 0.794807 -2.894009 2.903257
3270000 0.786792 -2.928715 2.832775
3280000 0.659389 -2.943769 2.855238
3290000 0.711445 -2.929808 2.831084
3300000 0.752499 -2.967906 2.781525
3310000 1.007509 -2.989028 2.829031
3320000 1.142436 -2.915626 2.846271
3330000 1.322030 -2.844092 2.923718
3340000 1.334665 -2.960361 2.659540
3350000 1.232579 -2.829263 2.702760
3360000 1.619023 -2.985020 2.805393
3370000 1.462562 -2.894558 2.825948
3380000 1.345800 -2.827123 2.910390
3390000 1.671673 -2.943288 2.747073
3400000 1.578146 -3.074487 2.868867
3410000 1.509398 -2.988859 2.798783
3420000 1.664095 -3.048371 2.745313
3430000 1.575225 -3.126993 2.698154
3440000 1.816340 -3.061806 2.739797
3450000 1.874413 -2.989994 2.793559
3460000 1.855174 -2.895641 2.812911
3470000 1.841266 -3.116724 2.680166
3480000 1.950073 -3.009462 2.750822
3490000 2.364346 -2.948017 2.745768
3500000 2.425347 -2.941316 2.700519
3510000 2.963141 -3.040600 2.704802
3520000 3.980784 -2.955123 2.684559
3530000 4.484873 -2.971982 2.935711
3540000 3.772339 -3.066617 2.860497
3550000 3.203372 -2.913428 2.710747
3560000 4.121071 -2.999795 2.935206
3570000 3.286708 -2.924897 2.859548
3580000 4.747171 -3.072018 2.731020
3590000 4.663318 -3.043725 2.800442
3600000 3.850156 -2.735558 2.851719
3610000 2.546031 -2.989124 2.852361
3620000 2.416056 -2.941556 2.921742
3630000 3.440264 -2.924928 2.694251
3640000 2.987632 -2.864370 2.891424
3650000 2.895506 -3.041445 2.816561
3660000 2.498974 -2.989997 2.815125
3670000 4.034613 -2.963676 2.718383
3680000 3.869113 -2.846203 2.767822
3690000 4.507230 -3.035781 2.767936
3700000 4.323774 -3.009309 2.895475
3710000 4.501250 -3.031343 2.779484
3720000 3.528590 -2.852711 2.600688
3730000 3.766887 -3.042499 2.759051
3740000 3.657895 -2.915536 2.804274
3750000 4.374504 -3.082726 2.803877
3760000 4.845419 -2.974414 2.851603
3770000 4.996455 -3.021603 2.849320
3780000 4.952993 -2.969308 2.729075
3790000 4.129397 -2.974781 2.692200
3800000 4.878340 -2.886386 2.838007
3810000 4.916484 -3.056120 2.774927
3820000 3.671595 -2.957037 2.714717
3830000 4.327448 -2.960049 2.665666
3840000 4.066116 -2.965898 2.676321
3850000 4.611332 -3.025580 2.832721
3860000 3.552796 -3.047399 2.851335
3870000 2.610445 -2.919708 2.703196
3880000 3.134190 -2.866594 2.716961
3890000 2.427029 -3.030358 2.745754
3900000 2.812644 -2.815914 2.599154
3910000 3.126371 -2.971036 2.802114
3920000 2.186451 -2.905750 2.750946
3930000 2.356747 -3.011260 2.835399
3940000 2.227444 -2.939251 2.708372
3950000 3.491984 -2.869603 2.721356
3960000 3.501925 -3.031149 2.857245
3970000 3.288138 -2.814819 2.827358
3980000 4.713935 -2.912939 2.813762
3990000 4.658925 -2.957994 2.883878
4000000 5.112882 -2.937028 2.742825
