100000 0.985677 -3.027593 2.137603
110000 1.353886 -2.865420 2.096130
120000 1.214784 3.135127 2.092428
130000 1.679601 -3.088224 2.134808
140000 2.091900 -2.899184 2.172823
150000 2.588762 -2.917483 2.073656
160000 3.753364 -2.935972 2.009960
170000 4.546083 -3.004642 2.096633
180000 3.810950 -2.908480 2.158905
190000 3.590006 -3.026904 2.219055
200000 4.081196 -3.073656 2.209828
210000 2.884663 -3.025602 1.984804
220000 2.820454 -3.072941 2.045014
230000 3.869797 -2.938119 2.177581
240000 4.148721 -3.015753 2.057931
250000 5.064947 -3.018840 2.053747
260000 4.554976 -3.095318 2.037265
270000 3.361865 -2.967832 2.080086
280000 2.850180 -3.022426 2.007433
290000 2.127468 -2.981723 2.077479
300000 3.074222 -2.933617 2.084371
310000 4.641437 -2.916795 2.132822
320000 4.261511 -2.891360 2.094789
330000 4.694011 -2.969422 2.087830
340000 5.093481 -3.117031 1.994999
350000 3.870207 -2.950551 2.155100
360000 2.367620 -3.015005 2.063365
370000 2.797864 -2.954757 2.074063
380000 3.073141 -2.965363 2.020870
390000 1.777987 -2.941544 2.036899
400000 2.205025 -3.085408 2.105541
410000 2.339320 -2.888345 2.082437
420000 0.901505 -3.030919 2.086572
430000 0.841926 -2.903364 2.117701
440000 0.982911 -2.838147 2.069223
450000 1.406363 -2.863256 2.185760
460000 1.475990 -2.924174 2.086073
470000 1.712566 -2.873760 2.122279
480000 1.668396 -2.893322 2.066022
490000 1.617996 -2.985310 1.993917
500000 2.666376 -2.920293 2.084278
510000 3.816362 -3.098740 2.187244
520000 2.565696 -3.005487 1.930731
530000 3.757491 -3.036368 2.094122
540000 4.403757 -3.069678 2.109107
550000 4.162024 -2.837413 1.971540
560000 3.710390 -2.919080 2.191957
570000 3.164662 -2.964874 2.025558
580000 2.676301 -2.814301 1.992127
590000 2.408796 -2.928153 2.088821
600000 2.115138 -2.963107 2.107262
610000 1.369655 -2.999195 2.191397
620000 1.711098 -2.822217 1.930177
630000 0.659761 -2.979497 2.150744
640000 0.627474 -3.098515 2.111484
650000 0.702408 -3.002606 2.112243
660000 0.504480 -2.927396 2.154059
670000 0.500195 -2.841558 2.048446
680000 0.755684 -3.033225 2.196916
690000 1.045424 -2.883206 2.092654
700000 1.155700 -2.998613 2.129663
710000 0.913928 -2.953104 2.122452
720000 1.247276 -3.062290 2.172684
730000 1.160839 -2.890295 2.154889
740000 1.760805 -2.923994 2.008514
750000 1.588827 -2.876799 2.174557
760000 1.334139 -2.883224 2.118920
770000 1.252491 -3.116887 2.007172
780000 1.202576 -3.054633 2.110624
790000 1.387239 -3.023267 1.986130
800000 1.823161 -3.037569 1.925520
810000 2.098776 -2.877905 2.068026
820000 2.644233 -2.857245 2.110727
830000 2.539626 -2.972465 2.084660
840000 3.383823 -3.082252 2.067974
850000 4.263459 -2.998836 2.063647
860000 4.563577 -2.996212 2.127536
870000 4.574043 -2.921360 2.025675
880000 4.108181 -3.003830 2.122302
890000 3.836415 -2.996010 2.026230
900000 3.403493 -2.941847 1.969603
910000 3.020905 -2.919537 1.978339
920000 3.174706 -2.991141 2.067429
930000 4.589007 -2.951001 2.076596
940000 4.307576 -2.997940 2.079640
950000 4.038327 -3.014847 2.034751
960000 3.957965 -3.032124 2.071470
970000 3.870769 -2.910391 2.118853
980000 2.872919 -2.971467 2.134098
990000 2.688593 -2.876084 2.153733
1000000 3.217136 -3.059649 2.204049
1010000 2.367384 -2.855795 2.180891
1020000 2.250948 -3.087962 2.048014
1030000 2.238264 -3.030006 2.162625
1040000 2.323393 -2.839990 2.067691
1050000 3.830794 -3.091970 2.127909
1060000 4.797002 -2.963434 2.231308
1070000 4.017735 -2.998100 2.160571
1080000 3.482517 -3.043451 2.192832
1090000 3.380208 -3.005340 2.113245
1100000 3.477035 -2.891362 2.031223
1110000 4.260310 -2.935453 2.045119
1120000 4.418277 -2.921458 2.165684
1130000 4.150458 -2.896962 2.150146
1140000 4.895280 -3.104124 2.119318
1150000 4.498837 -3.026952 2.053105
1160000 3.696396 -2.917208 2.104821
1170000 2.852329 -2.824775 2.095669
1180000 2.625812 -2.882087 2.143032
1190000 1.897061 -3.019355 2.106427
1200000 2.945191 -3.036594 2.092186
1210000 3.042257 -2.987718 2.160841
1220000 3.203670 -3.046525 2.110306
1230000 3.522569 -2.990114 2.094558
1240000 2.552205 -3.010067 2.097354
1250000 1.972666 -3.003854 2.013386
1260000 1.597187 -2.892552 2.092098
1270000 1.034074 -2.894735 2.102482
1280000 0.752058 -2.980352 2.235676
1290000 0.805243 -3.018917 2.161245
1300000 1.016371 -2.904803 2.035499
1310000 1.209775 -2.919443 2.139934
1320000 1.087833 -2.971427 2.230901
1330000 1.598035 -2.966933 2.064888
1340000 1.298356 -2.870179 2.155842
1350000 0.815668 -2.956606 2.010656
1360000 0.883755 -2.998083 2.031171
1370000 1.285081 -2.993495 1.986300
1380000 1.180276 -2.991228 1.995966
1390000 1.514885 -2.936152 2.176315
1400000 1.683178 -2.991010 2.088864
1410000 2.061061 -2.979931 2.033494
1420000 2.283987 -3.015442 2.171677
1430000 2.735298 -2.907336 2.049191
1440000 3.408714 -2.987052 2.255277
1450000 4.013874 -2.896448 2.210000
