100000 1.671598 -2.882464 1.201497
110000 2.437463 -2.871079 1.134375
120000 4.457807 -2.968980 1.289375
130000 4.617527 -2.930671 1.065700
140000 4.119008 -3.014878 1.254897
150000 4.511790 -2.952585 1.251479
160000 4.270073 -3.106797 1.357201
170000 3.744942 -2.947718 1.264467
180000 3.174897 -3.038110 1.176752
190000 2.356165 -2.959461 1.206790
200000 3.724635 -2.901918 1.299650
210000 3.895706 -3.024769 1.176809
220000 2.629686 -2.973340 1.115256
230000 2.459186 -2.896587 1.168665
240000 2.422658 -2.914880 1.223495
250000 1.120826 -2.828715 1.301682
260000 1.066198 -2.886475 1.232979
270000 0.710534 -2.954571 1.251209
280000 0.684490 -2.877598 1.257408
290000 0.786624 -2.846878 1.314006
300000 1.091914 -2.888096 1.214270
310000 1.719646 -2.991955 1.272779
320000 2.071301 -2.948858 1.171230
330000 1.541422 -3.025438 1.194039
340000 2.315175 -3.014072 1.198476
350000 1.574046 -3.003419 1.353150
360000 1.168236 -2.910005 1.263614
370000 1.428371 -2.960162 1.215338
380000 1.546510 -2.999914 1.292448
390000 1.620025 -2.943138 1.180966
400000 3.079320 -2.993551 1.159859
410000 3.565254 -3.076681 1.284321
420000 4.570598 3.135864 1.271434
430000 5.059834 -3.019890 1.309465
440000 4.730904 -2.871836 1.229476
450000 4.926463 -3.117615 1.130623
460000 3.576771 -2.984871 1.201687
470000 3.876680 -3.003862 1.240095
480000 3.324335 -2.987499 1.253997
490000 2.621227 -3.024253 1.102944
500000 3.922372 -2.894881 1.224505
510000 4.630653 -2.963363 1.149159
520000 4.916543 -3.004758 1.296522
530000 4.633885 -2.943164 1.177692
540000 3.924592 -2.907761 1.225274
550000 4.504138 -3.046781 1.296349
560000 4.714264 -2.947549 1.241676
570000 3.790704 -2.944356 1.207450
580000 2.718324 -2.979182 1.146086
590000 2.383178 -3.023204 1.128676
600000 2.596543 -2.932379 1.329295
610000 1.967031 -2.886902 1.327282
620000 3.358602 -2.855842 1.258371
630000 3.260491 -3.085154 1.217988
640000 2.595195 -3.063953 1.177265
650000 1.945637 -3.051064 1.270624
660000 2.566718 -3.025184 1.305511
670000 3.341749 -2.869572 1.247912
680000 4.238843 -2.935022 1.314779
690000 3.517313 -3.022209 1.258804
700000 4.923299 -2.991195 1.442912
710000 3.733962 -2.926467 1.327587
720000 3.570448 -3.059617 1.185429
730000 2.097491 -2.952306 1.275106
740000 1.661767 -2.987005 1.053286
750000 1.377046 -3.015128 1.218709
760000 1.028167 -2.936537 1.181171
770000 0.980952 -3.095085 1.272996
780000 1.891403 -3.006752 1.246457
790000 2.065272 -2.919873 1.288500
800000 2.318433 -2.822390 1.252329
810000 2.868485 -2.927123 1.318345
820000 4.535914 -3.014522 1.198384
830000 4.479881 -2.897648 0.973047
840000 3.980134 -2.955037 1.182731
850000 3.231377 -2.896441 1.208333
860000 2.849248 -2.958706 1.087616
870000 3.823552 -2.874653 1.151096
880000 3.396078 -3.008120 1.238812
890000 3.920925 -2.980903 1.320350
900000 4.234884 -2.917287 1.297354
910000 4.992494 -2.821387 1.215580
920000 4.027614 -2.945637 1.305718
930000 4.888076 -2.826853 1.128194
940000 4.769743 -2.958733 1.143108
950000 3.511262 -2.953291 1.236619
960000 2.618536 -2.894277 1.082790
970000 1.973872 -2.835733 1.132715
980000 3.556369 -2.935147 1.192548
990000 3.611913 -2.917567 1.175710
1000000 3.554855 -3.003771 1.146319
1010000 4.249970 -2.981951 1.263045
1020000 3.851603 3.113502 1.183920
1030000 4.614933 -2.958476 1.253979
1040000 4.520304 -2.884071 1.220681
1050000 4.222159 -3.045135 1.306913
1060000 2.947229 -2.997523 1.167104
1070000 3.296853 -3.130095 1.199177
1080000 2.579771 -2.834162 1.181431
1090000 2.694810 -3.004711 1.207585
1100000 2.057183 -2.891997 1.113553
1110000 1.654331 -2.956914 1.215516
1120000 1.423822 -3.002423 1.276928
1130000 1.124175 -2.982316 1.303546
1140000 0.771852 -3.005781 1.267254
1150000 0.500779 3.115590 1.297483
1160000 0.605086 -2.886603 1.218950
1170000 0.677714 -2.988626 1.172547
1180000 0.738010 -3.034784 1.356491
1190000 1.041785 -2.870427 1.246126
1200000 1.040900 -2.964497 1.187208
1210000 1.444945 -3.004443 1.253216
1220000 1.293787 -3.020418 1.306545
1230000 0.974555 -2.908949 1.251061
1240000 2.038004 -2.959620 1.178752
1250000 1.884914 -2.905402 1.214477
1260000 1.620853 -2.983002 1.303168
1270000 2.157942 -3.010507 1.149095
1280000 2.661143 -2.952279 1.190188
1290000 2.962173 -2.984906 1.286789
1300000 3.123705 -2.919239 1.127435
1310000 3.696147 -3.100240 1.290949
1320000 3.956943 -3.006464 1.264023
1330000 4.728509 -3.013098 1.163229
1340000 4.929338 -3.037452 1.275276
1350000 4.051873 -2.948871 1.264214
1360000 4.446283 -3.119373 1.199716
1370000 3.835216 -3.021841 1.124619
1380000 2.533914 -2.856447 1.261308
1390000 2.541524 -2.946840 1.281995
1400000 2.107958 -2.995747 1.191714
1410000 2.933976 -2.915540 1.227471
1420000 3.091689 -3.044079 1.175840
1430000 2.257983 -2.975858 1.144935
1440000 1.754075 -2.977747 1.271376
1450000 1.984694 -3.045673 1.188871
1460000 1.382687 -2.878224 1.205866
1470000 1.717706 -3.025982 1.176091
1480000 1.957562 -3.015827 1.181771
1490000 2.470955 -3.103025 1.102748
1500000 1.979654 -2.938258 1.204013
1510000 1.766074 -2.928273 1.242881
1520000 2.224221 -2.951250 1.277791
1530000 1.340026 -3.035354 1.186230
1540000 1.243942 -2.979898 1.255415
1550000 1.018562 -2.939646 1.377245
1560000 1.259320 -2.955522 1.227815
1570000 0.735324 -2.943149 1.437875
1580000 0.800562 -2.927086 1.266617
1590000 0.703450 -2.905193 1.117281
1600000 0.959891 -2.940587 1.178219
1610000 0.889745 -3.004837 1.229896
1620000 0.623620 -2.847717 1.267058
1630000 0.575023 -2.979745 1.358557
1640000 0.488100 -2.933502 1.233861
1650000 0.811927 -2.915737 1.297258
1660000 0.854514 -2.998384 1.152573
1670000 1.125647 -3.046134 1.217193
1680000 1.166459 -2.944532 1.213148
1690000 1.067256 -2.882504 1.258515
1700000 1.422738 -2.775341 1.160192
1710000 1.093058 -2.931892 1.310327
1720000 1.452570 -2.955455 1.237058
1730000 1.559175 -2.962482 1.283650
1740000 1.639414 -2.931139 1.127866
1750000 1.758343 -3.030297 1.144502
1760000 2.436541 -3.051665 1.296789
1770000 2.319056 -2.957456 1.265403
1780000 2.756898 -3.034638 1.317774
1790000 2.997534 -2.897728 1.261274
1800000 3.720948 -3.061648 1.161137
1810000 3.456011 -3.050792 1.371036
1820000 4.034176 -2.957461 1.375067
1830000 3.648818 -3.056494 1.244197
1840000 4.399086 -3.021258 1.264614
1850000 4.992000 -2.914604 1.203777
1860000 4.248593 -3.032008 1.160676
1870000 4.534319 -2.931110 1.270003
1880000 4.461372 -3.026822 1.181157
1890000 3.748037 -2.863388 1.239701
1900000 3.042392 -3.017302 1.153077
1910000 4.293694 -2.951708 1.167584
1920000 4.807891 -2.931370 1.288478
1930000 4.902734 -2.924138 1.184594
1940000 3.843507 -3.053064 1.207380
1950000 3.932409 -3.007115 1.276502
1960000 3.965314 -2.987833 1.281071
1970000 3.750950 -2.969903 1.272749
1980000 2.765943 -2.949462 1.214348
1990000 3.093614 -2.948777 1.238466
2000000 3.512318 -3.088003 1.250476
2010000 2.553330 -2.896476 1.276245
2020000 3.631848 -2.936893 1.185000
2030000 3.557531 -3.114110 1.327238
2040000 4.438892 -2.972122 1.198511
2050000 4.943578 -2.946733 1.116150
2060000 5.078794 -3.102273 1.265645
2070000 4.320429 -2.922636 1.253653
2080000 3.585792 -2.865793 1.248078
2090000 3.496266 -2.922302 1.298259
2100000 2.642181 -2.977483 1.120491
2110000 2.813210 -2.875318 1.322880
2120000 3.310974 -2.866487 1.215234
2130000 2.432962 -2.935125 1.247606
2140000 2.507743 -2.895405 1.330043
2150000 3.018757 -2.882022 1.182252
2160000 2.903320 -2.965537 1.213732
2170000 4.020150 -2.992107 1.136337
2180000 3.258918 -2.968813 1.144474
2190000 2.214763 -2.876658 1.278902
2200000 2.883328 -2.882983 1.254078
2210000 2.656367 -2.956172 1.198913
2220000 2.132117 -2.974212 1.194767
2230000 2.756677 -3.020209 1.246495
2240000 2.968956 -3.012950 1.152949
2250000 2.841489 -2.991920 1.277815
2260000 3.972978 -2.939927 1.200532
2270000 4.745372 -2.931076 1.275808
2280000 4.297228 -2.862513 1.188551
2290000 4.653412 -3.008961 1.036109
2300000 4.979129 -3.036117 1.248302
2310000 4.139313 -3.045157 1.261023
2320000 3.612289 -2.950441 1.194461
2330000 4.153088 -3.032539 1.238925
2340000 4.085344 -3.040101 1.278591
2350000 4.964393 -3.066607 1.242409
2360000 4.649894 -3.116069 1.274779
2370000 3.562286 -2.898960 1.265717
2380000 4.637642 -2.952186 1.314312
2390000 4.474240 -3.016362 1.076659
2400000 3.773868 -3.043007 1.337846
2410000 3.337447 -2.942995 1.202782
2420000 3.204188 -2.978770 1.198085
2430000 1.856899 -2.956433 1.191628
2440000 1.687490 -2.959656 1.118985
2450000 1.985263 -3.025653 1.126801
2460000 1.481681 -3.030288 1.289162
2470000 1.457503 -2.911036 1.267925
2480000 2.139873 -2.975882 1.391491
2490000 2.532629 -2.970948 1.288946
2500000 3.324921 -2.986103 1.302913
2510000 2.600659 -2.899966 1.216344
2520000 2.418695 -3.059558 1.254308
2530000 3.201470 -3.029708 1.417953
2540000 3.535446 -2.829631 1.298838
2550000 3.392278 -2.938087 1.204698
2560000 3.258779 -2.954186 1.210340
2570000 2.308145 -3.081057 1.144837
2580000 1.984729 3.112568 1.389300
2590000 2.292667 -2.898328 1.314221
2600000 2.500887 -2.982384 1.187038
2610000 1.962697 -2.995641 1.357358
2620000 1.802374 -3.086174 1.324347
2630000 1.318846 -2.979812 1.326523
2640000 1.272740 -2.926966 1.322171
2650000 1.266884 -2.889753 1.194147
2660000 1.218820 -2.918008 1.139586
2670000 0.932757 -2.783248 1.253401
2680000 0.989114 -3.046532 1.124730
2690000 0.780300 -2.938014 1.266371
2700000 1.032718 -2.996676 1.244605
2710000 1.168159 -2.862751 1.334600
2720000 0.838778 -2.937965 1.235805
2730000 0.631519 -2.868657 1.145365
2740000 0.505013 -3.026190 1.248509
2750000 0.733135 -3.027919 1.217876
2760000 0.858334 -2.929106 1.218419
2770000 0.855612 -3.065390 1.223074
2780000 0.888788 -3.012913 1.235375
2790000 0.741888 -3.116067 1.209206
2800000 1.047097 -2.950039 1.279945
2810000 1.522258 -2.977130 1.291018
2820000 1.642340 -3.083126 1.298197
2830000 1.330762 -2.992006 1.093376
2840000 1.284328 -2.996243 1.136627
2850000 1.129517 -3.023653 1.272967
2860000 1.375847 -3.050689 1.192746
2870000 1.377835 -3.017232 1.253007
2880000 0.979553 -3.000979 1.204817
2890000 0.965736 -2.917121 1.322314
2900000 0.996224 -3.051878 1.210982
2910000 0.774292 -3.039484 1.222354
2920000 0.587995 -2.949002 1.325294
2930000 0.554156 -2.964720 1.210844
2940000 0.487652 -3.002235 1.346065
2950000 0.810164 -2.895173 1.192783
2960000 1.432857 -2.937895 1.233148
2970000 1.462624 -2.882828 1.232921
2980000 1.857584 -2.993734 1.149491
2990000 2.011478 -3.044229 1.308345
3000000 2.104267 -3.033150 1.275330
3010000 2.135718 -2.930860 1.267215
3020000 1.925441 -2.981666 1.266761
3030000 2.320006 -3.027016 1.184965
3040000 2.495846 -2.911027 1.167336
3050000 3.141684 -2.912645 1.235911
3060000 3.654804 -3.040955 1.293492
3070000 3.264856 -2.829999 1.243817
3080000 3.982193 -2.941244 1.159971
3090000 4.798754 -2.951678 1.211460
3100000 4.965171 -2.961952 1.201876
3110000 4.657805 -3.041159 1.053295
3120000 5.026745 -2.960441 1.080810
3130000 5.049488 -2.979302 1.252801
3140000 4.540104 -2.987920 1.195211
3150000 4.101389 -2.927329 1.207595
3160000 4.841938 -2.961767 1.285330
3170000 4.607882 -2.939151 1.278141
3180000 4.076100 -2.934787 1.138430
3190000 3.838350 -2.889304 1.233935
3200000 4.403318 -3.035741 1.312280
3210000 3.692753 -3.066399 1.230153
3220000 4.522474 -2.975168 1.248514
3230000 4.132399 -2.949968 1.252173
3240000 4.626701 -2.971373 1.222925
3250000 3.919987 -2.964701 1.231900
3260000 3.812906 -2.923042 1.158414
3270000 5.039095 -2.830779 1.198029
3280000 3.939600 -2.817901 1.149512
3290000 4.660950 -2.857591 1.165488
3300000 4.057843 -3.025159 1.205164
3310000 3.385651 -2.788992 1.332854
3320000 2.960360 -3.004472 1.259088
3330000 2.653824 -2.966627 1.279655
3340000 2.364005 -2.969308 1.166189
3350000 3.037990 -2.951031 1.179669
3360000 2.946540 -2.883389 1.210208
3370000 2.990881 -3.021973 1.151696
3380000 3.598344 -2.887629 1.253097
3390000 2.819513 -2.959954 1.267449
3400000 2.371106 -2.885278 1.134645
3410000 3.141989 -3.012484 1.303993
3420000 3.863625 -2.958923 1.325917
3430000 3.580932 -2.960813 1.137413
3440000 3.512353 -2.906118 1.257946
3450000 4.157027 -2.960842 1.287361
3460000 3.199450 3.136370 1.267683
3470000 2.233275 -2.939433 1.169154
3480000 1.899129 -3.024349 1.218775
3490000 2.121596 -3.007478 1.265397
3500000 2.432234 -3.029079 1.254451
3510000 2.249345 -2.965835 1.199327
3520000 2.304653 -2.866686 1.239430
3530000 1.568996 -2.937973 1.250654
3540000 1.566545 -2.961477 1.164995
3550000 1.520929 -2.911170 1.183424
3560000 1.131833 -3.001376 1.159045
3570000 1.391236 -3.012712 1.226666
3580000 1.649900 -2.991179 1.230553
3590000 1.166056 -3.007037 1.180914
3600000 1.592030 -2.950791 1.253528
3610000 1.002518 -2.915785 1.221688
3620000 0.898068 -2.928198 1.235893
3630000 1.293172 -2.984619 1.177392
3640000 2.342512 -2.935157 1.370069
3650000 2.390409 -2.987699 1.120789
3660000 3.618817 -2.954079 1.152032
3670000 2.810773 -2.832511 1.235188
3680000 3.345060 -3.098072 1.182010
3690000 4.191387 -2.963858 1.154110
3700000 4.643122 -2.962356 1.099335
3710000 4.369664 -2.848565 1.223618
3720000 4.064786 -2.995387 1.288852
3730000 4.035108 -2.940196 1.059438
3740000 4.512621 -2.912347 1.275399
3750000 4.068106 -3.028965 1.300766
3760000 4.087864 -2.948904 1.250674
3770000 4.725390 -2.974788 1.242001
3780000 4.737924 -3.000405 1.202567
3790000 4.900327 -3.061266 1.138367
3800000 3.884401 -2.969116 1.239229
3810000 3.572748 -2.935085 1.182589
3820000 3.889612 -3.067001 1.253072
3830000 4.306016 -2.884060 1.352387
3840000 3.810387 -2.910057 1.347544
3850000 3.325973 -2.944666 1.329759
3860000 2.857619 -3.108698 1.115478
3870000 2.320203 -2.999494 1.133278
3880000 2.821339 -2.881671 1.164245
3890000 2.472104 -2.974562 1.186484
3900000 3.209205 -2.921643 1.148335
3910000 2.974673 -2.971659 1.219626
3920000 3.220810 -3.103944 1.152989
3930000 3.611396 -2.948344 1.243112
3940000 3.484744 -2.979747 1.282285
3950000 2.727753 -2.980480 1.230212
3960000 2.520020 -2.905114 1.167936
3970000 4.105088 -2.952468 1.081843
3980000 4.065342 -2.817809 1.213459
3990000 4.879482 -2.902966 1.135571
4000000 5.048599 -2.792932 1.213650
