100000 3.576713 -2.918706 1.080309
110000 4.437269 -2.957797 1.011450
120000 3.362958 -3.039426 1.034496
130000 2.038297 -2.972371 0.963886
140000 1.946775 -2.987319 1.011539
150000 2.548446 -2.869692 1.191056
160000 3.696502 -2.920894 0.986054
170000 4.432036 -3.058321 1.110770
180000 3.867470 -3.016024 1.131610
190000 2.137807 -2.799547 1.060293
200000 2.724759 -2.868604 0.980982
210000 3.716492 -2.982544 0.979767
220000 3.351403 -2.944571 0.922534
230000 2.468406 -3.047594 1.054614
240000 1.547814 -2.966273 0.936140
250000 0.949065 -3.018055 1.019329
260000 1.575001 -2.941242 1.057205
270000 2.005159 -2.947571 1.049804
280000 2.457611 -2.904318 1.121963
290000 2.841589 -2.946223 1.162311
300000 3.721435 -3.061782 0.930123
310000 3.071221 -3.031307 1.079607
320000 3.440495 -3.028486 1.019994
330000 5.011621 -2.978603 1.138353
340000 4.657275 -2.919763 1.117253
350000 4.402778 -3.046320 1.170290
360000 4.837678 -3.029908 1.032734
370000 4.378959 -2.998842 1.088670
380000 4.918052 -2.881491 1.055145
390000 3.766885 -2.995619 1.068098
400000 3.197720 -2.982902 1.090445
410000 3.398075 -2.830078 0.918296
420000 2.668744 -2.959341 1.109787
430000 2.608967 -2.886795 0.947572
440000 3.449820 -2.945768 0.961348
450000 3.069645 -2.885867 1.025013
460000 3.571873 -3.069905 1.129120
470000 2.449864 -3.038593 1.033843
480000 1.523307 -2.964606 1.120014
490000 1.670687 -2.979730 1.045932
500000 1.519145 -2.990122 1.122075
510000 1.674696 -2.978253 1.080163
520000 1.954534 -3.046922 1.163264
530000 1.458806 -3.044721 0.936082
540000 1.482181 -2.932186 0.924208
550000 0.717668 -2.876704 1.170951
560000 0.600864 -2.837426 1.106847
570000 0.769464 -2.866560 1.110499
580000 0.866712 -2.858845 0.944774
590000 0.547077 -2.974925 0.903133
600000 1.233239 -2.897273 1.137851
610000 1.099213 -3.021780 1.131910
620000 0.894875 -2.903396 1.204747
630000 0.829778 -3.003544 1.141207
640000 1.000874 -2.925699 0.964846
650000 1.424149 -3.045746 1.189049
660000 1.340867 -2.966357 1.105542
670000 1.087255 -2.986802 0.967577
680000 0.782079 -3.083069 1.033612
690000 0.630429 -2.880557 1.225410
700000 1.246780 -3.011653 0.998672
710000 1.942966 -2.973284 0.998238
720000 2.427013 -3.022077 0.966442
730000 2.742780 -3.017231 1.088560
740000 4.507997 -3.055991 1.071893
750000 4.666972 -3.078430 1.059647
760000 3.559496 -3.026044 1.123621
770000 3.745319 -3.035457 1.188945
780000 4.072418 -3.047985 1.015259
790000 4.275763 -2.966682 0.927497
800000 4.076595 -2.870922 1.096951
810000 3.484763 -2.932047 1.069329
820000 4.202912 -2.883525 0.985949
830000 3.388511 -2.925673 1.061696
840000 3.537025 -3.016896 0.831878
850000 2.405230 -2.905590 0.960971
860000 2.347877 -2.938306 0.987023
870000 2.297461 -2.933322 1.105442
880000 2.000507 -2.973585 0.892763
890000 2.507165 -3.036185 1.144697
900000 3.159691 -2.924452 1.068232
910000 3.976331 -2.967412 1.137357
920000 3.614666 -2.932866 1.130645
930000 4.688400 -2.898007 0.925750
940000 4.503755 -2.939096 0.999329
950000 4.790258 -3.079997 0.986639
960000 3.620680 -2.959840 1.094564
970000 3.816306 -2.982075 1.176851
980000 4.390906 -2.909184 1.037411
990000 3.891500 -3.082313 1.132871
1000000 2.524473 -2.901135 0.958751
1010000 2.575736 -3.078261 1.132946
1020000 3.406232 -3.032530 0.982810
1030000 4.083818 -2.929058 1.156971
1040000 3.272276 -2.871892 1.074368
1050000 2.507364 -2.908153 1.081048
1060000 2.073020 -2.942526 1.140454
1070000 3.056450 -2.944602 1.354973
1080000 3.054509 -3.027060 0.978651
1090000 3.752277 -2.952237 1.112098
1100000 3.343911 -2.908695 1.002994
1110000 4.344245 -2.995581 1.050205
1120000 4.602493 -2.880459 1.059504
1130000 4.720934 -2.964194 0.912883
1140000 4.179015 -2.911002 1.042228
1150000 4.078396 -2.924535 1.068686
1160000 4.642962 -2.989922 1.075015
1170000 3.237546 -2.868976 0.955374
1180000 2.541484 -3.016838 1.115277
1190000 2.903429 -2.958098 0.961371
1200000 3.141140 -3.042096 1.088003
1210000 2.676453 -2.870033 0.979774
1220000 1.738941 -3.013447 1.156258
1230000 1.894105 -2.932740 1.083271
1240000 1.549115 -2.900449 0.993590
1250000 1.504313 -3.090271 1.081055
1260000 2.000957 -2.832888 1.000814
1270000 1.543879 -2.958762 1.197336
1280000 1.312476 -2.908240 0.993039
1290000 1.414567 -2.921339 1.120625
1300000 1.014869 -2.986951 1.124288
1310000 1.566724 -2.975426 0.968750
1320000 1.733807 -2.889782 1.020741
1330000 1.241109 -2.895382 1.045535
1340000 0.821069 -2.961955 0.987862
1350000 0.710072 -2.904097 1.137600
1360000 1.000206 -2.928838 1.150550
1370000 0.927152 -3.006494 0.982345
1380000 1.243409 -2.925240 1.120857
1390000 1.548709 -3.036178 1.058095
1400000 1.769222 -3.016384 1.038832
1410000 2.352507 -2.949750 1.017149
1420000 2.869341 -3.093600 1.122386
1430000 3.303119 -2.897848 1.043563
1440000 4.262438 -2.946627 1.049595
1450000 3.137348 -2.906995 1.073877
1460000 4.866255 -3.030412 1.081137
1470000 4.658280 -2.890631 0.947892
1480000 4.284399 -2.913676 0.988413
1490000 3.637640 -3.033582 0.951155
1500000 4.270939 -3.009861 1.035811
1510000 4.502594 -2.966969 1.023350
1520000 3.899626 -3.021247 1.031119
1530000 3.139856 -3.013773 1.102640
1540000 1.874281 -2.978055 0.973373
1550000 1.861582 -2.952294 1.037978
1560000 2.043672 -3.077934 1.018257
1570000 1.814771 -2.878502 1.020356
1580000 1.906700 -2.891417 1.192101
1590000 1.535134 -2.991628 1.141096
1600000 2.491763 -3.077985 0.994267
1610000 3.003186 -2.921334 1.029108
1620000 3.608711 -3.008621 1.076764
1630000 3.866717 -2.857541 1.032936
1640000 3.499731 -2.928456 1.016446
1650000 3.788379 -3.025021 1.063808
1660000 4.369542 -2.954081 1.126950
1670000 4.541174 -2.958282 1.104162
1680000 4.132790 -2.926408 1.065536
1690000 3.531592 -2.872433 1.126978
1700000 3.007485 -2.908230 1.079226
1710000 2.502801 -2.972558 0.929967
1720000 2.270940 -3.013084 1.089920
1730000 2.784725 -2.892304 1.047943
1740000 3.137850 -2.975671 0.961792
1750000 2.945068 -3.054616 0.993304
1760000 3.007277 -2.865164 0.987278
1770000 2.116737 -2.972467 0.864577
1780000 1.993041 -3.066627 0.905812
1790000 1.755505 -2.857352 1.170523
1800000 1.141639 -3.035118 1.004562
1810000 1.013938 -3.057857 1.061045
1820000 0.631264 -2.896983 1.051840
1830000 1.157315 -2.919317 0.987891
1840000 0.940893 -2.864171 0.936892
1850000 0.749234 -3.076147 1.124343
1860000 1.062935 -2.983484 1.023691
1870000 1.130756 -2.992380 1.099401
1880000 0.991630 -2.932071 1.043265
1890000 0.953194 -3.028906 1.024270
1900000 0.495813 -2.867685 1.088624
1910000 0.633906 -2.854940 1.004600
1920000 0.833030 -2.999638 1.034380
1930000 1.176906 -2.933339 1.076120
1940000 0.893583 -2.960656 0.977319
1950000 1.101793 -2.991644 1.013607
1960000 1.223460 -2.956158 1.085678
1970000 1.337936 -2.976482 1.168804
1980000 1.286308 -3.018808 1.017072
1990000 1.456151 -2.994645 0.896229
2000000 1.645280 -2.895746 1.027889
2010000 1.961134 -2.985608 1.067923
2020000 1.864647 -2.874396 1.016815
2030000 1.527471 -2.985550 1.144936
2040000 1.978341 -2.940585 1.182574
2050000 2.264775 -2.952923 0.905501
2060000 2.352674 -2.993002 1.173892
2070000 2.583477 -2.904145 1.203535
2080000 2.990877 -2.925088 1.089167
2090000 2.744353 -2.971491 0.968739
2100000 2.288832 -2.964098 0.997912
2110000 3.133865 -3.031390 1.028557
2120000 4.800928 -2.943593 1.025936
2130000 4.956765 -2.874624 0.932166
2140000 4.109082 -3.054649 1.144241
2150000 3.874720 -3.047847 0.979186
2160000 3.942883 -3.005101 1.001508
2170000 4.353057 -2.913482 1.116945
2180000 4.442952 -3.139489 1.112001
2190000 5.047136 -3.016019 1.000375
2200000 4.995500 -2.961720 1.085298
2210000 4.950068 -3.005557 1.041338
2220000 4.097632 -2.862107 1.040841
2230000 4.011628 -2.898608 0.945858
2240000 3.970177 -2.904262 1.017202
2250000 4.948475 -2.929248 1.062899
2260000 4.840007 -2.940757 1.177597
2270000 4.995630 -2.979198 1.030590
2280000 4.565650 -2.946513 1.064221
2290000 4.281430 -3.099268 0.910039
2300000 4.363857 -3.002892 1.116639
2310000 3.768880 -3.026403 1.221969
2320000 3.309024 -3.002986 1.079516
2330000 3.440363 -2.830223 1.083483
2340000 2.959567 -2.908700 1.116550
2350000 2.694708 -3.002011 1.170466
2360000 2.546579 -2.990004 0.986123
2370000 2.811706 -2.913492 1.033449
2380000 4.060955 -2.887636 0.965181
2390000 3.669062 -2.872253 1.053413
2400000 3.701251 -2.971377 0.854827
2410000 4.676853 -2.992548 1.098328
2420000 4.975004 -2.963632 1.086998
2430000 4.669386 -2.978507 0.964305
2440000 4.246936 -2.904799 1.045431
2450000 3.162520 -2.878428 0.962141
2460000 3.731277 3.134492 1.085881
2470000 3.400327 -2.965685 1.046076
2480000 3.058407 -2.894567 1.046347
2490000 2.159988 -2.904601 1.106367
2500000 2.315427 -3.030799 1.111114
2510000 2.850879 -2.926990 0.937445
2520000 3.674463 -2.948878 1.111887
2530000 4.327656 -2.941140 1.036547
2540000 4.455648 -2.831804 1.114499
2550000 4.721392 -2.946217 1.069737
2560000 3.787736 -2.988294 1.030470
2570000 3.286603 -2.971857 0.930628
2580000 3.193819 -2.858297 0.983946
2590000 2.881271 -2.921269 1.023662
2600000 2.466869 -2.903486 0.984729
2610000 1.758103 -3.040100 0.975688
2620000 1.877751 -3.035034 0.929924
2630000 2.313768 -3.013160 1.018423
2640000 2.194663 -2.963594 1.066924
2650000 2.785789 -2.903046 1.017372
2660000 2.379713 -2.989668 1.104306
2670000 1.689898 -2.994779 1.077858
2680000 1.447443 -3.071564 1.016521
2690000 1.495073 -2.989088 1.029017
2700000 1.070880 -2.969899 1.105142
2710000 1.370535 -2.861858 0.978200
2720000 1.613634 3.099765 1.215482
2730000 1.930391 -3.081212 1.016805
2740000 1.888729 -2.827675 1.075891
2750000 1.543442 -2.987300 1.148237
2760000 1.829491 -3.048011 1.106260
2770000 1.873413 -2.945831 1.040282
2780000 1.282224 -2.970063 1.063495
2790000 1.681279 -2.984734 1.029649
2800000 2.302822 -2.905233 1.112364
2810000 2.387304 -2.842461 1.179646
2820000 2.916860 -2.963003 1.070126
2830000 3.710050 -3.064429 0.929338
2840000 5.032064 -2.988361 1.030364
2850000 5.018893 -2.982753 1.146231
2860000 4.514224 -2.960178 1.113395
2870000 4.015003 -2.972671 1.128644
2880000 3.414549 -2.905674 1.046740
2890000 3.943882 -2.983967 1.113735
2900000 4.508145 -2.978674 1.083468
2910000 4.267522 -2.975442 1.066469
2920000 4.084943 -2.916350 1.089507
2930000 4.483271 -2.892986 1.021378
2940000 4.900578 -2.896403 1.148923
2950000 4.186408 -2.897621 0.914831
2960000 3.077691 -3.088790 1.023192
2970000 3.477311 -2.981762 0.930811
2980000 2.657357 -2.975652 1.055477
2990000 3.503645 -3.033417 0.984717
3000000 3.097743 -2.943553 1.060726
3010000 3.223678 -2.981414 1.087826
3020000 2.497428 -2.919058 0.964221
3030000 2.606411 -2.966884 1.117921
3040000 3.039128 -2.879214 1.024224
3050000 4.389573 -2.992518 1.049819
3060000 5.120699 -2.939781 1.018575
3070000 4.314201 -2.940872 1.001093
3080000 3.990165 -2.894910 1.106817
3090000 4.288414 -2.879436 1.094945
3100000 4.467787 -2.924086 0.989199
3110000 4.724516 -2.982292 1.015354
3120000 4.426539 -2.988273 0.942518
3130000 4.699709 -2.894348 1.015046
3140000 3.858596 -3.043860 1.103326
3150000 4.334074 -3.048223 1.075397
3160000 3.090304 -2.855058 1.076012
3170000 3.100210 -3.041331 0.947836
3180000 2.929387 -2.922985 0.965909
3190000 2.642359 -2.953469 1.116626
3200000 2.522885 -3.020502 1.049570
3210000 2.127151 -2.897278 0.995843
3220000 2.206597 -2.863005 1.006104
3230000 1.896440 -2.962115 0.917212
3240000 2.219800 -2.957833 0.969475
3250000 3.149685 -3.051918 1.062628
3260000 3.941900 -2.999503 0.920126
3270000 3.278073 -2.900477 1.077671
3280000 4.830199 -2.958730 0.998322
3290000 3.668645 -2.985898 1.184043
3300000 2.539596 -3.036739 1.023525
3310000 2.532766 -3.016249 1.139109
3320000 2.683284 -3.007351 1.044578
3330000 2.771721 -3.006584 1.031139
3340000 3.422615 -2.974582 0.999790
3350000 4.073472 -2.949246 1.024440
3360000 4.566344 -2.940934 0.999371
3370000 4.027793 -2.918970 1.054407
3380000 4.735530 -2.953619 0.996862
3390000 4.641972 -3.029399 1.147321
3400000 4.873186 -3.023010 1.023613
3410000 5.074342 -2.957866 1.031307
3420000 3.048182 -2.900686 1.010646
3430000 3.138343 -2.873107 1.032801
3440000 3.440006 -2.942826 1.048109
3450000 3.091203 -2.956791 1.095223
3460000 4.185472 -2.917239 1.101274
3470000 4.243402 -2.938379 1.172364
3480000 4.244556 -2.884271 1.116360
3490000 3.727481 -3.056611 1.065094
3500000 2.901946 -3.069372 0.977901
3510000 2.715781 -3.046793 1.012050
3520000 2.990657 -3.086513 1.000368
3530000 2.853469 -3.031847 1.118036
3540000 2.257927 -3.022225 1.024013
3550000 1.818764 -2.812700 0.980285
3560000 1.231798 -2.993679 1.086112
3570000 0.989303 -3.047145 0.930157
3580000 0.741149 -3.082081 1.084541
3590000 1.018798 -2.960221 1.106713
3600000 0.678441 -2.752597 1.109264
3610000 0.671441 -2.938380 0.947781
3620000 1.299558 -2.885449 0.902208
3630000 1.276923 -3.049860 1.056541
3640000 1.154063 -2.997604 1.059927
3650000 1.395862 -3.055833 0.997191
3660000 1.446345 -2.985475 0.935249
3670000 1.423364 -3.008176 1.121930
3680000 0.726579 -2.805044 0.872477
3690000 0.513731 -2.917498 1.001408
3700000 0.689215 -2.872813 0.877871
3710000 0.929346 -2.937199 0.941336
3720000 0.975855 -2.846507 1.086390
3730000 1.263695 -2.927865 0.985192
3740000 1.066078 -3.016645 0.995795
3750000 1.210378 -2.949112 0.934134
3760000 1.129433 -2.946590 0.992480
3770000 1.017365 -2.996781 1.122454
3780000 0.805026 -3.025365 1.095761
3790000 0.493903 -3.021775 1.012825
3800000 0.587443 -3.019757 1.029200
3810000 0.496403 -2.972735 1.079591
3820000 0.588258 -3.011722 1.121692
3830000 0.500871 -3.032870 1.114042
3840000 0.608296 -3.000691 0.973720
3850000 0.744412 -3.021396 0.985883
3860000 0.590630 -2.926856 1.028340
3870000 0.808556 -2.987470 1.115017
3880000 0.864694 -3.019791 1.043489
3890000 0.754524 -2.920725 1.017983
3900000 0.762525 -2.943895 1.025393
3910000 0.500647 -3.035275 1.099662
3920000 0.675530 -2.875049 1.130316
3930000 0.678264 -3.019388 1.096552
3940000 0.683931 -2.978599 1.187544
3950000 0.596357 -2.964594 1.071128
3960000 1.510891 -3.001862 1.112850
3970000 1.566616 -3.001466 0.937286
3980000 1.276019 -2.914351 1.093651
3990000 1.837342 -3.005682 0.982931
4000000 1.980708 -2.948826 1.138520
