100000 1.866480 -2.920266 0.860151
110000 2.419727 -2.886014 0.789572
120000 1.922575 -3.011943 0.853661
130000 1.014617 -2.924301 0.815572
140000 1.064739 -3.080559 0.743779
150000 1.462305 -3.020413 0.907557
160000 2.572389 -3.038395 0.851528
170000 2.932121 -2.974851 0.791444
180000 4.593288 -2.991908 0.794262
190000 4.072762 -2.942424 0.841123
200000 3.590854 -2.930182 0.881851
210000 3.368191 -3.093416 0.821440
220000 2.378118 -3.006356 0.800221
230000 2.183813 -2.954697 0.996457
240000 1.340781 -3.013334 0.816655
250000 0.897640 -2.887357 0.888776
260000 1.062515 -2.976528 0.847129
270000 1.682489 -3.031621 0.773745
280000 2.214716 -3.063917 0.836920
290000 3.941453 -2.933931 0.955641
300000 4.960199 -2.988527 0.916010
310000 4.756667 -2.918438 0.826749
320000 4.305725 -2.981784 0.792532
330000 4.525717 -2.893035 0.812364
340000 3.858063 -2.896717 0.902110
350000 2.997472 -2.910438 0.749718
360000 2.140225 -2.950517 0.887347
370000 1.977256 -2.934045 0.867681
380000 1.240645 -2.988508 0.951477
390000 1.828989 -2.982942 1.063060
400000 2.529045 -3.007172 0.929102
410000 3.799253 -2.862256 0.960385
420000 4.319707 -2.955120 0.864648
430000 4.593660 -3.014483 0.886934
440000 3.463784 -2.956891 0.825981
450000 2.721569 -2.943786 0.954053
460000 3.137393 -2.941450 1.030950
470000 3.916800 -2.915005 0.813359
480000 2.952381 3.099009 0.860121
490000 2.186878 -2.965887 0.837220
500000 2.386866 -2.978085 0.978301
510000 2.250030 -2.914657 0.848812
520000 0.745435 -2.937381 0.832995
530000 0.851229 -2.961091 0.813798
540000 1.146200 -2.918900 0.962814
550000 1.027804 -2.915956 0.853515
560000 1.632783 -2.973914 0.858661
570000 1.832418 -3.048787 0.947214
580000 1.961584 -2.900611 0.936557
590000 1.079134 -2.911841 0.842856
600000 1.018700 -3.032447 0.795753
610000 0.812985 -2.987957 0.962772
620000 1.381760 -3.046516 0.795831
630000 1.233225 -2.983446 0.934616
640000 2.120602 -2.958919 0.873751
650000 2.598657 -2.915935 0.875946
660000 3.575589 -3.017982 0.896910
670000 4.111583 -3.098655 0.870270
680000 4.773915 -2.925564 0.944988
690000 3.492022 -2.966342 1.012135
700000 3.639317 -2.966131 0.802992
710000 3.079663 -2.886477 0.935168
720000 3.139120 -2.937819 0.842459
730000 2.972892 -3.053535 0.778566
740000 3.081978 -2.988956 0.824939
750000 3.801516 -2.993694 0.740582
760000 2.526131 -2.933052 0.980864
770000 2.656176 -2.921558 0.896813
780000 2.556590 -2.858695 0.818788
790000 1.674932 -3.070512 0.919041
800000 1.837218 -3.020491 0.981267
810000 2.044465 -2.978060 0.857211
820000 2.118323 -2.829545 0.992451
830000 1.765783 -2.865366 0.945454
840000 1.494415 -2.855219 0.831959
850000 1.600560 -2.922281 1.003939
860000 1.168646 -3.093382 0.930385
870000 1.242054 -2.924288 0.853066
880000 1.065727 -3.019450 0.826531
890000 0.797249 -2.811556 0.917154
900000 1.367650 -2.944705 0.900370
910000 1.376321 -2.955077 0.893858
920000 1.755135 -2.970518 0.642667
930000 2.886261 -2.929586 0.837257
940000 4.381599 -2.948604 0.819411
950000 4.745195 -2.962245 0.940432
960000 4.654221 -2.934282 0.660679
970000 3.526955 -2.821535 0.855548
980000 4.823393 -2.872529 0.887627
990000 3.630667 -2.989122 0.747659
1000000 3.955650 -2.901121 0.972718
1010000 3.797751 -3.049182 0.901784
1020000 2.787622 -2.824581 0.781617
1030000 3.946369 -2.874889 0.803088
1040000 4.671419 -2.955133 0.955890
1050000 4.137519 -2.862003 0.854484
1060000 3.196650 -2.962631 0.842536
1070000 3.043113 -3.017170 0.953491
1080000 2.768076 -2.928930 0.876368
1090000 4.791940 -2.979416 0.820617
1100000 2.942333 -2.910619 0.849014
1110000 2.710222 -2.829787 0.749519
1120000 1.984029 -2.953807 0.894525
1130000 2.595738 -2.981432 0.846265
1140000 2.750188 -2.840479 0.835817
1150000 3.222145 -3.019934 0.748323
1160000 2.991498 -3.009736 0.878206
1170000 3.808339 -2.991869 0.832103
1180000 4.778866 -3.018649 0.910351
1190000 4.236845 -2.902960 0.885828
1200000 4.625290 -3.059395 0.832425
1210000 4.123271 -3.030036 0.801411
1220000 3.336734 -2.882777 0.974282
1230000 3.509157 -2.980307 0.786800
1240000 4.503750 -2.900896 0.721167
1250000 3.214449 -2.896898 0.898450
1260000 3.472340 -2.951992 0.797667
1270000 4.429536 -2.893153 0.757681
1280000 4.479893 -3.003177 0.884651
1290000 5.120990 -2.997741 0.827727
1300000 4.731990 -2.934946 0.892249
1310000 4.209366 -2.889420 0.663146
1320000 2.523237 -2.912660 0.867282
1330000 2.592074 -2.918668 0.835477
1340000 1.776520 -3.038043 0.926415
1350000 1.687364 -2.879531 0.878246
1360000 2.423387 -3.030958 0.820064
1370000 2.676228 -2.748193 0.886889
1380000 3.027452 -3.002066 0.852267
1390000 3.845019 -3.058524 0.876697
1400000 3.803794 -2.896227 0.868976
1410000 3.298541 -2.870435 0.910431
1420000 2.461173 -2.987863 0.929704
1430000 2.424298 -3.076044 0.922119
1440000 1.718299 -2.961057 0.867349
1450000 2.760614 -2.878765 0.955520
1460000 2.143610 -3.010154 0.909302
1470000 2.510731 -2.886923 0.861035
1480000 2.640666 -3.001167 0.822411
1490000 2.950140 -3.054589 0.959394
1500000 3.623774 -2.963506 0.865962
1510000 3.564583 -3.024494 0.871261
1520000 4.164969 -2.936374 0.956851
1530000 3.513779 -2.951428 0.685671
1540000 4.158655 -3.004583 0.860390
1550000 3.156631 -2.933746 0.911537
1560000 3.264517 -2.990922 0.884075
1570000 2.829525 -2.947762 0.822298
1580000 3.075610 -2.996027 0.819399
1590000 1.749803 -2.902434 0.956763
1600000 1.460021 -2.857189 0.791143
1610000 1.156452 -3.000768 0.798398
1620000 0.561974 -3.014032 0.822544
1630000 0.650927 -3.024560 1.027587
1640000 0.806802 -2.951611 0.873944
1650000 0.692042 -2.930938 0.812404
1660000 0.766388 -2.856148 0.936454
1670000 0.744338 -3.096174 0.842505
1680000 1.018093 -2.934765 0.841038
1690000 0.890047 -2.935114 0.723032
1700000 1.486889 -2.966629 0.861870
1710000 1.700297 -3.008326 0.900219
1720000 1.988061 -2.952870 0.892398
1730000 1.783149 -2.881530 0.973386
1740000 1.926489 -3.097842 0.843070
1750000 1.342854 -3.103147 0.884490
1760000 1.446468 -3.069826 0.863021
1770000 1.226047 -3.022223 0.822157
1780000 1.228702 -2.924565 0.768459
1790000 0.978161 -2.983351 0.783179
1800000 0.956352 -2.924599 0.769551
1810000 1.821785 -3.006105 0.971632
1820000 2.442310 -2.990420 0.789063
1830000 3.450241 -3.046115 0.911800
1840000 3.220804 -3.066557 0.981249
1850000 2.433999 -2.932013 0.877454
1860000 2.260567 -2.992123 0.821381
1870000 1.747091 -2.928895 0.893023
1880000 1.622499 -2.917965 0.870229
1890000 2.832658 -2.996591 0.936557
1900000 3.050307 -2.998335 0.895671
1910000 2.861025 -2.905343 0.927102
1920000 3.900829 -2.983593 0.928393
1930000 4.730673 -3.037324 0.714079
1940000 4.661949 -2.980532 0.897402
1950000 4.664594 -2.932258 0.895540
1960000 4.267082 -2.970963 0.936987
1970000 3.874201 -2.939872 0.848792
1980000 3.507792 -3.047879 0.744739
1990000 4.288766 -2.940381 0.907072
2000000 3.987003 -3.008503 0.993007
2010000 4.542065 -2.959141 0.800576
2020000 4.729459 -2.965760 0.982871
2030000 3.953600 -3.110865 0.954004
2040000 4.213942 -2.872593 0.881547
2050000 4.275089 -3.017643 0.962725
2060000 3.921541 -3.082614 0.836586
2070000 4.197173 -2.885515 0.885304
2080000 3.736877 -2.992264 1.028720
2090000 2.943440 -3.090608 0.783810
2100000 3.434243 -2.924964 0.855160
2110000 4.970232 -2.981985 0.914043
2120000 4.504099 -2.984593 0.970730
2130000 4.638160 -2.907780 0.880562
2140000 4.266511 -2.917026 0.841158
2150000 4.987450 -3.063069 0.875231
2160000 4.331045 3.139200 0.832903
2170000 3.922542 -3.010004 0.741034
2180000 3.610515 -3.021812 0.912938
2190000 2.945048 -2.856418 0.942947
2200000 2.827056 -2.951070 0.947958
2210000 2.619969 -2.986871 0.917625
2220000 2.228734 -2.958515 0.837725
2230000 1.751133 -2.713931 0.751997
2240000 1.260518 -2.890112 0.869167
2250000 1.550309 -3.033504 0.920306
2260000 1.351844 -2.980770 0.973528
2270000 1.320838 -2.990161 0.952128
2280000 1.396345 -3.065899 0.911919
2290000 0.852720 -2.965594 0.895546
2300000 0.726523 -3.003433 0.902996
2310000 0.869662 -2.970074 0.825018
2320000 0.889786 -3.020934 0.872878
2330000 1.083443 -3.006907 0.840477
2340000 0.587043 -2.932395 0.880473
2350000 0.599127 -3.107763 0.940955
2360000 0.728932 -3.022806 0.873172
2370000 0.870041 -2.852093 0.991816
2380000 0.773254 -3.089115 0.879481
2390000 0.727371 -3.024923 0.838503
2400000 1.024316 -2.940644 0.819863
2410000 0.930519 -3.075902 0.858478
2420000 1.129542 -2.938546 0.814859
2430000 0.953821 -2.973703 0.840477
2440000 0.739329 -2.948465 0.867111
2450000 1.019619 -2.958233 0.863220
2460000 1.082424 -3.003991 0.856938
2470000 1.228397 -2.949444 0.882494
2480000 1.430708 -2.934742 0.856663
2490000 1.580146 -2.879304 0.904710
2500000 1.908610 -2.937843 0.914265
2510000 1.796240 -3.021897 0.938151
2520000 1.692984 -3.047389 0.893425
2530000 2.240827 -2.989790 0.961030
2540000 2.025021 -3.043273 0.810694
2550000 3.008957 -2.851620 0.993146
2560000 3.457070 -2.953134 0.920921
2570000 3.694928 -2.973967 1.001153
2580000 3.419968 -2.854767 0.974213
2590000 2.375243 -2.940603 0.881844
2600000 3.263819 -2.993807 0.854210
2610000 3.780244 -2.892901 0.801232
2620000 4.147642 -3.000862 0.953745
2630000 4.194763 -2.920735 0.821951
2640000 4.770885 -2.936367 0.856423
2650000 4.537282 -2.994163 1.007731
2660000 4.971946 -2.897841 0.940878
2670000 4.268825 -2.961127 0.927262
2680000 4.345680 -2.981313 0.887765
2690000 3.560300 -3.022979 0.869169
2700000 3.198510 -2.974534 0.941477
2710000 2.969199 -3.035826 0.980506
2720000 3.583222 -2.936162 0.777784
2730000 3.377698 -2.904842 0.853603
2740000 3.443006 -3.105080 0.845342
2750000 3.520569 -3.010276 0.760040
2760000 3.341866 -3.105144 0.846978
2770000 2.836247 -2.888264 0.772231
2780000 2.271003 -2.993509 0.945977
2790000 2.203275 -2.908929 0.941554
2800000 2.530616 -2.847070 0.734391
2810000 1.800141 -2.843300 0.904863
2820000 2.899238 -2.957041 0.726188
2830000 3.183416 -3.030337 0.941007
2840000 2.528770 -2.879322 0.941592
2850000 2.155908 -3.009828 0.820900
2860000 1.746338 -2.958830 0.833626
2870000 1.735168 -2.952523 0.911763
2880000 2.939656 -2.926407 0.937629
2890000 1.884922 -3.008706 0.943049
2900000 2.439384 -2.988064 0.841043
2910000 2.666336 -2.947027 0.965477
2920000 2.318007 -3.011363 0.860863
2930000 1.555481 -2.970582 0.984827
2940000 1.354634 -2.968505 0.849522
2950000 1.465932 -2.968253 0.818405
2960000 1.700037 -2.894934 0.734151
2970000 1.672774 -2.933569 0.860160
2980000 1.145370 -2.889660 0.858684
2990000 1.235352 -2.942862 0.863052
3000000 0.616849 -2.963774 0.947148
3010000 0.497959 -2.977307 0.966813
3020000 0.592519 -3.099291 0.922844
3030000 0.495130 -2.991018 0.969095
3040000 0.603851 -2.899766 0.885388
3050000 0.498943 -3.022563 0.937087
3060000 0.616238 -2.974230 0.803241
3070000 0.749387 -3.039998 0.985529
3080000 0.650958 -2.923076 0.898410
3090000 0.957258 -3.007892 1.013224
3100000 0.783924 -3.005792 0.957452
3110000 0.861422 -3.070469 0.889521
3120000 1.087279 -2.975669 0.893997
3130000 0.774409 -2.892347 0.831300
3140000 0.728153 -2.930336 0.870604
3150000 1.552526 -3.021725 0.729966
3160000 1.564769 -2.907110 0.928336
3170000 1.322206 -2.912312 0.865382
3180000 1.674248 -2.998712 0.959222
3190000 2.034279 -2.927348 0.963849
3200000 2.371369 -2.959552 0.908470
3210000 1.746544 -2.942209 0.897201
3220000 1.599005 -2.955832 0.939695
3230000 2.153679 -3.011960 0.896890
3240000 2.989402 -3.015635 0.748225
3250000 2.932093 -2.918959 0.756209
3260000 3.001519 -2.822922 0.860846
3270000 3.472552 -2.822485 0.791426
3280000 4.271624 -2.849622 0.805626
3290000 4.685866 -3.072988 0.858130
3300000 4.342633 -2.974352 0.895520
3310000 4.041920 -2.892427 0.957131
3320000 4.325955 -2.932306 0.864919
3330000 3.506823 -2.841752 0.907189
3340000 3.777134 -2.927273 0.855234
3350000 3.730888 -2.930971 0.790992
3360000 3.170881 -2.978774 0.852298
3370000 3.285893 -2.927892 0.845875
3380000 3.060030 -2.970847 0.877323
3390000 3.588492 -2.937129 0.981358
3400000 2.994772 -2.922112 0.836850
3410000 2.674768 -3.009530 0.876262
3420000 2.816989 -2.904534 0.865141
3430000 2.235534 -2.973240 0.831231
3440000 2.404752 -2.962522 0.989773
3450000 2.439656 -3.016402 0.941774
3460000 3.352094 3.120152 0.778237
3470000 2.834781 -3.022201 0.845602
3480000 2.631698 -2.920826 0.887529
3490000 3.633584 -2.924752 1.010732
3500000 3.414403 -2.837661 0.969969
3510000 3.793285 -2.939588 0.946786
3520000 4.677159 -3.034819 0.739805
3530000 4.601142 -3.004131 0.774102
3540000 4.577759 -2.985544 0.866263
3550000 5.015265 -2.949009 0.860620
3560000 4.532170 -2.792428 0.957909
3570000 4.136979 -3.013731 0.948942
3580000 4.335472 -2.953678 0.795509
3590000 3.409764 -2.902798 0.866597
3600000 2.803831 -2.903401 0.889679
3610000 4.142669 -2.941103 0.875794
3620000 4.765317 -2.996554 0.787448
3630000 4.336191 -2.970933 0.864058
3640000 4.797305 -3.078305 0.764945
3650000 5.083911 -2.875567 0.823208
3660000 4.481152 -2.906178 0.885725
3670000 4.226097 -3.054470 1.003503
3680000 3.246915 -2.967213 0.757413
3690000 1.781421 -2.989160 0.872924
3700000 1.666287 -2.901347 0.916455
3710000 1.943273 -2.956419 0.795434
3720000 2.102318 -3.017001 0.926822
3730000 2.355612 -3.032950 0.901535
3740000 2.249209 -2.992078 0.886425
3750000 2.860967 -2.935880 0.800910
3760000 2.650214 -3.054542 0.895758
3770000 2.673480 -2.894322 0.837057
3780000 4.310854 -3.030376 0.837516
3790000 4.659109 -3.077749 0.842550
3800000 3.961572 -3.002361 0.873092
3810000 3.750768 -3.026760 0.988497
3820000 4.386117 -3.028746 0.964332
3830000 3.243273 -2.994599 0.926552
3840000 3.375513 -2.976408 0.898461
3850000 2.981597 -3.084127 0.918539
3860000 3.074709 -2.895998 0.987788
3870000 3.677817 -2.978950 0.849025
3880000 3.043367 -2.838392 0.980131
3890000 2.544078 -3.022096 0.890913
3900000 2.748365 -2.989457 0.981538
3910000 3.515731 -3.009315 0.946130
3920000 2.382370 -2.934113 1.004792
3930000 1.592819 -2.846938 0.861765
3940000 1.608666 -3.013809 0.931567
3950000 1.526821 -3.035483 1.008410
3960000 1.361441 -2.990014 0.850449
3970000 1.580321 -2.923373 0.941505
3980000 1.590042 -3.092635 0.964149
3990000 1.180398 -2.884291 0.836894
4000000 1.373081 -3.074639 0.810591
