100000 1.596185 -2.895096 -0.654625
110000 1.446106 -2.838867 -0.594443
120000 1.202932 -2.978747 -0.576846
130000 0.824274 -3.120018 -0.572613
140000 0.897101 -3.000356 -0.481892
150000 2.339222 -2.973505 -0.604997
160000 2.929473 -2.882916 -0.499536
170000 1.627074 -2.960715 -0.564404
180000 2.789861 -3.003482 -0.490722
190000 2.413903 -3.095060 -0.674507
200000 1.749990 -2.979924 -0.529020
210000 3.317151 -2.922127 -0.448101
220000 4.494716 -3.018975 -0.552433
230000 3.644635 -2.967975 -0.598928
240000 4.230888 -2.923562 -0.547302
250000 2.976115 -2.935705 -0.496819
260000 4.567222 -2.974683 -0.606668
270000 4.902559 -2.940943 -0.455523
280000 4.895062 -2.877083 -0.643349
290000 4.839583 -2.968421 -0.406768
300000 2.911054 -3.021336 -0.535041
310000 3.101359 -2.960691 -0.608595
320000 3.046295 -2.907120 -0.630059
330000 4.154465 -3.013902 -0.561894
340000 1.902943 -3.022837 -0.598264
350000 0.686665 -2.908548 -0.572997
360000 0.925370 -2.896259 -0.570495
370000 0.856783 -3.019465 -0.503875
380000 1.202963 -2.959946 -0.398047
390000 1.308109 -2.866860 -0.472196
400000 0.808988 -2.771875 -0.529054
410000 0.757238 -2.890404 -0.414400
420000 1.032685 -2.911805 -0.555623
430000 1.742378 -2.906857 -0.478361
440000 2.121961 3.123444 -0.540984
450000 2.299195 -2.951644 -0.445732
460000 2.383119 -2.998623 -0.544879
470000 2.766231 -3.024416 -0.627970
480000 3.406450 -2.954799 -0.587536
490000 4.257355 -2.943439 -0.591292
500000 4.714487 -3.058762 -0.418691
510000 4.011080 -2.854126 -0.561473
520000 3.502528 -2.981633 -0.367956
530000 2.594146 -2.851124 -0.590138
540000 3.034427 -2.932629 -0.675838
550000 3.206838 -2.952417 -0.584998
560000 2.889111 -2.894055 -0.546267
570000 3.149455 -2.977837 -0.454679
580000 2.929005 -2.977848 -0.545930
590000 1.911126 -2.974812 -0.529685
600000 2.275338 -3.090172 -0.532331
610000 1.632685 -2.977918 -0.418004
620000 1.776592 -2.931288 -0.588389
630000 1.602931 -2.920484 -0.647176
640000 0.980535 -3.125196 -0.604328
650000 0.683285 -2.918508 -0.537200
660000 0.535964 -2.995169 -0.576933
670000 0.641466 -2.934141 -0.687327
680000 1.191938 -3.000468 -0.436174
690000 1.015207 -2.995921 -0.656481
700000 1.079157 -2.944350 -0.483930
710000 1.765948 3.135475 -0.469722
720000 1.644022 -3.100148 -0.539036
730000 2.100398 -3.041560 -0.620259
740000 2.729585 -3.051957 -0.539095
750000 2.870123 -3.014073 -0.621437
760000 3.888573 -3.018648 -0.336566
770000 4.174752 -2.974132 -0.564258
780000 4.976153 -3.071800 -0.502793
790000 4.544044 -2.965063 -0.472042
800000 4.184317 -2.973138 -0.525758
810000 4.769925 -3.050379 -0.552239
820000 3.599259 -2.956403 -0.529851
830000 2.877455 -2.888976 -0.609846
840000 3.443977 -2.981362 -0.491751
850000 4.014425 -2.978253 -0.448991
860000 4.771273 -2.934456 -0.343114
870000 4.462722 -3.021275 -0.446511
880000 4.178728 -2.975173 -0.590859
890000 3.296066 -2.961091 -0.474096
900000 2.408614 -2.981124 -0.453076
910000 2.862377 -3.028201 -0.543462
920000 1.897516 -3.067821 -0.519979
930000 2.156430 -2.968997 -0.537499
940000 2.821985 -2.976057 -0.474907
950000 3.198514 -3.115869 -0.526148
960000 3.056430 -2.916023 -0.453180
970000 3.628691 -2.996703 -0.681995
980000 4.642027 -2.904718 -0.471159
990000 4.321712 -2.965066 -0.481430
1000000 3.593833 -3.051531 -0.560496
1010000 4.699991 -2.851522 -0.572989
1020000 4.134512 -2.930276 -0.599452
1030000 3.366166 -2.918238 -0.479086
1040000 2.497029 -2.950729 -0.529592
1050000 1.669656 -2.916836 -0.455717
1060000 1.536179 -2.817719 -0.475189
1070000 1.530888 -2.922479 -0.443411
1080000 1.133556 -2.975103 -0.508188
1090000 1.078360 -3.068819 -0.533054
1100000 1.658175 -3.023232 -0.484498
1110000 1.830449 -2.975527 -0.470636
1120000 1.861872 -2.956376 -0.460899
1130000 1.455725 -2.982943 -0.419464
1140000 2.006444 -2.892982 -0.437699
1150000 2.206738 -2.847296 -0.563808
1160000 2.208257 -3.032573 -0.362158
1170000 2.338416 -3.021123 -0.349400
1180000 3.148193 -3.118851 -0.433949
1190000 3.567200 -2.899070 -0.601435
1200000 3.679554 -2.856479 -0.532797
1210000 4.264178 -3.016215 -0.541647
1220000 4.465722 -3.123091 -0.562146
1230000 4.317248 -2.923200 -0.416086
1240000 4.783026 -2.902057 -0.609915
1250000 5.043903 -2.998653 -0.658115
1260000 3.374796 -3.066964 -0.520341
1270000 3.183356 -2.913719 -0.555000
1280000 3.313881 -2.921800 -0.625598
1290000 2.455902 -3.099782 -0.606867
1300000 3.003960 -3.037060 -0.562018
1310000 2.504079 -2.976906 -0.505881
1320000 2.717692 -3.055436 -0.570337
1330000 2.186346 -2.915784 -0.590786
1340000 2.794912 -2.997586 -0.397461
1350000 2.893404 -2.866139 -0.473813
1360000 3.427728 -3.009946 -0.441716
1370000 4.007240 -2.926343 -0.491575
1380000 4.763138 -3.026009 -0.451601
1390000 4.615836 -3.038245 -0.539643
1400000 4.946015 -2.983293 -0.616640
1410000 4.057867 -2.971436 -0.615687
1420000 3.792693 -2.870408 -0.501495
1430000 4.561893 -3.111805 -0.397248
1440000 3.717409 -2.919939 -0.487375
1450000 3.013107 -2.944124 -0.534426
1460000 3.071352 -2.959674 -0.420867
1470000 2.337813 -2.935131 -0.609747
1480000 2.026952 -2.918780 -0.493781
1490000 2.109115 -3.123597 -0.535987
1500000 1.584966 -2.910730 -0.565638
1510000 1.754882 -2.941198 -0.564974
1520000 0.834287 -2.933844 -0.551108
1530000 1.015874 -3.037691 -0.597486
1540000 1.153487 -2.993062 -0.531030
1550000 0.516315 -2.969661 -0.513984
1560000 0.623921 -2.958694 -0.563503
1570000 0.669990 -2.904153 -0.501108
1580000 0.966608 -2.892912 -0.552054
1590000 0.933548 -2.981094 -0.584261
1600000 1.283269 -3.001205 -0.444603
1610000 1.379716 -2.957823 -0.499354
1620000 1.525647 -2.876126 -0.476915
1630000 1.869196 -3.068767 -0.613079
1640000 2.161602 -2.976510 -0.595610
1650000 2.351741 -3.059589 -0.625153
1660000 1.954494 -3.066933 -0.604103
1670000 1.754124 -2.918178 -0.508170
1680000 1.716964 -2.968860 -0.488362
1690000 2.138648 -3.105618 -0.480291
1700000 2.767146 -2.887278 -0.540666
1710000 3.490219 -2.951681 -0.642208
1720000 4.136430 -2.962566 -0.491336
1730000 3.422834 -3.014992 -0.494083
1740000 2.726874 -2.977583 -0.641495
1750000 3.347036 -3.014406 -0.367687
1760000 4.109909 -2.990864 -0.531867
1770000 4.105610 -2.968198 -0.587079
1780000 4.577906 -3.056584 -0.554074
1790000 3.823226 -3.049033 -0.597634
1800000 4.892321 -2.998542 -0.623121
1810000 4.930875 -2.953688 -0.437028
1820000 4.916182 -2.923218 -0.510899
1830000 4.100915 -3.021800 -0.578601
1840000 3.333359 -3.000653 -0.400893
1850000 3.916408 -3.067899 -0.531771
1860000 4.331355 -2.828035 -0.503833
1870000 4.821051 -3.034139 -0.475151
1880000 4.725901 -3.051200 -0.570589
1890000 4.571737 -2.906167 -0.549645
1900000 5.063626 -2.940161 -0.572391
1910000 3.665935 -3.063884 -0.483268
1920000 3.343342 -3.108446 -0.471683
1930000 2.875136 -2.968463 -0.491174
1940000 2.458798 -3.045798 -0.398051
1950000 2.989298 -3.050283 -0.553058
1960000 3.328500 -3.014103 -0.440891
1970000 3.000245 -2.970134 -0.550362
1980000 3.652609 -2.989005 -0.583243
1990000 4.330456 -2.963292 -0.504358
2000000 4.063385 -2.970000 -0.554941
2010000 3.451059 -2.885330 -0.512289
2020000 3.915548 -2.934349 -0.448751
2030000 3.658822 -3.036598 -0.515005
2040000 4.662023 -2.920080 -0.553144
2050000 4.172707 -2.901418 -0.492704
2060000 4.974783 -3.009622 -0.427186
2070000 4.127838 -2.983642 -0.523715
2080000 4.758839 -2.901445 -0.526250
2090000 4.051651 -2.949229 -0.444000
2100000 3.714004 -2.962941 -0.475699
2110000 2.163937 -2.931161 -0.569734
2120000 2.307651 -3.025912 -0.532943
2130000 2.684866 -2.935133 -0.621728
2140000 2.533912 -2.806791 -0.473174
2150000 3.189797 -2.956891 -0.537120
2160000 2.557619 -2.915638 -0.510361
2170000 1.980677 -3.065513 -0.506877
2180000 1.446221 -2.971837 -0.518455
2190000 1.682942 -2.921502 -0.547243
2200000 1.335711 -3.038663 -0.710374
2210000 0.800467 -3.057381 -0.452636
2220000 0.873130 -2.977480 -0.547717
2230000 1.134625 -2.960701 -0.638530
2240000 0.859055 -2.883728 -0.407743
2250000 0.499679 -2.923579 -0.487652
2260000 0.506792 -2.951192 -0.432192
2270000 0.686891 -2.858730 -0.507332
2280000 0.784611 -3.002924 -0.435709
2290000 0.644090 -3.089788 -0.433344
2300000 0.859473 -3.127418 -0.573159
2310000 1.196044 -2.941958 -0.570110
2320000 1.162912 -2.876870 -0.396635
2330000 1.291381 -2.891575 -0.583639
2340000 1.275783 -3.026441 -0.484540
2350000 1.165918 -2.942257 -0.464648
2360000 1.729420 -2.921846 -0.563132
2370000 1.381385 -3.010969 -0.409580
2380000 1.065752 -3.027162 -0.563873
2390000 1.590740 -2.969882 -0.515579
2400000 1.634876 3.088014 -0.558604
2410000 1.704432 -3.112221 -0.567059
2420000 1.510587 -2.964628 -0.578255
2430000 0.999008 -2.881065 -0.516479
2440000 0.942162 -3.032284 -0.586353
2450000 0.879298 -2.989681 -0.473888
2460000 0.974364 -3.081674 -0.633019
2470000 0.965913 -2.925334 -0.429700
2480000 0.939649 -2.991442 -0.450992
2490000 0.800191 -2.909978 -0.516880
2500000 1.246969 -2.865568 -0.514045
2510000 1.442149 -3.060351 -0.549894
2520000 2.039060 -2.911115 -0.407779
2530000 2.331934 -2.953431 -0.620874
2540000 2.676616 -2.897915 -0.494049
2550000 2.929278 -2.999394 -0.534432
2560000 2.863492 -3.000166 -0.553635
2570000 3.352195 -2.845651 -0.492802
2580000 4.555347 -2.872958 -0.556377
2590000 4.912825 -2.950450 -0.487572
2600000 4.781474 -2.904525 -0.591737
2610000 5.088958 -3.047631 -0.497805
2620000 5.049147 -3.033212 -0.541471
2630000 5.002970 -2.967601 -0.446673
2640000 4.159573 -3.041762 -0.470174
2650000 3.327033 -3.029899 -0.463179
2660000 3.163078 -2.807744 -0.578328
2670000 2.307689 -2.943728 -0.441988
2680000 1.968885 -2.989948 -0.572664
2690000 2.361019 -3.026195 -0.465787
2700000 2.746628 -3.008480 -0.537302
2710000 3.051274 -2.899964 -0.606487
2720000 3.145346 -2.941931 -0.556830
2730000 3.148140 -3.015628 -0.577136
2740000 3.172285 -2.910644 -0.647868
2750000 2.049592 -2.936632 -0.560017
2760000 2.029325 -3.082956 -0.613081
2770000 2.181047 -2.998623 -0.593146
2780000 2.639297 -3.059556 -0.654864
2790000 3.151492 -2.937466 -0.677881
2800000 3.303626 -2.851098 -0.452129
2810000 3.782216 -3.041441 -0.441475
2820000 4.427898 -2.920676 -0.463400
2830000 4.327276 -2.980028 -0.553241
2840000 4.885286 -2.757205 -0.531727
2850000 4.673837 -2.891670 -0.632182
2860000 5.018330 -2.999675 -0.561255
2870000 3.729966 -2.908881 -0.470995
2880000 4.362472 -2.958282 -0.510041
2890000 4.144741 -3.051849 -0.530383
2900000 3.802827 -2.936344 -0.586731
2910000 2.785630 -2.968139 -0.554508
2920000 3.762598 -2.927555 -0.495455
2930000 4.878008 -2.957399 -0.618393
2940000 5.002429 -3.060696 -0.654027
2950000 4.791695 -2.857982 -0.541995
2960000 4.922074 -2.906361 -0.543012
2970000 4.368212 -2.992217 -0.709918
2980000 4.777702 -3.047967 -0.693612
2990000 3.488272 -2.943623 -0.452080
3000000 3.186247 -3.057034 -0.543686
3010000 2.465773 -3.010832 -0.646384
3020000 1.883200 -3.015268 -0.533407
3030000 1.834617 -2.910675 -0.427916
3040000 2.136157 -2.992449 -0.548615
3050000 1.928130 -3.028239 -0.458184
3060000 1.892347 -2.923105 -0.558634
3070000 1.523768 -2.976010 -0.495008
3080000 2.237280 -2.929199 -0.554842
3090000 2.909910 -2.908714 -0.663871
3100000 3.360499 -2.858038 -0.489234
3110000 3.196484 -3.005091 -0.424017
3120000 4.004796 -2.901054 -0.499536
3130000 4.292780 -2.985778 -0.559988
3140000 4.183593 -2.933933 -0.500622
3150000 3.452493 -2.987547 -0.529464
3160000 3.977089 -2.972611 -0.481738
3170000 3.602248 -2.837373 -0.492273
3180000 2.467895 -3.026491 -0.481360
3190000 2.236149 -2.955538 -0.651813
3200000 3.164672 -3.022910 -0.543240
3210000 2.300398 -3.003547 -0.548301
3220000 2.272743 -2.945580 -0.480848
3230000 2.202015 -2.984420 -0.566611
3240000 1.477777 -2.980872 -0.524783
3250000 1.645810 -2.938636 -0.489502
3260000 1.487556 -2.937345 -0.525798
3270000 1.978402 -3.044495 -0.544297
3280000 2.537806 -2.986627 -0.498876
3290000 2.621568 -2.893004 -0.467293
3300000 2.868272 -2.944084 -0.512781
3310000 3.489155 -3.007592 -0.483130
3320000 4.177109 -2.852772 -0.559720
3330000 3.301467 3.092170 -0.500647
3340000 2.963253 -2.975968 -0.551901
3350000 3.041413 -2.982793 -0.490322
3360000 4.549755 -3.038903 -0.472147
3370000 4.410639 -2.921237 -0.462961
3380000 4.583416 -3.104054 -0.485121
3390000 4.859852 -3.009983 -0.506867
3400000 4.863732 -2.998671 -0.484872
3410000 4.359746 -2.899238 -0.567247
3420000 4.897733 -2.929791 -0.569751
3430000 4.434120 -2.994049 -0.407248
3440000 5.010192 -2.826871 -0.457552
3450000 4.216706 -2.868724 -0.538654
3460000 3.751475 -2.994870 -0.439175
3470000 2.535233 -2.902351 -0.534563
3480000 2.896611 -2.901021 -0.612991
3490000 2.985925 -2.985075 -0.481803
3500000 3.366669 -2.879006 -0.576839
3510000 3.781053 -2.857087 -0.665519
3520000 4.978551 -2.999486 -0.453148
3530000 4.823683 -3.060426 -0.425390
3540000 4.676450 -2.935365 -0.568837
3550000 4.763392 -2.937055 -0.529884
3560000 4.495573 -2.967572 -0.614330
3570000 3.864165 -2.907410 -0.660555
3580000 3.175621 -2.870553 -0.487430
3590000 4.187981 -3.053023 -0.529309
3600000 3.264709 -3.122438 -0.567871
3610000 3.086189 -2.967240 -0.480133
3620000 2.782777 -3.138987 -0.627595
3630000 2.509522 -2.934153 -0.470142
3640000 2.755518 -2.939876 -0.607871
3650000 2.507140 -3.058337 -0.520629
3660000 2.226783 -2.841228 -0.531178
3670000 2.028649 -3.079660 -0.439035
3680000 1.395202 -3.062794 -0.577229
3690000 1.776374 -2.987623 -0.488249
3700000 1.362252 -2.995431 -0.496469
3710000 1.521807 -2.965041 -0.557751
3720000 1.236493 -2.970530 -0.519872
3730000 1.141145 -3.028053 -0.597928
3740000 1.083137 -2.879151 -0.343141
3750000 1.070921 -2.954138 -0.561451
3760000 1.739012 -2.904868 -0.397668
3770000 1.348228 -3.074764 -0.416527
3780000 1.365024 -3.067633 -0.412616
3790000 1.302205 -2.950163 -0.589648
3800000 0.727921 -3.057957 -0.567043
3810000 0.586166 -3.018470 -0.550766
3820000 1.170512 -2.957410 -0.549592
3830000 1.340067 -2.996825 -0.565081
3840000 1.349320 -2.979639 -0.576393
3850000 1.071835 -3.001061 -0.423016
3860000 0.947180 -3.001778 -0.479126
3870000 0.772830 -3.108675 -0.480175
3880000 0.950455 -2.956326 -0.369828
3890000 0.703003 -3.033217 -0.529681
3900000 0.659806 -2.962154 -0.544908
3910000 0.915183 -2.921000 -0.528080
3920000 0.503566 -3.063731 -0.568306
3930000 0.619648 -2.985448 -0.577563
3940000 1.380141 -3.037411 -0.540798
3950000 1.973788 -2.941583 -0.598200
3960000 2.865579 -2.958255 -0.527044
3970000 3.520784 -2.844362 -0.586911
3980000 3.305198 -2.947472 -0.487809
3990000 2.558005 -2.898609 -0.528708
4000000 1.910641 -2.995012 -0.518837
