100000 1.505857 -3.030771 -1.800171
110000 3.966266 -3.002499 -2.000214
120000 5.077695 -3.001208 -1.831747
130000 3.791306 -2.928653 -2.080474
140000 3.398852 -2.970752 -1.937367
150000 3.844001 -2.981686 -1.874200
160000 2.837335 -2.974193 -1.901388
170000 2.230357 -2.934189 -1.910797
180000 4.287237 -3.021992 -1.858561
190000 3.455461 -2.905063 -1.926365
200000 4.303338 -2.925542 -1.976522
210000 3.317146 -3.025528 -1.876760
220000 3.204925 -3.110259 -1.848290
230000 2.883230 -2.987456 -1.915162
240000 2.026251 -2.870477 -2.017340
250000 2.197385 -2.904950 -1.861436
260000 1.050530 3.127875 -1.937402
270000 1.201286 -2.981057 -1.905014
280000 1.200788 -2.993369 -1.922898
290000 2.383424 -3.035078 -1.996024
300000 4.035375 -2.903720 -2.149401
310000 3.005763 -2.971162 -1.971950
320000 4.594385 3.090706 -1.984747
330000 3.986222 3.107493 -1.888760
340000 4.703900 -3.019189 -1.911802
350000 3.665447 -2.961322 -2.070522
360000 2.698726 -3.035154 -1.941751
370000 1.767276 -2.945115 -1.926022
380000 2.824131 -2.984388 -1.961892
390000 2.775292 -2.953018 -1.947659
400000 2.121173 -2.976396 -1.920559
410000 3.487060 -3.071775 -2.008430
420000 4.186238 -2.899462 -2.092731
430000 4.968388 -2.860413 -1.882248
440000 4.793256 -2.973960 -1.928759
450000 4.637211 -2.844520 -1.812475
460000 3.411592 -3.017055 -1.832994
470000 2.853064 -2.887238 -1.898127
480000 4.300874 -2.962874 -1.947806
490000 4.086449 -2.887710 -2.011705
500000 3.606908 -2.941520 -1.962668
510000 3.463568 -2.998897 -1.982590
520000 1.590720 -3.062808 -1.858524
530000 0.770652 -3.068407 -1.840967
540000 0.659413 3.049943 -1.834727
550000 0.825962 -3.048834 -2.004341
560000 0.880682 -2.844886 -1.906506
570000 0.641568 -2.901858 -1.993876
580000 1.235258 -2.974051 -1.968173
590000 1.047582 -3.037273 -1.823243
600000 1.603580 -2.978381 -1.870872
610000 1.493238 -2.879058 -1.959796
620000 1.671988 -3.008761 -1.983858
630000 1.398905 -3.020147 -1.790755
640000 1.424628 -2.907615 -1.946581
650000 1.169424 -3.048331 -1.865713
660000 1.695024 -2.997972 -2.012687
670000 2.618028 -2.985865 -1.890623
680000 2.477434 -2.895767 -2.009232
690000 2.509834 -2.852625 -1.792401
700000 3.764727 -3.054906 -1.893984
710000 3.294955 -2.992386 -1.971979
720000 4.195473 -2.974616 -1.905060
730000 4.014048 -2.955049 -1.966803
740000 2.953324 -2.952229 -1.947565
750000 3.288501 -3.104521 -1.842010
760000 4.463316 -2.979572 -1.910506
770000 3.930021 -3.002513 -1.933495
780000 3.143559 -2.952603 -2.028431
790000 3.993067 -2.989494 -1.856564
800000 3.497278 -3.021538 -1.969714
810000 1.906028 -3.094399 -2.039606
820000 2.322540 -3.019071 -1.815500
830000 1.850780 -2.972567 -1.775368
840000 1.683207 -3.118113 -1.990635
850000 3.045258 -2.992846 -1.846720
860000 2.210054 -3.052015 -2.030453
870000 2.612770 -2.851650 -1.846660
880000 2.739661 -2.959014 -1.886740
890000 2.070149 -2.936174 -1.892161
900000 2.800774 -2.909156 -1.870243
910000 3.985155 -2.974077 -1.872025
920000 4.840136 -3.043435 -1.931508
930000 4.211261 -2.939164 -1.914652
940000 3.429294 -2.910979 -1.905916
950000 3.998897 -2.970439 -1.921020
960000 4.383368 -2.930428 -1.879322
970000 5.055775 -2.881594 -1.900228
980000 5.033296 -2.999142 -1.864348
990000 4.890024 -2.923316 -1.913083
1000000 4.582340 -3.087381 -2.005585
1010000 3.950428 -2.996019 -1.979567
1020000 3.158696 -2.980163 -1.875627
1030000 3.121237 -2.959292 -2.017780
1040000 3.386392 -2.902824 -2.005507
1050000 2.589940 -2.872064 -1.859581
1060000 4.314717 -3.044686 -1.988447
1070000 4.161470 -2.909769 -1.936956
1080000 3.438182 -2.949444 -1.988488
1090000 4.982987 -3.026232 -1.957379
1100000 3.954974 -3.031260 -1.926054
1110000 2.918191 -3.055401 -1.837636
1120000 2.574187 -2.985868 -1.894935
1130000 2.057125 -2.916668 -1.779606
1140000 1.644185 -3.106769 -1.955626
1150000 1.765602 -2.972309 -1.972256
1160000 1.171496 -3.104997 -2.044787
1170000 0.944519 3.125807 -1.944368
1180000 1.192476 -2.845703 -1.935854
1190000 1.862823 -2.986297 -2.079420
1200000 1.274668 -2.988642 -1.874965
1210000 1.169070 -3.093516 -1.906940
1220000 0.711192 -3.006128 -2.069809
1230000 0.736448 -3.030528 -1.959155
1240000 0.789184 -2.946715 -1.861116
1250000 0.932944 -2.996153 -1.917271
1260000 0.686619 -2.976976 -1.837541
1270000 1.021871 -2.948364 -1.993299
1280000 1.155655 -3.031223 -1.938070
1290000 1.185203 -3.024890 -2.011439
1300000 1.797699 -3.079898 -1.947592
1310000 2.234406 -2.929558 -1.869521
1320000 1.361337 -2.954152 -1.987666
1330000 2.272885 -2.896815 -1.997955
1340000 2.510428 -3.069514 -2.000525
1350000 1.660139 -3.030708 -1.979087
1360000 1.395647 -2.891746 -1.987265
1370000 2.075463 -3.118943 -1.965514
1380000 1.483786 -2.960732 -1.999891
1390000 1.606325 -2.990562 -1.976405
1400000 1.999910 -2.998445 -2.037673
1410000 2.643491 -2.878683 -1.803841
1420000 2.885201 -3.080260 -1.864290
1430000 3.553421 -3.000620 -1.985377
1440000 4.685785 -2.883804 -1.969638
1450000 3.472043 -3.034765 -1.917364
1460000 2.809090 -2.966750 -1.954422
1470000 4.165784 -2.955009 -1.988202
1480000 4.053856 -2.976077 -1.961410
1490000 4.422643 -2.938761 -1.885002
1500000 4.156158 -2.974949 -1.911592
1510000 3.062322 -2.816204 -1.933976
1520000 3.216897 -2.918964 -1.931224
1530000 3.072505 -2.954128 -1.998595
1540000 2.778755 -2.838987 -1.919053
1550000 2.582678 -2.970908 -1.920091
1560000 2.496437 -2.840474 -1.968238
1570000 2.445983 -2.987201 -1.858548
1580000 2.833222 -2.963012 -2.025185
1590000 2.330064 -2.870061 -1.918696
1600000 2.760886 -2.868349 -1.998004
1610000 4.527640 -3.053338 -1.854378
1620000 4.500209 -3.028048 -1.886832
1630000 3.673332 -2.948238 -1.981249
1640000 4.007214 -3.003315 -1.842127
1650000 3.760790 -3.050392 -1.867020
1660000 4.541468 -3.138554 -2.022909
1670000 4.777531 -2.947878 -2.029987
1680000 3.770897 -3.050637 -1.966833
1690000 3.412797 -2.913603 -1.887406
1700000 3.625696 -2.926278 -1.904822
1710000 2.812047 -3.091118 -1.958922
1720000 2.929784 -3.000484 -1.886751
1730000 3.469544 -3.022993 -1.956492
1740000 3.729901 -2.978753 -2.054652
1750000 4.368054 -3.021593 -1.951712
1760000 4.253145 -2.955578 -1.740791
1770000 4.807706 -3.094037 -1.969219
1780000 3.859606 -2.949593 -1.852343
1790000 3.952531 -2.982657 -1.947980
1800000 1.924803 -3.050290 -2.024321
1810000 2.144197 -3.021482 -2.036603
1820000 1.986327 -2.938570 -1.924328
1830000 1.540794 -2.915201 -2.029751
1840000 2.216512 -3.009497 -1.860999
1850000 2.935174 -2.983261 -1.911345
1860000 2.366593 -3.023848 -1.935058
1870000 2.703445 -3.022515 -1.910376
1880000 2.115810 -2.980605 -1.866850
1890000 1.523041 -3.141239 -1.984211
1900000 1.541444 -3.038464 -1.913061
1910000 2.342284 -2.893027 -2.056207
1920000 3.330665 -2.897903 -1.976231
1930000 3.636473 -2.953151 -2.016577
1940000 3.590127 -2.895437 -1.942234
1950000 3.770066 -2.909360 -1.861228
1960000 5.041807 -2.876049 -1.955725
1970000 4.481247 -3.037023 -1.976408
1980000 4.050809 -2.934511 -1.797771
1990000 3.479416 -2.966421 -1.828274
2000000 2.875193 -2.759782 -1.877662
2010000 4.115038 -2.946983 -1.963396
2020000 4.394164 -2.989760 -1.943701
2030000 3.920988 -2.913896 -1.931213
2040000 4.590112 -2.964456 -2.017898
2050000 3.654431 -3.034514 -2.059079
2060000 2.348365 -3.058947 -2.151502
2070000 3.175276 -2.962395 -1.927101
2080000 2.466702 -3.076027 -2.005254
2090000 3.610373 -2.991946 -1.986333
2100000 3.780855 -2.971258 -1.953309
2110000 4.202188 -2.948307 -1.970394
2120000 4.628752 -2.857391 -1.921270
2130000 4.855505 -2.927367 -2.015277
2140000 4.903279 -2.931020 -1.879071
2150000 3.328067 -2.925108 -1.824578
2160000 3.234005 -3.016015 -1.823046
2170000 4.073857 -3.032411 -1.876244
2180000 4.959442 -3.028633 -2.010453
2190000 4.968136 -3.033783 -2.067774
2200000 3.785091 -2.936339 -1.926285
2210000 3.583733 -3.004650 -1.971995
2220000 2.634690 -2.898786 -2.005395
2230000 1.913146 -3.032035 -1.953620
2240000 1.686815 -3.027692 -1.938388
2250000 0.842182 -2.927702 -1.998386
2260000 0.687169 -3.119515 -1.981383
2270000 0.839998 -2.986540 -1.958785
2280000 0.789127 -3.081416 -1.983881
2290000 0.576184 -2.958179 -1.908750
2300000 0.583723 -3.058751 -2.067415
2310000 0.703681 -2.930912 -2.017892
2320000 1.008341 -2.948912 -1.949315
2330000 1.186846 -2.949724 -2.062661
2340000 1.075006 -2.992337 -1.918661
2350000 1.019172 -3.069164 -2.001213
2360000 0.936648 -2.998117 -1.930612
2370000 0.915753 -3.015495 -1.958742
2380000 1.013080 -3.092795 -1.945824
2390000 1.213484 -2.924413 -1.926185
2400000 1.275867 -2.912760 -1.893063
2410000 1.554760 -3.011771 -1.906750
2420000 1.521760 -3.041756 -1.961988
2430000 1.451370 -2.982540 -1.930981
2440000 1.141307 -2.811445 -1.850956
2450000 1.013986 -2.955615 -2.039828
2460000 1.036991 -3.044162 -1.929889
2470000 1.092840 -3.113549 -1.946686
2480000 0.687964 -2.958684 -1.981113
2490000 0.741214 -2.966501 -1.882045
2500000 0.900344 3.110406 -1.837449
2510000 0.602756 -3.003995 -1.965956
2520000 0.600212 -2.921059 -1.942284
2530000 0.614063 -3.015469 -1.985769
2540000 0.741155 -2.998637 -1.901168
2550000 0.728676 -2.920688 -1.746512
2560000 0.707005 -3.021529 -1.951535
2570000 0.934047 -2.986878 -1.936267
2580000 1.014589 -3.063142 -1.922165
2590000 1.017607 -3.094972 -1.985938
2600000 1.222666 -3.036716 -1.780556
2610000 1.871788 -2.980677 -1.986951
2620000 1.756622 -2.934824 -1.920798
2630000 2.277416 -3.035923 -2.076182
2640000 2.825157 -3.022550 -1.882178
2650000 2.448036 -3.015151 -1.938825
2660000 2.130733 -3.057030 -1.944288
2670000 2.018045 -3.035355 -1.834535
2680000 2.138257 -2.933238 -1.893649
2690000 2.479494 -3.029148 -1.972825
2700000 3.165886 -2.870733 -1.803824
2710000 4.294844 -2.933456 -1.936691
2720000 4.749137 -2.922027 -1.764805
2730000 3.835443 -2.987906 -1.893831
2740000 4.915410 -2.833857 -2.038641
2750000 4.350353 -2.849869 -1.960781
2760000 4.464682 -2.815670 -1.888445
2770000 4.510501 -2.866375 -1.975582
2780000 4.651549 -3.071227 -2.007277
2790000 4.425918 -3.019138 -1.914164
2800000 3.276585 -2.899217 -1.823942
2810000 2.596216 -2.995599 -1.964487
2820000 3.765064 -3.015300 -2.030126
2830000 3.429848 -2.894669 -1.782339
2840000 3.002588 -3.108056 -1.932321
2850000 2.677016 -2.992544 -2.011700
2860000 2.950675 -2.940692 -2.111302
2870000 2.212563 -2.975236 -1.891690
2880000 1.830158 -2.964606 -1.905473
2890000 2.276893 -3.026777 -1.982719
2900000 2.800643 -3.021174 -1.817972
2910000 2.802776 -3.118165 -1.981305
2920000 2.287308 -3.016722 -1.991329
2930000 2.417486 -3.066059 -1.815957
2940000 1.926641 -3.010958 -1.897288
2950000 1.577799 -2.887070 -1.932311
2960000 1.408694 -3.084236 -1.962957
2970000 1.711339 -2.967075 -1.970680
2980000 1.569111 -2.896603 -1.928480
2990000 1.970437 -3.043190 -2.037500
3000000 2.348615 -3.008562 -1.817834
3010000 2.644335 -2.968394 -1.997433
3020000 3.696060 -3.066133 -1.890608
3030000 3.766062 -3.018500 -1.963908
3040000 3.189308 -2.938773 -1.833384
3050000 3.354125 -2.973888 -1.912209
3060000 4.290626 -2.963861 -1.994093
3070000 4.414414 -2.886308 -1.809702
3080000 4.973293 -2.919327 -1.915370
3090000 4.220422 -3.001368 -1.917213
3100000 3.585863 -3.047715 -1.944283
3110000 3.714933 -3.051804 -1.908262
3120000 4.786025 -2.980994 -1.863955
3130000 4.336912 -2.859784 -1.752219
3140000 4.241551 -2.958175 -1.887748
3150000 4.904226 -3.028329 -1.849529
3160000 3.714046 -2.836160 -1.954700
3170000 4.787611 3.125031 -1.836783
3180000 4.679273 -2.884519 -1.949040
3190000 4.750721 -2.976101 -1.966329
3200000 3.318003 -2.791532 -1.858979
3210000 3.505347 -2.898987 -1.878013
3220000 4.042166 -2.913295 -2.022932
3230000 3.311736 -2.942658 -2.033123
3240000 4.693524 -3.034170 -1.859872
3250000 4.895260 -2.910170 -1.811356
3260000 4.456117 -3.014846 -1.915831
3270000 3.114413 -3.099714 -2.022152
3280000 2.643907 -2.845595 -1.967945
3290000 2.377142 -2.924082 -1.787187
3300000 2.856988 -2.988651 -1.988688
3310000 3.876587 -2.825225 -1.935822
3320000 4.929428 -2.852173 -1.811140
3330000 4.308840 -2.972521 -1.944364
3340000 3.850531 -3.022738 -1.827631
3350000 2.894607 -3.012541 -1.838253
3360000 2.475402 -2.891277 -1.836384
3370000 2.091119 -2.955536 -1.841307
3380000 2.186610 -2.854051 -1.844660
3390000 2.258025 -2.971727 -1.858760
3400000 1.809970 -2.911985 -1.862268
3410000 1.905273 -2.930059 -1.966445
3420000 1.729940 -2.979448 -1.847268
3430000 1.415773 -2.979697 -1.957000
3440000 1.375963 -2.912931 -1.811739
3450000 1.124051 -2.998349 -1.928528
3460000 1.083184 3.124274 -1.958385
3470000 1.184453 -2.990692 -1.925379
3480000 1.147216 -3.036206 -1.978925
3490000 1.011450 -2.944444 -1.878738
3500000 0.938901 -3.016343 -1.916286
3510000 0.886935 -2.837149 -1.957210
3520000 1.065537 -2.943407 -1.939233
3530000 0.795664 -2.897664 -1.930260
3540000 0.749776 -3.018946 -2.010255
3550000 1.132448 -2.992652 -1.895496
3560000 1.331452 -2.948997 -2.019556
3570000 0.905376 -3.008067 -1.977366
3580000 0.599106 -2.879999 -1.942416
3590000 0.620494 -2.998460 -1.861532
3600000 0.721385 -2.975677 -2.091114
3610000 0.830296 -2.993249 -1.859050
3620000 0.846316 -3.004851 -1.890943
3630000 0.713890 -3.013129 -1.938294
3640000 0.690304 -2.900854 -1.973423
3650000 0.940428 -3.055539 -1.983207
3660000 0.922443 -2.914559 -1.934627
3670000 1.044131 -3.081035 -1.815634
3680000 1.298153 -2.941827 -1.875626
3690000 1.514853 -3.040115 -1.876428
3700000 1.465984 -2.919823 -1.738898
3710000 1.564759 -2.954917 -1.838743
3720000 1.261953 -3.006841 -1.836972
3730000 1.443315 -2.786946 -1.891289
3740000 1.260817 -3.029385 -1.973204
3750000 1.703768 -2.962725 -1.985673
3760000 1.652083 -2.986466 -2.018732
3770000 1.616366 -3.003932 -1.932151
3780000 1.848203 -2.992928 -1.929508
3790000 2.465491 -2.993630 -1.963805
3800000 2.447824 -3.092202 -1.876136
3810000 2.115350 -2.882496 -2.077464
3820000 2.171062 -2.965500 -1.967488
3830000 2.619785 -2.928382 -1.977529
3840000 2.626727 -3.003724 -1.913931
3850000 2.990461 -2.946346 -1.944960
3860000 2.771393 -3.044726 -2.006905
3870000 3.469196 -3.039930 -1.827931
3880000 3.307987 -3.041271 -1.817371
3890000 3.422274 -3.006421 -1.821049
3900000 3.418601 -2.930541 -1.905705
3910000 3.831651 -2.921520 -1.900772
3920000 3.616801 -2.929264 -1.875911
3930000 3.894969 -3.001518 -1.918012
3940000 4.109273 -2.962522 -1.871495
3950000 4.648697 -3.067736 -1.881511
3960000 3.939441 -2.929671 -1.966263
3970000 5.004237 -2.913043 -1.712722
3980000 3.603013 -3.027121 -2.020192
3990000 3.209215 -2.868182 -1.996819
4000000 3.341253 -2.906643 -1.918912
