100000 2.765014 3.117051 -2.021002
110000 2.729981 -3.025363 -2.022487
120000 1.719437 -2.916028 -2.175304
130000 2.065316 -3.098441 -1.963540
140000 1.487082 -2.975951 -1.994134
150000 2.032039 -3.083100 -2.070057
160000 4.671865 -2.954820 -2.067624
170000 3.023812 -2.982492 -2.093295
180000 3.847501 -2.951162 -2.058408
190000 2.850591 -3.006768 -1.987996
200000 2.574138 -2.926463 -2.289282
210000 4.675256 -2.873165 -2.085856
220000 4.165966 -2.936647 -2.194739
230000 4.332115 -2.957091 -2.061099
240000 4.111696 -2.911131 -2.044522
250000 2.216811 -2.880377 -2.144165
260000 0.881797 -2.857857 -2.202391
270000 0.615038 -2.980640 -2.223357
280000 1.160635 -3.057736 -2.068221
290000 1.875531 -3.002644 -2.068845
300000 1.305671 -3.000003 -2.045480
310000 0.955119 -3.096211 -2.193395
320000 0.848319 -2.923357 -2.002932
330000 1.860956 -3.024327 -2.146520
340000 1.883574 -2.970631 -2.039016
350000 1.485832 -2.984304 -2.075116
360000 1.587136 -2.994101 -2.090513
370000 2.457692 -3.050433 -2.027660
380000 2.483050 -2.911391 -2.107434
390000 3.151864 -2.946524 -2.150503
400000 3.937819 -2.981844 -2.011832
410000 3.689342 -2.866712 -2.080445
420000 2.698188 -2.961088 -2.024594
430000 2.265968 -2.925876 -2.117360
440000 3.615542 -3.052055 -2.105208
450000 4.110154 -2.999034 -2.035490
460000 3.673206 -2.873139 -2.103117
470000 5.059254 -2.921486 -2.203771
480000 4.101863 -3.117993 -2.037930
490000 3.710831 -3.008756 -2.075725
500000 3.342089 -2.950199 -2.095231
510000 3.836432 3.073980 -2.070191
520000 3.763599 -2.990647 -2.151061
530000 4.673177 -2.947410 -2.007095
540000 3.495606 -2.849992 -2.071080
550000 2.455174 -3.106388 -2.077242
560000 2.412259 -3.084980 -1.987263
570000 3.479738 -2.914576 -2.000108
580000 2.050391 -2.910337 -2.138737
590000 1.862315 -2.881303 -2.118245
600000 1.437176 -2.871117 -2.119007
610000 0.975426 -3.053100 -2.201496
620000 0.644675 -2.989970 -2.215344
630000 1.160211 -2.975352 -2.155658
640000 0.895677 -2.952957 -2.091230
650000 0.626974 -2.915964 -2.061628
660000 0.991368 -2.851623 -2.147152
670000 1.584720 -3.118360 -2.037403
680000 1.031250 -3.080353 -2.019361
690000 0.963371 -2.955421 -2.131191
700000 1.142667 -3.006094 -2.137721
710000 0.985914 -2.948819 -2.098757
720000 0.940604 -2.986376 -2.024279
730000 0.907494 -2.981433 -2.090677
740000 1.115458 -2.981485 -2.041678
750000 1.794383 -2.965576 -2.161550
760000 1.827651 -2.978580 -2.174097
770000 1.666593 -2.902625 -1.899071
780000 2.469329 -2.963356 -2.063938
790000 2.435709 -2.945288 -2.114990
800000 3.378248 -2.913951 -2.106906
810000 3.286419 -3.091292 -2.026300
820000 4.491516 -2.892159 -2.027575
830000 3.620085 -3.073769 -2.143599
840000 4.252465 -2.962661 -2.099473
850000 4.596658 -2.903040 -2.075234
860000 4.481882 -2.984096 -2.042177
870000 3.134430 -2.890725 -2.119544
880000 2.876645 -2.829534 -2.135656
890000 2.219198 -2.990345 -2.107468
900000 1.972555 -2.964843 -2.064696
910000 3.113532 -2.755694 -2.120636
920000 3.717612 -3.014201 -2.129112
930000 3.609335 -2.890559 -2.060656
940000 4.905851 -2.946460 -2.078493
950000 4.745384 -3.044988 -2.071665
960000 4.139784 -2.967845 -2.069335
970000 3.666276 -3.021659 -2.039749
980000 3.823833 -3.010821 -2.020603
990000 4.333836 -2.940303 -2.080056
1000000 3.083280 -2.985450 -2.024350
1010000 3.122192 -2.926505 -2.186425
1020000 2.576498 -2.946862 -2.156099
1030000 2.339365 -3.071683 -2.130795
1040000 3.098686 -2.902661 -2.068026
1050000 2.666488 -2.958384 -2.147474
1060000 1.692650 -2.992983 -1.937615
1070000 1.502758 -2.963858 -2.254498
1080000 1.918882 -2.807896 -2.207804
1090000 1.468996 -3.059179 -2.023007
1100000 1.483582 -2.942943 -2.045456
1110000 1.965793 -2.889622 -2.106843
1120000 2.119287 -3.089792 -2.151278
1130000 1.728582 -2.881623 -2.015263
1140000 2.180577 -2.981118 -2.116107
1150000 2.929883 -2.902022 -2.218873
1160000 3.985088 -2.953651 -2.176555
1170000 3.682385 -2.943035 -2.054065
1180000 3.923869 -2.952926 -2.211176
1190000 5.062508 -2.883616 -2.122823
1200000 4.038658 -2.959311 -2.133039
1210000 3.669595 -2.912334 -2.120047
1220000 4.679407 -2.913350 -2.018567
1230000 3.469872 -3.060670 -2.002880
1240000 2.953028 -2.947878 -2.138608
1250000 2.466661 -3.056140 -2.060010
1260000 4.869890 -3.057493 -2.139471
1270000 3.965164 -2.952440 -2.121883
1280000 3.012264 -2.830684 -2.118424
1290000 4.171522 -2.880298 -2.026881
1300000 4.029746 -2.937768 -2.148230
1310000 3.402979 -3.125329 -2.156505
1320000 1.998371 -3.061285 -2.105358
1330000 1.912686 -2.996169 -2.130867
1340000 2.242178 -2.857879 -2.170484
1350000 3.083384 -2.911300 -2.127941
1360000 3.376086 -2.925116 -2.225436
1370000 3.543465 -2.855837 -2.158019
1380000 4.293490 -3.092582 -2.088138
1390000 4.929658 -2.970534 -2.155229
1400000 5.029552 -2.997989 -2.136056
1410000 3.690425 -3.062651 -2.020930
1420000 3.635569 -3.108575 -2.207723
1430000 4.250133 -2.962019 -2.122396
1440000 4.913835 -2.964664 -2.198142
1450000 3.947618 -2.961825 -2.114591
1460000 1.870058 -2.997900 -2.165629
1470000 1.280266 -3.009326 -2.061338
1480000 1.536691 -2.917720 -1.964201
1490000 1.611811 -2.959887 -2.156279
1500000 1.680253 -2.996540 -2.090053
1510000 1.644072 -3.041459 -2.080241
1520000 2.414187 -2.925111 -2.057590
1530000 2.465117 -2.983747 -2.110258
1540000 2.641205 -2.989170 -2.144465
1550000 3.535633 -2.938484 -2.094989
1560000 4.160483 -2.842186 -2.162399
1570000 4.800365 -3.058310 -2.154067
1580000 4.616807 -2.855900 -2.013907
1590000 3.281801 -3.108543 -2.142517
1600000 4.646375 -3.014552 -2.028447
1610000 3.901289 -3.016211 -2.159898
1620000 4.685690 -2.990742 -2.155043
1630000 3.872072 -3.029402 -2.095902
1640000 3.018677 -2.930121 -2.027391
1650000 3.288289 -2.963047 -1.959017
1660000 3.532032 -2.946536 -2.040316
1670000 4.797067 -2.820212 -2.123402
1680000 4.950989 -2.985389 -2.291976
1690000 4.821014 -2.947726 -2.133853
1700000 4.314194 -3.067852 -1.973828
1710000 3.270343 -2.985259 -2.248839
1720000 2.299304 -3.053018 -2.124890
1730000 1.876661 -3.047425 -2.118588
1740000 1.606474 -3.071307 -2.078043
1750000 2.318644 -2.869186 -2.056508
1760000 1.218028 -3.138006 -2.143381
1770000 1.023283 -3.052968 -2.169138
1780000 1.211051 -3.012715 -2.111108
1790000 1.269619 -2.969647 -2.213643
1800000 0.924033 -3.032261 -2.198289
1810000 0.648382 -3.084427 -2.076820
1820000 0.596510 -2.935190 -2.063767
1830000 0.592751 -2.881195 -2.079362
1840000 0.850528 -2.919524 -2.036666
1850000 0.750406 -3.026657 -2.090046
1860000 0.609345 -2.954798 -2.151908
1870000 0.791934 -3.032298 -2.175503
1880000 1.016529 -2.971392 -2.174896
1890000 1.108691 -3.087237 -2.041527
1900000 1.125946 -3.000220 -2.090614
1910000 1.091764 -3.012864 -2.042609
1920000 1.139972 -2.883331 -1.978711
1930000 1.045779 -2.915009 -2.120110
1940000 0.681834 -2.983544 -2.122130
1950000 0.503154 -3.056142 -2.055838
1960000 0.659781 -2.935212 -2.044843
1970000 0.806439 -3.025095 -2.092160
1980000 0.813075 -3.012937 -2.017035
1990000 0.729290 -3.085314 -2.244218
2000000 0.504960 -2.885054 -2.071620
2010000 0.980593 -3.008663 -1.962730
2020000 1.068472 -2.889124 -2.010391
2030000 1.331564 -2.873564 -2.060451
2040000 1.186309 -2.979485 -2.070491
2050000 1.555849 -3.040603 -2.085882
2060000 1.815579 -2.819675 -2.099585
2070000 2.091918 -2.988470 -2.092648
2080000 2.433664 -2.913538 -2.175275
2090000 2.876513 -3.019098 -2.283569
2100000 2.785047 -2.927614 -2.045406
2110000 2.465020 -2.985751 -2.047965
2120000 3.159117 -2.872360 -1.992280
2130000 2.561425 -2.912732 -2.042673
2140000 2.381341 -2.938624 -2.132834
2150000 2.234129 -2.953461 -2.009112
2160000 1.911978 -2.973775 -2.098299
2170000 1.904826 -2.935908 -2.083344
2180000 2.310202 -2.861071 -2.020791
2190000 3.267957 -2.882582 -2.138167
2200000 3.272504 -2.994451 -2.096768
2210000 4.259793 -2.854013 -2.042094
2220000 4.162909 -3.057999 -1.931776
