100000 2.847793 -2.902444 -2.229974
110000 3.264273 -3.007001 -2.283957
120000 3.355073 -2.853806 -2.203910
130000 3.787720 -3.038775 -2.272879
140000 4.605006 -3.006768 -2.390359
150000 4.666019 -2.966093 -2.323979
160000 2.881076 -2.996581 -2.320153
170000 2.453714 -2.862095 -2.344686
180000 3.196555 -2.954441 -2.300804
190000 3.557708 -3.009087 -2.194655
200000 3.469336 -2.973027 -2.165595
210000 4.298387 -2.941688 -2.190558
220000 4.886820 -3.012752 -2.201818
230000 4.645695 -3.044686 -2.225840
240000 3.637031 -2.957094 -2.240989
250000 2.808891 -2.897628 -2.304075
260000 1.036532 -2.989767 -2.375759
270000 0.891683 -3.084389 -2.224439
280000 0.880080 -2.948075 -2.384000
290000 0.530666 -2.999943 -2.324101
300000 1.348063 -2.927642 -2.102830
310000 1.542055 -2.943355 -2.176563
320000 1.678154 -2.960399 -2.314792
330000 2.752962 -2.954182 -2.370387
340000 1.848794 -2.890111 -2.157620
350000 1.431230 -2.918694 -2.152369
360000 1.232696 -2.930917 -2.160920
370000 0.690500 -3.007239 -2.271729
380000 0.810005 -2.975126 -2.295978
390000 2.351948 -2.869476 -2.215100
400000 2.797489 -2.955157 -2.173088
410000 4.860178 -2.943637 -2.293300
420000 4.233250 -3.011913 -2.284770
430000 4.323569 -3.057446 -2.175474
440000 3.973205 -2.932834 -2.134467
450000 2.848832 -3.019628 -2.396691
460000 3.646372 -3.078452 -2.319082
470000 4.495824 -2.824429 -2.296260
480000 3.378729 -2.956968 -2.225013
490000 4.753015 -2.905011 -2.218384
500000 4.865689 -2.912344 -2.296435
510000 3.453865 -2.831997 -2.317352
520000 2.108135 -2.888669 -2.280322
530000 2.413259 -3.044684 -2.247897
540000 2.026830 -2.902508 -2.253215
550000 2.160165 -3.002201 -2.266426
560000 2.533731 -3.130591 -2.278328
570000 3.370384 -2.956138 -2.338020
580000 4.344758 -2.922544 -2.289533
590000 4.557639 -3.003887 -2.269801
600000 4.720095 -2.935554 -2.249252
610000 3.546116 -3.070884 -2.407695
620000 2.697747 -2.964991 -2.300457
630000 3.450929 -2.985379 -2.177506
640000 4.134807 -2.991069 -2.349840
650000 3.359703 -2.942755 -2.295487
660000 3.087117 -3.073155 -2.197228
670000 2.202771 -2.908256 -2.335454
680000 1.747238 -2.957046 -2.286642
690000 1.497452 -2.920734 -2.259331
700000 2.160580 -2.884565 -2.151775
710000 2.868214 -2.935721 -2.273274
720000 2.484256 -2.987151 -2.416243
730000 1.555101 -2.851021 -2.264389
740000 1.132719 -2.962774 -2.245386
750000 0.905998 -2.869316 -2.367372
760000 1.104698 -2.963716 -2.323300
770000 1.183928 -2.977347 -2.291765
780000 1.387123 -2.982880 -2.339038
790000 1.683095 -2.829490 -2.161847
800000 2.021638 -3.103602 -2.230902
810000 1.922019 -2.996781 -2.179998
820000 2.564118 -3.015762 -2.212255
830000 3.275369 -3.109275 -2.341933
840000 3.855540 -2.933760 -2.252522
850000 4.471230 -2.920736 -2.273604
860000 3.409622 -2.876594 -2.231579
870000 4.559385 -2.968769 -2.278713
880000 4.516941 -2.901972 -2.195151
890000 4.578254 -2.984956 -2.353406
900000 4.632913 -3.049230 -2.285624
910000 4.994379 -3.128249 -2.283362
920000 4.975582 -2.990614 -2.203412
930000 3.226628 -3.018694 -2.317158
940000 3.440120 -2.866771 -2.470178
950000 3.799484 -3.032618 -2.358626
960000 3.350353 -2.862205 -2.102464
970000 2.260433 -2.933338 -2.354271
980000 2.905509 -2.900548 -2.336193
990000 1.413797 -3.067717 -2.216760
1000000 1.504369 -2.849755 -2.358108
1010000 0.499091 -2.980374 -2.243380
1020000 0.914744 -2.903762 -2.223782
1030000 0.737289 -3.076801 -2.247274
1040000 1.181663 -2.878387 -2.290111
1050000 1.084270 -2.972630 -2.292979
1060000 0.750336 -3.009057 -2.411709
1070000 0.590172 -2.992272 -2.257052
1080000 0.978194 -2.885071 -2.303010
1090000 1.256443 -2.948077 -2.082324
1100000 1.264172 -2.826200 -2.329584
1110000 1.523388 -2.948542 -2.190917
1120000 1.895481 -3.012437 -2.278721
1130000 1.921761 -2.961558 -2.254018
1140000 1.704533 -3.064195 -2.328675
1150000 1.410754 -2.842276 -2.269311
1160000 1.216923 -3.089963 -2.234943
1170000 1.749770 -3.077727 -2.396217
1180000 2.075905 -3.007621 -2.302351
1190000 3.095220 -2.956116 -2.143456
1200000 3.288652 -3.029249 -2.192504
1210000 2.753223 -3.049636 -2.164578
1220000 3.447948 -3.008622 -2.205390
1230000 3.483242 -2.827270 -2.244130
1240000 3.984646 -2.931756 -2.211664
1250000 4.769314 -3.028420 -2.308909
1260000 4.368413 -2.860587 -2.212127
1270000 4.707110 -2.958945 -2.257269
1280000 3.862986 -2.830091 -2.217162
1290000 4.314298 -2.881380 -2.306904
1300000 4.714357 -3.091337 -2.223398
1310000 4.913296 -2.973408 -2.169282
1320000 4.883745 -2.996423 -2.387752
1330000 4.779452 -2.996500 -2.418688
1340000 3.913745 -3.082150 -2.289159
1350000 4.469704 -2.989475 -2.353526
1360000 3.688450 -2.960335 -2.257726
1370000 2.463280 -2.997126 -2.255099
1380000 3.012127 -3.047420 -2.285094
1390000 2.759104 -2.967020 -2.250091
1400000 3.258369 -3.027250 -2.290436
1410000 2.142092 -2.969594 -2.353852
1420000 2.318143 -2.967469 -2.266725
1430000 1.930672 -2.875053 -2.296024
1440000 2.231481 -2.887738 -2.213436
1450000 2.988590 -2.945540 -2.312191
1460000 3.261230 -3.030188 -2.176452
1470000 3.321223 -2.947618 -2.199864
1480000 3.721416 -3.003787 -2.331474
1490000 3.349433 -2.916792 -2.292054
1500000 3.795295 -3.035570 -2.251582
1510000 4.629530 -2.922030 -2.159049
1520000 3.833231 -2.957853 -2.318553
1530000 2.918492 -2.913822 -2.247235
1540000 2.732932 -2.942373 -2.258033
1550000 2.708570 -2.893882 -2.238031
1560000 2.982213 -2.993053 -2.247149
1570000 2.518916 -3.043452 -2.256974
1580000 1.940252 -2.997429 -2.398954
1590000 1.651099 -3.060592 -2.229501
1600000 1.696398 -3.002825 -2.110064
1610000 1.975811 -2.900720 -2.172080
1620000 1.090105 -2.958075 -2.281650
1630000 1.556851 -2.887804 -2.206434
1640000 1.417659 -2.892617 -2.387689
1650000 0.765123 -3.063957 -2.345017
1660000 0.802197 -3.038616 -2.197384
1670000 0.722408 -2.785212 -2.285425
1680000 0.810800 -3.091860 -2.233776
1690000 0.920877 -2.929782 -2.340372
1700000 0.727182 -3.014945 -2.215059
1710000 1.044453 -3.021663 -2.199292
1720000 1.119787 -3.031398 -2.246728
1730000 1.153336 -3.039925 -2.211390
1740000 1.342545 -2.893042 -2.269580
1750000 0.926705 -3.032152 -2.330342
1760000 0.998547 -2.885469 -2.168324
1770000 1.115676 -2.921627 -2.347963
1780000 1.147789 -2.968541 -2.152808
1790000 1.341692 -2.992220 -2.278195
1800000 1.298385 -3.041575 -2.178080
1810000 1.441145 -2.985919 -2.181814
1820000 2.361248 -3.087805 -2.234917
1830000 3.834370 -2.976829 -2.242538
1840000 4.234287 -3.000358 -2.280588
1850000 4.130262 -3.005485 -2.355681
1860000 4.729463 -2.993463 -2.286345
1870000 3.635500 -2.984879 -2.168954
1880000 3.424336 -2.976874 -2.212789
1890000 3.038864 -2.927540 -2.271813
1900000 3.705682 -2.907976 -2.169458
1910000 2.864273 -3.065100 -2.266564
1920000 2.063369 -2.953160 -2.276378
1930000 2.101544 -2.946460 -2.211160
1940000 2.405271 -2.955008 -2.321676
1950000 3.499440 -2.896980 -2.104882
1960000 3.911113 -3.025781 -2.224384
1970000 3.890684 -2.944655 -2.322826
1980000 4.590302 -3.073049 -2.303367
1990000 4.679464 -2.990959 -2.284276
2000000 5.088337 -2.985494 -2.232909
2010000 4.814079 -3.015662 -2.271075
2020000 4.014796 -3.055353 -2.252580
2030000 4.054567 -2.944778 -2.354265
2040000 2.614283 -2.907150 -2.278322
2050000 2.632898 -2.975873 -2.219212
2060000 2.175725 -2.910185 -2.281408
2070000 1.556744 -3.030761 -2.314408
2080000 1.834603 -3.004025 -2.253093
2090000 2.086456 -2.885883 -2.337891
2100000 2.034934 -2.949624 -2.205011
2110000 2.681059 -3.082825 -2.204963
2120000 4.189371 -2.921035 -2.224436
2130000 4.836788 -2.984357 -2.217285
2140000 4.928479 -2.862554 -2.392635
2150000 5.138582 -2.913511 -2.340867
2160000 4.716785 -2.926318 -2.205993
2170000 4.196198 -3.020439 -2.250685
2180000 3.486281 -2.905946 -2.194717
2190000 3.142929 -2.921499 -2.284110
2200000 3.383944 -3.077430 -2.094449
2210000 4.040675 -2.981152 -2.403812
2220000 4.624366 -2.935334 -2.176453
2230000 3.343174 -2.992081 -2.229173
2240000 2.827620 -2.989933 -2.359046
2250000 2.896497 -2.900099 -2.271771
2260000 3.921499 -2.914294 -2.284416
2270000 3.757526 -2.990310 -2.395301
2280000 3.733216 -2.971296 -2.263602
2290000 3.791095 -2.957218 -2.321247
2300000 3.288678 -3.090202 -2.208771
2310000 4.704816 -2.881187 -2.255085
2320000 4.561597 -2.987805 -2.288138
2330000 5.025764 -2.839155 -2.049766
2340000 4.971648 -2.922721 -2.328460
2350000 4.664503 -2.977365 -2.368059
2360000 3.942369 -2.915047 -2.272050
2370000 4.166513 -3.085203 -2.248875
2380000 4.144371 3.108823 -2.099919
2390000 4.581581 -2.939133 -2.248380
2400000 4.458206 -2.877877 -2.265363
2410000 3.697551 -3.000503 -2.417803
2420000 2.399596 -2.915879 -2.251953
2430000 2.308771 -2.927664 -2.223391
2440000 2.556059 -2.976599 -2.320364
2450000 2.754773 -3.005641 -2.325585
2460000 2.182533 -2.953451 -2.253250
2470000 1.531456 -3.030629 -2.326856
2480000 1.852947 -2.971505 -2.275533
2490000 1.593744 -3.017206 -2.152828
2500000 1.533532 -3.062745 -2.347061
2510000 1.394996 -2.886864 -2.150978
2520000 1.821437 -2.879265 -2.331619
2530000 2.337989 -2.827558 -2.324822
2540000 2.968972 -2.873296 -2.303672
2550000 3.584388 -2.955001 -2.241440
2560000 3.814779 -2.885103 -2.227805
2570000 3.291800 -3.002937 -2.194901
2580000 2.781196 -2.967429 -2.334860
2590000 2.356291 -2.992287 -2.272195
2600000 2.326844 -2.808472 -2.328687
2610000 2.073066 -3.075411 -2.314630
2620000 2.465570 -2.936326 -2.177068
2630000 2.166758 -2.910915 -2.209133
2640000 1.610444 -3.039972 -2.215742
2650000 1.407368 -2.969045 -2.363958
2660000 0.547794 -2.905725 -2.362879
2670000 0.534294 -2.882211 -2.203293
2680000 0.577907 -2.901800 -2.344889
2690000 0.886104 -2.975901 -2.249807
2700000 0.502818 -3.029570 -2.346572
2710000 0.834707 -2.877440 -2.284597
2720000 1.356163 -2.866470 -2.345364
2730000 1.628197 -2.904569 -2.168391
2740000 1.353875 -2.968110 -2.231309
2750000 1.260991 -2.819418 -2.238197
2760000 1.494106 -2.995617 -2.320247
2770000 1.280935 -2.983588 -2.237004
2780000 1.090703 -2.912258 -2.259793
2790000 1.034511 -2.925264 -2.237895
2800000 0.980045 -2.935261 -2.350468
2810000 0.893063 -2.942399 -2.296308
2820000 0.790515 -2.935634 -2.167061
2830000 0.710084 -3.063011 -2.411336
2840000 0.926095 -2.982222 -2.257019
2850000 1.017273 -2.878402 -2.143891
2860000 0.880838 -2.952142 -2.319955
2870000 0.871183 -3.089729 -2.318185
2880000 0.835656 -2.891419 -2.188046
2890000 1.106515 -2.878153 -2.205968
2900000 1.145542 -2.911763 -2.183568
2910000 0.950637 -3.105208 -2.088986
2920000 1.395244 -2.932803 -2.310143
2930000 1.683355 -2.910912 -2.317408
2940000 1.570927 -2.835830 -2.313235
2950000 1.501741 -3.025113 -2.314231
2960000 1.894522 -2.913026 -2.315743
2970000 2.116259 -3.079367 -2.365866
2980000 3.109690 -2.882579 -2.400296
2990000 3.443749 -2.993078 -2.331053
3000000 3.288757 -3.018342 -2.259448
3010000 4.229769 -2.954842 -2.313459
3020000 4.286832 -2.838807 -2.348857
3030000 3.640138 -3.019213 -2.239947
3040000 3.628961 -2.930371 -2.192739
3050000 2.726548 -2.967490 -2.299000
3060000 2.578946 -2.911035 -2.168865
3070000 3.040022 -2.975864 -2.278015
3080000 3.480899 -2.922195 -2.227864
3090000 3.810225 -2.899149 -2.318470
3100000 4.184035 -2.971739 -2.281074
3110000 3.972905 -2.933112 -2.385270
3120000 4.878607 -2.880694 -2.358123
3130000 4.743624 -3.025309 -2.308441
3140000 3.861998 -3.086109 -2.240245
3150000 3.379733 -3.020232 -2.238878
3160000 3.851233 -2.993534 -2.239306
3170000 4.459125 -2.986115 -2.319562
3180000 3.693564 -2.877222 -2.342258
3190000 3.906827 -2.978042 -2.302001
3200000 2.813788 -2.993604 -2.212366
3210000 2.831572 -2.952929 -2.278645
3220000 3.139449 -2.925102 -2.252665
3230000 3.185054 -3.048977 -2.207555
3240000 2.992230 -3.078705 -2.334104
3250000 2.317935 -2.933369 -2.250771
3260000 2.138362 -2.956439 -2.319166
3270000 2.715294 -2.961521 -2.157850
3280000 3.050377 -2.961512 -2.287830
3290000 3.008495 -2.928908 -2.202057
3300000 3.181852 -2.985219 -2.354969
3310000 3.959347 -2.931038 -2.272430
3320000 4.122446 -3.036854 -2.299717
3330000 4.974044 -3.056119 -2.190189
3340000 4.651632 -3.135743 -2.192189
3350000 4.865456 -2.991718 -2.239707
3360000 4.151988 -3.044996 -2.315425
3370000 3.022328 -2.984707 -2.167207
3380000 2.531642 -2.989355 -2.185371
3390000 2.003486 -3.008098 -2.178027
3400000 2.022229 -3.015503 -2.163574
3410000 2.112085 -2.867895 -2.258451
3420000 2.330473 -3.044565 -2.370240
3430000 2.412915 -2.936341 -2.290967
3440000 2.557033 -3.025010 -2.231953
3450000 3.024383 -2.982638 -2.304135
3460000 2.955316 -3.062499 -2.188441
3470000 3.763672 -3.039488 -2.238538
3480000 3.504203 -2.947701 -2.249379
3490000 5.051094 -2.875868 -2.307903
3500000 4.640140 -3.075796 -2.308070
3510000 4.977929 -2.923354 -2.093900
3520000 4.973171 -3.012431 -2.414749
3530000 4.500539 -2.953468 -2.411628
3540000 3.151955 -2.901519 -2.265102
3550000 3.949331 -3.086863 -2.109993
3560000 3.293279 -2.867245 -2.377867
3570000 3.303085 -2.979219 -2.227207
3580000 3.991423 -2.885848 -2.109168
3590000 4.286837 -2.997061 -2.239335
3600000 4.611931 -2.990697 -2.214725
3610000 4.505980 -3.011171 -2.229388
3620000 3.692685 -2.997376 -2.281977
3630000 4.134626 3.133534 -2.353679
3640000 3.146530 -2.926901 -2.241002
3650000 3.746255 -2.959894 -2.266794
3660000 3.286510 -3.094877 -2.236758
3670000 2.586637 -2.974214 -2.336786
3680000 2.521284 -3.029107 -2.258810
3690000 2.457068 -2.969856 -2.271520
3700000 1.829839 -2.947074 -2.310106
3710000 1.827259 -2.941307 -2.164782
3720000 1.799605 -2.935266 -2.328299
3730000 2.132924 -2.941590 -2.285966
3740000 1.840004 -3.055169 -2.227004
3750000 1.625673 -2.926734 -2.393105
3760000 1.279081 -2.898502 -2.226003
3770000 1.130283 -2.902102 -2.277156
3780000 1.048438 -3.119474 -2.241966
3790000 0.617447 -3.071171 -2.153818
3800000 0.591203 -2.950996 -2.210550
3810000 0.657258 -3.020898 -2.394068
3820000 0.597473 -3.021567 -2.296358
3830000 0.496949 -2.957472 -2.394196
3840000 0.486870 -2.989753 -2.222288
3850000 0.720205 -2.945904 -2.240567
3860000 0.744444 -2.969050 -2.292618
3870000 0.887388 -3.084457 -2.125858
3880000 0.932039 -3.123537 -2.239436
3890000 0.944037 -3.064505 -2.344852
3900000 0.891596 -3.056778 -2.325116
3910000 1.414375 -3.020196 -2.308728
3920000 1.306999 -2.922228 -2.177753
3930000 1.170825 -2.977605 -2.348022
3940000 1.303236 -3.025200 -2.253581
3950000 1.305163 -2.926821 -2.399422
3960000 1.249766 -3.012323 -2.264267
3970000 1.372593 -2.940509 -2.237986
3980000 0.828536 -2.998926 -2.307204
3990000 1.195646 -2.963980 -2.228675
4000000 1.529783 -2.968631 -2.247841
