100000 2.309085 -2.811062 -2.502136
110000 4.187744 -2.937898 -2.484547
120000 4.234907 -2.968765 -2.393159
130000 4.087835 -2.921487 -2.480995
140000 4.826903 -3.068373 -2.362358
150000 4.191070 -2.941880 -2.526308
160000 3.511287 -2.990204 -2.280225
170000 4.324861 -3.059436 -2.315915
180000 3.028019 -2.962855 -2.482659
190000 1.862217 -3.010293 -2.378929
200000 2.176277 -2.841363 -2.354321
210000 1.526117 -2.810256 -2.501514
220000 1.039093 -2.789527 -2.640358
230000 0.702133 -3.002659 -2.470659
240000 1.152574 -3.095884 -2.375263
250000 1.402028 -2.956591 -2.536013
260000 1.625746 -2.922353 -2.516329
270000 2.768120 -2.907262 -2.398644
280000 3.481154 -2.914360 -2.599281
290000 4.738994 -3.024264 -2.496815
300000 4.843993 -2.924208 -2.527348
310000 4.986761 -3.024674 -2.505394
320000 4.255254 -2.858411 -2.433166
330000 3.067421 -2.882251 -2.375720
340000 3.961958 -2.961922 -2.356599
350000 4.561550 -2.924436 -2.434399
360000 3.523804 -3.028175 -2.529385
370000 2.284510 -2.893499 -2.325521
380000 2.008538 -2.907199 -2.564651
390000 2.790241 -2.941094 -2.288030
400000 3.952305 -3.015628 -2.579295
410000 4.127038 -3.035419 -2.527025
420000 2.977327 -2.976471 -2.404821
430000 2.128338 -2.985814 -2.445626
440000 1.829523 -3.053653 -2.499169
450000 3.390327 -3.055357 -2.278505
460000 3.165482 -2.923235 -2.479163
470000 2.632951 -2.842818 -2.513167
480000 3.779009 -3.006713 -2.383254
490000 4.541296 -2.854550 -2.373629
500000 4.006416 -3.076753 -2.444900
510000 4.905641 -3.051341 -2.518896
520000 4.707870 -2.988219 -2.371164
530000 4.974187 -2.887099 -2.468641
540000 3.493230 -2.850622 -2.446252
550000 3.122572 -2.887642 -2.479067
560000 2.398923 -2.910714 -2.359465
570000 1.652196 -3.072679 -2.442637
580000 1.805661 -2.967208 -2.484427
590000 1.696361 -3.017460 -2.403859
600000 1.109152 -2.998843 -2.430769
610000 0.717718 -3.015204 -2.471795
620000 0.546726 -2.869399 -2.427254
630000 0.883541 -2.970096 -2.403541
640000 0.915892 -2.917893 -2.471741
650000 1.289530 -2.896440 -2.360322
660000 1.214112 -2.950216 -2.520063
670000 1.016507 -2.897831 -2.452472
680000 0.677507 -3.041833 -2.492255
690000 1.651121 -3.008823 -2.537533
700000 1.885434 -2.908592 -2.578727
710000 1.639803 -2.872627 -2.589032
720000 2.549642 -2.965172 -2.425041
730000 2.284182 -2.930336 -2.433947
740000 2.843334 -3.003309 -2.557249
750000 3.623694 -2.936112 -2.461826
760000 4.283906 -2.819321 -2.409337
770000 4.590642 -3.042447 -2.312247
780000 4.956912 -2.888858 -2.406906
790000 4.757434 -2.981980 -2.393092
800000 3.947998 -3.019557 -2.327913
810000 3.179503 -3.078553 -2.448859
820000 3.876251 -3.036274 -2.361870
830000 4.197319 -2.897660 -2.435532
840000 4.140114 -2.881668 -2.532558
850000 3.716898 -3.064912 -2.598251
860000 2.389655 -2.898517 -2.464932
870000 2.348779 -2.966132 -2.466583
880000 3.164011 -2.957947 -2.402017
890000 3.735633 -2.863319 -2.450391
900000 4.504095 -3.082708 -2.478980
910000 2.811659 -2.859164 -2.453860
920000 2.001411 -2.861634 -2.491677
930000 1.814439 -2.824967 -2.463715
940000 2.749474 -2.889782 -2.345668
950000 3.354709 -3.095145 -2.494855
960000 2.841019 -2.883276 -2.421877
970000 1.954579 -2.978471 -2.434777
980000 1.513000 -3.100873 -2.512451
990000 1.265849 -2.827858 -2.465063
1000000 0.950625 -2.997742 -2.512086
1010000 1.004766 -2.993962 -2.377441
1020000 0.808975 -3.111037 -2.423296
1030000 1.255335 -3.016564 -2.553209
1040000 1.503216 -2.946100 -2.475463
1050000 1.041795 -2.885954 -2.600463
1060000 1.219473 -2.946352 -2.403417
1070000 0.561652 -2.974517 -2.356122
1080000 0.693341 -2.891460 -2.349728
1090000 0.839830 -2.975281 -2.500276
1100000 0.986011 -2.922981 -2.432452
1110000 1.189028 -2.850980 -2.345864
1120000 0.503056 -3.020525 -2.488826
1130000 0.852322 -2.929791 -2.475679
1140000 0.837710 -2.935303 -2.503910
1150000 1.590319 -2.919306 -2.544943
1160000 1.887636 -3.019361 -2.392429
1170000 1.846893 -3.042738 -2.415293
1180000 2.583757 -2.982522 -2.287825
1190000 3.263932 -2.904058 -2.464470
1200000 4.047290 -3.021447 -2.541267
1210000 4.701005 -2.958231 -2.407163
1220000 4.724365 -2.905104 -2.467877
1230000 4.232909 -2.956218 -2.401538
1240000 4.516807 -3.070630 -2.412093
1250000 3.044504 -2.927939 -2.490539
1260000 3.064313 -3.081625 -2.459791
1270000 4.136296 3.120011 -2.419710
1280000 4.586160 -2.924285 -2.414893
