100000 4.548539 -3.006940 -2.595462
110000 5.031017 -2.977521 -2.686849
120000 4.038444 -2.933834 -2.603988
130000 3.353647 -2.957408 -2.570703
140000 4.188664 -3.005417 -2.561520
150000 2.796841 -3.052826 -2.541374
160000 1.605335 -3.019421 -2.552100
170000 1.485511 -2.963914 -2.542811
180000 1.119609 -3.009921 -2.629577
190000 1.096746 -2.983141 -2.759108
200000 0.776005 -2.901500 -2.611747
210000 1.731009 -2.944881 -2.658696
220000 1.847937 -2.876867 -2.601803
230000 2.656897 -2.927213 -2.573488
240000 3.037507 -2.998663 -2.512127
250000 4.314968 -3.023470 -2.634640
260000 3.013951 -3.005316 -2.598505
270000 2.112005 -3.004058 -2.719528
280000 3.944281 -2.870081 -2.662585
290000 4.612029 -3.043505 -2.677654
300000 4.961974 -2.698385 -2.575208
310000 4.677389 -3.091534 -2.681538
320000 3.617272 -3.010184 -2.625802
330000 2.517277 -3.036878 -2.643636
340000 3.874440 -2.933434 -2.709676
350000 4.052999 -3.077745 -2.561796
360000 4.122373 -3.091411 -2.692080
370000 3.391114 -3.003769 -2.717304
380000 1.850847 -3.073271 -2.591700
390000 2.528067 -3.013519 -2.628112
400000 1.545256 -2.957972 -2.741847
410000 1.086609 -3.117728 -2.689307
420000 0.607316 -2.968704 -2.603349
430000 1.406743 -2.821519 -2.530738
440000 0.895250 -2.962332 -2.652374
450000 1.303450 -2.889468 -2.643125
460000 1.982282 -2.941005 -2.659210
470000 1.708626 -2.994529 -2.590410
480000 1.163574 -2.908631 -2.618009
490000 0.533452 -2.915799 -2.499651
500000 0.707796 -2.940322 -2.645112
510000 0.678044 -2.901138 -2.634705
520000 0.945214 -2.937816 -2.626594
530000 0.563092 -2.932662 -2.718485
540000 0.886655 -3.009851 -2.500163
550000 1.362901 -2.863197 -2.649266
560000 2.022386 -2.886136 -2.554843
570000 2.057289 -2.917869 -2.733291
580000 3.207030 -2.810101 -2.588340
590000 4.230094 -2.970991 -2.653570
600000 4.267333 -3.007791 -2.684228
610000 4.112000 -2.953445 -2.492846
620000 2.908556 -3.040341 -2.711573
630000 3.283333 -2.874106 -2.781735
640000 2.970452 -2.859166 -2.734995
650000 1.983321 -2.950843 -2.636079
660000 1.936789 -2.986248 -2.535288
670000 2.684031 -3.047039 -2.572280
680000 4.487688 -3.023701 -2.589178
690000 4.791135 -3.061910 -2.552509
700000 4.827035 -3.108407 -2.582940
710000 4.738664 -2.905445 -2.571978
720000 4.232485 -2.898043 -2.696031
730000 3.070732 -2.979950 -2.617248
740000 3.931556 -2.984470 -2.608303
750000 3.647132 -2.990500 -2.738458
760000 2.628957 -2.972478 -2.572812
770000 3.083384 -2.896980 -2.555274
780000 4.147380 -3.016800 -2.623104
790000 4.736170 -2.949032 -2.498022
800000 4.365119 -3.046555 -2.514879
810000 3.487497 -2.965091 -2.563609
820000 4.792285 -3.000485 -2.631929
830000 4.440983 -3.025736 -2.555838
840000 3.800505 -2.906978 -2.602092
850000 2.301721 -2.983400 -2.636256
860000 1.823313 -3.025807 -2.511231
870000 2.070045 -2.951275 -2.731765
880000 1.621437 -2.861742 -2.733039
890000 1.612335 -2.890399 -2.526853
900000 1.793397 -2.910209 -2.645218
910000 2.452032 -3.078235 -2.727515
920000 3.676938 -2.920833 -2.577570
930000 2.405145 -2.998161 -2.632345
940000 2.724007 -3.124702 -2.501894
950000 2.003172 -2.874040 -2.568621
960000 2.068192 -2.907418 -2.679394
970000 2.956487 -3.017488 -2.562296
980000 4.096854 -3.011359 -2.536065
990000 3.642913 -3.123595 -2.611521
1000000 3.448347 -2.906251 -2.506373
1010000 4.941366 -2.980578 -2.611490
1020000 4.020950 -2.919855 -2.567902
1030000 4.864884 -3.070532 -2.574521
1040000 4.332648 -2.861762 -2.699732
1050000 3.187558 -3.017663 -2.613807
1060000 2.809992 -3.074663 -2.644222
1070000 3.632245 -2.974942 -2.586258
1080000 4.540259 -3.005453 -2.677310
1090000 4.119760 -2.859575 -2.645985
1100000 3.217386 -2.818843 -2.641696
1110000 3.265364 -2.902379 -2.542560
1120000 2.651866 -2.896205 -2.587194
1130000 2.341929 -3.069339 -2.665537
1140000 1.895626 -2.845585 -2.625356
1150000 1.308311 -2.898495 -2.655646
1160000 1.066225 -2.925347 -2.688302
1170000 1.563380 -3.078144 -2.671647
1180000 1.683813 -2.954572 -2.698910
1190000 2.141054 -2.877640 -2.605832
1200000 1.826877 -3.071409 -2.748587
1210000 2.650694 -2.974468 -2.649334
1220000 2.321702 -2.846387 -2.718124
1230000 2.150204 -3.052453 -2.734630
1240000 1.312968 -3.036853 -2.712079
1250000 0.884479 -3.016243 -2.612701
1260000 1.125240 3.097370 -2.535658
1270000 1.328987 -3.022055 -2.564530
1280000 1.296951 -2.957758 -2.519277
1290000 0.794976 -2.885669 -2.697598
1300000 0.902901 -2.946914 -2.744208
1310000 0.496104 -2.954727 -2.759629
1320000 0.846484 -2.815803 -2.548618
1330000 1.072356 -2.937570 -2.598705
1340000 0.810574 -2.992972 -2.757114
1350000 1.234829 -2.931488 -2.617891
1360000 1.503204 -2.977762 -2.731525
1370000 2.704993 -2.978228 -2.714069
1380000 3.300842 -2.926347 -2.560029
1390000 3.073102 -3.035473 -2.646528
1400000 3.909683 -2.988328 -2.539975
1410000 4.549585 -3.035372 -2.703687
1420000 4.032155 -2.986571 -2.700336
1430000 4.263473 -2.931737 -2.582473
1440000 4.643485 -3.007710 -2.674691
1450000 4.894316 -2.965393 -2.706088
1460000 4.151577 -3.003025 -2.706952
1470000 3.670867 -3.013984 -2.605728
1480000 4.057331 -3.058030 -2.693651
1490000 3.048679 -2.972057 -2.631237
1500000 3.230281 -3.022428 -2.644781
1510000 2.604194 -2.957543 -2.717218
1520000 1.948769 -2.938559 -2.534837
1530000 2.501313 -3.055393 -2.660718
1540000 2.840380 -2.936209 -2.639303
1550000 2.686042 -2.916447 -2.622637
1560000 3.832472 -2.891624 -2.589553
1570000 4.392041 -2.969559 -2.618135
1580000 4.781846 -2.857250 -2.588802
1590000 4.217831 -2.987223 -2.598115
1600000 3.693092 -2.974428 -2.643802
1610000 2.779532 -3.000852 -2.513047
1620000 2.861565 -3.012760 -2.561046
1630000 3.871589 -2.870776 -2.476962
1640000 2.939916 -3.074055 -2.622811
1650000 3.438067 -3.001336 -2.596828
1660000 3.349041 -3.028172 -2.626578
1670000 3.792628 -2.856331 -2.628737
1680000 4.888743 -3.035937 -2.592473
1690000 4.199496 -2.896407 -2.589308
1700000 4.954127 -2.976590 -2.643384
1710000 4.587424 -2.954229 -2.554371
1720000 3.859149 -2.990739 -2.638965
1730000 4.956847 -3.001582 -2.603613
1740000 4.638071 -3.071175 -2.650669
1750000 5.110992 -2.971270 -2.851595
1760000 4.847081 -2.816647 -2.520830
1770000 3.966446 -2.934623 -2.830679
1780000 4.821179 -2.999640 -2.652062
1790000 3.292217 -3.053912 -2.653310
1800000 2.892847 -3.006511 -2.620772
1810000 2.585945 -2.992251 -2.682968
1820000 2.136905 -3.003046 -2.580485
1830000 1.636824 -2.940231 -2.538824
1840000 1.916108 -2.964903 -2.527516
1850000 1.811008 -2.842383 -2.583861
1860000 2.249676 -2.979101 -2.613895
1870000 2.666019 -2.951438 -2.473735
1880000 2.389696 -2.881736 -2.638285
1890000 1.997205 -3.011581 -2.612603
1900000 1.604146 -3.004788 -2.672258
1910000 1.214554 -2.968783 -2.556117
1920000 0.692860 -2.814954 -2.512600
1930000 0.877098 -2.970936 -2.586970
1940000 0.813509 -2.885955 -2.657131
1950000 0.838518 -2.959446 -2.720663
1960000 1.167283 -2.967270 -2.600799
1970000 1.103280 -2.977344 -2.591092
1980000 1.015889 -3.001130 -2.538187
1990000 0.879058 -2.982543 -2.730062
2000000 0.592529 -2.862496 -2.634480
2010000 0.706539 -2.868395 -2.671426
2020000 0.815322 -2.968539 -2.644895
2030000 0.621915 -3.102130 -2.536829
2040000 0.594606 -3.055771 -2.644906
2050000 0.643582 -2.848787 -2.615083
2060000 0.952042 -2.964178 -2.654040
2070000 0.971242 -2.869895 -2.626341
2080000 1.473146 -3.005990 -2.601848
2090000 1.326589 -2.842633 -2.619334
2100000 1.583690 -3.017876 -2.575278
2110000 1.914295 -2.963596 -2.611479
2120000 2.319343 -3.095584 -2.634182
2130000 2.369391 -2.867374 -2.572219
2140000 2.341441 -3.063295 -2.548719
2150000 2.320154 -2.939043 -2.494234
2160000 2.841416 -2.936534 -2.547905
2170000 3.133657 -2.949494 -2.708925
2180000 3.346888 -3.056680 -2.553958
2190000 2.669698 -2.944046 -2.646250
2200000 2.654007 -2.848058 -2.571230
2210000 2.999082 -2.985879 -2.570592
2220000 2.095237 -2.980023 -2.533095
2230000 1.896058 -3.127873 -2.537689
2240000 1.621945 -2.977522 -2.645839
2250000 1.980943 -3.036108 -2.643619
2260000 2.576352 -2.961203 -2.667790
2270000 2.205263 -2.965782 -2.502049
2280000 2.896812 -2.934052 -2.628886
2290000 4.009628 -2.989825 -2.602655
2300000 3.747986 -2.944305 -2.696924
2310000 4.292775 -2.995124 -2.613338
2320000 4.499249 -2.819097 -2.738981
2330000 4.818388 -2.939696 -2.556602
2340000 3.565960 -2.997273 -2.584621
2350000 3.435411 -3.017004 -2.606310
2360000 3.589544 -2.980428 -2.587413
2370000 4.038804 -2.932344 -2.748019
2380000 4.528412 -2.965175 -2.627664
2390000 3.933917 -2.889959 -2.612899
2400000 2.647731 -2.999602 -2.555453
2410000 3.332495 -2.968628 -2.643772
2420000 3.762702 -2.861782 -2.666891
2430000 4.530835 -3.004043 -2.613670
2440000 4.212765 -3.041875 -2.759144
2450000 3.409177 -3.022978 -2.505477
2460000 2.602843 -3.049282 -2.613516
2470000 2.309639 -2.976387 -2.495664
2480000 2.251765 -2.789326 -2.646718
2490000 1.698181 -2.974872 -2.726151
2500000 1.656738 -2.996409 -2.705533
2510000 1.494472 -2.909735 -2.566886
2520000 1.299218 -2.931319 -2.572738
2530000 1.409086 -3.067343 -2.699463
2540000 1.349805 3.129864 -2.539590
2550000 0.970660 -2.952211 -2.555510
2560000 0.953614 -2.960641 -2.648671
2570000 1.207508 -2.926378 -2.678280
2580000 1.032493 -2.855667 -2.774038
2590000 1.297974 -3.004111 -2.563488
2600000 1.502002 -2.991112 -2.674108
2610000 1.407862 -3.033751 -2.754667
2620000 1.386797 -3.000483 -2.622874
2630000 1.329506 -3.054790 -2.703439
2640000 1.679406 -2.990417 -2.586660
2650000 1.770098 -2.887715 -2.729681
2660000 1.815019 -2.940425 -2.624564
2670000 2.259034 -3.088589 -2.695575
2680000 2.837380 -2.890974 -2.611026
2690000 3.173729 -3.066584 -2.666100
2700000 4.999662 -2.894116 -2.595285
2710000 5.027902 -2.898312 -2.715710
2720000 4.674797 -2.994169 -2.560844
2730000 4.495372 -3.016674 -2.516488
2740000 3.985675 -3.024939 -2.704177
2750000 4.286176 -2.881288 -2.661316
2760000 4.996185 -3.105376 -2.662868
2770000 4.988447 -2.855840 -2.534795
2780000 3.984714 -3.037739 -2.551500
2790000 3.564457 -3.015072 -2.538659
2800000 4.910496 -2.975789 -2.656605
2810000 4.887843 -2.936396 -2.635416
2820000 4.915421 -3.072465 -2.586929
2830000 4.981950 -2.980100 -2.680843
2840000 3.710689 -2.943212 -2.683359
2850000 2.410073 -3.031551 -2.725064
2860000 3.003461 -2.970567 -2.550797
2870000 2.585727 -3.004443 -2.653215
2880000 2.235174 -3.038386 -2.588848
2890000 1.949839 -2.952807 -2.536001
2900000 1.741473 -3.064738 -2.677562
2910000 2.179022 -2.812665 -2.721961
2920000 1.747591 -2.863060 -2.653353
2930000 3.067675 -2.905089 -2.640147
2940000 3.121082 -2.959286 -2.580274
2950000 3.271011 -2.804276 -2.615994
2960000 4.225161 -3.000705 -2.799943
2970000 2.622473 -2.943871 -2.677372
2980000 3.558675 -3.052109 -2.551125
2990000 4.032559 -3.081843 -2.598657
3000000 3.214608 -2.907707 -2.561034
3010000 3.746931 -3.049201 -2.688481
3020000 3.272491 -3.019424 -2.607152
3030000 3.659377 -3.088877 -2.582980
3040000 3.715043 -3.002720 -2.627968
3050000 2.758223 -2.919502 -2.764640
3060000 2.208876 -2.963620 -2.681821
3070000 2.881919 -3.082684 -2.687655
3080000 2.479031 -3.065751 -2.623829
3090000 2.767636 -2.950306 -2.550643
3100000 3.090132 -3.031920 -2.534121
3110000 3.201896 -3.048749 -2.635115
3120000 3.410572 -2.857630 -2.482131
3130000 4.247657 -3.055417 -2.572080
3140000 3.225865 -2.900485 -2.713965
3150000 4.569370 -2.828056 -2.738349
3160000 4.656577 -3.073249 -2.456806
3170000 4.166321 -2.943999 -2.580165
3180000 4.366417 -3.022792 -2.628409
3190000 3.610546 -2.974102 -2.558144
3200000 4.207004 -2.867054 -2.680698
3210000 3.968362 -2.959317 -2.721582
3220000 4.067765 -3.117327 -2.756976
3230000 3.645731 -3.122667 -2.576704
3240000 2.977420 -2.940659 -2.563247
3250000 3.088424 -3.065989 -2.560285
3260000 2.695278 -3.000827 -2.610212
3270000 3.474137 -2.964666 -2.609857
3280000 2.335370 -2.858386 -2.699609
3290000 2.008904 -3.063148 -2.614833
3300000 2.921815 -3.009398 -2.554044
3310000 3.608207 3.137667 -2.634566
3320000 3.869433 -3.069397 -2.514472
3330000 4.292910 -2.781382 -2.631857
3340000 4.754728 -2.955742 -2.650730
3350000 4.618642 -2.965544 -2.657829
3360000 4.059997 -2.877643 -2.726574
3370000 5.005150 -2.896632 -2.656464
3380000 4.371737 -3.013140 -2.540605
3390000 4.286638 -2.861625 -2.711571
3400000 4.939427 -2.951502 -2.575891
3410000 3.718266 -3.021392 -2.568144
3420000 3.799104 -3.084862 -2.633092
3430000 3.251933 -2.949257 -2.728905
3440000 2.628410 -2.886755 -2.601255
3450000 3.057097 -3.030492 -2.537492
3460000 2.967720 -3.087255 -2.597243
3470000 2.492166 -3.031755 -2.582343
3480000 2.491652 -3.021241 -2.505052
3490000 1.748137 -2.826952 -2.482632
3500000 1.459118 -2.940369 -2.655775
3510000 1.857940 -2.977415 -2.689747
3520000 2.127982 -2.875398 -2.751556
3530000 1.640469 -2.901546 -2.638098
3540000 1.351273 -3.036713 -2.497420
3550000 2.176275 -2.906693 -2.580067
3560000 2.047131 -2.957533 -2.643814
3570000 2.392809 -3.005227 -2.518210
3580000 2.209841 -2.941748 -2.642174
3590000 2.730305 -2.990246 -2.589120
3600000 2.323875 -3.092933 -2.568279
3610000 2.037118 -2.945587 -2.658723
3620000 1.815043 -3.050931 -2.636786
3630000 1.343222 -2.962170 -2.695406
3640000 1.383120 -2.901121 -2.520914
3650000 1.528447 -2.893465 -2.670107
3660000 1.283378 -2.997821 -2.649067
3670000 1.180792 -2.852657 -2.630216
3680000 1.042457 -3.021897 -2.539878
3690000 0.500652 -3.006886 -2.636021
3700000 0.487542 -2.956161 -2.671122
3710000 0.685336 -2.977170 -2.644053
3720000 0.612939 -3.015303 -2.628261
3730000 0.653058 -2.956624 -2.666953
3740000 0.903913 -3.000076 -2.517651
3750000 0.819155 -2.888519 -2.525950
3760000 0.760476 -2.991312 -2.622402
3770000 0.759486 -2.961610 -2.743067
3780000 0.783710 -2.959118 -2.839135
3790000 0.642997 -2.898226 -2.649250
3800000 0.665312 -2.985342 -2.638903
3810000 0.962185 -3.009072 -2.800974
3820000 0.953608 -2.986922 -2.536859
3830000 1.197855 -3.050892 -2.567542
3840000 1.431282 -2.939670 -2.727018
3850000 1.911503 -2.998469 -2.563057
3860000 1.361550 -2.923193 -2.683607
3870000 2.560686 -3.041959 -2.594330
3880000 2.811800 -2.991473 -2.679932
3890000 3.159078 -2.832892 -2.574329
3900000 4.277510 -3.079930 -2.581804
3910000 4.444515 -2.950353 -2.602158
3920000 4.970464 -2.891178 -2.629625
3930000 4.093342 -3.058017 -2.601461
3940000 4.311924 -2.934101 -2.604752
3950000 4.486584 -3.067658 -2.560678
3960000 3.481064 -2.963331 -2.707925
3970000 4.290676 -3.078282 -2.582706
3980000 4.208078 -2.977365 -2.766573
3990000 4.261271 -3.114327 -2.548364
4000000 3.632833 -2.899592 -2.676722
