100000 1.876390 -3.041715 -2.477111
110000 1.678915 -2.984751 -2.412471
120000 1.776627 -2.967065 -2.275278
130000 1.807746 -2.960150 -2.485277
140000 1.711930 -2.940791 -2.484121
150000 1.476330 -2.955318 -2.401835
160000 1.472189 -2.952351 -2.500154
170000 0.798248 -2.873470 -2.512570
180000 1.309327 -3.096407 -2.319148
190000 1.039793 -2.935651 -2.520515
200000 0.738755 -3.050583 -2.460583
210000 1.378390 -2.924425 -2.484880
220000 1.077966 -2.994407 -2.512703
230000 0.620121 -3.000841 -2.526488
240000 0.881199 -3.050665 -2.563368
250000 1.431472 -2.933035 -2.499057
260000 1.420560 -2.896195 -2.579389
270000 1.256679 -2.880030 -2.436447
280000 0.842568 -3.013996 -2.365524
290000 0.736996 -2.955681 -2.480211
300000 1.085871 -2.932509 -2.313466
310000 0.615823 -3.006635 -2.527494
320000 1.409062 -3.018431 -2.534109
330000 1.216618 -2.992528 -2.374758
340000 1.292670 -2.924470 -2.406653
350000 1.219552 -3.011179 -2.629530
360000 0.806494 -3.077739 -2.523908
370000 0.728932 -3.128382 -2.458369
380000 1.037017 -3.032990 -2.456648
390000 1.018824 -2.914455 -2.330705
400000 1.425359 -2.969743 -2.423550
410000 1.109602 -2.864239 -2.286077
420000 0.592455 -3.068942 -2.420729
430000 0.800722 -2.937465 -2.385121
440000 0.508129 -3.003755 -2.484199
450000 0.876375 -3.014742 -2.476668
460000 0.912373 -2.939217 -2.429041
470000 1.072926 -2.976145 -2.349260
480000 1.374600 -2.889725 -2.498898
490000 1.302631 -2.992269 -2.467502
500000 0.983956 -2.929815 -2.350577
510000 0.879202 -2.890884 -2.546619
520000 1.290337 -2.913048 -2.594645
530000 1.342931 -2.927958 -2.475302
540000 1.335452 -3.023164 -2.336638
550000 1.096426 -3.036906 -2.460888
560000 0.727340 -2.985809 -2.542347
570000 0.735474 -2.863759 -2.517129
580000 0.512610 -2.971926 -2.474265
590000 0.587357 -2.948255 -2.540840
600000 0.586271 -3.049888 -2.451510
610000 0.629547 -2.945885 -2.544762
620000 0.647854 -3.004128 -2.542323
630000 0.725559 -3.053430 -2.572957
640000 0.780262 -2.970219 -2.422004
650000 0.931302 -3.037501 -2.338801
660000 1.144996 -2.900268 -2.314033
670000 1.317541 -2.965963 -2.552124
680000 1.234413 -2.951673 -2.499653
690000 1.108588 -3.005585 -2.439512
700000 0.689890 -3.055156 -2.507566
710000 0.684714 -2.919719 -2.587786
720000 0.874126 -2.964365 -2.562847
730000 1.116340 -2.973640 -2.509610
740000 1.190638 -2.887847 -2.416805
750000 1.024938 -3.005395 -2.456697
760000 0.972427 -2.983633 -2.472518
770000 1.497531 -3.018688 -2.491598
780000 1.239449 -2.934987 -2.539627
790000 1.319089 -2.978816 -2.575130
800000 1.317217 -2.926087 -2.526870
810000 1.321167 -2.958680 -2.278855
820000 1.377764 -2.964343 -2.568439
830000 0.991653 -3.039066 -2.450120
840000 0.803748 -3.018942 -2.530384
850000 0.682899 -2.885465 -2.437456
860000 0.773507 -2.878566 -2.509382
870000 0.853567 -2.927127 -2.510071
880000 0.823981 3.131412 -2.432192
890000 0.822431 -2.954240 -2.506095
900000 0.990558 -2.914589 -2.482513
910000 1.120699 -2.991638 -2.422807
920000 0.811347 -3.063091 -2.445064
930000 1.203445 -2.913630 -2.565715
940000 1.355254 -2.969897 -2.288362
950000 0.892346 -3.023514 -2.568404
960000 1.304045 -2.934863 -2.331298
970000 1.295200 -3.054454 -2.487315
980000 1.110869 -2.974119 -2.276601
990000 0.968027 -2.935091 -2.365451
1000000 0.901464 -2.995307 -2.474216
