100000 3.289081 3.087087 1.031665
110000 2.251705 3.065978 0.812577
120000 2.007646 3.056172 0.942639
130000 3.296535 -3.140871 0.815166
140000 4.057728 -3.057489 0.928284
150000 4.557068 3.096368 0.886582
160000 3.966906 -3.086429 0.824442
170000 4.814856 -3.120515 0.775363
180000 4.602748 -3.067441 0.770028
190000 3.074064 3.106985 0.763176
200000 1.701054 -3.036570 0.948539
210000 1.238193 3.129637 0.893036
220000 1.039856 -3.076583 0.882075
230000 0.940168 -3.136925 0.862652
240000 1.152700 3.112821 0.815559
250000 1.049797 -3.088888 0.926584
260000 1.278223 -3.060728 0.808452
270000 1.053439 3.088535 0.718034
280000 1.741233 -3.081989 0.801027
290000 2.160681 -3.099823 0.758326
300000 2.091012 3.083470 0.866161
310000 3.045694 -3.136971 0.823905
320000 1.879163 3.013182 0.823930
330000 2.159741 -3.123728 0.909831
340000 3.396748 3.063948 0.922115
350000 3.720217 3.081166 0.856270
360000 3.459155 3.131970 0.939158
370000 4.972911 -3.062095 0.908781
380000 4.780737 3.108455 0.834136
390000 4.040017 -3.011152 0.933386
400000 4.581510 3.112707 0.906210
410000 4.810737 3.065171 0.969744
420000 3.714756 -3.080584 0.923480
430000 3.318796 3.138667 0.917649
440000 3.257814 -3.011458 0.866350
450000 1.985612 3.020137 0.806965
460000 1.779503 -3.122576 0.838643
470000 1.723673 3.035169 0.768618
480000 3.813445 3.054065 0.816448
490000 3.854265 2.920872 0.781239
500000 2.803960 -3.112666 0.735928
510000 4.211639 -3.074619 0.900079
520000 4.434179 3.103050 0.901136
530000 4.650282 -3.076991 0.921996
540000 4.988752 -3.135908 0.843166
550000 4.695332 -3.103210 0.797885
560000 4.410149 -3.073971 0.863082
570000 3.187501 -3.099007 0.812907
580000 4.015419 3.121833 0.859302
590000 4.340833 -3.040440 0.784207
600000 3.647068 3.073243 0.797169
610000 3.124932 3.135464 0.756929
620000 2.609814 3.138259 0.955618
630000 2.393887 -2.946960 0.793744
640000 2.192963 -3.070578 0.901748
650000 2.603533 -3.081718 0.866495
660000 1.986354 3.134994 0.861936
670000 1.576890 -3.045287 0.802683
680000 1.327376 -3.111075 0.827663
690000 1.055475 3.098858 0.930003
700000 1.618812 3.100172 0.907059
710000 1.391030 3.130847 0.766708
720000 1.570909 -3.102350 0.937658
730000 1.919424 -3.113682 0.864375
740000 1.595690 3.118426 0.983319
750000 1.694278 3.117937 0.976012
760000 2.113250 3.104711 0.783969
770000 3.169173 -3.089311 0.844720
780000 4.915610 -3.128682 0.956192
790000 4.875247 -3.091853 0.948612
800000 4.006298 3.138503 0.956433
810000 4.381164 3.091416 0.888807
820000 4.914052 3.049386 0.794156
830000 3.977590 -3.092324 0.876608
840000 4.994080 3.039056 0.857095
850000 4.697537 -3.141165 0.870228
860000 3.402654 -3.089822 0.762176
870000 2.866047 2.999606 0.894457
880000 2.914848 -3.106808 0.812064
890000 3.682711 -3.087869 0.917928
900000 3.843222 -3.037302 0.851125
910000 4.903398 3.085177 0.788487
920000 5.025580 -3.090721 0.907652
930000 4.280589 -3.089778 0.788045
940000 4.679578 -3.084615 0.882772
950000 5.024796 -3.100182 0.882814
960000 4.843199 3.095047 0.957385
970000 4.157302 -3.132927 0.932621
980000 4.707961 3.103043 0.904840
990000 3.259870 3.012877 0.954155
1000000 3.624712 3.051646 0.961363
1010000 2.810927 -3.052054 0.851082
1020000 2.133202 -3.084685 0.731406
1030000 2.478424 3.123771 0.865801
1040000 1.972812 3.062146 0.807130
1050000 2.317259 -3.139281 0.831449
1060000 1.495219 -3.113707 0.852664
1070000 1.011901 3.136014 0.907563
1080000 0.858596 3.068299 0.947624
1090000 0.919390 -3.127756 0.747983
1100000 1.022363 -3.134772 1.006610
1110000 0.681550 -3.110024 0.771717
1120000 1.182170 -3.129497 0.891107
1130000 1.304574 3.091381 0.723255
1140000 0.973205 3.121989 0.932852
1150000 1.177607 3.084581 0.761121
1160000 1.052537 3.109325 0.796833
1170000 1.376394 -3.049348 0.897040
1180000 1.583525 -3.131923 0.732361
1190000 1.220159 -3.110990 0.886516
1200000 0.663314 3.132174 0.723968
1210000 0.739597 3.070797 0.758900
1220000 0.802870 3.118248 0.908328
1230000 0.862397 -2.962571 0.877542
1240000 0.972649 -3.063831 0.876505
1250000 1.149214 3.037310 0.696267
1260000 1.275859 3.052122 0.926006
1270000 1.588723 3.102346 0.880619
1280000 1.472917 3.066188 0.833169
1290000 1.585148 2.963669 0.815846
1300000 2.014353 3.024658 0.904423
1310000 2.153541 -3.110923 0.942315
1320000 2.992480 -3.090655 0.865567
1330000 3.534556 3.025783 0.955623
1340000 3.534723 3.124853 0.858294
1350000 2.985889 3.078407 0.890135
1360000 2.906779 -3.050154 0.876489
1370000 2.486687 -3.109673 0.991355
1380000 2.538599 -3.106838 0.829638
1390000 3.278455 -3.139538 0.771779
1400000 3.807113 -3.061351 1.014311
1410000 4.361117 -3.129013 0.991412
1420000 4.481350 -3.016833 0.903721
1430000 4.601313 3.116291 0.860908
1440000 4.193281 -3.103190 1.011266
1450000 3.484229 3.040694 0.823770
1460000 3.194772 -3.094507 0.950514
1470000 4.279408 -3.129480 0.827747
1480000 4.241397 -3.132944 0.900755
1490000 4.817290 -3.047427 0.907808
1500000 4.017032 3.121139 0.871982
1510000 4.123072 3.121524 0.893460
1520000 3.358220 -3.128478 0.899074
1530000 2.493415 -3.107356 0.936232
1540000 2.817226 -3.095056 0.962797
1550000 2.161831 3.117480 0.819081
1560000 1.647371 -3.040790 1.040336
1570000 2.363229 -3.098801 0.913171
1580000 3.184917 -3.018736 0.828067
1590000 3.563131 3.068328 0.867651
1600000 3.031388 -3.088487 0.863203
1610000 2.504626 -3.099978 1.001757
1620000 3.185069 3.136997 0.855396
1630000 2.725981 3.106277 0.721673
1640000 2.196754 3.125306 0.941377
1650000 1.925863 -3.113741 0.965621
1660000 1.882908 3.106836 0.873381
1670000 2.083273 -3.084807 0.895522
1680000 2.692587 3.131339 0.858605
1690000 3.270675 3.132068 0.840838
1700000 3.896685 -3.086166 0.808168
1710000 4.099718 -3.065842 0.938990
1720000 4.181918 3.060855 0.863401
1730000 4.724715 -3.059424 0.794766
1740000 4.628900 -3.070328 0.827970
1750000 4.799344 3.113396 0.856960
1760000 3.765722 3.101843 0.872381
1770000 4.870961 -3.049619 0.828653
1780000 4.913232 -3.022019 0.754649
1790000 4.771417 3.048100 0.942942
1800000 4.064449 3.135877 0.821722
1810000 3.315213 -3.043967 0.876547
1820000 3.915117 3.072218 0.822946
1830000 3.852810 -3.052436 0.926470
1840000 2.913515 3.111356 0.825731
1850000 2.476310 -3.081924 0.999985
1860000 2.008806 -3.071329 0.948653
1870000 1.629910 3.069563 0.813103
1880000 1.896124 3.054948 0.914825
1890000 1.702699 -3.055921 0.874612
1900000 1.726837 -3.065894 0.847289
1910000 1.300076 2.990276 0.944241
1920000 1.147742 -3.052522 0.898410
1930000 1.227884 3.087290 0.922662
1940000 0.856228 -3.111879 0.892230
1950000 0.703208 3.021435 0.899668
1960000 0.578956 -3.098311 0.758779
1970000 0.858647 -3.132485 0.990277
1980000 0.772242 -3.051716 0.847956
1990000 0.512133 3.115675 0.876715
2000000 1.243974 -2.932267 1.003602
2010000 1.232249 3.107553 0.770135
2020000 1.071947 3.095184 0.874797
2030000 1.264988 3.067380 0.837595
2040000 1.244056 3.123748 0.768088
2050000 0.921790 3.076454 0.899174
2060000 1.449216 3.123288 0.942851
2070000 1.683580 3.137971 0.943262
2080000 1.498522 -3.121655 0.842817
2090000 1.955473 3.133113 0.879158
2100000 1.818149 -3.135705 0.833399
2110000 1.868073 -2.993764 0.737013
2120000 1.587537 -3.130206 0.870343
2130000 1.342045 3.099286 0.932708
2140000 1.104837 -3.129248 1.005710
2150000 0.615941 -3.045919 0.805863
2160000 0.818131 -3.120080 0.967861
2170000 0.988587 -3.104956 0.900416
2180000 0.711510 -3.069125 0.956763
2190000 0.769119 -3.068372 0.938704
2200000 0.765440 -3.127688 1.144598
2210000 1.250513 -3.140540 0.844519
2220000 1.297649 -3.118188 1.006099
2230000 1.409940 -3.137625 0.975065
2240000 1.197174 -3.048309 0.813887
2250000 1.099330 -3.079988 0.839644
2260000 1.157986 -3.060724 0.815398
2270000 1.083550 3.138567 0.835560
2280000 1.258223 3.114259 1.030129
2290000 1.296715 2.980489 0.842859
2300000 1.458569 -3.135691 0.969897
2310000 1.527357 3.031859 0.888783
2320000 1.715666 3.079025 0.805710
2330000 2.174952 3.102076 0.948998
2340000 2.300700 3.111614 0.959174
2350000 2.669391 -2.999750 0.868223
2360000 3.061319 -3.065988 0.929917
2370000 2.986243 3.075104 0.880956
2380000 2.899732 3.084968 0.911907
2390000 3.769034 3.117718 0.947728
2400000 4.411271 3.128141 0.937258
2410000 5.003020 3.106521 0.783793
2420000 4.205600 -3.138178 0.880855
2430000 3.831428 3.007238 0.970184
2440000 3.303883 3.086744 0.816340
2450000 3.839204 2.954370 0.844167
2460000 4.263104 -3.128403 0.867275
2470000 4.390294 3.135431 0.927312
2480000 3.739871 3.133094 0.905920
2490000 3.000987 -3.090278 0.899245
2500000 3.026729 3.040868 0.967840
2510000 2.992180 3.073278 0.840393
2520000 2.671403 -3.067337 0.919108
2530000 4.036190 -3.038932 0.820015
2540000 4.636564 -3.089204 0.798098
2550000 4.449677 -3.125786 0.830574
2560000 4.856869 -3.079055 0.854332
2570000 5.034583 3.105193 0.961424
2580000 4.121651 -3.080480 0.801197
2590000 4.160210 -3.124464 0.865397
2600000 3.505104 3.069005 0.912980
2610000 2.961406 3.110666 0.792381
2620000 2.981968 -3.107365 1.000748
2630000 2.630043 3.107194 0.951040
2640000 2.194486 -3.139825 0.815549
2650000 2.379193 -3.129194 0.914256
2660000 2.553829 3.119913 0.976833
2670000 1.939465 -3.100802 0.910759
2680000 3.299403 3.063453 0.884214
2690000 3.271481 3.091337 0.900067
2700000 3.872384 3.084044 0.839493
2710000 3.871736 3.121652 0.861519
2720000 4.311068 -3.082859 0.900634
2730000 4.469620 -3.016089 0.786056
2740000 4.904368 -3.056420 1.017953
2750000 4.495942 -3.089089 0.963350
2760000 4.103170 3.039771 0.956833
2770000 3.200935 3.126802 0.828722
2780000 4.036643 -3.136062 0.817875
2790000 4.094118 -3.119376 0.952485
2800000 2.884201 -3.107120 0.887281
2810000 2.851933 -3.128452 0.833371
2820000 2.107347 -3.096276 0.910861
2830000 2.747395 3.072047 0.900770
2840000 2.386182 3.067769 0.924800
2850000 2.321251 3.129340 0.882777
2860000 2.655291 -3.129097 0.790729
2870000 2.384818 3.044084 0.886228
2880000 2.197665 3.053791 0.837003
2890000 2.933781 3.075662 0.934752
2900000 2.529153 -3.123925 0.940400
2910000 3.034804 3.018093 0.818041
2920000 3.477484 3.067209 0.953141
2930000 2.827626 -3.116727 0.804770
2940000 3.630564 -3.043531 0.857026
2950000 3.681123 3.070970 0.863915
2960000 3.300152 -3.132397 0.982033
2970000 3.793719 -3.088787 0.794323
2980000 4.366704 3.133620 0.870806
2990000 4.838713 3.091732 0.886257
3000000 4.652443 3.054320 1.038494
3010000 4.656114 -3.029922 0.939318
3020000 4.435371 -3.127144 0.852752
3030000 3.848633 -3.073058 0.869278
3040000 4.028459 -3.100419 0.844311
3050000 4.113423 -3.086511 0.842961
3060000 4.131827 3.110218 0.781513
3070000 4.438191 -3.100902 0.801801
3080000 4.838037 -3.062616 0.951242
3090000 4.217194 3.116337 0.874724
3100000 3.313453 3.135722 0.875504
3110000 3.230493 2.982236 0.934093
3120000 2.639234 2.978575 0.903415
3130000 3.025842 3.058006 0.920097
3140000 3.436281 3.054943 0.902116
3150000 3.050683 3.112244 0.936182
3160000 3.692601 3.111900 0.945780
3170000 2.884603 -3.064853 0.926354
3180000 2.582354 -3.029982 0.853596
3190000 2.467052 3.107517 0.952322
3200000 2.232082 -3.034743 0.835876
3210000 2.145481 3.101406 0.799821
3220000 1.788151 3.098854 0.949223
3230000 2.677078 -3.095075 0.834712
3240000 2.100417 -3.135373 0.896419
3250000 2.741385 -3.109404 0.825794
3260000 2.661116 -3.036425 0.957800
3270000 3.950156 2.951925 0.903957
3280000 4.542075 -3.077937 0.942279
3290000 4.433411 3.120587 0.904077
3300000 4.125533 -3.078396 0.992885
3310000 4.164503 -3.139588 0.954547
3320000 3.781895 -3.141390 0.867281
3330000 2.681754 3.085261 0.875494
3340000 3.715110 -3.039507 0.951420
3350000 3.438875 -3.097008 0.835276
3360000 3.494660 -3.015465 0.833167
3370000 3.776132 3.137648 0.913026
3380000 3.573157 -3.129601 0.944314
3390000 3.988623 -3.093507 0.860714
3400000 3.011120 -3.099183 0.991425
3410000 2.008668 -3.061208 0.796593
3420000 2.105403 3.059564 0.844486
3430000 2.016670 -3.077638 0.798667
3440000 1.544984 -3.045060 0.785721
3450000 1.603217 3.103196 0.740436
3460000 2.189334 3.071107 0.775553
3470000 2.021925 -3.118699 0.878972
3480000 1.503462 2.989192 0.830578
3490000 1.687351 -2.999553 0.796596
3500000 2.126403 -3.130349 0.917199
3510000 1.610188 2.974962 0.907416
3520000 1.802205 -3.091527 0.849237
3530000 1.795878 3.077807 0.849587
3540000 2.134820 3.072421 0.749607
3550000 1.836875 3.105436 0.813451
3560000 2.407564 3.112524 0.955909
3570000 2.809531 3.101723 0.950999
3580000 3.299969 -3.071436 0.882386
3590000 2.665479 -3.113407 0.745276
3600000 2.521114 -2.964084 0.841522
3610000 3.259993 3.116891 0.879023
3620000 4.634488 -3.089375 0.786250
3630000 4.586182 3.114583 0.802046
3640000 4.120829 -3.080065 0.973412
3650000 3.389447 2.995496 0.852669
3660000 2.968398 3.125845 0.758371
3670000 2.718533 -3.108404 0.839006
3680000 1.890424 3.078823 0.980309
3690000 2.003303 3.133196 0.594798
3700000 2.143766 3.135144 0.909877
3710000 2.963677 -3.137490 0.881591
3720000 3.190422 3.117576 0.950976
3730000 3.869103 -3.106798 0.899730
3740000 3.836698 3.123770 0.883065
3750000 4.474404 3.139339 0.925985
3760000 4.487458 3.089952 0.936382
3770000 4.793400 3.069512 0.917754
3780000 4.584819 -3.136359 0.743685
3790000 4.055690 3.062687 0.938494
3800000 4.109593 3.125981 0.806944
3810000 4.140966 3.075957 0.970632
3820000 4.952308 -3.135986 0.857223
3830000 4.659156 3.129499 0.827386
3840000 4.941633 -3.056755 0.760859
3850000 4.003046 -3.088763 0.821780
3860000 4.328712 3.085184 0.976795
3870000 3.292719 -3.080958 0.759824
3880000 3.729672 3.111272 0.968468
3890000 3.540562 3.081787 0.879616
3900000 2.743610 3.091943 0.824125
3910000 2.878227 -2.990840 0.920281
3920000 2.681085 3.100125 0.838438
3930000 3.648832 3.123581 0.887555
3940000 4.870134 3.131362 0.966157
3950000 4.615958 -3.082825 0.846283
3960000 4.251913 3.043520 0.809624
3970000 3.678762 -3.127171 0.951547
3980000 4.075023 -3.104728 0.963229
3990000 4.910257 -3.140388 0.810341
4000000 4.979624 3.066379 1.014344
