100000 4.703709 -2.955641 -2.397028
110000 4.737273 -2.887522 -2.245041
120000 4.865174 -2.900898 -2.207692
130000 4.255346 -2.907591 -2.296970
140000 4.466638 -2.971913 -2.334608
150000 4.289005 -2.899364 -2.369675
160000 3.679455 -3.071821 -2.125494
170000 4.681265 -2.979316 -2.266117
180000 4.981217 -3.050905 -2.276986
190000 4.910033 -3.059131 -2.183217
200000 4.337567 -2.967253 -2.308389
210000 4.012940 -3.046342 -2.335919
220000 3.782454 -2.946601 -2.384990
230000 4.083232 -2.940506 -2.312579
240000 4.342639 -3.012391 -2.268979
250000 3.882842 -2.976906 -2.227958
260000 4.054597 -3.011872 -2.254385
270000 3.410576 -2.889772 -2.261101
280000 3.084519 -2.861841 -2.415302
290000 3.020226 -2.936645 -2.171663
300000 3.440286 -3.083474 -2.255938
310000 3.851044 -2.915004 -2.391276
320000 4.002051 -3.057114 -2.257438
330000 4.551508 -2.873315 -2.175192
340000 4.832826 -2.987051 -2.346168
350000 3.736711 -3.109274 -2.223134
360000 3.991958 -2.874266 -2.286045
370000 4.610762 -2.883909 -2.423169
380000 4.481491 -2.996577 -2.343457
390000 4.062216 -3.090200 -2.156871
400000 3.422237 -2.997609 -2.373165
410000 4.069956 -2.971057 -2.263947
420000 4.836693 -3.028573 -2.169985
430000 3.635598 -2.970762 -2.256373
440000 3.658152 -2.946807 -2.421413
450000 3.048392 -2.881034 -2.329556
460000 2.943131 -3.016623 -2.285169
470000 2.968411 -2.999936 -2.260575
480000 2.871599 -2.980502 -2.284158
490000 2.617642 -2.979167 -2.340551
500000 2.879362 -2.985267 -2.242770
510000 3.263763 -3.032111 -2.106049
520000 4.203201 -2.976452 -2.329640
530000 3.415456 -3.001946 -2.301065
540000 3.003073 -2.968644 -2.257551
550000 2.988674 -2.955964 -2.320266
560000 2.582485 -2.911796 -2.306841
570000 3.328534 -2.991637 -2.228115
580000 3.737156 -2.907381 -2.196001
590000 3.190370 -3.086813 -2.232554
600000 3.055677 -2.875022 -2.199902
610000 2.642648 -2.892554 -2.209089
620000 2.673261 -3.034238 -2.257717
630000 3.605607 -2.894145 -2.297900
640000 3.146760 -3.023358 -2.260677
650000 3.891157 -3.056618 -2.254207
660000 4.343836 -3.007117 -2.204175
670000 4.741515 -2.952779 -2.213899
680000 4.727706 -2.898206 -2.336854
690000 4.543318 -2.914810 -2.366248
700000 3.706849 -2.933540 -2.222752
710000 4.514392 -2.906691 -2.441652
720000 4.628686 -2.897559 -2.139390
730000 4.574996 -2.954627 -2.220438
740000 4.567906 -3.041136 -2.252415
750000 4.597248 -3.081875 -2.293294
760000 4.852162 -2.912384 -2.370754
770000 4.830485 -2.918831 -2.226632
780000 4.554107 -2.882400 -2.264962
790000 4.720566 -2.949737 -2.132017
800000 4.524574 -2.877374 -2.157353
810000 4.126921 -2.990347 -2.281942
820000 3.744112 -3.057749 -2.372664
830000 2.921916 -2.983922 -2.160074
840000 3.392048 -2.949508 -2.382113
850000 3.262691 -2.764440 -2.267336
860000 2.879095 -2.971273 -2.278236
870000 3.027578 -2.890226 -2.299962
880000 3.405286 -3.018461 -2.310272
890000 4.624026 -3.138848 -2.252683
900000 4.081767 -2.953061 -2.389021
910000 4.619836 -2.991363 -2.255190
920000 3.815291 -2.901577 -2.222085
930000 4.363058 -2.933656 -2.239116
940000 4.861693 -2.970131 -2.245953
950000 4.641180 -2.819740 -2.210739
960000 4.858807 -2.899086 -2.185866
970000 4.400106 -2.960964 -2.208221
980000 4.991117 -2.978648 -2.329132
990000 4.219033 -2.940436 -2.241863
1000000 4.265337 -3.025397 -2.239189
