100000 4.490644 -2.875559 -1.634129
110000 4.841985 -2.881872 -1.742358
120000 4.260647 -2.948898 -1.810468
130000 3.787851 -3.054839 -1.922497
140000 3.086649 -3.070529 -1.744735
150000 3.271723 -3.043392 -1.710333
160000 3.006951 -2.972236 -1.686337
170000 3.125976 -2.922587 -1.725313
180000 2.539660 -2.965463 -1.723216
190000 2.720506 -3.017208 -1.812052
200000 3.296965 -2.972503 -1.792044
210000 3.643354 -2.874197 -1.713770
220000 2.871470 -3.063823 -1.763545
230000 3.602619 -2.901224 -1.722282
240000 3.312597 -2.978988 -1.820649
250000 3.302325 -2.932098 -1.659928
260000 3.893835 -2.891718 -1.723692
270000 4.109684 -3.055278 -1.773001
280000 4.454925 -2.968562 -1.737165
290000 4.451695 -2.895987 -1.709039
300000 4.992754 -2.978981 -1.800353
310000 4.478318 -2.977364 -1.711339
320000 4.232930 -2.881710 -1.776675
330000 3.346199 -3.035747 -1.729911
340000 2.771199 -3.068178 -1.794519
350000 3.451820 -2.972156 -1.787174
360000 3.132894 -2.966909 -1.735279
370000 2.894545 -3.002465 -1.695085
380000 2.468392 -3.009667 -1.780601
390000 2.568500 -2.993799 -1.759915
400000 3.020227 -2.870512 -1.627315
410000 2.740532 -2.859048 -1.752214
420000 3.020623 -2.966181 -1.783408
430000 3.357004 -2.984422 -1.712363
440000 3.611586 -2.897741 -1.816116
450000 3.006305 -3.049536 -1.761109
460000 2.463442 -3.015856 -1.779927
470000 3.220278 -3.007482 -1.663974
480000 2.934767 -2.875436 -1.769342
490000 2.344043 -2.865838 -1.829348
500000 2.655024 -2.993666 -1.763985
510000 2.974034 -2.825344 -1.685042
520000 2.573440 -2.820966 -1.792398
530000 2.742180 -2.943506 -1.821839
540000 2.974664 -2.838575 -1.779797
550000 3.668701 -2.941421 -1.733559
560000 4.063863 -2.881921 -1.648572
570000 4.307820 -3.010155 -1.743194
580000 4.563039 -2.917417 -1.674898
590000 4.386209 -3.045629 -1.729211
600000 3.857435 -2.960036 -1.688510
610000 3.778796 -2.789604 -1.641270
620000 3.853424 -2.969491 -1.798982
630000 3.023679 -2.973214 -1.844721
640000 2.623934 -3.071557 -1.656014
650000 3.084598 -2.970961 -1.846574
660000 2.528794 -2.955908 -1.724567
670000 2.041580 -2.911495 -1.698110
680000 2.849789 -3.051833 -1.781791
690000 2.779277 -2.947033 -1.773823
700000 2.821336 -2.961731 -1.675645
710000 2.742611 -3.051622 -1.866160
720000 2.453091 -2.803646 -1.879080
730000 1.844387 -3.051202 -1.814329
740000 2.275772 -2.899288 -1.669701
750000 2.671672 -3.006519 -1.649408
760000 3.310734 -2.996797 -1.741937
770000 3.672397 -3.050193 -1.926864
780000 3.722050 -2.834608 -1.841324
790000 3.096804 -3.050979 -1.757920
800000 4.163880 -2.891844 -1.714649
810000 4.663851 -2.925415 -1.630563
820000 4.218538 -2.957055 -1.812521
830000 2.995034 -2.996103 -1.700427
840000 2.889744 -2.987872 -1.709611
850000 3.349796 -3.015996 -1.838068
860000 3.340067 -2.841370 -1.662224
870000 2.063846 -3.042075 -1.765485
880000 3.007715 -3.050234 -1.849218
890000 2.091087 -2.889356 -1.756153
900000 2.821217 -2.912681 -1.727932
910000 2.883925 -3.065414 -1.824935
920000 2.334016 -3.070147 -1.739954
930000 2.332455 -3.061912 -1.735868
940000 3.398722 -2.951965 -1.756391
950000 4.127838 -3.024006 -1.806582
960000 4.081095 -3.072172 -1.857121
970000 4.060091 -2.919887 -1.729773
980000 3.707488 -2.937519 -1.770731
990000 3.224113 -2.895894 -1.748973
1000000 3.038673 -2.972513 -1.709866
