100000 4.812609 -2.936753 -2.819909
110000 4.676498 -2.885933 -2.781080
120000 5.080745 -2.766680 -2.743752
130000 4.918936 -2.741609 -2.782252
140000 4.792791 -2.814236 -2.790845
150000 4.770800 -2.942034 -2.804090
160000 4.255621 -2.751035 -2.730902
170000 4.218063 -2.639723 -2.739180
180000 4.303862 -2.878313 -2.822125
190000 3.957769 -2.701840 -2.703282
200000 4.000241 -2.738973 -2.787185
210000 3.368891 -2.789494 -2.849438
220000 3.731217 -2.792084 -2.755146
230000 4.715217 -2.747669 -2.925284
240000 4.940431 -2.754282 -2.838533
250000 2.882289 -2.817170 -2.781027
260000 3.531153 -2.983609 -2.711203
270000 3.531101 -2.835108 -2.744754
280000 4.402773 -2.857574 -2.751407
290000 3.163631 -2.900379 -2.749147
300000 3.574106 -2.779089 -2.741747
310000 3.274908 -2.687891 -2.777559
320000 2.822317 -2.758748 -2.842699
330000 2.557958 -2.634799 -2.897764
340000 2.868964 -2.863964 -2.801975
350000 2.730014 -2.699454 -3.038563
360000 3.622162 -2.837972 -2.821377
370000 3.057597 -2.861561 -2.756202
380000 2.865150 -2.836318 -2.807714
390000 2.815460 -2.820303 -2.706533
400000 3.597336 -2.725931 -2.734539
410000 4.365643 -2.746739 -2.759394
420000 4.154490 -2.889396 -2.800670
430000 4.440618 -2.738933 -2.618070
440000 4.584019 -2.717183 -2.797389
450000 4.048115 -2.867814 -2.810783
460000 4.289635 -2.790089 -2.871699
470000 4.684546 -2.806938 -2.689986
480000 4.080619 -2.875154 -2.904679
490000 3.227790 -2.793618 -2.755052
500000 2.961299 -2.776029 -2.862822
510000 2.428932 -2.834397 -2.867164
520000 2.186640 -2.775098 -2.836546
530000 2.020319 -2.772262 -2.919571
540000 2.129940 -2.836963 -2.819169
550000 1.791762 -2.936930 -2.795490
560000 1.623146 -2.715853 -2.845992
570000 2.084184 -2.709883 -2.830192
580000 2.448306 -2.828980 -2.867983
590000 2.891662 -2.740868 -2.735969
600000 3.126203 -2.780868 -2.836415
610000 3.402254 -2.854331 -2.828597
620000 3.462775 -2.715504 -2.789066
630000 3.030692 -2.824772 -2.777945
640000 3.363837 -2.777852 -2.714798
650000 3.356478 -2.619762 -2.754687
660000 2.633654 -3.019376 -2.730122
670000 2.446022 -2.885266 -2.864647
680000 2.397095 -2.796163 -2.770982
690000 2.917424 -2.796431 -2.732982
700000 3.389455 -2.805737 -2.835245
710000 3.345264 -2.824636 -2.908802
720000 2.844519 -2.800198 -2.819804
730000 3.351429 -2.794841 -2.898893
740000 3.822725 -2.782874 -2.828004
750000 4.773199 -2.915328 -2.719219
760000 3.785986 -2.797128 -2.709579
770000 3.760561 -2.651892 -2.834997
780000 3.824974 -2.795376 -2.757999
790000 4.275899 -2.828309 -2.757583
800000 4.410919 -2.851684 -2.950716
810000 3.617447 -2.754533 -2.765432
820000 3.757321 -2.718556 -2.656148
830000 3.918065 -2.742090 -2.724901
840000 4.176178 -2.861657 -2.745582
850000 3.454748 -2.684806 -2.861111
860000 3.820096 -2.827805 -2.808600
870000 3.151410 -2.885732 -2.805158
880000 3.403914 -2.781060 -2.817471
890000 3.686102 -2.828599 -2.895663
900000 3.736736 -2.979133 -2.780326
910000 4.781185 -2.786325 -2.732806
920000 5.024505 -2.652307 -2.671820
930000 4.423010 -2.808968 -2.672197
940000 4.637393 -2.924726 -2.759216
950000 3.537983 -2.821581 -2.682544
960000 4.765121 -2.845457 -2.791399
970000 4.676707 -2.679089 -2.941281
980000 4.777830 -2.886935 -2.677641
990000 5.026677 -2.816260 -2.692021
1000000 4.643710 -2.651229 -2.810255
