100000 2.139936 -2.603205 -2.516825
110000 2.667413 -2.584647 -2.602093
120000 1.698065 -2.596861 -2.711742
130000 1.810462 -2.522872 -2.592303
140000 2.271349 -2.661276 -2.685563
150000 2.036016 -2.604442 -2.587819
160000 1.622304 -2.554257 -2.647880
170000 0.917907 -2.622406 -2.556493
180000 0.774168 -2.723984 -2.724651
190000 0.811179 -2.701396 -2.539337
200000 1.316647 -2.724476 -2.598954
210000 0.969108 -2.632073 -2.685169
220000 1.367240 -2.656389 -2.556993
230000 0.733223 -2.622065 -2.733300
240000 1.128956 -2.507787 -2.617505
250000 1.091722 -2.648914 -2.659305
260000 0.716807 -2.642990 -2.740459
270000 0.782664 -2.584882 -2.582200
280000 0.706481 -2.553357 -2.732372
290000 1.009236 -2.544117 -2.657254
300000 0.799659 -2.646264 -2.582843
310000 0.970209 -2.632928 -2.618179
320000 1.308627 -2.618507 -2.564451
330000 0.889302 -2.619219 -2.662612
340000 0.499416 -2.731339 -2.937064
350000 0.511977 -2.645721 -2.616153
360000 0.914900 -2.462879 -2.615594
370000 1.229633 -2.595783 -2.598447
380000 0.963882 -2.697008 -2.819247
390000 1.118154 -2.704558 -2.655217
400000 0.759044 -2.599100 -2.519714
410000 1.054490 -2.551744 -2.653574
420000 0.988223 -2.667329 -2.622263
430000 1.294666 -2.620785 -2.581610
440000 0.884897 -2.620733 -2.700285
450000 1.130724 -2.611718 -2.625483
460000 1.358627 -2.749177 -2.573695
470000 1.434025 -2.596291 -2.538682
480000 0.896985 -2.605015 -2.702832
490000 0.630124 -2.737707 -2.651696
500000 0.885004 -2.592339 -2.580164
510000 1.206067 -2.587534 -2.564893
520000 1.077107 -2.548069 -2.701605
530000 0.958097 -2.544430 -2.679473
540000 0.498940 -2.658377 -2.701091
550000 0.677400 -2.688280 -2.658062
560000 0.871114 -2.647980 -2.702471
570000 1.201924 -2.541639 -2.589943
580000 1.380803 -2.461070 -2.534442
590000 1.238325 -2.581095 -2.536214
600000 0.984945 -2.622318 -2.635967
610000 1.026339 -2.487989 -2.556453
620000 0.947387 -2.581424 -2.675792
630000 0.722143 -2.605710 -2.680671
640000 0.806681 -2.588254 -2.620501
650000 0.586484 -2.615535 -2.682411
660000 0.775612 -2.661884 -2.609635
670000 0.502813 -2.616767 -2.715642
680000 0.603238 -2.691291 -2.610093
690000 0.589862 -2.726960 -2.672682
700000 0.499949 -2.649193 -2.806400
710000 1.252620 -2.769260 -2.583319
720000 1.182425 -2.678662 -2.703801
730000 1.290931 -2.581267 -2.594791
740000 1.311499 -2.492911 -2.647983
750000 1.166425 -2.630859 -2.596915
760000 1.045890 -2.707998 -2.620637
770000 1.171592 -2.436790 -2.584138
780000 0.957962 -2.644706 -2.502022
790000 1.224816 -2.671406 -2.753498
800000 0.958811 -2.525040 -2.562855
810000 0.893158 -2.515101 -2.665541
820000 1.086520 -2.660132 -2.654423
830000 1.220913 -2.755250 -2.523375
840000 0.771710 -2.663956 -2.698238
850000 0.798293 -2.548438 -2.571337
860000 0.888388 -2.609660 -2.630426
870000 0.809623 -2.691852 -2.732243
880000 0.946701 -2.542542 -2.672197
890000 0.500710 -2.663244 -2.716411
900000 0.712183 -2.724987 -2.518237
910000 0.852530 -2.606966 -2.602647
920000 1.082091 -2.721709 -2.565524
930000 1.149624 -2.653852 -2.625143
940000 1.342414 -2.626231 -2.707876
950000 1.402317 -2.653243 -2.591306
960000 1.125053 -2.635816 -2.644261
970000 1.438837 -2.556286 -2.789529
980000 1.450672 -2.602214 -2.658323
990000 1.436835 -2.713571 -2.504185
1000000 1.233343 -2.604141 -2.653936
