100000 1.069778 2.627663 -1.030634
110000 1.389593 2.648400 -0.953990
120000 2.368936 2.719000 -1.072772
130000 2.834438 2.596842 -0.976311
140000 3.998861 2.545398 -1.033320
150000 4.209477 2.541517 -1.094031
160000 4.058137 2.596384 -0.970453
170000 2.485980 2.724988 -1.028755
180000 3.468795 2.600840 -1.107427
190000 2.655663 2.611101 -1.134163
200000 2.328067 2.600826 -1.019431
210000 1.900866 2.584605 -1.022394
220000 1.304518 2.648927 -0.954997
230000 1.666946 2.613629 -1.122278
240000 2.011256 2.503610 -1.091704
250000 2.647478 2.652563 -1.104097
260000 2.850627 2.618359 -1.171235
270000 3.820786 2.630284 -0.977764
280000 4.000439 2.625516 -1.148465
290000 4.565004 2.717609 -1.019877
300000 4.580736 2.532662 -1.044503
310000 4.911524 2.583101 -1.083034
320000 4.914869 2.612448 -0.929107
330000 4.729555 2.697937 -1.030389
340000 4.205887 2.608580 -1.001641
350000 3.397818 2.500582 -0.991561
360000 3.800400 2.519372 -1.131415
370000 3.318913 2.588949 -1.159144
380000 2.612128 2.711441 -1.168227
390000 3.396453 2.565251 -1.021963
400000 2.229073 2.653225 -1.084254
410000 1.863016 2.743342 -1.078733
420000 1.958650 2.610153 -1.115478
430000 2.266109 2.524925 -1.095969
440000 1.515040 2.701261 -1.033383
450000 1.191340 2.548366 -0.957733
460000 1.090952 2.576410 -1.061358
470000 0.878070 2.631237 -1.091201
480000 0.807857 2.789152 -0.969641
490000 1.218522 2.661620 -1.182401
500000 0.867901 2.691556 -1.201178
510000 1.010568 2.669775 -1.175356
520000 1.519532 2.574410 -0.988563
530000 1.191965 2.700624 -1.063016
540000 1.426692 2.595671 -1.086090
550000 1.800536 2.693462 -0.908354
560000 1.951043 2.524724 -1.014739
570000 2.529759 2.528228 -0.986601
580000 3.392816 2.646367 -1.150862
590000 4.368799 2.630890 -0.934454
600000 4.304252 2.774266 -1.100915
610000 4.897874 2.693139 -1.170396
620000 4.025415 2.677792 -1.060325
630000 3.329181 2.594168 -1.063329
640000 3.150468 2.613260 -1.071527
650000 2.926103 2.649239 -1.154002
660000 2.254816 2.545743 -0.994419
670000 1.569636 2.726401 -1.121794
680000 2.055672 2.605863 -0.997804
690000 2.374433 2.722587 -0.868238
700000 3.428394 2.608644 -1.010217
710000 4.140427 2.556753 -0.927810
720000 4.379273 2.573058 -1.137975
730000 4.644832 2.545713 -1.091041
740000 4.734284 2.555243 -1.041987
750000 4.355608 2.748824 -1.022183
760000 3.918054 2.565604 -1.015178
770000 2.981039 2.501864 -0.983942
780000 3.948246 2.695851 -1.093838
790000 4.624340 2.617688 -1.126453
800000 3.823505 2.537653 -0.920685
810000 4.074934 2.707633 -0.940394
820000 4.102267 2.645485 -1.095590
830000 3.890383 2.702697 -1.196194
840000 3.146273 2.572915 -1.159476
850000 3.131321 2.699077 -1.108635
860000 2.419121 2.711877 -1.125360
870000 2.143210 2.801653 -1.097399
880000 1.847697 2.519283 -1.065425
890000 2.224711 2.736969 -1.045366
900000 1.763987 2.659891 -1.060098
910000 1.239857 2.536163 -1.091177
920000 1.051695 2.684060 -1.061293
930000 0.954132 2.622929 -0.844581
940000 0.558231 2.680609 -1.137777
950000 0.682154 2.476338 -0.948366
960000 0.807559 2.454828 -1.147286
970000 1.239183 2.701367 -1.180535
980000 1.078519 2.647414 -1.043748
990000 1.543530 2.580131 -1.155222
1000000 2.108266 2.645526 -1.141431
1010000 2.605586 2.619050 -1.085358
1020000 2.913525 2.623910 -1.108766
1030000 3.746136 2.559817 -1.093093
1040000 4.844144 2.510902 -1.023235
1050000 4.487415 2.798373 -1.011088
1060000 4.912630 2.545175 -0.938069
1070000 4.689353 2.612623 -1.062771
1080000 3.974584 2.681766 -1.173665
1090000 4.146496 2.468026 -1.032699
1100000 3.384925 2.669589 -1.055412
1110000 2.985270 2.604142 -1.125399
1120000 3.636529 2.685762 -0.943361
1130000 3.824284 2.554807 -1.262173
1140000 3.657894 2.580114 -1.030953
1150000 3.685130 2.621101 -1.036469
1160000 4.961421 2.689523 -1.082282
1170000 4.842834 2.569406 -1.043837
1180000 4.853358 2.542537 -1.080225
1190000 4.120032 2.635364 -0.962493
1200000 4.377781 2.644075 -1.134664
1210000 3.428635 2.599493 -1.083158
1220000 2.563559 2.571536 -0.949330
1230000 2.126511 2.740622 -1.220706
1240000 1.671818 2.488585 -1.138245
1250000 1.545627 2.646117 -1.158872
1260000 1.223239 2.491695 -1.075647
1270000 0.940724 2.751190 -0.983676
1280000 1.146998 2.703672 -1.114203
1290000 1.268965 2.671813 -0.960670
1300000 0.743956 2.683891 -1.139855
1310000 0.949578 2.595478 -1.043194
1320000 1.203534 2.630140 -1.000974
1330000 1.435427 2.666973 -1.071760
1340000 1.551370 2.688020 -0.936511
1350000 2.034978 2.639942 -1.079894
1360000 2.434345 2.526004 -0.991648
1370000 2.798030 2.716513 -1.077885
1380000 2.913846 2.589680 -0.958997
1390000 3.300515 2.574422 -1.109915
1400000 2.534936 2.610639 -1.005982
1410000 1.930545 2.636234 -1.036583
1420000 3.453359 2.733041 -0.808151
1430000 3.992772 2.507626 -1.202707
1440000 4.286067 2.635688 -1.221556
1450000 4.768341 2.627426 -0.960105
1460000 4.721113 2.703162 -1.214593
1470000 5.001238 2.548451 -1.042886
1480000 4.916268 2.700657 -1.193531
1490000 4.315539 2.544613 -1.086444
1500000 3.065475 2.562925 -1.029836
1510000 3.321629 2.662905 -1.174344
1520000 2.236833 2.556084 -1.064856
1530000 2.601600 2.519830 -1.117630
1540000 1.911325 2.638554 -1.105502
1550000 2.296577 2.619065 -1.092577
1560000 1.855366 2.596708 -0.989527
1570000 1.658214 2.607551 -0.947279
1580000 2.878694 2.657863 -1.005981
1590000 3.501593 2.631963 -0.974633
1600000 3.389212 2.692527 -0.820139
1610000 3.890689 2.657136 -1.037696
1620000 3.765162 2.525288 -1.064192
1630000 5.010593 2.690056 -0.970446
1640000 4.158641 2.629198 -1.112911
1650000 3.707873 2.588495 -0.955596
1660000 3.143046 2.632096 -1.088624
1670000 3.212782 2.673907 -1.120798
1680000 2.979667 2.691208 -1.109177
1690000 2.027864 2.610771 -1.066029
1700000 1.645940 2.517314 -0.985263
1710000 1.738237 2.393632 -1.052545
1720000 2.055359 2.612963 -0.955449
1730000 1.113311 2.503233 -1.037266
1740000 1.029893 2.630299 -1.136476
1750000 0.649993 2.596455 -1.155550
1760000 0.742898 2.813920 -1.113536
1770000 0.499179 2.480898 -0.990516
1780000 0.829572 2.675830 -0.983968
1790000 0.724878 2.694146 -1.024272
1800000 0.721898 2.684356 -1.009989
1810000 0.952869 2.614118 -1.016272
1820000 1.000640 2.620993 -0.980564
1830000 1.385205 2.669050 -0.969251
1840000 1.250639 2.656445 -1.121132
1850000 1.076550 2.668173 -0.933438
1860000 1.416334 2.596133 -1.040254
1870000 1.318911 2.676924 -1.025424
1880000 1.565718 2.548833 -1.045584
1890000 1.446191 2.583655 -1.128571
1900000 0.679903 2.774356 -1.146100
1910000 0.531349 2.685106 -1.062080
1920000 0.496152 2.642884 -1.058761
1930000 0.639660 2.669904 -0.986939
1940000 0.624187 2.655070 -1.059558
1950000 0.647180 2.614082 -0.938171
1960000 0.713194 2.607113 -0.984828
1970000 0.803270 2.422398 -0.976667
1980000 0.823801 2.609067 -1.100304
1990000 0.965513 2.760105 -0.977865
2000000 1.108139 2.603636 -1.101757
2010000 1.029110 2.590365 -1.090063
2020000 0.941359 2.506397 -0.951494
2030000 0.904378 2.705383 -1.023901
2040000 1.092194 2.644608 -1.129941
2050000 0.905033 2.584924 -0.991295
2060000 0.816049 2.705076 -0.938821
2070000 1.457525 2.629212 -0.981208
2080000 1.897266 2.528406 -1.085095
2090000 2.457698 2.472269 -1.002052
2100000 2.798930 2.434168 -1.073855
2110000 3.035078 2.599675 -1.022712
2120000 3.405211 2.600504 -1.102604
2130000 4.054785 2.618150 -1.069212
2140000 4.718392 2.590384 -1.004580
2150000 4.353797 2.728206 -1.224581
2160000 4.585990 2.659568 -1.062356
2170000 3.653143 2.529491 -1.025004
2180000 4.340910 2.545384 -0.979100
2190000 4.452903 2.579376 -1.164281
2200000 3.763837 2.526503 -0.965127
2210000 3.077599 2.518533 -0.974293
2220000 3.125357 2.591257 -0.926051
2230000 2.508985 2.593351 -0.915406
2240000 2.388362 2.675048 -1.058714
2250000 2.399636 2.729297 -1.014196
2260000 2.907503 2.606392 -0.962915
2270000 3.597860 2.614066 -1.000347
2280000 3.875634 2.726644 -1.026657
2290000 2.838967 2.623641 -1.078996
2300000 4.021777 2.453636 -0.996762
2310000 4.034158 2.714592 -0.960111
2320000 4.409327 2.605223 -1.060883
2330000 3.791754 2.663037 -1.051335
2340000 3.195154 2.589330 -0.956805
2350000 3.721752 2.675994 -1.015339
2360000 4.673369 2.864946 -1.118301
2370000 4.422031 2.565794 -1.022360
2380000 3.925653 2.703309 -1.018481
2390000 3.523008 2.653687 -1.070952
2400000 2.269394 2.722251 -0.951922
2410000 2.222522 2.674184 -1.061016
2420000 2.230701 2.688247 -1.036908
2430000 2.941223 2.482002 -1.063436
2440000 3.079639 2.543452 -1.076293
2450000 2.970304 2.548825 -0.942168
2460000 3.903218 2.659679 -0.978224
2470000 4.557037 2.800840 -0.960315
2480000 3.951701 2.719101 -1.048986
2490000 4.773128 2.757257 -1.104171
2500000 4.821341 2.554597 -0.929370
2510000 4.286332 2.748078 -1.007243
2520000 5.003405 2.673574 -1.031300
2530000 4.158138 2.682526 -0.996374
2540000 4.226440 2.583323 -1.109913
2550000 3.922278 2.629695 -1.025166
2560000 3.598821 2.646231 -1.129791
2570000 3.364847 2.624714 -0.905321
2580000 2.465566 2.586510 -1.166627
2590000 1.851808 2.606238 -1.084822
2600000 2.463583 2.649207 -0.966886
2610000 2.799116 2.632119 -1.175262
2620000 2.973900 2.627607 -1.023873
2630000 2.893236 2.546233 -1.059393
2640000 3.805154 2.643759 -1.031822
2650000 4.480745 2.600228 -1.115422
2660000 4.903115 2.624465 -1.069298
2670000 3.947492 2.524327 -1.077672
2680000 4.941324 2.604791 -0.899887
2690000 4.820483 2.594289 -1.014088
2700000 4.876967 2.518847 -1.164020
2710000 4.358666 2.591919 -1.048489
2720000 4.741521 2.628149 -1.198675
2730000 3.503428 2.679274 -1.026870
2740000 3.674169 2.662237 -1.080420
2750000 3.904387 2.647852 -0.922352
2760000 3.236093 2.639762 -1.020884
2770000 3.503483 2.538125 -0.997226
2780000 4.730550 2.652493 -0.989038
2790000 4.016787 2.525122 -1.176281
2800000 2.554695 2.618366 -1.054711
2810000 2.123808 2.551705 -1.030833
2820000 2.135434 2.676175 -0.993522
2830000 1.863550 2.622568 -1.066057
2840000 1.713510 2.458533 -1.063183
2850000 2.053055 2.683836 -0.982689
2860000 2.021583 2.601441 -1.072772
2870000 1.836963 2.587639 -1.137135
2880000 1.569548 2.548051 -1.015792
2890000 1.478304 2.654747 -1.104292
2900000 1.227252 2.588959 -0.978146
2910000 1.234921 2.669750 -1.055558
2920000 1.323978 2.693090 -1.086581
2930000 1.374137 2.664996 -1.002952
2940000 1.660730 2.605309 -0.986326
2950000 1.739598 2.643054 -1.080224
2960000 1.759604 2.625559 -0.985822
2970000 2.589386 2.660422 -0.968470
2980000 2.931890 2.530351 -1.085949
2990000 3.537304 2.718679 -1.213285
3000000 2.825608 2.546902 -1.083989
3010000 1.986918 2.564903 -1.131346
3020000 2.506673 2.632853 -0.965424
3030000 3.381556 2.542490 -1.144019
3040000 3.070445 2.625470 -1.060083
3050000 3.139161 2.656512 -1.075032
3060000 2.974455 2.504175 -0.961357
3070000 2.343034 2.619437 -0.936037
3080000 2.083124 2.645928 -1.082388
3090000 2.117281 2.644773 -0.983904
3100000 1.790999 2.671590 -1.050502
3110000 2.121866 2.662135 -1.115644
3120000 1.740887 2.624222 -1.092066
3130000 2.477649 2.660139 -1.018031
3140000 2.042006 2.677742 -1.057808
3150000 2.661467 2.550128 -1.043541
3160000 2.811984 2.574713 -1.093481
3170000 4.197327 2.658967 -1.016134
3180000 4.103707 2.596656 -1.113946
3190000 3.855792 2.640585 -1.018741
3200000 3.262856 2.602503 -1.033672
3210000 4.228128 2.595435 -0.997588
3220000 4.580591 2.635811 -1.016255
3230000 4.900779 2.615327 -1.156687
3240000 4.872131 2.706092 -1.103289
3250000 4.608260 2.774936 -1.137263
3260000 4.355639 2.710166 -1.130123
3270000 3.734780 2.658309 -1.053825
3280000 4.915652 2.539751 -1.041212
3290000 3.499245 2.565488 -0.987722
3300000 3.751023 2.449337 -1.058476
3310000 2.980789 2.601052 -1.187789
3320000 2.515866 2.636682 -0.993544
3330000 2.275748 2.661083 -0.951052
3340000 1.649412 2.664187 -0.911811
3350000 1.773568 2.637502 -1.065185
3360000 1.679812 2.539024 -1.102234
3370000 1.366438 2.700405 -1.050728
3380000 1.499267 2.649487 -0.959757
3390000 1.864062 2.684936 -1.069462
3400000 2.620459 2.694511 -1.007121
3410000 3.271175 2.653988 -1.090137
3420000 2.749504 2.703104 -1.010983
3430000 1.921427 2.535357 -0.975561
3440000 2.284248 2.517469 -1.037229
3450000 2.158879 2.494895 -1.064050
3460000 1.751963 2.757956 -1.038709
3470000 2.508035 2.657122 -1.042665
3480000 3.180029 2.594269 -1.034989
3490000 2.914035 2.626227 -1.005273
3500000 3.086290 2.718697 -1.092854
3510000 4.354680 2.563362 -1.034440
3520000 4.208491 2.720470 -1.122240
3530000 4.408374 2.542622 -1.047573
3540000 4.224164 2.586764 -1.088503
3550000 3.116310 2.629586 -1.109504
3560000 3.535192 2.587389 -1.002334
3570000 3.664392 2.569686 -1.038430
3580000 3.623389 2.739291 -1.145375
3590000 4.478755 2.550160 -1.110102
3600000 4.673310 2.579107 -1.143616
3610000 4.971256 2.594660 -1.145817
3620000 4.409335 2.574470 -1.060593
3630000 3.816026 2.537086 -0.998668
3640000 3.668991 2.583501 -1.205277
3650000 4.252742 2.575697 -1.133489
3660000 4.597159 2.617244 -1.087263
3670000 4.403142 2.589218 -1.076936
3680000 4.012079 2.728520 -1.052346
3690000 4.154247 2.492060 -1.130329
3700000 4.754364 2.556872 -1.179723
3710000 4.021688 2.584578 -0.941948
3720000 4.876935 2.531241 -0.970987
3730000 4.526842 2.597591 -1.048103
3740000 4.294047 2.596753 -1.087197
3750000 3.747879 2.473427 -1.078858
3760000 4.164569 2.532657 -1.015334
3770000 3.516803 2.625831 -1.088560
3780000 2.801741 2.573110 -1.076151
3790000 2.797377 2.717295 -0.926480
3800000 3.186953 2.618103 -1.046742
3810000 4.130320 2.550976 -1.176412
3820000 3.599308 2.660109 -1.113860
3830000 2.809285 2.718266 -0.924791
3840000 2.211967 2.612018 -1.106664
3850000 2.011569 2.605517 -1.126822
3860000 1.968178 2.554903 -1.158716
3870000 2.062241 2.638346 -1.111915
3880000 1.445452 2.571399 -1.132962
3890000 1.773929 2.628365 -0.961491
3900000 2.398386 2.610124 -1.042606
3910000 2.214133 2.601477 -1.149816
3920000 2.702836 2.532915 -1.201452
3930000 3.051651 2.762381 -1.112290
3940000 3.617935 2.550060 -1.163124
3950000 4.307267 2.581929 -0.968715
3960000 3.063508 2.633921 -0.879402
3970000 2.639826 2.597789 -1.173524
3980000 3.057788 2.600009 -1.012190
3990000 3.820379 2.536237 -1.032164
4000000 4.159814 2.665264 -0.950911
