100000 2.870300 -2.730022 -1.755693
110000 3.012658 -2.596121 -1.733942
120000 2.910493 -2.557033 -1.675924
130000 2.935246 -2.687418 -1.782509
140000 3.906935 -2.603005 -1.826455
150000 3.555226 -2.717407 -1.693781
160000 4.440238 -2.710866 -1.765934
170000 4.458567 -2.609623 -1.772618
180000 4.201151 -2.727011 -1.758000
190000 3.634899 -2.501719 -1.734230
200000 3.569381 -2.686672 -1.654973
210000 3.706624 -2.621473 -1.791434
220000 4.584850 -2.598938 -1.836042
230000 4.658513 -2.711920 -1.789585
240000 4.749298 -2.682618 -1.786487
250000 4.698280 -2.591628 -1.722953
260000 4.455038 -2.646868 -1.785750
270000 4.506935 -2.605658 -1.620194
280000 4.493032 -2.696209 -1.794476
290000 3.799038 -2.642602 -1.697003
300000 4.830763 -2.593138 -1.777121
310000 5.055768 -2.443557 -1.701586
320000 4.619948 -2.698104 -1.850360
330000 4.434638 -2.639013 -1.789906
340000 3.654898 -2.591508 -1.754740
350000 4.419575 -2.637948 -1.560579
360000 3.607901 -2.491385 -1.829283
370000 4.082465 -2.609959 -1.835610
380000 4.938471 -2.682117 -1.781833
390000 4.508974 -2.695765 -1.704798
400000 3.734720 -2.479237 -1.684924
410000 3.357073 -2.524738 -1.687897
420000 4.407865 -2.695324 -1.717214
430000 4.849347 -2.609632 -1.823720
440000 4.892656 -2.679882 -1.743947
450000 4.699639 -2.611325 -1.714528
460000 4.965658 -2.635958 -1.842432
470000 4.621648 -2.668207 -1.635985
480000 4.606125 -2.446466 -1.713506
490000 4.505161 -2.544312 -1.700268
500000 4.242184 -2.444859 -1.821837
510000 3.453775 -2.650484 -1.800692
520000 4.170816 -2.536892 -1.745600
530000 4.272978 -2.569129 -1.688305
540000 5.008921 -2.646765 -1.756556
550000 4.898812 -2.552139 -1.699489
560000 4.727384 -2.639131 -1.637245
570000 4.794209 -2.601205 -1.733725
580000 4.062453 -2.695258 -1.723191
590000 3.166459 -2.641090 -1.689043
600000 3.798870 -2.533854 -1.706230
610000 3.625716 -2.690385 -1.657962
620000 4.271983 -2.539907 -1.799321
630000 4.372039 -2.607530 -1.820888
640000 4.939958 -2.591919 -1.765974
650000 4.555037 -2.673382 -1.755164
660000 4.802782 -2.693902 -1.792501
670000 4.681706 -2.572997 -1.781463
680000 4.508370 -2.631242 -1.767068
690000 4.600958 -2.535648 -1.736454
700000 2.841274 -2.535590 -1.745321
710000 2.941163 -2.522186 -1.797952
720000 4.785826 -2.720477 -1.775572
730000 4.205619 -2.663471 -1.777371
740000 3.771402 -2.630060 -1.855013
750000 3.339150 -2.588381 -1.785367
760000 2.928696 -2.633965 -1.759823
770000 2.840012 -2.698873 -1.844395
780000 2.083031 -2.556607 -1.798456
790000 2.265510 -2.557487 -1.720091
800000 2.503392 -2.600144 -1.732895
810000 2.727474 -2.454106 -1.693467
820000 2.319699 -2.727311 -1.815392
830000 2.541712 -2.543445 -1.740522
840000 2.698271 -2.522925 -1.772801
850000 3.305558 -2.461365 -1.758876
860000 3.121169 -2.695289 -1.655888
870000 3.217055 -2.620161 -1.770208
880000 4.130866 -2.623275 -1.819760
890000 4.354291 -2.533532 -1.737865
900000 4.897118 -2.703360 -1.684516
910000 4.891244 -2.644960 -1.732960
920000 5.040375 -2.576551 -1.748708
930000 4.981779 -2.476368 -1.803711
940000 4.353333 -2.584634 -1.694679
950000 4.502043 -2.557244 -1.690904
960000 4.912373 -2.608095 -1.713155
970000 4.130896 -2.752152 -1.724979
980000 4.990952 -2.649162 -1.818365
990000 5.000274 -2.641358 -1.762421
1000000 4.473442 -2.559022 -1.820038
