100000 1.145874 -2.683368 2.983146
110000 1.155692 -2.670092 2.799714
120000 0.949025 -2.446408 2.979626
130000 0.739711 -2.638393 2.877963
140000 1.261265 -2.714268 3.013348
150000 0.614098 -2.630168 3.023717
160000 0.652457 -2.590418 3.070134
170000 0.820884 -2.671488 2.980748
180000 1.301155 -2.700203 2.931510
190000 1.386307 -2.703583 3.051447
200000 1.163655 -2.594166 2.894223
210000 0.872863 -2.587333 3.022875
220000 0.850405 -2.638681 2.916351
230000 0.825203 -2.522448 2.949378
240000 1.489841 -2.608676 3.002244
250000 1.590561 -2.607630 3.019464
260000 1.640792 -2.616622 2.983120
270000 1.807673 -2.649153 2.990054
280000 1.348491 -2.537588 2.827375
290000 1.607366 -2.621174 3.009434
300000 1.548465 -2.730912 2.948994
310000 1.888926 -2.704372 3.009563
320000 1.930898 -2.606395 3.013055
330000 2.085580 -2.578130 3.058914
340000 2.408516 -2.702473 2.894648
350000 1.878483 -2.610397 2.994101
360000 2.090489 -2.601031 2.905002
370000 2.288061 -2.617732 3.059476
380000 2.414649 -2.598133 2.967696
390000 2.452323 -2.662698 2.870366
400000 2.484156 -2.642323 2.871133
410000 2.931661 -2.584481 3.008523
420000 3.791781 -2.648221 3.121547
430000 3.739728 -2.521083 3.003843
440000 3.857855 -2.613630 2.868320
450000 3.700096 -2.693560 2.926619
460000 4.013696 -2.681975 2.979100
470000 3.383329 -2.633565 3.006439
480000 3.460036 -2.539543 2.982540
490000 3.518105 -2.631690 2.968218
500000 3.790462 -2.535085 3.015658
510000 4.003854 -2.502459 -3.070755
520000 3.556212 -2.637556 3.073954
530000 3.529297 -2.722187 3.059746
540000 3.891045 -2.673604 3.006636
550000 3.974667 -2.633140 2.913879
560000 4.143847 -2.582483 3.004244
570000 4.607919 -2.450689 2.964201
580000 4.796210 -2.569575 3.045353
590000 4.659622 -2.572954 2.999178
600000 4.536050 -2.657040 2.995783
610000 3.255340 -2.658487 3.007501
620000 3.320789 -2.747323 2.994544
630000 2.830073 -2.624634 3.026859
640000 2.309424 -2.640394 2.991942
650000 2.732185 -2.554319 3.005428
660000 2.829383 -2.629345 2.956740
670000 3.281826 -2.704758 2.994983
680000 3.322158 -2.575732 3.051963
690000 3.256548 -2.678711 2.961407
700000 3.153113 -2.608008 2.886615
710000 3.734955 -2.794215 3.021306
720000 5.014729 -2.628491 3.089714
730000 4.422284 -2.647893 3.023112
740000 4.170647 -2.586243 2.847103
750000 3.763682 -2.657367 3.029115
760000 4.063232 -2.698578 3.082541
770000 3.786625 -2.592257 3.056083
780000 4.594210 -2.595637 2.986506
790000 4.213074 -2.588998 2.932625
800000 4.471887 -2.608665 2.900264
810000 4.371602 -2.558403 2.898098
820000 4.469589 -2.608983 2.999233
830000 4.457191 -2.622889 3.095586
840000 4.019325 -2.643722 2.995855
850000 4.712728 -2.645015 2.959741
860000 4.710519 -2.662161 2.895509
870000 4.649249 -2.519260 2.995213
880000 4.422786 -2.628192 2.823999
890000 4.974453 -2.615999 2.954630
900000 4.888201 -2.596269 2.919026
910000 4.283763 -2.617922 2.895521
920000 4.889029 -2.609811 3.007597
930000 4.702890 -2.590709 2.993770
940000 4.813671 -2.675488 2.991042
950000 4.758843 -2.582879 2.964463
960000 4.673240 -2.542856 2.859962
970000 4.920528 -2.730921 2.891387
980000 4.405044 -2.480361 2.960093
990000 4.542464 -2.514907 2.909089
1000000 4.729379 -2.612139 2.904655
