100000 4.317722 -2.396888 -2.518610
110000 3.755706 -2.454962 -2.691988
120000 3.599109 -2.352776 -2.694103
130000 3.402746 -2.447028 -2.577840
140000 4.215086 -2.369586 -2.586696
150000 4.386352 -2.424479 -2.719348
160000 4.755127 -2.302945 -2.511335
170000 3.850357 -2.340070 -2.697388
180000 4.464675 -2.447670 -2.653199
190000 4.668006 -2.419436 -2.760294
200000 4.838914 -2.482782 -2.492217
210000 4.992177 -2.351614 -2.649391
220000 4.546384 -2.306405 -2.504682
230000 4.723050 -2.465294 -2.626667
240000 4.589552 -2.499634 -2.519790
250000 4.669093 -2.392718 -2.590653
260000 4.496355 -2.376273 -2.716052
270000 4.468078 -2.422947 -2.478047
280000 4.109036 -2.427309 -2.598402
290000 3.590634 -2.470656 -2.790413
300000 3.684480 -2.454838 -2.628884
310000 2.904469 -2.413171 -2.589034
320000 2.778293 -2.389619 -2.548597
330000 2.947211 -2.384968 -2.588700
340000 3.382886 -2.427163 -2.552638
350000 2.822309 -2.553158 -2.564236
360000 2.998662 -2.390741 -2.697337
370000 3.369124 -2.504386 -2.577906
380000 3.449742 -2.364826 -2.594495
390000 3.926721 -2.582583 -2.599376
400000 3.611918 -2.414392 -2.831831
410000 3.772292 -2.427469 -2.547856
420000 4.105756 -2.488807 -2.548555
430000 4.124434 -2.545215 -2.600924
440000 4.466175 -2.432123 -2.517782
450000 4.507217 -2.419599 -2.677438
460000 3.994420 -2.370340 -2.691600
470000 4.210507 -2.298286 -2.688073
480000 3.647747 -2.472713 -2.683244
490000 4.789451 -2.469425 -2.649672
500000 4.745180 -2.537218 -2.699295
510000 4.758346 -2.361056 -2.609214
520000 4.854441 -2.464413 -2.702330
530000 4.554674 -2.385412 -2.539574
540000 4.941673 -2.454645 -2.605111
550000 4.509866 -2.336378 -2.675230
560000 4.785470 -2.543205 -2.493874
570000 4.066727 -2.478421 -2.643192
580000 3.712253 -2.482052 -2.690284
590000 3.852354 -2.508487 -2.531461
600000 4.812222 -2.363640 -2.561879
610000 3.780956 -2.616501 -2.669967
620000 3.208227 -2.531702 -2.592115
630000 3.421745 -2.600875 -2.493447
640000 3.292875 -2.581291 -2.645379
650000 3.303003 -2.495347 -2.635331
660000 3.051775 -2.397704 -2.708304
670000 3.087994 -2.378579 -2.649421
680000 3.474007 -2.369425 -2.538471
690000 4.490270 -2.534206 -2.733443
700000 4.693636 -2.539158 -2.551396
710000 3.758208 -2.454225 -2.669054
720000 4.191813 -2.373043 -2.687903
730000 4.246666 -2.389464 -2.617174
740000 4.231385 -2.566038 -2.698147
750000 4.386069 -2.398789 -2.448999
760000 4.205796 -2.462774 -2.632652
770000 4.445720 -2.406077 -2.633616
780000 4.356248 -2.522353 -2.605941
790000 4.358362 -2.353975 -2.660499
800000 4.415820 -2.619567 -2.656879
810000 4.303644 -2.368772 -2.682943
820000 3.822278 -2.429806 -2.575291
830000 3.572969 -2.408120 -2.510157
840000 3.727430 -2.503701 -2.507338
850000 3.351771 -2.492378 -2.671543
860000 3.436917 -2.307302 -2.657239
870000 2.961222 -2.456332 -2.563440
880000 3.317656 -2.460622 -2.551819
890000 3.304877 -2.506567 -2.718712
900000 3.538187 -2.447836 -2.560422
910000 2.293084 -2.357400 -2.662626
920000 4.380977 -2.535348 -2.508562
930000 4.360214 -2.365390 -2.645481
940000 4.978205 -2.390465 -2.575298
950000 4.751031 -2.601083 -2.598370
960000 4.969677 -2.407808 -2.541930
970000 4.717872 -2.349895 -2.585475
980000 4.653211 -2.552355 -2.555049
990000 4.925853 -2.515071 -2.648456
1000000 4.332574 -2.343958 -2.555640
