100000 1.830709 -2.254307 -2.289583
110000 2.451844 -2.236628 -2.349602
120000 1.997334 -2.169780 -2.399808
130000 2.791825 -2.248304 -2.265727
140000 2.719843 -2.260029 -2.256266
150000 3.057569 -2.242246 -2.230944
160000 2.193825 -2.372325 -2.322094
170000 2.824125 -2.272436 -2.106119
180000 2.330634 -2.207463 -2.239627
190000 2.516499 -2.422700 -2.404408
200000 2.655860 -2.334360 -2.375845
210000 3.634530 -2.319260 -2.225375
220000 2.730165 -2.378415 -2.337083
230000 2.983885 -2.401649 -2.297316
240000 2.791624 -2.276635 -2.245204
250000 2.705889 -2.283341 -2.359556
260000 2.823827 -2.206227 -2.407863
270000 2.442786 -2.225215 -2.199580
280000 2.613840 -2.219100 -2.309334
290000 2.915517 -2.335332 -2.242479
300000 3.119105 -2.131122 -2.284577
310000 3.621426 -2.327326 -2.172802
320000 3.220326 -2.268372 -2.286123
330000 2.544640 -2.375830 -2.223129
340000 2.713105 -2.266165 -2.152220
350000 3.434585 -2.466009 -2.228472
360000 3.288466 -2.151681 -2.291538
370000 2.784529 -2.229553 -2.336698
380000 3.296506 -2.322621 -2.289896
390000 2.618081 -2.312712 -2.208985
400000 2.361698 -2.318150 -2.194324
410000 1.874263 -2.135641 -2.217941
420000 2.217979 -2.327508 -2.345538
430000 1.988815 -2.291814 -2.253050
440000 2.322008 -2.203007 -2.200168
450000 2.264689 -2.318540 -2.323437
460000 2.754546 -2.431082 -2.439209
470000 2.361661 -2.184597 -2.261010
480000 2.226452 -2.254594 -2.359527
490000 3.076969 -2.244986 -2.113468
500000 3.778547 -2.201224 -2.301945
510000 3.710240 -2.277538 -2.212284
520000 4.170116 -2.179429 -2.152622
530000 4.752594 -2.264888 -2.210416
540000 4.746276 -2.233329 -2.147944
550000 4.536762 -2.263374 -2.213537
560000 4.700957 -2.315752 -2.262308
570000 4.801475 -2.328287 -2.251330
580000 3.840907 -2.222472 -2.251069
590000 3.859506 -2.188794 -2.259180
600000 3.902248 -2.410281 -2.246546
610000 4.998862 -2.313510 -2.322688
620000 4.507553 -2.131262 -2.156599
630000 4.198571 -2.289185 -2.229990
640000 4.144823 -2.265422 -2.161302
650000 3.994901 -2.213427 -2.304297
660000 4.523705 -2.301192 -2.260634
670000 4.859011 -2.165337 -2.180717
680000 4.205666 -2.319048 -2.182762
690000 4.518540 -2.266619 -2.312548
700000 4.226853 -2.095902 -2.272076
710000 3.836992 -2.216023 -2.408893
720000 4.158638 -2.356448 -2.182889
730000 4.932239 -2.299238 -2.212988
740000 4.168700 -2.253271 -2.371888
750000 4.181910 -2.295092 -2.204093
760000 4.093658 -2.363924 -2.209995
770000 4.098890 -2.178425 -2.228081
780000 4.508658 -2.340009 -2.149007
790000 3.655859 -2.334125 -2.334106
800000 3.910231 -2.362780 -2.256054
810000 2.784636 -2.224745 -2.302307
820000 3.540825 -2.266619 -2.363097
830000 2.318008 -2.287067 -2.436404
840000 2.699994 -2.359340 -2.346247
850000 3.159220 -2.311741 -2.148491
860000 2.972974 -2.119674 -2.314993
870000 3.824964 -2.260726 -2.265092
880000 4.672876 -2.150197 -2.202939
890000 4.133566 -2.177384 -2.290573
900000 2.529148 -2.235563 -2.260425
910000 2.501196 -2.248444 -2.318071
920000 2.759054 -2.368343 -2.329351
930000 2.872822 -2.220514 -2.396289
940000 2.684515 -2.356712 -2.307305
950000 2.414057 -2.243742 -2.283484
960000 2.356821 -2.234501 -2.286867
970000 2.466303 -2.292727 -2.353270
980000 2.548999 -2.206331 -2.264295
990000 2.150107 -2.213905 -2.291346
1000000 2.206761 -2.222275 -2.208051
