100000 2.757812 -2.262510 -1.801234
110000 3.263317 -2.323277 -1.857242
120000 3.370115 -2.271545 -1.926240
130000 3.341182 -2.209587 -1.973773
140000 3.064613 -2.274470 -1.853857
150000 2.878994 -2.327823 -1.849744
160000 2.604902 -2.237980 -1.970985
170000 3.469967 -2.225600 -1.855183
180000 2.942500 -2.349223 -1.980186
190000 2.684106 -2.341296 -1.805171
200000 2.566429 -2.334880 -1.926461
210000 2.119704 -2.373542 -1.947128
220000 2.762910 -2.340597 -1.969642
230000 3.467843 -2.278869 -1.947407
240000 2.893114 -2.275298 -1.865043
250000 2.730259 -2.252867 -2.075884
260000 3.023732 -2.188857 -1.885964
270000 3.976165 -2.274261 -2.048011
280000 4.446091 -2.154434 -1.936973
290000 4.525248 -2.261644 -2.068222
300000 4.078669 -2.203987 -1.940613
310000 3.951134 -2.216813 -2.036939
320000 3.823173 -2.270359 -1.897431
330000 3.313204 -2.271734 -1.965682
340000 4.173119 -2.211628 -2.133287
350000 4.850575 -2.193538 -1.877872
360000 4.134468 -2.192947 -1.952348
370000 4.672858 -2.264603 -1.889924
380000 4.552786 -2.260120 -1.964495
390000 4.120507 -2.339766 -1.910272
400000 4.511143 -2.216412 -1.990468
410000 4.325970 -2.238800 -2.064274
420000 4.400998 -2.187049 -1.826796
430000 4.087406 -2.168875 -1.928056
440000 3.622256 -2.250498 -1.963392
450000 3.989160 -2.218723 -2.030525
460000 4.002221 -2.332297 -1.815400
470000 4.454144 -2.306972 -1.968473
480000 4.891851 -2.284873 -1.895364
490000 4.917335 -2.118838 -1.935352
500000 4.494112 -2.278452 -1.892564
510000 4.731871 -2.225083 -1.908676
520000 4.555066 -2.186170 -1.896850
530000 4.972960 -2.244440 -1.952429
540000 4.671891 -2.319768 -1.956542
550000 3.616276 -2.312643 -1.972660
560000 3.063899 -2.397250 -1.887844
570000 3.260695 -2.236339 -1.941209
580000 3.658763 -2.343798 -1.928673
590000 3.445169 -2.254943 -1.983983
600000 3.506634 -2.354858 -1.985206
610000 4.320114 -2.270963 -1.730327
620000 4.594549 -2.179767 -2.042646
630000 3.509610 -2.200921 -1.887033
640000 4.534199 -2.239384 -1.989783
650000 4.867260 -2.170617 -1.917944
660000 3.827575 -2.266658 -1.993862
670000 4.771194 -2.251909 -1.895343
680000 5.018365 -2.380645 -1.859788
690000 4.552386 -2.277318 -1.937022
700000 4.314464 -2.181118 -2.029216
710000 4.295892 -2.285706 -1.850579
720000 5.066421 -2.227323 -1.895948
730000 5.024616 -2.335739 -1.981684
740000 4.663182 -2.329907 -1.829487
750000 4.638885 -2.156615 -1.842644
760000 4.306209 -2.203547 -1.905735
770000 4.238997 -2.303501 -1.938973
780000 4.312320 -2.359728 -1.973340
790000 4.762752 -2.388142 -1.822439
800000 4.395410 -2.361734 -1.789636
810000 4.565235 -2.289422 -1.972164
820000 4.158253 -2.285801 -1.805262
830000 4.832165 -2.214251 -2.022688
840000 4.758550 -2.270379 -1.918618
850000 4.968278 -2.320804 -1.995500
860000 4.991572 -2.335831 -1.906170
870000 4.917847 -2.365313 -1.888817
880000 4.542725 -2.167332 -1.989498
890000 4.124861 -2.182444 -1.860742
900000 4.260565 -2.256091 -1.866649
910000 4.342249 -2.329372 -1.834355
920000 4.270856 -2.322733 -1.950598
930000 3.880562 -2.429108 -1.829748
940000 4.523194 -2.362588 -1.864630
950000 4.129358 -2.238045 -1.936373
960000 3.910560 -2.260954 -1.884812
970000 3.563179 -2.206713 -1.961561
980000 3.377988 -2.360653 -1.926555
990000 4.122804 -2.238127 -1.974108
1000000 4.151099 -2.206775 -1.952721
