100000 2.696861 -1.912330 -2.912505
110000 2.977190 -1.831911 -2.994045
120000 3.228782 -1.873946 -3.033187
130000 2.632407 -2.003543 -2.912074
140000 2.814271 -1.748705 -2.973046
150000 2.315837 -1.866136 -2.927058
160000 2.770214 -1.938356 -2.990586
170000 2.465509 -1.925354 -3.038759
180000 2.044451 -1.849210 -2.954963
190000 2.849908 -1.871086 -2.813119
200000 3.077923 -2.048331 -2.891889
210000 2.972491 -1.793450 -2.951944
220000 2.081907 -1.866744 -2.893291
230000 2.069980 -1.907611 -2.991274
240000 2.484167 -2.002602 -3.021538
250000 3.452850 -1.876178 -3.045535
260000 4.624188 -2.016500 -3.009850
270000 4.972979 -1.893490 -2.993479
280000 3.421355 -2.011246 -2.884267
290000 3.114696 -1.759795 -2.988774
300000 3.897080 -2.026998 -2.925098
310000 4.876658 -2.008708 -3.076543
320000 4.340672 -1.755743 -2.958554
330000 3.907744 -1.867995 -2.960239
340000 3.882130 -1.892772 3.111871
350000 3.199649 -1.888638 -3.029118
360000 4.012075 -1.852433 -3.066444
370000 4.559820 -1.846700 -3.002513
380000 4.824917 -1.828644 -3.017600
390000 4.443109 -1.852456 -2.989758
400000 4.256329 -1.875556 -2.870217
410000 4.765972 -1.886878 -2.904537
420000 4.332473 -1.899367 -3.067813
430000 4.457788 -1.842555 -2.979073
440000 4.862215 -2.033072 -2.951404
450000 4.955575 -1.945248 -2.995925
460000 5.027085 -1.889770 -2.990817
470000 4.192300 -1.887733 -3.083933
480000 4.497940 -1.911596 -2.924541
490000 4.955707 -1.849788 -2.918356
500000 4.246752 -1.987881 -2.881491
510000 4.814106 -1.946202 -2.926198
520000 4.230579 -1.746979 -3.003590
530000 3.174827 -1.836422 -3.060135
540000 3.131828 -1.984704 -3.022156
550000 3.406913 -1.831822 -3.071431
560000 4.574579 -2.051964 -2.944691
570000 4.164881 -1.921704 -2.872302
580000 3.223069 -1.873784 -2.868949
590000 3.577882 -1.915019 -2.988897
600000 2.229192 -1.906055 -2.804511
610000 2.118571 -1.767840 -3.012330
620000 2.695727 -2.036482 -3.047977
630000 3.690828 -1.965835 -3.038481
640000 4.211430 -1.844810 -2.956322
650000 3.792755 -1.811880 -3.097705
660000 3.332742 -1.958537 -3.009772
670000 3.379475 -1.777756 -2.899766
680000 3.429952 -2.003706 -2.856786
690000 2.969114 -1.975356 -2.994402
700000 3.349467 -1.997961 -3.095814
710000 2.812551 -1.832347 -2.857047
720000 2.444371 -1.792048 -2.889992
730000 2.998112 -1.926379 -2.928728
740000 2.242205 -1.977104 -2.903719
750000 3.102562 -1.847454 -2.864388
760000 3.200620 -1.887382 -2.997590
770000 3.098609 -2.037069 -3.021833
780000 3.076290 -1.942223 -2.969129
790000 4.011367 -1.858657 -2.899084
800000 3.278660 -1.900286 -2.789040
810000 3.922760 -1.920592 -2.998734
820000 3.832769 -1.947712 -2.983259
830000 3.263454 -2.002712 -3.041636
840000 4.221689 -1.973658 -3.073038
850000 3.247108 -2.100765 -3.007146
860000 2.790884 -1.787749 -2.838412
870000 3.177209 -1.964894 -2.786483
880000 3.315583 -1.935941 -2.991352
890000 3.443701 -1.791663 -3.023149
900000 3.293202 -1.876945 -2.885954
910000 4.285796 -1.920470 -2.975355
920000 4.363515 -1.921692 -2.958692
930000 4.831120 -1.957791 -2.966624
940000 4.741078 -1.936451 -3.073959
950000 4.793351 -1.898093 -2.942664
960000 4.113639 -1.911433 -2.914489
970000 3.787928 -1.936051 -3.036791
980000 4.248343 -1.902651 -2.978624
990000 2.601012 -1.918290 -2.998034
1000000 3.244607 -1.865239 -3.076642
