100000 3.327119 -1.702641 -2.936398
110000 3.183210 -1.804492 -2.766082
120000 2.682568 -1.693046 -2.893549
130000 2.644516 -1.603579 -2.985640
140000 3.114973 -1.618490 -2.818259
150000 3.332350 -1.783471 -2.794025
160000 3.727880 -1.731694 -2.831734
170000 4.235018 -1.760487 -2.815205
180000 4.067663 -1.748333 -2.907756
190000 3.689315 -1.795571 -2.839064
200000 3.857531 -1.531845 -2.809877
210000 2.949797 -1.770607 -2.788117
220000 3.222588 -1.680050 -2.712705
230000 3.790960 -1.662588 -2.673616
240000 3.636274 -1.764445 -2.905228
250000 4.225244 -1.872081 -2.797425
260000 4.656362 -1.732470 -2.847097
270000 4.555342 -1.734879 -2.713912
280000 4.132516 -1.777581 -2.714741
290000 3.399211 -1.804998 -2.914661
300000 4.384687 -1.684888 -2.790026
310000 4.265577 -1.867591 -2.647282
320000 4.640815 -1.746866 -2.842208
330000 4.180138 -1.685615 -2.727972
340000 4.917507 -1.627753 -2.779578
350000 4.777576 -1.920979 -2.891452
360000 5.029558 -1.778774 -2.702934
370000 4.706074 -1.730319 -2.873650
380000 4.921667 -1.745232 -2.813169
390000 4.873726 -1.686394 -2.858352
400000 4.016089 -1.874828 -2.781865
410000 4.335330 -1.780787 -2.770740
420000 4.279716 -1.643713 -2.729891
430000 4.150418 -1.803287 -2.837300
440000 4.540132 -1.640667 -2.712420
450000 4.587673 -1.685183 -2.730604
460000 4.741201 -1.653069 -2.726479
470000 4.895252 -1.797716 -2.795626
480000 4.431309 -1.632703 -2.733485
490000 3.713312 -1.774431 -2.833443
500000 4.094781 -1.861817 -2.943844
510000 4.762836 -1.849990 -2.800859
520000 4.693522 -1.754233 -2.692023
530000 4.085103 -1.619419 -2.763348
540000 4.663531 -1.663405 -2.772162
550000 5.065591 -1.775789 -2.782750
560000 4.701698 -1.670741 -2.839097
570000 3.834136 -1.812096 -2.741243
580000 3.998011 -1.759236 -2.727558
590000 4.255763 -1.714099 -2.789619
600000 4.464615 -1.754773 -2.797070
610000 4.678184 -1.716935 -2.874293
620000 3.848418 -1.803595 -2.817486
630000 3.454291 -1.691460 -2.776920
640000 3.087164 -1.789602 -2.680075
650000 2.408319 -1.783730 -2.853570
660000 2.513342 -1.694681 -2.811344
670000 3.433744 -1.792618 -2.844907
680000 3.323207 -1.793161 -2.908932
690000 3.435571 -1.801402 -2.871015
700000 4.615293 -1.741403 -2.819854
710000 4.754004 -1.882878 -2.780765
720000 4.957688 -1.728098 -2.806568
730000 4.080758 -1.921644 -2.862281
740000 2.917887 -1.733319 -2.960433
750000 3.145108 -1.752988 -2.780253
760000 3.769434 -1.861163 -2.774516
770000 4.250773 -1.669620 -2.825913
780000 4.661025 -1.715374 -2.850876
790000 4.760173 -1.713127 -2.818265
800000 4.744980 -1.778089 -2.693501
810000 4.559920 -1.792550 -2.782900
820000 4.679575 -1.798418 -2.850453
830000 5.070602 -1.718163 -2.911687
840000 4.667652 -1.741997 -2.854827
850000 4.135439 -1.830202 -2.865998
860000 4.758839 -1.826978 -2.864086
870000 4.153407 -1.848460 -2.725378
880000 4.481346 -1.611118 -2.822680
890000 4.250093 -1.721003 -2.773424
900000 4.733580 -1.577764 -2.839172
910000 4.429573 -1.656004 -2.807848
920000 4.378854 -1.661891 -2.953714
930000 4.431312 -1.840542 -2.768388
940000 3.999869 -1.813377 -2.821034
950000 3.325889 -1.783019 -2.907800
960000 3.033570 -1.887561 -2.819063
970000 3.059834 -1.746488 -2.750484
980000 3.209406 -1.726812 -2.745748
990000 3.861602 -1.777202 -2.735920
1000000 4.026463 -1.736779 -2.844829
