100000 1.364889 -1.634349 -1.785351
110000 0.849646 -1.714016 -1.694378
120000 0.502200 -1.758460 -1.768229
130000 1.208559 -1.691014 -1.768563
140000 1.098211 -1.673757 -1.599046
150000 1.299815 -1.779789 -1.840173
160000 1.107162 -1.715156 -1.720795
170000 0.743301 -1.748321 -1.741278
180000 1.011398 -1.798058 -1.738974
190000 0.723376 -1.797656 -1.741447
200000 1.301594 -1.731258 -1.752777
210000 0.654018 -1.765572 -1.822395
220000 0.785226 -1.672077 -1.826876
230000 0.583432 -1.842632 -1.743309
240000 0.905814 -1.562374 -1.868442
250000 1.214619 -1.763835 -1.802878
260000 1.340680 -1.706926 -1.770464
270000 0.885924 -1.691390 -1.875287
280000 0.747911 -1.688147 -1.799472
290000 1.119644 -1.787702 -1.770036
300000 1.068563 -1.688138 -1.645996
310000 1.022796 -1.792382 -1.693210
320000 1.144085 -1.763498 -1.727249
330000 0.979843 -1.678518 -1.753892
340000 0.606678 -1.724888 -1.858800
350000 0.676642 -1.717540 -1.741320
360000 0.627495 -1.746699 -1.739352
370000 0.758027 -1.784948 -1.807937
380000 0.845808 -1.846588 -1.750675
390000 0.580725 -1.729154 -1.827096
400000 0.907941 -1.738558 -1.766223
410000 1.004373 -1.845291 -1.702410
420000 1.307097 -1.711931 -1.793817
430000 1.224154 -1.675230 -1.700236
440000 1.186766 -1.667259 -1.866584
450000 1.307213 -1.739043 -1.648905
460000 1.135593 -1.739388 -1.739293
470000 1.315143 -1.707555 -1.691219
480000 1.105594 -1.901374 -1.750320
490000 1.152969 -1.671016 -1.750767
500000 0.771446 -1.746316 -1.870270
510000 0.710917 -1.742076 -1.681360
520000 0.863665 -1.766955 -1.761577
530000 0.830658 -1.709108 -1.760811
540000 0.716247 -1.823318 -1.601307
550000 0.895221 -1.850400 -1.639218
560000 0.777969 -1.652801 -1.697220
570000 1.030037 -1.814077 -1.825018
580000 1.034258 -1.715643 -1.724561
590000 0.852737 -1.759691 -1.762740
600000 0.501808 -1.799260 -1.744391
610000 0.620148 -1.850680 -1.775983
620000 0.618901 -1.759887 -1.742960
630000 0.742861 -1.702837 -1.641180
640000 0.839068 -1.717116 -1.569025
650000 1.251028 -1.756926 -1.779619
660000 1.293720 -1.678850 -1.726866
670000 1.196642 -1.837378 -1.805564
680000 1.631350 -1.808987 -1.755745
690000 1.542732 -1.899173 -1.592513
700000 1.422197 -1.659804 -1.768193
710000 1.118119 -1.781394 -1.654724
720000 1.139460 -1.848175 -1.854516
730000 0.927764 -1.748142 -1.770732
740000 0.839872 -1.733983 -1.785424
750000 1.232830 -1.706381 -1.678465
760000 0.886758 -1.807110 -1.730293
770000 1.295388 -1.662540 -1.684826
780000 1.112450 -1.794706 -1.691599
790000 1.356738 -1.702291 -1.716872
800000 1.313265 -1.684048 -1.685500
810000 1.085946 -1.759557 -1.691117
820000 1.023030 -1.724756 -1.721031
830000 0.909735 -1.733471 -1.806702
840000 0.824555 -1.568943 -1.888730
850000 0.979915 -1.663113 -1.715746
860000 1.370516 -1.739172 -1.561033
870000 1.085655 -1.861672 -1.634365
880000 0.661307 -1.815878 -1.699641
890000 0.565950 -1.886140 -1.808396
900000 0.554131 -1.855319 -1.705073
910000 0.756767 -1.742744 -1.782425
920000 0.502275 -1.798938 -1.754407
930000 0.590394 -1.841147 -1.782998
940000 0.885496 -1.788828 -1.880568
950000 0.824396 -1.793884 -1.720141
960000 0.855326 -1.756970 -1.722655
970000 1.153663 -1.682339 -1.739470
980000 1.006778 -1.848484 -1.789226
990000 1.027924 -1.670158 -1.733305
1000000 0.955161 -1.801301 -1.595021
