100000 4.853232 -1.556039 -2.979527
110000 4.284545 -1.548392 -2.997023
120000 4.347768 -1.514455 -3.016305
130000 5.009848 -1.582668 -2.982241
140000 4.986409 -1.551544 -2.987901
150000 4.987175 -1.610510 -2.962684
160000 4.962163 -1.604054 -2.993819
170000 4.056507 -1.625286 -3.043140
180000 4.602933 -1.528573 -2.944754
190000 4.461399 -1.527626 -2.935911
200000 4.858436 -1.666012 -3.074103
210000 4.183281 -1.477455 -3.030966
220000 3.635914 -1.572368 -2.956667
230000 4.169381 -1.655324 -2.969075
240000 3.673172 -1.466627 -3.120280
250000 4.399489 -1.497959 -2.998724
260000 4.421505 -1.551468 -3.058096
270000 4.535987 -1.438135 -2.927780
280000 3.459159 -1.536369 -2.871652
290000 3.956126 -1.668682 -2.971981
300000 3.531569 -1.531715 -2.966701
310000 2.704584 -1.556443 -2.933098
320000 3.168477 -1.514955 -3.006669
330000 2.154185 -1.668842 -2.925190
340000 2.412487 -1.509428 -2.951704
350000 2.038807 -1.525231 -2.955087
360000 2.071006 -1.502111 -2.990498
370000 2.170155 -1.603115 -2.925857
380000 2.540084 -1.601832 -2.912346
390000 3.098024 -1.569089 -2.966749
400000 3.162199 -1.645461 -2.950248
410000 2.913675 -1.699196 -3.110433
420000 2.402696 -1.589234 -3.019846
430000 3.329366 -1.490551 -3.092686
440000 3.685804 -1.617956 -3.054534
450000 3.976811 -1.627941 -2.909845
460000 3.943024 -1.595393 -2.991821
470000 4.191962 -1.523295 -3.070597
480000 4.580872 -1.693908 -3.044214
490000 4.516687 -1.697277 -2.832731
500000 4.926497 -1.548017 -3.126600
510000 4.616400 -1.487558 -2.914254
520000 4.995488 -1.594122 -2.904627
530000 4.951081 -1.661811 -2.945107
540000 4.836656 -1.568437 -2.991580
550000 4.854261 -1.573741 -2.821095
560000 4.673620 -1.642250 -2.916894
570000 4.899874 -1.553504 -2.903623
580000 4.897163 -1.692771 -2.848621
590000 4.580812 -1.581601 -2.955266
600000 4.469182 -1.548702 -2.870670
610000 3.676872 -1.610655 -2.938126
620000 4.924234 -1.550867 -2.947368
630000 4.626419 -1.589847 -2.788360
640000 4.979955 -1.685807 -2.955724
650000 4.863490 -1.644614 -2.879834
660000 4.474306 -1.611277 -3.016324
670000 4.429174 -1.679215 -2.990519
680000 3.443389 -1.574065 -2.999456
690000 3.642373 -1.567756 -2.910304
700000 3.747562 -1.637611 -2.952469
710000 2.969357 -1.528621 -2.913363
720000 3.056663 -1.516607 -2.944573
730000 3.126537 -1.590273 -3.027261
740000 3.133044 -1.504145 -2.896080
750000 3.729540 -1.568911 -3.051638
760000 3.424880 -1.570962 -2.949041
770000 2.050399 -1.533535 -2.958221
780000 2.363458 -1.606834 -3.041822
790000 2.226287 -1.551417 -2.859954
800000 2.018677 -1.579074 -2.930780
810000 2.285827 -1.633426 -2.928429
820000 2.490660 -1.678922 -2.868041
830000 2.071583 -1.677571 -2.917222
840000 2.117160 -1.508983 -2.841989
850000 2.012531 -1.554989 -3.128104
860000 2.218055 -1.673902 -3.050155
870000 1.784669 -1.558278 -2.924676
880000 2.610055 -1.539456 -2.960688
890000 2.475144 -1.704360 -3.013819
900000 2.928997 -1.627806 -3.013092
910000 3.307774 -1.629717 -3.000840
920000 2.980099 -1.471148 -2.889738
930000 3.225344 -1.646833 -2.824384
940000 3.492519 -1.576151 -2.922925
950000 4.649773 -1.389431 -2.912181
960000 4.443799 -1.555833 -2.931146
970000 4.686154 -1.580894 -3.070078
980000 4.905477 -1.531713 -2.826492
990000 4.572129 -1.522537 -2.983392
1000000 4.301558 -1.572441 -2.984799
