100000 4.439595 -1.248677 -2.770178
110000 4.668532 -1.317011 -2.684848
120000 4.097267 -1.263817 -2.786132
130000 3.283012 -1.242392 -2.860168
140000 4.103428 -1.273890 -2.892630
150000 2.853023 -1.139225 -2.850170
160000 3.643077 -1.179856 -2.842290
170000 4.364785 -1.249446 -2.709086
180000 4.576369 -1.314559 -2.796729
190000 4.422187 -1.107506 -2.738108
200000 4.653372 -1.303145 -2.756441
210000 3.899644 -1.284108 -2.815759
220000 4.786549 -1.257758 -2.595810
230000 4.981589 -1.161067 -2.785851
240000 4.452664 -1.237603 -2.755170
250000 4.746521 -1.277342 -2.806513
260000 4.709914 -1.116280 -2.762633
270000 4.373212 -1.246826 -2.739503
280000 4.103871 -1.246092 -2.844455
290000 3.973229 -1.289298 -2.830085
300000 3.899302 -1.183197 -2.757292
310000 4.145115 -1.238188 -2.847248
320000 3.539208 -1.254410 -2.758954
330000 2.976860 -1.265970 -2.719670
340000 2.479486 -1.196582 -2.759025
350000 3.800957 -1.198234 -2.810315
360000 3.118859 -1.224143 -2.887116
370000 2.957769 -1.098027 -2.710167
380000 3.002060 -1.118601 -2.732966
390000 2.683388 -1.197924 -2.757784
400000 3.297517 -1.312452 -2.863223
410000 4.202638 -1.253424 -2.757163
420000 4.515477 -1.235978 -2.727699
430000 3.433443 -1.073146 -2.867843
440000 3.817212 -1.323991 -2.632029
450000 4.949182 -1.378502 -2.745448
460000 4.761069 -1.176268 -2.746047
470000 3.790887 -1.293943 -2.909901
480000 3.761721 -1.469889 -2.809444
490000 3.779156 -1.323159 -2.753251
500000 3.284781 -1.291689 -2.756323
510000 3.025230 -1.119903 -2.709755
520000 3.841909 -1.311424 -2.723021
530000 3.480538 -1.220603 -2.779593
540000 3.815247 -1.249008 -2.723688
550000 4.456157 -1.245813 -2.770313
560000 3.422865 -1.203475 -2.642083
570000 4.509868 -1.303822 -2.725558
580000 4.617391 -1.267710 -2.775398
590000 4.904432 -1.167938 -2.890801
600000 4.673740 -1.213042 -2.808660
610000 4.605260 -1.153808 -2.879441
620000 3.972188 -1.238712 -2.730695
630000 3.481353 -1.373714 -2.802630
640000 3.764324 -1.186800 -2.876062
650000 4.038076 -1.361021 -2.782946
660000 3.725573 -1.265157 -2.877926
670000 3.894653 -1.283050 -2.643106
680000 3.751723 -1.267976 -2.822353
690000 3.852187 -1.275625 -2.841431
700000 3.262716 -1.226856 -2.951624
710000 3.243549 -1.305496 -2.958577
720000 2.907941 -1.107584 -2.812574
730000 3.602577 -1.138022 -2.831656
740000 3.593893 -1.175440 -2.617114
750000 4.731855 -1.317448 -2.745914
760000 4.429146 -1.126881 -2.960488
770000 4.263605 -1.199384 -2.762791
780000 4.424703 -1.346736 -2.790869
790000 3.353802 -1.297903 -2.681752
800000 4.030824 -1.308409 -2.900653
810000 4.768014 -1.129220 -2.659481
820000 3.461995 -1.178741 -2.729935
830000 4.174209 -0.989274 -2.881120
840000 4.895404 -1.224802 -2.744217
850000 3.743202 -1.213216 -2.852502
860000 3.597762 -1.174667 -2.807655
870000 3.505419 -1.225101 -2.807453
880000 3.846566 -1.019192 -2.847103
890000 3.610312 -1.307148 -2.738548
900000 3.943559 -1.329021 -2.728380
910000 3.732909 -1.043982 -2.877027
920000 3.693129 -1.296906 -2.779559
930000 4.586634 -1.353059 -2.783715
940000 3.826971 -1.129273 -2.794248
950000 3.637536 -1.365838 -2.839893
960000 4.166360 -1.254795 -2.816235
970000 4.127375 -1.259452 -2.744919
980000 4.574497 -1.324485 -2.748407
990000 3.930957 -1.345890 -2.719694
1000000 3.094997 -1.323589 -2.731910
