100000 4.255935 -1.192713 2.918951
110000 4.027739 -1.104372 2.988268
120000 3.563894 -1.250933 3.037958
130000 4.825550 -1.418075 2.948553
140000 4.795121 -1.145283 2.942147
150000 3.750513 -1.170403 2.985127
160000 3.888748 -1.023476 2.940145
170000 4.595537 -1.293409 3.088385
180000 3.896810 -1.248199 3.019905
190000 3.706393 -1.234306 3.051041
200000 3.827587 -1.146783 2.939772
210000 3.536757 -1.209770 3.012944
220000 3.555650 -1.168257 2.930750
230000 3.611646 -1.205843 3.006296
240000 3.080613 -1.259243 2.974407
250000 3.097984 -1.185460 3.077065
260000 4.048548 -1.110182 2.933707
270000 4.362594 -1.292311 2.883861
280000 2.979141 -1.185185 2.979003
290000 3.582007 -1.173520 2.915355
300000 3.394677 -1.173787 2.945211
310000 3.627874 -1.207631 2.858307
320000 3.728456 -1.293987 2.875319
330000 3.426937 -1.185157 2.904718
340000 3.846224 -1.281425 3.004085
350000 3.599922 -1.231757 2.930129
360000 3.544956 -1.331485 2.998343
370000 4.382890 -1.291819 2.976965
380000 4.042819 -1.196250 2.984764
390000 3.669411 -1.106581 3.074442
400000 3.415671 -1.203716 2.879799
410000 3.436907 -1.263996 2.941544
420000 3.035236 -1.243301 2.985069
430000 2.608888 -1.121369 3.087329
440000 3.741277 -1.156222 2.905482
450000 4.286972 -1.348298 2.961243
460000 4.430738 -1.268612 2.951700
470000 4.757006 -1.178440 2.878899
480000 4.553836 -1.255477 3.045872
490000 3.984340 -1.240290 2.914773
500000 4.481176 -1.231530 2.838729
510000 4.842439 -1.261542 2.800563
520000 4.487664 -1.214812 2.960645
530000 4.974061 -1.316546 2.837975
540000 4.575771 -1.339383 2.855036
550000 4.486842 -1.170353 2.894792
560000 5.006598 -1.154815 3.036185
570000 4.532690 -1.073099 3.034757
580000 4.295584 -1.299205 3.010046
590000 4.715526 -1.214187 2.984404
600000 4.944000 -1.282586 2.977552
610000 4.749586 -1.140201 3.073466
620000 4.962018 -1.247147 2.966468
630000 4.911165 -1.243099 2.893979
640000 4.832066 -1.218948 2.892758
650000 4.496429 -1.222919 2.919552
660000 4.664001 -1.143381 3.010634
670000 4.280881 -1.197037 2.940670
680000 4.316112 -1.213217 3.007467
690000 4.558820 -1.256897 2.899777
700000 4.386933 -1.205383 2.968593
710000 4.982072 -1.210293 2.942504
720000 4.565316 -1.212720 3.043347
730000 4.483702 -1.169669 2.993460
740000 4.947743 -1.184917 2.978619
750000 4.630051 -1.105302 3.010908
760000 4.643108 -1.291698 3.097777
770000 4.805939 -1.200986 3.026837
780000 4.679840 -1.218800 2.959268
790000 5.013373 -1.281583 3.051381
800000 4.380158 -1.194933 2.950161
810000 4.342514 -1.116252 3.000419
820000 4.195120 -1.236218 2.857013
830000 4.883618 -1.198819 2.879448
840000 4.824851 -1.213712 3.043954
850000 4.874288 -1.136923 2.969784
860000 4.736315 -1.181999 3.057691
870000 4.387442 -1.297071 2.922417
880000 4.256257 -1.255303 3.009702
890000 4.877600 -1.184936 3.034671
900000 4.543684 -1.330806 2.892397
910000 3.956836 -1.263138 3.097811
920000 4.534826 -1.115635 3.021354
930000 4.023434 -1.312960 2.978046
940000 3.718448 -1.282228 3.069794
950000 4.207021 -1.285135 2.926266
960000 4.146836 -1.132948 2.974949
970000 3.913636 -1.185355 3.072627
980000 4.741304 -1.176035 2.987083
990000 4.423813 -1.212060 3.064683
1000000 3.569005 -1.181015 2.931845
