100000 0.610669 2.880571 -2.660075
110000 0.524122 3.021102 -2.461912
120000 0.706015 3.051593 -2.696519
130000 0.911054 3.053503 -2.729530
140000 0.794640 3.048248 -2.525156
150000 1.542765 2.992804 -2.648323
160000 2.234229 2.912417 -2.440386
170000 1.726344 3.017682 -2.511781
180000 2.690289 3.077456 -2.457862
190000 2.684722 2.908823 -2.584475
200000 3.043158 2.978849 -2.713295
210000 3.425852 2.917631 -2.549440
220000 4.024954 3.006979 -2.559663
230000 4.331198 2.895964 -2.643611
240000 4.087070 2.881953 -2.584764
250000 4.599465 3.051041 -2.570975
260000 4.627228 2.920033 -2.479364
270000 4.398687 2.986720 -2.429620
280000 4.885639 2.980488 -2.668311
290000 3.693041 3.066775 -2.664480
300000 3.973369 2.961989 -2.630063
310000 4.044740 2.841050 -2.614021
320000 4.517694 3.003905 -2.613250
330000 4.525838 2.951580 -2.571848
340000 4.216645 3.005825 -2.612102
350000 4.037186 3.049783 -2.550439
360000 4.194178 2.907537 -2.502569
370000 4.032244 3.132528 -2.537221
380000 4.129636 2.983555 -2.645477
390000 4.749293 3.086911 -2.526023
400000 3.818186 3.005869 -2.626271
410000 3.113206 2.995651 -2.639332
420000 4.400411 2.884565 -2.660004
430000 4.926884 2.987722 -2.633911
440000 4.745062 2.900771 -2.637183
450000 5.040296 2.872251 -2.610031
460000 4.952869 2.961174 -2.612775
470000 4.947948 3.017285 -2.682663
480000 3.761972 2.922077 -2.683820
490000 4.549754 2.999646 -2.564324
500000 4.330442 3.034620 -2.552937
510000 4.834542 2.986447 -2.631393
520000 3.711944 3.008159 -2.712041
530000 4.637419 3.066395 -2.701073
540000 4.388774 2.954053 -2.661966
550000 4.078273 3.019519 -2.587038
560000 4.332220 3.085847 -2.667995
570000 2.807209 2.961960 -2.566001
580000 3.842709 3.029246 -2.636598
590000 4.478029 3.042647 -2.751498
600000 4.899898 2.996918 -2.599628
610000 5.032623 2.907935 -2.528542
620000 4.947559 2.932036 -2.760586
630000 4.924424 2.909900 -2.699481
640000 4.958725 3.047475 -2.630920
650000 3.976497 2.950123 -2.420470
660000 4.685871 2.983442 -2.595766
670000 4.665464 2.983388 -2.591053
680000 3.818265 2.786711 -2.669670
690000 3.799166 2.984079 -2.681040
700000 3.571228 3.054147 -2.586605
710000 4.346357 2.932593 -2.705351
720000 3.304512 2.888164 -2.711731
730000 2.983715 2.932299 -2.565617
740000 3.742045 3.017580 -2.578414
750000 2.793586 3.030349 -2.608735
760000 3.046084 3.032453 -2.674721
770000 3.517871 2.938492 -2.716942
780000 3.616234 3.065924 -2.623471
790000 3.900551 2.893719 -2.756762
800000 3.855413 2.993296 -2.658907
810000 3.681592 2.983531 -2.548287
820000 4.336982 2.827845 -2.655979
830000 4.602476 2.916526 -2.560472
840000 3.811229 2.945793 -2.543380
850000 3.163107 3.020577 -2.657201
860000 3.146782 2.909795 -2.608520
870000 2.702505 2.953845 -2.437935
880000 3.687383 2.940418 -2.608818
890000 3.537034 2.931573 -2.569057
900000 3.548880 2.890790 -2.618092
910000 4.706549 2.922770 -2.675591
920000 4.700546 2.933974 -2.786399
930000 4.802657 3.007424 -2.631135
940000 4.766298 3.038813 -2.676533
950000 4.565592 2.972216 -2.666722
960000 4.963973 2.773558 -2.698868
970000 5.036896 2.759614 -2.604462
980000 4.531711 3.015408 -2.629566
990000 4.600935 2.897181 -2.705910
1000000 4.452411 2.862963 -2.553369
