100000 1.301007 3.055951 -2.460108
110000 0.856198 3.050485 -2.378148
120000 1.224648 2.970074 -2.433767
130000 0.860500 2.902400 -2.278344
140000 0.631675 3.024511 -2.498296
150000 0.987012 2.913376 -2.408991
160000 1.192736 2.936195 -2.378117
170000 1.000671 2.922758 -2.449361
180000 0.731557 2.999605 -2.368389
190000 1.005572 2.984549 -2.473766
200000 1.284512 2.962899 -2.286148
210000 1.227429 2.966295 -2.370425
220000 1.236155 2.901486 -2.384759
230000 0.916368 2.940357 -2.425433
240000 0.814980 2.954187 -2.416195
250000 0.771065 3.099489 -2.532661
260000 0.907208 3.067086 -2.512695
270000 1.225044 2.944786 -2.437186
280000 1.230093 2.932961 -2.448051
290000 0.949527 2.965947 -2.421617
300000 0.780666 2.876695 -2.355344
310000 0.496346 2.919422 -2.539726
320000 0.501584 2.953196 -2.522789
330000 1.033725 2.904256 -2.378410
340000 1.135438 2.944863 -2.455817
350000 0.430215 2.905554 -2.344729
360000 0.777612 2.977321 -2.333250
370000 0.959712 2.937439 -2.430076
380000 0.818465 2.873624 -2.371868
390000 1.186246 2.903709 -2.479979
400000 1.414619 2.883026 -2.435096
410000 1.328346 2.875364 -2.423007
420000 1.631768 2.906187 -2.382908
430000 1.439197 2.992419 -2.441059
440000 1.210829 2.984255 -2.420399
450000 1.389159 3.001630 -2.425899
460000 1.807329 2.900095 -2.387114
470000 1.561630 2.891523 -2.398210
480000 1.319438 2.978422 -2.513801
490000 1.051601 2.819833 -2.375531
500000 0.996519 2.979257 -2.555060
510000 0.904361 2.981656 -2.499721
520000 0.910156 2.904222 -2.527713
530000 0.743824 3.061750 -2.479128
540000 0.845446 2.938722 -2.439049
550000 0.859253 2.927026 -2.305316
560000 0.788319 2.905514 -2.475988
570000 1.180449 3.070751 -2.522342
580000 1.459650 2.905789 -2.286519
590000 1.181137 2.909042 -2.481672
600000 1.123911 3.063226 -2.288084
610000 1.431727 2.974219 -2.384080
620000 1.029461 2.963162 -2.382131
630000 0.990333 3.071067 -2.477656
640000 0.657656 2.979905 -2.491275
650000 0.664634 3.030656 -2.316396
660000 0.605303 3.005233 -2.476302
670000 0.774502 3.022072 -2.563419
680000 0.859007 2.885402 -2.421224
690000 0.763463 2.947544 -2.617578
700000 1.096334 3.045872 -2.449742
710000 1.141428 2.975500 -2.370433
720000 1.293778 3.030080 -2.475856
730000 0.926296 2.941389 -2.395778
740000 0.896223 3.003944 -2.493308
750000 1.105755 2.899191 -2.404137
760000 1.051172 3.009671 -2.376078
770000 1.337768 3.026663 -2.356950
780000 1.242537 2.910807 -2.326863
790000 1.530765 2.838094 -2.388100
800000 1.260406 2.994528 -2.578324
810000 1.130983 2.880006 -2.321791
820000 1.506624 2.953793 -2.405602
830000 1.351073 2.894644 -2.394487
840000 0.751822 2.911744 -2.542187
850000 0.909974 -3.126236 -2.471129
860000 1.109140 2.988115 -2.526549
870000 0.995159 3.025389 -2.458061
880000 0.561593 3.052436 -2.427148
890000 0.691577 3.111640 -2.450593
900000 0.806208 2.993632 -2.438270
910000 0.906315 2.947216 -2.363173
920000 1.055002 3.017128 -2.376442
930000 1.187851 2.907548 -2.502381
940000 0.501281 3.081441 -2.512060
950000 0.694231 2.915310 -2.368854
960000 0.630168 2.895716 -2.448393
970000 0.808125 2.818568 -2.399506
980000 0.678287 2.958790 -2.317557
990000 0.496373 2.968474 -2.453382
1000000 0.506524 2.980157 -2.475020
