100000 1.079101 2.996221 -1.176108
110000 1.142575 2.978746 -1.137116
120000 0.942102 2.871940 -1.143108
130000 0.603468 3.024844 -1.235212
140000 1.228539 2.970239 -1.372074
150000 1.234421 2.960042 -1.088803
160000 1.164909 2.911170 -1.133369
170000 1.107904 2.935107 -1.171566
180000 1.370528 2.951873 -1.103915
190000 1.232607 3.009397 -1.081389
200000 0.788780 2.844190 -1.371043
210000 0.848225 2.972834 -1.054158
220000 0.848490 2.941422 -1.113016
230000 0.528081 2.998175 -1.252080
240000 0.799178 3.070299 -1.249498
250000 0.616526 3.025052 -1.193254
260000 1.056891 2.998502 -1.159534
270000 1.341523 3.025999 -1.178878
280000 1.386377 2.928243 -1.192681
290000 0.938680 3.054894 -1.323525
300000 0.907380 3.038989 -1.254028
310000 1.093757 2.998843 -1.130738
320000 1.207858 2.946915 -1.221085
330000 1.314144 3.064931 -1.245778
340000 1.113012 3.013827 -1.288438
350000 1.387513 3.129704 -1.288195
360000 0.979274 2.918790 -1.131466
370000 1.145606 2.956610 -1.222242
380000 1.122203 2.920832 -1.074233
390000 0.981518 3.035209 -1.178643
400000 0.586860 2.924742 -1.222598
410000 0.895650 3.019677 -1.219893
420000 0.717344 2.851222 -1.168899
430000 1.040962 2.921601 -1.242040
440000 1.320600 2.910089 -1.261865
450000 1.369755 2.851221 -1.223973
460000 1.006262 2.942336 -1.148680
470000 0.631905 2.913759 -1.268324
480000 0.493376 2.966511 -1.175139
490000 0.605863 2.998293 -1.231152
500000 0.583845 2.818533 -1.168816
510000 0.653388 3.074508 -1.153382
520000 0.643248 2.920653 -1.219154
530000 0.504219 3.027227 -1.304817
540000 0.753894 2.872840 -1.175754
550000 0.768968 2.963304 -1.294021
560000 0.938350 3.064796 -1.079970
570000 1.462545 2.951653 -1.179399
580000 1.298872 2.950241 -1.269324
590000 1.149159 2.929521 -1.374158
600000 0.988639 2.829896 -1.315826
610000 1.311012 2.918929 -1.221539
620000 1.180300 3.002745 -1.242690
630000 1.098756 2.925231 -1.183538
640000 0.815888 2.983049 -1.154375
650000 0.683210 2.887730 -1.231613
660000 0.905492 2.941173 -1.213924
670000 1.108342 2.959711 -1.198868
680000 1.161521 2.882328 -1.251801
690000 1.101216 2.982012 -1.205665
700000 1.163740 2.937398 -1.186487
710000 1.231799 3.033018 -1.093962
720000 1.225623 2.978442 -1.112569
730000 0.956502 2.870451 -1.176750
740000 0.964178 2.931339 -1.235559
750000 0.988471 3.035935 -1.027968
760000 1.303004 2.936233 -1.131248
770000 1.321992 2.890663 -1.238670
780000 1.142078 2.996110 -1.205045
790000 0.754587 2.948521 -1.031642
800000 0.500178 2.855663 -1.361678
810000 0.497782 3.050558 -1.134583
820000 0.638100 2.962924 -1.177528
830000 0.729336 2.879477 -1.219314
840000 0.806577 3.005903 -1.283502
850000 0.878882 3.017580 -1.185954
860000 0.796102 2.909004 -1.181887
870000 0.867799 2.843854 -1.253394
880000 1.014582 2.840357 -1.279866
890000 1.121867 2.883193 -1.337671
900000 1.250521 3.001192 -1.186432
910000 1.241891 3.048736 -1.250675
920000 1.225085 2.796483 -1.297592
930000 1.441204 2.917282 -1.129576
940000 1.326722 3.055544 -1.240982
950000 1.301587 2.980780 -1.170710
960000 1.412087 3.047706 -1.232545
970000 1.143877 2.907598 -1.240304
980000 0.937691 2.886225 -1.221134
990000 0.918766 2.953038 -1.275625
1000000 0.906733 2.905107 -1.250118
