100000 3.519039 2.646960 -2.447020
110000 3.266208 2.603264 -2.471696
120000 3.338275 2.680074 -2.435971
130000 2.181003 2.742931 -2.418647
140000 1.416449 2.679442 -2.498593
150000 1.981884 2.539395 -2.492995
160000 2.338318 2.782471 -2.490576
170000 2.401503 2.588886 -2.458548
180000 3.498906 2.752018 -2.494085
190000 4.124468 2.597099 -2.526273
200000 4.138417 2.619352 -2.296269
210000 2.849244 2.663450 -2.471019
220000 2.380475 2.546662 -2.357798
230000 1.810230 2.666921 -2.578336
240000 1.212166 2.641684 -2.529590
250000 0.908267 2.550424 -2.449188
260000 1.215582 2.745662 -2.482508
270000 1.608155 2.571220 -2.501024
280000 1.364072 2.644001 -2.521202
290000 1.132271 2.722427 -2.353753
300000 1.600004 2.454446 -2.434801
310000 1.314065 2.663958 -2.513941
320000 2.570124 2.616483 -2.357384
330000 3.383366 2.565510 -2.444543
340000 2.939068 2.631790 -2.495386
350000 4.054243 2.631247 -2.333335
360000 4.559733 2.557230 -2.360712
370000 5.053725 2.580588 -2.327225
380000 4.593443 2.678446 -2.482225
390000 3.725028 2.619674 -2.424096
400000 2.507664 2.712527 -2.520506
410000 2.145410 2.643481 -2.298474
420000 2.773016 2.698713 -2.537147
430000 3.496412 2.575939 -2.323197
440000 4.119175 2.508049 -2.441144
450000 3.972730 2.638126 -2.430088
460000 3.162472 2.613043 -2.321664
470000 3.334444 2.635181 -2.512786
480000 4.333350 2.610893 -2.368411
490000 4.630910 2.688319 -2.488120
500000 5.003784 2.646284 -2.423246
510000 4.289795 2.626564 -2.438084
520000 3.966199 2.673129 -2.544432
530000 4.908783 2.626664 -2.310706
540000 4.049436 2.641976 -2.489965
550000 3.908306 2.416237 -2.445346
560000 2.977829 2.453263 -2.391220
570000 2.382092 2.531989 -2.530971
580000 1.681095 2.454768 -2.416230
590000 1.576827 2.671657 -2.492495
600000 1.651723 2.686816 -2.442370
610000 1.485782 2.674665 -2.481986
620000 1.588435 2.604581 -2.536758
630000 1.127443 2.594179 -2.426239
640000 0.619193 2.648914 -2.487449
650000 0.954535 2.569761 -2.448535
660000 1.174218 2.622935 -2.401176
670000 1.326436 2.497228 -2.387749
680000 1.024396 2.601427 -2.350529
690000 0.595314 2.639526 -2.486334
700000 0.759934 2.640240 -2.488350
710000 1.141672 2.536093 -2.384300
720000 1.283295 2.672775 -2.415354
730000 1.386270 2.604190 -2.452495
740000 2.256532 2.681988 -2.412469
750000 2.860819 2.566689 -2.447406
760000 2.719331 2.758235 -2.417157
770000 2.232617 2.583497 -2.393894
780000 3.211322 2.583755 -2.447972
790000 3.765014 2.475144 -2.408282
800000 4.386828 2.574508 -2.532896
810000 4.511032 2.589962 -2.496312
820000 3.578391 2.662326 -2.403847
830000 4.882055 2.673253 -2.416189
840000 4.870221 2.638445 -2.355108
850000 3.555084 2.694648 -2.355888
860000 3.324794 2.627970 -2.314585
870000 2.332405 2.469969 -2.459924
880000 1.735684 2.670484 -2.329423
890000 2.091730 2.576574 -2.547586
900000 3.013830 2.600209 -2.316195
910000 4.219780 2.573753 -2.494925
920000 4.884320 2.606751 -2.417318
930000 4.402627 2.638815 -2.342108
940000 2.845786 2.551645 -2.443974
950000 2.602518 2.673189 -2.437598
960000 3.941478 2.624126 -2.373234
970000 3.796497 2.549884 -2.439412
980000 2.611638 2.537730 -2.471344
990000 1.731633 2.694747 -2.467733
1000000 1.982978 2.534535 -2.346059
1010000 2.354789 2.567130 -2.416995
1020000 2.142927 2.648184 -2.467249
1030000 2.632000 2.549514 -2.439126
1040000 3.626161 2.598529 -2.427977
1050000 2.894786 2.545963 -2.364612
1060000 4.077260 2.701859 -2.473016
1070000 4.803663 2.628533 -2.483424
1080000 4.317882 2.603578 -2.479710
1090000 3.255626 2.685352 -2.492378
1100000 3.900372 2.483539 -2.446383
1110000 2.679286 2.592203 -2.544525
1120000 3.154799 2.564159 -2.392310
1130000 4.483540 2.641428 -2.534318
1140000 4.266414 2.587581 -2.442176
1150000 4.901951 2.663397 -2.427755
1160000 4.662980 2.490719 -2.376550
1170000 3.396220 2.463103 -2.436067
1180000 3.681279 2.677838 -2.430581
1190000 2.775877 2.579009 -2.426961
1200000 2.355751 2.507986 -2.511813
1210000 2.322877 2.658079 -2.398501
1220000 2.086616 2.633855 -2.400650
1230000 1.516475 2.636812 -2.506128
1240000 1.434925 2.567304 -2.442132
1250000 1.763605 2.718028 -2.601244
1260000 2.011246 2.517078 -2.447787
1270000 1.246136 2.563565 -2.282742
1280000 0.860027 2.691975 -2.416914
1290000 1.170675 2.565612 -2.402652
1300000 0.910534 2.655432 -2.402152
1310000 0.488266 2.581028 -2.460216
1320000 0.504617 2.662351 -2.462367
1330000 0.857202 2.592234 -2.515167
1340000 1.435004 2.771121 -2.393847
1350000 1.648274 2.712137 -2.476848
1360000 1.554789 2.722048 -2.500757
1370000 1.865604 2.561350 -2.423523
1380000 2.024899 2.636925 -2.390937
1390000 2.132357 2.733747 -2.296876
1400000 2.882229 2.544759 -2.597835
1410000 2.952495 2.596818 -2.484033
1420000 4.059714 2.781286 -2.449221
1430000 4.491928 2.507391 -2.561712
1440000 4.164496 2.587305 -2.561789
1450000 4.925610 2.762239 -2.617581
1460000 4.192070 2.780919 -2.443358
1470000 3.454718 2.658466 -2.398656
1480000 2.770118 2.679178 -2.444190
1490000 2.282247 2.632524 -2.432823
1500000 2.672806 2.608998 -2.386905
1510000 4.076723 2.595047 -2.390451
1520000 3.961628 2.588636 -2.544241
1530000 3.565578 2.684996 -2.585637
1540000 3.184760 2.651203 -2.454922
1550000 3.446109 2.644916 -2.323762
1560000 4.078981 2.798367 -2.388944
1570000 3.911289 2.606073 -2.324689
1580000 3.381550 2.562405 -2.456922
1590000 4.504984 2.607359 -2.381809
1600000 4.734492 2.647745 -2.462585
1610000 4.871114 2.516597 -2.398808
1620000 4.817505 2.686429 -2.402843
1630000 4.369530 2.633049 -2.329684
1640000 3.912057 2.529292 -2.424323
1650000 3.360809 2.465448 -2.427380
1660000 3.842010 2.695383 -2.338457
1670000 4.870429 2.640272 -2.387316
1680000 4.231010 2.570761 -2.511067
1690000 4.211513 2.631457 -2.580153
1700000 4.809347 2.675492 -2.296787
1710000 3.634858 2.717063 -2.525059
1720000 4.332466 2.626482 -2.456696
1730000 4.796822 2.619811 -2.540197
1740000 4.018577 2.762062 -2.363975
1750000 2.977056 2.564758 -2.440565
1760000 3.021233 2.608859 -2.498480
1770000 2.182080 2.590462 -2.450923
1780000 1.936261 2.620706 -2.583338
1790000 1.950751 2.627863 -2.400114
1800000 2.356667 2.567029 -2.547197
1810000 1.692274 2.623529 -2.514848
1820000 1.136369 2.577352 -2.501427
1830000 0.855643 2.600800 -2.512334
1840000 1.143028 2.741019 -2.568433
1850000 1.388697 2.629595 -2.438284
1860000 1.191911 2.791681 -2.467062
1870000 1.328290 2.662739 -2.289424
1880000 1.441723 2.553493 -2.470409
1890000 2.045101 2.670371 -2.440141
1900000 2.052636 2.603589 -2.489822
1910000 2.185589 2.734403 -2.426906
1920000 2.487309 2.589169 -2.309587
1930000 2.452704 2.643174 -2.525235
1940000 2.983221 2.536770 -2.402852
1950000 2.871222 2.730476 -2.396081
1960000 3.257604 2.648379 -2.509335
1970000 3.395679 2.540898 -2.508347
1980000 2.967538 2.596680 -2.419450
1990000 3.344789 2.697359 -2.503836
2000000 4.947508 2.522823 -2.445345
2010000 4.679400 2.546030 -2.372266
2020000 3.450754 2.663237 -2.449073
2030000 3.630378 2.546143 -2.453780
2040000 3.817995 2.713991 -2.419023
2050000 4.747608 2.655716 -2.442497
2060000 4.976158 2.614852 -2.388073
2070000 4.747742 2.616613 -2.320752
2080000 4.022059 2.596145 -2.498492
2090000 3.822315 2.755573 -2.481299
2100000 3.831587 2.654274 -2.399389
2110000 4.760049 2.581035 -2.393462
2120000 4.274408 2.676771 -2.615943
2130000 3.489657 2.601417 -2.575541
2140000 3.167961 2.716295 -2.471241
2150000 2.731051 2.560833 -2.320634
2160000 3.094699 2.669281 -2.500304
2170000 2.590194 2.630327 -2.489987
2180000 2.376997 2.635567 -2.361184
2190000 2.068582 2.639518 -2.506622
2200000 2.138650 2.657830 -2.315079
2210000 1.444341 2.792747 -2.518280
2220000 1.757972 2.538044 -2.520522
2230000 2.799997 2.604369 -2.525886
2240000 3.100461 2.530226 -2.412508
2250000 3.267268 2.676269 -2.329734
2260000 3.431174 2.720554 -2.289647
2270000 3.234105 2.629190 -2.360306
2280000 2.717017 2.519048 -2.414252
2290000 1.682912 2.680004 -2.480792
2300000 2.106481 2.608404 -2.327330
2310000 2.432020 2.496792 -2.474106
2320000 1.092876 2.662567 -2.420867
2330000 0.892623 2.758224 -2.449225
2340000 0.598526 2.552306 -2.536921
2350000 0.711005 2.598245 -2.448915
2360000 0.532916 2.626008 -2.671430
2370000 0.858833 2.711499 -2.422148
2380000 0.834369 2.455545 -2.441015
2390000 0.676061 2.638266 -2.581406
2400000 1.010417 2.594996 -2.363052
2410000 0.509210 2.417720 -2.522505
2420000 0.758287 2.720919 -2.575431
2430000 1.017074 2.692367 -2.518774
2440000 0.982117 2.604973 -2.512660
2450000 0.495171 2.641119 -2.550104
2460000 0.780484 2.640226 -2.426094
2470000 0.666364 2.611372 -2.442722
2480000 0.646293 2.787882 -2.402647
2490000 0.504476 2.645164 -2.438299
2500000 0.715432 2.538678 -2.480775
2510000 1.005545 2.538577 -2.463977
2520000 0.951465 2.707426 -2.375263
2530000 1.249141 2.572089 -2.417459
2540000 1.030579 2.618139 -2.418755
2550000 0.866514 2.639518 -2.409692
2560000 0.953093 2.670367 -2.281098
2570000 0.994941 2.688928 -2.432764
2580000 1.387883 2.744381 -2.401183
2590000 1.484680 2.663435 -2.543972
2600000 2.127368 2.582052 -2.505790
2610000 1.741933 2.702139 -2.407293
2620000 1.615728 2.633717 -2.562613
2630000 1.456495 2.608141 -2.345704
2640000 1.516411 2.550087 -2.501211
2650000 1.665387 2.720449 -2.598318
2660000 1.940001 2.567814 -2.371134
2670000 2.644700 2.601371 -2.450986
2680000 2.940686 2.624583 -2.448281
2690000 2.923283 2.586866 -2.464166
2700000 3.719162 2.590432 -2.463163
2710000 3.077403 2.581795 -2.322938
2720000 4.146962 2.508860 -2.548749
2730000 4.878259 2.602441 -2.536004
2740000 4.636224 2.700890 -2.387547
2750000 4.313511 2.505621 -2.396853
2760000 4.846872 2.585257 -2.410244
2770000 3.890871 2.525156 -2.444938
2780000 4.607702 2.643191 -2.542245
2790000 3.474926 2.523541 -2.468054
2800000 3.994960 2.685714 -2.420461
2810000 2.815230 2.531452 -2.449143
2820000 3.029112 2.549068 -2.491223
2830000 2.770030 2.581041 -2.518414
2840000 2.956332 2.477597 -2.407475
2850000 2.244152 2.685686 -2.458396
2860000 2.386045 2.689803 -2.391102
2870000 2.619483 2.553942 -2.474885
2880000 2.374982 2.587223 -2.488284
2890000 2.525638 2.638634 -2.399669
2900000 2.108235 2.586048 -2.470542
2910000 2.382450 2.600991 -2.402076
2920000 2.059540 2.461023 -2.456061
2930000 3.269858 2.662100 -2.522638
2940000 3.415830 2.678029 -2.513421
2950000 3.933708 2.686455 -2.581569
2960000 4.568329 2.566311 -2.520177
2970000 4.185992 2.561229 -2.464042
2980000 4.757743 2.665803 -2.403168
2990000 4.304979 2.630043 -2.410187
3000000 3.494520 2.704983 -2.454053
3010000 3.649112 2.622595 -2.455025
3020000 4.391174 2.745477 -2.423768
3030000 3.485442 2.534521 -2.442942
3040000 3.084626 2.801290 -2.450291
3050000 2.783005 2.512619 -2.458233
3060000 1.688244 2.615628 -2.388136
3070000 1.492977 2.659013 -2.410840
3080000 1.210764 2.610797 -2.497645
3090000 1.288674 2.683280 -2.390975
3100000 1.083619 2.617828 -2.579586
3110000 1.238291 2.609980 -2.445711
3120000 0.821061 2.737162 -2.417096
3130000 0.780492 2.581396 -2.393823
3140000 0.858654 2.541588 -2.441847
3150000 0.574693 2.559512 -2.489959
3160000 0.648380 2.578740 -2.446149
3170000 0.902012 2.591171 -2.270904
3180000 0.750637 2.571228 -2.435725
3190000 1.016954 2.586508 -2.530394
3200000 1.321753 2.626814 -2.411070
3210000 1.892990 2.486884 -2.379363
3220000 1.628185 2.632387 -2.456490
3230000 1.533099 2.671089 -2.512607
3240000 1.546484 2.487022 -2.531141
3250000 2.013583 2.675491 -2.440941
3260000 1.949038 2.613411 -2.562703
3270000 2.413455 2.637104 -2.489944
3280000 2.006237 2.429914 -2.410023
3290000 2.632938 2.620202 -2.325074
3300000 2.833761 2.675252 -2.385234
3310000 3.833978 2.648133 -2.524300
3320000 4.499504 2.577266 -2.510315
3330000 4.092822 2.591184 -2.576971
3340000 3.486631 2.648443 -2.360531
3350000 3.467306 2.547624 -2.411935
3360000 3.145977 2.679639 -2.380889
3370000 3.660485 2.617784 -2.317322
3380000 4.319398 2.621635 -2.638345
3390000 4.422920 2.663187 -2.548490
3400000 4.252647 2.528031 -2.348034
3410000 2.979238 2.623943 -2.414535
3420000 4.447983 2.622549 -2.512097
3430000 3.139101 2.746550 -2.524745
3440000 3.547199 2.635471 -2.499402
3450000 3.720551 2.594062 -2.549747
3460000 4.500290 2.634403 -2.529708
3470000 3.947391 2.509029 -2.296896
3480000 3.913486 2.602258 -2.477910
3490000 4.640869 2.474671 -2.474069
3500000 4.963658 2.519586 -2.422315
3510000 3.504283 2.674704 -2.489670
3520000 3.212896 2.685748 -2.473906
3530000 2.631062 2.524729 -2.445416
3540000 2.802382 2.609972 -2.523665
3550000 2.255833 2.645221 -2.310356
3560000 2.211262 2.542550 -2.411736
3570000 2.540605 2.550717 -2.476591
3580000 1.765090 2.583373 -2.445260
3590000 1.986009 2.733380 -2.389101
3600000 2.743738 2.522488 -2.527826
3610000 2.423214 2.572357 -2.502075
3620000 2.664594 2.646600 -2.393066
3630000 3.033767 2.640253 -2.329757
3640000 2.668787 2.594352 -2.459477
3650000 2.633013 2.616540 -2.472519
3660000 1.779320 2.448309 -2.379326
3670000 2.245517 2.792660 -2.455894
3680000 1.833215 2.644418 -2.366332
3690000 1.684868 2.741816 -2.486732
3700000 1.336615 2.680940 -2.414363
3710000 1.283426 2.662742 -2.464564
3720000 1.555295 2.615638 -2.482701
3730000 1.478972 2.687194 -2.500255
3740000 1.624386 2.748776 -2.528473
3750000 1.738933 2.672103 -2.347756
3760000 2.576899 2.460904 -2.394910
3770000 2.953854 2.753343 -2.510915
3780000 4.110033 2.530748 -2.440530
3790000 4.697534 2.541578 -2.347360
3800000 5.046721 2.581144 -2.474121
3810000 4.493577 2.631007 -2.369117
3820000 4.876117 2.657037 -2.341317
3830000 4.961417 2.557941 -2.492251
3840000 4.459402 2.637877 -2.437415
3850000 4.299002 2.669524 -2.537514
3860000 3.573027 2.639500 -2.398078
3870000 4.710024 2.607573 -2.462919
3880000 3.782064 2.609335 -2.397443
3890000 3.016520 2.759978 -2.302967
3900000 2.941638 2.577497 -2.417322
3910000 3.616023 2.559577 -2.526528
3920000 3.682508 2.579414 -2.363199
3930000 4.175382 2.651238 -2.587204
3940000 4.445133 2.580354 -2.374806
3950000 3.821234 2.636527 -2.446803
3960000 3.112019 2.612292 -2.426297
3970000 4.043281 2.564899 -2.457047
3980000 3.893753 2.667351 -2.519507
3990000 3.131544 2.668843 -2.357958
4000000 2.491953 2.695096 -2.390546
