100000 5.023665 2.295345 1.961251
110000 3.602852 2.372893 1.930741
120000 3.753392 2.400020 1.961725
130000 2.745201 2.458994 1.884525
140000 2.946571 2.579294 1.917871
150000 2.299846 2.538410 1.899952
160000 3.914413 2.537593 1.880558
170000 3.961505 2.565443 1.966800
180000 3.216310 2.550622 1.786763
190000 3.565059 2.446120 1.999345
200000 3.020470 2.382439 1.946255
210000 3.945321 2.366150 1.990682
220000 4.544062 2.466198 1.836943
230000 3.972107 2.454554 1.942831
240000 4.826476 2.442056 1.931975
250000 4.917885 2.484661 1.964172
260000 4.888938 2.487557 1.868292
270000 3.146785 2.413553 2.051236
280000 1.462787 2.467859 1.870394
290000 1.176528 2.386360 1.969892
300000 0.965742 2.485472 1.871387
310000 0.832258 2.502517 1.956068
320000 0.998526 2.410936 1.936715
330000 1.337785 2.292738 1.897748
340000 1.115659 2.428325 1.870617
350000 1.070626 2.535780 1.923267
360000 1.702880 2.415801 1.950409
370000 2.149501 2.433178 1.918816
380000 1.832148 2.470652 1.930612
390000 2.734689 2.444306 1.949071
400000 2.186785 2.389631 1.925928
410000 1.691528 2.479358 1.877401
420000 1.568660 2.433269 1.824708
430000 2.149220 2.326194 1.953100
440000 2.508071 2.474685 1.878384
450000 3.097754 2.472098 1.955277
460000 3.139305 2.462868 1.939780
470000 3.315462 2.463947 2.015267
480000 4.211160 2.447577 1.917456
490000 3.601414 2.302562 1.887808
500000 3.164261 2.475808 1.856860
510000 2.340326 2.451861 1.951164
520000 3.238369 2.495733 1.995992
530000 4.063759 2.390665 1.823180
540000 3.866530 2.333429 1.930770
550000 4.831672 2.447134 1.894823
560000 4.608025 2.315671 1.943132
570000 4.165825 2.341193 1.946248
580000 4.627919 2.286176 1.945888
590000 3.390420 2.441897 1.830607
600000 3.285365 2.283170 1.886561
610000 2.695894 2.534694 1.951774
620000 1.828802 2.394803 1.905322
630000 2.033227 2.425642 2.033126
640000 2.520252 2.436503 1.933557
650000 1.527499 2.431547 1.939482
660000 1.660580 2.488473 1.925615
670000 2.013530 2.423779 1.976027
680000 1.324424 2.415542 2.097833
690000 1.300882 2.409541 1.996198
700000 1.208062 2.552382 1.999005
710000 0.943140 2.431456 1.989821
720000 0.996297 2.513344 1.894804
730000 0.943374 2.444665 2.023086
740000 1.602047 2.454564 1.826061
750000 1.615138 2.472708 1.934319
760000 1.783717 2.421557 1.855910
770000 2.262058 2.452997 1.915856
780000 3.147526 2.318403 2.053234
790000 4.004107 2.348717 1.982362
800000 4.319931 2.450176 1.966387
810000 3.748370 2.396423 1.912234
820000 2.331862 2.502261 1.916863
830000 2.556623 2.424442 1.995771
840000 2.354079 2.431238 1.831995
850000 1.974243 2.449997 1.915520
860000 2.882916 2.235497 1.857285
870000 3.794258 2.382627 1.996758
880000 3.363833 2.557981 1.988306
890000 4.401571 2.441292 1.846272
900000 4.593380 2.384261 1.910263
910000 4.510491 2.422603 2.001408
920000 4.107084 2.511779 1.849730
930000 3.250257 2.413056 1.854097
940000 2.880031 2.506499 1.875352
950000 2.476724 2.458310 1.948877
960000 2.491345 2.548855 1.997623
970000 2.615162 2.351931 1.864951
980000 2.970672 2.354329 1.894359
990000 4.244328 2.440998 1.910529
1000000 4.418512 2.469899 1.899270
1010000 3.777861 2.591880 1.913174
1020000 4.214115 2.322534 1.901230
1030000 4.719017 2.368952 1.896239
1040000 4.042524 2.378950 1.924601
1050000 5.041693 2.348647 2.002732
1060000 3.113204 2.272426 2.016627
1070000 2.853814 2.413767 1.835029
1080000 3.361330 2.393984 2.002859
1090000 3.173613 2.346037 2.005778
1100000 4.092144 2.426181 2.005990
1110000 3.770723 2.452531 2.006039
1120000 3.388944 2.396229 2.019779
1130000 4.993502 2.542194 1.940426
1140000 4.431579 2.581849 1.809845
1150000 3.754584 2.463039 1.918032
1160000 4.439809 2.407991 1.899211
1170000 4.291746 2.400360 1.869174
1180000 3.998556 2.421363 1.927149
1190000 4.561487 2.420977 1.864118
1200000 3.780999 2.257713 1.956403
1210000 2.766036 2.446760 1.799743
1220000 2.064282 2.455439 1.869186
1230000 1.799104 2.457682 1.944599
1240000 1.388691 2.604481 2.162502
1250000 1.472546 2.443688 2.018786
1260000 1.274844 2.418474 1.910972
1270000 0.827375 2.511184 1.933477
1280000 0.667117 2.499865 2.037453
1290000 0.842822 2.510988 1.953114
1300000 0.696697 2.492999 1.759898
1310000 0.992981 2.416794 1.927855
1320000 1.267119 2.477229 1.828991
1330000 1.283540 2.415558 1.831540
1340000 1.297244 2.350893 1.965957
1350000 1.651115 2.387768 1.884947
1360000 1.574767 2.347901 1.975748
1370000 1.987213 2.437219 1.814034
1380000 1.942862 2.370318 2.043530
1390000 1.805728 2.508344 1.806742
1400000 1.677991 2.501115 1.973365
1410000 2.321512 2.376841 1.997474
1420000 2.003866 2.547010 1.842475
1430000 2.303454 2.402099 1.934627
1440000 2.762441 2.502409 1.948483
1450000 2.447434 2.458929 1.887293
1460000 3.012837 2.631310 1.979588
1470000 2.841422 2.448054 2.055268
1480000 2.341510 2.354280 1.905977
1490000 2.166955 2.500541 1.930977
1500000 1.930999 2.454186 1.774905
1510000 2.271340 2.465891 1.958702
1520000 3.516036 2.490922 1.841933
1530000 4.321989 2.382821 2.019125
1540000 4.773112 2.393089 1.897241
1550000 4.109981 2.380230 1.880044
1560000 3.903188 2.558848 1.864695
1570000 3.135632 2.478357 2.056986
1580000 2.492809 2.442523 2.020187
1590000 2.789593 2.463489 1.959658
1600000 3.158338 2.406877 1.952884
1610000 3.542945 2.462019 1.907238
1620000 3.503037 2.371569 1.949621
1630000 3.582174 2.476161 1.938657
1640000 4.086809 2.363305 1.803870
1650000 3.224232 2.389304 1.908834
1660000 2.310715 2.493323 1.895002
1670000 1.976151 2.447157 2.054326
1680000 2.418582 2.630578 1.898340
1690000 2.712720 2.456398 1.859092
1700000 2.977580 2.555605 1.867587
1710000 2.584250 2.458692 1.814624
1720000 3.045834 2.364070 1.932379
1730000 3.772370 2.430805 1.972303
1740000 4.934978 2.517260 1.915596
1750000 4.885167 2.550818 2.009738
1760000 4.790526 2.457601 1.762792
1770000 4.859113 2.535135 1.868813
1780000 4.764834 2.403444 1.895977
1790000 4.423557 2.572992 1.842249
1800000 4.259090 2.586275 1.963846
1810000 3.674174 2.445985 1.999153
1820000 3.516817 2.560841 1.931089
1830000 2.998623 2.407222 2.090733
1840000 2.734816 2.372954 1.932312
1850000 1.611342 2.354042 1.867238
1860000 0.971484 2.511755 1.960940
1870000 1.163771 2.426536 1.989699
1880000 0.795097 2.493286 1.950442
1890000 0.698822 2.552330 2.065765
1900000 0.537031 2.481132 1.856743
1910000 0.828880 2.495139 1.841948
1920000 0.937401 2.436826 1.931066
1930000 0.611173 2.368481 1.914859
1940000 0.521621 2.577741 1.898762
1950000 0.667805 2.606976 1.990825
1960000 0.746827 2.445856 1.919734
1970000 1.124805 2.544261 1.868773
1980000 1.105005 2.459802 1.986726
1990000 1.472655 2.501406 1.920546
2000000 1.446649 2.505993 1.934461
2010000 1.152542 2.493437 1.907940
2020000 1.315360 2.450279 1.826785
2030000 1.656016 2.481138 1.893635
2040000 1.995198 2.515395 1.796655
2050000 1.843784 2.466360 1.985431
2060000 2.162780 2.443304 1.936699
2070000 2.015902 2.563311 1.862100
2080000 2.360531 2.585007 1.968299
2090000 1.791663 2.483026 1.948476
2100000 1.679012 2.464388 1.894749
2110000 1.707174 2.446311 1.812465
2120000 1.572128 2.339542 1.903446
2130000 1.640430 2.381784 1.929164
2140000 1.946255 2.283214 1.929723
2150000 1.929294 2.481224 1.872519
2160000 1.864498 2.425895 1.876958
2170000 1.702373 2.463564 1.951164
2180000 1.515247 2.460040 1.914904
2190000 1.153640 2.368146 1.835318
2200000 1.319321 2.531699 1.923644
2210000 1.322942 2.420813 1.951645
2220000 0.958230 2.526626 1.945201
2230000 0.920781 2.478948 1.860930
2240000 1.036778 2.419424 1.969368
2250000 1.176755 2.499547 1.889064
2260000 1.275760 2.485100 1.949947
2270000 1.451690 2.497613 1.871454
2280000 1.180349 2.497531 1.948026
2290000 0.969292 2.456547 1.796295
2300000 1.052936 2.391879 1.875677
2310000 1.005733 2.424902 1.834066
2320000 0.786570 2.411127 1.842941
2330000 0.677882 2.387007 1.898845
2340000 0.976583 2.394382 1.888714
2350000 1.511391 2.484580 1.834476
2360000 1.608512 2.508835 1.901063
2370000 1.611135 2.446506 1.836638
2380000 1.354350 2.458042 1.885827
2390000 2.168775 2.400915 1.862884
2400000 2.362428 2.416184 1.895566
2410000 2.853321 2.400445 1.927550
2420000 3.039278 2.400545 1.969380
2430000 3.829874 2.446276 1.964807
2440000 4.025660 2.527515 1.987829
2450000 3.994786 2.296309 1.921083
2460000 4.404429 2.415790 1.865969
2470000 4.857522 2.295980 1.967763
2480000 4.731233 2.270734 2.009793
2490000 4.501818 2.454021 1.898101
2500000 3.809923 2.325676 1.830875
2510000 3.422115 2.427358 1.856054
2520000 2.973947 2.459473 1.917378
2530000 3.282331 2.478489 1.920493
2540000 3.028198 2.454705 1.906464
2550000 2.512802 2.532959 1.981585
2560000 3.878424 2.388385 1.965325
2570000 3.570579 2.520007 1.929479
2580000 4.984627 2.380009 1.813490
2590000 4.970785 2.500240 1.861684
2600000 4.905671 2.456946 1.958755
2610000 4.972956 2.558551 2.003258
2620000 5.018223 2.438918 1.928811
2630000 4.193400 2.399459 2.017730
2640000 3.576620 2.489859 1.887174
2650000 3.187742 2.504394 1.896300
2660000 4.373396 2.377016 1.976155
2670000 2.988008 2.509331 1.919109
2680000 3.656272 2.303175 1.952168
2690000 3.120795 2.446541 1.874813
2700000 3.374803 2.487770 1.810635
2710000 4.896353 2.388311 1.941057
2720000 4.869804 2.471352 1.895446
2730000 4.720419 2.500690 1.931486
2740000 4.553087 2.477622 1.840204
2750000 3.674712 2.466636 1.919445
2760000 2.561230 2.371407 1.913614
2770000 2.335894 2.557382 1.806708
2780000 2.234898 2.505164 1.980381
2790000 2.113478 2.468798 1.910002
2800000 1.951999 2.351433 1.850425
2810000 2.099696 2.450418 1.880552
2820000 1.976965 2.487931 2.091073
2830000 2.460295 2.530014 1.940157
2840000 1.669729 2.426733 1.964093
2850000 1.780935 2.533778 1.906178
2860000 1.624677 2.454235 1.993915
2870000 2.047616 2.576133 1.882494
2880000 2.484396 2.243540 1.929042
2890000 2.564244 2.333329 1.995024
2900000 3.145894 2.470004 1.771158
2910000 3.348452 2.276241 2.016965
2920000 3.224160 2.399553 1.893437
2930000 2.960030 2.430109 1.926803
2940000 3.461583 2.271645 1.862353
2950000 4.699188 2.566562 1.745136
2960000 3.807789 2.478594 1.968555
2970000 4.562544 2.350769 1.833018
2980000 4.124557 2.451132 2.102185
2990000 3.930432 2.466901 2.014981
3000000 3.376190 2.413432 1.973671
3010000 2.906794 2.530891 1.860436
3020000 4.225117 2.513157 1.891059
3030000 4.413006 2.512099 1.855817
3040000 3.886401 2.325317 1.883695
3050000 3.069262 2.409428 1.696968
3060000 3.677536 2.401086 1.969375
3070000 3.970098 2.523288 1.972018
3080000 4.424388 2.407021 1.864305
3090000 4.835903 2.533067 1.934490
3100000 4.188679 2.451897 1.999138
3110000 4.742053 2.411434 2.082602
3120000 3.855013 2.438237 1.821623
3130000 3.765949 2.427556 2.014424
3140000 3.057712 2.510322 2.069027
3150000 2.526822 2.481238 1.892114
3160000 2.457788 2.389756 1.960075
3170000 2.892963 2.472621 1.827572
3180000 2.807893 2.608894 1.798600
3190000 2.890652 2.571317 1.959845
3200000 2.218711 2.396243 1.952943
3210000 1.896312 2.559566 2.049244
3220000 1.964779 2.511934 1.960051
3230000 2.773556 2.470698 1.937958
3240000 3.126299 2.425615 1.921867
3250000 3.707655 2.453397 2.106570
3260000 4.071101 2.489307 1.836862
3270000 4.915272 2.451023 1.911022
3280000 4.134240 2.608696 1.884542
3290000 4.230937 2.389017 1.866638
3300000 3.817521 2.335457 1.812967
3310000 4.643062 2.402400 1.922736
3320000 4.651411 2.392193 1.997895
3330000 4.659193 2.551427 1.832645
3340000 3.333446 2.436145 1.783522
3350000 3.695170 2.427548 1.855229
3360000 3.399881 2.543545 1.873499
3370000 3.950213 2.364437 1.960710
3380000 4.150612 2.421382 1.950843
3390000 4.582671 2.519075 2.010167
3400000 4.777945 2.572092 1.949757
3410000 3.764731 2.412170 2.006525
3420000 3.998552 2.356494 1.878007
3430000 3.025485 2.556783 1.812154
3440000 2.817283 2.434374 2.042842
3450000 3.056225 2.540153 1.941582
3460000 2.646835 2.430598 1.881184
3470000 3.014895 2.527964 1.870655
3480000 2.820157 2.394595 1.891513
3490000 2.246667 2.385876 1.845233
3500000 2.837727 2.258704 1.941959
3510000 3.455509 2.512791 1.951666
3520000 3.096826 2.508699 2.081695
3530000 2.528070 2.404687 1.801961
3540000 2.543462 2.495920 2.034756
3550000 1.897949 2.396252 1.938501
3560000 1.817653 2.488372 1.895051
3570000 2.156161 2.416811 1.806714
3580000 2.377598 2.370837 1.988292
3590000 2.042005 2.414906 2.018677
3600000 1.597389 2.396556 1.880373
3610000 1.810232 2.447782 1.910830
3620000 1.407933 2.373226 1.988753
3630000 1.317442 2.418369 1.825973
3640000 1.273919 2.461602 1.844921
3650000 1.112709 2.497909 1.913387
3660000 1.058532 2.281814 2.088852
3670000 0.973766 2.395112 1.940191
3680000 0.667823 2.416563 1.884953
3690000 0.954851 2.545493 1.884615
3700000 0.880946 2.378138 2.021434
3710000 0.786408 2.448269 1.996830
3720000 0.849426 2.501896 1.972994
3730000 0.983538 2.481463 1.886786
3740000 1.001807 2.470555 2.018016
3750000 1.019094 2.469400 1.832647
3760000 0.953713 2.421432 2.054123
3770000 1.207608 2.435521 1.961819
3780000 0.594973 2.460123 1.967928
3790000 0.498248 2.564159 1.880172
3800000 0.813717 2.588274 1.997899
3810000 0.948489 2.442045 1.933513
3820000 0.966212 2.531170 1.861625
3830000 1.072457 2.462801 1.875920
3840000 0.764573 2.459515 1.940923
3850000 0.672583 2.523284 1.900288
3860000 0.642258 2.543221 1.852390
3870000 0.629545 2.506703 1.972584
3880000 0.907069 2.465972 1.937117
3890000 0.905572 2.362699 1.914301
3900000 1.354804 2.452919 2.047227
3910000 2.160794 2.334968 1.909118
3920000 2.260564 2.365210 1.948444
3930000 1.838164 2.462989 1.946653
3940000 2.095204 2.464226 1.931321
3950000 2.276889 2.408802 1.922034
3960000 2.042613 2.486266 1.976084
3970000 3.829866 2.515876 1.924095
3980000 4.601509 2.499865 1.952114
3990000 4.244346 2.374911 2.052677
4000000 3.770243 2.455987 1.872065
