100000 4.227246 2.485356 0.808224
110000 4.130831 2.493005 0.973408
120000 2.627656 2.524972 0.862052
130000 1.722717 2.478203 0.870555
140000 1.803677 2.404680 0.989074
150000 1.161400 2.504059 0.846757
160000 1.221299 2.318597 0.968321
170000 1.273432 2.510627 0.888701
180000 1.040505 2.414454 0.790481
190000 0.914924 2.391229 0.821235
200000 1.672620 2.396810 0.879375
210000 1.665026 2.339890 0.794656
220000 2.538336 2.421146 0.755848
230000 3.213686 2.505324 1.007036
240000 3.018662 2.403612 0.866260
250000 3.343599 2.501789 0.855657
260000 2.969618 2.455078 0.880099
270000 2.397900 2.440338 0.820931
280000 3.287042 2.405250 0.834939
290000 3.789426 2.435747 0.868506
300000 4.275787 2.495809 0.857104
310000 4.747187 2.573481 0.806881
320000 4.494049 2.518266 0.801962
330000 3.794245 2.310620 1.001520
340000 3.544679 2.510898 0.811553
350000 2.920699 2.370889 0.910328
360000 1.832215 2.416746 0.847922
370000 1.348758 2.474744 0.939206
380000 1.913386 2.476538 0.910443
390000 2.360939 2.552273 0.805875
400000 2.555339 2.439066 0.862273
410000 4.430681 2.600011 0.840015
420000 4.458353 2.498590 0.902103
430000 4.215733 2.428370 0.961611
440000 4.347940 2.390587 0.914472
450000 4.588230 2.359145 0.838775
460000 3.822439 2.406006 0.925421
470000 3.018411 2.537413 0.796398
480000 2.730399 2.392693 0.794479
490000 2.604195 2.506144 0.826180
500000 1.865290 2.414377 0.902303
510000 1.358990 2.535430 0.921918
520000 1.273809 2.442593 0.849161
530000 1.232615 2.423228 0.728322
540000 1.418790 2.406866 0.791281
550000 1.166373 2.435680 0.922939
560000 1.167351 2.452208 0.907575
570000 1.667794 2.494993 0.813921
580000 1.936251 2.288841 0.893425
590000 2.346643 2.448512 1.002875
600000 2.857578 2.407784 0.827441
610000 3.702533 2.410645 0.818542
620000 4.411505 2.397284 0.837909
630000 4.796455 2.467061 0.833044
640000 3.943438 2.423351 0.861777
650000 4.312140 2.676876 0.840924
660000 3.399406 2.510417 0.904869
670000 3.297981 2.448043 0.885306
680000 4.226206 2.478299 0.892257
690000 4.041663 2.484820 0.782254
700000 3.649948 2.491283 1.017266
710000 4.147982 2.582103 0.880991
720000 4.382796 2.437280 0.818012
730000 4.629422 2.510348 0.747162
740000 4.453898 2.423105 0.834995
750000 2.952504 2.544868 0.918540
760000 2.512594 2.355633 0.909081
770000 2.531775 2.437800 0.983220
780000 3.223171 2.457889 0.810055
790000 3.533625 2.391672 0.829877
800000 2.939754 2.380217 0.982706
810000 3.002842 2.389740 0.827654
820000 2.463435 2.420893 0.890218
830000 1.876526 2.548974 0.817168
840000 1.840264 2.375000 0.856540
850000 1.698149 2.476566 1.099941
860000 1.398428 2.475485 0.844088
870000 1.326137 2.475783 0.949150
880000 1.491210 2.337748 0.841637
890000 0.703341 2.521869 1.027271
900000 0.875965 2.630241 0.866566
910000 0.490951 2.549799 0.822962
920000 0.913290 2.438663 0.768615
930000 0.880055 2.484972 0.834067
940000 1.150710 2.340799 0.852668
950000 1.491194 2.500997 0.885981
960000 2.464710 2.440567 0.902535
970000 3.147643 2.396445 0.835598
980000 2.182299 2.481821 0.804937
990000 2.261503 2.441143 0.779021
1000000 1.866367 2.333013 0.930524
1010000 1.909035 2.344996 0.944076
1020000 1.678245 2.398299 0.834126
1030000 1.819261 2.384612 0.855144
1040000 2.416794 2.471597 0.906081
1050000 1.811494 2.516211 0.818794
1060000 2.534886 2.390967 0.906769
1070000 3.856778 2.322243 0.892435
1080000 4.275698 2.375234 0.893455
1090000 4.895521 2.446789 0.754393
1100000 4.829866 2.537878 0.909056
1110000 4.897124 2.389768 0.896203
1120000 3.750218 2.416221 0.870290
1130000 4.153680 2.407149 0.898305
1140000 4.904009 2.373009 0.773549
1150000 4.518747 2.453541 0.815751
1160000 3.627013 2.459581 0.841431
1170000 3.517084 2.472030 0.945897
1180000 2.774364 2.503672 0.752139
1190000 3.045648 2.507646 0.946930
1200000 2.560742 2.313356 0.966866
1210000 2.266262 2.587077 0.957407
1220000 2.890559 2.375489 0.962767
1230000 3.324879 2.469052 0.867126
1240000 3.876703 2.462388 1.087240
1250000 3.264130 2.551214 0.933544
1260000 2.281931 2.505383 0.875294
1270000 2.333053 2.497185 0.906571
1280000 2.610313 2.316792 0.897576
1290000 3.383326 2.348272 0.756635
1300000 4.064880 2.409700 0.820674
1310000 4.222496 2.343025 0.846330
1320000 4.400666 2.521388 0.894463
1330000 4.803574 2.389154 0.773862
1340000 4.538051 2.585982 0.844299
1350000 4.740664 2.444457 0.959736
1360000 4.325864 2.547587 0.959325
1370000 4.432360 2.408242 0.832794
1380000 3.959921 2.294478 0.869228
1390000 4.325034 2.470488 0.876688
1400000 3.537153 2.527112 0.693998
1410000 3.161561 2.501453 0.901441
1420000 3.431732 2.559113 0.904599
1430000 3.614330 2.467822 0.883098
1440000 2.827745 2.379128 0.922023
1450000 3.261579 2.478209 0.806224
1460000 2.059951 2.615468 0.823770
1470000 1.567959 2.523272 1.004071
1480000 1.695325 2.344293 0.840672
1490000 1.390012 2.452870 0.898616
1500000 1.186542 2.506373 0.889834
1510000 0.935159 2.551057 0.982021
1520000 0.861906 2.350477 0.728522
1530000 1.114807 2.514077 0.897407
1540000 1.092652 2.411757 0.868830
1550000 1.171857 2.389827 0.864351
1560000 1.174246 2.514149 0.878858
1570000 1.337462 2.422900 0.887173
1580000 1.343985 2.450223 0.972993
1590000 1.230197 2.442651 0.863540
1600000 1.046241 2.474673 0.661297
1610000 0.664283 2.452257 0.884682
1620000 0.808612 2.460610 0.834217
1630000 0.713111 2.518114 0.809419
1640000 0.882983 2.662338 0.901776
1650000 0.992443 2.547026 0.935771
1660000 1.025104 2.360164 0.907240
1670000 0.579466 2.505027 0.822906
1680000 0.573184 2.524425 0.854049
1690000 1.054630 2.522101 0.791996
1700000 1.141297 2.485138 0.897198
1710000 1.930110 2.255057 0.852096
1720000 2.100472 2.422664 0.998060
1730000 2.623478 2.474535 0.823005
1740000 2.662105 2.548940 0.909202
1750000 3.116008 2.425210 0.772500
1760000 3.729787 2.417682 0.833484
1770000 4.410521 2.291845 0.824713
1780000 3.825258 2.561195 0.975871
1790000 3.585117 2.422696 0.900891
1800000 3.485367 2.490135 0.764151
1810000 4.266927 2.362120 0.946463
1820000 4.617774 2.461046 0.920423
1830000 4.322178 2.465325 0.806765
1840000 3.561040 2.430434 0.943497
1850000 3.122471 2.417408 0.752319
1860000 2.646944 2.381572 0.854061
1870000 3.562478 2.390277 0.886049
1880000 2.928573 2.423297 0.925880
1890000 3.721052 2.460572 0.811231
1900000 4.734545 2.371133 0.877103
1910000 4.640090 2.487393 0.889280
1920000 3.860557 2.444495 0.929266
1930000 4.410741 2.430617 0.878415
1940000 3.694744 2.488739 0.865170
1950000 4.344055 2.357333 0.876737
1960000 4.973038 2.385809 0.811448
1970000 4.536290 2.503376 0.872291
1980000 5.043141 2.278397 0.806016
1990000 4.486186 2.374557 0.782168
2000000 3.708079 2.451832 0.941550
2010000 2.382078 2.361051 0.899732
2020000 2.217336 2.441023 0.863303
2030000 2.101955 2.405737 0.863241
2040000 2.163619 2.271511 0.908240
2050000 1.929320 2.335868 0.875353
2060000 2.661182 2.481152 0.887577
2070000 2.915569 2.434418 0.836126
2080000 2.752528 2.362811 0.966363
2090000 2.875380 2.436235 0.944457
2100000 2.635533 2.583034 0.914626
2110000 3.949015 2.353087 0.962347
2120000 4.013885 2.493105 0.937550
2130000 2.432571 2.529530 1.062167
2140000 1.876653 2.608927 0.852424
2150000 1.619072 2.349645 0.955291
2160000 1.547828 2.418065 0.914939
2170000 1.335806 2.495271 0.890228
2180000 1.415936 2.392745 0.772737
2190000 1.627226 2.242823 0.940970
2200000 1.718809 2.502158 0.838242
2210000 1.706626 2.431054 0.899264
2220000 2.134278 2.430782 0.877828
2230000 2.045480 2.348082 0.927645
2240000 2.331212 2.418699 0.881729
2250000 2.383777 2.400379 0.942107
2260000 2.880046 2.376356 0.792109
2270000 3.178361 2.380317 0.989802
2280000 2.287943 2.353351 0.931115
2290000 2.962431 2.407274 0.954204
2300000 3.207952 2.348506 0.814939
2310000 2.975591 2.424919 0.870310
2320000 2.255549 2.485866 0.814253
2330000 3.652711 2.347953 0.852482
2340000 4.507339 2.479004 0.989202
2350000 4.200662 2.488045 0.922350
2360000 4.764013 2.328819 0.857475
2370000 4.744643 2.436369 0.832306
2380000 3.587073 2.603326 0.707521
2390000 3.388586 2.382030 0.839682
2400000 3.461528 2.442073 0.932027
2410000 3.551568 2.545761 0.765266
2420000 3.713668 2.416163 0.904950
2430000 4.934310 2.408800 0.868089
2440000 4.314655 2.412509 0.876809
2450000 5.007084 2.385279 0.880930
2460000 4.871995 2.338836 0.885273
2470000 4.989465 2.431665 0.904793
2480000 5.033201 2.494511 0.882063
2490000 4.578146 2.486437 0.826005
2500000 4.888605 2.506388 1.019283
2510000 4.427372 2.413250 0.755103
2520000 4.614030 2.476380 1.010319
2530000 3.593573 2.354587 0.767816
2540000 3.589216 2.637904 0.826290
2550000 3.325641 2.404948 0.885328
2560000 3.317098 2.522966 0.783038
2570000 3.299088 2.390621 0.814361
2580000 2.830539 2.461248 0.772259
2590000 3.689583 2.383887 0.851889
2600000 4.213167 2.373843 1.006805
2610000 4.237136 2.382135 0.916256
2620000 4.898567 2.438285 0.773304
2630000 4.872356 2.319413 0.936621
2640000 4.194653 2.430193 0.823871
2650000 4.360274 2.401626 0.886225
2660000 5.043337 2.377679 0.869183
2670000 5.004722 2.442055 0.810496
2680000 4.334040 2.425892 0.868617
2690000 3.786668 2.450662 0.891351
2700000 4.516866 2.381203 0.842076
2710000 4.673525 2.395723 0.956241
2720000 4.282202 2.545742 0.898951
2730000 3.192231 2.477086 0.893401
2740000 2.345797 2.435966 0.856238
2750000 2.858565 2.452139 0.931018
2760000 2.017270 2.574578 0.831374
2770000 1.837766 2.482087 0.882671
2780000 2.073077 2.296847 0.894567
2790000 2.299841 2.302283 0.845260
2800000 1.910709 2.426065 0.853296
2810000 2.142432 2.441204 0.924034
2820000 2.172947 2.365393 0.917044
2830000 2.603328 2.444016 0.865691
2840000 2.740561 2.440312 0.823030
2850000 2.521989 2.388527 0.886089
2860000 2.420328 2.287028 0.919478
2870000 3.267656 2.457102 0.840158
2880000 2.269310 2.556946 0.812268
2890000 2.786889 2.410882 0.784437
2900000 3.230401 2.351280 0.902077
2910000 4.027141 2.569018 0.984366
2920000 3.715169 2.537961 0.960462
2930000 3.466647 2.475252 0.933845
2940000 3.207093 2.507417 0.878056
2950000 3.657814 2.364733 1.033924
2960000 4.723076 2.444641 0.919486
2970000 3.653163 2.471939 0.835980
2980000 3.356897 2.241938 0.882807
2990000 3.300874 2.405236 0.848151
3000000 3.369813 2.319523 0.940753
3010000 1.862689 2.532457 0.902380
3020000 1.686541 2.436584 0.872733
3030000 1.696058 2.494754 0.816849
3040000 2.259279 2.370221 0.867323
3050000 2.671270 2.392983 0.860020
3060000 2.965772 2.494195 0.983048
3070000 2.851861 2.434540 0.840307
3080000 3.709344 2.488290 0.750063
3090000 3.736699 2.471014 0.726899
3100000 2.728536 2.287283 0.832671
3110000 2.782060 2.422757 0.865182
3120000 2.857575 2.442984 0.828706
3130000 2.874781 2.417314 0.821570
3140000 2.144464 2.404802 0.828803
3150000 1.507157 2.405682 0.945333
3160000 1.373416 2.412883 0.858084
3170000 1.380467 2.468095 0.960316
3180000 1.226177 2.413940 0.774188
3190000 1.047208 2.534688 0.886682
3200000 1.204206 2.571564 0.952265
3210000 1.406701 2.275907 0.847424
3220000 1.118155 2.552999 0.832809
3230000 0.997723 2.529329 0.899573
3240000 1.223304 2.341378 1.062189
3250000 1.312178 2.436458 1.053957
3260000 1.485060 2.472997 1.033601
3270000 1.492572 2.343313 0.822358
3280000 1.513950 2.478391 0.851325
3290000 1.066737 2.337788 0.917951
3300000 1.021904 2.557919 0.941591
3310000 0.791962 2.450560 0.804625
3320000 0.809603 2.549224 0.718717
3330000 0.773130 2.496410 0.853259
3340000 0.896112 2.398336 0.934669
3350000 0.536276 2.567310 0.761578
3360000 0.777873 2.531838 0.919675
3370000 0.682587 2.581676 0.998997
3380000 0.671663 2.487049 0.842126
3390000 0.918015 2.426092 0.948525
3400000 0.838024 2.457128 0.898716
3410000 1.032517 2.397451 0.857349
3420000 1.166187 2.438750 0.815510
3430000 1.386633 2.422513 0.869086
3440000 1.161237 2.371191 0.904478
3450000 1.359821 2.470355 0.741905
3460000 1.360554 2.495976 0.993910
3470000 1.702003 2.384961 0.964615
3480000 1.690044 2.340435 0.893654
3490000 1.841591 2.233789 0.937132
3500000 1.505572 2.416783 0.903316
3510000 1.476633 2.428616 0.930986
3520000 1.136363 2.410750 0.885254
3530000 1.141819 2.438954 0.813235
3540000 1.111922 2.474972 0.927837
3550000 1.148980 2.512421 0.799186
3560000 1.030230 2.542485 0.727184
3570000 1.425147 2.472539 0.796566
3580000 1.037153 2.458119 0.865816
3590000 1.530000 2.426900 0.751178
3600000 1.417318 2.533747 0.902941
3610000 1.501529 2.302501 0.969222
3620000 1.593952 2.647956 0.823350
3630000 1.962820 2.491280 0.818981
3640000 2.032089 2.495695 0.985578
3650000 2.288139 2.350062 0.937961
3660000 2.535328 2.479909 0.863265
3670000 3.056888 2.491529 0.909862
3680000 3.397030 2.455773 0.953707
3690000 4.382746 2.445964 0.870178
3700000 4.916031 2.482263 0.845280
3710000 4.606324 2.526807 0.869925
3720000 4.402802 2.468791 0.935590
3730000 4.542839 2.345663 0.864812
3740000 4.756680 2.420516 0.845363
3750000 4.110135 2.408190 0.875483
3760000 3.197439 2.379792 0.837079
3770000 2.873064 2.531534 0.845521
3780000 2.778488 2.513928 0.863506
3790000 3.526425 2.569128 0.830676
3800000 4.808923 2.574208 0.902020
3810000 3.988968 2.307811 0.816145
3820000 3.423008 2.317958 0.816684
3830000 3.118648 2.406556 0.718310
3840000 3.772057 2.451827 0.910460
3850000 4.161124 2.393043 0.891330
3860000 3.956418 2.512243 0.789177
3870000 4.384304 2.550397 0.807799
3880000 3.810196 2.468892 0.804477
3890000 3.319815 2.296540 0.915974
3900000 3.066570 2.454611 1.017835
3910000 4.664730 2.505979 0.807098
3920000 3.995386 2.326004 0.851178
3930000 4.009819 2.476457 0.974706
3940000 4.462055 2.423074 0.740503
3950000 4.843675 2.534776 0.824536
3960000 4.547185 2.312615 0.871173
3970000 4.306368 2.476934 0.787373
3980000 5.018875 2.456336 0.848632
3990000 4.602213 2.395413 0.868831
4000000 4.672814 2.347214 0.886633
