100000 2.076191 2.375829 0.716554
110000 1.271400 2.457212 0.803657
120000 0.900287 2.529683 0.714158
130000 1.034550 2.414678 0.719714
140000 1.051893 2.464627 0.629281
150000 0.953220 2.448481 0.672249
160000 1.500586 2.567841 0.736416
170000 2.582591 2.431577 0.710194
180000 2.802914 2.446551 0.610495
190000 3.385279 2.491187 0.647390
200000 4.180014 2.483182 0.701036
210000 4.616504 2.628347 0.784489
220000 4.273249 2.524497 0.785114
230000 4.743378 2.368716 0.711061
240000 3.895625 2.344619 0.651442
250000 4.189583 2.543393 0.644643
260000 3.570880 2.364114 0.634077
270000 3.551637 2.370370 0.599020
280000 4.537936 2.418936 0.663328
290000 4.200039 2.429176 0.688331
300000 2.865398 2.486207 0.597805
310000 3.709272 2.374512 0.786316
320000 4.785430 2.533516 0.836149
330000 4.106031 2.405423 0.853895
340000 4.783265 2.441600 0.723579
350000 3.679305 2.398946 0.632728
360000 3.098115 2.415951 0.748113
370000 2.226453 2.432418 0.738849
380000 1.927094 2.460044 0.648844
390000 1.854792 2.536856 0.658518
400000 3.148106 2.369362 0.721218
410000 3.531589 2.552473 0.740379
420000 4.056830 2.571145 0.724791
430000 4.555350 2.401589 0.695553
440000 4.528020 2.412762 0.730243
450000 3.542126 2.321167 0.614743
460000 3.190909 2.452837 0.791032
470000 2.079551 2.524027 0.627743
480000 1.822370 2.550095 0.701042
490000 2.031325 2.593155 0.702430
500000 2.362815 2.352899 0.658608
510000 2.979790 2.414714 0.693818
520000 2.533818 2.446114 0.758076
530000 3.012893 2.496168 0.667010
540000 3.838689 2.418756 0.758632
550000 4.416997 2.464415 0.759591
560000 4.377092 2.461122 0.719268
570000 3.345583 2.409022 0.735527
580000 2.412216 2.493325 0.668980
590000 1.847484 2.391852 0.674023
600000 1.500422 2.524370 0.654948
610000 1.554007 2.360125 0.731922
620000 1.533503 2.415761 0.738629
630000 1.270858 2.474382 0.699822
640000 1.290302 2.458058 0.790933
650000 1.249898 2.579739 0.587369
660000 1.390512 2.504662 0.711728
670000 1.730074 2.323671 0.663771
680000 1.691159 2.439390 0.715399
690000 1.969086 2.334629 0.608935
700000 0.910249 2.441888 0.821267
710000 0.952446 2.503504 0.668177
720000 0.610610 2.403672 0.658819
730000 1.020410 2.358713 0.689119
740000 0.842873 2.229374 0.597398
750000 1.072931 2.542813 0.673926
760000 0.996814 2.561645 0.784056
770000 1.088655 2.361307 0.756973
780000 0.752377 2.375176 0.732940
790000 0.773107 2.483961 0.713288
800000 0.952577 2.559375 0.676486
810000 1.405356 2.545087 0.699614
820000 1.568044 2.442551 0.740518
830000 1.462253 2.309697 0.768365
840000 0.988350 2.554359 0.705577
850000 1.155920 2.358650 0.684340
860000 1.152763 2.349129 0.621834
870000 0.863653 2.396486 0.684264
880000 0.947242 2.388775 0.679903
890000 0.709694 2.440742 0.704169
900000 0.535839 2.594434 0.760504
910000 0.505980 2.474387 0.639942
920000 0.498523 2.541544 0.744696
930000 0.677941 2.443899 0.740489
940000 0.759394 2.446395 0.770459
950000 1.343701 2.443143 0.763816
960000 1.883504 2.335674 0.693316
970000 2.243277 2.403823 0.646490
980000 2.851361 2.283267 0.591307
990000 2.710603 2.481064 0.737324
1000000 3.398550 2.390410 0.540883
1010000 4.006984 2.499349 0.596389
1020000 4.885020 2.453669 0.722381
1030000 4.056699 2.545439 0.550917
1040000 3.611859 2.395467 0.652547
1050000 2.835896 2.470478 0.656041
1060000 3.937647 2.462240 0.689057
1070000 4.481292 2.452989 0.619252
1080000 4.529570 2.414245 0.636492
1090000 4.760842 2.333523 0.598782
1100000 4.575008 2.352687 0.751444
1110000 3.519863 2.551151 0.773412
1120000 4.774943 2.564544 0.667615
1130000 4.721415 2.377132 0.666681
1140000 4.983563 2.488043 0.776677
1150000 4.728990 2.531983 0.748554
1160000 4.205468 2.445628 0.640369
1170000 3.662601 2.478645 0.593619
1180000 2.950943 2.578520 0.665957
1190000 2.580987 2.389905 0.646599
1200000 2.659794 2.570968 0.735798
1210000 2.205630 2.431754 0.723663
1220000 2.580800 2.449083 0.779080
1230000 2.321006 2.398670 0.714528
1240000 1.699230 2.461568 0.700159
1250000 1.973705 2.410556 0.827594
1260000 1.944371 2.424130 0.775006
1270000 3.280678 2.407093 0.671046
1280000 4.133362 2.367263 0.647048
1290000 3.516909 2.578902 0.732750
1300000 2.613296 2.364315 0.751691
1310000 3.462750 2.533640 0.945925
1320000 4.650016 2.397627 0.650281
1330000 4.866208 2.411556 0.619762
1340000 4.418861 2.521786 0.579851
1350000 4.659533 2.485870 0.748526
1360000 3.679619 2.334081 0.661731
1370000 4.034756 2.439642 0.543127
1380000 4.277066 2.460401 0.651484
1390000 4.984273 2.587416 0.624992
1400000 3.955815 2.408299 0.709185
1410000 2.933543 2.347609 0.686497
1420000 2.408730 2.422862 0.711078
1430000 2.271019 2.636340 0.598773
1440000 1.921569 2.522065 0.731148
1450000 3.157533 2.340030 0.717676
1460000 3.289166 2.527982 0.635324
1470000 3.835161 2.455047 0.655835
1480000 3.439918 2.420606 0.725491
1490000 4.365224 2.449789 0.675328
1500000 4.833336 2.331149 0.658892
1510000 4.818914 2.505414 0.638256
1520000 4.204786 2.420799 0.821754
1530000 4.097152 2.461390 0.576514
1540000 4.087901 2.527569 0.577991
1550000 4.912962 2.416274 0.666337
1560000 4.562988 2.413274 0.736967
1570000 4.799206 2.476034 0.587037
1580000 4.741167 2.414249 0.611594
1590000 4.445101 2.480319 0.645635
1600000 3.587292 2.383283 0.666066
1610000 3.911520 2.520246 0.530937
1620000 2.406261 2.499474 0.588409
1630000 1.951307 2.422955 0.747354
1640000 2.026012 2.570768 0.576176
1650000 1.569893 2.471261 0.762109
1660000 1.425132 2.491147 0.741794
1670000 1.275768 2.428117 0.673017
1680000 1.266935 2.463975 0.715633
1690000 1.721293 2.293884 0.871000
1700000 1.784351 2.415642 0.605272
1710000 1.907049 2.439295 0.751882
1720000 2.366604 2.321028 0.770491
1730000 2.713366 2.459941 0.765657
1740000 2.889673 2.571070 0.632968
1750000 2.667353 2.397807 0.691891
1760000 2.652312 2.573102 0.687466
1770000 2.833803 2.285540 0.630580
1780000 3.614797 2.529862 0.714028
1790000 3.935693 2.325812 0.714021
1800000 3.449655 2.430237 0.738929
1810000 2.714774 2.548861 0.784696
1820000 2.233436 2.421377 0.763143
1830000 2.169582 2.476460 0.661463
1840000 2.257509 2.508342 0.634990
1850000 2.885896 2.451043 0.710667
1860000 3.403196 2.453763 0.458273
1870000 4.203712 2.482218 0.800968
1880000 4.842597 2.447664 0.742240
1890000 4.408785 2.419596 0.739799
1900000 3.048040 2.421213 0.755123
1910000 3.328921 2.420809 0.798265
1920000 3.513417 2.447171 0.760157
1930000 4.086604 2.294804 0.656247
1940000 4.198966 2.422187 0.589370
1950000 4.527303 2.501647 0.722163
1960000 4.685622 2.484180 0.633999
1970000 3.420390 2.464402 0.737212
1980000 3.559932 2.437136 0.675843
1990000 3.400204 2.468950 0.699948
2000000 4.976051 2.434397 0.581623
2010000 4.345098 2.493253 0.746279
2020000 4.580926 2.415012 0.662355
2030000 4.958694 2.301785 0.681156
2040000 3.132370 2.581278 0.626409
2050000 2.640009 2.398274 0.731451
2060000 2.277877 2.528697 0.704585
2070000 3.316819 2.563462 0.630150
2080000 2.810741 2.333617 0.622487
2090000 2.341104 2.352467 0.709382
2100000 3.610028 2.460963 0.771045
2110000 4.094253 2.396802 0.718350
2120000 4.671238 2.433391 0.666632
2130000 2.962047 2.547482 0.728369
2140000 3.200332 2.347375 0.663341
2150000 2.787008 2.510462 0.818637
2160000 3.177675 2.357994 0.730514
2170000 2.762043 2.354667 0.657440
2180000 1.979233 2.447100 0.632992
2190000 1.542520 2.480848 0.806486
2200000 1.207760 2.309864 0.769296
2210000 1.576436 2.341634 0.652709
2220000 1.529991 2.315184 0.722415
2230000 1.843398 2.445322 0.643421
2240000 1.380356 2.532427 0.644819
2250000 1.266365 2.434102 0.750804
2260000 1.539316 2.307839 0.794741
2270000 1.984075 2.394688 0.687051
2280000 2.182603 2.365222 0.741733
2290000 2.295170 2.370121 0.561186
2300000 1.680402 2.430249 0.779652
2310000 1.839274 2.415040 0.636777
2320000 1.425191 2.409375 0.748521
2330000 1.536081 2.473126 0.751210
2340000 1.675096 2.512007 0.500647
2350000 1.138951 2.510531 0.764844
2360000 1.178042 2.516916 0.747329
2370000 0.995772 2.485427 0.797271
2380000 1.004095 2.429695 0.561199
2390000 1.353009 2.376330 0.805072
2400000 1.376324 2.473076 0.892679
2410000 1.117437 2.637239 0.609638
2420000 1.388106 2.408063 0.658595
2430000 1.887912 2.449626 0.877840
2440000 1.472994 2.573724 0.682800
2450000 1.814356 2.417456 0.866400
2460000 2.170850 2.256509 0.670834
2470000 2.347108 2.417690 0.721397
2480000 2.386611 2.457742 0.589370
2490000 3.840076 2.476129 0.662453
2500000 3.914051 2.493245 0.746805
2510000 4.528100 2.423777 0.710793
2520000 3.863315 2.403777 0.732897
2530000 3.207578 2.337004 0.636261
2540000 2.976086 2.429184 0.776729
2550000 3.570752 2.463833 0.679090
2560000 4.764626 2.307820 0.791377
2570000 4.824334 2.399384 0.661077
2580000 4.477595 2.518461 0.797685
2590000 4.133157 2.621550 0.673400
2600000 4.308707 2.482550 0.712263
2610000 4.585391 2.428009 0.753992
2620000 4.416617 2.356843 0.749889
2630000 4.023112 2.492909 0.630233
2640000 4.344454 2.452313 0.636842
2650000 3.492036 2.529559 0.705484
2660000 3.592371 2.339696 0.602905
2670000 5.041228 2.395493 0.568445
2680000 2.822271 2.402136 0.722260
2690000 2.335578 2.445190 0.654724
2700000 2.728814 2.454947 0.737779
2710000 2.604292 2.408939 0.703554
2720000 2.412008 2.465955 0.640183
2730000 2.141991 2.480983 0.717542
2740000 2.397221 2.445214 0.611896
2750000 2.270464 2.483955 0.650392
2760000 2.940216 2.562001 0.648211
2770000 3.048162 2.341420 0.718297
2780000 3.028961 2.537523 0.783335
2790000 3.013100 2.456255 0.786815
2800000 2.766290 2.438481 0.669872
2810000 3.373556 2.443962 0.695594
2820000 3.446692 2.431693 0.758225
2830000 2.468538 2.392704 0.730869
2840000 2.627176 2.291804 0.680515
2850000 2.170251 2.426019 0.728157
2860000 1.898928 2.372231 0.678445
2870000 1.689062 2.424483 0.726766
2880000 1.473428 2.448542 0.755581
2890000 1.653382 2.351044 0.792817
2900000 2.025271 2.428040 0.689762
2910000 2.302085 2.473245 0.756701
2920000 2.165694 2.491344 0.806729
2930000 2.668842 2.489122 0.644633
2940000 3.587019 2.489647 0.699348
2950000 4.709077 2.371692 0.686790
2960000 4.392745 2.500871 0.688628
2970000 3.412042 2.535852 0.603763
2980000 3.725019 2.384385 0.747048
2990000 4.586639 2.362142 0.809464
3000000 4.873806 2.269261 0.644845
3010000 4.791286 2.570135 0.780788
3020000 4.839680 2.361834 0.704125
3030000 4.979317 2.422449 0.703291
3040000 4.677823 2.546715 0.711012
3050000 4.557463 2.491464 0.706149
3060000 4.386942 2.473328 0.645712
3070000 4.951159 2.492222 0.709288
3080000 3.483086 2.523555 0.641319
3090000 3.147697 2.433041 0.637324
3100000 3.189327 2.287069 0.706502
3110000 3.770733 2.320212 0.658905
3120000 4.076654 2.418353 0.786045
3130000 4.799124 2.436266 0.626415
3140000 4.992653 2.473480 0.772382
3150000 4.392167 2.311829 0.791969
3160000 4.224903 2.472071 0.634235
3170000 5.024047 2.412426 0.630251
3180000 4.617624 2.402444 0.754691
3190000 4.664378 2.398440 0.585652
3200000 4.007901 2.555039 0.744458
3210000 3.733955 2.535474 0.520259
3220000 3.492122 2.437230 0.753523
3230000 3.436270 2.497375 0.695138
3240000 2.864070 2.532627 0.725504
3250000 2.533034 2.444761 0.773141
3260000 2.611649 2.411714 0.705272
3270000 2.040558 2.550278 0.405957
3280000 2.119127 2.357888 0.571065
3290000 2.304100 2.462692 0.682141
3300000 3.034546 2.432458 0.680278
3310000 2.910551 2.399834 0.708856
3320000 2.392849 2.506457 0.690954
3330000 3.217183 2.415203 0.600477
3340000 3.800146 2.410870 0.719669
3350000 3.810136 2.483516 0.701207
3360000 3.201822 2.389100 0.797180
3370000 2.582414 2.398047 0.765422
3380000 3.395010 2.416315 0.720308
3390000 2.885968 2.365890 0.709734
3400000 2.320665 2.333224 0.761583
3410000 4.267358 2.418032 0.724469
3420000 4.749088 2.405152 0.704012
3430000 3.937934 2.485417 0.780910
3440000 3.531616 2.367891 0.613373
3450000 3.765894 2.343811 0.635795
3460000 3.779032 2.385007 0.730563
3470000 4.557658 2.430094 0.699423
3480000 4.752993 2.472516 0.701519
3490000 4.336588 2.478897 0.769014
3500000 3.012055 2.375720 0.642166
3510000 2.314374 2.477325 0.667139
3520000 1.970309 2.531461 0.652150
3530000 1.694343 2.360927 0.788508
3540000 1.675160 2.430024 0.692224
3550000 2.257467 2.569836 0.614620
3560000 1.828271 2.501868 0.627400
3570000 1.275716 2.497517 0.780677
3580000 1.369313 2.522547 0.637689
3590000 1.375650 2.527556 0.602654
3600000 1.328495 2.623348 0.755540
3610000 1.053776 2.481017 0.878866
3620000 1.269642 2.600599 0.640014
3630000 1.082832 2.506098 0.776113
3640000 0.823797 2.446327 0.753531
3650000 1.384931 2.298862 0.720576
3660000 1.476517 2.464418 0.739182
3670000 1.467730 2.457287 0.623647
3680000 1.269122 2.480472 0.664626
3690000 1.664240 2.451129 0.700305
3700000 1.751586 2.373889 0.797356
3710000 1.616582 2.381388 0.734425
3720000 2.098620 2.403437 0.833347
3730000 2.039262 2.268277 0.675556
3740000 1.786409 2.474702 0.805708
3750000 1.914741 2.382647 0.663348
3760000 1.233397 2.608151 0.663683
3770000 0.875613 2.555503 0.799843
3780000 0.848323 2.469230 0.628280
3790000 0.890617 2.545328 0.561389
3800000 0.816948 2.350421 0.777276
3810000 0.775053 2.495187 0.679359
3820000 0.799853 2.563165 0.636991
3830000 1.042656 2.479801 0.714839
3840000 1.146737 2.366226 0.644171
3850000 0.991833 2.375636 0.766350
3860000 0.875875 2.443779 0.650984
3870000 0.887769 2.502807 0.679346
3880000 0.890587 2.410767 0.609871
3890000 0.911171 2.391797 0.660617
3900000 0.991231 2.490285 0.618025
3910000 0.632988 2.473546 0.849521
3920000 0.665123 2.459997 0.567273
3930000 0.788376 2.547496 0.816690
3940000 0.863166 2.603168 0.646863
3950000 0.863348 2.483312 0.663045
3960000 1.114815 2.431020 0.541708
3970000 1.311667 2.533248 0.707119
3980000 1.276587 2.504437 0.559389
3990000 1.178893 2.379746 0.705320
4000000 1.252273 2.442272 0.710014
