100000 2.213739 2.428057 0.059859
110000 2.695930 2.385633 0.009170
120000 1.682241 2.524796 0.029907
130000 1.398587 2.477719 0.010120
140000 1.410010 2.399341 0.039387
150000 0.826356 2.363491 0.043440
160000 1.104595 2.455082 -0.148401
170000 0.723393 2.537112 -0.056752
180000 1.178909 2.402370 -0.002003
190000 1.699114 2.428436 0.151870
200000 2.036696 2.552390 0.014992
210000 1.483727 2.397618 0.067260
220000 3.043714 2.453581 0.047249
230000 3.326640 2.342002 0.124058
240000 2.733611 2.449736 -0.049467
250000 2.174284 2.469261 0.091035
260000 4.709250 2.420502 0.033545
270000 4.792345 2.427819 0.026058
280000 3.885604 2.547626 0.053209
290000 4.786930 2.400562 0.010879
300000 4.804076 2.475967 0.057903
310000 3.572654 2.394397 0.029432
320000 4.499354 2.454850 -0.073131
330000 3.444390 2.610664 -0.128945
340000 2.442114 2.362958 0.060205
350000 2.154626 2.311234 -0.027337
360000 1.474703 2.326624 -0.050600
370000 1.368774 2.275997 -0.150995
380000 1.012897 2.526992 -0.109776
390000 0.683199 2.522203 -0.037455
400000 0.711864 2.492970 -0.098792
410000 1.111334 2.431679 0.009142
420000 0.847819 2.508803 -0.066758
430000 1.170032 2.486707 0.010947
440000 1.067557 2.498111 -0.066153
450000 1.738032 2.517364 -0.015164
460000 1.826868 2.440106 -0.113179
470000 1.599421 2.223164 0.148478
480000 2.373086 2.416440 0.047232
490000 2.569806 2.477582 -0.022132
500000 2.564838 2.435131 0.009503
510000 3.679691 2.431122 0.068309
520000 4.450497 2.409464 0.068605
530000 3.560385 2.282675 -0.006090
540000 3.966501 2.356995 0.083639
550000 4.992693 2.472621 -0.044268
560000 4.037646 2.460084 0.068229
570000 3.014873 2.404343 -0.036998
580000 3.574718 2.423181 0.016717
590000 4.358935 2.515372 0.108419
600000 4.842616 2.403302 -0.143206
610000 3.818227 2.570332 0.089772
620000 3.833666 2.325478 -0.000158
630000 3.841561 2.377152 -0.040942
640000 3.256765 2.414028 -0.097022
650000 2.811378 2.354583 0.049337
660000 2.541217 2.519025 0.130967
670000 2.759510 2.487001 -0.011855
680000 2.201147 2.492641 -0.087972
690000 1.816353 2.594095 -0.030759
700000 2.639378 2.440723 -0.014446
710000 2.589890 2.443773 -0.222639
720000 3.445323 2.354759 0.002113
730000 2.812915 2.540821 0.087297
740000 4.518032 2.395499 -0.117797
750000 4.949977 2.349946 -0.054019
760000 4.709951 2.325051 -0.042556
770000 4.192638 2.412948 -0.032279
780000 4.827917 2.363690 0.061920
790000 3.887123 2.450439 -0.041726
800000 2.827839 2.514614 0.109613
810000 2.794737 2.361324 -0.024998
820000 3.809627 2.489814 -0.137858
830000 3.719538 2.455016 0.177552
840000 4.147845 2.382110 -0.110834
850000 4.946217 2.372544 -0.045241
860000 4.818264 2.410038 -0.078988
870000 4.360612 2.557125 0.030737
880000 4.377015 2.414064 -0.002329
890000 3.338707 2.390588 -0.101178
900000 3.048280 2.527597 0.006792
910000 3.226133 2.560681 0.084135
920000 2.254381 2.506257 -0.107462
930000 1.930393 2.596052 -0.004281
940000 1.717219 2.325789 -0.103513
950000 1.307195 2.259054 -0.044953
960000 1.324166 2.366040 -0.065288
970000 1.595062 2.553376 0.104471
980000 1.522341 2.492292 0.095228
990000 2.153274 2.399336 -0.059173
1000000 2.397089 2.433002 0.088679
1010000 1.949261 2.413093 -0.070544
1020000 2.030254 2.398426 0.049905
1030000 1.930947 2.470139 -0.006701
1040000 1.581639 2.399207 0.032041
1050000 1.368709 2.378959 -0.059072
1060000 1.054027 2.298864 -0.039448
1070000 0.775550 2.506935 0.003990
1080000 0.870388 2.337672 -0.115933
1090000 0.660102 2.431411 0.079218
1100000 0.610174 2.488258 -0.008647
1110000 0.674895 2.721711 0.025528
1120000 0.991703 2.453772 -0.093386
1130000 1.308266 2.439202 0.178006
1140000 1.297896 2.404884 0.008487
1150000 1.099866 2.478871 -0.044300
1160000 1.054044 2.424816 0.101391
1170000 0.628569 2.523185 -0.134640
1180000 0.581472 2.547355 -0.006554
1190000 1.735894 2.378193 -0.097099
1200000 1.440540 2.560848 -0.065539
1210000 1.314559 2.375064 -0.016177
1220000 2.076823 2.496103 0.061752
1230000 2.456792 2.273117 0.053074
1240000 3.283682 2.411674 -0.044165
1250000 3.391646 2.489764 0.000593
1260000 3.620077 2.457566 -0.015730
1270000 2.595359 2.515801 -0.032316
1280000 2.676611 2.477509 0.015432
1290000 3.781922 2.422465 0.004343
1300000 3.572953 2.482876 -0.013101
1310000 4.740847 2.497595 0.142763
1320000 3.988035 2.376687 -0.054803
1330000 4.253397 2.470294 -0.115527
1340000 4.379116 2.441700 -0.078113
1350000 3.754432 2.480971 -0.068812
1360000 3.883110 2.467427 -0.078201
1370000 3.087712 2.399914 -0.012171
1380000 2.475517 2.441005 0.086287
1390000 3.298634 2.418586 -0.111065
1400000 3.515081 2.340372 -0.081569
1410000 3.022046 2.404755 -0.010607
1420000 2.304014 2.510363 -0.053828
1430000 2.266335 2.361666 0.072233
1440000 2.526849 2.467437 0.016982
1450000 3.565010 2.479328 -0.077817
1460000 2.933397 2.387340 0.071764
1470000 2.210813 2.374034 0.042367
1480000 1.854428 2.447982 -0.023283
1490000 1.802493 2.475255 -0.003522
1500000 1.260571 2.567554 -0.060050
1510000 1.104270 2.541411 -0.066559
1520000 1.319678 2.340385 -0.083686
1530000 1.671985 2.469698 0.137699
1540000 1.129410 2.396498 0.189895
1550000 0.943585 2.432970 -0.067877
1560000 1.051381 2.532792 0.058961
1570000 1.006718 2.411141 -0.133602
1580000 0.778231 2.417409 0.009029
1590000 0.672482 2.483469 0.054127
1600000 0.644799 2.502388 -0.040467
1610000 0.518259 2.577658 0.080583
1620000 0.631026 2.490313 0.007965
1630000 1.127821 2.319650 0.036652
1640000 1.336061 2.464753 0.064115
1650000 1.175845 2.546966 0.036088
1660000 1.818918 2.508192 -0.061699
1670000 1.647485 2.505495 0.040829
1680000 2.218278 2.436355 0.062621
1690000 2.288863 2.341136 0.068092
1700000 2.762529 2.392497 -0.047901
1710000 3.356584 2.409173 0.092874
1720000 3.722571 2.399625 0.012957
1730000 2.646020 2.545918 -0.099715
1740000 4.036157 2.637811 0.003875
1750000 4.837224 2.495316 0.027544
1760000 4.072708 2.485255 0.125848
1770000 4.360343 2.379958 0.041412
1780000 3.819983 2.459211 -0.053985
1790000 4.510044 2.510916 0.048905
1800000 3.301713 2.475507 -0.001572
1810000 3.483698 2.457952 0.021927
1820000 3.241662 2.399550 -0.054346
1830000 3.065220 2.451322 0.016658
1840000 2.872333 2.423163 0.012360
1850000 2.682926 2.430631 -0.033973
1860000 2.482962 2.398111 -0.006976
1870000 2.269956 2.419597 0.025305
1880000 2.211446 2.407760 -0.001537
1890000 1.919174 2.519699 0.019883
1900000 2.158394 2.438933 0.003544
1910000 2.299568 2.552124 -0.008460
1920000 3.146917 2.543072 0.030425
1930000 4.276987 2.420631 0.048709
1940000 3.668628 2.438842 0.136544
1950000 4.558205 2.481382 -0.075027
1960000 4.101310 2.429455 -0.064159
1970000 4.063656 2.456976 -0.067590
1980000 4.696567 2.509948 0.013877
1990000 4.709639 2.548464 0.077891
2000000 4.059198 2.459691 -0.063724
2010000 4.852163 2.461273 -0.027168
2020000 4.476830 2.417954 -0.019923
2030000 3.527822 2.402169 0.035938
2040000 2.546720 2.386442 0.014211
2050000 2.657543 2.464835 0.051466
2060000 4.328218 2.391150 0.189117
2070000 4.995521 2.447111 0.107875
2080000 4.154170 2.524068 0.007374
2090000 3.276389 2.440140 0.010870
2100000 2.446067 2.494723 -0.045451
2110000 1.702897 2.521282 0.140346
2120000 1.505400 2.473883 -0.034790
2130000 1.435863 2.377904 0.096292
2140000 1.865634 2.422071 -0.197703
2150000 2.154538 2.402413 -0.112866
2160000 1.889838 2.329560 -0.055514
2170000 1.836584 2.373227 0.018108
2180000 1.813369 2.411800 0.079048
2190000 1.260233 2.345637 -0.116852
2200000 1.188977 2.537443 0.071850
2210000 1.189641 2.548797 -0.160411
2220000 1.472219 2.410650 -0.055543
2230000 1.273431 2.483428 -0.079742
2240000 1.173443 2.332153 -0.053258
2250000 1.307272 2.266291 -0.011917
2260000 1.688216 2.419427 -0.059700
2270000 2.108056 2.545577 0.024936
2280000 2.510346 2.589217 -0.024879
2290000 2.902126 2.389653 -0.055028
2300000 3.626360 2.414936 0.058046
2310000 4.146578 2.438960 -0.091416
2320000 4.909479 2.383265 -0.070650
2330000 4.292204 2.440645 -0.095732
2340000 3.454465 2.397548 -0.009395
2350000 2.862443 2.522730 -0.120242
2360000 4.077548 2.421145 0.067594
2370000 3.833440 2.429205 -0.070263
2380000 2.643724 2.344779 -0.028498
2390000 3.483932 2.434052 -0.015175
2400000 4.606784 2.473022 -0.070932
2410000 5.065176 2.323216 0.102388
2420000 4.496111 2.346388 0.051939
2430000 4.674370 2.478238 0.082464
2440000 4.318661 2.360550 0.091094
2450000 3.310245 2.472920 -0.030837
2460000 3.638279 2.492935 0.229092
2470000 3.576570 2.474870 -0.051613
2480000 4.537753 2.351293 0.134887
2490000 3.129801 2.401769 -0.071622
2500000 2.464946 2.411540 0.015820
2510000 2.464128 2.324085 0.028223
2520000 2.516485 2.344154 0.054342
2530000 2.585278 2.437853 0.068267
2540000 2.368667 2.405375 0.081432
2550000 1.749357 2.414456 -0.039104
2560000 1.878067 2.447304 0.105584
2570000 1.597319 2.629914 0.003591
2580000 1.363955 2.469115 0.084509
2590000 1.592323 2.440615 0.011955
2600000 1.137336 2.385660 0.063947
2610000 0.827033 2.481402 -0.046388
2620000 0.920908 2.619636 -0.094828
2630000 1.068544 2.325238 -0.027648
2640000 1.294973 2.440379 -0.035197
2650000 1.558995 2.407213 0.023224
2660000 1.018998 2.403504 0.056366
2670000 1.143356 2.395414 0.033679
2680000 1.215441 2.443342 -0.011588
2690000 1.156199 2.461181 -0.024517
2700000 0.977028 2.424269 -0.075881
2710000 0.999692 2.504089 0.098652
2720000 0.913744 2.567614 -0.058783
2730000 0.811035 2.499341 -0.033463
2740000 0.741194 2.627688 0.046842
2750000 0.863983 2.417408 0.026294
2760000 0.876968 2.552050 -0.017318
2770000 0.944479 2.369221 0.141608
2780000 0.871171 2.429718 -0.086101
2790000 1.223200 2.436920 0.019413
2800000 1.342005 2.424571 0.025701
2810000 1.561397 2.421738 0.024673
2820000 1.702126 2.481839 -0.071968
2830000 1.581313 2.460767 0.081031
2840000 1.762491 2.383079 0.075992
2850000 1.813936 2.340247 -0.025771
2860000 2.234003 2.455760 -0.000168
2870000 2.205300 2.508256 -0.175399
2880000 2.867811 2.479439 0.014185
2890000 2.448675 2.443625 -0.164233
2900000 3.081794 2.460333 0.039037
2910000 3.591808 2.344182 0.026913
2920000 3.720019 2.450502 -0.011881
2930000 3.837461 2.356236 -0.002979
2940000 4.974786 2.511000 0.025794
2950000 4.660206 2.530133 -0.049464
2960000 4.914080 2.318227 0.073152
2970000 4.023757 2.390247 -0.067763
2980000 4.295178 2.394001 0.015029
2990000 4.843419 2.517001 0.079223
3000000 4.271371 2.566849 0.028115
3010000 4.270408 2.474379 -0.064038
3020000 4.864042 2.494347 0.118188
3030000 4.979040 2.371346 -0.020434
3040000 3.598482 2.474070 0.023222
3050000 3.313578 2.377109 -0.059197
3060000 2.785353 2.481548 -0.012863
3070000 2.571495 2.366414 -0.066300
3080000 3.104240 2.489806 0.016689
3090000 2.559545 2.452647 -0.050269
3100000 2.463227 2.438541 0.117081
3110000 3.039405 2.349582 -0.012121
3120000 3.262653 2.360970 0.096606
3130000 3.489122 2.373498 0.059235
3140000 2.913843 2.389826 -0.003032
3150000 3.899927 2.520775 -0.010902
3160000 4.702157 2.494805 0.057796
3170000 4.066647 2.306234 -0.029765
3180000 4.645046 2.466368 -0.005379
3190000 3.812837 2.513814 -0.228468
3200000 3.989342 2.550274 0.039552
3210000 4.641270 2.500781 -0.000321
3220000 4.113610 2.480905 -0.025060
3230000 3.790963 2.478157 -0.076297
3240000 3.284754 2.475707 0.091417
3250000 2.656112 2.454136 -0.015698
3260000 3.048306 2.407251 0.047449
3270000 3.117200 2.408055 -0.096707
3280000 2.564941 2.431682 0.031810
3290000 3.119539 2.402828 0.047281
3300000 3.019000 2.564089 -0.014568
3310000 3.037992 2.504846 -0.105660
3320000 2.183486 2.502179 -0.026926
3330000 1.934107 2.424365 0.178039
3340000 2.483433 2.493547 0.049025
3350000 1.924938 2.411312 0.099521
3360000 1.769370 2.439634 0.029652
3370000 1.832624 2.466091 -0.103722
3380000 2.364910 2.524295 0.005070
3390000 3.470322 2.460394 0.019190
3400000 4.615975 2.402368 -0.109727
3410000 4.909957 2.433429 -0.087826
3420000 3.910197 2.503040 -0.040747
3430000 3.737702 2.385463 0.022158
3440000 3.177665 2.449387 0.064113
3450000 3.510286 2.489766 -0.114456
3460000 4.141350 2.525391 -0.014016
3470000 4.274120 2.533921 0.061054
3480000 4.394548 2.352580 0.070634
3490000 4.108918 2.441144 0.086075
3500000 4.129372 2.498696 -0.025147
3510000 4.960314 2.446018 -0.050016
3520000 4.983118 2.434136 -0.018656
3530000 4.394317 2.432622 -0.044673
3540000 4.952213 2.524691 0.024270
3550000 4.897707 2.436436 -0.047734
3560000 4.349316 2.474301 -0.183871
3570000 4.792820 2.533980 -0.103594
3580000 3.839818 2.405960 -0.004728
3590000 3.018297 2.353325 0.029157
3600000 3.046764 2.361129 -0.026519
3610000 2.395622 2.456348 -0.092566
3620000 1.988237 2.515729 -0.177178
3630000 2.612052 2.401556 -0.036986
3640000 3.006284 2.440037 -0.023976
3650000 2.795189 2.337366 -0.198587
3660000 3.714217 2.432530 -0.010104
3670000 3.700261 2.364558 -0.019041
3680000 3.610279 2.359370 -0.024459
3690000 4.168950 2.452916 -0.080165
3700000 4.612419 2.307009 0.034414
3710000 4.656855 2.435462 0.101010
3720000 4.999385 2.379418 0.019186
3730000 3.789072 2.404987 0.159155
3740000 3.002265 2.396139 0.050538
3750000 3.086790 2.331936 -0.007471
3760000 2.596388 2.371457 -0.048136
3770000 2.977098 2.336416 0.069797
3780000 3.783474 2.449956 0.013661
3790000 3.484816 2.453647 0.171397
3800000 4.343147 2.417157 0.123724
3810000 3.550042 2.448303 0.046693
3820000 2.940113 2.355531 0.032757
3830000 3.242404 2.415053 -0.014201
3840000 3.214816 2.407258 0.025823
3850000 3.904509 2.470622 0.020111
3860000 4.923594 2.396817 0.115174
3870000 4.119787 2.472188 0.030601
3880000 4.868389 2.316935 0.054320
3890000 3.969892 2.407086 -0.029216
3900000 4.308672 2.462944 0.064194
3910000 2.640587 2.460808 0.056052
3920000 2.285567 2.443953 -0.037383
3930000 1.929293 2.499908 -0.001630
3940000 1.835108 2.486809 -0.050546
3950000 1.861783 2.654924 -0.023959
3960000 2.010476 2.281747 0.132915
3970000 2.371534 2.452905 -0.010319
3980000 2.381701 2.454519 0.055662
3990000 2.406760 2.520076 -0.002499
4000000 1.635688 2.303244 0.026487
