100000 4.318030 2.257797 -0.515817
110000 3.267201 2.418174 -0.482858
120000 4.040857 2.541844 -0.506563
130000 3.547684 2.437656 -0.611057
140000 3.053636 2.399730 -0.502362
150000 4.617444 2.395557 -0.456141
160000 3.811722 2.407139 -0.387396
170000 3.611830 2.404399 -0.465617
180000 4.565037 2.430974 -0.473938
190000 4.919593 2.499906 -0.576835
200000 3.566823 2.433165 -0.623536
210000 3.410477 2.438608 -0.507027
220000 2.314927 2.428307 -0.662753
230000 2.450155 2.502892 -0.509058
240000 2.714932 2.369282 -0.423586
250000 2.994818 2.421216 -0.472517
260000 3.268674 2.281621 -0.505036
270000 4.624169 2.454478 -0.532451
280000 3.474935 2.336316 -0.582656
290000 2.567178 2.398434 -0.520694
300000 1.957269 2.428621 -0.580080
310000 1.650130 2.371044 -0.520015
320000 2.131428 2.406339 -0.464446
330000 1.994839 2.472214 -0.453808
340000 1.985185 2.435548 -0.460895
350000 2.106341 2.529460 -0.569764
360000 3.813969 2.521872 -0.530355
370000 4.512897 2.511434 -0.437145
380000 4.751975 2.428113 -0.688306
390000 3.969706 2.254096 -0.596609
400000 3.957125 2.407096 -0.597451
410000 3.610928 2.387518 -0.643373
420000 2.754406 2.451315 -0.405031
430000 2.545497 2.540300 -0.540153
440000 2.301971 2.480413 -0.674670
450000 1.356401 2.421797 -0.520541
460000 1.562042 2.478175 -0.564713
470000 1.585158 2.435031 -0.595502
480000 2.151657 2.478804 -0.572527
490000 3.028153 2.392020 -0.589929
500000 4.068310 2.381292 -0.508168
510000 4.172012 2.530284 -0.613631
520000 3.039603 2.508215 -0.406142
530000 3.639146 2.425771 -0.533107
540000 4.534467 2.629213 -0.679686
550000 3.815186 2.387350 -0.478463
560000 2.767861 2.470859 -0.650959
570000 2.402500 2.474548 -0.428707
580000 2.307540 2.502961 -0.519529
590000 3.413133 2.407306 -0.478104
600000 4.559283 2.426245 -0.453508
610000 3.395715 2.419542 -0.559788
620000 4.094151 2.461770 -0.431525
630000 4.675498 2.570882 -0.611984
640000 3.569865 2.496969 -0.441821
650000 4.343824 2.423920 -0.571315
660000 4.756058 2.539404 -0.440541
670000 2.844716 2.390079 -0.415351
680000 3.078916 2.422467 -0.430923
690000 2.642071 2.458000 -0.434577
700000 3.566677 2.420443 -0.431734
710000 4.506166 2.460201 -0.413210
720000 4.985111 2.486069 -0.595023
730000 4.527930 2.443644 -0.444674
740000 3.364327 2.430335 -0.551485
750000 4.175069 2.435307 -0.538082
760000 3.370648 2.388066 -0.459228
770000 3.172413 2.542887 -0.558620
780000 2.020185 2.518623 -0.547928
790000 2.273298 2.392084 -0.492098
800000 1.793207 2.517483 -0.578362
810000 0.861456 2.413034 -0.584534
820000 1.265398 2.355073 -0.448345
830000 1.417592 2.465770 -0.445653
840000 0.999184 2.609388 -0.593937
850000 0.788737 2.341586 -0.624619
860000 0.710505 2.496728 -0.511433
870000 0.769824 2.491626 -0.519257
880000 1.042157 2.434532 -0.501231
890000 0.714933 2.456635 -0.520855
900000 1.471222 2.332899 -0.460571
910000 1.613723 2.425650 -0.447208
920000 1.232803 2.341465 -0.514901
930000 1.681936 2.404741 -0.478719
940000 1.734817 2.389314 -0.488153
950000 1.444705 2.561080 -0.531563
960000 2.058956 2.320185 -0.574392
970000 2.424218 2.305478 -0.656782
980000 2.360421 2.416141 -0.472897
990000 2.668370 2.481406 -0.628789
1000000 3.227566 2.325477 -0.597881
1010000 3.387864 2.434257 -0.476113
1020000 3.695322 2.402401 -0.479970
1030000 2.885978 2.406983 -0.413015
1040000 3.343243 2.377833 -0.525014
1050000 4.294670 2.437045 -0.502017
1060000 4.182182 2.488371 -0.480877
1070000 3.706344 2.390240 -0.525513
1080000 3.605133 2.319541 -0.488958
1090000 2.804978 2.486736 -0.375119
1100000 2.482120 2.480333 -0.458349
1110000 1.921847 2.507498 -0.446360
1120000 1.057977 2.417569 -0.539297
1130000 0.951661 2.478477 -0.551149
1140000 1.353705 2.474448 -0.626575
1150000 1.324894 2.485714 -0.473933
1160000 2.055734 2.407166 -0.541424
1170000 2.561865 2.521782 -0.528672
1180000 2.722571 2.421783 -0.551954
1190000 3.203500 2.412013 -0.539212
1200000 4.575703 2.339869 -0.576575
1210000 4.774649 2.390472 -0.538876
1220000 4.535734 2.522820 -0.594219
1230000 4.034682 2.398588 -0.505738
1240000 4.371213 2.407822 -0.489473
1250000 3.945766 2.434896 -0.355650
1260000 4.787898 2.407270 -0.606022
1270000 4.826979 2.424127 -0.461306
1280000 4.727456 2.372550 -0.780900
1290000 3.650975 2.411835 -0.527362
1300000 3.540937 2.490102 -0.532455
1310000 2.773788 2.410088 -0.406224
1320000 3.094922 2.358902 -0.424569
1330000 2.216550 2.426276 -0.594848
1340000 1.870256 2.479269 -0.459510
1350000 2.604287 2.493923 -0.622133
1360000 2.294156 2.506997 -0.605103
1370000 2.044141 2.461155 -0.527078
1380000 1.539506 2.436436 -0.574081
1390000 1.873794 2.455080 -0.527421
1400000 3.069061 2.415170 -0.487857
1410000 2.290604 2.545277 -0.617000
1420000 2.845261 2.420284 -0.430726
1430000 2.929381 2.422391 -0.534292
1440000 3.460108 2.391006 -0.493915
1450000 4.091117 2.444483 -0.618483
1460000 4.828594 2.402017 -0.485489
1470000 4.649118 2.487918 -0.470638
1480000 4.376906 2.375228 -0.465038
1490000 3.882477 2.583877 -0.485281
1500000 3.298794 2.399805 -0.446431
1510000 3.615233 2.494003 -0.477239
1520000 3.366881 2.440655 -0.511538
1530000 2.836155 2.438479 -0.598480
1540000 3.687805 2.399490 -0.573394
1550000 4.112528 2.362471 -0.450160
1560000 4.449395 2.394835 -0.486841
1570000 4.881077 2.533666 -0.412787
1580000 4.796955 2.516306 -0.463385
1590000 4.101781 2.426430 -0.655764
1600000 3.678995 2.397551 -0.440377
1610000 3.347480 2.360281 -0.416418
1620000 2.480828 2.434248 -0.372190
1630000 1.967354 2.376266 -0.521338
1640000 1.839745 2.319613 -0.522819
1650000 2.274733 2.471467 -0.564459
1660000 2.651431 2.394959 -0.470025
1670000 3.819817 2.473318 -0.438982
1680000 3.690874 2.375169 -0.492611
1690000 3.770277 2.530103 -0.538902
1700000 3.392428 2.435625 -0.588004
1710000 3.723453 2.453425 -0.587220
1720000 3.216529 2.469986 -0.476238
1730000 3.599551 2.412840 -0.502532
1740000 4.421705 2.343053 -0.381694
1750000 4.647616 2.420442 -0.541762
1760000 4.376152 2.661143 -0.432163
1770000 3.782199 2.367074 -0.444410
1780000 4.444356 2.405200 -0.454716
1790000 4.609335 2.446310 -0.587079
1800000 4.467040 2.359027 -0.447474
1810000 3.981208 2.522992 -0.636786
1820000 2.836682 2.416261 -0.627411
1830000 2.311716 2.534319 -0.477632
1840000 2.454437 2.484953 -0.545676
1850000 1.534864 2.442326 -0.521530
1860000 1.289451 2.444153 -0.510057
1870000 0.741392 2.439500 -0.531433
1880000 0.703146 2.463189 -0.727881
1890000 0.918098 2.613098 -0.594685
1900000 1.003485 2.478988 -0.467731
1910000 0.983663 2.443000 -0.514183
1920000 0.875794 2.482807 -0.510547
1930000 0.875440 2.368026 -0.660064
1940000 0.789129 2.362180 -0.557999
1950000 0.724192 2.480941 -0.538424
1960000 0.502453 2.533465 -0.578354
1970000 0.493769 2.614982 -0.512898
1980000 0.746683 2.555885 -0.624747
1990000 0.863979 2.548853 -0.459011
2000000 1.091885 2.508374 -0.477031
2010000 1.038485 2.601751 -0.536051
2020000 1.271323 2.353049 -0.542749
2030000 1.586581 2.406815 -0.500563
2040000 1.353485 2.342440 -0.529183
2050000 1.194502 2.394947 -0.595293
2060000 1.218299 2.453170 -0.490747
2070000 1.021157 2.437894 -0.557402
2080000 1.319426 2.471230 -0.536571
2090000 1.470316 2.408653 -0.571266
2100000 1.512336 2.394780 -0.611695
2110000 1.198693 2.380205 -0.605519
2120000 1.448058 2.332852 -0.564500
2130000 1.709160 2.422175 -0.491722
2140000 2.077739 2.537501 -0.468663
2150000 2.261894 2.425834 -0.595689
2160000 2.354215 2.540055 -0.409604
2170000 3.152180 2.495656 -0.456772
2180000 3.593296 2.427275 -0.503868
2190000 2.807482 2.497375 -0.462453
2200000 2.711800 2.459226 -0.317499
2210000 2.641555 2.466376 -0.542037
2220000 2.587957 2.469172 -0.498024
2230000 2.350307 2.491136 -0.584414
2240000 1.830042 2.424582 -0.631348
2250000 1.788838 2.619793 -0.470471
2260000 1.954978 2.454799 -0.562320
2270000 1.847756 2.543899 -0.533241
2280000 1.888600 2.405273 -0.487189
2290000 1.458218 2.450291 -0.359810
2300000 1.438716 2.476894 -0.528738
2310000 1.499255 2.393178 -0.461593
2320000 1.418954 2.447481 -0.430921
2330000 1.515945 2.403751 -0.596238
2340000 1.753237 2.447969 -0.510545
2350000 1.949641 2.365069 -0.501557
2360000 2.226933 2.381046 -0.424015
2370000 2.524840 2.539916 -0.561490
2380000 3.040920 2.482519 -0.534650
2390000 3.491476 2.453867 -0.593536
2400000 4.826825 2.423376 -0.521792
2410000 4.400331 2.522423 -0.455387
2420000 2.845865 2.450110 -0.455824
2430000 3.928784 2.465465 -0.431718
2440000 3.734652 2.333979 -0.515672
2450000 4.732854 2.331348 -0.519341
2460000 4.905588 2.479141 -0.518926
2470000 5.012850 2.262947 -0.535548
2480000 5.010038 2.394537 -0.404268
2490000 4.669800 2.457033 -0.702594
2500000 4.817378 2.471161 -0.437311
2510000 4.644892 2.574921 -0.521568
2520000 4.880978 2.429868 -0.599479
2530000 4.924566 2.376264 -0.437119
2540000 5.019229 2.366777 -0.622655
2550000 4.543611 2.477873 -0.510352
2560000 3.768226 2.492739 -0.446819
2570000 3.427324 2.480545 -0.516521
2580000 2.925525 2.504786 -0.522144
2590000 2.707141 2.499911 -0.432985
2600000 3.446729 2.438563 -0.558351
2610000 3.374568 2.525569 -0.510258
2620000 2.587388 2.358635 -0.572843
2630000 2.985028 2.462898 -0.505607
2640000 3.400769 2.548544 -0.585568
2650000 4.134358 2.306636 -0.422568
2660000 3.372066 2.563287 -0.454327
2670000 3.975002 2.388791 -0.503464
2680000 4.955236 2.462966 -0.499161
2690000 4.537329 2.475955 -0.455249
2700000 4.122619 2.421332 -0.457989
2710000 4.752992 2.569476 -0.533540
2720000 4.372955 2.412798 -0.591697
2730000 3.915733 2.337785 -0.561024
2740000 2.990774 2.382905 -0.578127
2750000 2.497124 2.375683 -0.510531
2760000 2.479374 2.509781 -0.413094
2770000 3.364817 2.446761 -0.570686
2780000 3.718600 2.515517 -0.485123
2790000 3.126356 2.413567 -0.502831
2800000 2.080638 2.344449 -0.454309
2810000 2.379412 2.427779 -0.479339
2820000 2.339418 2.493933 -0.501075
2830000 2.923012 2.482838 -0.529771
2840000 2.807843 2.356173 -0.553266
2850000 3.853551 2.492300 -0.629428
2860000 3.770547 2.536072 -0.625338
2870000 3.550025 2.481270 -0.541848
2880000 3.329133 2.449053 -0.564921
2890000 4.096164 2.467515 -0.548351
2900000 2.972465 2.525242 -0.604188
2910000 3.555613 2.454141 -0.546264
2920000 4.128574 2.390372 -0.521864
2930000 2.620684 2.478106 -0.496845
2940000 2.571118 2.516879 -0.630499
2950000 1.989794 2.441815 -0.506575
2960000 1.793766 2.496866 -0.593416
2970000 1.686003 2.346371 -0.389008
2980000 1.664758 2.476290 -0.633119
2990000 1.688801 2.439201 -0.501906
3000000 1.754279 2.384161 -0.562226
3010000 1.631809 2.395844 -0.523668
3020000 1.537793 2.490074 -0.463692
3030000 1.574901 2.473178 -0.504122
3040000 2.312738 2.505941 -0.479702
3050000 2.182850 2.504140 -0.448346
3060000 2.502829 2.435068 -0.585860
3070000 2.847163 2.395592 -0.564283
3080000 2.934885 2.392514 -0.621219
3090000 2.303367 2.471876 -0.503298
3100000 3.581449 2.406325 -0.441473
3110000 4.378990 2.335778 -0.503787
3120000 4.747146 2.554940 -0.426538
3130000 4.891675 2.408679 -0.516436
3140000 4.184139 2.664895 -0.422414
3150000 4.096916 2.424884 -0.602198
3160000 4.705252 2.493198 -0.494006
3170000 4.484163 2.307456 -0.511377
3180000 4.261413 2.368081 -0.470126
3190000 4.510283 2.403645 -0.495086
3200000 4.475027 2.395146 -0.601147
3210000 4.916021 2.493484 -0.424889
3220000 4.799542 2.448449 -0.444864
3230000 4.970135 2.492538 -0.540216
3240000 4.615671 2.483626 -0.611594
3250000 4.667175 2.368290 -0.534750
3260000 4.358290 2.390484 -0.632280
3270000 4.340169 2.478346 -0.367541
3280000 3.352186 2.503182 -0.550549
3290000 2.787178 2.431501 -0.582187
3300000 3.398318 2.525811 -0.529734
3310000 2.769105 2.286782 -0.564267
3320000 2.814019 2.422993 -0.567932
3330000 2.792621 2.388615 -0.636707
3340000 4.240924 2.426810 -0.656041
3350000 4.146478 2.436507 -0.466106
3360000 3.418421 2.567520 -0.553248
3370000 3.425105 2.490144 -0.593661
3380000 3.599829 2.546186 -0.566165
3390000 4.517051 2.572267 -0.348522
3400000 3.838240 2.551914 -0.412311
3410000 3.340383 2.298100 -0.426062
3420000 4.191421 2.457391 -0.381908
3430000 3.202133 2.398417 -0.473745
3440000 4.272856 2.437962 -0.543266
3450000 4.621533 2.466906 -0.501024
3460000 4.383619 2.439791 -0.548667
3470000 4.870993 2.420498 -0.488261
3480000 4.016732 2.317704 -0.546034
3490000 4.750945 2.437392 -0.649639
3500000 4.553571 2.485314 -0.470743
3510000 4.999680 2.363437 -0.491516
3520000 4.559070 2.397339 -0.517430
3530000 3.103909 2.415802 -0.546206
3540000 2.716919 2.357524 -0.535473
3550000 2.311929 2.449585 -0.497946
3560000 2.050363 2.432760 -0.579159
3570000 1.904674 2.371922 -0.444782
3580000 1.796701 2.420470 -0.460197
3590000 2.407156 2.445787 -0.549587
3600000 2.101795 2.350279 -0.596694
3610000 2.168250 2.479733 -0.396143
3620000 2.458302 2.395078 -0.508223
3630000 2.388342 2.484231 -0.553640
3640000 2.515999 2.430060 -0.483575
3650000 2.298328 2.407520 -0.458053
3660000 2.163213 2.544734 -0.498190
3670000 1.873051 2.452415 -0.555826
3680000 1.763622 2.410782 -0.376822
3690000 1.776169 2.486207 -0.514076
3700000 2.036136 2.381220 -0.521140
3710000 1.685094 2.371119 -0.559429
3720000 1.630931 2.425775 -0.412203
3730000 1.355935 2.437166 -0.616630
3740000 1.419715 2.505169 -0.555905
3750000 1.360377 2.508385 -0.481995
3760000 1.358414 2.453144 -0.601707
3770000 1.012361 2.420857 -0.533891
3780000 1.091510 2.585234 -0.629267
3790000 0.933514 2.583287 -0.522713
3800000 0.773068 2.433365 -0.661935
3810000 0.576892 2.575510 -0.656755
3820000 0.494523 2.636306 -0.661855
3830000 1.055182 2.339163 -0.534180
3840000 1.006521 2.455581 -0.485959
3850000 0.949912 2.424882 -0.649977
3860000 1.167097 2.404210 -0.450225
3870000 1.283514 2.443685 -0.539327
3880000 1.205354 2.523752 -0.445255
3890000 1.009323 2.427686 -0.565294
3900000 1.525968 2.531191 -0.556735
3910000 1.397937 2.482334 -0.557223
3920000 1.170362 2.325529 -0.552757
3930000 0.738906 2.540886 -0.514208
3940000 1.131405 2.429163 -0.535372
3950000 1.140987 2.440136 -0.573222
3960000 1.278873 2.458052 -0.698677
3970000 1.411915 2.298895 -0.372624
3980000 1.208501 2.394926 -0.508545
3990000 1.322050 2.381506 -0.582884
4000000 1.364156 2.488744 -0.611387
