100000 3.209041 2.391295 -0.857700
110000 2.810562 2.412082 -0.917494
120000 2.857113 2.533869 -0.809996
130000 4.501009 2.538089 -0.880331
140000 4.239206 2.416247 -0.935011
150000 4.419678 2.514374 -0.947812
160000 4.013351 2.439307 -0.931979
170000 4.452069 2.320361 -0.811812
180000 5.035151 2.400277 -0.779300
190000 4.536826 2.492094 -0.992066
200000 4.818853 2.436211 -1.049443
210000 3.937982 2.421329 -0.679072
220000 2.439164 2.395297 -0.862607
230000 3.693581 2.379757 -0.944603
240000 2.741169 2.499690 -0.766580
250000 2.226518 2.437311 -0.710115
260000 1.730011 2.492618 -0.871943
270000 1.378377 2.442341 -0.789366
280000 0.790283 2.382513 -0.764936
290000 1.056859 2.439653 -0.937440
300000 1.052026 2.455443 -0.889787
310000 1.363891 2.425243 -0.927893
320000 1.538205 2.349956 -0.993353
330000 0.672427 2.564151 -0.974738
340000 0.832137 2.371479 -0.866042
350000 1.695167 2.435239 -0.810750
360000 2.255742 2.370792 -0.989309
370000 2.201161 2.463514 -0.844599
380000 2.710750 2.468374 -0.904810
390000 3.129949 2.392083 -0.933524
400000 2.441199 2.529793 -0.860486
410000 2.441270 2.346786 -0.937098
420000 3.698898 2.473564 -0.844154
430000 5.001661 2.412319 -0.751315
440000 4.250870 2.461435 -0.839186
450000 4.904136 2.327831 -0.774402
460000 4.982050 2.442925 -0.748818
470000 4.913468 2.423324 -0.992667
480000 4.612103 2.547531 -0.862619
490000 3.690924 2.445837 -0.873202
500000 3.119233 2.383138 -0.878621
510000 3.987075 2.473079 -0.942258
520000 3.058896 2.324252 -0.821332
530000 2.820320 2.471787 -0.891900
540000 2.551722 2.421616 -0.806040
550000 2.289122 2.448474 -1.017453
560000 1.615134 2.364421 -0.906461
570000 1.996225 2.591862 -0.775045
580000 1.785690 2.502972 -0.767825
590000 3.290253 2.413781 -1.011436
600000 4.306147 2.542127 -0.901244
610000 4.442655 2.440468 -0.848378
620000 4.926340 2.455293 -0.823371
630000 3.682635 2.418290 -0.728628
640000 2.827506 2.443709 -0.959885
650000 4.025125 2.447325 -0.780173
660000 4.774383 2.451639 -0.829254
670000 4.764997 2.540883 -0.877635
680000 4.903169 2.409159 -0.867507
690000 4.964664 2.510137 -0.973793
700000 4.979370 2.453991 -0.890463
710000 4.235944 2.331202 -0.957544
720000 3.775614 2.498984 -0.844450
730000 2.885959 2.476685 -0.861720
740000 2.903668 2.405484 -0.786586
750000 3.058243 2.468115 -0.859359
760000 3.600645 2.437469 -0.845248
770000 2.269855 2.433840 -0.761000
780000 2.537969 2.454915 -0.998691
790000 1.979987 2.495117 -0.830884
800000 1.285907 2.536952 -0.920272
810000 1.299646 2.512618 -0.921226
820000 1.147245 2.405971 -0.894585
830000 1.106061 2.560007 -0.853898
840000 0.835118 2.540659 -0.811655
850000 1.050063 2.403692 -0.847620
860000 1.446751 2.407464 -0.891195
870000 1.294011 2.372929 -0.767563
880000 1.239439 2.358812 -0.914762
890000 1.312597 2.336839 -0.759487
900000 1.752780 2.419325 -0.724372
910000 1.946185 2.463853 -0.830918
920000 1.711614 2.556831 -0.898947
930000 1.745720 2.349505 -0.962533
940000 1.738990 2.391449 -0.787480
950000 2.828700 2.331038 -0.879352
960000 3.094064 2.410694 -0.864983
970000 3.193738 2.450656 -0.790293
980000 4.201663 2.350189 -0.851683
990000 4.540626 2.564244 -0.878490
1000000 4.870202 2.334202 -0.790193
1010000 4.676948 2.674262 -0.831042
1020000 3.595335 2.391549 -0.751018
1030000 3.546442 2.318521 -0.950471
1040000 3.157030 2.560098 -0.889701
1050000 2.229831 2.413606 -0.812172
1060000 2.545482 2.430219 -0.887350
1070000 2.248628 2.470349 -0.825231
1080000 2.912209 2.407893 -0.845773
1090000 4.064809 2.400959 -1.000585
1100000 3.525776 2.346575 -0.964528
1110000 4.251287 2.359942 -0.895466
1120000 4.808266 2.357004 -0.777560
1130000 4.058835 2.606761 -0.915701
1140000 2.493324 2.475071 -0.840668
1150000 2.585839 2.443230 -0.836990
1160000 2.756298 2.505964 -0.860727
1170000 4.000698 2.411963 -0.744956
1180000 3.691514 2.485521 -0.946994
1190000 4.631862 2.544449 -0.881617
1200000 4.512918 2.356964 -0.912462
1210000 4.334799 2.498444 -0.917380
1220000 4.162460 2.431605 -0.929224
1230000 4.781667 2.494382 -0.846743
1240000 3.722444 2.558698 -0.978945
1250000 4.055959 2.422021 -0.926441
1260000 4.034122 2.445049 -0.814344
1270000 3.684662 2.393348 -0.830322
1280000 2.905585 2.446471 -0.735023
1290000 4.762074 2.414415 -0.857440
1300000 4.899128 2.491324 -0.867171
1310000 3.810667 2.419936 -0.875382
1320000 3.166390 2.533998 -0.850869
1330000 2.471357 2.518050 -0.906125
1340000 1.896907 2.440621 -0.904746
1350000 1.355851 2.505935 -0.983587
1360000 1.236459 2.470768 -0.958974
1370000 0.916566 2.448806 -0.856778
1380000 0.517770 2.493879 -1.041705
1390000 0.567510 2.495848 -0.898783
1400000 0.589255 2.470974 -0.849579
1410000 0.770831 2.509555 -0.778777
1420000 1.555806 2.433637 -0.929134
1430000 1.132355 2.533438 -0.824397
1440000 1.153909 2.492874 -0.796839
1450000 1.787132 2.406197 -0.861844
1460000 1.584307 2.365459 -0.889328
1470000 1.992228 2.444648 -0.952661
1480000 2.138394 2.332256 -0.948386
1490000 2.457084 2.411224 -0.800361
1500000 2.484748 2.417660 -0.946951
1510000 2.681818 2.480930 -0.826849
1520000 3.141424 2.384425 -0.819522
1530000 3.464636 2.500747 -0.846725
1540000 4.335784 2.404925 -0.823538
1550000 4.473014 2.385196 -0.910268
1560000 4.867886 2.325934 -0.961746
1570000 4.619978 2.483942 -0.887209
1580000 3.716903 2.452531 -0.913602
1590000 2.762290 2.389967 -0.874440
1600000 2.248026 2.493658 -0.823807
1610000 2.834096 2.451563 -0.869016
1620000 2.038094 2.521494 -0.928579
1630000 2.060721 2.444856 -0.818768
1640000 2.439655 2.436175 -0.814899
1650000 1.984398 2.261723 -0.915443
1660000 2.102572 2.420032 -0.928029
1670000 1.722568 2.459298 -0.913394
1680000 2.560409 2.456843 -0.801431
1690000 2.684555 2.404100 -0.835279
1700000 3.337907 2.517748 -1.047359
1710000 4.203780 2.424772 -0.941065
1720000 3.834735 2.474016 -0.863691
1730000 3.789605 2.603342 -0.756423
1740000 4.424369 2.437639 -0.869421
1750000 4.480485 2.447574 -0.925448
1760000 3.036245 2.416896 -0.866427
1770000 3.243006 2.454512 -0.781118
1780000 2.916040 2.368573 -0.958864
1790000 3.777398 2.333916 -1.037019
1800000 3.972673 2.470735 -0.858602
1810000 3.267839 2.578309 -0.832730
1820000 4.468535 2.505090 -0.878627
1830000 4.383838 2.338430 -0.807418
1840000 2.716607 2.528452 -0.761328
1850000 2.232325 2.475179 -0.728126
1860000 2.891731 2.378173 -0.946209
1870000 3.095052 2.373325 -0.911434
1880000 2.608133 2.432176 -0.880353
1890000 1.780513 2.425655 -0.827081
1900000 1.603729 2.341955 -0.888353
1910000 1.513003 2.453224 -0.722273
1920000 1.273789 2.324736 -0.863575
1930000 1.417501 2.428559 -0.940086
1940000 1.443878 2.387881 -1.020402
1950000 1.274714 2.608145 -0.959379
1960000 1.415047 2.306505 -0.781208
1970000 1.950448 2.243980 -0.795408
1980000 1.674130 2.366677 -0.740894
1990000 2.296697 2.503293 -0.917544
2000000 2.556914 2.550695 -0.898512
2010000 2.713731 2.397526 -0.799152
2020000 3.800828 2.293582 -0.881634
2030000 3.529784 2.393429 -0.876357
2040000 3.267234 2.317670 -0.845644
2050000 2.652073 2.379182 -0.878490
2060000 2.986046 2.518845 -0.814142
2070000 4.212589 2.418071 -0.786179
2080000 4.517634 2.475696 -0.827815
2090000 4.339410 2.428842 -0.892166
2100000 4.973119 2.511828 -0.792402
2110000 4.269039 2.418853 -0.890987
2120000 3.916576 2.610719 -0.887378
2130000 3.510753 2.424035 -0.968475
2140000 3.236358 2.509010 -0.897793
2150000 4.287952 2.285844 -0.847620
2160000 4.907488 2.299654 -0.984525
2170000 4.690334 2.406980 -0.813455
2180000 5.002099 2.335745 -0.881738
2190000 4.165397 2.408493 -0.861016
2200000 5.012349 2.458520 -0.765016
2210000 4.794459 2.483284 -0.869250
2220000 4.705991 2.492776 -0.923616
2230000 4.524876 2.342218 -0.883630
2240000 4.119716 2.405650 -0.863549
2250000 4.844333 2.434125 -0.841935
2260000 4.736161 2.496364 -0.832710
2270000 3.881556 2.425399 -0.872307
2280000 3.531326 2.435889 -0.872601
2290000 4.165617 2.504357 -0.865169
2300000 3.254161 2.546245 -0.780138
2310000 2.556538 2.425016 -0.782431
2320000 2.176454 2.507988 -0.946315
2330000 2.040628 2.421812 -0.889998
2340000 2.234371 2.383057 -0.859354
2350000 1.956214 2.444537 -0.714154
2360000 1.995337 2.476689 -0.751581
2370000 0.935820 2.551594 -0.846168
2380000 0.866067 2.397621 -0.884426
2390000 1.103245 2.383318 -0.963686
2400000 0.752777 2.471889 -0.878457
2410000 0.667646 2.443008 -0.884711
2420000 0.850313 2.363535 -0.934291
2430000 0.879710 2.404163 -0.690286
2440000 1.111212 2.323052 -0.816452
2450000 1.120734 2.562393 -0.868728
2460000 0.763733 2.612699 -0.780421
2470000 0.702128 2.428217 -1.037913
2480000 0.803386 2.339212 -0.898492
2490000 0.943163 2.428861 -0.843053
2500000 1.075007 2.495497 -0.687898
2510000 1.219256 2.550999 -0.858331
2520000 1.255258 2.380736 -0.917539
2530000 1.422852 2.444640 -0.874315
2540000 1.317708 2.379214 -0.832957
2550000 1.236971 2.481924 -0.949766
2560000 1.288026 2.451462 -1.011332
2570000 1.258080 2.336620 -0.834978
2580000 1.233420 2.389553 -0.865940
2590000 1.252726 2.249931 -0.775008
2600000 1.090045 2.443021 -0.829664
2610000 1.017078 2.496759 -0.837599
2620000 1.538513 2.358220 -0.833593
2630000 1.647286 2.308378 -0.835666
2640000 1.626797 2.415972 -0.787747
2650000 1.912589 2.330424 -0.757956
2660000 1.458943 2.406721 -0.719549
2670000 1.639845 2.418047 -0.807009
2680000 1.913617 2.447467 -0.806822
2690000 2.194579 2.430083 -0.833712
2700000 2.647137 2.541573 -0.836197
2710000 2.098220 2.361022 -0.879311
2720000 2.461930 2.439518 -0.926033
2730000 3.050869 2.420724 -0.686285
2740000 3.077370 2.498769 -0.855266
2750000 4.133939 2.416416 -0.905683
2760000 4.508399 2.494771 -0.847881
2770000 4.552306 2.492755 -0.831302
2780000 2.792269 2.403171 -0.911401
2790000 2.673335 2.418708 -0.791033
2800000 2.640243 2.472599 -0.802345
2810000 3.227929 2.384629 -0.947119
2820000 4.566618 2.493673 -0.809958
2830000 4.097166 2.539099 -0.948690
2840000 5.002459 2.329398 -0.887228
2850000 4.450085 2.530426 -0.930116
2860000 4.616672 2.405579 -0.827919
2870000 3.497579 2.520350 -0.831652
2880000 3.723182 2.429675 -0.857472
2890000 4.765177 2.593092 -0.889893
2900000 4.192846 2.488075 -0.767728
2910000 3.686880 2.429721 -0.777813
2920000 4.694767 2.527429 -0.775916
2930000 4.549527 2.473886 -0.832061
2940000 4.411638 2.480943 -0.788293
2950000 4.352224 2.361487 -0.778013
2960000 4.170492 2.535874 -0.691141
2970000 4.655765 2.409843 -0.863281
2980000 3.471816 2.456149 -0.892788
2990000 2.758608 2.400470 -0.958999
3000000 3.271322 2.345716 -0.700217
3010000 2.923419 2.432099 -0.967784
3020000 2.224912 2.333254 -0.875926
3030000 2.593520 2.460260 -0.926955
3040000 3.081150 2.437490 -1.014528
3050000 3.107749 2.444481 -0.952549
3060000 3.251198 2.480082 -0.859741
3070000 2.977626 2.542393 -0.877793
3080000 2.292336 2.336359 -0.867748
3090000 2.446876 2.522126 -0.983104
3100000 1.803394 2.475593 -0.980009
3110000 2.152383 2.435034 -0.852934
3120000 2.142263 2.512715 -0.854735
3130000 2.149540 2.445684 -0.932133
3140000 2.318222 2.481746 -0.879603
3150000 1.764448 2.416973 -0.851056
3160000 1.787980 2.526186 -0.890785
3170000 1.828156 2.442404 -0.657752
3180000 1.475491 2.419491 -0.938514
3190000 1.291017 2.500209 -0.851499
3200000 1.681388 2.549624 -0.817578
3210000 2.623737 2.453414 -0.918253
3220000 2.985099 2.338156 -0.862265
3230000 3.256815 2.506471 -0.701939
3240000 2.704666 2.376900 -0.939663
3250000 2.340761 2.441130 -0.906829
3260000 2.554200 2.475044 -0.888104
3270000 1.789142 2.535767 -0.829093
3280000 2.490353 2.354941 -0.975277
3290000 2.864606 2.419297 -0.950777
3300000 2.428792 2.472715 -0.983659
3310000 2.367710 2.454167 -0.918530
3320000 3.051348 2.356514 -0.938293
3330000 3.502018 2.404743 -0.922772
3340000 2.813095 2.497504 -0.938792
3350000 3.781873 2.518401 -0.868172
3360000 3.470185 2.601212 -0.764304
3370000 3.932496 2.467229 -0.832648
3380000 4.347833 2.424213 -0.819980
3390000 4.542613 2.341761 -0.710971
3400000 4.943435 2.402474 -0.905715
3410000 4.762164 2.371580 -0.911775
3420000 4.318061 2.418491 -0.791396
3430000 4.715931 2.351987 -0.929294
3440000 4.903334 2.341176 -0.781545
3450000 4.297839 2.195182 -0.962347
3460000 3.977705 2.493251 -0.912867
3470000 4.045488 2.360498 -0.926638
3480000 3.556743 2.472845 -0.941177
3490000 3.459471 2.415950 -0.860242
3500000 3.349589 2.466845 -0.837369
3510000 3.113516 2.482429 -0.925934
3520000 3.060861 2.500387 -0.903678
3530000 2.823815 2.394526 -0.892986
3540000 2.946377 2.419870 -0.823696
3550000 2.224001 2.418900 -0.890588
3560000 2.168429 2.483022 -0.970207
3570000 2.067529 2.574766 -0.870860
3580000 1.951735 2.370771 -0.904826
3590000 2.253741 2.576004 -0.838924
3600000 2.090782 2.528508 -0.851729
3610000 2.698735 2.401556 -0.850693
3620000 3.777117 2.457969 -0.779797
3630000 3.548250 2.569623 -0.901311
3640000 4.563144 2.451082 -0.924580
3650000 3.694496 2.271359 -0.904661
3660000 3.506743 2.441727 -0.854173
3670000 3.570979 2.359489 -0.793939
3680000 4.395268 2.496500 -0.969196
3690000 3.689067 2.356494 -0.839632
3700000 4.862330 2.590937 -0.822323
3710000 4.776803 2.505673 -0.887094
3720000 4.131116 2.460744 -0.854360
3730000 4.185425 2.376701 -0.928458
3740000 4.878215 2.450477 -0.779516
3750000 4.964240 2.338188 -0.829064
3760000 4.299099 2.338850 -0.843333
3770000 3.151479 2.393929 -0.905317
3780000 3.166233 2.495448 -0.865143
3790000 3.377233 2.287550 -0.842978
3800000 3.838966 2.455129 -0.850159
3810000 3.160189 2.473392 -0.785184
3820000 2.865857 2.384512 -0.988199
3830000 2.676723 2.542155 -0.870013
3840000 2.704216 2.452573 -0.923122
3850000 3.717335 2.421284 -0.816487
3860000 3.533217 2.368048 -0.838384
3870000 3.744012 2.457449 -0.933683
3880000 4.266339 2.468745 -0.979666
3890000 5.000197 2.418760 -0.857577
3900000 4.458249 2.387842 -0.881499
3910000 4.562491 2.471037 -0.850426
3920000 4.156495 2.545972 -0.728490
3930000 4.807932 2.474549 -0.844534
3940000 4.122953 2.416575 -0.825585
3950000 5.013499 2.489412 -0.831650
3960000 3.143682 2.436875 -0.893974
3970000 2.704379 2.371673 -0.888466
3980000 2.815630 2.392371 -0.840885
3990000 2.334557 2.454631 -0.850560
4000000 1.730245 2.563784 -0.881708
