100000 3.513066 2.534179 -1.007187
110000 2.864367 2.459089 -1.046723
120000 1.895012 2.476371 -1.025419
130000 1.650003 2.482727 -1.033661
140000 1.014865 2.508141 -1.020308
150000 0.899129 2.445190 -1.193473
160000 1.214528 2.443607 -1.072865
170000 1.682935 2.531989 -1.069561
180000 1.473007 2.301734 -1.119424
190000 1.676061 2.496200 -1.008379
200000 2.979713 2.444927 -1.023396
210000 3.628020 2.499610 -1.016744
220000 4.354678 2.420287 -1.164758
230000 4.920551 2.500535 -1.142220
240000 4.384407 2.417236 -0.957299
250000 3.972975 2.553898 -1.025717
260000 4.732314 2.430928 -1.092925
270000 4.456055 2.377463 -1.012572
280000 3.869640 2.532612 -1.071911
290000 3.604802 2.531900 -1.051674
300000 4.202682 2.434153 -0.998420
310000 2.506756 2.388114 -1.102585
320000 3.150808 2.390515 -1.134971
330000 2.824615 2.430030 -0.958505
340000 3.301790 2.300363 -1.002059
350000 3.375259 2.489121 -1.182541
360000 2.312832 2.392358 -0.986339
370000 2.504583 2.368660 -1.057150
380000 2.429709 2.301337 -0.983492
390000 3.214111 2.445577 -1.030315
400000 3.511186 2.344046 -0.964650
410000 4.347037 2.336148 -1.058102
420000 4.698016 2.416191 -1.063778
430000 4.738550 2.472633 -1.086963
440000 4.634158 2.431591 -0.967202
450000 4.883866 2.514396 -1.083712
460000 5.034212 2.601805 -0.995901
470000 3.532639 2.443662 -1.095996
480000 2.582744 2.530900 -1.078200
490000 1.613367 2.566149 -1.067424
500000 1.436032 2.369163 -1.015453
510000 1.932542 2.501459 -0.966974
520000 1.054546 2.455540 -0.873381
530000 0.821916 2.515775 -1.008276
540000 1.132440 2.493196 -1.034373
550000 1.300705 2.388264 -1.033655
560000 1.137927 2.467672 -0.987014
570000 1.434148 2.482401 -0.991321
580000 1.462668 2.441197 -1.067915
590000 2.123941 2.363758 -1.025289
600000 3.304081 2.431006 -1.075296
610000 2.957166 2.474768 -1.074683
620000 3.045841 2.280801 -0.993552
630000 4.115854 2.447377 -1.095558
640000 4.011625 2.604236 -1.129772
650000 2.991013 2.365569 -1.082178
660000 3.201103 2.471550 -1.021497
670000 4.592752 2.345500 -0.998406
680000 4.388074 2.376714 -0.977218
690000 4.827899 2.419769 -1.037839
700000 3.926452 2.600519 -0.988511
710000 4.866759 2.425673 -1.075325
720000 4.464893 2.516174 -1.024593
730000 3.673175 2.429514 -0.981458
740000 3.246177 2.394514 -1.111838
750000 2.827250 2.439596 -1.107403
760000 2.743978 2.537476 -1.094982
770000 1.990522 2.477872 -1.071354
780000 3.292865 2.401864 -1.049598
790000 1.735793 2.515506 -1.156308
800000 1.987915 2.505738 -1.108554
810000 2.707355 2.480059 -0.965457
820000 2.670463 2.263689 -1.087751
830000 2.842891 2.554401 -1.051466
840000 3.190313 2.387072 -0.993020
850000 3.461921 2.366564 -1.093310
860000 4.282792 2.373425 -0.935627
870000 4.137777 2.459843 -1.104870
880000 4.629216 2.528233 -1.042317
890000 4.887494 2.522927 -1.098437
900000 4.663223 2.473050 -1.051205
910000 3.608264 2.307006 -1.094564
920000 4.062234 2.348282 -1.043779
930000 4.216729 2.469478 -1.006798
940000 4.935151 2.482620 -0.996623
950000 4.068860 2.467907 -1.032057
960000 4.722149 2.485060 -0.960954
970000 3.458484 2.358778 -1.018188
980000 3.330919 2.386758 -1.013341
990000 2.903808 2.376339 -0.919478
1000000 1.968166 2.474449 -1.072890
1010000 2.431430 2.424199 -0.979027
1020000 1.586856 2.488967 -0.953848
1030000 1.467220 2.445515 -0.961983
1040000 1.332420 2.327986 -0.971245
1050000 0.845214 2.486149 -1.162837
1060000 1.101161 2.437593 -1.076951
1070000 0.669329 2.514484 -1.121277
1080000 0.637407 2.498933 -1.100760
1090000 0.994899 2.450360 -0.962656
1100000 1.336168 2.381223 -1.032389
1110000 1.046496 2.424739 -0.981955
1120000 1.329911 2.577578 -1.117942
1130000 1.175956 2.347044 -1.159373
1140000 1.309594 2.483007 -1.036844
1150000 1.673399 2.404861 -1.079830
1160000 1.358241 2.433081 -1.079517
1170000 1.288439 2.454843 -1.133635
1180000 1.147253 2.444737 -1.051656
1190000 0.766739 2.522259 -1.067248
1200000 1.027700 2.388844 -1.088892
1210000 1.077286 2.529344 -1.024547
1220000 2.021495 2.494190 -1.089839
1230000 2.129434 2.345511 -1.080802
1240000 1.757565 2.526689 -1.103992
1250000 2.352854 2.428712 -0.947853
1260000 2.927582 2.391353 -0.927842
1270000 2.916477 2.433065 -1.098913
1280000 3.412841 2.342202 -1.072357
1290000 2.445859 2.405145 -0.960640
1300000 3.906784 2.373350 -1.084034
1310000 3.352638 2.373838 -1.091288
1320000 3.020158 2.560661 -1.157296
1330000 2.487463 2.371555 -1.149848
1340000 3.900954 2.394220 -0.866694
1350000 4.799357 2.495263 -0.980425
1360000 5.022052 2.540052 -1.096632
1370000 4.520891 2.505175 -1.026972
1380000 4.512352 2.377113 -1.019540
1390000 3.458328 2.446352 -1.152483
1400000 3.046489 2.344861 -1.143589
1410000 3.633230 2.379814 -1.037658
1420000 3.897140 2.304637 -1.028983
1430000 4.680444 2.609013 -1.079905
1440000 4.881076 2.475456 -1.154805
1450000 4.414212 2.484074 -1.074285
1460000 3.844529 2.413873 -1.047548
1470000 3.578345 2.364948 -1.018904
1480000 2.933781 2.329150 -0.993938
1490000 2.866744 2.528534 -1.045759
1500000 1.999824 2.378826 -0.857931
1510000 1.596943 2.430254 -1.071355
1520000 1.452078 2.394971 -1.025491
1530000 1.441424 2.461224 -1.066624
1540000 1.690704 2.493089 -0.919720
1550000 1.906526 2.386525 -1.007306
1560000 2.262754 2.540068 -0.938603
1570000 2.831878 2.433981 -0.984655
1580000 2.494879 2.628898 -1.089557
1590000 2.150418 2.496955 -1.078566
1600000 2.440721 2.498023 -1.087077
1610000 2.874385 2.408562 -1.208373
1620000 3.140762 2.383135 -1.085862
1630000 3.461004 2.500212 -1.095070
1640000 4.345653 2.466385 -1.160764
1650000 4.047341 2.348291 -0.912113
1660000 4.858876 2.436902 -1.125574
1670000 4.933992 2.393812 -1.118624
1680000 4.296932 2.521174 -1.185365
1690000 4.594309 2.314587 -1.126832
1700000 3.899775 2.312414 -0.913991
1710000 4.595452 2.572815 -1.112652
1720000 4.993426 2.481058 -1.088244
1730000 3.731260 2.533301 -1.126032
1740000 3.447971 2.374926 -1.062895
1750000 3.048306 2.386085 -1.133238
1760000 3.220919 2.534206 -1.031381
1770000 2.684941 2.417837 -1.146641
1780000 2.210785 2.461007 -1.056918
1790000 1.737019 2.372355 -0.960802
1800000 2.642100 2.415463 -1.040559
1810000 2.484711 2.430140 -1.088970
1820000 2.718041 2.410360 -1.019579
1830000 3.068621 2.431942 -1.241624
1840000 3.786729 2.477222 -1.025820
1850000 3.641816 2.456772 -0.999801
1860000 3.803261 2.388898 -1.099243
1870000 4.442141 2.410027 -1.179501
1880000 4.900610 2.407422 -1.008410
1890000 4.167392 2.491573 -0.987192
1900000 4.567957 2.522768 -1.037738
1910000 4.474978 2.405996 -1.019602
1920000 4.474110 2.504156 -1.097531
1930000 3.971023 2.424729 -0.997616
1940000 3.329790 2.377174 -0.974113
1950000 3.488044 2.376082 -1.016044
1960000 3.289814 2.411217 -1.008318
1970000 3.606981 2.435402 -0.922339
1980000 3.777611 2.423690 -0.941265
1990000 4.738703 2.415859 -0.939128
2000000 4.949352 2.343899 -1.063881
2010000 4.088031 2.368751 -0.958407
2020000 3.425211 2.337926 -1.066137
2030000 4.039586 2.378237 -1.013405
2040000 4.989047 2.579867 -1.092514
2050000 4.928354 2.402014 -1.098561
2060000 4.481711 2.423457 -0.911409
2070000 2.685923 2.398322 -1.090826
2080000 1.846056 2.331098 -0.993498
2090000 1.887423 2.436297 -1.025495
2100000 2.095898 2.432119 -0.917852
2110000 2.159652 2.453951 -1.045984
2120000 1.916043 2.378441 -1.033283
2130000 1.524555 2.400591 -0.985144
2140000 1.520011 2.385663 -1.028250
2150000 0.574790 2.502020 -1.045698
2160000 0.619762 2.600845 -1.030379
2170000 0.845045 2.506982 -0.951136
2180000 0.809728 2.537237 -0.980971
2190000 0.738593 2.414085 -1.155442
2200000 0.698629 2.468478 -1.070448
2210000 1.027392 2.524113 -1.008653
2220000 1.158745 2.588458 -1.115772
2230000 0.940860 2.470012 -0.985178
2240000 1.126180 2.356308 -1.010762
2250000 0.802901 2.382150 -1.059724
2260000 0.984302 2.380706 -0.939751
2270000 0.796454 2.373719 -1.115336
2280000 0.523671 2.407920 -0.992147
2290000 0.999296 2.377838 -1.068093
2300000 0.975947 2.299054 -1.011120
2310000 0.923285 2.467223 -1.058625
2320000 1.210252 2.379335 -1.035631
2330000 1.322721 2.317668 -1.008246
2340000 1.367792 2.533881 -1.129991
2350000 1.460804 2.504862 -1.034781
2360000 1.522501 2.540893 -1.061768
2370000 1.432799 2.280765 -0.963962
2380000 1.805995 2.349488 -1.021334
2390000 1.930988 2.571855 -1.149655
2400000 1.623084 2.365431 -1.139921
2410000 1.398987 2.428912 -1.076931
2420000 1.310175 2.319884 -1.037024
2430000 1.553220 2.350019 -0.967746
2440000 1.590399 2.412187 -0.939155
2450000 2.203179 2.382221 -1.050831
2460000 2.656002 2.445817 -0.966092
2470000 2.635027 2.601108 -1.072125
2480000 2.401934 2.577876 -1.104019
2490000 2.273815 2.418651 -1.054622
2500000 2.950913 2.478465 -1.001487
2510000 3.210442 2.519399 -0.925172
2520000 3.617893 2.464009 -1.120076
2530000 2.571792 2.491777 -1.050901
2540000 2.152732 2.451497 -0.882566
2550000 2.816135 2.423884 -1.128713
2560000 4.096798 2.604133 -0.921536
2570000 2.761579 2.512738 -1.096625
2580000 3.791663 2.491281 -1.155214
2590000 3.184586 2.448107 -1.110950
2600000 3.703870 2.379940 -1.026386
2610000 4.029187 2.411945 -1.110469
2620000 4.662581 2.648485 -1.037263
2630000 4.364179 2.368668 -0.906793
2640000 4.790187 2.554493 -1.102427
2650000 4.851391 2.479058 -0.952164
2660000 4.597484 2.463984 -0.897779
2670000 3.882266 2.417438 -1.009495
2680000 4.743800 2.501965 -1.201207
2690000 3.958710 2.455796 -0.998449
2700000 3.098910 2.601333 -0.997239
2710000 2.768806 2.470790 -1.081416
2720000 3.386961 2.402283 -0.997815
2730000 4.492925 2.444170 -1.097747
2740000 4.636513 2.389758 -1.135346
2750000 4.431165 2.539380 -1.030969
2760000 4.859430 2.403977 -0.965741
2770000 4.898587 2.447184 -1.018531
2780000 4.195626 2.469796 -0.971229
2790000 3.695470 2.474464 -1.046352
2800000 3.237253 2.295250 -0.967792
2810000 2.353860 2.475300 -0.996035
2820000 2.676051 2.430158 -1.132838
2830000 2.742790 2.617682 -1.095796
2840000 3.721505 2.301520 -1.155375
2850000 4.455775 2.393824 -1.099229
2860000 4.234887 2.484584 -1.171045
2870000 4.219433 2.395916 -1.050687
2880000 3.288281 2.451663 -1.007239
2890000 2.673454 2.368639 -1.129407
2900000 2.081218 2.503849 -0.970040
2910000 2.018254 2.388925 -1.026825
2920000 2.090556 2.388963 -1.009679
2930000 2.109020 2.446230 -1.045599
2940000 2.002375 2.313584 -1.085305
2950000 1.844532 2.359450 -1.034045
2960000 1.888176 2.351655 -1.008227
2970000 1.671042 2.490321 -0.961029
2980000 1.526956 2.440208 -1.174963
2990000 2.191123 2.538641 -1.086985
3000000 1.841794 2.367836 -1.034177
3010000 2.500439 2.469444 -1.183577
3020000 2.310188 2.391585 -0.999435
3030000 2.280797 2.414413 -1.031733
3040000 3.063670 2.412109 -1.075101
3050000 2.327710 2.432894 -1.003548
3060000 2.394431 2.339274 -1.070608
3070000 2.877546 2.359611 -1.109862
3080000 3.615981 2.416504 -1.084640
3090000 3.560129 2.522289 -0.937563
3100000 3.375167 2.371480 -1.185607
3110000 4.478889 2.500874 -0.992422
3120000 3.212020 2.371499 -1.194570
3130000 3.028191 2.522215 -1.026444
3140000 3.371920 2.498660 -1.045376
3150000 4.127589 2.399983 -0.957701
3160000 3.353680 2.424779 -0.985723
3170000 3.971969 2.378766 -1.116402
3180000 4.737880 2.404308 -1.038334
3190000 4.846437 2.447218 -1.093610
3200000 4.969668 2.433509 -1.020054
3210000 3.758352 2.329308 -1.035733
3220000 3.969802 2.563070 -1.132636
3230000 4.932761 2.482795 -0.992447
3240000 3.873278 2.529450 -1.140237
3250000 4.456052 2.536500 -1.084672
3260000 4.487806 2.608464 -1.049859
3270000 4.283573 2.359602 -1.007904
3280000 4.817092 2.268653 -0.956045
3290000 4.944233 2.372918 -1.091499
3300000 4.492287 2.363496 -1.086472
3310000 4.446179 2.354870 -1.081993
3320000 2.800553 2.332430 -1.006894
3330000 2.572342 2.364610 -0.925709
3340000 1.295975 2.508735 -1.055135
3350000 1.407101 2.445009 -0.998427
3360000 1.307694 2.529629 -1.093382
3370000 1.549539 2.420638 -0.975852
3380000 1.075648 2.480224 -1.059055
3390000 1.178970 2.381209 -1.119825
3400000 1.081379 2.498622 -1.016265
3410000 0.934592 2.398044 -1.105250
3420000 1.230914 2.474122 -1.019301
3430000 1.214638 2.461151 -0.923254
3440000 1.365185 2.358531 -1.099311
3450000 1.513704 2.298793 -1.109583
3460000 1.621266 2.223413 -0.974124
3470000 1.312720 2.477892 -0.961962
3480000 1.334333 2.455420 -1.052719
3490000 1.657970 2.473702 -0.981859
3500000 2.054939 2.449402 -1.107282
3510000 2.283060 2.496827 -1.063437
3520000 3.031728 2.445171 -1.069802
3530000 3.829760 2.476107 -0.986740
3540000 3.300320 2.438842 -0.990105
3550000 2.982794 2.611753 -1.037928
3560000 2.395587 2.425020 -1.109225
3570000 2.983827 2.439299 -1.189248
3580000 3.562421 2.472737 -1.022591
3590000 3.347756 2.388159 -0.993808
3600000 3.908351 2.543193 -0.913282
3610000 3.171990 2.498351 -0.949709
3620000 3.275775 2.508767 -1.072666
3630000 2.863210 2.459206 -0.982167
3640000 2.259280 2.536198 -1.044559
3650000 3.192530 2.301393 -1.041350
3660000 2.666185 2.488977 -1.041282
3670000 3.587731 2.493899 -1.025839
3680000 3.275945 2.462064 -1.027000
3690000 3.415276 2.411134 -1.053737
3700000 3.353790 2.419267 -0.997111
3710000 4.171715 2.398195 -1.071172
3720000 4.332616 2.310038 -1.143376
3730000 4.716175 2.441268 -1.049372
3740000 4.518100 2.555512 -0.984381
3750000 4.191144 2.440006 -0.938409
3760000 5.024283 2.494000 -1.128161
3770000 4.783990 2.432191 -1.030395
3780000 3.816885 2.558736 -1.152650
3790000 3.491144 2.426296 -1.015557
3800000 3.808147 2.478977 -1.077605
3810000 4.168668 2.428775 -1.125858
3820000 5.028363 2.472132 -1.141062
3830000 4.853506 2.522168 -1.034586
3840000 4.916558 2.393249 -1.089749
3850000 4.469868 2.692512 -0.916066
3860000 4.961044 2.436806 -1.002159
3870000 4.683089 2.401153 -1.059938
3880000 4.598403 2.422959 -0.906029
3890000 4.038480 2.539233 -1.097052
3900000 3.181490 2.344584 -1.153248
3910000 3.021925 2.399774 -0.893224
3920000 2.636783 2.401794 -1.039964
3930000 2.537971 2.397344 -1.141468
3940000 1.866811 2.427940 -0.985453
3950000 2.679555 2.473158 -0.961639
3960000 3.414777 2.368705 -0.992379
3970000 3.197267 2.390728 -1.057964
3980000 3.335701 2.422653 -1.023287
3990000 3.694351 2.506236 -0.998201
4000000 4.012605 2.395273 -1.056104
