100000 4.362015 2.452507 -1.339436
110000 3.759453 2.412897 -1.413896
120000 4.219580 2.361888 -1.446458
130000 3.120983 2.436455 -1.481784
140000 3.049389 2.470624 -1.427481
150000 3.657594 2.465036 -1.447547
160000 4.765584 2.496422 -1.358495
170000 3.788624 2.370241 -1.409015
180000 3.325794 2.520700 -1.349040
190000 3.692227 2.454887 -1.419324
200000 2.289652 2.563556 -1.296596
210000 2.419501 2.405426 -1.286912
220000 2.326084 2.425672 -1.370255
230000 3.484535 2.555997 -1.288758
240000 1.752180 2.477235 -1.453056
250000 1.816577 2.360370 -1.347296
260000 1.810145 2.417271 -1.541259
270000 1.153615 2.342190 -1.383508
280000 1.265334 2.438427 -1.401235
290000 2.211435 2.469739 -1.304568
300000 3.245676 2.344911 -1.342371
310000 4.517680 2.419393 -1.359034
320000 4.411320 2.437107 -1.478191
330000 4.320816 2.584788 -1.512414
340000 3.939666 2.344363 -1.363719
350000 2.951036 2.518804 -1.344040
360000 4.465441 2.427277 -1.450060
370000 4.261491 2.446303 -1.462620
380000 4.465151 2.534522 -1.443324
390000 4.481087 2.534287 -1.355032
400000 4.216576 2.430163 -1.475943
410000 4.811229 2.556349 -1.300675
420000 3.120865 2.622857 -1.397533
430000 3.123562 2.369073 -1.396242
440000 2.416757 2.412428 -1.448488
450000 2.143251 2.359033 -1.358983
460000 2.028021 2.486999 -1.309554
470000 0.719505 2.501562 -1.404285
480000 1.024132 2.586809 -1.535940
490000 0.697307 2.392111 -1.483914
500000 0.624165 2.540352 -1.379263
510000 0.791351 2.450395 -1.274264
520000 1.824895 2.405262 -1.443197
530000 2.482457 2.379892 -1.502689
540000 2.764473 2.465472 -1.463095
550000 3.648775 2.468388 -1.405546
560000 3.068149 2.377060 -1.449882
570000 3.520422 2.435753 -1.229253
580000 3.598239 2.451105 -1.338565
590000 2.230321 2.385147 -1.309505
600000 1.916622 2.501614 -1.351402
610000 2.775640 2.355673 -1.459888
620000 1.587460 2.377305 -1.471413
630000 1.452340 2.463120 -1.435840
640000 1.322066 2.515470 -1.434948
650000 1.398076 2.462711 -1.476502
660000 0.926758 2.367036 -1.461801
670000 1.185301 2.390816 -1.303937
680000 1.108154 2.436641 -1.526750
690000 1.834471 2.547129 -1.375232
700000 1.979326 2.373068 -1.493499
710000 2.229438 2.351431 -1.280159
720000 2.678580 2.503839 -1.447886
730000 3.785754 2.402464 -1.220875
740000 3.840001 2.454645 -1.543901
750000 3.833405 2.456218 -1.445922
760000 4.823107 2.523210 -1.542994
770000 4.940801 2.482507 -1.315640
780000 3.426888 2.533586 -1.430489
790000 3.781354 2.439588 -1.392472
800000 4.792796 2.406390 -1.375210
810000 4.444642 2.404157 -1.277791
820000 3.790915 2.496552 -1.420898
830000 4.125202 2.501653 -1.344207
840000 2.690968 2.535345 -1.435006
850000 3.426394 2.371604 -1.473176
860000 2.392386 2.465677 -1.474915
870000 2.094648 2.458521 -1.459810
880000 1.716631 2.449643 -1.316034
890000 1.686771 2.356249 -1.445002
900000 1.867633 2.561787 -1.372019
910000 2.306981 2.283697 -1.357487
920000 2.097905 2.444960 -1.371752
930000 3.222099 2.400394 -1.348368
940000 2.891358 2.397062 -1.442866
950000 4.262186 2.342565 -1.328389
960000 4.338025 2.313722 -1.403642
970000 4.387127 2.465581 -1.411531
980000 3.802090 2.527813 -1.411855
990000 4.959836 2.480191 -1.379949
1000000 4.346539 2.424305 -1.328249
1010000 3.596031 2.250476 -1.398743
1020000 2.517884 2.495975 -1.334825
1030000 2.808384 2.544309 -1.519998
1040000 2.610277 2.351107 -1.419951
1050000 2.253613 2.412605 -1.334058
1060000 2.843646 2.431529 -1.380536
1070000 3.049293 2.446776 -1.438659
1080000 2.407399 2.427488 -1.513338
1090000 3.081165 2.463888 -1.583725
1100000 3.634725 2.322956 -1.327472
1110000 4.421750 2.413349 -1.366936
1120000 4.598007 2.458577 -1.387149
1130000 4.886035 2.580720 -1.470029
1140000 4.783261 2.447878 -1.344457
1150000 4.465412 2.314305 -1.336968
1160000 4.269864 2.444395 -1.311287
1170000 4.739082 2.530442 -1.459104
1180000 3.766924 2.362532 -1.373068
1190000 3.109870 2.406148 -1.396819
1200000 2.413815 2.504544 -1.369165
1210000 1.580673 2.554686 -1.483885
1220000 1.628845 2.349537 -1.411950
1230000 1.542938 2.467925 -1.496208
1240000 1.612959 2.427208 -1.358915
1250000 1.883264 2.391780 -1.373933
1260000 2.366489 2.397997 -1.183643
1270000 3.468786 2.473846 -1.373403
1280000 4.153846 2.470104 -1.387177
1290000 3.798018 2.291056 -1.412052
1300000 3.200124 2.289912 -1.412601
1310000 4.059747 2.567475 -1.443965
1320000 3.636354 2.458444 -1.400380
1330000 2.596676 2.550798 -1.348151
1340000 4.401790 2.343688 -1.345195
1350000 4.244122 2.407971 -1.403830
1360000 4.473654 2.518805 -1.405647
1370000 4.399128 2.466267 -1.397261
1380000 4.988415 2.357736 -1.396290
1390000 3.592711 2.427997 -1.319932
1400000 3.601569 2.484305 -1.348159
1410000 2.947051 2.374344 -1.377343
1420000 2.593100 2.387030 -1.429886
1430000 2.032006 2.433426 -1.437414
1440000 2.517845 2.544114 -1.339189
1450000 1.434321 2.502772 -1.368730
1460000 0.536682 2.597846 -1.535872
1470000 0.691213 2.373657 -1.596981
1480000 0.891119 2.486300 -1.367221
1490000 0.726490 2.479941 -1.447688
1500000 0.984013 2.529163 -1.493167
1510000 1.180315 2.407962 -1.341779
1520000 0.989002 2.363436 -1.367566
1530000 0.627524 2.351651 -1.540005
1540000 0.505942 2.457892 -1.378398
1550000 0.841572 2.465625 -1.410947
1560000 0.811768 2.457902 -1.417209
1570000 1.224300 2.504226 -1.522854
1580000 1.479352 2.442178 -1.376300
1590000 1.468425 2.405909 -1.320241
1600000 2.002664 2.496650 -1.617765
1610000 2.030226 2.419404 -1.295972
1620000 2.769472 2.337921 -1.317878
1630000 2.513708 2.562768 -1.404527
1640000 1.669177 2.457244 -1.434936
1650000 1.595492 2.398596 -1.486964
1660000 1.097911 2.260791 -1.641380
1670000 1.018557 2.349146 -1.440124
1680000 1.152516 2.395961 -1.393578
1690000 0.959477 2.538981 -1.431588
1700000 1.351208 2.480491 -1.459478
1710000 1.808881 2.397503 -1.564484
1720000 3.015115 2.493817 -1.420104
1730000 3.606876 2.473120 -1.443389
1740000 3.354220 2.346521 -1.472929
1750000 3.488092 2.453704 -1.413178
1760000 2.668092 2.420682 -1.439887
1770000 2.206667 2.389969 -1.450984
1780000 2.141682 2.398136 -1.458714
1790000 1.475594 2.464845 -1.429614
1800000 1.983478 2.332411 -1.311526
1810000 2.462431 2.417336 -1.265561
1820000 3.766110 2.376661 -1.339383
1830000 4.730234 2.374342 -1.465209
1840000 4.450991 2.320005 -1.285468
1850000 5.023877 2.455955 -1.284917
1860000 3.957360 2.459602 -1.389838
1870000 3.225149 2.472790 -1.453757
1880000 4.085269 2.406256 -1.475509
1890000 4.945038 2.549747 -1.442861
1900000 5.039651 2.363364 -1.355590
1910000 3.900039 2.606143 -1.452436
1920000 2.723332 2.283835 -1.340849
1930000 2.390916 2.450082 -1.287892
1940000 3.223645 2.338489 -1.493582
1950000 2.540313 2.435370 -1.373868
1960000 1.651858 2.350191 -1.433977
1970000 1.820932 2.474190 -1.421904
1980000 2.415169 2.491169 -1.365245
1990000 3.717395 2.355915 -1.394687
2000000 4.056935 2.484735 -1.441604
2010000 4.648354 2.321181 -1.461424
2020000 4.590956 2.409134 -1.384506
2030000 4.180215 2.494801 -1.334056
2040000 3.401081 2.427715 -1.521745
2050000 3.259343 2.365682 -1.329293
2060000 3.043175 2.448572 -1.293357
2070000 2.467059 2.390272 -1.411584
2080000 2.207241 2.496476 -1.321082
2090000 1.958522 2.381636 -1.412247
2100000 3.681684 2.499064 -1.311692
2110000 2.862065 2.514310 -1.439259
2120000 3.201993 2.525850 -1.460515
2130000 3.671831 2.362780 -1.386459
2140000 4.646809 2.410968 -1.490762
2150000 4.381732 2.524063 -1.490290
2160000 4.189528 2.401371 -1.432866
2170000 4.659303 2.396664 -1.494229
2180000 4.491174 2.483380 -1.357827
2190000 4.022770 2.401212 -1.474282
2200000 4.618538 2.440376 -1.419501
2210000 4.682657 2.484369 -1.486258
2220000 4.339756 2.413083 -1.348741
2230000 3.470864 2.388914 -1.424799
2240000 2.837754 2.354497 -1.518662
2250000 3.345205 2.529331 -1.413380
2260000 3.725269 2.464797 -1.283765
2270000 3.765157 2.409098 -1.380594
2280000 3.304429 2.482753 -1.335675
2290000 2.680197 2.478910 -1.388007
2300000 2.876648 2.459977 -1.426942
2310000 2.364461 2.479781 -1.337266
2320000 3.437786 2.394783 -1.443528
2330000 3.876911 2.429735 -1.404925
2340000 2.293135 2.557754 -1.319185
2350000 2.021878 2.421323 -1.419275
2360000 3.164852 2.464617 -1.447219
2370000 2.866432 2.435517 -1.362239
2380000 2.892709 2.452647 -1.431189
2390000 2.772067 2.476861 -1.350687
2400000 3.798462 2.389895 -1.389120
2410000 3.510422 2.376257 -1.399767
2420000 4.443897 2.393023 -1.507884
2430000 4.817479 2.364003 -1.283839
2440000 4.855758 2.420953 -1.462823
2450000 4.069652 2.426288 -1.363891
2460000 5.072581 2.360874 -1.356394
2470000 4.807926 2.412681 -1.436835
2480000 4.616843 2.243673 -1.342776
2490000 3.668345 2.471688 -1.448725
2500000 3.722417 2.410780 -1.354927
2510000 4.311877 2.378777 -1.468717
2520000 4.097393 2.498235 -1.452571
2530000 4.239855 2.532777 -1.400058
2540000 3.886615 2.498358 -1.391953
2550000 2.416880 2.379362 -1.480868
2560000 2.556907 2.443195 -1.427978
2570000 1.648569 2.470884 -1.341989
2580000 1.911289 2.383050 -1.335846
2590000 1.358120 2.381163 -1.498561
2600000 1.192306 2.522221 -1.362743
2610000 0.931464 2.593983 -1.576966
2620000 0.990388 2.583862 -1.395068
2630000 0.818950 2.600546 -1.326846
2640000 1.240290 2.503045 -1.264309
2650000 1.146757 2.301232 -1.360979
2660000 1.365162 2.569173 -1.315121
2670000 1.527626 2.325444 -1.386032
2680000 1.638137 2.366526 -1.355755
2690000 1.991802 2.450037 -1.438509
2700000 1.853755 2.522630 -1.291164
2710000 1.836944 2.485640 -1.374996
2720000 1.960965 2.543691 -1.299494
2730000 1.376754 2.609539 -1.276942
2740000 1.617216 2.515228 -1.515417
2750000 1.320459 2.434929 -1.430929
2760000 0.852688 2.448813 -1.471932
2770000 0.810721 2.515852 -1.460383
2780000 0.501597 2.489188 -1.400348
2790000 0.501307 2.491592 -1.399872
2800000 0.595571 2.391526 -1.466820
2810000 0.508139 2.452152 -1.504846
2820000 0.919038 2.379113 -1.375232
2830000 0.968303 2.268913 -1.333834
2840000 1.020717 2.395046 -1.368517
2850000 1.210280 2.346719 -1.400870
2860000 1.517900 2.474426 -1.266754
2870000 1.432011 2.445961 -1.268855
2880000 1.378870 2.449472 -1.401786
2890000 1.244195 2.379154 -1.321011
2900000 1.473563 2.415980 -1.366873
2910000 1.683915 2.354091 -1.341370
2920000 2.043712 2.430880 -1.359239
2930000 2.153171 2.292638 -1.436030
2940000 2.044414 2.493062 -1.291920
2950000 1.925496 2.379385 -1.328734
2960000 2.136619 2.504970 -1.425615
2970000 2.760182 2.495281 -1.417877
2980000 3.153582 2.448391 -1.447872
2990000 3.770256 2.447613 -1.463000
3000000 3.145511 2.470311 -1.410957
3010000 2.668346 2.584997 -1.357161
3020000 3.159221 2.401414 -1.331154
3030000 3.917741 2.500082 -1.382791
3040000 3.342715 2.543391 -1.368444
3050000 3.462162 2.397597 -1.247382
3060000 4.725523 2.399054 -1.228237
3070000 4.387374 2.206178 -1.388028
3080000 3.776799 2.314126 -1.356365
3090000 4.325265 2.394618 -1.376452
3100000 4.962736 2.461457 -1.386621
3110000 4.420392 2.459636 -1.461646
3120000 4.918165 2.337905 -1.452103
3130000 4.464684 2.435957 -1.447420
3140000 3.871146 2.452572 -1.420914
3150000 2.614274 2.469575 -1.348258
3160000 3.000229 2.473997 -1.381688
3170000 2.449978 2.377589 -1.421784
3180000 2.034558 2.372554 -1.380842
3190000 2.264406 2.497361 -1.437921
3200000 2.767503 2.354799 -1.443889
3210000 3.022763 2.481468 -1.225377
3220000 3.169404 2.412528 -1.387983
3230000 2.628949 2.344565 -1.303681
3240000 3.200891 2.511862 -1.508033
3250000 3.934104 2.589198 -1.354821
3260000 4.469999 2.532526 -1.325191
3270000 3.478458 2.453124 -1.420708
3280000 4.061076 2.362638 -1.334680
3290000 4.730600 2.446659 -1.383469
3300000 4.660953 2.519085 -1.612314
3310000 4.401527 2.526365 -1.398061
3320000 5.058144 2.455015 -1.292262
3330000 4.772009 2.469291 -1.489109
3340000 5.003125 2.377161 -1.417882
3350000 4.960410 2.431129 -1.483504
3360000 4.614385 2.544486 -1.315645
3370000 3.817576 2.456590 -1.391382
3380000 3.467898 2.540906 -1.308349
3390000 4.596396 2.495649 -1.472295
3400000 4.537733 2.318799 -1.478087
3410000 4.598440 2.526253 -1.348852
3420000 3.642327 2.379020 -1.361658
3430000 2.845727 2.508852 -1.384042
3440000 2.452308 2.503284 -1.436194
3450000 2.439663 2.478722 -1.470229
3460000 2.052468 2.542322 -1.335869
3470000 1.833602 2.534243 -1.354478
3480000 1.992742 2.509437 -1.369561
3490000 2.199803 2.452547 -1.501740
3500000 2.625318 2.512545 -1.299233
3510000 2.254534 2.343814 -1.299031
3520000 1.973679 2.415724 -1.423166
3530000 1.504168 2.361302 -1.243603
3540000 1.098938 2.550590 -1.524145
3550000 0.795233 2.439886 -1.408386
3560000 0.708431 2.442256 -1.370345
3570000 0.720839 2.505799 -1.361619
3580000 0.974922 2.569311 -1.517904
3590000 0.812926 2.490338 -1.415037
3600000 0.889082 2.481680 -1.394406
3610000 1.100276 2.440941 -1.351182
3620000 0.886694 2.432806 -1.317865
3630000 0.505960 2.557885 -1.351298
3640000 0.615950 2.556020 -1.357085
3650000 0.706020 2.534197 -1.347928
3660000 0.967364 2.545652 -1.383795
3670000 0.916158 2.465719 -1.418135
3680000 1.126285 2.545728 -1.344222
3690000 1.007615 2.496455 -1.337984
3700000 0.810108 2.455956 -1.401895
3710000 0.575423 2.494905 -1.455552
3720000 0.649302 2.523452 -1.380850
3730000 0.810413 2.601103 -1.345522
3740000 0.890925 2.432364 -1.430657
3750000 0.955041 2.417179 -1.372835
3760000 0.891744 2.443837 -1.373994
3770000 0.941639 2.484079 -1.398069
3780000 1.234706 2.534373 -1.449060
3790000 1.142158 2.482086 -1.295590
3800000 1.371617 2.454814 -1.332032
3810000 1.340366 2.553076 -1.337139
3820000 1.721666 2.392168 -1.356527
3830000 1.113416 2.476282 -1.271980
3840000 0.993794 2.415240 -1.369729
3850000 0.882012 2.561475 -1.410013
3860000 0.510740 2.622177 -1.337099
3870000 0.503928 2.563411 -1.503572
3880000 0.670377 2.513942 -1.469600
3890000 0.965888 2.454463 -1.379041
3900000 0.949431 2.463150 -1.434071
3910000 1.017073 2.418929 -1.462653
3920000 1.217714 2.512527 -1.331748
3930000 1.428219 2.534635 -1.223517
3940000 1.207027 2.530623 -1.299056
3950000 1.089622 2.566798 -1.355609
3960000 1.539222 2.503044 -1.418047
3970000 1.691901 2.451931 -1.299542
3980000 1.404777 2.399453 -1.256779
3990000 1.196765 2.400232 -1.455436
4000000 1.541904 2.485924 -1.278852
