100000 4.413269 2.423759 -2.381319
110000 4.793370 2.414102 -2.375696
120000 3.642893 2.473366 -2.457624
130000 2.952952 2.522643 -2.537899
140000 2.661802 2.412699 -2.474119
150000 1.714932 2.493288 -2.542479
160000 1.482504 2.553917 -2.593128
170000 1.332758 2.417666 -2.501008
180000 2.158520 2.376492 -2.447451
190000 2.293097 2.413283 -2.322729
200000 3.242678 2.421953 -2.507572
210000 3.874034 2.358726 -2.464002
220000 3.278497 2.423375 -2.335246
230000 4.545958 2.608489 -2.410497
240000 4.256849 2.422975 -2.449451
250000 4.830585 2.340123 -2.440180
260000 3.326986 2.482269 -2.578884
270000 2.789876 2.307252 -2.419148
280000 2.777996 2.294073 -2.367051
290000 1.978893 2.605002 -2.392361
300000 2.358492 2.516038 -2.560863
310000 1.711383 2.560732 -2.504058
320000 1.173042 2.414393 -2.465002
330000 1.624409 2.507153 -2.282764
340000 2.762398 2.430973 -2.414736
350000 2.559083 2.401342 -2.436570
360000 3.744647 2.430095 -2.543078
370000 4.551413 2.394480 -2.444231
380000 3.436003 2.405308 -2.494282
390000 3.375787 2.391980 -2.485972
400000 3.588588 2.337097 -2.418590
410000 4.582958 2.521806 -2.520994
420000 4.857105 2.564705 -2.474847
430000 5.007180 2.400687 -2.557773
440000 4.838067 2.626988 -2.446420
450000 3.681736 2.499361 -2.369419
460000 4.214961 2.389035 -2.575725
470000 4.654289 2.471088 -2.444079
480000 4.588834 2.457385 -2.463438
490000 3.595338 2.334506 -2.409213
500000 2.401417 2.431629 -2.520468
510000 2.743046 2.419131 -2.350299
520000 2.424613 2.528111 -2.508350
530000 1.970778 2.415013 -2.561454
540000 2.848939 2.387237 -2.498700
550000 3.995622 2.390375 -2.466346
560000 3.694533 2.575892 -2.512547
570000 3.053723 2.544513 -2.497693
580000 3.194455 2.492037 -2.435524
590000 4.476445 2.370886 -2.359678
600000 4.611559 2.544136 -2.461210
610000 3.999528 2.411437 -2.373256
620000 2.874311 2.465366 -2.353825
630000 2.625378 2.368393 -2.572434
640000 2.031637 2.376257 -2.482251
650000 1.025484 2.416290 -2.418389
660000 0.574239 2.411654 -2.413974
670000 0.512181 2.381624 -2.489339
680000 0.627195 2.600086 -2.496448
690000 1.018235 2.381935 -2.350380
700000 1.077418 2.418999 -2.303689
710000 0.857678 2.522343 -2.376838
720000 0.945887 2.304337 -2.504751
730000 1.274170 2.409840 -2.585807
740000 1.541095 2.409097 -2.518984
750000 1.324127 2.375754 -2.544777
760000 1.757340 2.370760 -2.455795
770000 1.892336 2.290715 -2.354835
780000 2.277622 2.546573 -2.438082
790000 1.985063 2.444893 -2.489341
800000 2.548870 2.436010 -2.584993
810000 2.758093 2.526796 -2.453697
820000 2.626812 2.498866 -2.465479
830000 2.592013 2.412970 -2.563301
840000 3.934439 2.438845 -2.472893
850000 4.742783 2.422773 -2.443318
860000 4.945318 2.559131 -2.471243
870000 4.697875 2.475870 -2.360502
880000 3.962866 2.518427 -2.326775
890000 4.416868 2.325132 -2.313612
900000 4.119912 2.556307 -2.368478
910000 3.223772 2.409708 -2.578782
920000 3.456628 2.446595 -2.435611
930000 2.891823 2.515417 -2.417806
940000 2.395115 2.320757 -2.402904
950000 3.070550 2.485630 -2.473775
960000 3.923639 2.495214 -2.441887
970000 4.958439 2.526855 -2.335599
980000 5.015324 2.482593 -2.525255
990000 3.709023 2.410911 -2.403045
1000000 2.960778 2.428208 -2.427098
1010000 2.947244 2.361199 -2.529615
1020000 3.579272 2.344219 -2.528986
1030000 3.642832 2.444264 -2.464731
1040000 4.705477 2.518079 -2.536271
1050000 5.040661 2.397450 -2.370435
1060000 5.051820 2.517663 -2.399124
1070000 4.763971 2.420178 -2.464328
1080000 3.466065 2.469281 -2.404517
1090000 3.749354 2.344866 -2.533773
1100000 3.709070 2.496041 -2.530895
1110000 4.293787 2.378640 -2.484627
1120000 3.461660 2.528291 -2.440472
1130000 3.137956 2.394148 -2.447320
1140000 1.996820 2.370778 -2.551447
1150000 1.462906 2.447123 -2.444069
1160000 1.241799 2.358422 -2.427458
1170000 1.219329 2.425287 -2.489355
1180000 1.519355 2.379077 -2.493271
1190000 2.030315 2.538241 -2.418566
1200000 1.415436 2.416374 -2.450629
1210000 1.179300 2.620171 -2.449943
1220000 0.503949 2.413395 -2.420107
1230000 0.708530 2.472027 -2.323849
1240000 1.006176 2.464291 -2.463141
1250000 1.032401 2.401187 -2.368546
1260000 0.866214 2.435334 -2.437436
1270000 1.412077 2.405906 -2.447665
1280000 2.719534 2.419497 -2.400346
1290000 2.778119 2.484537 -2.485900
1300000 3.011991 2.452463 -2.437247
1310000 2.613732 2.473300 -2.434536
1320000 1.796031 2.371470 -2.504749
1330000 2.063347 2.414838 -2.401875
1340000 2.604724 2.428826 -2.502281
1350000 2.720701 2.449581 -2.491166
1360000 3.373545 2.433292 -2.452844
1370000 3.555348 2.522152 -2.455049
1380000 4.076665 2.412081 -2.500867
1390000 3.494631 2.471098 -2.431806
1400000 2.451901 2.456752 -2.432958
1410000 2.241898 2.377386 -2.519551
1420000 1.803720 2.573651 -2.421175
1430000 1.537439 2.447213 -2.353242
1440000 1.769306 2.436248 -2.583279
1450000 2.064636 2.391008 -2.338238
1460000 1.434064 2.524894 -2.521934
1470000 1.546421 2.413229 -2.418595
1480000 1.691386 2.515724 -2.532848
1490000 3.240988 2.339980 -2.500778
1500000 3.298796 2.525920 -2.497724
1510000 4.437989 2.599627 -2.240532
1520000 5.012194 2.508001 -2.480042
1530000 4.914619 2.463063 -2.514170
1540000 4.479555 2.383100 -2.385268
1550000 5.025480 2.569746 -2.484097
1560000 3.910171 2.646586 -2.410821
1570000 3.562375 2.460968 -2.526227
1580000 4.913379 2.611355 -2.288094
1590000 4.770489 2.348343 -2.496438
1600000 4.334779 2.328663 -2.461541
1610000 3.849266 2.349916 -2.313150
1620000 3.330768 2.426140 -2.422607
1630000 3.419885 2.413136 -2.347144
1640000 3.555693 2.357951 -2.326242
1650000 2.851925 2.430188 -2.425283
1660000 2.486975 2.342429 -2.396912
1670000 2.366570 2.572048 -2.466318
1680000 2.385418 2.421037 -2.367056
1690000 1.980619 2.283507 -2.463137
1700000 2.192571 2.369884 -2.423063
1710000 2.586731 2.270195 -2.484469
1720000 4.444660 2.358279 -2.347441
1730000 4.363746 2.337257 -2.274752
1740000 4.103605 2.439923 -2.427701
1750000 4.383936 2.505179 -2.447173
1760000 2.827417 2.495114 -2.330599
1770000 3.547525 2.349431 -2.279708
1780000 3.220289 2.467605 -2.519335
1790000 2.645160 2.370403 -2.515042
1800000 3.043467 2.433277 -2.412241
1810000 4.175789 2.520929 -2.592068
1820000 4.855128 2.398269 -2.417318
1830000 4.683842 2.511650 -2.507371
1840000 4.306986 2.380079 -2.337476
1850000 3.734079 2.434386 -2.340325
1860000 4.386217 2.431961 -2.509485
1870000 5.023941 2.443024 -2.471805
1880000 4.971712 2.394745 -2.425938
1890000 4.097042 2.256644 -2.522508
1900000 4.153826 2.459604 -2.437595
1910000 4.437614 2.512736 -2.499947
1920000 3.637887 2.486818 -2.397709
1930000 2.842580 2.440433 -2.343758
1940000 2.789285 2.439984 -2.321645
1950000 2.683467 2.403415 -2.433787
1960000 4.266996 2.499564 -2.400121
1970000 5.003339 2.293832 -2.511236
1980000 4.024014 2.523713 -2.485489
1990000 3.785557 2.552542 -2.475700
2000000 3.005488 2.406117 -2.424226
2010000 1.971448 2.486991 -2.501456
2020000 1.618208 2.411594 -2.464445
2030000 1.473483 2.447049 -2.523707
2040000 1.502691 2.413658 -2.440239
2050000 1.163406 2.408823 -2.466394
2060000 1.567318 2.399191 -2.519695
2070000 0.833095 2.485128 -2.461275
2080000 0.632055 2.401115 -2.505161
2090000 0.886108 2.357540 -2.442614
2100000 0.672821 2.494379 -2.531366
2110000 0.483833 2.532562 -2.454070
2120000 0.501939 2.549582 -2.456259
2130000 0.667240 2.503882 -2.516641
2140000 1.155457 2.372188 -2.417574
2150000 1.105546 2.405712 -2.376723
2160000 0.908569 2.407858 -2.455286
2170000 1.074785 2.452671 -2.424373
2180000 1.118634 2.538807 -2.467315
2190000 0.813569 2.448754 -2.392540
2200000 0.763976 2.673397 -2.350150
2210000 0.939566 2.540112 -2.380263
2220000 0.585366 2.355670 -2.534373
2230000 1.031134 2.498292 -2.394881
2240000 1.179575 2.520226 -2.333175
2250000 1.536525 2.524716 -2.428241
2260000 1.877884 2.485566 -2.411623
2270000 2.136996 2.366361 -2.616056
2280000 2.047925 2.411833 -2.444354
2290000 1.915494 2.457341 -2.443423
2300000 2.081783 2.485634 -2.562423
2310000 1.903854 2.418143 -2.446076
2320000 2.658551 2.569277 -2.472020
2330000 2.631300 2.386194 -2.428015
2340000 3.371919 2.491549 -2.320990
2350000 3.049181 2.476205 -2.425314
2360000 2.754228 2.504328 -2.396029
2370000 2.690607 2.531594 -2.355757
2380000 2.834946 2.395682 -2.445241
2390000 2.634801 2.522094 -2.355183
2400000 2.272110 2.382160 -2.481377
2410000 2.886183 2.647183 -2.451407
2420000 4.366062 2.373374 -2.521014
2430000 3.729790 2.478836 -2.404535
2440000 4.060721 2.348977 -2.338284
2450000 3.543683 2.489794 -2.373857
2460000 3.135968 2.408684 -2.521869
2470000 2.447562 2.524713 -2.382131
2480000 2.824522 2.543988 -2.425742
2490000 3.529051 2.446128 -2.347566
2500000 4.466464 2.417194 -2.367664
2510000 4.524544 2.487465 -2.520930
2520000 4.907421 2.557424 -2.377323
2530000 4.112328 2.380518 -2.412928
2540000 4.563075 2.514147 -2.492708
2550000 4.688101 2.467996 -2.342093
2560000 3.800122 2.486399 -2.445572
2570000 3.048021 2.484917 -2.362353
2580000 2.072584 2.528036 -2.562787
2590000 1.674542 2.375415 -2.441583
2600000 2.037862 2.404984 -2.430124
2610000 2.354713 2.383753 -2.546028
2620000 1.567846 2.296598 -2.420647
2630000 1.624864 2.377434 -2.566648
2640000 1.276687 2.435515 -2.506475
2650000 1.456684 2.341562 -2.518766
2660000 1.560081 2.293859 -2.393514
2670000 1.501304 2.373624 -2.418172
2680000 1.281604 2.514764 -2.396470
2690000 1.635088 2.557721 -2.527858
2700000 1.491173 2.514209 -2.590862
2710000 1.222238 2.472841 -2.486535
2720000 1.150648 2.366220 -2.450503
2730000 1.116744 2.329759 -2.503009
2740000 0.789537 2.359768 -2.521452
2750000 0.956074 2.494455 -2.485739
2760000 0.963301 2.489672 -2.389657
2770000 0.734911 2.440837 -2.482401
2780000 0.744422 2.467861 -2.262775
2790000 1.179340 2.398196 -2.449741
2800000 1.179484 2.386446 -2.386110
2810000 1.190137 2.294698 -2.324602
2820000 1.135131 2.530798 -2.371999
2830000 1.044239 2.437795 -2.510838
2840000 1.460231 2.396914 -2.473253
2850000 1.679728 2.480334 -2.473561
2860000 1.770317 2.441761 -2.489427
2870000 1.525294 2.502853 -2.525294
2880000 1.881438 2.342869 -2.434183
2890000 2.151930 2.339032 -2.268048
2900000 2.257014 2.477617 -2.570803
2910000 2.580128 2.489981 -2.528735
2920000 3.250141 2.388402 -2.396691
2930000 2.293838 2.430785 -2.495876
2940000 2.908470 2.414588 -2.325159
2950000 3.062316 2.367289 -2.518085
2960000 2.170628 2.416537 -2.392964
2970000 2.519000 2.372479 -2.394744
2980000 3.020381 2.560218 -2.398469
2990000 3.397441 2.405466 -2.472257
3000000 4.221075 2.419770 -2.476794
3010000 4.655830 2.546548 -2.583002
3020000 4.197135 2.451830 -2.355996
3030000 4.526163 2.461784 -2.487579
3040000 4.246771 2.366537 -2.433085
3050000 4.314484 2.451291 -2.521570
3060000 4.681434 2.423558 -2.545139
3070000 4.241702 2.339973 -2.272153
3080000 4.765048 2.482775 -2.353232
3090000 4.837161 2.307270 -2.514524
3100000 3.488904 2.556361 -2.502296
3110000 3.612240 2.385486 -2.318045
3120000 3.370031 2.375801 -2.483876
3130000 3.367433 2.489955 -2.379301
3140000 3.039324 2.541999 -2.373307
3150000 3.376801 2.439377 -2.450445
3160000 3.484859 2.445322 -2.437771
3170000 4.691895 2.474694 -2.439900
3180000 2.813059 2.423791 -2.375414
3190000 2.651951 2.422650 -2.500767
3200000 2.772775 2.490125 -2.342128
3210000 2.615393 2.489771 -2.398990
3220000 2.241738 2.537334 -2.353329
3230000 2.246770 2.400863 -2.288449
3240000 1.768158 2.382231 -2.607733
3250000 1.887979 2.482559 -2.337985
3260000 2.044512 2.487003 -2.380782
3270000 2.255456 2.307132 -2.287760
3280000 3.179773 2.505877 -2.463208
3290000 4.034728 2.357406 -2.477379
3300000 4.122696 2.521113 -2.476584
3310000 4.706703 2.346309 -2.505454
3320000 4.915271 2.443583 -2.442044
3330000 5.015990 2.425137 -2.455684
3340000 4.866251 2.427359 -2.484500
3350000 4.294419 2.527196 -2.411895
3360000 3.802697 2.439092 -2.380598
3370000 3.331254 2.471616 -2.572948
3380000 3.139429 2.567774 -2.383186
3390000 4.758226 2.391081 -2.366288
3400000 4.411774 2.413532 -2.429822
3410000 3.737378 2.406096 -2.504238
3420000 4.340799 2.329434 -2.508161
3430000 4.467457 2.326180 -2.349909
3440000 5.035443 2.417094 -2.472947
3450000 4.790516 2.423764 -2.481167
3460000 4.975342 2.432876 -2.407860
3470000 4.762453 2.423043 -2.334078
3480000 3.557471 2.470495 -2.420974
3490000 3.852227 2.409369 -2.335471
3500000 3.533512 2.379138 -2.435727
3510000 3.657936 2.531649 -2.371762
3520000 2.983974 2.422144 -2.374386
3530000 2.711921 2.436645 -2.439256
3540000 2.275505 2.527343 -2.455131
3550000 2.356802 2.500752 -2.389559
3560000 3.282613 2.329018 -2.474366
3570000 2.289874 2.550677 -2.303882
3580000 1.985504 2.287103 -2.517817
3590000 3.049443 2.408803 -2.424678
3600000 3.804444 2.516518 -2.400076
3610000 3.394206 2.468293 -2.495394
3620000 4.418019 2.438411 -2.467843
3630000 4.386853 2.505273 -2.576111
3640000 4.599303 2.492682 -2.465554
3650000 4.391067 2.522853 -2.507566
3660000 3.980859 2.383235 -2.366357
3670000 3.391308 2.425339 -2.363495
3680000 2.656179 2.512194 -2.346638
3690000 2.559514 2.348252 -2.416191
3700000 2.318121 2.515145 -2.558777
3710000 2.516664 2.399900 -2.432358
3720000 2.898892 2.436714 -2.431733
3730000 3.275121 2.422016 -2.494279
3740000 3.989085 2.436023 -2.445276
3750000 5.038624 2.424733 -2.512267
3760000 4.969810 2.439706 -2.370334
3770000 4.423867 2.409207 -2.434718
3780000 4.967162 2.404900 -2.410228
3790000 4.563919 2.316250 -2.429888
3800000 4.146528 2.446280 -2.405915
3810000 4.814919 2.456060 -2.383146
3820000 4.654217 2.472372 -2.489028
3830000 4.014439 2.548787 -2.452741
3840000 3.289510 2.499854 -2.276762
3850000 3.308739 2.501267 -2.401260
3860000 3.051701 2.498396 -2.409793
3870000 3.130588 2.229978 -2.456104
3880000 3.903664 2.475918 -2.416159
3890000 4.683124 2.504120 -2.346155
3900000 4.834861 2.309538 -2.443755
3910000 5.083300 2.517985 -2.340587
3920000 4.661777 2.334100 -2.523999
3930000 4.164802 2.401740 -2.445973
3940000 3.629736 2.577293 -2.404773
3950000 3.373357 2.534406 -2.407900
3960000 3.965810 2.391960 -2.494441
3970000 4.998688 2.474361 -2.443467
3980000 4.438521 2.529528 -2.568754
3990000 4.045803 2.460596 -2.517251
4000000 4.681479 2.398383 -2.520501
