100000 4.018033 2.467225 -2.678700
110000 4.113880 2.464464 -2.531196
120000 4.864756 2.462556 -2.690557
130000 4.321487 2.486239 -2.638566
140000 3.426046 2.401829 -2.540592
150000 2.585872 2.480981 -2.583753
160000 2.838124 2.392221 -2.640139
170000 2.799600 2.400414 -2.694350
180000 2.273262 2.569654 -2.659007
190000 1.516551 2.446808 -2.644970
200000 1.102279 2.378844 -2.550825
210000 0.869508 2.460616 -2.615559
220000 1.148013 2.596503 -2.575380
230000 0.983333 2.415541 -2.661132
240000 0.698587 2.442323 -2.668609
250000 1.325781 2.472801 -2.524526
260000 1.495738 2.362830 -2.679273
270000 1.996083 2.478825 -2.556412
280000 2.880959 2.566036 -2.805330
290000 4.383999 2.325144 -2.762385
300000 4.932515 2.395685 -2.713593
310000 4.415998 2.403978 -2.648686
320000 4.786482 2.422258 -2.640740
330000 4.760262 2.384113 -2.763466
340000 3.494611 2.415100 -2.573031
350000 2.859439 2.566961 -2.563431
360000 4.053639 2.415054 -2.581723
370000 4.126515 2.528398 -2.624745
380000 3.801871 2.372791 -2.631599
390000 3.980439 2.344043 -2.640877
400000 4.755338 2.467866 -2.642877
410000 3.598174 2.399450 -2.677904
420000 3.810902 2.224957 -2.623096
430000 1.548235 2.394294 -2.709993
440000 2.636786 2.320947 -2.745080
450000 1.806026 2.477680 -2.570342
460000 2.117451 2.477609 -2.634175
470000 2.546549 2.502997 -2.592220
480000 3.294129 2.535491 -2.622920
490000 3.780484 2.542258 -2.580125
500000 4.437997 2.393530 -2.577197
510000 4.334537 2.403011 -2.548116
520000 2.679976 2.323364 -2.590534
530000 2.489950 2.370573 -2.685712
540000 2.708385 2.346953 -2.513706
550000 3.726277 2.496825 -2.761131
560000 3.163863 2.482371 -2.613310
570000 1.966157 2.384467 -2.642392
580000 2.247982 2.465697 -2.566288
590000 2.891401 2.536380 -2.639592
600000 4.367880 2.366814 -2.644210
610000 3.911761 2.447883 -2.711058
620000 4.530602 2.415504 -2.653928
630000 4.132384 2.480624 -2.575183
640000 4.259930 2.487157 -2.608927
650000 3.661988 2.383083 -2.527522
660000 3.045080 2.472917 -2.544594
670000 3.908517 2.412891 -2.660378
680000 4.352460 2.530645 -2.540252
690000 3.485229 2.457793 -2.491469
700000 4.692963 2.545184 -2.742381
710000 3.683057 2.386079 -2.697625
720000 3.006465 2.435750 -2.673934
730000 1.723365 2.454697 -2.651060
740000 1.337790 2.487657 -2.604219
750000 1.526018 2.453905 -2.696789
760000 1.119206 2.598831 -2.580568
770000 1.184322 2.418845 -2.587055
780000 0.629017 2.469702 -2.656461
790000 0.798130 2.519559 -2.601695
800000 1.291073 2.572669 -2.765356
810000 1.078892 2.471163 -2.545272
820000 1.494039 2.426200 -2.568690
830000 1.678614 2.429719 -2.530728
840000 1.862735 2.288891 -2.756582
850000 2.469047 2.494807 -2.680731
860000 2.552485 2.454568 -2.664178
870000 1.969051 2.494945 -2.504594
880000 2.663712 2.514606 -2.600626
890000 3.074379 2.329851 -2.534701
900000 3.079283 2.351964 -2.585534
910000 3.354361 2.494850 -2.838155
920000 4.333896 2.590295 -2.672807
930000 3.914245 2.521425 -2.754088
940000 3.548382 2.391161 -2.692759
950000 3.120048 2.350165 -2.557812
960000 3.401203 2.442208 -2.685119
970000 2.280804 2.529941 -2.525086
980000 2.519577 2.389340 -2.722692
990000 1.658889 2.513229 -2.609528
1000000 1.406115 2.402202 -2.631785
1010000 0.863896 2.448245 -2.486674
1020000 0.745772 2.393378 -2.788718
1030000 0.524115 2.483020 -2.728177
1040000 0.534008 2.470482 -2.699534
1050000 0.854127 2.448139 -2.614903
1060000 1.152570 2.470862 -2.645701
1070000 1.232916 2.429723 -2.607604
1080000 1.544554 2.395745 -2.513021
1090000 1.267804 2.431946 -2.645818
1100000 1.041688 2.412809 -2.614741
1110000 1.809717 2.449858 -2.689662
1120000 1.884515 2.432205 -2.654193
1130000 2.110173 2.518933 -2.505732
1140000 1.787185 2.459325 -2.656153
1150000 2.696597 2.406835 -2.604184
1160000 2.926190 2.464349 -2.517898
1170000 2.881754 2.380439 -2.590581
1180000 3.251427 2.508553 -2.645340
1190000 4.072748 2.442318 -2.599554
1200000 4.880108 2.373076 -2.585570
1210000 4.311678 2.461940 -2.523354
1220000 4.503688 2.512025 -2.530098
1230000 4.820268 2.469929 -2.680554
1240000 3.658826 2.506063 -2.568518
1250000 2.987057 2.342601 -2.608311
1260000 4.918374 2.485898 -2.659801
1270000 3.239754 2.319485 -2.653690
1280000 3.744393 2.466206 -2.644793
1290000 4.062957 2.440637 -2.653818
1300000 4.133775 2.424677 -2.645152
1310000 3.178111 2.469682 -2.526541
1320000 2.873981 2.440383 -2.547167
1330000 2.277907 2.271291 -2.567015
1340000 2.230711 2.412927 -2.539988
1350000 2.836324 2.538414 -2.549644
1360000 2.698560 2.528623 -2.581494
1370000 3.718661 2.453173 -2.580629
1380000 4.340356 2.440917 -2.594016
1390000 4.957639 2.406322 -2.554711
1400000 4.772413 2.417074 -2.550403
1410000 4.372741 2.520744 -2.509129
1420000 3.895711 2.488416 -2.620972
1430000 4.576748 2.374643 -2.597022
1440000 3.782946 2.374161 -2.637179
1450000 3.383105 2.370946 -2.576266
1460000 4.430288 2.488734 -2.552858
1470000 4.139063 2.537848 -2.560960
1480000 4.712151 2.528811 -2.693877
1490000 5.021216 2.564585 -2.573077
1500000 4.799631 2.456876 -2.546523
1510000 4.920337 2.444936 -2.552345
1520000 5.008696 2.612299 -2.609328
1530000 5.036431 2.500022 -2.641124
1540000 4.341046 2.518821 -2.632460
1550000 3.843259 2.341366 -2.561724
1560000 3.393707 2.515937 -2.664795
1570000 2.288230 2.419611 -2.644378
1580000 2.125508 2.516725 -2.649707
1590000 2.816320 2.428921 -2.510353
1600000 1.856604 2.467000 -2.625893
1610000 1.538792 2.467866 -2.516036
1620000 1.637378 2.439640 -2.656916
1630000 1.780662 2.362780 -2.503014
1640000 2.109908 2.514472 -2.634664
1650000 2.258807 2.487076 -2.611317
1660000 2.339075 2.433245 -2.596824
1670000 3.216226 2.471337 -2.681993
1680000 3.093025 2.391597 -2.657292
1690000 3.380417 2.303721 -2.587678
1700000 3.880930 2.242950 -2.629565
1710000 4.181604 2.473177 -2.560633
1720000 3.578899 2.413625 -2.618816
1730000 4.999723 2.362628 -2.713998
1740000 4.468383 2.447962 -2.592767
1750000 3.748762 2.432691 -2.578452
1760000 3.699250 2.333285 -2.588761
1770000 4.792479 2.382621 -2.566838
1780000 5.004827 2.386980 -2.524556
1790000 3.864604 2.378505 -2.596019
1800000 4.471953 2.476023 -2.483706
1810000 3.357425 2.464875 -2.568722
1820000 2.703953 2.482044 -2.643997
1830000 3.197265 2.505714 -2.596751
1840000 2.713116 2.495759 -2.500155
1850000 3.396154 2.369849 -2.493317
1860000 2.335729 2.426512 -2.545282
1870000 1.733904 2.537601 -2.600964
1880000 1.163360 2.492503 -2.720927
1890000 1.202314 2.529394 -2.561470
1900000 1.658915 2.464660 -2.700604
1910000 1.876211 2.465076 -2.692708
1920000 1.684415 2.435760 -2.800029
1930000 1.652002 2.551164 -2.545966
1940000 1.544664 2.638838 -2.661160
1950000 2.251437 2.521336 -2.638991
1960000 2.110563 2.527572 -2.566789
1970000 2.564775 2.422465 -2.655339
1980000 2.754988 2.332575 -2.617039
1990000 2.720875 2.387540 -2.531399
2000000 2.982422 2.425123 -2.618992
2010000 2.235615 2.522454 -2.592929
2020000 2.023419 2.407277 -2.650647
2030000 2.058483 2.482512 -2.718918
2040000 1.290970 2.336013 -2.614251
2050000 0.905340 2.475841 -2.493467
2060000 0.870604 2.454111 -2.612744
2070000 0.767873 2.393418 -2.599083
2080000 1.113292 2.337334 -2.656187
2090000 0.798844 2.494143 -2.565973
2100000 0.613627 2.442438 -2.635512
2110000 0.501443 2.439803 -2.664410
2120000 0.614945 2.478554 -2.621786
2130000 0.849642 2.458032 -2.638514
2140000 0.901327 2.361355 -2.761045
2150000 0.582392 2.504577 -2.499232
2160000 0.494097 2.488419 -2.608080
2170000 0.501634 2.494100 -2.665940
2180000 0.713431 2.501823 -2.556706
2190000 1.230930 2.503673 -2.669254
2200000 1.170143 2.497484 -2.628181
2210000 1.151023 2.420902 -2.676115
2220000 0.934490 2.399729 -2.600719
2230000 0.741490 2.608891 -2.617811
2240000 0.723617 2.436745 -2.746558
2250000 1.034416 2.393907 -2.613264
2260000 1.062053 2.517783 -2.675559
2270000 0.733342 2.531898 -2.640276
2280000 0.776066 2.326994 -2.667511
2290000 0.902104 2.381685 -2.600686
2300000 1.355957 2.545041 -2.567012
2310000 1.594127 2.319061 -2.658640
2320000 1.677618 2.334857 -2.662904
2330000 1.283364 2.364082 -2.617538
2340000 1.242034 2.465075 -2.605954
2350000 1.712028 2.377990 -2.612012
2360000 2.341195 2.375600 -2.631851
2370000 2.645408 2.478937 -2.565594
2380000 3.528892 2.456809 -2.590707
2390000 3.369982 2.453532 -2.623216
2400000 3.367186 2.533320 -2.609073
2410000 3.861189 2.482249 -2.565779
2420000 3.246388 2.374964 -2.612736
2430000 2.488436 2.360110 -2.669645
2440000 2.587201 2.545044 -2.582395
2450000 2.679026 2.396085 -2.650734
2460000 4.021847 2.467134 -2.577416
2470000 4.974304 2.357768 -2.562541
2480000 4.448579 2.432190 -2.652114
2490000 4.478328 2.626623 -2.610518
2500000 3.734647 2.440388 -2.517206
2510000 3.377984 2.474970 -2.595154
2520000 3.482719 2.443073 -2.536648
2530000 4.233666 2.403301 -2.524009
2540000 4.276732 2.525093 -2.529617
2550000 4.724718 2.281345 -2.725580
2560000 5.044093 2.448186 -2.659403
2570000 4.485764 2.487100 -2.631484
2580000 4.694164 2.505617 -2.589912
2590000 4.125589 2.456767 -2.725846
2600000 3.525476 2.436133 -2.654641
2610000 3.381555 2.478560 -2.552627
2620000 3.111079 2.588968 -2.656024
2630000 3.228113 2.447492 -2.664610
2640000 3.851459 2.434965 -2.739055
2650000 2.854454 2.553869 -2.637878
2660000 2.755925 2.386086 -2.569984
2670000 2.991818 2.498611 -2.638573
2680000 2.392565 2.610125 -2.743131
2690000 2.103909 2.513505 -2.607639
2700000 2.562932 2.508635 -2.668683
2710000 3.271448 2.468980 -2.562153
2720000 4.361034 2.470154 -2.622702
2730000 4.613735 2.461898 -2.641249
2740000 4.100496 2.505302 -2.616016
2750000 3.679425 2.396776 -2.793927
2760000 3.594304 2.424305 -2.478433
2770000 3.310897 2.481162 -2.568001
2780000 2.523531 2.289530 -2.574872
2790000 1.967682 2.480364 -2.577737
2800000 1.873288 2.441907 -2.638523
2810000 1.833430 2.569304 -2.601668
2820000 2.503201 2.555474 -2.496427
2830000 2.165568 2.427065 -2.724678
2840000 1.877971 2.440764 -2.669411
2850000 3.170747 2.456457 -2.543278
2860000 4.689481 2.466406 -2.552572
2870000 4.165593 2.494586 -2.506654
2880000 4.538119 2.451885 -2.691517
2890000 4.690628 2.378190 -2.759137
2900000 4.854831 2.351818 -2.600179
2910000 4.627829 2.427131 -2.548041
2920000 3.640833 2.516614 -2.431612
2930000 3.034542 2.425657 -2.711458
2940000 3.649388 2.472126 -2.490250
2950000 4.985995 2.428015 -2.516843
2960000 4.329657 2.460324 -2.606666
2970000 4.089385 2.432978 -2.577652
2980000 4.241382 2.493316 -2.705207
2990000 3.403204 2.427494 -2.710983
3000000 3.213049 2.388414 -2.677606
3010000 2.988518 2.490695 -2.574125
3020000 2.571189 2.429374 -2.611192
3030000 2.082504 2.335904 -2.625372
3040000 1.884726 2.461173 -2.650987
3050000 1.918651 2.456490 -2.712671
3060000 1.542777 2.483120 -2.643635
3070000 1.341192 2.495426 -2.634780
3080000 1.120727 2.523835 -2.487113
3090000 1.226375 2.376806 -2.646495
3100000 1.086469 2.419640 -2.682182
3110000 1.016473 2.445809 -2.660171
3120000 1.335674 2.435965 -2.694349
3130000 1.552522 2.594600 -2.621029
3140000 1.719181 2.390502 -2.539006
3150000 2.230126 2.346179 -2.564750
3160000 2.073921 2.508511 -2.485060
3170000 1.932309 2.400518 -2.587804
3180000 2.629727 2.332348 -2.623195
3190000 2.996570 2.456664 -2.524329
3200000 2.838483 2.533032 -2.720694
3210000 2.291176 2.355574 -2.584565
3220000 3.307347 2.538852 -2.612544
3230000 2.844401 2.453096 -2.680749
3240000 4.231152 2.449506 -2.569244
3250000 3.632177 2.362355 -2.677842
3260000 3.724414 2.430281 -2.631873
3270000 4.761454 2.377745 -2.604115
3280000 4.560968 2.506082 -2.469308
3290000 4.281535 2.413413 -2.687901
3300000 4.594668 2.477768 -2.686477
3310000 4.153322 2.486202 -2.649900
3320000 3.198696 2.486060 -2.660434
3330000 2.731342 2.482649 -2.566862
3340000 3.532373 2.484532 -2.610586
3350000 3.895069 2.415944 -2.723936
3360000 3.403206 2.286816 -2.663072
3370000 2.445804 2.482820 -2.784239
3380000 2.269927 2.351996 -2.619190
3390000 2.830020 2.396502 -2.704403
3400000 3.603426 2.460628 -2.684235
3410000 3.728591 2.478481 -2.629694
3420000 3.773572 2.364390 -2.715412
3430000 4.821676 2.433035 -2.500274
3440000 4.735952 2.506188 -2.562260
3450000 4.033236 2.475767 -2.679289
3460000 3.219841 2.460825 -2.662404
3470000 2.892133 2.491331 -2.776169
3480000 2.746445 2.416391 -2.637645
3490000 2.208565 2.454171 -2.740271
3500000 2.368135 2.420326 -2.505473
3510000 3.072348 2.346241 -2.671021
3520000 3.109713 2.436679 -2.705752
3530000 3.600441 2.521760 -2.631948
3540000 3.813250 2.496574 -2.565743
3550000 4.562916 2.530906 -2.624723
3560000 4.529886 2.478906 -2.704695
3570000 4.583892 2.423302 -2.545166
3580000 4.246051 2.511540 -2.494119
3590000 4.695256 2.494627 -2.577385
3600000 2.742853 2.452804 -2.623390
3610000 2.222153 2.509372 -2.485634
3620000 1.985559 2.560726 -2.631532
3630000 1.891713 2.392496 -2.593776
3640000 1.764466 2.554924 -2.626641
3650000 1.509234 2.435629 -2.745593
3660000 1.570281 2.431645 -2.635957
3670000 0.733481 2.441549 -2.600097
3680000 0.584918 2.422853 -2.596010
3690000 0.834622 2.545710 -2.668998
3700000 1.087889 2.386464 -2.630570
3710000 1.236373 2.515560 -2.520115
3720000 1.244850 2.443134 -2.554486
3730000 1.473557 2.462237 -2.685243
3740000 1.645419 2.471271 -2.622498
3750000 1.689681 2.244719 -2.576204
3760000 1.212434 2.343781 -2.696519
3770000 1.308492 2.414218 -2.495192
3780000 1.342408 2.469248 -2.667810
3790000 1.173639 2.281579 -2.678187
3800000 1.355277 2.419867 -2.615248
3810000 1.171993 2.537065 -2.575133
3820000 0.914017 2.330711 -2.667497
3830000 0.497632 2.456798 -2.666253
3840000 0.663372 2.443062 -2.511948
3850000 0.504862 2.435053 -2.629732
3860000 0.834838 2.409903 -2.614131
3870000 0.810009 2.581787 -2.759076
3880000 0.863378 2.464236 -2.592849
3890000 0.754321 2.428615 -2.547043
3900000 0.720602 2.427890 -2.551604
3910000 1.012256 2.469816 -2.675104
3920000 0.823435 2.351193 -2.486042
3930000 0.926942 2.486262 -2.624136
3940000 0.789272 2.574582 -2.618671
3950000 0.862872 2.482409 -2.751865
3960000 1.047097 2.374911 -2.560902
3970000 0.564934 2.436873 -2.528712
3980000 0.498795 2.312936 -2.653657
3990000 0.592391 2.421894 -2.636731
4000000 0.600270 2.474404 -2.586912
