100000 1.906309 2.229538 1.803374
110000 2.173610 2.196316 1.862971
120000 1.943487 2.268923 1.923274
130000 3.189612 2.145831 1.952759
140000 3.559946 2.234240 1.877819
150000 4.432962 2.229822 1.945729
160000 3.391313 2.330377 1.946224
170000 4.213435 2.204870 1.951519
180000 3.777796 2.283991 1.872706
190000 4.633312 2.270756 2.038714
200000 4.015258 2.328527 1.975404
210000 2.351623 2.254920 1.834424
220000 3.597493 2.217012 1.746491
230000 2.656870 2.278879 1.879758
240000 3.340416 2.390174 1.863700
250000 3.307948 2.251657 1.862555
260000 3.757698 2.217028 1.918925
270000 4.277424 2.190574 2.028077
280000 3.765644 2.281205 1.958237
290000 3.031166 2.276125 1.983104
300000 3.815616 2.272703 1.986005
310000 4.278884 2.217308 1.877543
320000 4.910314 2.273121 1.871039
330000 3.566909 2.311272 1.998648
340000 2.407507 2.253806 1.853145
350000 1.836042 2.464998 1.913637
360000 2.553241 2.255715 1.953040
370000 2.518282 2.120414 1.917143
380000 2.933620 2.238246 1.852942
390000 3.208165 2.217802 1.882507
400000 2.925801 2.288979 1.932259
410000 1.551037 2.277102 1.913011
420000 0.864981 2.436511 1.840382
430000 1.484181 2.179005 2.009132
440000 1.094408 2.220713 1.982946
450000 1.404457 2.243696 1.926741
460000 0.826045 2.374605 1.917492
470000 0.738374 2.381893 1.997831
480000 0.867398 2.260056 1.887757
490000 0.652748 2.197629 1.899694
500000 1.134814 2.271574 1.954781
510000 1.413793 2.220765 1.787859
520000 1.845301 2.131074 1.919050
530000 1.886558 2.217003 1.970067
540000 1.993842 2.207441 2.031984
550000 2.704962 2.237780 1.937665
560000 2.569509 2.277779 1.945388
570000 3.628704 2.250850 1.940153
580000 2.562717 2.263024 1.864543
590000 3.406953 2.240687 1.966144
600000 2.330899 2.337680 1.942518
610000 1.718005 2.385041 1.940828
620000 1.656997 2.292396 2.042147
630000 1.791537 2.284454 1.902700
640000 1.885863 2.169890 1.912999
650000 2.652423 2.194129 1.895929
660000 3.952383 2.102186 1.880128
670000 4.273506 2.281087 1.807375
680000 4.920994 2.224292 1.889575
690000 4.963890 2.368319 1.986017
700000 4.679749 2.297119 1.919021
710000 4.509066 2.234403 1.926368
720000 4.795173 2.233094 1.811086
730000 3.848928 2.408774 1.879735
740000 3.543104 2.329529 1.835171
750000 3.886400 2.235685 1.889306
760000 2.969428 2.284460 1.946579
770000 2.389510 2.274468 1.982028
780000 3.397421 2.325784 1.997713
790000 3.175781 2.205026 2.043730
800000 3.774688 2.305861 1.925519
810000 4.712834 2.309480 1.892950
820000 4.277585 2.262414 1.942250
830000 4.647068 2.079697 1.885014
840000 4.887021 2.197871 1.966878
850000 4.909032 2.156656 1.998047
860000 4.795343 2.308559 1.868656
870000 3.808328 2.261874 1.956721
880000 3.961002 2.380506 1.993512
890000 4.676537 2.339509 2.041084
900000 4.611427 2.212962 1.936497
910000 4.803082 2.331864 1.952280
920000 4.483885 2.295269 1.980389
930000 3.279763 2.278932 1.917671
940000 3.787345 2.448683 1.813559
950000 3.039341 2.240131 1.921327
960000 2.295536 2.313111 1.982825
970000 2.185599 2.256797 1.887547
980000 1.666454 2.262340 2.019374
990000 1.412695 2.288342 2.032868
1000000 2.106440 2.197150 2.008303
1010000 2.360966 2.329852 1.951723
1020000 2.680924 2.237551 1.855970
1030000 2.228557 2.195162 1.786182
1040000 2.588582 2.277561 1.927265
1050000 3.136689 2.261665 1.921683
1060000 3.926066 2.339795 2.008774
1070000 3.805951 2.142862 1.842400
1080000 4.524591 2.336463 2.028000
1090000 4.168978 2.275426 1.914533
1100000 3.652909 2.278125 1.960571
1110000 4.196248 2.320236 1.923597
1120000 3.496020 2.235478 1.904190
1130000 3.528003 2.312215 1.940672
1140000 2.627061 2.263668 1.901139
1150000 2.548791 2.321630 1.885942
1160000 1.746004 2.367086 1.848310
1170000 1.602353 2.236923 1.988171
1180000 1.322249 2.206464 2.061818
1190000 1.155891 2.398411 1.893890
1200000 1.474396 2.172627 1.813160
1210000 1.604780 2.173617 1.886553
1220000 1.724860 2.082500 1.882822
1230000 2.061759 2.333163 1.999906
1240000 2.404287 2.359137 1.975923
1250000 3.270112 2.292479 1.991123
1260000 3.587352 2.122170 1.853100
1270000 3.124567 2.401650 1.975729
1280000 3.485178 2.214857 1.960366
1290000 2.196844 2.247183 2.056978
1300000 1.906479 2.318575 1.907244
1310000 2.332338 2.304615 1.913745
1320000 2.408689 2.233180 1.800239
1330000 1.780384 2.207463 1.934365
1340000 2.621148 2.142808 1.857030
1350000 2.803175 2.280517 1.884345
1360000 2.936547 2.307758 1.791940
1370000 4.360042 2.215906 1.961247
1380000 4.975320 2.299137 1.867522
1390000 4.844949 2.158007 1.838545
1400000 4.883344 2.379078 1.948097
1410000 4.307295 2.257614 1.965263
1420000 4.768963 2.100022 2.028613
1430000 4.972842 2.171088 1.869585
1440000 4.453849 2.357390 1.865338
1450000 3.898267 2.201276 1.975366
1460000 4.498416 2.283822 1.845908
1470000 4.732980 2.230105 1.807787
1480000 3.998927 2.272139 1.989352
1490000 3.812870 2.222009 1.938410
1500000 3.206115 2.293238 2.076963
1510000 2.773826 2.343196 2.079362
1520000 2.235162 2.122970 2.054470
1530000 2.494727 2.154462 1.999209
1540000 3.073839 2.311602 1.895994
1550000 3.746307 2.256395 2.044820
1560000 4.591402 2.338790 1.990066
1570000 4.936681 2.277232 1.911143
1580000 4.857487 2.265757 1.851635
1590000 3.987181 2.269402 1.999102
1600000 5.072886 2.312193 1.847560
1610000 4.967444 2.262137 1.966969
1620000 4.143186 2.307223 1.994492
1630000 3.400292 2.209838 1.928869
1640000 3.587215 2.280372 1.973347
1650000 4.366009 2.136788 1.938383
1660000 4.130323 2.357814 1.949241
1670000 4.117335 2.117960 1.946710
1680000 4.400852 2.369644 1.995604
1690000 2.987826 2.187053 2.012193
1700000 3.023453 2.227865 1.847131
1710000 2.905373 2.410738 2.067415
1720000 3.601296 2.256745 1.967802
1730000 3.116596 2.296691 1.856699
1740000 2.856634 2.124486 1.933452
1750000 2.575364 2.371467 1.803760
1760000 1.629287 2.234422 1.788198
1770000 1.937365 2.220783 1.923890
1780000 1.340887 2.400068 1.979589
1790000 1.018458 2.336233 2.097333
1800000 0.711842 2.165824 2.019256
1810000 0.924730 2.275792 1.841631
1820000 0.803976 2.293866 2.036709
1830000 0.980999 2.250381 1.984857
1840000 0.525856 2.345074 1.957543
1850000 0.758288 2.405411 2.063832
1860000 0.949039 2.336203 2.071751
1870000 1.162201 2.363523 2.052847
1880000 1.234337 2.134868 1.847067
1890000 1.019407 2.295278 2.083697
1900000 0.954543 2.211963 1.888026
1910000 0.804050 2.292246 1.972199
1920000 1.075153 2.330978 1.910624
1930000 1.405993 2.163455 1.836522
1940000 1.432761 2.143940 1.854652
1950000 1.427795 2.291684 1.810493
1960000 1.572661 2.276719 1.900735
1970000 1.220649 2.204574 1.932998
1980000 1.306873 2.329755 1.845931
1990000 1.465278 2.206361 1.929732
2000000 1.681155 2.168996 1.822862
2010000 1.487793 2.294505 1.985180
2020000 1.305544 2.203883 2.059561
2030000 1.010082 2.465995 1.941689
2040000 1.023796 2.202836 1.974128
2050000 1.232822 2.180365 1.956017
2060000 1.929754 2.297777 1.993950
2070000 1.984980 2.283671 1.792201
2080000 1.911310 2.306426 1.956014
2090000 1.861121 2.063021 1.892795
2100000 1.654738 2.375188 1.869101
2110000 1.811030 2.042081 1.972658
2120000 2.038393 2.254233 1.795554
2130000 1.689369 2.232349 1.984683
2140000 1.533748 2.347564 1.921785
2150000 1.649103 2.194637 1.953164
2160000 1.944893 2.298635 1.934712
2170000 2.364543 2.179842 1.886832
2180000 1.800480 2.305987 1.927532
2190000 2.261403 2.049032 1.808656
2200000 2.343028 2.302587 1.861435
2210000 2.512294 2.267478 1.838903
2220000 2.787262 2.143760 1.863616
2230000 2.812575 2.259857 1.940700
2240000 3.346254 2.286815 1.866404
2250000 4.744436 2.222763 1.905691
2260000 4.219892 2.272546 1.996668
2270000 3.602175 2.372257 1.905098
2280000 3.485061 2.279236 1.878329
2290000 4.196535 2.272784 2.023750
2300000 3.623871 2.217008 1.975923
2310000 3.257089 2.248433 1.872115
2320000 3.470110 2.282396 1.989070
2330000 3.173991 2.288392 1.915588
2340000 2.816573 2.423220 1.857957
2350000 3.516568 2.240271 1.956996
2360000 4.457580 2.313823 1.961220
2370000 4.557967 2.266149 1.902050
2380000 4.477529 2.142600 1.908653
2390000 4.907478 2.250995 1.841250
2400000 4.924594 2.193772 1.854212
2410000 4.280596 2.278496 1.983128
2420000 3.776697 2.278347 1.912865
2430000 4.672529 2.161692 1.962928
2440000 3.718047 2.334809 1.916742
2450000 4.797389 2.233574 1.999823
2460000 4.841757 2.216541 2.019401
2470000 3.886470 2.218589 1.958196
2480000 3.040087 2.348841 1.878039
2490000 2.667318 2.277525 1.860044
2500000 3.517639 2.343841 2.036372
2510000 2.881942 2.304906 1.895275
2520000 2.117364 2.370590 2.039017
2530000 2.512168 2.405369 2.054290
2540000 2.455362 2.258640 1.962461
2550000 3.657824 2.265320 1.967504
2560000 4.227133 2.274902 1.930661
2570000 4.153801 2.290811 1.912677
2580000 4.356581 2.112832 2.038452
2590000 4.401605 2.208943 1.896428
2600000 3.142681 2.364486 1.811827
2610000 3.108519 2.243203 1.897040
2620000 3.725231 2.397225 1.907879
2630000 2.956281 2.296983 1.846737
2640000 2.558218 2.190427 1.824612
2650000 4.244398 2.343228 1.916204
2660000 4.471917 2.415865 1.885200
2670000 4.850666 2.301087 2.016696
2680000 3.947433 2.252426 1.990799
2690000 3.535643 2.162995 1.891700
2700000 3.790807 2.251657 1.816130
2710000 4.244318 2.331969 1.935802
2720000 3.836589 2.249240 1.876876
2730000 2.597122 2.267293 1.903349
2740000 2.118523 2.314562 1.880168
2750000 2.032925 2.286729 1.782403
2760000 2.393176 2.346715 2.017747
2770000 3.789151 2.206620 1.881875
2780000 4.345276 2.258981 1.988891
2790000 4.572289 2.102367 1.903295
2800000 4.074447 2.416847 1.813068
2810000 3.807330 2.208477 1.964342
2820000 3.430697 2.314723 1.876552
2830000 3.401174 2.287209 1.914447
2840000 3.437493 2.353583 1.881636
2850000 2.704747 2.288087 1.967807
2860000 2.958036 2.139767 1.995708
2870000 3.277675 2.287346 2.023759
2880000 4.614706 2.251105 1.887126
2890000 4.515132 2.358411 2.032624
2900000 3.943844 2.172618 1.819171
2910000 4.091830 2.235360 1.811836
2920000 2.928746 2.295296 1.875727
2930000 2.046722 2.261447 1.993937
2940000 2.172665 2.326583 1.890764
2950000 2.174800 2.237027 1.840717
2960000 1.409223 2.240858 2.100223
2970000 1.721609 2.255094 1.892815
2980000 1.800471 2.373605 1.978606
2990000 1.692430 2.159815 1.953685
3000000 1.349304 2.443238 2.007222
3010000 1.665928 2.218867 1.901272
3020000 1.292597 2.239083 1.892504
3030000 1.334402 2.299532 1.929740
3040000 1.298031 2.256759 1.859096
3050000 1.757206 2.205403 1.941995
3060000 1.905667 2.241150 1.908771
3070000 2.053324 2.284083 1.789156
3080000 2.345874 2.328481 1.972808
3090000 2.326886 2.210858 1.893817
3100000 2.229770 2.167980 1.896696
3110000 2.275649 2.385832 1.995906
3120000 2.175555 2.215983 1.859156
3130000 2.642075 2.131327 1.830528
3140000 3.597744 2.275208 1.807872
3150000 2.986299 2.353119 1.932653
3160000 3.048163 2.266642 1.696581
3170000 2.717713 2.192779 2.078897
3180000 2.805507 2.310573 1.863348
3190000 2.578108 2.255920 1.787843
3200000 3.254566 2.150847 1.947591
3210000 4.013170 2.196794 1.821808
3220000 4.577726 2.212669 1.911099
3230000 4.841034 2.248878 1.969643
3240000 4.694912 2.263453 1.892446
3250000 4.688163 2.149143 1.873809
3260000 4.766303 2.316438 1.960966
3270000 4.995145 2.032487 1.907484
3280000 4.265968 2.447359 1.898186
3290000 3.961072 2.268105 1.919136
3300000 4.979793 2.199109 2.039532
3310000 3.607798 2.298025 1.984033
3320000 3.477990 2.322091 1.881015
3330000 3.754735 2.271925 1.976671
3340000 4.374993 2.385291 1.864132
3350000 3.228133 2.280985 2.017962
3360000 2.427036 2.188456 1.899365
3370000 3.151474 2.347698 1.984840
3380000 3.116400 2.178956 1.802579
3390000 2.322483 2.419926 2.007017
3400000 1.915933 2.293484 1.928878
3410000 1.990316 2.221005 1.856909
3420000 1.673060 2.269576 1.779466
3430000 1.286445 2.358082 1.946990
3440000 0.759660 2.162390 2.026621
3450000 0.718854 2.313761 2.083297
3460000 0.690360 2.392068 2.151724
3470000 0.582627 2.383585 1.913044
3480000 0.703870 2.260208 1.790046
3490000 0.844055 2.291327 2.003056
3500000 0.810063 2.290833 1.870977
3510000 0.852097 2.249882 1.966100
3520000 0.689831 2.225603 1.855689
3530000 0.500342 2.293326 2.070895
3540000 0.489134 2.291632 2.035369
3550000 0.618514 2.414108 1.928331
3560000 0.671162 2.427843 1.897743
3570000 0.631339 2.342663 1.736578
3580000 0.723662 2.497833 2.025630
3590000 1.006037 2.428696 1.984144
3600000 1.042657 2.327062 1.887854
3610000 1.079487 2.220414 1.806615
3620000 1.039992 2.220238 1.794460
3630000 1.163010 2.215659 1.981170
3640000 1.194730 2.252899 1.784771
3650000 0.791204 2.306343 1.972337
3660000 1.093988 2.306413 2.156782
3670000 0.960566 2.249720 1.886312
3680000 1.051528 2.232449 2.002002
3690000 1.078238 2.358324 1.964834
3700000 1.154299 2.211820 1.864168
3710000 1.177908 2.331980 1.943759
3720000 1.178559 2.247025 1.911653
3730000 1.310484 2.201987 1.947303
3740000 1.237382 2.073037 1.949217
3750000 1.602041 2.210769 1.899684
3760000 1.458359 2.254942 1.784786
3770000 1.496923 2.248564 1.940406
3780000 1.479369 2.255398 1.881578
3790000 1.667205 2.213997 1.882631
3800000 1.682899 2.156597 1.921009
3810000 1.725635 2.165689 1.817093
3820000 1.860037 2.298879 1.865451
3830000 1.938647 2.231467 1.946213
3840000 2.189535 2.276812 1.785294
3850000 2.257257 2.284015 1.878089
3860000 2.142603 2.241631 1.939941
3870000 1.860468 2.237060 1.894658
3880000 1.973197 2.297350 1.904614
3890000 1.808538 2.214968 1.816290
3900000 1.802544 2.173255 1.990174
3910000 1.213971 2.094525 1.988955
3920000 1.348289 2.335690 1.716386
3930000 1.181202 2.211766 1.804069
3940000 1.288222 2.181882 1.933263
3950000 1.285281 2.380246 1.869270
3960000 1.665423 2.257293 2.032038
3970000 2.142145 2.231223 1.833498
3980000 2.444698 2.133294 1.904957
3990000 3.054669 2.296579 1.871741
4000000 3.039754 2.159353 1.886907
