100000 2.144330 2.219966 1.714468
110000 1.629729 2.201019 1.692475
120000 2.008007 2.308370 1.878760
130000 2.790550 2.261923 1.679857
140000 2.629771 2.258280 1.680965
150000 3.641491 2.272059 1.762570
160000 4.175407 2.303738 1.653281
170000 4.112521 2.209398 1.773644
180000 4.850794 2.241744 1.835072
190000 3.409284 2.305384 1.856426
200000 3.401097 2.297301 1.658436
210000 4.003930 2.249076 1.790385
220000 4.952710 2.293353 1.815920
230000 5.011787 2.291786 1.679799
240000 4.294787 2.276152 1.825518
250000 2.722079 2.423742 1.835073
260000 2.490554 2.305800 1.812315
270000 2.095523 2.317035 1.749102
280000 2.335105 2.290286 1.740250
290000 1.862185 2.160366 1.784223
300000 1.794729 2.209934 1.781866
310000 2.043658 2.286233 1.568527
320000 2.929568 2.238967 1.838912
330000 3.394503 2.175095 1.805467
340000 4.876431 2.276932 1.782243
350000 4.245141 2.240350 1.802247
360000 3.151632 2.243238 1.841359
370000 2.996833 2.319677 1.743784
380000 3.235643 2.432254 1.823812
390000 2.216519 2.328590 1.675491
400000 1.121434 2.328277 1.866084
410000 1.126796 2.326762 1.707646
420000 1.069210 2.408964 1.855202
430000 1.191670 2.202350 1.714324
440000 1.194988 2.311670 1.746329
450000 1.518797 2.283142 1.741826
460000 1.805795 2.312628 1.690873
470000 1.313073 2.332654 1.673115
480000 1.092332 2.301608 1.805195
490000 1.275093 2.281525 1.651340
500000 1.676740 2.296535 1.719081
510000 1.870871 2.245107 1.675008
520000 2.329700 2.304343 1.755363
530000 2.283841 2.261160 1.687477
540000 2.741193 2.285853 1.580207
550000 3.382049 2.251468 1.788488
560000 3.343362 2.183081 1.886020
570000 4.588490 2.235637 1.728297
580000 3.264149 2.172038 1.822892
590000 4.357163 2.171224 1.719597
600000 4.472322 2.291626 1.823228
610000 3.437733 2.326452 1.697919
620000 2.791188 2.276897 1.692117
630000 2.469906 2.170321 1.767169
640000 2.858874 2.182798 1.830849
650000 2.660823 2.266359 1.731747
660000 2.605570 2.173830 1.735110
670000 1.769050 2.307001 1.834039
680000 2.013052 2.164729 1.839140
690000 3.324280 2.241503 1.775268
700000 4.447875 2.238226 1.658628
710000 4.510521 2.326271 1.790245
720000 4.276024 2.307482 1.780236
730000 4.722044 2.107492 1.805069
740000 4.710434 2.184719 1.829382
750000 3.461009 2.350227 1.842253
760000 3.312512 2.315489 1.843790
770000 2.096976 2.225599 1.741541
780000 1.441754 2.260919 1.723884
790000 0.795877 2.206532 1.758558
800000 0.839360 2.200160 1.858555
810000 0.829019 2.229706 1.706005
820000 1.123219 2.275723 1.863436
830000 1.135497 2.267246 1.824902
840000 1.246699 2.292333 1.896349
850000 1.251322 2.167236 1.697693
860000 1.367052 2.308040 1.756869
870000 1.077795 2.242925 1.818552
880000 0.619004 2.231607 1.791943
890000 0.662282 2.292314 1.875048
900000 0.748507 2.182637 1.734470
910000 0.585469 2.187499 1.802766
920000 1.028580 2.194911 1.901803
930000 1.291512 2.303451 1.727781
940000 1.508927 2.113170 1.707635
950000 1.558788 2.159249 1.600082
960000 1.559840 2.159792 1.612766
970000 1.681632 2.226002 1.747874
980000 2.010434 2.365854 1.798364
990000 2.233106 2.090033 1.746753
1000000 1.810418 2.219008 1.818342
1010000 2.157430 2.263492 1.846832
1020000 2.672221 2.246539 1.815887
1030000 3.626526 2.291651 1.759457
1040000 3.799635 2.196028 1.828184
1050000 4.531831 2.272483 1.807029
1060000 4.994082 2.349059 1.650540
1070000 4.421679 2.327171 1.725647
1080000 3.984222 2.300442 1.655279
1090000 4.201590 2.281656 1.759689
1100000 3.252652 2.277772 1.701551
1110000 3.287395 2.363262 1.627200
1120000 3.531735 2.152927 1.789084
1130000 3.722173 2.207744 1.700727
1140000 4.622234 2.184683 1.775132
1150000 4.279680 2.227800 1.732308
1160000 3.736521 2.368295 1.764945
1170000 3.526754 2.149970 1.788374
1180000 2.744915 2.266092 1.718215
1190000 3.126106 2.213262 1.861602
1200000 2.512292 2.197884 1.936304
1210000 2.132434 2.205354 1.924988
1220000 2.312050 2.271359 1.730416
1230000 2.080251 2.248114 1.726460
1240000 1.758099 2.288931 1.857765
1250000 1.657707 2.209433 1.757887
1260000 1.582975 2.292410 1.797539
1270000 1.787751 2.095583 1.656202
1280000 2.068583 2.148549 1.753591
1290000 2.583856 2.331637 1.723047
1300000 3.125323 2.266798 1.795090
1310000 3.134823 2.130722 1.728322
1320000 4.432783 2.265207 1.760888
1330000 4.905438 2.247138 1.755058
1340000 4.571972 2.226152 1.707454
1350000 4.714626 2.344144 1.848482
1360000 3.943137 2.207805 1.696304
1370000 3.629513 2.244418 1.690977
1380000 3.491927 2.359678 1.814046
1390000 3.127418 2.305736 1.757404
1400000 2.993592 2.231431 1.701489
1410000 4.180521 2.270540 1.745158
1420000 4.308540 2.250298 1.780214
1430000 4.512107 2.194236 1.830657
1440000 4.447704 2.334349 1.781196
1450000 4.115686 2.300227 1.830300
1460000 4.997378 2.307144 1.745304
1470000 5.068073 2.270214 1.728377
1480000 4.315236 2.095219 1.590809
1490000 3.466392 2.194133 1.746792
1500000 3.388573 2.299125 1.752248
1510000 3.870065 2.264780 1.833642
1520000 3.557962 2.355537 1.623453
1530000 2.927563 2.299313 1.770176
1540000 2.496243 2.353014 1.634570
1550000 2.269537 2.145299 1.692203
1560000 2.535769 2.306661 1.781798
1570000 2.650586 2.226203 1.865592
1580000 2.382706 2.264251 1.607156
1590000 2.084491 2.227931 1.702891
1600000 2.005765 2.356188 1.609635
1610000 2.354173 2.289799 1.634320
1620000 2.937641 2.202892 1.718475
1630000 2.766366 2.226418 1.786827
1640000 3.361221 2.278830 1.813099
1650000 3.584848 2.350302 1.665486
1660000 4.461243 2.283504 1.756570
1670000 4.983212 2.253535 1.799740
1680000 4.778398 2.162267 1.770844
1690000 4.539050 2.295138 1.771494
1700000 3.127853 2.330734 1.660718
1710000 3.800149 2.195457 1.772629
1720000 3.088506 2.220816 1.712197
1730000 3.001609 2.153270 1.716532
1740000 4.126930 2.284511 1.799318
1750000 3.551037 2.204868 1.831299
1760000 2.638038 2.217776 1.912329
1770000 2.298542 2.144310 1.814320
1780000 1.705353 2.309692 1.737106
1790000 1.783244 2.292348 1.730770
1800000 1.924590 2.260293 1.698039
1810000 1.522299 2.242366 1.840338
1820000 1.670120 2.167133 1.716582
1830000 1.432167 2.345275 1.724057
1840000 1.201330 2.186248 1.744080
1850000 1.121270 2.262531 1.849905
1860000 1.364878 2.343820 1.733129
1870000 1.447659 2.321430 1.708183
1880000 1.741495 2.352884 1.853139
1890000 1.344942 2.149589 1.743416
1900000 0.915557 2.320211 1.766602
1910000 1.077676 2.306621 1.646814
1920000 1.185491 2.228792 1.686325
1930000 0.936602 2.495102 1.672755
1940000 0.934417 2.270791 1.716943
1950000 1.035541 2.248672 1.614698
1960000 1.361912 2.188038 1.668110
1970000 1.822177 2.227157 1.722965
1980000 2.343375 2.163130 1.785471
1990000 2.488178 2.218275 1.761756
2000000 2.131183 2.302197 1.841639
2010000 2.699577 2.184648 1.808723
2020000 1.890801 2.253501 1.711600
2030000 1.343040 2.267533 1.845553
2040000 1.419630 2.217798 1.844355
2050000 1.435750 2.258814 1.583295
2060000 1.647712 2.365209 1.760013
2070000 1.564600 2.278828 1.813765
2080000 2.000296 2.169729 1.747686
2090000 2.280851 2.266083 1.718876
2100000 2.091810 2.250212 1.882233
2110000 2.139032 2.260763 1.830899
2120000 2.620513 2.354508 1.670792
2130000 2.574717 2.247335 1.849185
2140000 3.460570 2.253382 1.788751
2150000 4.505017 2.241953 1.893691
2160000 4.510800 2.277812 1.617035
2170000 4.179177 2.330953 1.776671
2180000 4.351298 2.405255 1.809142
2190000 4.653540 2.282349 1.798677
2200000 5.016283 2.174300 1.711501
2210000 3.787720 2.188728 1.610546
2220000 3.729572 2.303713 1.775492
2230000 2.966434 2.293642 1.773029
2240000 3.350217 2.234635 1.743409
2250000 4.101813 2.336884 1.843471
2260000 4.142917 2.324480 1.635795
2270000 3.251163 2.226823 1.766735
2280000 3.293083 2.289118 1.802230
2290000 3.952738 2.353948 1.699895
2300000 3.682863 2.381974 1.714170
2310000 4.222687 2.376064 1.662720
2320000 4.852469 2.359959 1.726000
2330000 3.985225 2.346615 1.741266
2340000 2.860562 2.202568 1.750619
2350000 2.674900 2.145265 1.831029
2360000 3.042214 2.265008 1.688692
2370000 2.559744 2.255557 1.833658
2380000 2.501945 2.285960 1.723642
2390000 2.428673 2.310748 1.706465
2400000 3.061039 2.276141 1.792693
2410000 3.324857 2.202645 1.829482
2420000 4.401284 2.276359 1.763397
2430000 5.039450 2.464497 1.714488
2440000 4.452226 2.249286 1.775586
2450000 4.507059 2.250292 1.757514
2460000 3.981847 2.171847 1.783475
2470000 3.810121 2.189576 1.752491
2480000 4.991066 2.227505 1.565954
2490000 4.926899 2.330463 1.703498
2500000 3.637030 2.390696 1.686384
2510000 4.491522 2.266383 1.686546
2520000 4.166963 2.271086 1.724065
2530000 3.436124 2.274117 1.723691
2540000 3.273684 2.383517 1.816246
2550000 2.619179 2.194078 1.709749
2560000 1.852191 2.242814 1.747117
2570000 1.824826 2.345061 1.657538
2580000 2.099629 2.356218 1.588899
2590000 2.248294 2.194833 1.700748
2600000 1.495131 2.203331 1.833083
2610000 1.465253 2.247605 1.630776
2620000 1.370385 2.307249 1.825065
2630000 1.208988 2.295160 1.752385
2640000 0.861188 2.350526 1.792308
2650000 1.009508 2.253340 1.721380
2660000 0.832642 2.309285 1.770210
2670000 1.182440 2.281365 1.777489
2680000 0.885375 2.356844 1.783699
2690000 1.298456 2.208404 1.774916
2700000 1.134302 2.213401 1.721675
2710000 1.262630 2.302011 1.804627
2720000 1.313061 2.368938 1.736308
2730000 1.232096 2.334862 1.785282
2740000 1.472236 2.273033 1.732621
2750000 1.259312 2.339697 1.778601
2760000 1.519873 2.292296 1.651803
2770000 1.702567 2.267557 1.762676
2780000 1.791652 2.266094 1.726509
2790000 1.781893 2.204997 1.761066
2800000 1.923638 2.110354 1.711587
2810000 2.013772 2.414748 1.751309
2820000 2.658761 2.215998 1.657844
2830000 3.681319 2.356785 1.802416
2840000 3.539568 2.294245 1.814842
2850000 3.207119 2.245293 1.688371
2860000 3.169708 2.250093 1.724232
2870000 2.623933 2.367103 1.843725
2880000 2.463748 2.211274 1.719030
2890000 2.343495 2.277862 1.759973
2900000 2.528020 2.252608 1.731517
2910000 3.443253 2.307045 1.687981
2920000 3.578861 2.228421 1.823341
2930000 4.296731 2.248985 1.709469
2940000 4.738745 2.234811 1.814961
2950000 4.428555 2.238021 1.769345
2960000 4.408045 2.381283 1.762860
2970000 4.338104 2.218523 1.686110
2980000 3.492977 2.400990 1.838507
2990000 4.459880 2.309933 1.730307
3000000 4.633338 2.277584 1.728962
3010000 4.961008 2.185805 1.637312
3020000 4.420910 2.189395 1.705725
3030000 3.616852 2.174794 1.761666
3040000 4.631082 2.265798 1.779840
3050000 4.969447 2.130500 1.879495
3060000 4.837156 2.119623 1.803436
3070000 4.699909 2.222446 1.667317
3080000 3.496938 2.222655 1.759648
3090000 3.435541 2.146828 1.823436
3100000 3.155007 2.309253 1.582657
3110000 2.542304 2.262981 1.761831
3120000 3.170610 2.225785 1.755042
3130000 2.616122 2.249622 1.766406
3140000 2.392911 2.216144 1.791334
3150000 3.564419 2.236122 1.832731
3160000 4.532237 2.255344 1.847376
3170000 4.964131 2.268730 1.736177
3180000 4.927341 2.377998 1.774029
3190000 4.713418 2.275183 1.693329
3200000 3.590045 2.180644 1.804530
3210000 3.104529 2.390786 1.753463
3220000 3.873642 2.295419 1.833922
3230000 3.957147 2.253312 1.787537
3240000 2.891807 2.204935 1.727902
3250000 2.866020 2.357941 1.782561
3260000 2.765778 2.229331 1.670666
3270000 2.543811 2.324089 1.599322
3280000 2.354560 2.211637 1.773632
3290000 2.236987 2.375399 1.781253
3300000 2.470065 2.127343 1.808914
3310000 1.918419 2.253600 1.717462
3320000 2.055898 2.210333 1.770616
3330000 2.095300 2.319145 1.726848
3340000 2.994953 2.173705 1.600265
3350000 2.574721 2.221528 1.796867
3360000 2.220097 2.317994 1.619134
3370000 2.579721 2.269847 1.657965
3380000 2.543628 2.219381 1.741456
3390000 2.575984 2.259993 1.680343
3400000 4.272667 2.141314 1.596867
3410000 4.542207 2.387235 1.818523
3420000 4.607107 2.351186 1.702310
3430000 3.951625 2.238267 1.826879
3440000 3.831098 2.242128 1.800582
3450000 3.056302 2.322024 1.710630
3460000 4.090617 2.267743 1.721934
3470000 4.555631 2.199010 1.755365
3480000 4.944021 2.188849 1.842073
3490000 3.629232 2.192730 1.733292
3500000 4.475701 2.169685 1.682422
3510000 4.064533 2.280650 1.713632
3520000 4.429916 2.348407 1.681453
3530000 4.340913 2.283833 1.803137
3540000 3.961169 2.313135 1.710863
3550000 2.894843 2.238378 1.689045
3560000 2.061257 2.116940 1.750475
3570000 2.245602 2.351143 1.738442
3580000 2.913641 2.254792 1.716929
3590000 3.051257 2.186956 1.762846
3600000 3.140469 2.244209 1.802800
3610000 2.745117 2.302615 1.759888
3620000 3.053116 2.279525 1.732201
3630000 3.044062 2.282458 1.725187
3640000 3.524023 2.201739 1.690095
3650000 4.268173 2.386696 1.703688
3660000 3.890400 2.121303 1.637617
3670000 4.234803 2.247245 1.617311
3680000 2.929653 2.196417 1.754844
3690000 2.989652 2.332270 1.551464
3700000 2.645829 2.246415 1.834392
3710000 3.350418 2.238655 1.802845
3720000 4.260273 2.189831 1.899378
3730000 4.945274 2.223750 1.636005
3740000 4.538410 2.357724 1.759647
3750000 3.815010 2.183947 1.738481
3760000 4.588832 2.259088 1.884853
3770000 4.051479 2.293255 1.639288
3780000 4.020454 2.297565 1.729054
3790000 3.109588 2.252066 1.817345
3800000 3.909686 2.214207 1.697400
3810000 4.064446 2.162362 1.772319
3820000 4.457540 2.279009 1.714647
3830000 4.306241 2.312985 1.719143
3840000 3.904902 2.248248 1.761423
3850000 4.301216 2.111358 1.679776
3860000 4.000290 2.324868 1.733623
3870000 3.224529 2.253157 1.740916
3880000 2.925090 2.260247 1.683407
3890000 2.353179 2.297149 1.617217
3900000 1.732662 2.294746 1.767293
3910000 1.528685 2.245791 1.761469
3920000 1.568284 2.235540 1.635209
3930000 1.630343 2.371140 1.849812
3940000 1.760150 2.129088 1.585635
3950000 2.039950 2.278229 1.799051
3960000 1.519992 2.171986 1.733526
3970000 1.474962 2.278657 1.670084
3980000 1.558183 2.327937 1.701873
3990000 1.634088 2.296321 1.772586
4000000 1.597402 2.156475 1.708166
