100000 3.289947 2.308662 1.291459
110000 3.485424 2.153533 1.407012
120000 2.293682 2.297413 1.449497
130000 1.292155 2.237771 1.377709
140000 1.751338 2.322721 1.544574
150000 1.860844 2.239043 1.411496
160000 1.557522 2.218379 1.375639
170000 1.262912 2.350324 1.465616
180000 0.963252 2.345031 1.300355
190000 1.106292 2.222461 1.226970
200000 1.576266 2.067982 1.478285
210000 2.408223 2.244783 1.314113
220000 2.575551 2.298064 1.445693
230000 3.284271 2.319385 1.355649
240000 3.494143 2.163848 1.354233
250000 4.275267 2.176917 1.437895
260000 4.228953 2.322006 1.319192
270000 4.383806 2.246419 1.519312
280000 3.833270 2.214452 1.314926
290000 3.304016 2.391215 1.543765
300000 2.278482 2.341772 1.498372
310000 2.249030 2.212523 1.352781
320000 1.961503 2.197447 1.375877
330000 1.543906 2.191590 1.352303
340000 1.603319 2.326228 1.424029
350000 1.328944 2.336205 1.440655
360000 1.463898 2.332089 1.455192
370000 0.764483 2.433965 1.455197
380000 0.722032 2.287945 1.356499
390000 0.711782 2.384561 1.421003
400000 1.102192 2.234420 1.413715
410000 1.290701 2.316002 1.488242
420000 0.958074 2.303937 1.568168
430000 1.040964 2.337286 1.467445
440000 0.955741 2.293402 1.458189
450000 2.022003 2.370170 1.321509
460000 2.527656 2.199104 1.384757
470000 2.594455 2.231368 1.374511
480000 3.187166 2.223129 1.413095
490000 3.297425 2.194544 1.356198
500000 2.323868 2.270674 1.511962
510000 2.360742 2.345360 1.445805
520000 1.792114 2.198077 1.386786
530000 1.880641 2.380870 1.434774
540000 1.925399 2.262051 1.345947
550000 2.711514 2.256437 1.402746
560000 4.822779 2.378658 1.505998
570000 3.645579 2.157090 1.391910
580000 4.519878 2.350690 1.285733
590000 4.641110 2.288041 1.432896
600000 4.627963 2.374748 1.416294
610000 3.271378 2.275385 1.333456
620000 4.288049 2.251583 1.438969
630000 4.474714 2.260254 1.296362
640000 3.872563 2.129406 1.318632
650000 2.802645 2.219494 1.405325
660000 3.174292 2.218429 1.391299
670000 2.484825 2.331311 1.375804
680000 2.373246 2.221748 1.390504
690000 2.129148 2.358675 1.450747
700000 3.352835 2.248979 1.266464
710000 4.078759 2.364592 1.417062
720000 4.590065 2.287893 1.478328
730000 4.167104 2.191492 1.355510
740000 4.764617 2.202848 1.464071
750000 4.196442 2.219888 1.433161
760000 3.546168 2.242006 1.309477
770000 4.498321 2.316377 1.411903
780000 4.302709 2.327216 1.381852
790000 3.194322 2.301484 1.348658
800000 2.899678 2.184904 1.336340
810000 3.111806 2.328628 1.374455
820000 3.658734 2.352630 1.330444
830000 3.623466 2.239716 1.333410
840000 4.323365 2.380415 1.415125
850000 3.386172 2.353942 1.390110
860000 2.262346 2.332155 1.464226
870000 2.347343 2.290920 1.418033
880000 2.367934 2.190576 1.440610
890000 2.529813 2.192712 1.339667
900000 2.559327 2.467725 1.427453
910000 3.697919 2.212510 1.459205
920000 4.363788 2.105334 1.342579
930000 4.989002 2.249345 1.383293
940000 4.007345 2.196218 1.492834
950000 4.474453 2.120816 1.285202
960000 3.918566 2.315398 1.418905
970000 3.361566 2.309547 1.432506
980000 3.142499 2.210961 1.340388
990000 2.897454 2.383205 1.390180
1000000 2.024814 2.404615 1.491358
1010000 1.765834 2.149446 1.417674
1020000 1.790917 2.179150 1.408023
1030000 1.892676 2.336474 1.435231
1040000 2.149477 2.252184 1.441870
1050000 1.506788 2.385604 1.391632
1060000 1.418449 2.135369 1.447348
1070000 1.678716 2.331187 1.393482
1080000 2.102700 2.210915 1.361047
1090000 1.779307 2.133404 1.357786
1100000 1.437965 2.290410 1.261902
1110000 1.500702 2.271651 1.477647
1120000 2.170316 2.228382 1.445421
1130000 2.555507 2.238442 1.354051
1140000 3.756526 2.230052 1.442603
1150000 3.783425 2.275688 1.339954
1160000 4.404523 2.318311 1.320774
1170000 3.374707 2.323181 1.412060
1180000 3.882040 2.318315 1.287625
1190000 4.395482 2.173490 1.460330
1200000 3.045207 2.217907 1.365551
1210000 2.920540 2.399797 1.497093
1220000 2.597254 2.336892 1.309969
1230000 2.318764 2.294633 1.365103
1240000 2.875671 2.375485 1.462975
1250000 4.050722 2.129750 1.344193
1260000 4.712698 2.156682 1.380441
1270000 4.327861 2.272599 1.451463
1280000 3.936030 2.256849 1.286026
1290000 4.421673 2.339953 1.441973
1300000 4.502650 2.366212 1.398065
1310000 4.737430 2.376515 1.452171
1320000 4.316792 2.209028 1.449086
1330000 3.549591 2.189294 1.493399
1340000 4.779859 2.246465 1.446902
1350000 4.964390 2.252755 1.381680
1360000 4.134358 2.208015 1.325033
1370000 3.459005 2.476748 1.475156
1380000 2.663623 2.228007 1.417658
1390000 2.767685 2.217071 1.369822
1400000 2.522796 2.237572 1.503896
1410000 2.158023 2.176614 1.504113
1420000 2.173942 2.234125 1.505582
1430000 2.249926 2.254890 1.444876
1440000 3.091233 2.302815 1.269481
1450000 3.412817 2.293346 1.381673
1460000 3.189761 2.301877 1.382084
1470000 4.138118 2.312608 1.493428
1480000 3.646241 2.155343 1.419509
1490000 3.868426 2.251387 1.411277
1500000 4.565160 2.217231 1.346384
1510000 3.322507 2.247099 1.388845
1520000 2.619061 2.167367 1.414843
1530000 2.448832 2.263210 1.373607
1540000 1.970825 2.168093 1.381458
1550000 1.785859 2.248497 1.371899
1560000 1.433592 2.309256 1.351217
1570000 1.144483 2.167170 1.509283
1580000 1.212379 2.368576 1.365019
1590000 0.746336 2.383392 1.397789
1600000 0.862721 2.188584 1.508388
1610000 1.282269 2.201131 1.371451
1620000 1.198627 2.238226 1.418881
1630000 1.408241 2.253841 1.410001
1640000 1.370253 2.311629 1.427910
1650000 1.534929 2.280505 1.323611
1660000 1.503896 2.264587 1.366588
1670000 1.529273 2.351494 1.419377
1680000 1.907183 2.165282 1.350797
1690000 2.320646 2.266080 1.398314
1700000 2.507699 2.139079 1.360610
1710000 3.870909 2.178149 1.344657
1720000 3.973943 2.210089 1.466405
1730000 4.739434 2.501339 1.544879
1740000 4.127485 2.236051 1.268330
1750000 3.984784 2.202467 1.483682
1760000 4.227507 2.353472 1.358763
1770000 4.395987 2.269807 1.354648
1780000 3.956045 2.210674 1.454923
1790000 3.167094 2.169355 1.411932
1800000 2.577338 2.181160 1.384391
1810000 3.094093 2.197398 1.365751
1820000 3.297753 2.271381 1.347347
1830000 4.559587 2.277256 1.376030
1840000 4.988176 2.195820 1.426341
1850000 4.792088 2.332602 1.526624
1860000 3.663865 2.165337 1.438925
1870000 3.946817 2.265898 1.462934
1880000 4.977236 2.300985 1.315196
1890000 4.325418 2.247963 1.416209
1900000 4.859636 2.294331 1.389470
1910000 4.971978 2.225332 1.382842
1920000 4.377612 2.291333 1.410183
1930000 4.821331 2.324653 1.293797
1940000 4.700583 2.359042 1.417121
1950000 4.776937 2.210972 1.436675
1960000 4.278605 2.160463 1.348611
1970000 3.813443 2.304655 1.262773
1980000 3.024864 2.372842 1.321730
1990000 2.865463 2.215851 1.377185
2000000 2.108393 2.287620 1.403197
2010000 1.965377 2.296808 1.363999
2020000 1.730037 2.252895 1.362526
2030000 2.307031 2.179925 1.481745
2040000 2.423957 2.298086 1.406832
2050000 2.534529 2.283838 1.289811
2060000 1.564263 2.440325 1.299891
2070000 1.030088 2.292421 1.413956
2080000 1.324902 2.369290 1.446298
2090000 1.479509 2.230485 1.459373
2100000 1.799636 2.323418 1.346043
2110000 1.424558 2.298066 1.390336
2120000 0.809953 2.235192 1.577091
2130000 0.994419 2.318167 1.500306
2140000 0.613438 2.462266 1.440268
2150000 1.180969 2.364843 1.454118
2160000 0.960508 2.278458 1.377354
2170000 0.674023 2.351271 1.428778
2180000 1.032991 2.093884 1.393681
2190000 0.503229 2.411131 1.412009
2200000 0.655952 2.359563 1.380053
2210000 0.798312 2.256152 1.459755
2220000 0.989301 2.392760 1.480471
2230000 0.736005 2.406086 1.427590
2240000 0.504935 2.382281 1.408048
2250000 0.922280 2.315634 1.463480
2260000 1.352320 2.354203 1.642568
2270000 1.387505 2.041500 1.335930
2280000 1.419879 2.263883 1.301074
2290000 1.419367 2.219969 1.507387
2300000 1.536873 2.334573 1.403947
2310000 1.669489 2.167042 1.491262
2320000 1.991046 2.338713 1.394097
2330000 1.871220 2.350790 1.392387
2340000 2.061239 2.280612 1.464422
2350000 2.480396 2.226502 1.435668
2360000 2.650061 2.245955 1.289802
2370000 2.977591 2.283818 1.367852
2380000 3.000088 2.227695 1.270320
2390000 3.313236 2.316502 1.469217
2400000 4.343203 2.353207 1.468309
2410000 4.388343 2.368997 1.366974
2420000 4.340650 2.191304 1.391816
2430000 3.114230 2.347684 1.403258
2440000 2.789057 2.145261 1.403021
2450000 3.218651 2.275184 1.436475
2460000 2.459396 2.379599 1.429173
2470000 2.258209 2.123353 1.438707
2480000 1.911626 2.263830 1.352530
2490000 1.899971 2.304810 1.267840
2500000 1.672481 2.326318 1.326420
2510000 1.745617 2.214135 1.243319
2520000 1.971080 2.186719 1.281773
2530000 2.564841 2.244340 1.359045
2540000 2.565385 2.335383 1.496900
2550000 3.521390 2.282275 1.279188
2560000 2.933033 2.205092 1.444430
2570000 2.841055 2.277756 1.424442
2580000 2.414338 2.326217 1.474815
2590000 2.699134 2.279354 1.387325
2600000 3.340870 2.252709 1.546356
2610000 3.988686 2.358456 1.501603
2620000 4.641108 2.321587 1.462723
2630000 4.777582 2.251371 1.424699
2640000 3.798587 2.237374 1.401947
2650000 4.447751 2.127825 1.443138
2660000 4.617691 2.306940 1.331168
2670000 3.940702 2.347128 1.325356
2680000 3.461281 2.166773 1.336460
2690000 3.926268 2.326167 1.299553
2700000 3.335311 2.290214 1.523564
2710000 3.831103 2.352766 1.361497
2720000 4.193445 2.292012 1.347101
2730000 4.667520 2.279134 1.485023
2740000 3.981740 2.157093 1.266689
2750000 4.647328 2.397140 1.448871
2760000 4.176466 2.281432 1.512482
2770000 3.802526 2.163153 1.370587
2780000 4.175131 2.305117 1.397947
2790000 3.448181 2.275609 1.314614
2800000 3.380290 2.304107 1.308026
2810000 3.692639 2.373410 1.371411
2820000 3.950622 2.354313 1.469043
2830000 3.562300 2.220726 1.294960
2840000 3.531928 2.266877 1.444162
2850000 4.520691 2.266638 1.370376
2860000 3.539643 2.311966 1.544779
2870000 2.796960 2.379649 1.367130
2880000 2.347052 2.401425 1.305117
2890000 2.158157 2.346942 1.481882
2900000 2.649839 2.259935 1.418171
2910000 2.827902 2.384406 1.491265
2920000 3.058749 2.301219 1.461166
2930000 3.465341 2.189319 1.369641
2940000 2.743440 2.358081 1.384493
2950000 2.967434 2.305973 1.321846
2960000 2.537271 2.152343 1.306502
2970000 2.344182 2.348987 1.539072
2980000 2.168979 2.339326 1.379344
2990000 1.991468 2.194729 1.408039
3000000 1.785646 2.185656 1.433039
3010000 1.790308 2.268086 1.476028
3020000 2.207653 2.260644 1.368813
3030000 2.065710 2.405991 1.344356
3040000 2.704929 2.130787 1.267333
3050000 2.686474 2.385130 1.412839
3060000 3.176853 2.453756 1.386885
3070000 2.471908 2.346761 1.470099
3080000 2.569372 2.392311 1.481621
3090000 3.144309 2.239757 1.336900
3100000 4.055714 2.336751 1.456154
3110000 3.309038 2.176677 1.510991
3120000 3.651925 2.298021 1.442026
3130000 4.824191 2.363984 1.321938
3140000 4.567293 2.289286 1.374639
3150000 4.491462 2.159699 1.363691
3160000 3.814544 2.257246 1.367133
3170000 4.348356 2.191536 1.441294
3180000 4.489581 2.245623 1.545944
3190000 4.791013 2.294064 1.382805
3200000 4.774469 2.281280 1.333811
3210000 4.757363 2.311341 1.312907
3220000 4.837415 2.196183 1.322522
3230000 4.445930 2.318474 1.325102
3240000 4.510375 2.170471 1.362922
3250000 3.634875 2.431058 1.384805
3260000 3.266161 2.198463 1.294529
3270000 3.746785 2.212466 1.493417
3280000 4.169071 2.143317 1.493181
3290000 4.659411 2.257169 1.335942
3300000 4.403345 2.148974 1.491875
3310000 3.774433 2.386222 1.379640
3320000 4.434680 2.303532 1.296379
3330000 4.975213 2.349576 1.423202
3340000 4.387523 2.228638 1.358913
3350000 4.368024 2.207925 1.428756
3360000 3.094022 2.231958 1.288654
3370000 3.034315 2.327033 1.486249
3380000 2.853224 2.239881 1.297846
3390000 3.045315 2.402802 1.452180
3400000 2.232812 2.130011 1.363025
3410000 2.371494 2.249022 1.434474
3420000 2.189231 2.196272 1.240595
3430000 1.981658 2.218981 1.436819
3440000 1.450729 2.383723 1.292187
3450000 1.172732 2.343331 1.402165
3460000 1.618952 2.317809 1.467539
3470000 1.633123 2.170842 1.386293
3480000 1.516529 2.266545 1.363614
3490000 1.248242 2.242522 1.418003
3500000 1.003953 2.322988 1.410893
3510000 0.902494 2.334000 1.405581
3520000 1.101360 2.209296 1.355143
3530000 1.067385 2.376221 1.300511
3540000 0.786809 2.204480 1.327867
3550000 0.766725 2.296077 1.513511
3560000 0.781920 2.342771 1.341946
3570000 0.968170 2.288954 1.414958
3580000 1.169977 2.238195 1.350694
3590000 1.120605 2.272367 1.379219
3600000 1.247310 2.248365 1.499739
3610000 1.657750 2.238201 1.524486
3620000 1.738464 2.279227 1.501649
3630000 1.509081 2.293314 1.425834
3640000 1.357219 2.270104 1.368993
3650000 1.181658 2.243540 1.505599
3660000 1.193057 2.307819 1.420218
3670000 1.021367 2.350286 1.303602
3680000 1.209997 2.065135 1.449568
3690000 0.926857 2.327105 1.397038
3700000 1.358880 2.275928 1.364171
3710000 1.420677 2.213771 1.383835
3720000 1.298152 2.159501 1.421335
3730000 1.493479 2.209830 1.298445
3740000 1.430470 2.158711 1.430062
3750000 1.444102 2.161730 1.449914
3760000 1.093718 2.200055 1.275104
3770000 0.835031 2.305654 1.551285
3780000 0.735884 2.310816 1.358355
3790000 0.615352 2.309960 1.237716
3800000 0.502175 2.396949 1.379751
3810000 0.499807 2.357370 1.410408
3820000 0.662921 2.298493 1.380817
3830000 0.890369 2.280840 1.429788
3840000 0.942546 2.279637 1.394783
3850000 0.928346 2.366008 1.272373
3860000 0.732279 2.275480 1.318741
3870000 1.188284 2.370702 1.446469
3880000 1.076180 2.208258 1.367691
3890000 1.295351 2.314208 1.461761
3900000 1.305384 2.302713 1.460673
3910000 1.284434 2.282813 1.404953
3920000 1.162015 2.305006 1.413284
3930000 1.142327 2.282609 1.389257
3940000 0.971884 2.268029 1.437271
3950000 1.059793 2.281842 1.398658
3960000 1.036837 2.287475 1.524450
3970000 1.002080 2.291623 1.248932
3980000 0.785995 2.384886 1.329978
3990000 0.938971 2.147154 1.416862
4000000 0.802703 2.319438 1.346204
