100000 1.474029 2.371330 1.208938
110000 1.333166 2.321728 1.254523
120000 1.159021 2.192822 1.204873
130000 2.213906 2.400560 1.088842
140000 2.531214 2.241397 1.255124
150000 4.072365 2.235122 1.148489
160000 3.932812 2.262203 1.258639
170000 2.978482 2.240577 1.177583
180000 2.714351 2.251897 1.144069
190000 1.803486 2.289558 1.213750
200000 2.247918 2.274216 1.256256
210000 2.075181 2.262790 1.105498
220000 2.109777 2.177023 1.276448
230000 3.401118 2.152077 1.272314
240000 3.698128 2.177409 1.103766
250000 4.007713 2.263281 1.371300
260000 4.255351 2.241998 1.287692
270000 3.321423 2.291394 1.249772
280000 4.615796 2.278871 1.119267
290000 5.005563 2.245394 1.148396
300000 4.750490 2.319168 1.155000
310000 3.392823 2.169618 1.130005
320000 3.147665 2.242372 1.151677
330000 4.158270 2.269006 1.189986
340000 4.214264 2.320430 1.247800
350000 4.561653 2.295531 1.210076
360000 3.563890 2.351637 1.290580
370000 3.216766 2.175666 1.237426
380000 2.763934 2.352722 1.099934
390000 3.305472 2.232268 1.235541
400000 1.573409 2.317796 1.185864
410000 1.159456 2.241610 1.184695
420000 0.845877 2.345436 1.183477
430000 1.630384 2.398952 1.203033
440000 2.234398 2.283545 1.280593
450000 1.839861 2.275428 1.222521
460000 1.903975 2.211637 1.087766
470000 2.222421 2.321625 1.270483
480000 1.782196 2.321888 1.167871
490000 2.573796 2.271975 1.117710
500000 3.209127 2.326327 1.307860
510000 3.810054 2.188177 1.144768
520000 2.999092 2.323703 1.295740
530000 2.799662 2.348186 1.245322
540000 2.855659 2.184229 1.213188
550000 2.962119 2.385866 1.242260
560000 4.020159 2.251928 1.131571
570000 4.116326 2.345986 1.178600
580000 3.245070 2.253255 1.191211
590000 4.240877 2.269503 1.234393
600000 4.481641 2.316489 1.185678
610000 4.160438 2.317945 1.182060
620000 3.300076 2.377846 1.224921
630000 3.513526 2.247041 1.180173
640000 4.125479 2.237101 1.193878
650000 2.412446 2.307029 1.138150
660000 2.890445 2.318610 1.233759
670000 2.485788 2.206739 1.315932
680000 2.091705 2.266357 1.175149
690000 2.874659 2.264072 1.292515
700000 2.266579 2.287946 1.209800
710000 1.582401 2.285010 1.147296
720000 1.528159 2.357821 1.223457
730000 1.648652 2.223450 1.273029
740000 1.607509 2.341109 1.190515
750000 1.010816 2.346949 1.405223
760000 0.791645 2.425564 1.200487
770000 1.224784 2.257157 1.125272
780000 1.385816 2.287831 1.299443
790000 1.285161 2.316904 1.301946
800000 1.306511 2.269282 1.288756
810000 1.108014 2.350817 1.180971
820000 1.802288 2.305784 1.125876
830000 1.656252 2.231281 1.294238
840000 2.202040 2.385102 1.329725
850000 2.079843 2.231515 1.140471
860000 2.365902 2.312676 1.358883
870000 3.000036 2.221102 1.166252
880000 3.838330 2.203137 1.180589
890000 4.726466 2.236668 1.094721
900000 4.657716 2.236040 1.284377
910000 4.362580 2.272186 1.199567
920000 4.143068 2.273873 1.242282
930000 3.300970 2.356326 1.111713
940000 3.811601 2.245926 1.188687
950000 4.526649 2.169986 1.111427
960000 4.408157 2.294265 1.241487
970000 4.833130 2.241003 1.157159
980000 3.344902 2.262999 1.113389
990000 4.487901 2.331395 1.121436
1000000 4.930398 2.234391 1.276587
1010000 4.742571 2.220354 1.296189
1020000 4.611554 2.210345 1.172440
1030000 4.109644 2.426362 1.132339
1040000 3.796199 2.288352 1.118655
1050000 2.599666 2.086807 1.081537
1060000 2.796786 2.173784 1.174301
1070000 3.674408 2.281382 1.333351
1080000 4.840878 2.160976 1.066291
1090000 4.670698 2.307298 1.348729
1100000 4.581452 2.384716 1.113199
1110000 4.477083 2.326169 1.289941
1120000 3.663585 2.271744 1.228359
1130000 4.322625 2.126538 1.191483
1140000 3.748440 2.217769 1.190250
1150000 3.830039 2.303260 1.425317
1160000 3.404115 2.246605 1.172902
1170000 2.219411 2.308989 1.149930
1180000 1.845014 2.213006 1.160919
1190000 1.828744 2.106244 1.202087
1200000 1.597301 2.261078 1.166248
1210000 1.502083 2.258887 1.358764
1220000 1.553473 2.340208 1.315140
1230000 1.920689 2.310252 1.228984
1240000 2.032796 2.331891 1.113737
1250000 2.190910 2.234106 1.203345
1260000 2.671277 2.284914 1.191610
1270000 3.030492 2.210655 1.220265
1280000 2.841155 2.200004 1.170024
1290000 2.886072 2.308493 1.154430
1300000 3.811889 2.245039 1.255896
1310000 3.482507 2.131677 1.239155
1320000 2.761462 2.208129 1.183860
1330000 3.435809 2.239427 1.177539
1340000 3.795429 2.148154 1.231169
1350000 4.280425 2.359217 1.283930
1360000 4.555405 2.343300 1.154851
1370000 4.357056 2.420771 1.152627
1380000 3.939819 2.330890 1.246996
1390000 2.621016 2.157470 1.189291
1400000 2.306776 2.184401 1.266403
1410000 2.562208 2.300195 1.158560
1420000 3.710900 2.251318 1.269503
1430000 3.685476 2.325700 1.242866
1440000 3.912065 2.309377 1.340757
1450000 4.514507 2.269166 1.275778
1460000 3.915203 2.227869 1.255713
1470000 4.334682 2.192731 1.315407
1480000 4.765672 2.215291 1.227058
1490000 4.829735 2.212782 1.044241
1500000 4.625284 2.344517 1.246240
1510000 3.974120 2.241639 1.166475
1520000 4.848837 2.229862 1.312474
1530000 4.893214 2.280140 1.221704
1540000 5.002875 2.313385 1.220758
1550000 4.920140 2.249564 1.217970
1560000 4.371705 2.342643 1.265812
1570000 2.654197 2.278676 1.154264
1580000 2.083531 2.339314 1.233552
1590000 2.136025 2.309842 1.233160
1600000 1.419001 2.271463 1.188519
1610000 0.795482 2.153719 1.296798
1620000 1.014139 2.197550 1.261763
1630000 1.091459 2.267378 1.210824
1640000 1.119384 2.295770 1.162258
1650000 1.244980 2.235169 1.256105
1660000 1.362194 2.185812 1.335264
1670000 1.446268 2.265601 1.105821
1680000 1.328612 2.349610 1.312912
1690000 1.418649 2.332432 1.253663
1700000 1.612602 2.325247 1.372106
1710000 0.994545 2.361029 1.236379
1720000 0.728381 2.399486 1.225840
1730000 0.536397 2.313887 1.099836
1740000 0.794060 2.257062 1.243844
1750000 1.248137 2.218349 1.248898
1760000 0.964882 2.305034 1.217875
1770000 0.899352 2.320583 1.121047
1780000 1.148457 2.275217 1.197745
1790000 1.201151 2.294332 1.250897
1800000 0.922985 2.290697 1.241757
1810000 0.924588 2.305527 1.209117
1820000 1.200194 2.263529 1.191227
1830000 1.393235 2.307868 1.201113
1840000 1.597689 2.279991 1.218937
1850000 1.900802 2.346630 1.098519
1860000 1.694418 2.206378 1.228059
1870000 1.496118 2.252885 1.080953
1880000 1.695303 2.268796 1.238519
1890000 1.321207 2.274421 1.270406
1900000 1.623254 2.250339 1.139933
1910000 2.241339 2.318246 1.147520
1920000 2.182852 2.262489 1.287889
1930000 2.149570 2.268465 1.137377
1940000 2.358853 2.303609 1.185197
1950000 2.824974 2.295684 1.189941
1960000 2.965010 2.359962 1.235904
1970000 3.509174 2.269630 1.258709
1980000 2.890816 2.239261 1.307976
1990000 3.046095 2.296041 1.161049
2000000 2.909773 2.348429 1.115700
2010000 2.522539 2.246939 1.264263
2020000 2.375398 2.380217 1.240210
2030000 1.973449 2.370145 1.232384
2040000 1.997406 2.348944 1.164458
2050000 2.089637 2.290569 1.298026
2060000 2.366480 2.239285 1.193092
2070000 2.879702 2.255844 1.209654
2080000 3.375907 2.335790 1.217087
2090000 3.780172 2.318434 1.158079
2100000 4.062599 2.406238 1.248103
2110000 4.390534 2.159777 1.221043
2120000 4.252017 2.433545 1.272574
2130000 3.803499 2.371169 1.246447
2140000 4.412000 2.181828 1.140681
2150000 3.354953 2.222733 1.237909
2160000 3.250678 2.330378 1.120006
2170000 3.153039 2.238773 1.243062
2180000 3.564616 2.216321 1.156586
2190000 4.230653 2.288094 1.185801
2200000 4.686590 2.217425 1.332197
2210000 4.433340 2.167177 1.181631
2220000 3.951881 2.340193 1.306825
2230000 3.999802 2.308610 1.197470
2240000 3.198929 2.375757 1.178302
2250000 3.663712 2.275154 1.244799
2260000 4.855203 2.350955 1.221036
2270000 4.859962 2.254866 1.283347
2280000 5.006487 2.287725 1.253423
2290000 4.129514 2.378955 1.210668
2300000 4.445773 2.315029 1.181334
2310000 4.211840 2.252842 1.223258
2320000 4.252132 2.102703 1.223921
2330000 2.602787 2.117408 1.278653
2340000 3.224797 2.275057 1.257443
2350000 3.515720 2.340155 1.269544
2360000 3.376270 2.451115 1.262195
2370000 2.707211 2.142747 1.149866
2380000 2.474388 2.219622 1.392290
2390000 2.257156 2.270200 1.311400
2400000 1.948440 2.291646 1.204430
2410000 1.961051 2.365346 1.239513
2420000 2.310882 2.247877 1.261730
2430000 2.358892 2.263126 1.332117
2440000 2.486612 2.254192 1.204757
2450000 3.524924 2.211615 1.254486
2460000 3.593072 2.134167 1.161643
2470000 2.071880 2.342975 1.126488
2480000 2.256365 2.317279 1.129072
2490000 2.768263 2.234463 1.279368
2500000 2.492460 2.219945 1.205315
2510000 2.392659 2.414837 1.354155
2520000 1.997961 2.231926 1.369958
2530000 1.699521 2.256994 1.237093
2540000 1.659057 2.403994 1.330129
2550000 2.175121 2.218114 1.338844
2560000 2.462568 2.170069 1.238741
2570000 2.066789 2.155256 1.255643
2580000 1.839373 2.240377 1.108497
2590000 1.340607 2.344460 1.252201
2600000 1.551292 2.271591 1.123467
2610000 1.267797 2.262264 1.230505
2620000 1.170082 2.269676 1.304980
2630000 1.182188 2.223622 1.171402
2640000 1.137702 2.345415 1.260142
2650000 1.069743 2.413729 1.217419
2660000 0.802798 2.230868 1.185643
2670000 0.679835 2.210049 1.278290
2680000 0.810287 2.360847 1.151736
2690000 0.643951 2.398292 1.362679
2700000 0.780263 2.295956 1.148566
2710000 0.804917 2.332978 1.242658
2720000 0.758591 2.281237 1.205682
2730000 0.709221 2.275351 1.261003
2740000 0.820118 2.167601 1.170535
2750000 0.972413 2.378994 1.211165
2760000 0.715015 2.360575 1.130776
2770000 0.798491 2.420015 1.197512
2780000 0.505065 2.316764 1.228899
2790000 0.873355 2.293585 1.215512
2800000 0.904907 2.403065 1.202091
2810000 0.502582 2.246021 1.385337
2820000 0.578244 2.318786 1.311562
2830000 0.597516 2.310603 1.297168
2840000 0.867737 2.199163 1.271129
2850000 0.914038 2.228441 1.169745
2860000 0.942789 2.295324 1.171139
2870000 1.262116 2.194185 1.264127
2880000 1.326430 2.211859 1.220947
2890000 1.098128 2.251954 1.163238
2900000 1.005378 2.229738 1.210995
2910000 1.047364 2.236688 1.269301
2920000 1.103392 2.214928 1.239912
2930000 1.061275 2.298124 1.218830
2940000 0.938949 2.214987 1.357869
2950000 1.188740 2.315645 1.106436
2960000 1.484187 2.286979 1.309035
2970000 1.474780 2.109409 1.316544
2980000 1.475134 2.283351 1.207501
2990000 1.594105 2.132163 1.238845
3000000 1.359280 2.252174 1.280395
3010000 1.436379 2.279963 1.310378
3020000 1.426874 2.204593 1.342432
3030000 1.760560 2.241738 1.105410
3040000 1.582481 2.231512 1.305483
3050000 2.012599 2.292335 1.231753
3060000 2.156334 2.319332 1.285550
3070000 1.809132 2.194116 1.277265
3080000 1.976711 2.268597 1.285450
3090000 3.241977 2.198242 1.178299
3100000 2.911746 2.339979 1.360021
3110000 2.670546 2.308616 1.299543
3120000 3.750807 2.241603 1.117338
3130000 4.787259 2.245790 1.282364
3140000 4.979007 2.389673 1.216171
3150000 4.943319 2.274988 1.195331
3160000 4.258103 2.206516 1.250443
3170000 3.623626 2.290832 1.123392
3180000 4.931988 2.206102 1.253396
3190000 4.605142 2.261808 1.246063
3200000 4.162658 2.315620 1.129690
3210000 3.810383 2.276983 1.177114
3220000 4.282924 2.220514 1.282648
3230000 4.870618 2.329967 1.297081
3240000 5.043536 2.287732 1.260133
3250000 4.378051 2.330135 1.284018
3260000 4.618463 2.188568 1.229643
3270000 3.882756 2.306976 1.151226
3280000 4.568241 2.304258 1.090636
3290000 4.936120 2.197186 1.240505
3300000 3.372433 2.344018 1.237169
3310000 4.047688 2.304884 1.232057
3320000 3.303855 2.236816 1.148971
3330000 3.211311 2.187943 1.371730
3340000 2.626629 2.293137 1.171593
3350000 2.787198 2.368371 1.236312
3360000 2.633776 2.170963 1.056788
3370000 2.371594 2.241237 1.243477
3380000 2.982025 2.222746 1.299929
3390000 3.046341 2.299424 1.164923
3400000 3.057394 2.235124 1.124250
3410000 2.868571 2.201560 1.352096
3420000 3.569330 2.101864 1.280925
3430000 4.243893 2.188114 1.257119
3440000 4.184437 2.369081 1.307160
3450000 3.809904 2.172605 1.237369
3460000 4.456163 2.192674 1.333234
3470000 4.919586 2.351877 1.286186
3480000 4.389714 2.268759 1.255466
3490000 4.663159 2.201526 1.283587
3500000 4.460883 2.177715 1.173003
3510000 4.786456 2.337271 1.261087
3520000 4.031834 2.331159 1.284577
3530000 3.389295 2.274840 1.164360
3540000 3.669469 2.182912 1.199895
3550000 4.281897 2.256430 1.117549
3560000 5.023121 2.285202 1.280264
3570000 4.880013 2.225552 1.245429
3580000 3.992298 2.365025 1.231487
3590000 3.679532 2.126028 1.327648
3600000 3.515912 2.212943 1.136235
3610000 3.215912 2.270555 1.189973
3620000 3.299709 2.252001 1.186497
3630000 2.924225 2.321867 1.242225
3640000 2.209712 2.121866 1.130352
3650000 1.994016 2.372072 1.187511
3660000 2.301217 2.217039 1.205547
3670000 2.407053 2.229174 1.224832
3680000 1.713075 2.336873 1.196564
3690000 1.799982 2.187578 1.282128
3700000 2.151574 2.265926 1.268572
3710000 2.605956 2.324706 1.239533
3720000 3.230690 2.336183 1.317057
3730000 3.268370 2.244446 1.173980
3740000 3.145238 2.250791 1.157367
3750000 3.226289 2.282569 1.150777
3760000 3.470883 2.189298 1.280915
3770000 4.125946 2.237567 1.265118
3780000 4.319087 2.244434 1.170480
3790000 5.009781 2.139599 1.161070
3800000 4.760491 2.208704 1.155080
3810000 4.033429 2.277754 1.288106
3820000 3.877754 2.423913 1.137800
3830000 4.242836 2.256275 1.192945
3840000 4.133762 2.341250 1.178591
3850000 3.819759 2.417320 1.183732
3860000 3.611388 2.226060 1.234321
3870000 3.815561 2.360975 1.333910
3880000 3.621853 2.281228 1.289173
3890000 4.063839 2.307949 1.206352
3900000 3.779447 2.332208 1.222611
3910000 2.696248 2.255431 1.335311
3920000 2.953602 2.308898 1.175771
3930000 4.694745 2.263195 1.361656
3940000 4.516383 2.219112 1.071472
3950000 4.844802 2.303653 1.253850
3960000 4.280736 2.143393 1.301255
3970000 3.616971 2.375274 1.264003
3980000 3.235090 2.257304 1.271874
3990000 2.796758 2.150806 1.147153
4000000 2.462573 2.274397 1.140544
