100000 3.975666 2.352451 0.988948
110000 4.119216 2.399119 1.056945
120000 4.701036 2.337357 1.015965
130000 3.635745 2.239596 1.105307
140000 3.458897 2.270233 1.059373
150000 2.786803 2.197308 1.188741
160000 2.157570 2.352401 0.988343
170000 2.348461 2.184601 1.088420
180000 1.436818 2.179124 1.035064
190000 1.225874 2.285708 1.082822
200000 1.173018 2.301849 0.954049
210000 1.805393 2.193694 1.049625
220000 2.026600 2.212247 1.096862
230000 1.340697 2.248496 1.037220
240000 1.510669 2.148736 1.007698
250000 1.701724 2.399222 1.022839
260000 2.026459 2.230962 0.920701
270000 2.478063 2.353796 1.108134
280000 3.455669 2.222474 0.982963
290000 3.579006 2.389202 1.154847
300000 2.825344 2.299572 1.033380
310000 2.584031 2.293958 1.096094
320000 4.041224 2.239532 1.084651
330000 4.031086 2.214042 1.023526
340000 4.578424 2.270454 1.112545
350000 4.043550 2.280558 1.186083
360000 3.399230 2.299358 0.979580
370000 3.961335 2.195653 1.063783
380000 3.766685 2.214938 1.124482
390000 4.534669 2.135438 1.164618
400000 4.462399 2.325466 1.064242
410000 4.674423 2.309522 1.044567
420000 3.983295 2.227762 1.090005
430000 2.562480 2.279164 1.016693
440000 3.700590 2.107337 1.080723
450000 4.121978 2.249111 0.967386
460000 3.173508 2.312487 1.158164
470000 2.211202 2.250621 1.031732
480000 1.843849 2.354279 1.026770
490000 2.062450 2.341207 1.068245
500000 1.538810 2.333208 1.058295
510000 2.351664 2.136864 1.022594
520000 2.120126 2.185726 0.991783
530000 1.830574 2.284488 1.089674
540000 1.175024 2.306618 1.127422
550000 1.193814 2.150403 1.062700
560000 1.075877 2.266600 1.106543
570000 1.233710 2.311411 1.103194
580000 0.730798 2.456271 1.119086
590000 0.997547 2.330347 0.882867
600000 0.999632 2.416200 1.122953
610000 1.643163 2.148857 1.013099
620000 1.951685 2.327063 1.032850
630000 0.962700 2.421403 1.063643
640000 1.135272 2.239500 1.089616
650000 0.991919 2.306248 1.059819
660000 1.392176 2.376813 1.052517
670000 1.654756 2.350692 1.019969
680000 1.343925 2.276390 1.101718
690000 2.500645 2.262715 1.000957
700000 2.489392 2.267768 1.058135
710000 3.176473 2.271886 1.059447
720000 3.818133 2.264161 0.974670
730000 4.143183 2.243152 1.114327
740000 4.784776 2.157008 1.093791
750000 4.091198 2.235796 1.081970
760000 4.666733 2.299877 1.044684
770000 4.464814 2.101810 1.090676
780000 3.532879 2.418613 1.027709
790000 2.658686 2.341097 1.097194
800000 3.398566 2.323461 1.144333
810000 2.386064 2.268574 1.068032
820000 3.345764 2.388359 1.062462
830000 2.497469 2.354289 1.063260
840000 2.372703 2.284388 1.092524
850000 2.730674 2.273590 0.977992
860000 3.181254 2.330422 0.976265
870000 4.198216 2.287229 1.039103
880000 3.929722 2.152818 1.025764
890000 4.272795 2.254521 0.932472
900000 3.731999 2.266317 1.027437
910000 3.578688 2.407729 1.136635
920000 4.320845 2.305706 1.069256
930000 4.800002 2.222321 0.981428
940000 4.635350 2.203657 1.087996
950000 3.872988 2.325381 0.955477
960000 3.630544 2.325202 1.023949
970000 2.875991 2.376612 1.065430
980000 2.563271 2.252083 0.946354
990000 2.639013 2.293691 1.000983
1000000 1.860293 2.405471 0.982788
1010000 1.705073 2.121131 1.027353
1020000 1.298913 2.278752 0.931935
1030000 1.066218 2.218632 1.105371
1040000 1.158585 2.187341 0.971118
1050000 1.258199 2.231142 1.025478
1060000 1.518968 2.265018 1.089570
1070000 1.601544 2.328884 1.006347
1080000 1.447384 2.378954 1.019852
1090000 1.545244 2.443173 1.065642
1100000 2.001176 2.254830 1.073271
1110000 1.805317 2.275220 1.061002
1120000 2.868627 2.209697 1.164711
1130000 3.257493 2.256490 1.046952
1140000 2.675983 2.262630 1.139796
1150000 3.261793 2.276769 1.162532
1160000 2.310898 2.427385 1.160439
1170000 2.239586 2.285565 1.029683
1180000 2.235432 2.096799 1.148376
1190000 2.973094 2.237023 1.052281
1200000 2.898624 2.303283 1.120388
1210000 3.515356 2.289181 1.153016
1220000 4.117589 2.160234 1.009552
1230000 3.433611 2.362328 1.119799
1240000 3.818252 2.251283 0.918639
1250000 5.004490 2.283454 1.044470
1260000 4.289723 2.317179 1.124464
1270000 3.193580 2.318591 1.029116
1280000 3.932881 2.233915 1.065649
1290000 3.073096 2.357469 1.039558
1300000 3.139337 2.192669 1.030734
1310000 3.274690 2.202969 1.065329
1320000 3.324015 2.190826 1.025269
1330000 4.604564 2.270404 1.192590
1340000 4.282932 2.453525 1.039841
1350000 4.596011 2.441473 1.097021
1360000 3.919455 2.214224 1.039721
1370000 2.771867 2.207640 1.067355
1380000 3.991991 2.336043 1.101276
1390000 4.864983 2.323851 1.034569
1400000 5.002048 2.210384 1.061763
1410000 4.178574 2.450615 1.019791
1420000 3.641310 2.320164 1.038177
1430000 4.025732 2.288282 1.005152
1440000 4.221214 2.271077 0.964095
1450000 3.495881 2.326923 1.088003
1460000 4.611437 2.285454 1.068801
1470000 4.575354 2.232531 0.969188
1480000 4.445277 2.210667 1.039447
1490000 3.978880 2.247286 0.919543
1500000 2.515397 2.254725 1.051737
1510000 2.235871 2.322207 1.000489
1520000 2.290449 2.224476 1.137342
1530000 2.677454 2.324489 1.129227
1540000 2.729462 2.239535 1.047103
1550000 2.224078 2.301085 1.033209
1560000 1.753186 2.294455 0.986443
1570000 1.795978 2.312020 1.074451
1580000 1.860259 2.218538 1.175790
1590000 1.382672 2.296290 1.131196
1600000 0.900739 2.380630 1.107518
1610000 1.030477 2.426748 1.119023
1620000 0.603721 2.386755 1.108976
1630000 0.547832 2.364822 1.036601
1640000 0.884010 2.353124 0.975795
1650000 0.823618 2.381031 1.098601
1660000 0.706006 2.282231 0.946328
1670000 0.608562 2.401901 1.066073
1680000 0.723217 2.327335 1.005653
1690000 0.941240 2.312109 0.977009
1700000 0.816952 2.299485 0.965709
1710000 0.965598 2.360060 1.051246
1720000 0.879557 2.238797 0.986442
1730000 1.139771 2.308520 0.961275
1740000 1.067719 2.340523 0.933582
1750000 1.315371 2.275033 1.119483
1760000 1.358823 2.278832 1.041953
1770000 1.383770 2.234825 0.952936
1780000 1.229723 2.240799 1.085384
1790000 1.282649 2.163722 1.147819
1800000 1.353158 2.298698 1.094782
1810000 1.611336 2.276119 1.003501
1820000 1.447364 2.250961 0.983394
1830000 1.642276 2.282192 0.990990
1840000 1.940008 2.244223 1.080590
1850000 2.154396 2.270490 0.963139
1860000 2.136920 2.188818 0.941016
1870000 3.018825 2.234807 0.853803
1880000 3.400134 2.237486 0.936232
1890000 2.891478 2.247124 0.987448
1900000 2.981952 2.108738 1.150948
1910000 3.630247 2.341150 1.148483
1920000 4.223516 2.151092 1.069746
1930000 4.115135 2.145229 0.974796
1940000 4.487386 2.278123 0.917752
1950000 3.963204 2.207924 0.954189
1960000 4.600864 2.359353 1.051349
1970000 4.538157 2.324486 1.063427
1980000 4.835539 2.328583 1.065868
1990000 4.177592 2.227900 1.157453
2000000 3.615193 2.227533 1.128479
2010000 3.143003 2.333685 0.980476
2020000 2.398955 2.167803 1.034281
2030000 2.465234 2.238093 1.059114
2040000 1.864953 2.329731 1.177821
2050000 3.139646 2.258375 1.020156
2060000 3.363209 2.364531 1.111317
2070000 3.556733 2.243433 1.043953
2080000 3.095141 2.290349 1.121215
2090000 3.772544 2.525384 0.991512
2100000 4.735020 2.233200 1.129616
2110000 4.214313 2.246329 1.076682
2120000 4.230487 2.315025 1.048102
2130000 3.672266 2.308961 1.158328
2140000 4.550372 2.208836 1.104618
2150000 3.656985 2.238092 1.100117
2160000 3.822181 2.384739 1.007075
2170000 3.643152 2.295499 1.131055
2180000 4.368078 2.187340 0.988312
2190000 4.405674 2.196482 1.088046
2200000 2.582865 2.157703 1.016038
2210000 2.212305 2.199006 1.110392
2220000 2.022976 2.196392 1.191927
2230000 1.906873 2.241581 1.050715
2240000 2.302962 2.296957 0.920781
2250000 2.711391 2.429795 1.104933
2260000 2.556448 2.189155 0.958897
2270000 1.760018 2.223818 1.105138
2280000 2.089862 2.234182 1.005176
2290000 1.794179 2.222221 1.087651
2300000 1.793430 2.209330 1.009212
2310000 1.593752 2.250075 1.106426
2320000 1.683591 2.325667 1.102877
2330000 1.975091 2.298895 1.086784
2340000 2.204921 2.300427 1.024211
2350000 2.080021 2.176836 1.108004
2360000 2.757939 2.308122 0.991240
2370000 2.880761 2.213833 1.091802
2380000 3.025382 2.332709 1.007703
2390000 2.184395 2.314985 1.056835
2400000 2.754190 2.270164 1.001875
2410000 2.881347 2.221038 1.075365
2420000 2.234626 2.212956 0.983860
2430000 3.156055 2.147204 1.106223
2440000 2.734462 2.301301 1.153749
2450000 4.052719 2.457656 1.219842
2460000 3.706815 2.330709 1.078801
2470000 2.681352 2.185512 0.925185
2480000 2.984624 2.247002 1.048356
2490000 3.174567 2.302123 0.947203
2500000 3.627495 2.312273 0.993623
2510000 3.660629 2.204876 1.064084
2520000 3.993402 2.267742 1.042179
2530000 4.225817 2.308526 1.064658
2540000 4.501704 2.182936 1.097021
2550000 4.531460 2.328829 1.112278
2560000 4.766773 2.200424 0.977310
2570000 4.939910 2.237209 1.067360
2580000 4.051712 2.181422 1.055159
2590000 4.569882 2.303912 0.977107
2600000 4.905440 2.201916 1.101915
2610000 4.892914 2.339366 1.043252
2620000 4.746587 2.280878 1.044722
2630000 4.046741 2.103998 1.021636
2640000 4.583369 2.206821 0.977178
2650000 3.805697 2.267632 1.142844
2660000 3.419286 2.302225 1.092712
2670000 3.275325 2.137355 1.100069
2680000 2.869257 2.308068 1.090507
2690000 2.581450 2.384675 1.093419
2700000 2.289482 2.317351 1.038699
2710000 2.464679 2.348339 1.088557
2720000 2.452152 2.171408 0.976364
2730000 1.716641 2.304412 1.081104
2740000 2.166353 2.368481 0.958056
2750000 1.564140 2.174421 1.073447
2760000 1.473196 2.325906 1.029107
2770000 1.599007 2.286449 0.979575
2780000 1.226325 2.318177 1.248970
2790000 1.613869 2.284692 0.952359
2800000 1.455474 2.371452 1.071037
2810000 1.074513 2.284011 1.068844
2820000 0.945390 2.434809 1.051357
2830000 0.945456 2.253783 1.068792
2840000 1.095060 2.313764 1.072351
2850000 0.910476 2.345121 1.095540
2860000 0.959156 2.207793 1.067865
2870000 0.952460 2.216335 1.022596
2880000 0.754926 2.343313 1.095830
2890000 0.650248 2.305185 1.020533
2900000 0.610829 2.223440 1.084536
2910000 0.608687 2.350426 1.063795
2920000 0.796405 2.343258 1.046025
2930000 0.686783 2.314564 0.998295
2940000 0.741270 2.301757 1.014822
2950000 0.864789 2.171737 1.041867
2960000 1.121786 2.213204 1.022505
2970000 1.279118 2.246561 1.029279
2980000 1.004481 2.356039 0.944842
2990000 0.957693 2.284577 1.062618
3000000 0.797604 2.325804 1.072916
3010000 0.950136 2.213258 1.143612
3020000 1.150139 2.452953 1.074234
3030000 1.159400 2.256954 1.211306
3040000 0.963516 2.297277 0.981252
3050000 0.654068 2.380665 1.001216
3060000 0.903430 2.279353 1.041424
3070000 0.750357 2.272722 0.905309
3080000 1.027766 2.360808 1.052837
3090000 1.108053 2.312367 1.030896
3100000 1.107832 2.298369 1.059319
3110000 1.474686 2.160162 1.035297
3120000 1.803186 2.302044 1.077855
3130000 1.602753 2.247214 1.032120
3140000 1.722628 2.245846 1.055370
3150000 1.964042 2.150370 1.082657
3160000 2.077944 2.298585 1.009002
3170000 1.777719 2.296061 1.107272
3180000 1.376685 2.193474 0.954125
3190000 1.354336 2.385848 1.077081
3200000 1.524539 2.189527 0.931921
3210000 1.810155 2.187130 1.008203
3220000 2.311963 2.325835 1.112411
3230000 2.430404 2.323359 1.087465
3240000 2.706008 2.229222 0.990527
3250000 2.797653 2.199150 1.115758
3260000 3.143698 2.198232 0.963558
3270000 2.941024 2.348486 0.921033
3280000 4.075713 2.226596 1.169741
3290000 4.577046 2.251052 1.010033
3300000 4.541305 2.243814 1.064438
3310000 3.645542 2.348419 1.024648
3320000 4.582786 2.216807 1.004714
3330000 4.862826 2.209188 1.030640
3340000 4.220656 2.199280 1.062692
3350000 3.789284 2.317054 1.097122
3360000 3.348182 2.174904 1.158595
3370000 2.914896 2.275425 1.077340
3380000 3.379741 2.203849 1.213827
3390000 3.656190 2.209813 1.077579
3400000 2.945513 2.225989 0.949128
3410000 3.546074 2.157484 0.978383
3420000 5.034097 2.359378 1.094581
3430000 4.070611 2.163929 1.087943
3440000 3.918930 2.229470 1.059206
3450000 3.081305 2.256439 1.009161
3460000 3.046365 2.209301 1.031696
3470000 2.462474 2.287738 1.142294
3480000 2.647346 2.289334 1.066579
3490000 2.925904 2.208721 0.984154
3500000 3.387074 2.345183 1.005906
3510000 2.482754 2.351784 1.035280
3520000 2.348203 2.265282 0.962413
3530000 2.022599 2.355958 1.045263
3540000 2.427254 2.334558 1.092406
3550000 2.758360 2.224775 0.990761
3560000 3.478475 2.242184 1.020560
3570000 4.261263 2.316008 1.028517
3580000 4.685474 2.161490 0.923286
3590000 4.880316 2.308034 1.043598
3600000 4.735807 2.134342 1.000857
3610000 5.012948 2.231132 0.999282
3620000 4.956343 2.220704 1.036078
3630000 4.294820 2.280037 1.115916
3640000 4.125158 2.265595 1.052535
3650000 3.789369 2.216033 1.140872
3660000 4.456779 2.182241 1.091561
3670000 4.206378 2.354638 1.036426
3680000 4.844438 2.243303 0.967418
3690000 4.966552 2.222224 1.064401
3700000 5.011239 2.199784 0.994012
3710000 4.669205 2.243153 0.986222
3720000 3.471453 2.216449 0.964109
3730000 3.418647 2.319817 1.029095
3740000 3.448023 2.209386 0.986586
3750000 3.251778 2.286632 1.041801
3760000 3.036672 2.230939 0.984180
3770000 2.400121 2.202860 1.040638
3780000 2.412070 2.215565 1.002241
3790000 3.799578 2.277071 1.033443
3800000 3.840107 2.161135 0.951259
3810000 4.383508 2.237156 1.005643
3820000 3.623678 2.244444 1.043812
3830000 4.024679 2.243511 0.956823
3840000 4.296236 2.272778 0.964814
3850000 3.821934 2.196527 0.948314
3860000 3.997168 2.246049 1.162712
3870000 4.299388 2.243500 1.110633
3880000 4.445025 2.322816 1.003959
3890000 4.342683 2.297128 1.077680
3900000 4.573877 2.290266 0.986066
3910000 3.447485 2.235745 1.084335
3920000 3.819527 2.304100 1.114151
3930000 3.284562 2.204614 1.011361
3940000 3.486430 2.117551 1.148133
3950000 3.076367 2.213281 1.089359
3960000 2.633802 2.310566 1.093397
3970000 2.576186 2.232379 0.962482
3980000 2.046890 2.329447 0.974581
3990000 1.834789 2.203950 0.972868
4000000 2.098234 2.231505 1.018424
