100000 1.367318 2.263843 0.126017
110000 1.417859 2.331719 0.217570
120000 1.276902 2.226171 0.123247
130000 1.845024 2.292857 0.176510
140000 1.738153 2.180364 0.192373
150000 2.882851 2.302149 0.241932
160000 2.715248 2.310470 0.229882
170000 4.025847 2.306948 0.203229
180000 4.144710 2.286577 0.134981
190000 5.081255 2.257006 0.137291
200000 4.838686 2.254475 0.173804
210000 4.909354 2.333202 0.256796
220000 4.900972 2.206414 0.220496
230000 3.687782 2.353894 0.154546
240000 3.441592 2.374906 0.157734
250000 2.604535 2.227755 0.139046
260000 1.805902 2.284614 0.349709
270000 2.689852 2.360794 0.165144
280000 2.968577 2.212582 0.060675
290000 4.157440 2.240840 0.325166
300000 2.772261 2.298836 0.119776
310000 1.959910 2.330124 0.189420
320000 1.658820 2.327050 0.232229
330000 1.585919 2.208073 0.129857
340000 2.338833 2.216167 0.167363
350000 2.769088 2.324024 0.138653
360000 3.037693 2.381038 0.076645
370000 3.887787 2.316174 0.178754
380000 4.934764 2.219694 0.119377
390000 4.149887 2.305188 0.237962
400000 4.890117 2.331032 0.132385
410000 4.616520 2.183049 0.281605
420000 3.305323 2.333461 0.145977
430000 4.488366 2.192553 0.191621
440000 4.028614 2.247213 0.173907
450000 4.764384 2.297952 0.159254
460000 3.717882 2.288443 0.206825
470000 3.517977 2.271366 0.184545
480000 2.838726 2.234344 0.173479
490000 2.724218 2.338526 0.135085
500000 3.341996 2.229379 0.172541
510000 3.695470 2.314238 0.114660
520000 4.087642 2.257025 0.245440
530000 4.384606 2.219810 0.166282
540000 3.706445 2.392284 0.176248
550000 3.479644 2.249421 0.216645
560000 4.024787 2.224106 0.173812
570000 4.157121 2.014480 0.130631
580000 4.234017 2.388145 0.284461
590000 4.806095 2.348525 0.038141
600000 4.575344 2.307847 0.348168
610000 2.878615 2.323955 0.204681
620000 1.741102 2.260589 0.165152
630000 0.817125 2.417806 0.108471
640000 1.185440 2.360371 0.122578
650000 0.830014 2.282197 0.210496
660000 1.146270 2.432680 0.153635
670000 1.495491 2.149140 0.109520
680000 1.267574 2.128233 0.116951
690000 1.566718 2.316612 0.209170
700000 0.902160 2.215798 0.192136
710000 0.881751 2.331166 0.107980
720000 0.956486 2.297640 0.280883
730000 1.211849 2.305862 0.106023
740000 1.077252 2.289077 0.090188
750000 0.891733 2.321424 0.012800
760000 1.049468 2.353065 0.059707
770000 0.721083 2.236036 0.057853
780000 0.568513 2.282216 0.157419
790000 0.754879 2.241451 0.134800
800000 1.568240 2.336360 0.258280
810000 1.546092 2.176080 0.051885
820000 1.897095 2.212949 0.236540
830000 2.179696 2.306659 0.193810
840000 2.238613 2.148550 0.238637
850000 2.367311 2.251748 0.269778
860000 2.762611 2.141627 0.090063
870000 3.066535 2.284876 0.271664
880000 2.627150 2.146035 0.397989
890000 2.455446 2.198977 0.240348
900000 2.251133 2.299216 0.215978
910000 2.016937 2.347094 0.186970
920000 2.116141 2.285960 0.047022
930000 2.303400 2.253819 0.227731
940000 1.539871 2.177698 0.125385
950000 1.683499 2.420335 0.091758
960000 1.690291 2.264262 0.116989
970000 1.637017 2.341823 0.167366
980000 1.979439 2.259844 0.240089
990000 1.834700 2.246049 0.256618
1000000 2.417711 2.339051 0.285049
1010000 3.259398 2.200158 0.140010
1020000 3.644730 2.270289 0.095303
1030000 3.229203 2.272089 0.072251
1040000 3.178841 2.183102 0.066959
1050000 3.652623 2.235647 0.100595
1060000 4.092508 2.140402 0.141224
1070000 4.293590 2.331163 0.309696
1080000 4.993119 2.238809 0.241638
1090000 4.159218 2.244110 0.050627
1100000 4.044076 2.190116 0.255661
1110000 4.641679 2.270753 0.097657
1120000 3.569523 2.286415 0.184878
1130000 3.340794 2.242969 0.134545
1140000 3.203494 2.260345 0.186265
1150000 2.537804 2.279180 0.217059
1160000 3.079256 2.301088 0.212883
1170000 3.545903 2.234254 0.133879
1180000 3.717188 2.298420 0.097538
1190000 3.312189 2.390991 0.212492
1200000 4.294094 2.187663 0.094500
1210000 4.565079 2.203394 0.123036
1220000 4.999064 2.327973 0.268579
1230000 3.921212 2.356855 0.130211
1240000 3.828726 2.155181 0.219187
1250000 2.605042 2.196587 0.241621
1260000 2.423074 2.439763 0.120532
1270000 2.874735 2.351206 0.127265
1280000 3.262326 2.254711 0.084015
1290000 4.094251 2.266524 0.222945
1300000 4.228042 2.234609 0.231320
1310000 3.224636 2.341849 0.232430
1320000 3.525256 2.241225 0.136996
1330000 4.455204 2.088301 0.173669
1340000 4.310316 2.300318 0.145429
1350000 3.996268 2.188182 0.092820
1360000 3.640609 2.150742 0.187873
1370000 4.083419 2.273896 0.064480
1380000 4.076511 2.195967 0.092635
1390000 3.271891 2.230151 0.148022
1400000 2.174909 2.366390 0.174398
1410000 2.037953 2.234387 0.157815
1420000 2.266417 2.454078 0.256396
1430000 2.498341 2.225624 0.118418
1440000 2.054660 2.282993 0.193098
1450000 1.331962 2.283487 0.113528
1460000 1.168472 2.217256 0.221588
1470000 1.415551 2.224204 0.161245
1480000 1.076355 2.223829 0.053975
1490000 0.914879 2.316815 0.268450
1500000 0.922753 2.231371 0.240739
1510000 0.876393 2.442052 0.144313
1520000 0.822132 2.329620 0.216303
1530000 1.270095 2.202753 0.211594
1540000 1.396657 2.250551 0.118989
1550000 1.464208 2.423824 0.230490
1560000 1.506841 2.354475 0.119120
1570000 1.559478 2.299601 0.290933
1580000 1.215324 2.198986 0.204419
1590000 1.273306 2.199660 0.240773
1600000 1.232906 2.210348 0.178961
1610000 1.302718 2.183967 0.323632
1620000 0.906759 2.364879 0.169071
1630000 0.979821 2.402667 0.188924
1640000 1.650332 2.373990 0.225219
1650000 1.694050 2.299539 0.069231
1660000 1.978369 2.231738 0.214863
1670000 1.843884 2.239150 0.145002
1680000 1.709817 2.307241 0.181768
1690000 2.126573 2.335802 0.161045
1700000 2.715321 2.278899 0.231852
1710000 2.756911 2.272239 0.209224
1720000 3.112695 2.260084 0.124034
1730000 3.123640 2.334308 0.106774
1740000 4.539581 2.210031 0.071256
1750000 5.043030 2.442063 0.157553
1760000 4.874380 2.189602 0.149973
1770000 4.278635 2.285362 0.205336
1780000 3.955014 2.276134 0.270021
1790000 2.751991 2.374906 0.147441
1800000 3.384480 2.265868 0.081241
1810000 3.068582 2.404544 0.084385
1820000 5.068546 2.137244 0.267813
1830000 4.717720 2.257383 0.298393
1840000 3.859696 2.116094 0.012059
1850000 4.267480 2.121130 0.153257
1860000 4.637795 2.291695 0.323318
1870000 4.306321 2.236079 -0.010665
1880000 2.885797 2.319321 0.071156
1890000 2.922397 2.397747 0.338925
1900000 3.030492 2.186796 0.172590
1910000 3.772693 2.412721 0.139623
1920000 3.419712 2.383082 0.099519
1930000 2.351154 2.154126 0.226304
1940000 2.425386 2.342162 0.199646
1950000 2.559695 2.266107 0.247075
1960000 2.463095 2.413611 0.194694
1970000 2.021079 2.326686 0.224768
1980000 1.904270 2.300032 0.121714
1990000 2.777760 2.137760 0.222325
2000000 2.675613 2.183988 0.194773
2010000 3.831554 2.227396 0.260226
2020000 4.506074 2.200121 0.216098
2030000 3.919115 2.315809 0.174285
2040000 4.404740 2.285217 0.218331
2050000 4.897763 2.127894 0.193480
2060000 4.716331 2.195130 0.222224
2070000 4.183509 2.349905 0.223010
2080000 3.728224 2.326335 0.296118
2090000 4.803051 2.194957 0.231169
2100000 4.473397 2.299996 0.212266
2110000 4.100588 2.193648 0.154339
2120000 3.859386 2.314146 0.092442
2130000 4.304955 2.293396 0.130217
2140000 3.182122 2.308692 0.212572
2150000 3.076298 2.133897 0.218721
2160000 3.514906 2.167486 0.097314
2170000 3.840922 2.305464 0.209366
2180000 2.845528 2.085501 0.262088
2190000 1.954246 2.188649 0.267317
2200000 1.672145 2.206143 0.116942
2210000 1.644878 2.205858 0.175769
2220000 1.635332 2.265849 0.186354
2230000 1.368691 2.180019 0.180538
2240000 2.073564 2.169043 0.273381
2250000 1.854947 2.244664 0.218333
2260000 2.550790 2.210600 0.187004
2270000 2.655711 2.262500 0.107582
2280000 2.156790 2.259683 0.196102
2290000 3.174892 2.276680 0.183010
2300000 2.885276 2.306483 0.249807
2310000 3.092245 2.254628 0.218921
2320000 2.360079 2.298175 0.235701
2330000 1.887398 2.327108 0.236824
2340000 1.540187 2.285354 0.150312
2350000 1.265879 2.375821 0.123481
2360000 1.503650 2.212895 0.243730
2370000 1.257576 2.357278 0.157499
2380000 1.423532 2.369012 0.115032
2390000 1.617430 2.297137 0.232056
2400000 1.780041 2.252860 0.328096
2410000 2.086071 2.229455 0.305341
2420000 1.796229 2.196484 0.337249
2430000 2.489207 2.143947 0.053259
2440000 2.246597 2.221287 0.245488
2450000 2.061398 2.293613 0.206799
2460000 2.627765 2.300562 0.208086
2470000 2.836523 2.332390 0.193292
2480000 3.573803 2.287290 0.219357
2490000 4.634062 2.352765 0.209025
2500000 4.719029 2.293139 0.303392
2510000 3.956727 2.186519 0.341642
2520000 3.181954 2.251118 0.132258
2530000 2.360753 2.316895 0.172548
2540000 1.965622 2.274898 0.148393
2550000 2.754228 2.247419 0.213726
2560000 3.722505 2.282339 0.133509
2570000 4.922921 2.337467 0.103516
2580000 4.236997 2.158720 0.160265
2590000 3.869144 2.136375 0.183745
2600000 3.400594 2.277058 0.128925
2610000 3.949560 2.361463 0.219681
2620000 2.919728 2.397994 0.123745
2630000 4.086537 2.263067 0.078272
2640000 4.713012 2.185799 0.176960
2650000 4.087712 2.334392 0.151685
2660000 3.131389 2.247648 0.048263
2670000 3.153427 2.350355 0.172496
2680000 2.672674 2.371172 0.057347
2690000 2.157647 2.319003 0.157278
2700000 3.022637 2.315330 0.237133
2710000 3.438655 2.266278 0.288509
2720000 3.462159 2.216929 0.080880
2730000 4.541085 2.323121 0.118113
2740000 4.920664 2.298043 0.126530
2750000 5.005340 2.274640 0.210420
2760000 4.262016 2.393303 0.236426
2770000 4.234740 2.395622 0.128685
2780000 4.514188 2.378298 0.139182
2790000 3.700778 2.276997 0.241080
2800000 3.805247 2.279449 0.151669
2810000 3.393358 2.311799 0.260178
2820000 2.791384 2.168555 0.201563
2830000 3.861416 2.412003 0.231407
2840000 2.641759 2.282700 0.337989
2850000 2.544268 2.277019 0.182511
2860000 2.387729 2.236286 0.248194
2870000 2.070959 2.161404 0.089092
2880000 1.942308 2.218168 0.189456
2890000 1.880145 2.230090 0.170005
2900000 1.555687 2.162953 0.168522
2910000 1.583617 2.162817 0.188663
2920000 1.034952 2.307263 0.017649
2930000 1.171685 2.278763 0.151972
2940000 1.393316 2.291691 0.167107
2950000 1.952894 2.321336 0.147276
2960000 1.912355 2.236428 0.176582
2970000 2.815513 2.252894 0.235748
2980000 2.654385 2.174123 0.145677
2990000 3.151523 2.215362 0.039895
3000000 4.734447 2.275728 0.054897
3010000 4.913596 2.183190 0.185460
3020000 4.084666 2.296388 0.206253
3030000 4.576173 2.259006 0.117270
3040000 4.385484 2.340404 0.132026
3050000 4.024293 2.225391 0.214849
3060000 4.738601 2.269460 0.238702
3070000 4.842482 2.196468 0.237540
3080000 3.972899 2.155780 0.210281
3090000 4.308939 2.287584 0.163189
3100000 3.330284 2.280892 0.034368
3110000 3.175503 2.298816 0.129817
3120000 3.205938 2.226155 0.233562
3130000 4.441189 2.292952 0.211979
3140000 4.881765 2.380023 0.120892
3150000 4.926883 2.232454 0.287578
3160000 4.920455 2.342477 0.236904
3170000 4.438505 2.347264 0.206464
3180000 4.183832 2.260121 0.187288
3190000 3.313069 2.407226 0.198306
3200000 3.038102 2.286394 0.209563
3210000 2.606586 2.246296 0.174112
3220000 2.490845 2.253699 0.126757
3230000 3.717900 2.232944 0.106921
3240000 3.127165 2.117143 0.138178
3250000 3.335942 2.111414 0.246985
3260000 3.048234 2.227317 0.272394
3270000 3.045991 2.204963 0.126271
3280000 2.251497 2.296119 0.374412
3290000 2.325271 2.406863 0.236565
3300000 3.630141 2.143412 0.228860
3310000 4.532532 2.344063 0.154805
3320000 4.940586 2.302398 0.159684
3330000 4.305903 2.310865 0.290899
3340000 4.076274 2.315035 0.210348
3350000 5.030805 2.298060 0.041988
3360000 4.094874 2.169333 0.232807
3370000 3.271575 2.200016 0.245174
3380000 2.945307 2.352754 0.188159
3390000 2.972401 2.194692 0.185226
3400000 2.296680 2.291409 0.239393
3410000 1.810814 2.364766 0.303782
3420000 1.212914 2.326641 0.151825
3430000 0.622129 2.262196 0.149732
3440000 0.772917 2.221232 0.156031
3450000 0.812887 2.217698 0.203701
3460000 1.024253 2.256152 0.304575
3470000 1.050711 2.244668 0.144737
3480000 0.635494 2.327786 0.032802
3490000 0.912933 2.300922 0.214531
3500000 0.925538 2.289124 0.196327
3510000 1.011680 2.319904 0.094666
3520000 0.746203 2.233507 0.086192
3530000 0.777406 2.260564 0.251283
3540000 1.180205 2.239890 0.189371
3550000 0.882955 2.237394 0.235276
3560000 0.843193 2.199552 0.256654
3570000 1.325587 2.264638 0.239719
3580000 1.274870 2.237764 0.292366
3590000 0.969460 2.202318 0.144357
3600000 1.146870 2.275788 0.259789
3610000 1.240653 2.276710 0.142081
3620000 1.460255 2.325294 0.197915
3630000 1.488785 2.271362 0.350595
3640000 1.357511 2.354832 0.325440
3650000 0.685302 2.455448 0.121311
3660000 0.692000 2.264257 0.071223
3670000 0.784300 2.174604 0.251159
3680000 0.766735 2.244796 0.053533
3690000 1.113086 2.191734 0.148229
3700000 1.047813 2.340413 0.224006
3710000 1.242068 2.330805 0.268856
3720000 0.906037 2.364732 0.251275
3730000 1.599507 2.220429 0.063543
3740000 1.406844 2.309420 0.218557
3750000 1.454058 2.255368 0.291562
3760000 1.579192 2.240187 0.255330
3770000 1.742353 2.347013 0.105303
3780000 1.401316 2.258981 0.116243
3790000 1.309335 2.250972 0.242475
3800000 1.337307 2.211139 0.112345
3810000 1.399019 2.293270 0.195677
3820000 1.549825 2.200460 0.150737
3830000 1.927206 2.259376 0.258182
3840000 1.668894 2.228861 0.178187
3850000 1.853199 2.295937 0.239916
3860000 1.816846 2.172630 0.216550
3870000 1.972026 2.130300 0.216620
3880000 1.916552 2.237843 0.334422
3890000 1.779046 2.385646 0.188864
3900000 2.059165 2.288181 0.163161
3910000 2.365998 2.197067 0.200648
3920000 2.221952 2.152233 0.324444
3930000 2.038951 2.255642 0.214040
3940000 1.881350 2.191525 0.250535
3950000 1.989645 2.191201 0.101262
3960000 1.481255 2.248860 0.249413
3970000 2.629060 2.121500 0.153396
3980000 2.125136 2.235280 0.197650
3990000 2.328785 2.221469 0.307537
4000000 2.554225 2.402143 0.336445
