100000 4.055495 2.205601 -0.034320
110000 2.914407 2.259582 -0.001972
120000 4.151435 2.230044 -0.044118
130000 4.912391 2.284188 -0.075615
140000 4.020881 2.211118 -0.016447
150000 4.134054 2.235918 0.180141
160000 2.670277 2.275283 0.098865
170000 2.501661 2.286873 -0.042331
180000 3.233189 2.262916 0.009033
190000 4.000600 2.227553 0.055735
200000 3.770298 2.306435 0.077120
210000 2.231694 2.355210 0.099530
220000 2.113048 2.290025 0.180486
230000 1.250491 2.323674 -0.080491
240000 1.033609 2.344004 -0.142253
250000 1.181975 2.322474 0.095450
260000 0.958281 2.324098 -0.024520
270000 1.632893 2.258494 -0.002680
280000 1.326582 2.236383 0.025180
290000 1.427521 2.215835 0.173987
300000 0.818012 2.393517 -0.024854
310000 1.010081 2.120468 -0.033820
320000 1.211096 2.231562 -0.091495
330000 1.244652 2.367361 0.032950
340000 1.760484 2.192651 0.052820
350000 2.266894 2.031390 -0.053260
360000 2.816064 2.250545 -0.028845
370000 2.926521 2.347993 0.017101
380000 3.875097 2.315973 -0.024798
390000 4.608077 2.279689 0.038664
400000 4.620690 2.350212 -0.016810
410000 2.791544 2.344685 -0.062490
420000 2.368872 2.187741 0.053590
430000 2.923278 2.212386 0.045067
440000 3.612128 2.287951 0.092901
450000 3.933271 2.380063 -0.017895
460000 4.311915 2.258673 -0.025116
470000 4.860415 2.275088 0.052750
480000 3.866130 2.397583 -0.104659
490000 4.620623 2.174923 -0.119197
500000 4.457752 2.421177 -0.039382
510000 4.417586 2.220213 0.062407
520000 3.215242 2.245545 0.096314
530000 2.921367 2.314397 0.026145
540000 2.581147 2.277126 -0.012034
550000 2.583724 2.294838 0.053796
560000 3.300643 2.263235 0.158570
570000 2.913052 2.133073 0.040167
580000 3.681764 2.320515 -0.023738
590000 2.494959 2.296375 0.027270
600000 2.030395 2.139736 0.057126
610000 1.716648 2.278562 0.083917
620000 2.274550 2.133755 0.047086
630000 1.549634 2.347252 -0.023911
640000 2.270251 2.361442 0.028011
650000 2.091354 2.325426 0.001715
660000 2.201368 2.364659 -0.030105
670000 3.345968 2.330893 0.001648
680000 4.400380 2.338197 0.143451
690000 4.383273 2.301311 0.006699
700000 4.886935 2.214887 -0.065603
710000 4.491379 2.349493 -0.047919
720000 5.024279 2.240585 -0.006150
730000 5.028678 2.152983 0.077147
740000 3.888357 2.365741 -0.008831
750000 4.317951 2.328636 0.018120
760000 3.914442 2.349392 -0.093259
770000 3.292116 2.424986 0.046961
780000 2.931788 2.287643 0.038877
790000 3.051008 2.211687 -0.007383
800000 2.515591 2.187441 0.010299
810000 2.007639 2.426186 -0.048906
820000 2.303527 2.209275 0.038456
830000 1.496493 2.259899 -0.027541
840000 1.590358 2.276516 0.038163
850000 1.389886 2.236600 0.002907
860000 0.640140 2.345011 0.205707
870000 0.859976 2.233500 -0.014550
880000 1.150383 2.245822 0.004242
890000 1.020985 2.366784 0.033415
900000 0.921651 2.403055 -0.053606
910000 1.247287 2.268777 -0.096727
920000 1.434223 2.290482 0.085387
930000 1.651005 2.184118 0.096933
940000 1.687561 2.238960 0.011046
950000 1.714179 2.220492 0.030863
960000 2.139771 2.171520 0.052061
970000 2.410945 2.250832 0.013124
980000 2.354487 2.168964 0.093392
990000 2.270006 2.258011 -0.113356
1000000 2.242410 2.340879 0.071721
1010000 3.161420 2.316697 -0.047727
1020000 4.042910 2.241445 0.017055
1030000 3.403428 2.208452 0.030589
1040000 4.036092 2.248675 0.108375
1050000 4.450962 2.205819 -0.048451
1060000 4.283724 2.305418 0.035255
1070000 3.355969 2.172210 -0.043746
1080000 3.410458 2.287145 -0.049312
1090000 2.491549 2.141811 -0.067648
1100000 2.783624 2.300688 0.013696
1110000 4.352352 2.283548 -0.007662
1120000 3.711641 2.085936 0.041071
1130000 3.090802 2.228507 -0.025025
1140000 2.855648 2.282727 0.055003
1150000 1.954493 2.448015 -0.144902
1160000 2.094536 2.314007 -0.009908
1170000 2.822399 2.253868 0.139659
1180000 3.399190 2.151852 -0.023768
1190000 3.883660 2.214731 -0.035610
1200000 4.976843 2.212162 -0.134345
1210000 3.565837 2.230845 0.012077
1220000 3.639445 2.395005 0.095622
1230000 4.450874 2.299915 -0.018367
1240000 4.189414 2.253624 0.057390
1250000 3.235321 2.307885 -0.119133
1260000 3.970633 2.363273 -0.060710
1270000 4.209534 2.314019 0.005970
1280000 4.564091 2.251562 -0.086321
1290000 4.535014 2.200493 0.048585
1300000 3.695580 2.318280 -0.000593
1310000 4.117092 2.264846 0.144611
1320000 4.850206 2.171831 0.041807
1330000 3.161031 2.321116 0.124022
1340000 2.505706 2.393351 -0.008183
1350000 1.745849 2.395867 0.050544
1360000 1.547733 2.186099 -0.097903
1370000 1.479583 2.320577 -0.085613
1380000 1.484448 2.200226 0.018746
1390000 1.225543 2.185122 -0.087117
1400000 1.538544 2.229096 -0.017286
1410000 2.161394 2.156776 -0.157815
1420000 1.748219 2.328624 -0.012172
1430000 1.836102 2.241839 0.063563
1440000 2.057930 2.268360 -0.060868
1450000 1.188005 2.324672 -0.031827
1460000 0.956087 2.310363 -0.055272
1470000 1.412553 2.324359 0.055230
1480000 1.129173 2.335206 -0.009991
1490000 0.928345 2.362047 -0.002890
1500000 0.585193 2.409654 -0.080713
1510000 0.806553 2.277043 -0.031499
1520000 0.711781 2.308203 -0.061736
1530000 0.632253 2.209764 -0.039446
1540000 0.833692 2.371481 -0.000253
1550000 0.903380 2.288003 -0.149460
1560000 0.666135 2.306116 -0.088461
1570000 0.741583 2.414800 -0.038046
1580000 0.985281 2.260799 0.112880
1590000 0.974876 2.095624 0.004482
1600000 0.998620 2.355516 0.008827
1610000 0.988246 2.379861 0.096565
1620000 0.954773 2.371791 -0.054553
1630000 1.280750 2.373188 -0.073656
1640000 1.391186 2.184766 -0.003015
1650000 1.590639 2.278910 0.011508
1660000 1.501449 2.342574 0.139607
1670000 1.474113 2.269621 0.134620
1680000 1.787366 2.206739 -0.028919
1690000 1.651612 2.329071 0.090770
1700000 1.329317 2.258181 0.137984
1710000 1.266704 2.221528 -0.041942
1720000 1.380490 2.318666 -0.065822
1730000 1.585257 2.335718 -0.054306
1740000 2.351816 2.217695 -0.041328
1750000 2.123127 2.327252 0.022486
1760000 2.292366 2.283918 0.045579
1770000 2.728388 2.269172 0.163039
1780000 2.786790 2.253560 -0.028151
1790000 3.196312 2.189546 0.034035
1800000 3.005660 2.217968 -0.075933
1810000 3.247356 2.333052 -0.144995
1820000 3.325452 2.337158 -0.011005
1830000 3.466481 2.168552 0.035010
1840000 3.885425 2.249712 -0.003035
1850000 4.809736 2.068898 -0.058032
1860000 4.322446 2.350902 0.006518
1870000 3.767353 2.270401 0.029692
1880000 4.520618 2.216367 0.007425
1890000 3.539286 2.276820 0.001739
1900000 3.924701 2.320030 0.001969
1910000 4.815757 2.312878 0.162118
1920000 4.661605 2.261459 0.104755
1930000 4.355472 2.265282 0.017747
1940000 2.915247 2.349500 -0.075343
1950000 2.818724 2.264144 -0.056820
1960000 3.229838 2.374168 -0.039426
1970000 2.687647 2.209856 -0.052481
1980000 2.227160 2.270781 0.045474
1990000 3.349362 2.215234 -0.019697
2000000 3.494192 2.288635 0.097049
2010000 2.791681 2.336888 -0.093480
2020000 2.126538 2.291834 -0.016384
2030000 2.201164 2.302708 0.072416
2040000 1.963552 2.275851 0.007116
2050000 1.998296 2.297457 0.012082
2060000 1.787208 2.173127 -0.014265
2070000 1.663024 2.348611 0.001960
2080000 1.933195 2.087109 -0.004925
2090000 1.966278 2.300120 -0.105034
2100000 1.399072 2.238418 0.051100
2110000 1.904394 2.194223 -0.010707
2120000 2.284542 2.223366 0.040654
2130000 2.159504 2.281986 0.100273
2140000 2.349109 2.318965 -0.087086
2150000 2.872593 2.151971 0.023437
2160000 2.638958 2.282464 0.046588
2170000 3.048501 2.310181 -0.026733
2180000 3.090716 2.284595 -0.087135
2190000 3.526457 2.278380 0.031251
2200000 4.094372 2.277849 0.040392
2210000 3.785478 2.138706 0.097623
2220000 3.723375 2.309147 -0.088929
2230000 2.908252 2.244403 0.027880
2240000 3.276958 2.315524 -0.159320
2250000 4.217669 2.379745 0.131453
2260000 4.802706 2.313111 -0.043561
2270000 4.904104 2.302587 0.004104
2280000 4.705716 2.382221 -0.095895
2290000 4.664579 2.374931 0.078659
2300000 4.295804 2.249744 -0.024779
2310000 4.822117 2.349900 -0.005659
2320000 4.921366 2.353561 0.115696
2330000 4.975956 2.353829 -0.036835
2340000 5.031162 2.190276 0.078343
2350000 4.904968 2.135958 0.035743
2360000 4.792976 2.242878 -0.085274
2370000 4.753335 2.265696 0.123888
2380000 4.956892 2.221466 -0.180749
2390000 4.795446 2.340372 -0.001965
2400000 3.626530 2.176011 -0.004685
2410000 4.246290 2.382823 0.046151
2420000 3.394658 2.219628 0.092898
2430000 3.724557 2.073385 -0.070352
2440000 4.637084 2.184168 0.001480
2450000 3.890389 2.154550 0.118536
2460000 3.721989 2.174279 0.003090
2470000 3.868985 2.317961 -0.041737
2480000 4.935598 2.286271 -0.007787
2490000 4.861406 2.226417 -0.230964
2500000 4.670797 2.215119 -0.045683
2510000 4.862456 2.306042 -0.033577
2520000 4.748053 2.206368 0.003898
2530000 5.022362 2.325597 -0.096697
2540000 4.810592 2.377386 0.024593
2550000 4.343784 2.288727 -0.006094
2560000 4.380429 2.379692 -0.042212
2570000 4.135556 2.148268 -0.114036
2580000 4.392000 2.329132 -0.032343
2590000 3.774602 2.262941 -0.085572
2600000 3.406500 2.174621 0.006091
2610000 3.246400 2.327042 0.007396
2620000 2.642313 2.109750 0.000363
2630000 2.624287 2.427241 0.108276
2640000 2.371025 2.195044 -0.033169
2650000 2.381238 2.363222 0.058528
2660000 2.145884 2.255096 -0.054854
2670000 2.251827 2.176967 0.043257
2680000 2.068972 2.203342 0.035996
2690000 2.136559 2.180175 0.048657
2700000 2.235968 2.255438 -0.015792
2710000 2.796594 2.219825 0.080281
2720000 3.439553 2.290492 -0.088764
2730000 3.836949 2.305560 -0.070379
2740000 3.618939 2.288687 0.003290
2750000 4.470597 2.239711 0.068393
2760000 4.385586 2.246207 0.011324
2770000 5.067473 2.280775 0.046322
2780000 3.747019 2.291083 -0.182692
2790000 3.844291 2.130268 0.057061
2800000 3.000645 2.268167 -0.179355
2810000 3.451982 2.290313 0.004152
2820000 2.840801 2.284927 0.074023
2830000 2.904222 2.274145 -0.092986
2840000 3.059760 2.397446 0.018236
2850000 2.647520 2.311611 -0.096992
2860000 2.367970 2.284371 0.036479
2870000 2.263966 2.144160 -0.028719
2880000 1.952853 2.218223 0.019208
2890000 1.745735 2.382842 0.130261
2900000 1.189279 2.344162 0.040894
2910000 1.079051 2.120630 0.090590
2920000 1.149141 2.288876 0.055975
2930000 1.155734 2.295879 0.108574
2940000 1.089997 2.096378 -0.039579
2950000 1.217152 2.309723 -0.043750
2960000 1.449072 2.150113 0.056496
2970000 1.591506 2.280063 0.010711
2980000 1.500941 2.188056 -0.057228
2990000 1.490961 2.278688 0.008259
3000000 1.278785 2.254504 0.059716
3010000 1.446414 2.284417 -0.007522
3020000 1.215542 2.242594 -0.072171
3030000 1.283236 2.393923 -0.065466
3040000 1.423068 2.156017 0.151097
3050000 1.083185 2.261111 -0.027255
3060000 1.580380 2.248618 -0.061293
3070000 1.847187 2.202051 0.007806
3080000 2.008483 2.278235 -0.021172
3090000 1.877620 2.234911 0.126944
3100000 2.190176 2.315892 -0.005737
3110000 1.859400 2.353321 -0.056695
3120000 1.667479 2.294143 0.189343
3130000 2.040026 2.246161 -0.025350
3140000 2.544440 2.384519 -0.043594
3150000 3.236850 2.371861 0.047119
3160000 3.242601 2.327047 -0.099612
3170000 3.957297 2.391002 -0.047340
3180000 4.306531 2.207817 -0.085878
3190000 4.433223 2.220138 -0.071994
3200000 4.984618 2.181115 0.028683
3210000 4.965002 2.242967 -0.088111
3220000 5.017300 2.262256 0.058903
3230000 4.852553 2.262705 -0.022047
3240000 4.354547 2.275369 -0.028736
3250000 4.832611 2.332104 0.099513
3260000 4.560260 2.382234 -0.070054
3270000 4.134365 2.277882 -0.042306
3280000 3.369923 2.279224 0.043181
3290000 3.553975 2.287545 0.032453
3300000 2.841761 2.305552 -0.193422
3310000 2.365288 2.138861 -0.031654
3320000 2.718368 2.247240 0.026508
3330000 2.830705 2.220521 -0.005328
3340000 2.764858 2.234574 -0.049207
3350000 3.214052 2.307299 -0.050498
3360000 3.200868 2.258493 0.060933
3370000 2.598429 2.100753 0.089106
3380000 2.332510 2.287011 -0.045559
3390000 2.459103 2.202163 0.031273
3400000 3.578019 2.243672 0.065744
3410000 4.387066 2.245140 0.015166
3420000 4.460978 2.236121 -0.003093
3430000 4.809942 2.244610 0.155967
3440000 4.418381 2.315911 -0.000749
3450000 4.721353 2.265476 -0.058542
3460000 4.815519 2.108000 -0.204855
3470000 4.362413 2.231336 -0.064432
3480000 4.994475 2.334348 -0.047300
3490000 4.955399 2.245840 -0.012138
3500000 3.635369 2.299112 -0.083163
3510000 3.425078 2.187274 0.005753
3520000 3.212528 2.273485 0.041734
3530000 3.405489 2.388902 0.043379
3540000 4.063870 2.234427 -0.051875
3550000 3.178302 2.182941 0.044245
3560000 3.919833 2.216526 0.025969
3570000 2.664662 2.208154 -0.082346
3580000 2.935179 2.146153 0.089347
3590000 2.319216 2.350158 0.063609
3600000 2.184874 2.275332 -0.058511
3610000 2.234358 2.246408 0.042868
3620000 2.530566 2.262085 0.107455
3630000 2.037581 2.375387 0.059957
3640000 3.148933 2.323214 0.073954
3650000 4.208946 2.238944 -0.074865
3660000 3.203910 2.291257 -0.044308
3670000 3.446153 2.197462 0.120004
3680000 4.311957 2.247179 0.036628
3690000 4.627079 2.292584 0.038254
3700000 4.352525 2.362483 -0.133654
3710000 4.291148 2.219378 -0.102001
3720000 5.044642 2.305473 -0.145362
3730000 4.384733 2.295536 -0.195295
3740000 4.702388 2.193783 -0.101277
3750000 3.382089 2.218676 0.033988
3760000 3.582168 2.339134 0.003098
3770000 3.558199 2.270225 0.102681
3780000 4.401660 2.318861 0.079398
3790000 4.444484 2.230824 -0.015637
3800000 3.512148 2.315171 -0.030849
3810000 3.098580 2.389929 0.009151
3820000 2.489036 2.271070 0.068612
3830000 2.395151 2.264317 0.099591
3840000 1.992537 2.293573 0.012635
3850000 1.916711 2.317379 -0.236076
3860000 2.260818 2.345672 -0.049241
3870000 2.694168 2.277391 -0.004815
3880000 2.896913 2.312898 0.054171
3890000 2.891690 2.229353 0.059116
3900000 3.364693 2.140824 0.028717
3910000 3.251446 2.299443 -0.010859
3920000 3.643976 2.149365 -0.049317
3930000 4.189764 2.318528 -0.071115
3940000 3.947645 2.161089 0.056010
3950000 4.543507 2.343453 0.015642
3960000 4.929385 2.211320 0.119453
3970000 4.336118 2.295412 -0.051072
3980000 3.594112 2.294057 0.083574
3990000 3.453868 2.241413 0.063803
4000000 4.513397 2.319159 -0.017001
