100000 2.558757 -3.047306 -0.265608
110000 3.966161 3.120407 -0.341310
120000 4.477264 -3.106311 -0.363052
130000 3.856269 -3.101733 -0.371444
140000 4.221341 3.029051 -0.319174
150000 3.762357 -2.961731 -0.398432
160000 1.699880 -3.032372 -0.345709
170000 1.181385 3.139553 -0.387382
180000 1.775567 3.102460 -0.503165
190000 2.100044 -3.014225 -0.334488
200000 1.476673 -3.059740 -0.249676
210000 2.430282 3.133680 -0.354996
220000 2.949562 3.093450 -0.313708
230000 2.148852 3.056637 -0.352362
240000 1.473692 3.109447 -0.312659
250000 0.870576 3.096368 -0.394649
260000 0.827431 3.101374 -0.067308
270000 1.154986 -3.019904 -0.254646
280000 1.407038 -3.080071 -0.338530
290000 1.173822 3.131255 -0.415973
300000 0.936727 -3.128151 -0.286778
310000 0.808558 3.070321 -0.245704
320000 0.936521 3.050439 -0.195125
330000 1.742516 -3.076177 -0.308829
340000 1.611198 3.064158 -0.298994
350000 1.426580 3.114049 -0.187127
360000 1.072975 3.060017 -0.353994
370000 1.587689 3.102739 -0.401818
380000 2.179528 -3.108725 -0.404642
390000 2.305494 -3.108367 -0.425703
400000 3.356637 3.003961 -0.287565
410000 4.567287 3.094899 -0.247387
420000 3.068667 3.133952 -0.399335
430000 4.417589 3.108346 -0.314541
440000 4.702678 2.976432 -0.394210
450000 3.678288 3.127155 -0.411726
460000 2.692322 3.052658 -0.277937
470000 3.270924 -3.098187 -0.414934
480000 3.643206 -3.094609 -0.386903
490000 2.430279 3.086223 -0.217794
500000 2.209703 3.069754 -0.272560
510000 2.798411 -3.096713 -0.458527
520000 2.984807 3.086981 -0.337369
530000 4.000786 -3.053769 -0.304969
540000 4.473480 3.053542 -0.386747
550000 4.889390 -3.004790 -0.389071
560000 3.971994 -3.075100 -0.425886
570000 4.242911 -3.121867 -0.271611
580000 3.792797 3.133197 -0.394557
590000 3.712640 -3.110513 -0.470743
600000 3.938548 2.982231 -0.343734
610000 2.904408 3.120735 -0.447568
620000 1.966946 3.105711 -0.522709
630000 2.576941 -3.069298 -0.390608
640000 1.998835 3.109086 -0.393295
650000 1.765034 -3.103633 -0.425876
660000 1.854189 3.109113 -0.337693
670000 1.997970 3.078069 -0.111144
680000 1.144278 3.104660 -0.338719
690000 1.129503 -3.084486 -0.265010
700000 0.902503 -3.133918 -0.391007
710000 0.663393 -3.125130 -0.401285
720000 0.709149 -3.122311 -0.276972
730000 0.630272 -3.113783 -0.380653
740000 0.910862 3.089531 -0.346726
750000 0.894229 3.118032 -0.237444
760000 0.602901 -3.090272 -0.422759
770000 0.810569 3.035106 -0.459046
780000 0.950954 -3.088218 -0.334012
790000 1.171494 3.121787 -0.450639
800000 1.661362 -3.074035 -0.354848
810000 3.097995 3.011901 -0.450564
820000 2.820333 -3.133451 -0.227152
830000 3.274050 -3.103152 -0.226736
840000 4.448167 3.040745 -0.233638
850000 4.714545 -3.098901 -0.374854
860000 3.771548 3.052120 -0.415594
870000 3.779494 3.106881 -0.176801
880000 2.520713 3.112193 -0.315151
890000 2.199138 -3.061774 -0.274314
900000 1.769340 -3.056289 -0.402220
910000 2.506116 3.009100 -0.434775
920000 2.610038 -3.093040 -0.261559
930000 3.021083 2.926788 -0.301028
940000 3.565805 3.054450 -0.498604
950000 4.702324 -3.025180 -0.388003
960000 4.898891 -3.132294 -0.333102
970000 4.856437 -3.075477 -0.426635
980000 4.521456 -3.109648 -0.327313
990000 4.187187 -3.094171 -0.334636
1000000 4.870473 -3.120825 -0.299500
1010000 4.472505 -3.066974 -0.349952
1020000 3.995907 -3.117076 -0.367937
1030000 3.156972 -3.085946 -0.335480
1040000 2.784377 -3.082097 -0.452034
1050000 3.403603 -3.130900 -0.534127
1060000 4.013470 3.104035 -0.354278
1070000 3.602468 3.084110 -0.453403
1080000 4.148429 3.100893 -0.375269
1090000 3.028097 -3.079088 -0.372830
1100000 2.101092 3.106861 -0.348570
1110000 1.766268 3.042546 -0.378478
1120000 1.889922 -3.136034 -0.289526
1130000 2.817526 -3.052994 -0.251069
1140000 2.824652 3.096825 -0.352024
1150000 4.033015 3.101500 -0.252704
1160000 3.564000 3.082504 -0.436825
1170000 3.508401 -3.116133 -0.320868
1180000 2.521036 -3.110661 -0.310030
1190000 2.100534 3.065055 -0.326621
1200000 3.335046 3.130989 -0.277055
1210000 4.127755 3.081929 -0.350110
1220000 4.549234 -3.086162 -0.420443
1230000 4.464013 3.066703 -0.401452
1240000 3.853666 -3.066369 -0.317155
1250000 4.887158 -3.096181 -0.486388
1260000 3.499702 -3.058064 -0.202314
1270000 3.689395 3.107852 -0.325935
1280000 4.383927 -2.978359 -0.454241
1290000 4.835904 -3.070526 -0.312519
1300000 4.158239 3.084197 -0.349854
1310000 4.119552 3.095229 -0.331639
1320000 2.911438 -3.104085 -0.345735
1330000 1.979165 -3.137233 -0.411416
1340000 2.935016 3.108299 -0.258364
1350000 2.386984 -3.024541 -0.371927
1360000 2.272897 -3.051591 -0.342851
1370000 1.375229 -3.106291 -0.416116
1380000 1.403488 3.044824 -0.351573
1390000 1.366849 2.976217 -0.403327
1400000 1.510115 -3.067918 -0.398870
1410000 2.096668 -3.116750 -0.494222
1420000 2.443304 3.126436 -0.349055
1430000 2.802632 -3.022020 -0.373237
1440000 3.840042 -3.075463 -0.487031
1450000 4.566562 3.068181 -0.323999
1460000 4.468025 3.039987 -0.396084
1470000 3.255287 3.091394 -0.554628
1480000 3.974002 3.037142 -0.301174
1490000 3.398700 -3.095273 -0.326767
1500000 2.780412 2.999724 -0.260920
1510000 2.951801 -3.130882 -0.411996
1520000 2.566210 3.141180 -0.308239
1530000 2.630814 3.109699 -0.261912
1540000 3.476637 -3.123229 -0.256066
1550000 3.115783 3.036134 -0.448683
1560000 3.187848 3.115277 -0.356239
1570000 2.573112 3.087747 -0.388674
1580000 2.083047 -3.053329 -0.562405
1590000 1.624267 3.071424 -0.366958
1600000 1.773283 3.138838 -0.301874
1610000 1.251206 3.046536 -0.320772
1620000 1.203545 3.122221 -0.354968
1630000 1.178341 -3.023037 -0.355433
1640000 0.855151 -3.098616 -0.294956
1650000 0.729017 3.117498 -0.342513
1660000 0.680634 3.137396 -0.375113
1670000 0.582571 3.105522 -0.384828
1680000 1.247008 -3.030918 -0.169283
1690000 1.335957 -3.135867 -0.320825
1700000 1.044134 3.028465 -0.370997
1710000 1.320208 3.088965 -0.252489
1720000 1.386675 3.099027 -0.226789
1730000 1.416514 -3.130563 -0.343681
1740000 1.555307 -3.104350 -0.246228
1750000 1.747439 -3.069297 -0.391310
1760000 2.269062 3.071723 -0.468659
1770000 2.201072 -3.035961 -0.161390
1780000 1.653793 3.125123 -0.399791
1790000 1.827281 -3.118038 -0.379787
1800000 1.624597 -3.116830 -0.526144
1810000 2.515574 3.040844 -0.182942
1820000 3.200695 3.117703 -0.451274
1830000 3.560101 3.087523 -0.404521
1840000 4.610921 3.076596 -0.325866
1850000 4.638235 -3.061802 -0.334639
1860000 4.011216 -3.130695 -0.288122
1870000 4.280551 3.138456 -0.384298
1880000 4.494078 -3.125819 -0.435574
1890000 5.020307 3.083774 -0.264719
1900000 4.718766 3.127037 -0.378611
1910000 3.817688 -3.099644 -0.339292
1920000 4.117729 3.060114 -0.284601
1930000 4.241996 -3.111027 -0.169190
1940000 2.552935 3.015368 -0.331213
1950000 2.676599 3.094179 -0.383450
1960000 2.319171 3.117042 -0.452356
1970000 2.274062 -3.116140 -0.259706
1980000 2.372024 3.097907 -0.234742
1990000 2.972405 3.105417 -0.329714
2000000 3.609802 3.068460 -0.361499
2010000 3.846675 -3.046017 -0.356337
2020000 3.833205 -3.067563 -0.333642
2030000 4.388322 3.069221 -0.320754
2040000 4.012008 3.138920 -0.320278
2050000 2.838965 -3.122345 -0.435566
2060000 2.880314 -3.128954 -0.355933
2070000 3.989003 3.058660 -0.229958
2080000 4.613309 3.111719 -0.138067
2090000 3.284589 -3.130945 -0.332984
2100000 2.730156 3.036603 -0.349854
2110000 3.107721 -3.054855 -0.503610
2120000 2.375698 -3.077203 -0.338544
2130000 2.225002 -3.129196 -0.412854
2140000 2.094893 -3.034047 -0.277169
2150000 3.108820 3.092457 -0.371855
2160000 4.076334 3.120093 -0.371455
2170000 4.494786 3.061985 -0.366937
2180000 3.897918 3.084172 -0.425654
2190000 3.816763 3.050413 -0.292965
2200000 4.078940 3.119557 -0.367895
2210000 3.394179 -3.104585 -0.467933
2220000 3.534129 2.952719 -0.385187
2230000 3.234376 3.087887 -0.302990
2240000 2.830773 3.108672 -0.406251
2250000 2.366322 3.100950 -0.356770
2260000 2.339472 -3.067203 -0.427480
2270000 1.584201 3.046190 -0.347199
2280000 1.625542 3.114169 -0.374336
2290000 1.723924 -3.108591 -0.333695
2300000 1.205661 3.094029 -0.268994
2310000 1.022362 -3.097517 -0.389156
2320000 1.101156 3.126738 -0.453015
2330000 0.794587 3.084520 -0.389961
2340000 0.830905 -3.055549 -0.417081
2350000 0.996670 3.098718 -0.358823
2360000 1.108647 -3.100381 -0.305236
2370000 1.259630 3.126971 -0.360882
2380000 1.473862 3.122515 -0.193751
2390000 1.100375 3.137442 -0.339886
2400000 1.281563 3.043394 -0.345967
2410000 1.101281 -3.082811 -0.362609
2420000 1.166084 3.129701 -0.289063
2430000 1.435104 3.112477 -0.302619
2440000 1.395786 3.050546 -0.351322
2450000 1.064407 3.110986 -0.505583
2460000 0.909201 -3.131457 -0.427841
2470000 0.961026 3.106469 -0.377310
2480000 0.923913 3.126159 -0.269836
2490000 0.967195 -3.140268 -0.414132
2500000 0.694191 3.032422 -0.372447
2510000 0.518321 -3.067897 -0.373929
2520000 0.500085 -3.079113 -0.330744
2530000 0.614374 3.050818 -0.438799
2540000 0.725757 3.088783 -0.438112
2550000 0.670359 -3.105666 -0.315198
2560000 0.831868 -3.108148 -0.450368
2570000 1.251088 3.027391 -0.287818
2580000 1.687112 -3.125503 -0.428388
2590000 1.589865 3.033466 -0.260426
2600000 1.624850 3.048444 -0.312982
2610000 1.458075 -3.121661 -0.422050
2620000 1.316094 3.079136 -0.409665
2630000 1.430276 -3.087131 -0.340514
2640000 1.179635 -3.108634 -0.266088
2650000 1.024009 3.126947 -0.426464
2660000 1.051734 3.076712 -0.392165
2670000 0.848217 3.037909 -0.358636
2680000 0.873098 3.122038 -0.314162
2690000 0.815887 -3.094357 -0.380908
2700000 1.034353 3.104071 -0.337356
2710000 0.995862 3.011937 -0.274138
2720000 0.760023 -3.133644 -0.176837
2730000 0.500310 3.069053 -0.375485
2740000 0.618345 3.061256 -0.434867
2750000 0.580843 3.042656 -0.506338
2760000 0.916141 -3.067174 -0.387874
2770000 0.789741 -3.067025 -0.392374
2780000 0.770118 3.072509 -0.377180
2790000 0.926201 3.086334 -0.320207
2800000 1.335499 -3.057507 -0.403522
2810000 1.598001 3.100221 -0.321315
2820000 1.921505 -3.028939 -0.344415
2830000 2.272761 -3.063008 -0.191238
2840000 2.223892 -3.094879 -0.331736
2850000 2.690182 3.045944 -0.278255
2860000 2.640431 3.087205 -0.342593
2870000 4.023283 3.134579 -0.342397
2880000 5.012526 3.100180 -0.391551
2890000 4.424956 3.077878 -0.363476
2900000 4.150883 -3.108609 -0.206922
2910000 4.938933 -3.002498 -0.345799
2920000 4.579479 -3.130152 -0.395252
2930000 4.453434 3.129313 -0.369547
2940000 3.979123 -3.055867 -0.278977
2950000 4.457928 -3.033611 -0.451508
2960000 4.736882 -3.101590 -0.422850
2970000 4.386560 3.050615 -0.335197
2980000 4.633492 3.128321 -0.332505
2990000 3.420820 -3.060104 -0.271216
3000000 3.182818 -3.120770 -0.350822
3010000 4.027544 3.041313 -0.343479
3020000 3.527613 3.132715 -0.429365
3030000 3.999111 3.062195 -0.341289
3040000 3.432132 -3.060687 -0.338957
3050000 3.554845 -3.028768 -0.260591
3060000 2.834136 3.133968 -0.333030
3070000 2.955637 -3.120058 -0.278750
3080000 2.396941 3.087209 -0.360554
3090000 2.603316 -3.094039 -0.374242
3100000 2.116096 -3.116280 -0.268104
3110000 1.936276 3.053643 -0.352099
3120000 2.025994 -3.059625 -0.490534
3130000 2.126179 3.132576 -0.431643
3140000 2.706326 3.054919 -0.394919
3150000 3.492077 -2.991053 -0.258054
3160000 2.266570 -3.051920 -0.531818
3170000 3.882570 3.104008 -0.316315
3180000 4.973460 3.130248 -0.414095
3190000 4.622601 3.139421 -0.204814
3200000 4.123620 -3.126081 -0.436535
3210000 2.941839 3.065376 -0.302945
3220000 3.853065 3.100510 -0.289532
3230000 4.318739 -3.064664 -0.305763
3240000 4.338638 3.049881 -0.421157
3250000 3.889729 3.047360 -0.386662
3260000 3.394693 -3.080334 -0.360459
3270000 3.738571 3.017509 -0.424333
3280000 2.982398 -3.051676 -0.375999
3290000 2.276381 -3.106194 -0.467611
3300000 2.223151 -3.114475 -0.450292
3310000 2.150935 -3.110555 -0.407003
3320000 2.020696 3.057294 -0.345108
3330000 2.261968 -3.103732 -0.426947
3340000 2.640842 -2.990260 -0.306071
3350000 2.868237 3.111940 -0.384937
3360000 3.006517 3.100032 -0.376185
3370000 3.033181 -3.141124 -0.373147
3380000 3.509906 -2.985726 -0.367592
3390000 4.467052 -3.015679 -0.371145
3400000 3.664602 3.050194 -0.516133
3410000 4.295491 3.031635 -0.354998
3420000 4.271373 3.075726 -0.319155
3430000 4.619513 -3.086142 -0.382843
3440000 3.968992 -3.139842 -0.371539
3450000 4.840424 2.981311 -0.407131
3460000 4.551706 3.032217 -0.319972
3470000 4.944599 -3.112093 -0.436007
3480000 3.777029 3.132740 -0.470468
3490000 3.150280 3.031181 -0.236992
3500000 3.618918 -3.094835 -0.407118
3510000 4.168821 2.959258 -0.400928
3520000 4.545398 3.046122 -0.370716
3530000 4.807715 -3.121866 -0.417204
3540000 4.921175 -2.990513 -0.180654
3550000 4.521185 3.124620 -0.395463
3560000 4.895999 3.068382 -0.476272
3570000 4.752306 -3.058184 -0.530358
3580000 4.832114 3.140462 -0.323106
3590000 4.930280 -2.973341 -0.445759
3600000 3.905435 3.092548 -0.216425
3610000 3.527976 3.093726 -0.346040
3620000 3.679716 3.109943 -0.313782
3630000 3.532202 -3.058143 -0.277443
3640000 2.956321 -3.085983 -0.312272
3650000 2.813219 3.123018 -0.382727
3660000 2.587044 -3.092907 -0.504190
3670000 2.308723 -3.036096 -0.232845
3680000 2.958331 -3.098534 -0.378319
3690000 3.117392 3.132931 -0.287431
3700000 3.075098 -3.126769 -0.420993
3710000 2.467112 -3.067936 -0.474252
3720000 1.963230 3.068781 -0.302712
3730000 2.466989 3.069980 -0.348724
3740000 1.655633 3.137852 -0.373191
3750000 1.717164 3.054752 -0.335939
3760000 1.532015 3.077959 -0.431742
3770000 1.582483 -3.052823 -0.298448
3780000 1.733606 -3.107887 -0.340482
3790000 1.992047 3.107236 -0.260859
3800000 2.055742 3.070457 -0.388923
3810000 2.961875 3.135451 -0.393620
3820000 3.312488 -3.128649 -0.311835
3830000 3.484415 3.039704 -0.393109
3840000 3.314051 -3.087346 -0.429549
3850000 3.181005 3.087426 -0.401419
3860000 2.653246 -3.106519 -0.403496
3870000 2.480559 -3.124965 -0.385960
3880000 2.892551 -3.107910 -0.335005
3890000 2.617549 3.088605 -0.290950
3900000 3.023714 -3.084668 -0.351728
3910000 2.887897 3.121524 -0.352551
3920000 1.961579 3.010350 -0.321435
3930000 2.242669 3.124984 -0.325390
3940000 1.472289 -3.117279 -0.382373
3950000 1.305416 3.026369 -0.456961
3960000 1.295131 3.081842 -0.313829
3970000 1.386436 -3.063571 -0.348528
3980000 1.079257 -3.022246 -0.493238
3990000 1.094190 3.139211 -0.229202
4000000 0.785433 3.067485 -0.426702
