100000 1.927221 2.286784 -0.414440
110000 1.663729 2.291304 -0.362228
120000 1.012259 2.290119 -0.361881
130000 1.035326 2.214591 -0.439733
140000 1.281381 2.163779 -0.347014
150000 1.818234 2.166509 -0.337319
160000 1.392553 2.384850 -0.474627
170000 2.225396 2.374352 -0.422171
180000 3.419190 2.315835 -0.329750
190000 3.254298 2.264486 -0.304384
200000 4.752189 2.343824 -0.260022
210000 5.030661 2.190539 -0.385801
220000 3.964256 2.190163 -0.279896
230000 4.147772 2.156050 -0.344904
240000 3.357919 2.162221 -0.193082
250000 2.648916 2.295286 -0.423865
260000 1.963986 2.372117 -0.331327
270000 2.019867 2.324346 -0.380957
280000 2.801619 2.334520 -0.366802
290000 2.785792 2.255035 -0.330332
300000 5.037848 2.221351 -0.269475
310000 4.750153 2.115632 -0.427067
320000 4.862580 2.162006 -0.274398
330000 3.833781 2.234524 -0.318235
340000 3.493019 2.350243 -0.302550
350000 2.555378 2.264327 -0.495600
360000 2.155239 2.235577 -0.264396
370000 1.924719 2.287004 -0.407371
380000 2.653773 2.189841 -0.372445
390000 3.172836 2.232808 -0.433775
400000 4.352067 2.305799 -0.354502
410000 3.150095 2.237173 -0.478198
420000 4.936770 2.226169 -0.366338
430000 2.735011 2.275483 -0.385006
440000 1.922006 2.331061 -0.212424
450000 1.639304 2.290311 -0.348530
460000 1.807225 2.252171 -0.337399
470000 1.835178 2.294143 -0.334630
480000 2.771778 2.304966 -0.340404
490000 3.095129 2.242984 -0.256468
500000 2.874907 2.184204 -0.243421
510000 3.916193 2.285464 -0.358989
520000 3.593078 2.298747 -0.468513
530000 4.316906 2.234210 -0.399885
540000 4.442271 2.163862 -0.390425
550000 3.997892 2.236375 -0.394848
560000 3.744431 2.249097 -0.210088
570000 2.711058 2.229172 -0.420175
580000 3.115212 2.330804 -0.325034
590000 3.258964 2.398934 -0.381619
600000 4.174524 2.305640 -0.341502
610000 4.920022 2.255452 -0.384201
620000 4.852170 2.241199 -0.303593
630000 4.890257 2.357362 -0.347471
640000 4.058950 2.356685 -0.430308
650000 3.594526 2.207073 -0.410035
660000 3.015299 2.310609 -0.413159
670000 4.015498 2.364380 -0.385150
680000 3.987138 2.188967 -0.429651
690000 3.842021 2.232621 -0.319143
700000 2.679903 2.364041 -0.372218
710000 2.204441 2.151188 -0.402837
720000 2.393285 2.210060 -0.341904
730000 2.916138 2.336853 -0.381157
740000 2.615342 2.172351 -0.440085
750000 3.878936 2.252785 -0.268405
760000 4.295415 2.218378 -0.432560
770000 4.555375 2.307720 -0.402936
780000 4.998876 2.199344 -0.263968
790000 4.789828 2.270005 -0.390711
800000 3.735305 2.373097 -0.345492
810000 5.050180 2.241592 -0.266446
820000 4.885071 2.388859 -0.312091
830000 4.644758 2.348526 -0.353324
840000 4.819251 2.266759 -0.406833
850000 4.609445 2.293235 -0.378303
860000 3.683959 2.315158 -0.344617
870000 3.163707 2.276436 -0.267864
880000 3.427963 2.245993 -0.340162
890000 2.886906 2.215362 -0.338860
900000 3.522676 2.218359 -0.408374
910000 2.335610 2.388209 -0.375494
920000 1.112982 2.343981 -0.407918
930000 1.326965 2.244764 -0.308406
940000 1.006330 2.230376 -0.386321
950000 1.293653 2.304631 -0.296809
960000 1.383470 2.217422 -0.397077
970000 1.224387 2.333220 -0.451169
980000 1.066099 2.238350 -0.368464
990000 0.951288 2.390002 -0.449881
1000000 1.697387 2.253040 -0.297718
1010000 1.689795 2.296580 -0.470669
1020000 1.555182 2.285933 -0.303850
1030000 0.870885 2.284434 -0.306272
1040000 1.094868 2.244156 -0.285860
1050000 0.889161 2.332585 -0.292937
1060000 0.747309 2.247986 -0.372317
1070000 0.516755 2.491279 -0.349570
1080000 0.883543 2.185805 -0.362771
1090000 1.222152 2.357406 -0.408952
1100000 1.422635 2.242120 -0.347630
1110000 1.535522 2.201671 -0.281867
1120000 1.764903 2.291883 -0.237679
1130000 1.458082 2.207719 -0.295125
1140000 1.147835 2.260058 -0.254659
1150000 1.176283 2.303172 -0.506682
1160000 0.954299 2.265985 -0.334677
1170000 0.717815 2.218555 -0.329210
1180000 1.330925 2.216444 -0.413698
1190000 0.940851 2.202457 -0.434393
1200000 1.156479 2.433644 -0.365322
1210000 0.952901 2.254454 -0.239073
1220000 0.905125 2.278541 -0.352766
1230000 1.186443 2.258612 -0.404387
1240000 1.532435 2.182086 -0.358290
1250000 1.738500 2.098874 -0.219042
1260000 1.966269 2.271787 -0.390349
1270000 2.201832 2.239695 -0.346105
1280000 1.973095 2.380166 -0.247639
1290000 1.925556 2.242568 -0.329387
1300000 2.839166 2.257511 -0.389538
1310000 3.222101 2.263805 -0.444278
1320000 2.174395 2.338900 -0.179641
1330000 1.886012 2.381448 -0.452739
1340000 2.695972 2.312573 -0.367781
1350000 2.757687 2.226678 -0.371959
1360000 2.942605 2.251695 -0.337646
1370000 4.173126 2.309251 -0.424589
1380000 3.539249 2.170431 -0.446661
1390000 4.183209 2.156375 -0.383583
1400000 3.744901 2.214737 -0.413748
1410000 4.752024 2.229843 -0.272962
1420000 4.637382 2.287358 -0.474485
1430000 4.152325 2.268988 -0.252657
1440000 3.985250 2.217278 -0.369283
1450000 3.926207 2.187716 -0.410788
1460000 4.623917 2.197074 -0.412033
1470000 3.863659 2.355610 -0.391492
1480000 4.706472 2.315882 -0.387362
1490000 4.876643 2.336550 -0.376092
1500000 5.020268 2.217231 -0.359334
1510000 4.940884 2.226556 -0.270781
1520000 4.172622 2.293708 -0.418904
1530000 3.422268 2.317638 -0.543417
1540000 4.457254 2.223083 -0.301159
1550000 3.709417 2.397961 -0.341859
1560000 2.928978 2.321539 -0.389575
1570000 3.387907 2.193127 -0.364968
1580000 2.677829 2.424613 -0.258299
1590000 2.415240 2.112832 -0.396510
1600000 2.227115 2.199791 -0.441939
1610000 2.415851 2.291127 -0.308515
1620000 1.915506 2.144420 -0.268920
1630000 2.607259 2.159283 -0.428288
1640000 2.898515 2.197265 -0.373562
1650000 3.105831 2.285545 -0.236919
1660000 2.203348 2.214696 -0.422434
1670000 2.539533 2.234852 -0.449337
1680000 2.188198 2.361480 -0.499287
1690000 1.878767 2.278399 -0.190832
1700000 1.536608 2.248320 -0.307304
1710000 1.372194 2.388106 -0.391690
1720000 1.317315 2.261257 -0.238200
1730000 1.420289 2.288239 -0.396984
1740000 1.101144 2.133344 -0.334895
1750000 1.515013 2.190355 -0.435512
1760000 1.790525 2.387276 -0.305304
1770000 1.860638 2.299623 -0.467725
1780000 1.881085 2.358312 -0.350759
1790000 1.555681 2.262696 -0.469953
1800000 2.000894 2.288067 -0.166397
1810000 2.557417 2.388468 -0.231196
1820000 3.469755 2.259936 -0.367488
1830000 3.372253 2.306593 -0.302373
1840000 3.273282 2.394304 -0.431475
1850000 2.851813 2.208527 -0.264120
1860000 3.567232 2.294242 -0.226359
1870000 4.367195 2.223667 -0.333645
1880000 4.713144 2.312740 -0.433672
1890000 3.860603 2.273388 -0.409535
1900000 3.304158 2.273444 -0.362886
1910000 3.479248 2.187200 -0.356633
1920000 4.290702 2.273981 -0.483534
1930000 5.054561 2.246747 -0.284970
1940000 4.655897 2.236475 -0.358408
1950000 4.894272 2.205173 -0.259358
1960000 4.015274 2.206712 -0.360722
1970000 4.547251 2.263833 -0.299488
1980000 4.542109 2.330228 -0.390722
1990000 4.681827 2.293095 -0.352408
2000000 4.708343 2.266267 -0.206416
2010000 3.783455 2.200211 -0.525317
2020000 4.422527 2.248370 -0.366745
2030000 4.933850 2.221920 -0.365675
2040000 4.307517 2.145855 -0.353948
2050000 3.530130 2.175665 -0.314634
2060000 2.925376 2.265286 -0.283415
2070000 2.229245 2.186065 -0.182836
2080000 2.338655 2.211640 -0.409756
2090000 2.842126 2.227625 -0.332899
2100000 2.115159 2.237108 -0.369402
2110000 2.868086 2.192771 -0.320246
2120000 2.825894 2.299169 -0.252003
2130000 3.261408 2.264921 -0.385075
2140000 3.700575 2.247650 -0.414024
2150000 4.049512 2.354973 -0.419295
2160000 5.030875 2.259134 -0.364505
2170000 4.536209 2.351853 -0.362367
2180000 3.622534 2.188504 -0.261805
2190000 4.341003 2.347807 -0.349188
2200000 3.739075 2.304642 -0.344053
2210000 3.011718 2.338873 -0.344194
2220000 2.590437 2.227904 -0.438590
2230000 3.007577 2.269548 -0.399218
2240000 2.729184 2.215126 -0.294654
2250000 2.603428 2.301323 -0.301735
2260000 2.241712 2.262690 -0.222501
2270000 2.121586 2.255415 -0.386415
2280000 1.842215 2.188841 -0.252755
2290000 1.664404 2.249857 -0.375118
2300000 1.568573 2.254058 -0.373041
2310000 2.312409 2.178481 -0.235164
2320000 2.223457 2.288901 -0.312108
2330000 2.804894 2.328373 -0.320699
2340000 3.518002 2.244891 -0.310653
2350000 3.428520 2.219737 -0.485223
2360000 3.369236 2.175658 -0.290717
2370000 4.277507 2.435399 -0.402226
2380000 4.225597 2.314481 -0.468851
2390000 3.410623 2.327062 -0.436013
2400000 3.854446 2.258649 -0.289210
2410000 4.528998 2.243146 -0.397919
2420000 4.615335 2.244005 -0.214375
2430000 4.163679 2.176232 -0.298688
2440000 3.389792 2.232871 -0.321469
2450000 4.391923 2.226133 -0.328255
2460000 4.420992 2.131665 -0.333472
2470000 3.714836 2.241704 -0.340284
2480000 3.770755 2.332047 -0.314796
2490000 2.889491 2.244134 -0.405765
2500000 3.090670 2.313972 -0.360730
2510000 3.029801 2.265393 -0.337087
2520000 2.574657 2.355278 -0.288795
2530000 2.461748 2.336686 -0.255322
2540000 1.989372 2.289700 -0.357103
2550000 2.428513 2.337356 -0.271795
2560000 2.335923 2.328676 -0.348328
2570000 1.842159 2.211066 -0.292357
2580000 2.210956 2.268085 -0.296235
2590000 1.647149 2.231580 -0.367072
2600000 1.862830 2.243568 -0.391346
2610000 1.424059 2.277087 -0.434048
2620000 1.097425 2.348845 -0.338171
2630000 0.968134 2.297718 -0.400356
2640000 1.034642 2.415662 -0.384721
2650000 1.286915 2.330307 -0.365257
2660000 0.688297 2.339484 -0.422491
2670000 0.660601 2.373507 -0.423615
2680000 0.878396 2.269964 -0.262989
2690000 1.098927 2.297634 -0.368984
2700000 1.238915 2.205954 -0.306486
2710000 1.332926 2.247266 -0.301735
2720000 0.966608 2.157251 -0.449551
2730000 0.869504 2.288771 -0.371198
2740000 0.753324 2.285309 -0.322491
2750000 0.881316 2.305532 -0.381760
2760000 0.776651 2.267750 -0.578783
2770000 0.882830 2.301921 -0.387728
2780000 0.671108 2.366464 -0.252714
2790000 0.660587 2.393873 -0.303546
2800000 0.519705 2.419829 -0.344563
2810000 0.486749 2.425983 -0.310900
2820000 1.100993 2.227965 -0.486276
2830000 0.898637 2.205189 -0.365474
2840000 0.918928 2.360464 -0.388046
2850000 0.829990 2.364384 -0.514601
2860000 1.047444 2.264501 -0.290056
2870000 1.148618 2.338848 -0.422183
2880000 1.276723 2.303190 -0.238203
2890000 1.421151 2.317415 -0.310775
2900000 1.547470 2.317049 -0.419734
2910000 1.456864 2.352512 -0.222485
2920000 1.282909 2.299657 -0.368385
2930000 1.355972 2.268053 -0.339505
2940000 1.229091 2.293877 -0.309279
2950000 1.496298 2.280419 -0.416842
2960000 1.715189 2.234101 -0.331073
2970000 1.768632 2.254747 -0.305375
2980000 1.871738 2.186682 -0.320936
2990000 1.563491 2.149549 -0.174625
3000000 2.306546 2.202233 -0.320765
3010000 2.274766 2.211098 -0.379350
3020000 2.402716 2.247640 -0.326791
3030000 2.990558 2.244982 -0.336887
3040000 3.466647 2.269374 -0.329116
3050000 3.431390 2.208465 -0.379383
3060000 2.714228 2.232741 -0.347767
3070000 3.472069 2.279520 -0.351564
3080000 3.727092 2.234287 -0.389057
3090000 3.771615 2.213468 -0.372769
3100000 3.522060 2.305834 -0.366125
3110000 4.347572 2.305851 -0.376711
3120000 4.405713 2.361379 -0.318500
3130000 4.941831 2.211080 -0.308159
3140000 4.658191 2.140284 -0.492294
3150000 4.598118 2.432683 -0.409390
3160000 4.948411 2.253107 -0.386474
3170000 3.989530 2.309521 -0.385138
3180000 4.506490 2.168652 -0.307237
3190000 4.272562 2.244980 -0.305146
3200000 3.628456 2.209827 -0.307014
3210000 3.830581 2.255717 -0.411914
3220000 4.323002 2.130402 -0.465853
3230000 4.786124 2.238032 -0.362964
3240000 3.779352 2.282399 -0.208731
3250000 3.386560 2.278222 -0.516586
3260000 2.907677 2.288531 -0.338586
3270000 2.623222 2.229061 -0.456781
3280000 3.536942 2.354929 -0.414212
3290000 2.760224 2.345949 -0.413011
3300000 3.866628 2.225462 -0.269283
3310000 3.765494 2.187814 -0.350313
3320000 4.523490 2.220893 -0.235155
3330000 4.587816 2.349210 -0.384218
3340000 4.524272 2.206388 -0.377866
3350000 4.930353 2.364604 -0.300407
3360000 4.153702 2.374870 -0.336730
3370000 3.525086 2.230299 -0.334936
3380000 2.953679 2.345122 -0.281524
3390000 2.430907 2.325379 -0.218517
3400000 3.854361 2.331719 -0.468206
3410000 4.574547 2.213982 -0.405560
3420000 3.273547 2.274718 -0.360882
3430000 2.390375 2.355394 -0.496186
3440000 2.708496 2.322464 -0.359165
3450000 3.163703 2.360085 -0.300740
3460000 3.895824 2.430334 -0.391079
3470000 5.058710 2.229636 -0.392776
3480000 4.885710 2.330976 -0.293608
3490000 4.811813 2.173770 -0.309960
3500000 3.644966 2.401135 -0.366853
3510000 3.303466 2.312638 -0.310029
3520000 3.721297 2.207890 -0.379115
3530000 3.606300 2.280708 -0.360109
3540000 3.324812 2.280775 -0.285250
3550000 3.330226 2.241652 -0.396173
3560000 4.008882 2.195475 -0.363458
3570000 4.542039 2.275493 -0.355697
3580000 4.904405 2.322521 -0.338289
3590000 4.851694 2.262258 -0.378781
3600000 4.868725 2.292593 -0.335980
3610000 4.872990 2.088439 -0.284879
3620000 4.910843 2.165335 -0.445859
3630000 4.399676 2.258073 -0.397259
3640000 4.874314 2.196935 -0.291046
3650000 4.357511 2.284810 -0.327370
3660000 3.315936 2.235814 -0.352736
3670000 2.335622 2.286310 -0.405215
3680000 1.907745 2.342148 -0.291952
3690000 2.217738 2.263917 -0.359521
3700000 2.286066 2.280122 -0.416494
3710000 1.982564 2.225427 -0.421817
3720000 2.783565 2.392122 -0.417104
3730000 1.686019 2.216311 -0.366094
3740000 1.854802 2.255405 -0.310934
3750000 2.110591 2.253951 -0.349591
3760000 2.601325 2.389469 -0.443927
3770000 3.102551 2.240413 -0.308963
3780000 3.775106 2.343621 -0.279954
3790000 4.027673 2.256534 -0.205330
3800000 3.824684 2.333963 -0.354913
3810000 3.389138 2.338421 -0.412401
3820000 3.955586 2.334545 -0.325521
3830000 4.431069 2.237216 -0.404061
3840000 4.631540 2.156603 -0.499488
3850000 4.581886 2.263888 -0.358651
3860000 4.541426 2.180593 -0.311059
3870000 3.771904 2.273711 -0.313770
3880000 2.946526 2.227815 -0.376289
3890000 1.977744 2.275623 -0.347827
3900000 1.952737 2.361182 -0.386053
3910000 2.054542 2.238385 -0.263267
3920000 1.920892 2.207480 -0.429055
3930000 1.497064 2.145619 -0.348186
3940000 1.650976 2.181359 -0.401011
3950000 1.506527 2.210999 -0.409869
3960000 1.475478 2.259139 -0.391315
3970000 1.239646 2.253706 -0.402047
3980000 1.342369 2.164661 -0.423489
3990000 1.446673 2.251833 -0.304274
4000000 1.199520 2.240876 -0.358360
