100000 3.467189 2.335389 -1.112876
110000 4.385518 2.186085 -1.046986
120000 3.740599 2.298997 -1.082650
130000 2.405242 2.372266 -1.000911
140000 1.849189 2.149906 -0.954947
150000 1.841143 2.342441 -1.085957
160000 2.538159 2.407223 -0.938104
170000 2.337149 2.268665 -0.927769
180000 3.107374 2.165719 -1.119755
190000 4.516639 2.336194 -1.022011
200000 4.243366 2.270491 -1.008342
210000 3.830599 2.307319 -1.043294
220000 3.170859 2.302070 -1.046033
230000 4.270318 2.268158 -1.009159
240000 4.223944 2.262923 -1.141498
250000 4.175043 2.193408 -0.968957
260000 3.332340 2.201164 -0.963308
270000 2.339328 2.325106 -0.993513
280000 1.492117 2.340964 -1.034245
290000 1.529317 2.281468 -1.179591
300000 1.561237 2.221702 -0.971939
310000 0.999431 2.311386 -0.986067
320000 1.283078 2.324624 -1.031848
330000 1.304094 2.384644 -1.070326
340000 0.812272 2.270373 -1.170455
350000 0.670532 2.365869 -1.069683
360000 1.073781 2.419820 -0.992729
370000 1.283955 2.190752 -0.978909
380000 1.701549 2.276761 -1.123867
390000 2.553395 2.176757 -1.097971
400000 3.490082 2.227713 -1.119004
410000 2.685826 2.233345 -1.122682
420000 2.151899 2.336234 -0.946536
430000 1.911708 2.326773 -1.170077
440000 4.472805 2.297646 -1.026992
450000 3.595153 2.354209 -0.976030
460000 4.628826 2.196273 -1.048499
470000 5.044322 2.206887 -1.012035
480000 3.909354 2.331553 -0.991605
490000 3.856816 2.246130 -1.061622
500000 2.613032 2.252466 -1.121497
510000 2.991733 2.226323 -1.034312
520000 2.612689 2.326572 -1.048566
530000 2.177317 2.220619 -1.029052
540000 3.331497 2.324087 -0.969246
550000 4.082036 2.218880 -0.944592
560000 4.461770 2.205106 -1.030856
570000 3.712942 2.229658 -1.006011
580000 4.499445 2.236337 -0.935806
590000 4.841577 2.264386 -0.988805
600000 3.459062 2.342794 -0.883120
610000 2.934976 2.289160 -1.018099
620000 3.377420 2.112860 -1.030204
630000 2.614364 2.182082 -0.980538
640000 1.707051 2.292604 -1.073819
650000 1.606730 2.252408 -1.099458
660000 1.886593 2.157198 -1.104937
670000 1.548717 2.192846 -0.987910
680000 1.828265 2.317038 -0.953048
690000 1.242232 2.275016 -1.097863
700000 1.296092 2.170871 -0.939348
710000 1.042188 2.170044 -1.081036
720000 0.769546 2.310112 -0.965550
730000 0.777479 2.324658 -1.032553
740000 0.811572 2.268108 -0.955493
750000 0.545518 2.368800 -1.003816
760000 0.583262 2.357198 -1.147962
770000 0.504322 2.250920 -1.068557
780000 0.500350 2.425398 -1.097263
790000 0.707275 2.184422 -1.047364
800000 0.646599 2.345612 -0.981752
810000 0.815468 2.372121 -1.020481
820000 1.089300 2.230492 -1.035646
830000 1.694339 2.303503 -1.160463
840000 1.702236 2.273016 -1.072766
850000 2.469116 2.143248 -0.961011
860000 2.926021 2.208377 -1.036098
870000 2.773975 2.315975 -1.100061
880000 3.980858 2.250051 -1.122518
890000 3.734460 2.315683 -1.010705
900000 4.516841 2.295683 -1.011951
910000 3.629107 2.264815 -0.994633
920000 3.562142 2.365660 -1.012707
930000 4.327723 2.244611 -1.071046
940000 4.781105 2.320337 -1.181912
950000 4.900497 2.310147 -1.019472
960000 3.530244 2.343121 -1.115707
970000 2.566610 2.249842 -1.130669
980000 2.370352 2.094908 -1.042037
990000 2.730962 2.361143 -1.018087
1000000 1.850781 2.255011 -1.039750
1010000 1.847644 2.341259 -1.092688
1020000 1.490346 2.361440 -0.987988
1030000 1.132425 2.285738 -1.084825
1040000 1.272847 2.328937 -0.934391
1050000 1.039241 2.201678 -1.151881
1060000 1.291602 2.133263 -1.081697
1070000 1.044854 2.348919 -1.110588
1080000 1.192662 2.318296 -0.900436
1090000 1.418802 2.281765 -1.061281
1100000 1.506230 2.371530 -1.032678
1110000 1.689824 2.430270 -1.031993
1120000 1.619775 2.275809 -0.987186
1130000 2.054248 2.178082 -0.960634
1140000 2.781956 2.315338 -0.991443
1150000 3.275248 2.360992 -1.002172
1160000 3.112756 2.284306 -1.093338
1170000 4.051786 2.327278 -1.011280
1180000 4.054789 2.278883 -1.072268
1190000 4.663410 2.167982 -1.045938
1200000 4.959698 2.291075 -1.069292
1210000 4.897860 2.198667 -1.115271
1220000 4.317803 2.385625 -1.136725
1230000 4.881422 2.245204 -1.162454
1240000 3.351021 2.193219 -1.069451
1250000 2.154738 2.264474 -1.038527
1260000 2.834639 2.309134 -1.063774
1270000 3.110164 2.311276 -0.918632
1280000 3.984799 2.318900 -1.038400
1290000 4.971681 2.220363 -0.997007
1300000 4.736321 2.263101 -0.911286
1310000 4.026025 2.259895 -0.999569
1320000 4.120644 2.308664 -1.053845
1330000 4.533499 2.332675 -1.036181
1340000 3.870050 2.089307 -0.994710
1350000 3.724256 2.233493 -1.130027
1360000 3.078158 2.234766 -0.931098
1370000 2.212910 2.330281 -1.028024
1380000 2.178564 2.254502 -1.109384
1390000 2.496508 2.279861 -1.084612
1400000 3.245611 2.256247 -0.950725
1410000 3.552754 2.235396 -1.181372
1420000 4.125853 2.271733 -1.023811
1430000 4.863416 2.386244 -1.031618
1440000 3.226794 2.282623 -0.929899
1450000 4.465683 2.301205 -1.032441
1460000 4.177686 2.265507 -1.125251
1470000 4.535395 2.301751 -1.169890
1480000 4.371308 2.364664 -1.148526
1490000 2.764142 2.268339 -0.980774
1500000 2.859073 2.259117 -1.067102
1510000 3.574423 2.328233 -1.075182
1520000 2.015535 2.256388 -1.080146
1530000 1.792759 2.319884 -1.165724
1540000 1.847209 2.171443 -1.123839
1550000 2.474309 2.325540 -1.078689
1560000 3.027656 2.337049 -1.041972
1570000 2.011327 2.174504 -1.154371
1580000 2.937377 2.294793 -1.118837
1590000 3.259274 2.310805 -1.083956
1600000 3.849646 2.158929 -1.064007
1610000 3.080691 2.356990 -1.242374
1620000 3.124644 2.314978 -1.093738
1630000 2.228245 2.375844 -1.072685
1640000 3.122417 2.224135 -0.959149
1650000 2.004261 2.137893 -1.073724
1660000 1.847761 2.385252 -1.097386
1670000 1.602603 2.231246 -0.978992
1680000 2.048804 2.331841 -0.951436
1690000 1.545529 2.248646 -1.085890
1700000 1.349360 2.258927 -1.080368
1710000 1.519616 2.198183 -1.038397
1720000 2.280666 2.194665 -0.913147
1730000 2.279626 2.278966 -1.195630
1740000 2.203599 2.321479 -1.113432
1750000 3.051470 2.196264 -1.095810
1760000 4.000848 2.147678 -1.103834
1770000 4.700541 2.330262 -1.024027
1780000 4.701354 2.371753 -1.073332
1790000 3.662645 2.321688 -1.131645
1800000 4.036040 2.261247 -1.157520
1810000 3.528079 2.290859 -1.181883
1820000 3.363657 2.210330 -1.071508
1830000 3.162589 2.271408 -1.096151
1840000 2.950783 2.163017 -0.964745
1850000 2.531747 2.222970 -1.056110
1860000 2.909542 2.131261 -1.100022
1870000 3.289735 2.424150 -1.015588
1880000 3.453086 2.228535 -1.043767
1890000 2.997069 2.290718 -0.976395
1900000 2.324262 2.260444 -0.963162
1910000 2.836476 2.241535 -0.991398
1920000 2.878422 2.192675 -1.009781
1930000 2.034180 2.250019 -1.231578
1940000 1.786299 2.311884 -1.074751
1950000 2.143837 2.425286 -1.020910
1960000 2.220974 2.372969 -1.124041
1970000 2.670833 2.297154 -1.046026
1980000 3.413724 2.427380 -1.030951
1990000 4.266953 2.267420 -0.987763
2000000 4.775090 2.262156 -1.061379
2010000 4.168784 2.338107 -0.913065
2020000 4.761988 2.263502 -1.062673
2030000 4.668138 2.257911 -0.932287
2040000 4.838962 2.321060 -1.049529
2050000 3.861138 2.276965 -0.995272
2060000 3.937805 2.179498 -0.989368
2070000 3.337413 2.247943 -1.005621
2080000 3.162268 2.310459 -1.021508
2090000 4.754023 2.310351 -1.183623
2100000 4.224228 2.120948 -1.007301
2110000 3.691807 2.191882 -1.048855
2120000 4.360709 2.149772 -0.950034
2130000 3.465777 2.363444 -1.173369
2140000 4.145533 2.305822 -1.064401
2150000 3.100070 2.241354 -1.200632
2160000 3.322491 2.253035 -1.047611
2170000 3.075108 2.384394 -0.992073
2180000 4.615736 2.370155 -1.109995
2190000 5.040739 2.230957 -1.056327
2200000 4.455984 2.295532 -1.036482
2210000 4.384748 2.338535 -1.020279
2220000 4.392688 2.327225 -1.003169
2230000 4.544628 2.264043 -0.992581
2240000 4.668046 2.250430 -1.047387
2250000 4.860446 2.330582 -1.076077
2260000 4.914824 2.269879 -0.910008
2270000 4.688030 2.336452 -1.051773
2280000 4.436199 2.313920 -0.954996
2290000 4.371953 2.358183 -1.110802
2300000 4.960706 2.267844 -1.173557
2310000 4.715366 2.277736 -1.103354
2320000 4.682500 2.187370 -1.170305
2330000 3.393221 2.276814 -1.114417
2340000 3.310210 2.394587 -1.014831
2350000 3.496510 2.341594 -1.019743
2360000 2.446189 2.261224 -1.187615
2370000 2.076104 2.335222 -1.011252
2380000 1.753610 2.315010 -1.057974
2390000 0.915629 2.206165 -1.064103
2400000 0.778079 2.329540 -1.060037
2410000 0.913365 2.403462 -1.124068
2420000 1.164303 2.461150 -1.002624
2430000 1.156850 2.347761 -1.088510
2440000 1.681255 2.261727 -1.151587
2450000 1.599711 2.356568 -1.106317
2460000 1.343244 2.275254 -1.147085
2470000 0.917053 2.229576 -1.089999
2480000 0.866332 2.342537 -0.925129
2490000 0.850947 2.261007 -1.016629
2500000 0.698059 2.342136 -1.054995
2510000 0.706101 2.478806 -1.151213
2520000 0.889595 2.349072 -1.086357
2530000 0.664989 2.439338 -1.189742
2540000 0.644012 2.317085 -1.032787
2550000 0.807094 2.175047 -1.120342
2560000 1.048245 2.286451 -0.972152
2570000 1.235093 2.307397 -1.030598
2580000 1.325539 2.290185 -1.056277
2590000 1.273611 2.385174 -1.091208
2600000 1.317310 2.277474 -0.984273
2610000 1.673642 2.340459 -0.971410
2620000 1.063899 2.365623 -1.118021
2630000 1.033471 2.381482 -1.058669
2640000 1.080085 2.481786 -1.119577
2650000 0.868080 2.272351 -1.058673
2660000 0.816647 2.315772 -0.941937
2670000 0.890937 2.184787 -1.139464
2680000 0.799703 2.231131 -1.144079
2690000 1.182159 2.246551 -0.891495
2700000 1.454655 2.288235 -1.096024
2710000 1.489921 2.310973 -1.158165
2720000 1.388067 2.327319 -0.979697
2730000 1.386658 2.281699 -1.160737
2740000 1.943711 2.265459 -0.996386
2750000 2.549242 2.213516 -1.103291
2760000 2.339312 2.297394 -1.044681
2770000 2.123653 2.341519 -1.093532
2780000 3.151196 2.195722 -1.061769
2790000 2.626928 2.155358 -1.200257
2800000 2.249168 2.257418 -1.071095
2810000 2.028225 2.278354 -1.150837
2820000 1.984858 2.164551 -1.005166
2830000 2.670787 2.194291 -0.989145
2840000 2.803615 2.238595 -0.935008
2850000 3.282541 2.329263 -0.973742
2860000 4.066561 2.234282 -1.032015
2870000 4.661187 2.474212 -1.007284
2880000 5.033480 2.321364 -1.030380
2890000 3.917559 2.263753 -1.151690
2900000 3.388831 2.472551 -1.072388
2910000 3.769720 2.187750 -1.084407
2920000 2.880505 2.267439 -1.141120
2930000 3.367453 2.369728 -1.111994
2940000 4.924638 2.263574 -1.167875
2950000 4.456909 2.482572 -1.130514
2960000 4.917710 2.203323 -1.144270
2970000 4.210933 2.365563 -1.068441
2980000 3.908587 2.427959 -1.075343
2990000 4.509426 2.246344 -1.208910
3000000 3.028847 2.258346 -0.975981
3010000 1.972280 2.134844 -1.064127
3020000 1.843663 2.395578 -1.000931
3030000 1.872608 2.327800 -1.038118
3040000 1.821300 2.350261 -0.947402
3050000 1.594837 2.343062 -1.089441
3060000 2.172223 2.242195 -0.995937
3070000 1.780477 2.239014 -1.018704
3080000 2.221219 2.314483 -0.943087
3090000 2.468684 2.282275 -1.097315
3100000 2.801233 2.265688 -1.050910
3110000 2.281127 2.230673 -1.072121
3120000 2.345779 2.333247 -1.164327
3130000 2.217262 2.424498 -1.062079
3140000 2.923261 2.346888 -1.104932
3150000 2.956897 2.397020 -1.024071
3160000 2.994881 2.246967 -1.182741
3170000 3.618229 2.249898 -1.093112
3180000 3.785273 2.359698 -1.100807
3190000 4.524423 2.304013 -1.055574
3200000 4.315596 2.274104 -1.014617
3210000 3.576021 2.281631 -0.955350
3220000 4.167450 2.264652 -0.931808
3230000 3.865964 2.316247 -1.033992
3240000 4.202758 2.346265 -1.051010
3250000 4.594350 2.274946 -1.016701
3260000 3.553468 2.185894 -1.132010
3270000 3.707272 2.190615 -0.994147
3280000 3.134649 2.330662 -1.018839
3290000 2.595227 2.261106 -1.073863
3300000 3.453828 2.313487 -1.145622
3310000 3.316199 2.246088 -1.059278
3320000 3.598482 2.304988 -1.033468
3330000 4.540800 2.302698 -1.143680
3340000 4.437575 2.180186 -1.110712
3350000 4.782194 2.307712 -1.091674
3360000 4.328566 2.301073 -1.048052
3370000 5.000751 2.369513 -0.985468
3380000 4.847539 2.256672 -1.115512
3390000 4.615510 2.231627 -1.139493
3400000 4.830004 2.319117 -0.991128
3410000 4.943238 2.194779 -1.009538
3420000 4.718954 2.233065 -0.944407
3430000 4.192975 2.113634 -1.052527
3440000 3.346487 2.320332 -1.065266
3450000 4.176083 2.272373 -1.128865
3460000 4.248257 2.075924 -1.149394
3470000 3.626694 2.360632 -1.102661
3480000 3.431991 2.273090 -1.027688
3490000 2.245497 2.140157 -1.122454
3500000 2.567325 2.126152 -1.121783
3510000 1.597978 2.161741 -0.932827
3520000 1.832770 2.297847 -0.975547
3530000 2.120691 2.429227 -1.118875
3540000 1.593797 2.222397 -0.985609
3550000 1.330284 2.285814 -1.006766
3560000 1.183464 2.367316 -1.102262
3570000 1.222135 2.329064 -0.996646
3580000 1.367132 2.301239 -1.049284
3590000 1.367442 2.206231 -1.116505
3600000 1.379163 2.266027 -1.072409
3610000 1.219661 2.254767 -0.997538
3620000 1.467934 2.190119 -1.025672
3630000 1.601754 2.315280 -1.073713
3640000 1.963146 2.281558 -0.924690
3650000 1.641552 2.273677 -1.061025
3660000 2.501900 2.160564 -1.019413
3670000 2.785163 2.310388 -1.065898
3680000 2.825409 2.363498 -1.066063
3690000 2.200098 2.235533 -0.999026
3700000 1.957667 2.115369 -0.970045
3710000 2.414746 2.373230 -1.136638
3720000 2.230915 2.355038 -1.006750
3730000 2.289597 2.317963 -1.120423
3740000 3.055991 2.289331 -1.010177
3750000 2.952346 2.291817 -1.010029
3760000 3.344627 2.256187 -1.099424
3770000 3.119044 2.328037 -1.055227
3780000 3.282892 2.383447 -1.099653
3790000 3.148471 2.386067 -1.105614
3800000 2.698437 2.289116 -0.987317
3810000 2.695627 2.270699 -1.066500
3820000 2.960352 2.293464 -1.119272
3830000 4.155261 2.271221 -1.138050
3840000 4.841545 2.342851 -1.220052
3850000 4.901000 2.272740 -1.152148
3860000 4.323058 2.280554 -1.078305
3870000 4.189082 2.170281 -0.909155
3880000 4.950427 2.150999 -0.983263
3890000 4.924071 2.252019 -1.073313
3900000 4.690376 2.409716 -1.042444
3910000 3.865426 2.308976 -0.985341
3920000 4.452123 2.228477 -1.023347
3930000 4.707940 2.281113 -1.116992
3940000 5.078164 2.229997 -1.089382
3950000 4.896949 2.216416 -1.196232
3960000 3.981798 2.257112 -1.035473
3970000 4.773888 2.224478 -1.129692
3980000 3.696758 2.359089 -1.131964
3990000 3.777862 2.321653 -1.024132
4000000 3.415389 2.269312 -1.034476
