100000 3.750053 2.133096 -2.746971
110000 4.931957 2.175604 -2.643904
120000 4.639109 2.403898 -2.519658
130000 4.799597 2.256561 -2.530151
140000 3.710672 2.252868 -2.541288
150000 2.414472 2.288070 -2.499614
160000 2.877307 2.280657 -2.651557
170000 2.188940 2.217974 -2.618469
180000 1.644816 2.339243 -2.648290
190000 2.193774 2.175017 -2.591346
200000 3.385906 2.208911 -2.651351
210000 3.973816 2.155004 -2.579557
220000 3.729325 2.346034 -2.694788
230000 3.584344 2.261517 -2.625066
240000 2.581743 2.398068 -2.593081
250000 2.512592 2.315410 -2.585728
260000 1.857234 2.262096 -2.573456
270000 1.141961 2.270731 -2.696771
280000 1.652596 2.327814 -2.449035
290000 1.051956 2.279068 -2.591119
300000 0.914059 2.155125 -2.758368
310000 1.265987 2.091872 -2.735225
320000 0.812015 2.307198 -2.594054
330000 0.870572 2.238448 -2.692603
340000 0.606622 2.317096 -2.673481
350000 0.901920 2.304314 -2.619314
360000 1.419595 2.327327 -2.624724
370000 1.328881 2.342347 -2.647544
380000 1.213190 2.273621 -2.671410
390000 0.966202 2.022836 -2.794031
400000 1.256378 2.244518 -2.786086
410000 1.951308 2.254364 -2.598882
420000 2.361895 2.250119 -2.617444
430000 2.062771 2.366555 -2.738222
440000 2.883206 2.339854 -2.588147
450000 4.066185 2.293509 -2.606860
460000 5.025298 2.240228 -2.720600
470000 4.812362 2.233496 -2.657510
480000 3.976617 2.221267 -2.478392
490000 3.584511 2.246151 -2.589217
500000 3.722033 2.189702 -2.605985
510000 2.837478 2.275604 -2.602120
520000 2.593586 2.194444 -2.701085
530000 1.979932 2.370256 -2.669248
540000 1.765731 2.321546 -2.676516
550000 2.549500 2.320034 -2.571282
560000 1.936256 2.425137 -2.658845
570000 2.661225 2.254378 -2.599894
580000 3.769091 2.165879 -2.585236
590000 4.375669 2.226289 -2.676349
600000 4.536022 2.252156 -2.615457
610000 4.715149 2.321004 -2.630474
620000 4.647379 2.245035 -2.571282
630000 4.552442 2.215859 -2.678818
640000 4.372285 2.304291 -2.586640
650000 3.732283 2.239251 -2.550462
660000 3.214514 2.208435 -2.510240
670000 4.108148 2.210955 -2.567136
680000 3.074250 2.306713 -2.544452
690000 3.507265 2.266083 -2.644412
700000 3.523300 2.224907 -2.711335
710000 2.312063 2.367603 -2.733985
720000 2.991465 2.272270 -2.701467
730000 2.807116 2.295562 -2.708405
740000 2.041190 2.337720 -2.681109
750000 1.934230 2.381529 -2.521099
760000 1.770681 2.333890 -2.676218
770000 1.669343 2.210164 -2.714429
780000 1.550394 2.275876 -2.634895
790000 1.660586 2.179481 -2.688187
800000 2.915616 2.343027 -2.836565
810000 3.333104 2.235180 -2.567377
820000 3.898466 2.317916 -2.747844
830000 5.010450 2.488366 -2.724507
840000 4.958269 2.155010 -2.611521
850000 5.011936 2.287060 -2.551287
860000 4.413608 2.089087 -2.610067
870000 4.012440 2.341920 -2.539541
880000 4.146625 2.245092 -2.584575
890000 4.524142 2.175531 -2.606536
900000 4.623045 2.236881 -2.457573
910000 4.911854 2.413097 -2.609730
920000 4.978265 2.242975 -2.536957
930000 4.103083 2.360423 -2.571539
940000 3.086757 2.449219 -2.564610
950000 3.351581 2.348615 -2.570785
960000 3.267406 2.129855 -2.632325
970000 3.800290 2.393858 -2.663755
980000 4.408171 2.305871 -2.682560
990000 4.863111 2.239906 -2.663956
1000000 4.171825 2.330540 -2.588022
1010000 3.129349 2.369168 -2.661019
1020000 2.448147 2.340842 -2.652647
1030000 2.352563 2.164734 -2.699898
1040000 2.009729 2.208431 -2.722288
1050000 2.604929 2.394733 -2.722268
1060000 3.146036 2.233354 -2.589134
1070000 3.295148 2.248537 -2.661942
1080000 4.187314 2.336838 -2.608210
1090000 3.382493 2.201578 -2.515221
1100000 3.288590 2.206299 -2.669307
1110000 2.697067 2.339018 -2.560030
1120000 3.365193 2.307484 -2.487778
1130000 2.514211 2.228271 -2.652269
1140000 1.966694 2.215814 -2.657662
1150000 1.718372 2.212511 -2.683700
1160000 1.409585 2.295198 -2.688310
1170000 1.391751 2.299721 -2.618456
1180000 0.925338 2.345770 -2.661086
1190000 0.845983 2.243342 -2.623886
1200000 1.094922 2.322829 -2.692390
1210000 1.411182 2.332742 -2.594070
1220000 1.200700 2.307664 -2.554778
1230000 0.926326 2.232239 -2.657549
1240000 0.762820 2.347416 -2.602879
1250000 0.741535 2.279639 -2.561155
1260000 0.618591 2.201930 -2.678299
1270000 1.114959 2.283485 -2.579321
1280000 1.453202 2.300813 -2.498802
1290000 1.258646 2.286071 -2.559590
1300000 0.721790 2.267727 -2.572558
1310000 0.702872 2.286563 -2.611908
1320000 1.508200 2.183893 -2.546395
1330000 1.682258 2.150053 -2.715544
1340000 1.583951 2.359837 -2.572661
1350000 1.758024 2.315095 -2.543731
1360000 1.353189 2.262775 -2.664237
1370000 1.464115 2.148004 -2.589611
1380000 2.157132 2.221256 -2.721450
1390000 2.140794 2.188757 -2.582504
1400000 2.729630 2.261888 -2.572239
1410000 2.107965 2.283416 -2.521242
1420000 2.259864 2.362919 -2.608567
1430000 2.571160 2.154541 -2.575282
1440000 3.460947 2.197615 -2.592092
1450000 3.366430 2.192341 -2.552429
1460000 4.240835 2.334277 -2.624777
1470000 4.761648 2.389261 -2.610824
1480000 4.769587 2.318793 -2.717322
1490000 4.959891 2.156616 -2.716929
1500000 4.459724 2.336655 -2.593685
1510000 4.121662 2.214233 -2.657267
1520000 4.846168 2.212763 -2.633591
1530000 4.799992 2.363569 -2.578664
1540000 4.092748 2.184693 -2.582087
1550000 3.856428 2.154868 -2.641967
1560000 3.429189 2.340674 -2.759116
1570000 2.770134 2.430754 -2.601504
1580000 2.655082 2.235634 -2.574372
1590000 1.862278 2.278268 -2.591602
1600000 1.842842 2.204536 -2.539612
1610000 1.967618 2.196133 -2.637709
1620000 1.671281 2.272945 -2.628312
1630000 1.679540 2.269697 -2.688212
1640000 2.305229 2.333534 -2.636875
1650000 3.047384 2.272500 -2.618141
1660000 3.228117 2.299907 -2.663720
1670000 2.742288 2.293266 -2.641932
1680000 3.742576 2.385094 -2.725310
1690000 4.169523 2.373542 -2.695877
1700000 4.667697 2.130735 -2.632016
1710000 5.016063 2.347539 -2.603219
1720000 4.522544 2.465891 -2.741927
1730000 4.962260 2.409347 -2.509168
1740000 4.567538 2.257662 -2.661621
1750000 3.362317 2.200188 -2.665627
1760000 3.471231 2.268142 -2.709791
1770000 4.328589 2.280396 -2.674254
1780000 3.280047 2.456170 -2.633467
1790000 3.340564 2.158419 -2.571617
1800000 4.354651 2.290470 -2.646057
1810000 4.659965 2.364743 -2.618502
1820000 4.244163 2.268342 -2.597995
1830000 3.539502 2.230166 -2.593766
1840000 4.568848 2.293469 -2.659493
1850000 4.364671 2.418094 -2.522575
1860000 3.136442 2.239416 -2.669005
1870000 2.483960 2.188472 -2.651760
1880000 2.476107 2.233770 -2.781118
1890000 3.005192 2.188145 -2.611545
1900000 3.598674 2.288137 -2.619725
1910000 3.437271 2.328366 -2.684449
1920000 2.769213 2.295661 -2.690151
1930000 2.267542 2.181947 -2.564333
1940000 2.245244 2.244478 -2.535216
1950000 1.848672 2.150648 -2.766982
1960000 2.176117 2.210872 -2.777902
1970000 2.308077 2.240527 -2.648472
1980000 2.125493 2.250677 -2.654528
1990000 2.281175 2.236329 -2.714839
2000000 2.556480 2.228423 -2.689666
2010000 2.975975 2.341307 -2.634381
2020000 2.121092 2.350500 -2.711026
2030000 1.831951 2.235786 -2.712739
2040000 1.916930 2.292891 -2.628496
2050000 1.341555 2.291578 -2.675113
2060000 1.005294 2.348727 -2.614209
2070000 1.417007 2.287040 -2.585626
2080000 1.223444 2.216257 -2.626622
2090000 0.858920 2.249032 -2.591786
2100000 0.773668 2.229313 -2.622415
2110000 0.867985 2.257646 -2.608282
2120000 0.893470 2.285780 -2.685263
2130000 1.166279 2.293619 -2.631768
2140000 0.936097 2.289571 -2.696146
2150000 1.131930 2.286187 -2.644146
2160000 1.009387 2.146471 -2.678151
2170000 0.808649 2.261406 -2.677642
2180000 0.521794 2.418786 -2.574444
2190000 0.495360 2.369182 -2.558391
2200000 0.538546 2.326955 -2.600945
2210000 0.661268 2.164659 -2.670367
2220000 0.490642 2.412517 -2.558830
2230000 0.704354 2.247393 -2.583935
2240000 0.687697 2.411419 -2.618813
2250000 1.428251 2.303597 -2.545975
2260000 1.666949 2.254848 -2.621182
2270000 1.353233 2.266396 -2.605115
2280000 1.499459 2.336502 -2.688551
2290000 1.148560 2.371154 -2.678161
2300000 1.024696 2.291657 -2.546020
2310000 0.922085 2.206375 -2.599621
2320000 1.279135 2.322736 -2.551114
2330000 1.334882 2.258690 -2.576009
2340000 1.462912 2.402927 -2.526071
2350000 1.680718 2.202516 -2.587645
2360000 1.338384 2.243198 -2.554088
2370000 1.316101 2.042113 -2.560487
2380000 1.666653 2.316385 -2.560504
2390000 1.446898 2.293214 -2.646070
2400000 1.212962 2.260965 -2.550275
2410000 1.132233 2.241739 -2.661674
2420000 1.083596 2.222054 -2.562162
2430000 1.019838 2.163311 -2.729826
2440000 0.975637 2.296053 -2.656683
2450000 1.074208 2.202385 -2.570268
2460000 0.891315 2.146524 -2.644270
2470000 0.804686 2.158000 -2.776548
2480000 0.788518 2.281847 -2.589971
2490000 0.947131 2.214702 -2.579576
2500000 0.849308 2.315481 -2.679114
2510000 0.729319 2.223969 -2.604298
2520000 0.860548 2.319812 -2.602665
2530000 0.935562 2.367267 -2.522871
2540000 0.983161 2.320134 -2.673114
2550000 0.750887 2.471347 -2.588200
2560000 0.968040 2.355172 -2.642566
2570000 1.126438 2.265631 -2.587931
2580000 0.730185 2.355485 -2.568057
2590000 0.679348 2.326526 -2.608723
2600000 1.024063 2.286530 -2.515068
2610000 1.224215 2.249237 -2.768199
2620000 0.924160 2.260279 -2.586529
2630000 0.496370 2.311784 -2.599563
2640000 0.615113 2.309775 -2.569941
2650000 0.620226 2.365736 -2.610832
2660000 0.622634 2.204434 -2.601639
2670000 0.598746 2.266310 -2.763433
2680000 0.502378 2.269753 -2.628787
2690000 0.597422 2.294306 -2.633896
2700000 0.716139 2.304488 -2.721284
2710000 0.725661 2.147611 -2.652044
2720000 0.906159 2.175566 -2.528045
2730000 1.018745 2.289892 -2.799105
2740000 1.968775 2.118832 -2.654661
2750000 3.467948 2.214130 -2.643970
2760000 3.979150 2.219445 -2.704829
2770000 4.162491 2.309630 -2.496054
2780000 3.879059 2.215686 -2.641331
2790000 4.853755 2.246569 -2.525880
2800000 4.647999 2.304873 -2.468080
2810000 4.745271 2.397500 -2.651091
2820000 3.811494 2.259992 -2.632800
2830000 2.936400 2.340514 -2.587072
2840000 3.238670 2.299825 -2.644299
2850000 3.618867 2.329016 -2.582625
2860000 3.964109 2.314282 -2.650252
2870000 4.199613 2.220887 -2.680222
2880000 3.460161 2.252673 -2.578379
2890000 2.716211 2.141323 -2.650979
2900000 2.444838 2.288773 -2.612923
2910000 2.282841 2.238343 -2.622756
2920000 2.137098 2.187678 -2.653113
2930000 1.823628 2.099458 -2.629098
2940000 2.292072 2.208343 -2.546709
2950000 1.750913 2.103664 -2.737947
2960000 2.583860 2.217947 -2.630300
2970000 2.985544 2.217909 -2.688739
2980000 4.274974 2.291583 -2.597860
2990000 4.525207 2.399974 -2.615657
3000000 3.981749 2.273925 -2.578678
3010000 4.702429 2.282069 -2.445046
3020000 4.428471 2.309152 -2.645902
3030000 4.767187 2.134304 -2.636582
3040000 3.979316 2.194609 -2.412774
3050000 3.737370 2.255644 -2.473921
3060000 2.911886 2.205365 -2.623419
3070000 3.273682 2.226897 -2.670047
3080000 2.975172 2.143764 -2.588079
3090000 4.563400 2.185090 -2.471184
3100000 4.824712 2.319571 -2.549911
3110000 4.286570 2.287612 -2.676667
3120000 4.276561 2.272552 -2.668439
3130000 5.021029 2.268271 -2.700870
3140000 4.661273 2.384235 -2.504126
3150000 4.614212 2.298733 -2.536428
3160000 4.246111 2.270357 -2.670235
3170000 3.463355 2.342497 -2.636634
3180000 3.420729 2.329038 -2.616065
3190000 3.336554 2.245634 -2.514830
3200000 2.955100 2.181938 -2.625617
3210000 3.617310 2.253853 -2.612476
3220000 3.376145 2.154085 -2.619858
3230000 2.404087 2.286115 -2.619938
3240000 2.216695 2.263054 -2.560644
3250000 2.455149 2.190650 -2.609096
3260000 3.337320 2.229353 -2.569899
3270000 3.557308 2.466460 -2.690426
3280000 3.625277 2.257137 -2.606005
3290000 3.479135 2.231906 -2.641968
3300000 2.796845 2.244990 -2.712777
3310000 4.318647 2.384619 -2.591753
3320000 4.323368 2.222245 -2.497630
3330000 3.944254 2.272767 -2.578068
3340000 2.574090 2.305783 -2.499340
3350000 2.233016 2.343089 -2.541565
3360000 2.582098 2.305182 -2.487683
3370000 2.179438 2.218471 -2.633414
3380000 1.977349 2.262861 -2.567930
3390000 2.410636 2.366758 -2.543050
3400000 2.778725 2.310108 -2.608187
3410000 2.988910 2.157189 -2.806190
3420000 2.937204 2.305557 -2.607077
3430000 2.110485 2.371355 -2.654628
3440000 2.660905 2.382436 -2.676710
3450000 2.854657 2.195695 -2.594832
3460000 3.652387 2.291402 -2.755972
3470000 4.499306 2.289399 -2.549413
3480000 4.759450 2.158931 -2.704494
3490000 4.390427 2.226546 -2.559526
3500000 4.321374 2.354058 -2.745954
3510000 4.274584 2.412503 -2.490799
3520000 5.028531 2.267834 -2.449715
3530000 4.885960 2.299898 -2.661315
3540000 4.272051 2.363031 -2.717316
3550000 3.711271 2.183821 -2.606137
3560000 1.999332 2.325100 -2.729153
3570000 1.812055 2.186581 -2.550012
3580000 1.796340 2.130619 -2.622683
3590000 2.224747 2.326924 -2.609484
3600000 2.741016 2.239971 -2.566532
3610000 1.715025 2.262785 -2.679982
3620000 1.844900 2.328081 -2.611762
3630000 2.572101 2.273640 -2.582111
3640000 2.136984 2.154205 -2.595935
3650000 2.312920 2.304407 -2.601570
3660000 1.788351 2.277674 -2.541786
3670000 1.615083 2.293646 -2.541823
3680000 1.732458 2.192034 -2.518609
3690000 1.472465 2.229812 -2.540875
3700000 1.598200 2.277898 -2.563280
3710000 2.032022 2.251744 -2.577932
3720000 1.843193 2.372443 -2.606501
3730000 2.381286 2.355261 -2.647211
3740000 2.927524 2.203069 -2.681436
3750000 4.054948 2.319664 -2.634782
3760000 3.842919 2.302703 -2.619073
3770000 3.373040 2.144757 -2.750701
3780000 3.145569 2.181824 -2.643750
3790000 3.484873 2.244457 -2.696299
3800000 4.942022 2.318236 -2.525294
3810000 4.967258 2.154879 -2.561519
3820000 4.890416 2.224368 -2.603165
3830000 4.411461 2.252686 -2.562491
3840000 4.419700 2.105277 -2.644908
3850000 4.199086 2.269741 -2.658572
3860000 4.048872 2.293512 -2.575715
3870000 4.815610 2.273042 -2.595669
3880000 4.832156 2.272757 -2.584160
3890000 4.747604 2.230401 -2.644324
3900000 3.779386 2.350567 -2.622277
3910000 3.373771 2.298494 -2.654634
3920000 3.048993 2.220969 -2.543294
3930000 3.004655 2.270009 -2.475288
3940000 3.065539 2.068335 -2.548125
3950000 3.222618 2.317870 -2.678673
3960000 3.997062 2.320652 -2.602664
3970000 2.722420 2.198629 -2.492560
3980000 2.682624 2.310206 -2.666998
3990000 2.632593 2.171154 -2.729871
4000000 2.874831 2.319927 -2.603149
