100000 4.854021 2.275440 -2.995369
110000 3.362905 2.263005 -3.027359
120000 2.718206 2.269715 -3.043802
130000 3.585725 2.265837 -2.904682
140000 3.628442 2.364631 -3.022436
150000 4.841350 2.251804 -3.023207
160000 3.954816 2.410009 -3.038312
170000 3.757760 2.339912 -3.026092
180000 2.892620 2.399990 -3.017716
190000 2.625147 2.234502 -2.905485
200000 1.917309 2.360124 -3.107858
210000 1.456030 2.322269 -2.979850
220000 1.703201 2.199043 -2.900470
230000 1.463758 2.054859 -3.076515
240000 1.561974 2.248893 -2.893250
250000 2.025751 2.364197 -2.951260
260000 2.453339 2.158768 -3.072622
270000 3.560087 2.306517 -2.938635
280000 3.957861 2.244722 -3.038624
290000 5.026356 2.326180 -2.999472
300000 4.067792 2.244284 -3.018796
310000 3.169209 2.353942 -3.016089
320000 3.792097 2.345992 -2.896166
330000 2.991395 2.346312 -2.845454
340000 2.611340 2.364701 -3.000229
350000 3.015028 2.194924 -3.034814
360000 2.234151 2.232657 -2.797610
370000 2.507456 2.266136 -3.084962
380000 4.638832 2.371070 -2.973252
390000 4.584752 2.316843 -2.888803
400000 4.813451 2.235321 -2.828485
410000 4.800595 2.257016 -3.028410
420000 4.352103 2.242703 -2.886668
430000 4.154796 2.273542 -2.996584
440000 4.644002 2.376669 -3.025233
450000 4.113039 2.280896 -2.967922
460000 4.670232 2.306854 -2.933649
470000 3.565093 2.402168 -2.956240
480000 2.629186 2.185730 -2.907173
490000 2.294129 2.147119 -2.907349
500000 2.989251 2.320777 -3.011314
510000 2.552936 2.380366 -2.878334
520000 2.033822 2.216331 -3.001530
530000 1.559172 2.264278 -2.865008
540000 1.925810 2.141550 -3.053879
550000 1.946771 2.234554 -3.014628
560000 2.005078 2.216026 -2.913345
570000 3.488511 2.264692 -2.878456
580000 2.732927 2.151285 -2.897391
590000 2.673978 2.230104 -2.941203
600000 3.990644 2.287107 -2.958318
610000 4.157564 2.357440 -3.077809
620000 3.889498 2.245531 -2.918642
630000 3.745731 2.337487 -2.950700
640000 3.658751 2.304702 -2.893877
650000 3.052363 2.384851 -2.968934
660000 3.275293 2.253852 -2.979059
670000 2.719247 2.231222 -2.989104
680000 2.613571 2.300310 -2.929159
690000 3.004665 2.273129 -3.059367
700000 2.474245 2.289821 -2.932428
710000 1.836046 2.291043 -2.968155
720000 2.273826 2.370163 -3.005195
730000 1.280248 2.398946 -2.994133
740000 1.246067 2.343374 -3.064951
750000 1.028678 2.352561 -2.950907
760000 0.859372 2.215095 -3.021033
770000 0.918090 2.323738 -2.829037
780000 0.598235 2.183255 -2.958809
790000 0.830022 2.234918 -2.975886
800000 0.987314 2.347676 -2.982366
810000 1.262859 2.299381 -3.016463
820000 1.492699 2.182228 -2.924910
830000 1.247858 2.114379 -3.025297
840000 1.345575 2.196722 -3.025337
850000 0.932065 2.281430 -3.029977
860000 1.002895 2.374944 -2.976411
870000 0.890108 2.378088 -3.040604
880000 1.304664 2.201536 -3.013196
890000 0.933352 2.295237 -3.042575
900000 0.679028 2.439661 -2.993189
910000 0.673168 2.407676 -2.891682
920000 0.978945 2.272162 -3.012339
930000 0.635611 2.360325 -2.899996
940000 0.757952 2.250786 -2.898708
950000 1.374761 2.206214 -2.938267
960000 1.828099 2.305605 -3.073072
970000 1.859342 2.208766 -3.056610
980000 1.768044 2.317613 3.111975
990000 1.722843 2.212700 -3.002672
1000000 2.117710 2.185659 -2.993988
1010000 1.914910 2.285076 -3.024692
1020000 1.644649 2.198908 -2.917756
1030000 1.437070 2.275709 -3.062165
1040000 1.480946 2.333826 -3.111455
1050000 1.379987 2.240130 -3.005074
1060000 2.427881 2.322410 -3.058239
1070000 3.614743 2.151917 -2.916036
1080000 3.429691 2.211440 -2.988212
1090000 4.613251 2.216133 -2.976564
1100000 4.904005 2.395080 -2.984385
1110000 3.827018 2.198470 -3.022429
1120000 4.345592 2.270876 -2.958496
1130000 4.233581 2.227832 -2.991551
1140000 3.154596 2.355668 -2.991152
1150000 3.456358 2.314354 -2.980349
1160000 2.819261 2.131632 -3.138770
1170000 2.636007 2.284516 -2.900694
1180000 3.938277 2.275460 -2.937844
1190000 4.760322 2.202984 -2.990755
1200000 4.365820 2.185075 -2.995605
1210000 4.174998 2.272974 -2.962334
1220000 3.231289 2.272710 -2.996593
1230000 2.374172 2.215098 -2.917922
1240000 2.663637 2.291923 -3.006449
1250000 3.840129 2.232062 -3.011842
1260000 3.970843 2.180230 -2.885724
1270000 4.433316 2.254496 -2.981317
1280000 4.352715 2.284973 -2.956832
1290000 4.344316 2.270069 -2.967828
1300000 3.847188 2.164310 -2.970124
1310000 3.325747 2.186754 -2.935922
1320000 2.786066 2.200259 -2.758619
1330000 3.589575 2.241946 -3.035049
1340000 4.174349 2.321199 -2.938491
1350000 3.706892 2.360163 -2.895513
1360000 2.655728 2.214239 -3.095221
1370000 3.526493 2.151187 -2.885228
1380000 2.854051 2.270463 -2.919526
1390000 2.547043 2.410419 -2.926149
1400000 2.158324 2.344320 -3.033698
1410000 2.072624 2.209215 -2.809104
1420000 1.659657 2.290825 -3.060438
1430000 1.578872 2.179186 -3.055898
1440000 1.225606 2.257295 -2.866651
1450000 1.248792 2.265086 -3.015448
1460000 1.079253 2.272265 -2.852519
1470000 0.994707 2.278916 -3.031974
1480000 0.954356 2.417506 -2.982104
1490000 0.903745 2.181960 -2.941048
1500000 0.503309 2.392467 -2.920403
1510000 0.515058 2.361817 -3.072899
1520000 0.604773 2.360128 -2.900865
1530000 0.633196 2.187987 -3.017251
1540000 0.611948 2.161900 -3.056463
1550000 0.680965 2.317158 -2.888111
1560000 0.702039 2.353830 -2.973916
1570000 0.674505 2.357273 -2.987939
1580000 1.119892 2.238281 -2.922261
1590000 1.246982 2.289598 -2.939517
1600000 1.978712 2.255466 -3.103474
1610000 1.847569 2.192092 -2.944897
1620000 2.587396 2.275156 -3.063330
1630000 2.452403 2.256516 -2.928089
1640000 3.301485 2.174491 -2.988637
1650000 3.455006 2.353823 -2.990151
1660000 2.609654 2.299228 -3.061141
1670000 3.746041 2.105030 -2.797549
1680000 4.122716 2.343179 -3.007967
1690000 4.383336 2.162365 -2.929520
1700000 4.357787 2.205158 -2.988569
1710000 3.378965 2.270618 -3.006403
1720000 3.626247 2.277694 -3.029236
1730000 2.302357 2.344511 -2.928604
1740000 2.616074 2.244653 -2.992904
1750000 2.594075 2.291413 -2.977174
1760000 3.263243 2.208854 -2.899226
1770000 4.632405 2.264110 -2.917634
1780000 4.557285 2.237307 -2.876655
1790000 4.242560 2.309623 -3.027648
1800000 4.753807 2.211064 -3.001510
1810000 3.676789 2.318015 -2.944330
1820000 3.942514 2.337730 -2.995958
1830000 4.040111 2.302063 -2.958106
1840000 4.388070 2.269902 -3.095742
1850000 3.586786 2.258186 -2.995713
1860000 4.083223 2.167361 -2.973352
1870000 3.594973 2.362379 -2.913150
1880000 2.789468 2.289490 -2.978507
1890000 3.551255 2.290180 -3.017979
1900000 4.754754 2.320312 -3.000336
1910000 5.043207 2.334408 -2.983076
1920000 4.044648 2.353230 -2.938386
1930000 3.628401 2.178001 -2.888007
1940000 2.677551 2.337767 -2.972465
1950000 2.488732 2.233793 -2.989905
1960000 2.045977 2.231837 -3.089082
1970000 2.336517 2.307749 -3.006561
1980000 2.021499 2.278658 -2.977917
1990000 1.847094 2.237269 -2.964959
2000000 2.787897 2.163477 -2.817457
2010000 2.451129 2.460098 -2.936336
2020000 2.702286 2.348497 -3.018365
2030000 2.751396 2.271652 -2.984678
2040000 1.767783 2.274835 -2.897649
2050000 1.599521 2.272578 -2.984482
2060000 1.213967 2.145861 -2.916577
2070000 1.472599 2.281975 -3.085234
2080000 1.152397 2.267245 -2.854764
2090000 1.545295 2.327004 -2.995152
2100000 1.551981 2.222410 -3.139488
2110000 1.799100 2.274851 -2.950545
2120000 2.173729 2.270685 -2.833362
2130000 1.904514 2.213121 -2.975851
2140000 1.713755 2.243071 -2.922305
2150000 1.267649 2.287392 -2.950511
2160000 1.110208 2.232440 -2.950828
2170000 0.976018 2.228209 -2.931673
2180000 1.493584 2.346301 -3.054356
2190000 0.886454 2.367421 -3.076166
2200000 0.855985 2.283958 -2.938352
2210000 0.940969 2.246339 -2.982382
2220000 1.161268 2.384522 -2.905390
2230000 1.357960 2.196422 -2.806347
2240000 1.309271 2.403485 -3.036013
2250000 1.702083 2.378779 -2.936143
2260000 1.624862 2.288430 -2.998306
2270000 1.497515 2.221567 -2.873386
2280000 2.190861 2.259789 -2.954258
2290000 2.789563 2.294782 -3.024636
2300000 3.046431 2.143692 -2.881821
2310000 3.028775 2.225578 -3.007622
2320000 3.333072 2.056400 -2.967874
2330000 4.679188 2.377223 -3.060091
2340000 4.488906 2.321061 -2.978732
2350000 4.720157 2.323230 -2.910083
2360000 4.762705 2.199906 -2.913580
2370000 4.108879 2.246389 -3.015659
2380000 4.762520 2.191054 -2.854213
2390000 3.529122 2.188150 -2.900090
2400000 3.911635 2.215692 -3.009429
2410000 3.719709 2.225548 -3.007435
2420000 4.304775 2.267750 -2.907796
2430000 4.951056 2.390115 -2.891874
2440000 4.596567 2.281075 -2.936715
2450000 4.850126 2.358003 -2.881261
2460000 4.741698 2.350195 -2.896695
2470000 4.903195 2.324999 -2.868758
2480000 3.798211 2.292626 -2.948575
2490000 3.778231 2.232906 -2.933187
2500000 3.204609 2.351203 -2.936538
2510000 2.786310 2.225723 -2.899152
2520000 2.368279 2.208483 -2.699525
2530000 2.387764 2.305324 -3.040471
2540000 2.544212 2.332211 -2.875246
2550000 1.965086 2.305772 -2.896542
2560000 2.141834 2.081908 -2.982994
2570000 1.897554 2.198327 -2.947724
2580000 1.487092 2.180330 -2.945993
2590000 1.481430 2.274261 -3.023883
2600000 1.243648 2.179404 -3.008062
2610000 1.077334 2.270737 -2.959115
2620000 0.772574 2.266771 -2.993023
2630000 0.500970 2.409138 -2.916847
2640000 0.499207 2.313632 -2.998729
2650000 0.783830 2.269592 -2.864351
2660000 0.601522 2.241291 -2.887463
2670000 0.745534 2.242162 -2.891969
2680000 0.942000 2.257488 -2.918277
2690000 0.784207 2.384137 -2.893078
2700000 0.643775 2.220426 -2.890974
2710000 0.984840 2.300393 -2.872881
2720000 1.021109 2.284122 -2.877615
2730000 1.009121 2.249970 -2.993024
2740000 0.865582 2.359117 -3.058893
2750000 0.724342 2.327659 -2.860559
2760000 0.802951 2.444031 -2.881549
2770000 1.012288 2.115520 -2.861821
2780000 1.490237 2.390029 -2.943192
2790000 1.591696 2.103695 -2.909275
2800000 1.405448 2.179204 -2.930331
2810000 1.213820 2.346642 -3.047983
2820000 1.618634 2.223197 -2.838949
2830000 1.789259 2.223962 -2.910937
2840000 2.484240 2.411299 -2.933504
2850000 2.746174 2.287225 -3.061369
2860000 3.892083 2.310795 -3.056712
2870000 4.445148 2.238286 -2.904597
2880000 4.054283 2.225297 -2.966559
2890000 3.143130 2.280083 -2.843710
2900000 3.425066 2.173412 -2.861369
2910000 3.322984 2.187203 -2.984056
2920000 3.690503 2.142445 -3.039716
2930000 3.292733 2.207860 -2.905018
2940000 3.853962 2.277877 -2.997916
2950000 4.177654 2.323780 -2.956257
2960000 4.818197 2.267987 -3.107395
2970000 4.804185 2.245354 -2.985448
2980000 4.395886 2.282462 -3.083155
2990000 4.400862 2.317448 -2.978078
3000000 3.697700 2.300730 -2.883599
3010000 3.619335 2.381087 -2.917094
3020000 4.664566 2.239347 -2.925986
3030000 4.761587 2.228145 -2.851304
3040000 4.432843 2.152318 -2.987832
3050000 3.565946 2.277659 -2.860037
3060000 3.702944 2.211187 -2.876372
3070000 4.040855 2.374977 -2.910481
3080000 4.816117 2.317594 -3.076428
3090000 4.206959 2.432270 -3.082556
3100000 2.874803 2.258605 -3.042585
3110000 3.345611 2.233206 -2.963339
3120000 4.345437 2.349482 -2.932883
3130000 3.428233 2.313733 -2.862156
3140000 4.598523 2.208430 -2.896319
3150000 4.787743 2.222735 -2.991310
3160000 4.633871 2.284365 -2.899588
3170000 4.957972 2.273209 -2.997224
3180000 4.651888 2.242767 -3.041031
3190000 4.600354 2.303437 -3.036220
3200000 4.767017 2.215429 -3.009546
3210000 3.714706 2.259995 -2.951591
3220000 4.272278 2.200959 -3.084389
3230000 4.174519 2.332468 -2.898782
3240000 4.762453 2.235476 -2.896020
3250000 3.091623 2.343628 -2.985494
3260000 2.379061 2.249050 -2.983978
3270000 2.715051 2.187231 -2.970180
3280000 3.387293 2.269565 -3.055573
3290000 2.302829 2.165602 -2.978083
3300000 2.896999 2.184479 -3.016670
3310000 2.926438 2.254801 -2.835382
3320000 2.639821 2.390279 -3.029187
3330000 3.446714 2.276866 -2.938154
3340000 3.573069 2.320585 -2.892271
3350000 2.123540 2.261575 -2.945788
3360000 1.979887 2.270429 -2.875838
3370000 2.288269 2.230871 -2.980793
3380000 2.423933 2.278071 -3.007945
3390000 1.958090 2.268121 -2.953717
3400000 1.837537 2.344999 -3.125333
3410000 1.956741 2.296389 -2.855740
3420000 2.441145 2.202626 -3.057115
3430000 2.342255 2.307066 -2.898507
3440000 2.531013 2.133926 -2.949103
3450000 3.461613 2.203907 -2.883660
3460000 3.563022 2.251740 -2.978686
3470000 3.445559 2.401255 -3.034682
3480000 3.667010 2.304674 -3.035723
3490000 4.637911 2.362851 -2.849561
3500000 4.021708 2.306949 -3.023174
3510000 3.413140 2.396130 -2.829964
3520000 2.723245 2.351069 -3.028132
3530000 2.760160 2.301331 -3.029833
3540000 2.584706 2.362845 -2.908938
3550000 1.972538 2.194960 -2.996612
3560000 1.941836 2.253181 -3.023979
3570000 2.110281 2.406713 -2.922834
3580000 2.149418 2.231017 -2.887310
3590000 1.771893 2.218068 -3.013229
3600000 1.440371 2.224519 -2.963931
3610000 1.749509 2.281363 -2.888031
3620000 2.142684 2.286925 -2.974380
3630000 2.057610 2.259898 -3.063646
3640000 1.522263 2.199135 -3.044334
3650000 2.092012 2.144388 -2.984726
3660000 2.631938 2.342027 -3.059990
3670000 2.443296 2.337987 -2.944208
3680000 2.734141 2.178573 -2.954711
3690000 2.961318 2.265969 -2.941430
3700000 3.095689 2.170652 -2.943648
3710000 2.882075 2.328863 -2.928035
3720000 2.926062 2.359886 -2.966599
3730000 3.927798 2.248384 -2.974119
3740000 3.231614 2.273612 -2.876753
3750000 3.563861 2.230993 -2.971859
3760000 3.657192 2.276141 -3.067907
3770000 4.622437 2.289023 -3.060854
3780000 3.700999 2.320813 -2.876688
3790000 3.964854 2.210159 -2.974193
3800000 4.694154 2.248869 -2.997570
3810000 4.738074 2.241695 -2.990761
3820000 4.323857 2.254257 -3.004475
3830000 4.292723 2.267914 -2.941252
3840000 4.601727 2.371231 -3.031405
3850000 4.007249 2.260839 -3.029994
3860000 4.012013 2.185363 -2.866273
3870000 3.589048 2.184934 -3.081861
3880000 3.434934 2.213330 -2.958665
3890000 3.058472 2.255937 -2.925383
3900000 3.041836 2.230567 -2.996254
3910000 2.276921 2.280036 -2.965068
3920000 2.199443 2.259448 -2.948348
3930000 1.812417 2.294425 -3.136773
3940000 2.303029 2.289484 -2.882408
3950000 2.250777 2.349548 -2.978150
3960000 1.544832 2.280278 -2.963876
3970000 1.802294 2.096405 -2.872583
3980000 3.577888 2.388171 -2.933617
3990000 4.185243 2.225091 -3.016802
4000000 3.973967 2.221008 -3.013971
