100000 4.478138 2.093247 -3.079686
110000 4.778559 2.175307 3.119529
120000 4.961320 2.036707 -3.063540
130000 4.814221 2.115154 3.123647
140000 4.872210 2.135574 3.132302
150000 3.708547 2.062142 3.078335
160000 2.893397 2.094481 -3.108875
170000 3.131450 2.078908 -3.096253
180000 4.203638 2.065881 3.020914
190000 4.743908 2.198265 -3.054017
200000 4.329521 2.148348 -3.112641
210000 3.259434 2.046384 3.125724
220000 2.323734 1.981688 3.070372
230000 2.245452 2.097080 3.098350
240000 1.932222 2.189395 3.072144
250000 1.482779 2.135269 3.105322
260000 2.002309 2.104972 3.112769
270000 1.546519 2.168553 -3.088250
280000 1.999690 2.093446 -3.111146
290000 2.512809 2.067465 3.135853
300000 2.435117 2.103741 3.081739
310000 3.243132 2.001384 3.133857
320000 3.828264 2.103262 3.138193
330000 3.728486 2.044246 -2.962212
340000 4.284414 2.162723 -3.119637
350000 3.154758 2.107933 -3.093783
360000 3.282416 2.091791 -3.003674
370000 5.028681 2.249109 -2.989110
380000 4.904618 2.029078 3.118888
390000 4.791055 2.125632 -3.105743
400000 4.104678 2.160131 -3.067342
410000 3.809279 2.072330 -3.123171
420000 2.656683 2.153169 -3.133228
430000 3.010689 2.155835 3.066327
440000 2.136127 2.085210 3.136816
450000 1.780847 2.042625 -3.071603
460000 2.447285 2.036739 -3.113459
470000 3.331293 2.000818 3.125624
480000 3.949362 2.022659 3.074033
490000 4.591256 2.173587 3.111195
500000 4.283524 2.118236 3.131328
510000 4.030601 1.988692 -3.019698
520000 3.645815 2.263231 3.130186
530000 4.323260 2.059531 -3.121934
540000 4.317943 2.029449 -2.975805
550000 4.802412 2.156215 3.087275
560000 5.064088 1.968393 3.091134
570000 5.035322 2.182834 3.138541
580000 4.198675 2.075983 -3.114925
590000 3.178635 2.012408 -3.102310
600000 2.715219 2.027941 3.043657
610000 2.361158 2.198191 3.123575
620000 2.988198 2.209533 -3.136118
630000 3.425548 2.156537 3.040568
640000 2.651854 2.067645 -3.098396
650000 3.064789 2.017521 3.134696
660000 2.081718 2.095946 -3.126824
670000 2.151889 2.176520 3.109324
680000 1.464817 2.014274 3.060970
690000 0.742233 2.097551 -3.124149
700000 1.052172 2.099936 -3.072860
710000 0.915109 2.147900 3.101583
720000 1.338020 2.121279 3.094927
730000 0.865072 2.306633 -2.995134
740000 1.491576 2.053889 2.991240
750000 0.652064 2.125521 -3.078803
760000 0.952047 2.135364 3.059287
770000 1.077804 2.054352 -3.077640
780000 1.600394 2.145142 3.082143
790000 1.586275 2.092193 -3.064904
800000 1.685787 2.038297 -3.120875
810000 1.683034 2.098712 -3.115675
820000 2.427585 2.002868 3.005533
830000 2.661653 2.058273 -3.108018
840000 2.369683 2.089005 3.050378
850000 2.207934 2.032678 -3.118893
860000 2.172611 2.051192 3.091936
870000 2.363119 2.077864 -3.120957
880000 2.668620 1.993581 -3.096285
890000 3.913197 2.073628 3.093280
900000 3.731162 2.166442 3.007509
910000 4.657832 2.098500 3.132489
920000 4.915776 2.109414 3.115274
930000 4.833310 2.052587 -3.089834
940000 4.689985 2.098765 -3.009713
950000 4.617521 2.192951 -3.061212
960000 3.075554 1.985748 -3.117038
970000 2.919734 2.147395 3.125786
980000 3.894420 2.091110 2.997258
990000 4.001243 2.063261 -3.082073
1000000 4.099353 2.105045 3.074889
1010000 4.061326 2.200881 -3.001682
1020000 4.972463 2.049696 -3.112321
1030000 3.803300 2.074993 3.066005
1040000 3.531034 1.974641 3.137316
1050000 2.665464 2.063619 3.126415
1060000 3.839853 2.143146 -3.132330
1070000 3.340332 2.086556 3.018192
1080000 3.763163 2.050557 3.101087
1090000 2.654649 2.031110 -3.126278
1100000 1.518952 1.964463 -3.046524
1110000 1.290692 2.073792 -3.079604
1120000 1.110379 2.108857 -3.047312
1130000 1.277157 2.053511 -3.050575
1140000 1.369840 2.151041 -3.036260
1150000 1.276054 2.055177 -3.051166
1160000 1.179594 2.118863 -3.134632
1170000 0.903478 2.032226 -3.078111
1180000 0.589463 2.111649 -3.137041
1190000 0.590489 2.271947 -3.121541
1200000 0.781008 2.164326 -3.044445
1210000 0.917501 2.042036 -3.132659
1220000 1.831427 2.106824 -3.120990
1230000 1.741998 2.085772 3.094128
1240000 1.761895 2.153819 3.004637
1250000 2.054140 2.093754 3.117505
1260000 2.478468 2.078415 -3.086807
1270000 2.930602 2.136228 3.105976
1280000 2.405629 2.121298 3.081865
1290000 3.622168 2.069891 -3.064196
1300000 4.577665 2.133753 -3.105594
1310000 4.373120 2.031301 -3.101862
1320000 4.564089 1.995139 -3.132621
1330000 4.465698 2.159358 -3.087980
1340000 3.609738 1.980942 3.007456
1350000 4.029615 2.116065 -3.060621
1360000 2.886780 2.059759 3.101509
1370000 3.652847 2.005001 -3.068739
1380000 4.211141 2.168735 3.101609
1390000 4.766513 2.092385 -3.078318
1400000 4.648374 2.209679 -3.053473
1410000 4.973262 1.920572 -3.007647
1420000 4.533081 1.993328 3.113071
1430000 4.701472 2.142433 2.996125
1440000 4.863544 2.080114 -3.102059
1450000 4.079233 2.039572 -3.025457
1460000 3.394972 2.082083 3.084456
1470000 2.569170 2.037615 -3.123851
1480000 2.163937 2.113401 -3.055428
1490000 1.776856 1.989776 -3.071218
1500000 1.446786 2.090829 3.118059
1510000 1.385459 2.114621 -3.086818
1520000 2.378871 2.067238 -3.009540
1530000 2.547351 2.033505 -3.099598
1540000 2.738597 2.087695 -3.094137
1550000 3.645957 2.108952 -3.131925
1560000 3.659640 2.186939 3.135295
1570000 4.344794 2.060487 -3.094658
1580000 3.060781 2.174944 3.071583
1590000 2.442445 2.076148 -3.076424
1600000 2.904719 2.097777 -3.104884
1610000 2.280795 2.154881 3.043424
1620000 1.696831 2.161337 -3.135468
1630000 2.202760 2.039370 -3.098936
1640000 2.298557 2.059335 -3.045795
1650000 2.848674 1.966802 -3.039867
1660000 3.118274 2.044123 3.117280
1670000 3.122594 2.114717 -3.071204
1680000 4.063983 2.118842 -3.023991
1690000 4.276969 2.069589 3.128502
1700000 4.584313 2.094187 3.109378
1710000 4.477702 2.005752 -3.100638
1720000 4.328858 2.071805 3.076367
1730000 4.279048 2.064629 3.103588
1740000 3.352348 1.973140 -3.140046
1750000 3.669919 2.047222 -2.989729
1760000 4.366317 2.013124 -3.097116
1770000 4.889480 2.111979 3.030933
1780000 4.992438 2.076789 -3.140088
1790000 4.855278 1.959714 -3.122431
1800000 4.182945 2.025536 3.065669
1810000 4.978918 2.029602 -3.069173
1820000 4.152476 2.187967 -3.089773
1830000 3.260356 2.101768 3.083610
1840000 3.285306 2.016660 3.067788
1850000 3.541053 2.078922 3.087056
1860000 3.414048 2.202759 -3.129734
1870000 3.098972 1.903484 3.014003
1880000 2.486411 2.087005 3.128175
1890000 2.295489 2.202493 -3.095247
1900000 2.680895 2.024520 3.081918
1910000 3.293835 2.090738 -3.090810
1920000 3.254662 2.091401 -3.123783
1930000 2.807988 2.098358 -3.137228
1940000 1.685441 2.058970 3.131668
1950000 1.580612 2.047657 -3.069433
1960000 1.449775 2.113203 3.089014
1970000 1.034541 2.096595 -3.107303
1980000 0.879913 2.107058 -2.984721
1990000 1.299598 2.210671 3.113236
2000000 1.274270 2.030590 -3.051888
2010000 1.172017 2.070798 3.104107
2020000 1.136647 2.081457 3.127403
2030000 0.913687 1.949297 -3.091562
2040000 0.961831 2.157489 -3.104567
2050000 1.300015 2.108383 3.082862
2060000 1.162920 2.094895 3.082297
2070000 1.433378 1.997731 -3.012836
2080000 1.605276 1.949466 -3.026753
2090000 1.420388 2.063787 3.121960
2100000 1.728835 2.166401 3.060739
2110000 1.799840 2.012788 -3.070244
2120000 1.961999 2.110915 -2.978682
2130000 2.049572 2.018468 -3.098454
2140000 2.370506 2.083416 -3.098290
2150000 2.022838 2.079243 -3.069574
2160000 1.939834 2.081432 -3.042032
2170000 2.350488 2.083670 3.095959
2180000 3.118175 2.051232 -3.068409
2190000 4.065953 2.094843 3.045217
2200000 4.011996 2.175496 -3.123317
2210000 4.217896 2.089384 -3.123676
2220000 4.794035 2.116107 3.089063
2230000 4.774560 2.028293 3.080992
2240000 4.255692 2.134015 3.129393
2250000 3.281576 1.864845 -3.104440
2260000 3.713753 2.101833 3.088155
2270000 3.435709 2.143336 3.125288
2280000 2.790825 2.043889 3.092359
2290000 2.833563 2.179805 3.012905
2300000 2.639460 1.949052 -3.116794
2310000 2.390360 2.238236 3.085253
2320000 2.149495 2.114042 -3.123731
2330000 2.149056 2.046449 3.096313
2340000 2.065903 2.017601 -2.984620
2350000 1.641165 2.231001 3.109645
2360000 2.054465 2.206545 -3.045479
2370000 2.696799 2.084996 -3.139407
2380000 3.614332 2.132267 3.072589
2390000 3.541028 2.115092 3.115644
2400000 3.909904 2.082628 3.094820
2410000 3.181294 2.126395 -3.040462
2420000 4.670779 2.055610 -3.140719
2430000 4.383265 2.045718 3.106205
2440000 3.990608 2.099940 -3.073168
2450000 4.357990 1.982106 -3.043563
2460000 4.490922 2.120372 -3.075600
2470000 4.084266 2.098756 -3.066117
2480000 3.806767 2.162119 3.119323
2490000 3.870095 2.056838 3.123928
2500000 4.372775 2.095663 3.042976
2510000 4.926632 2.164464 3.116400
2520000 4.677763 2.032485 -3.095740
2530000 3.777473 2.097712 -3.091827
2540000 4.174055 2.130244 -3.079505
2550000 4.307597 2.121832 -3.056542
2560000 4.419289 2.205054 3.068828
2570000 3.080973 2.057908 3.085671
2580000 3.107375 2.116213 -3.032254
2590000 3.029741 2.159917 -3.135262
2600000 2.522346 2.185165 3.129810
2610000 2.229990 2.125742 3.088584
2620000 2.715949 1.983289 -3.137403
2630000 2.544472 2.168360 -3.123555
2640000 3.002313 2.038527 -3.107850
2650000 2.058638 2.094795 3.059020
2660000 1.060414 2.105634 3.057061
2670000 0.662375 2.286130 -3.112210
2680000 0.556354 2.059112 -3.139407
2690000 0.800222 2.133999 -3.061389
2700000 0.580513 2.157300 -3.127833
2710000 0.754939 2.200940 -3.095404
2720000 0.849975 1.976000 3.084804
2730000 0.498158 2.116304 3.052466
2740000 0.641852 2.248732 3.099979
2750000 0.993285 2.192506 3.128129
2760000 1.004141 2.179666 3.114411
2770000 1.168000 2.099305 -3.110881
2780000 0.984113 2.077231 -3.055378
2790000 1.138473 2.113002 -3.108275
2800000 1.382203 2.090546 3.074628
2810000 1.385482 2.120287 -3.059965
2820000 1.618575 2.124546 3.097725
2830000 1.480115 2.030861 -3.052720
2840000 1.216849 2.076509 3.137131
2850000 0.852256 2.003577 3.136494
2860000 0.934997 2.151636 -3.091908
2870000 0.983411 2.132629 3.099314
2880000 1.096719 2.072104 -3.041877
2890000 1.264076 2.170518 3.138750
2900000 1.007275 2.044362 3.133901
2910000 1.374257 2.027328 -3.136895
2920000 1.337125 2.004237 -3.072441
2930000 1.362557 2.105280 3.089911
2940000 1.511199 2.184719 3.099366
2950000 1.654548 1.978322 3.127109
2960000 1.742006 2.179278 3.064448
2970000 1.599344 2.063563 -3.084056
2980000 1.473777 2.134473 3.108888
2990000 1.528012 2.000240 -3.112118
3000000 1.920037 2.109242 -3.112078
3010000 1.781520 2.111689 3.087235
3020000 1.615002 2.052219 -3.119938
3030000 1.891993 2.070251 3.026657
3040000 2.197672 2.196279 -3.121463
3050000 2.368046 2.067706 3.081243
3060000 2.324718 2.222233 -3.100167
3070000 2.459461 2.152698 -3.077792
3080000 3.845992 2.092926 -3.101531
3090000 3.047292 2.202006 3.112799
3100000 3.169492 2.133988 -3.119600
3110000 3.680121 2.273024 -3.064721
3120000 3.923818 2.174272 -3.057925
3130000 4.992149 2.092339 -3.099467
3140000 3.915059 2.179726 3.108603
3150000 3.864079 2.135423 -3.032964
3160000 3.712730 2.181475 -3.076317
3170000 2.983417 2.180341 3.005430
3180000 2.912321 2.125101 -3.039569
3190000 2.742136 2.133080 -3.129179
3200000 2.851491 2.156483 3.135778
3210000 2.654297 2.057472 -3.139286
3220000 2.571597 2.069622 -3.091164
3230000 3.024459 2.069585 -3.029300
3240000 3.040859 2.055915 -3.096943
3250000 2.411277 2.191011 3.101877
3260000 2.123968 2.049779 3.061362
3270000 1.986876 2.083933 -3.135207
3280000 2.083199 2.001016 3.117315
3290000 2.150564 2.116550 -3.045460
3300000 3.564066 2.121353 -3.135391
3310000 4.896523 2.104502 3.046142
3320000 4.775501 2.059068 3.084211
3330000 4.172577 2.049690 -3.020918
3340000 4.637992 2.080727 -3.092532
3350000 4.024397 2.151833 3.031725
3360000 3.191672 2.084433 3.113091
3370000 3.505271 2.084512 -3.101717
3380000 3.311407 2.182625 -3.053642
3390000 3.544337 2.081907 -3.133400
3400000 4.388855 2.158495 -3.052758
3410000 4.911698 2.023954 3.058424
3420000 4.235710 2.082156 3.138503
3430000 4.715571 1.892722 3.109035
3440000 3.961390 2.010493 3.105459
3450000 3.940188 2.014799 3.107345
3460000 4.343081 2.067850 3.086944
3470000 4.486212 2.078596 3.073922
3480000 4.691364 2.148716 3.124990
3490000 4.528770 2.122839 -3.070889
3500000 4.956607 2.154126 -3.134043
3510000 4.706365 2.079263 -3.122832
3520000 4.668416 2.164243 -3.036021
3530000 3.710812 1.952812 -3.101214
3540000 3.468962 2.139893 -3.134298
3550000 3.132545 2.149839 -3.003856
3560000 2.743108 2.274028 3.076030
3570000 2.383932 2.071019 -3.075808
3580000 3.503567 2.022888 -3.097533
3590000 3.708531 2.058119 3.132772
3600000 2.847519 2.043770 -3.074781
3610000 2.868168 2.209687 3.120137
3620000 2.263424 2.196330 3.135548
3630000 2.587226 1.998872 -3.099051
3640000 2.017224 2.006674 3.079234
3650000 1.933199 2.129865 3.132350
3660000 1.602316 2.074373 -3.128633
3670000 2.200812 2.097204 -3.141175
3680000 2.055451 2.002810 3.029307
3690000 2.082997 2.160587 -3.133943
3700000 2.336077 2.158355 3.063650
3710000 3.124955 2.164593 3.138338
3720000 3.935798 2.142611 3.097324
3730000 3.967134 2.021314 3.008137
3740000 4.639348 2.099112 3.121948
3750000 4.010289 2.034185 -3.064760
3760000 3.783564 1.973324 3.103357
3770000 4.402780 2.122664 -3.116777
3780000 4.696973 2.078118 -3.094087
3790000 4.754051 2.080228 -3.101149
3800000 4.491743 1.938603 3.104791
3810000 4.829677 2.108444 2.982724
3820000 4.388843 2.090302 3.139019
3830000 4.628297 2.092276 3.138274
3840000 3.628214 2.066535 -3.081547
3850000 3.187146 2.184151 3.123558
3860000 3.335029 1.966912 -3.047366
3870000 3.089050 2.247191 -3.140189
3880000 2.870999 2.080896 -3.101355
3890000 2.484920 2.075009 3.105589
3900000 1.717009 2.143375 -3.065127
3910000 1.598562 2.021745 -3.128194
3920000 1.409555 2.151440 3.077284
3930000 2.066206 2.077322 3.117048
3940000 1.725312 1.984310 3.104781
3950000 1.709922 2.160093 -3.104957
3960000 1.281114 2.089140 -3.094988
3970000 1.420269 2.077754 3.003048
3980000 1.199509 1.891141 -3.087011
3990000 0.765097 2.143551 -3.063778
4000000 0.744573 2.149690 -3.120492
