100000 1.828536 2.190981 0.952386
110000 1.232015 2.116186 0.930596
120000 1.432860 2.150501 0.841751
130000 0.978916 2.253187 0.884185
140000 1.426153 2.102126 0.902732
150000 2.099389 2.032829 0.828220
160000 3.265126 2.106860 0.924319
170000 3.777419 2.117985 0.905399
180000 2.985412 2.018073 0.971339
190000 2.661199 2.130134 0.779645
200000 1.676290 2.146944 0.956405
210000 2.177138 2.150686 0.867087
220000 2.772936 2.146232 0.876013
230000 3.999949 2.038700 0.809199
240000 4.867658 2.061557 0.909444
250000 4.445168 2.143114 0.947444
260000 4.345679 2.062817 0.811904
270000 3.746955 2.062059 0.977181
280000 3.367266 2.077939 0.894243
290000 4.944488 2.031571 0.690483
300000 4.070468 2.059625 0.958932
310000 4.670001 1.916645 0.735426
320000 3.698158 2.155487 0.934148
330000 2.820128 2.156383 0.904145
340000 2.436612 2.114387 0.742202
350000 2.705619 2.229791 0.975899
360000 2.128815 2.100483 0.941301
370000 1.910200 2.000311 0.971855
380000 0.785102 2.208309 0.975813
390000 0.978038 2.090053 0.828994
400000 1.315211 2.139641 0.903323
410000 1.025869 2.136444 0.848384
420000 1.220108 1.997222 0.978798
430000 1.387588 2.134911 0.869082
440000 1.553977 2.069815 0.848454
450000 1.959718 2.104751 0.950850
460000 1.504822 2.091377 0.908380
470000 1.354525 2.100512 0.911604
480000 1.115137 2.114492 0.793395
490000 0.998298 2.181269 0.834575
500000 0.700537 2.253288 0.948035
510000 1.321118 2.073269 0.905383
520000 0.672789 2.074254 0.852457
530000 0.839869 2.084291 0.887527
540000 0.973057 2.138547 0.970685
550000 1.456547 2.130746 0.982032
560000 1.117764 2.119176 0.861695
570000 1.706476 1.953834 0.787573
580000 2.395472 2.085642 0.886774
590000 3.335470 2.087924 0.909502
600000 2.970920 2.173335 0.967535
610000 3.910345 2.222559 0.784725
620000 4.777322 2.106590 0.954530
630000 4.546673 2.033442 0.922103
640000 3.655109 2.134586 0.837260
650000 4.010104 2.150940 0.858596
660000 4.464030 2.036542 0.832589
670000 4.561152 2.116439 0.847404
680000 4.172244 2.168316 0.919884
690000 2.761155 2.113116 0.890432
700000 2.674470 2.210257 0.984160
710000 3.361574 2.149590 0.876119
720000 2.687141 2.051977 0.865786
730000 2.477544 2.265941 0.817134
740000 2.102719 2.110265 0.890019
750000 1.931319 2.092488 0.829417
760000 2.810741 2.129277 0.930077
770000 3.677416 2.135977 0.751561
780000 3.792624 2.036388 0.979850
790000 4.219151 2.212739 0.852055
800000 4.670488 1.899586 0.844344
810000 3.027980 2.208929 0.970928
820000 2.673691 2.175199 0.928109
830000 4.353787 2.072747 0.819312
840000 4.411340 2.008050 0.799058
850000 3.791904 2.159101 0.798851
860000 3.166302 1.974789 0.931855
870000 2.829315 2.162326 0.900674
880000 2.677547 2.074057 0.848026
890000 2.283845 1.994082 0.806541
900000 2.897919 2.058745 0.727001
910000 3.571601 2.118082 0.818256
920000 3.530100 2.141099 0.876500
930000 4.809740 2.116881 0.937211
940000 4.386862 2.108248 0.886752
950000 4.104004 2.073930 0.901275
960000 4.658277 2.104518 0.754133
970000 4.539373 2.080602 0.809673
980000 4.171352 2.036339 0.976512
990000 3.940481 2.023574 0.739971
1000000 3.133436 2.079214 0.894470
1010000 4.026386 2.170339 0.809381
1020000 2.934473 2.058287 0.896896
1030000 2.743676 2.215312 0.935740
1040000 3.028971 2.030630 0.970245
1050000 1.832756 2.117339 0.934822
1060000 1.712822 2.109046 0.860284
1070000 1.602749 2.121248 0.914808
1080000 1.164733 2.050230 0.910813
1090000 1.483275 1.982882 0.873110
1100000 1.455557 2.049288 0.834994
1110000 1.299109 2.014009 0.926288
1120000 1.335502 2.201152 0.822879
1130000 1.092438 2.185318 0.813628
1140000 1.162476 2.020063 0.940732
1150000 1.031990 2.090188 0.870960
1160000 0.867078 2.153263 0.882138
1170000 0.736697 2.222859 0.843019
1180000 0.508708 2.174637 0.804766
1190000 0.825283 2.122137 0.841708
1200000 0.613800 2.229249 1.034638
1210000 1.187437 2.141751 0.807455
1220000 1.885998 2.003856 0.915417
1230000 1.486850 2.067873 0.991256
1240000 1.905299 2.062883 0.988755
1250000 2.268065 2.075301 0.858085
1260000 2.219391 1.943128 0.970902
1270000 2.730414 2.106580 0.921374
1280000 2.138871 2.202619 1.019431
1290000 2.365862 2.129089 1.058200
1300000 2.082657 2.037927 1.043738
1310000 2.507458 1.956795 0.960539
1320000 2.825119 2.100001 0.896736
1330000 3.562047 2.078581 0.954104
1340000 4.552774 2.102070 0.930686
1350000 4.317624 2.061556 0.859077
1360000 4.005106 2.141596 0.798315
1370000 4.903888 2.208718 0.904545
1380000 4.404131 2.111539 0.774874
1390000 3.584832 2.095077 0.919985
1400000 3.576653 2.133347 0.941357
1410000 4.655947 2.086364 0.924766
1420000 4.761305 2.051468 0.970572
1430000 3.809008 2.034177 0.891121
1440000 3.107673 2.039627 0.900944
1450000 3.952221 2.199459 0.929755
1460000 4.668431 2.256813 0.691586
1470000 3.604032 2.205695 0.901186
1480000 2.784368 2.023021 0.807873
1490000 2.714747 2.095604 0.979663
1500000 2.464621 2.157983 0.790425
1510000 3.382685 2.275441 0.888741
1520000 3.594485 2.212495 0.780409
1530000 4.325689 2.113888 0.943888
1540000 4.214223 2.156076 0.932649
1550000 3.237332 2.017609 0.921413
1560000 2.812595 2.054917 0.765057
1570000 3.581815 2.064457 0.896954
1580000 4.929691 1.993847 1.020657
1590000 4.998525 2.007487 1.012215
1600000 3.808584 2.129240 0.913144
1610000 3.707791 2.073809 0.919037
1620000 4.575767 2.132403 0.913976
1630000 4.424918 2.066332 0.976224
1640000 4.438978 2.080819 0.988096
1650000 3.923872 1.988238 0.765847
1660000 3.571330 1.946466 0.790758
1670000 3.740155 2.118791 0.853993
1680000 3.738911 1.990965 0.994570
1690000 3.540776 2.251099 0.848380
1700000 2.747616 2.019748 0.921164
1710000 2.080631 2.063714 0.820819
1720000 2.361884 2.131162 0.817513
1730000 1.806380 2.121231 0.767515
1740000 1.735075 2.191467 0.848257
1750000 1.620959 2.100608 0.898903
1760000 1.892639 2.206273 0.832600
1770000 2.164934 2.160821 1.007070
1780000 2.622836 2.066978 0.919333
1790000 2.371588 2.152751 0.926023
1800000 1.897024 2.126649 0.917447
1810000 1.504479 2.225775 0.889537
1820000 1.327890 2.218847 0.898101
1830000 1.178332 2.079294 0.936489
1840000 1.464515 2.199621 0.957232
1850000 0.977775 2.046207 0.927875
1860000 1.567464 2.124274 0.798366
1870000 2.227559 2.086689 0.911602
1880000 2.539841 2.194621 0.803098
1890000 1.754196 2.090768 1.066154
1900000 2.109391 2.127952 0.822352
1910000 1.475763 2.245584 0.877591
1920000 2.055655 2.023455 0.967784
1930000 1.596505 2.038163 0.897149
1940000 1.451628 2.102111 0.970588
1950000 1.697148 2.198764 0.763289
1960000 1.754377 2.098419 0.923938
1970000 1.644118 2.234989 0.874748
1980000 2.020443 2.064612 0.846983
1990000 2.230172 2.251046 0.886668
2000000 2.773827 1.845305 0.946353
2010000 2.832103 2.163914 1.059878
2020000 3.136495 2.164369 0.956962
2030000 2.525628 2.087148 0.886526
2040000 2.920475 2.116685 0.765840
2050000 3.726169 2.047432 0.881753
2060000 3.231364 2.146459 0.843968
2070000 3.482949 2.065164 0.742959
2080000 4.147240 1.969731 0.784281
2090000 4.714926 2.039182 0.729981
2100000 3.893131 1.997957 0.898315
2110000 4.389470 2.161696 0.703496
2120000 4.681262 2.116660 0.870402
2130000 3.930228 2.065818 0.720382
2140000 2.826919 2.085504 0.911994
2150000 4.063623 2.187656 0.918669
2160000 4.252536 2.116679 0.868938
2170000 4.098939 2.121941 0.830190
2180000 3.173332 2.212228 0.809363
2190000 2.572858 1.925003 0.960324
2200000 2.536246 2.208029 0.828476
2210000 2.480389 2.025662 0.841344
2220000 2.490977 2.130902 0.852896
2230000 2.790066 2.107279 0.968152
2240000 3.901230 2.176826 0.905642
2250000 3.512282 2.153605 0.788515
2260000 3.837497 2.169966 0.833921
2270000 3.872381 2.104135 0.789456
2280000 4.068344 2.037736 0.969767
2290000 3.968391 2.113018 0.866680
2300000 2.718154 2.198883 1.034902
2310000 2.250654 2.001311 0.850174
2320000 2.815572 1.981918 0.906786
2330000 3.477229 2.201820 0.922505
2340000 3.577809 2.147230 0.831879
2350000 4.723450 2.125232 0.921509
2360000 5.040659 1.985910 0.879056
2370000 4.804503 1.978712 0.927144
2380000 4.822691 2.267804 0.838587
2390000 4.533193 2.126479 0.896999
2400000 4.437829 2.065657 0.844345
2410000 3.981579 2.121457 0.896524
2420000 5.012066 2.120221 0.874775
2430000 4.395952 2.052539 0.879062
2440000 3.426199 2.077112 0.944705
2450000 2.984523 2.029300 0.922449
2460000 3.326638 2.078931 0.814772
2470000 4.249883 2.136581 0.930805
2480000 4.622783 2.090056 0.665019
2490000 4.692602 2.170514 0.990412
2500000 4.027476 2.188112 0.874791
2510000 4.032325 2.069512 0.893609
2520000 3.225074 2.063957 0.878015
2530000 2.784401 2.091850 0.939301
2540000 2.489898 1.982034 0.935202
2550000 2.467419 2.069894 0.795654
2560000 2.124787 2.018169 0.818789
2570000 2.112030 2.181580 0.817917
2580000 2.577572 2.152531 0.771378
2590000 2.095483 2.104451 0.783234
2600000 2.480031 2.174511 0.856280
2610000 1.885220 2.005348 0.976950
2620000 1.957489 2.072996 0.870911
2630000 1.527352 2.157350 0.862432
2640000 1.391542 2.220070 0.860014
2650000 1.259318 2.055541 0.929194
2660000 0.969745 2.254103 0.971531
2670000 1.261175 2.005168 0.792577
2680000 1.242441 2.116788 0.938669
2690000 1.603012 2.160249 0.884374
2700000 1.545387 2.231962 0.807247
2710000 1.745053 2.007288 0.898459
2720000 1.528853 2.047636 0.963971
2730000 1.272651 2.128498 0.909565
2740000 1.186566 2.108324 0.804460
2750000 0.778011 2.079533 0.886761
2760000 0.816748 2.063043 0.915999
2770000 0.972369 2.018791 0.868535
2780000 1.308822 2.151491 0.665690
2790000 1.321400 1.935214 0.979808
2800000 1.575238 2.111020 0.766841
2810000 1.848440 2.060119 0.930609
2820000 1.938615 2.150524 0.910652
2830000 1.087610 2.089297 0.833880
2840000 0.833624 2.093523 0.748566
2850000 0.805923 2.108895 0.948768
2860000 0.909656 2.164331 0.790066
2870000 0.869279 2.043615 0.884550
2880000 0.572687 2.132751 0.843921
2890000 0.603940 2.065629 0.960658
2900000 0.754373 2.219863 0.909513
2910000 0.650480 2.235174 0.837042
2920000 0.806117 2.073113 0.896773
2930000 0.928635 2.195209 0.797857
2940000 0.764936 2.126737 0.796229
2950000 0.995673 2.085486 0.923806
2960000 0.992617 2.175917 0.810190
2970000 0.803642 2.054000 0.883864
2980000 1.012402 2.055120 0.852383
2990000 0.791113 2.071603 0.838889
3000000 0.502379 2.106493 0.915670
3010000 1.220465 2.100725 1.093753
3020000 1.282118 2.174110 0.987194
3030000 1.309399 2.289526 0.798778
3040000 1.146511 2.140434 0.926607
3050000 1.149168 2.177977 0.827156
3060000 1.592329 1.975377 0.833061
3070000 1.647250 2.077093 0.975559
3080000 2.052444 2.137605 0.774773
3090000 2.083757 2.023420 0.745851
3100000 2.056668 2.134197 0.896503
3110000 2.171447 2.199426 0.791536
3120000 2.648623 2.174726 0.969359
3130000 2.897009 2.117479 0.808419
3140000 3.273567 2.109413 0.781977
3150000 3.570011 2.166036 0.986197
3160000 3.101721 2.128959 0.979851
3170000 3.874820 2.098750 0.733121
3180000 3.854801 2.099512 0.937977
3190000 3.500343 1.980649 0.914192
3200000 3.757477 2.044636 0.917901
3210000 4.351337 2.198821 0.773078
3220000 4.076240 2.165991 0.863541
3230000 4.961743 2.215513 0.880429
3240000 4.297199 2.141676 0.961762
3250000 4.724561 2.150535 0.926254
3260000 4.985856 2.002385 0.835460
3270000 4.841008 1.910923 0.889799
3280000 4.416609 2.196617 0.907129
3290000 4.260363 1.976319 0.731382
3300000 2.847166 2.056450 0.905663
3310000 2.393777 2.011686 0.855202
3320000 2.716001 1.958326 0.861078
3330000 3.085431 2.029071 0.813996
3340000 2.370488 2.115059 0.857553
3350000 2.683570 2.108093 0.808971
3360000 2.574911 2.042450 0.923841
3370000 2.342309 2.184395 0.819523
3380000 2.073725 2.034968 0.759704
3390000 2.785844 2.055421 0.743605
3400000 2.185227 2.175753 0.872128
3410000 2.053098 2.044601 0.889653
3420000 2.657114 2.137168 0.892533
3430000 2.213595 2.063349 0.825444
3440000 1.990074 2.097688 0.810211
3450000 1.852600 2.111185 0.925859
3460000 1.534500 1.873428 0.850919
3470000 1.849257 2.164219 0.797752
3480000 1.600031 2.157959 0.854297
3490000 1.612445 2.021016 0.874630
3500000 1.438011 2.168651 0.983685
3510000 1.449700 2.250386 0.892424
3520000 1.609219 2.146284 0.733373
3530000 1.920336 1.978285 0.918962
3540000 1.677159 2.134955 0.918068
3550000 1.856815 2.089426 0.891878
3560000 1.990906 2.058358 0.944380
3570000 2.251036 1.968986 0.942916
3580000 3.425340 2.033715 0.725289
3590000 3.255163 2.128675 0.874872
3600000 3.436865 1.924500 0.880747
3610000 2.716984 2.092078 0.819064
3620000 2.790995 1.955796 0.937092
3630000 3.601286 2.082291 0.871428
3640000 3.875847 2.088541 0.833379
3650000 4.385797 2.000254 0.897202
3660000 4.383845 2.007977 0.931390
3670000 3.795391 2.139127 0.968920
3680000 4.951761 2.099994 0.939323
3690000 4.781680 2.067179 1.006837
3700000 4.932757 1.996516 0.829305
3710000 4.792655 2.059414 0.782556
3720000 4.400363 2.246126 0.901015
3730000 4.298449 2.130574 0.816972
3740000 3.799270 2.078943 0.873709
3750000 3.438676 2.037742 0.839423
3760000 3.905257 2.075372 0.838262
3770000 4.433997 2.089966 0.882935
3780000 4.330799 2.192123 0.985273
3790000 4.635945 2.105752 0.906569
3800000 4.502285 2.039085 0.935896
3810000 3.840354 2.312323 0.753414
3820000 3.963049 2.086524 0.895277
3830000 4.923714 2.057444 0.862614
3840000 3.816830 2.026781 0.867271
3850000 3.345258 2.102665 0.838449
3860000 3.852367 2.122518 0.845839
3870000 3.386278 2.022662 0.805747
3880000 2.844489 2.120739 0.866872
3890000 2.833845 2.019148 0.807285
3900000 2.945795 2.105517 0.906577
3910000 2.978890 2.181128 0.964917
3920000 2.956273 2.070837 0.776240
3930000 2.497315 2.073391 0.837974
3940000 2.700704 2.090540 1.049428
3950000 2.596059 2.072575 0.917201
3960000 2.309355 2.046308 0.859408
3970000 3.150232 2.212389 0.852639
3980000 2.763838 1.970620 0.882146
3990000 3.693397 2.151853 0.846526
4000000 4.989435 2.131589 0.807744
