100000 1.887850 2.098740 0.340657
110000 1.597273 2.135466 0.408905
120000 2.147036 2.113606 0.396896
130000 3.035336 2.035991 0.375453
140000 3.554809 2.026677 0.397832
150000 4.358079 2.087806 0.339369
160000 3.335144 2.200185 0.304542
170000 4.500988 2.127755 0.402797
180000 4.950391 2.158135 0.274185
190000 4.011032 2.082244 0.305144
200000 3.051110 2.062173 0.451043
210000 2.714264 2.088735 0.434973
220000 2.704446 2.157463 0.424953
230000 2.188396 1.976379 0.355536
240000 1.875208 2.111547 0.274103
250000 1.055817 2.137488 0.383856
260000 1.447818 2.123306 0.353661
270000 1.578566 2.121534 0.321216
280000 1.660532 2.007100 0.369814
290000 1.009925 2.218241 0.359853
300000 0.835097 2.140879 0.349805
310000 0.793181 2.048293 0.320389
320000 1.031801 2.164551 0.178250
330000 1.298775 2.131593 0.396082
340000 1.721898 2.043862 0.316653
350000 2.256220 2.083873 0.260115
360000 2.828936 2.090844 0.459729
370000 3.223392 2.078043 0.336650
380000 4.296269 2.077707 0.383304
390000 4.061404 2.156851 0.392067
400000 4.926098 2.168849 0.378209
410000 4.779138 2.110810 0.379731
420000 4.882651 2.029167 0.319894
430000 4.860153 2.120062 0.219517
440000 3.374715 2.040498 0.197855
450000 3.127960 2.133381 0.469051
460000 2.267388 2.048698 0.300999
470000 1.982236 2.131601 0.341183
480000 2.864117 2.187982 0.322472
490000 1.988683 2.127272 0.272629
500000 1.916937 2.071157 0.270476
510000 1.687442 2.136407 0.339107
520000 2.240223 2.052329 0.339985
530000 3.241380 1.991644 0.337058
540000 3.648949 2.060001 0.380479
550000 4.154258 2.045539 0.381350
560000 3.700263 2.179696 0.294978
570000 4.208955 2.156561 0.306401
580000 4.714612 2.221684 0.276223
590000 4.520339 2.091177 0.316942
600000 3.846717 2.024227 0.399028
610000 2.771223 2.150108 0.347667
620000 2.725025 2.281889 0.254356
630000 3.793207 2.170357 0.378522
640000 4.066929 2.087745 0.240915
650000 4.674321 2.201449 0.328322
660000 3.717122 2.005838 0.402741
670000 4.031482 2.084651 0.248493
680000 3.752801 2.090375 0.369206
690000 2.383546 2.055681 0.463445
700000 2.429451 2.014286 0.347361
710000 1.486310 1.930130 0.487359
720000 1.192975 1.998700 0.222989
730000 0.911563 2.218555 0.360669
740000 1.257842 2.159983 0.398739
750000 1.732096 2.197801 0.283737
760000 1.700365 2.164443 0.394516
770000 0.829239 2.186933 0.296166
780000 0.951999 2.038125 0.380720
790000 0.956432 2.173684 0.403347
800000 1.190959 2.062208 0.431984
810000 1.192560 2.043225 0.379457
820000 1.264268 2.113066 0.234959
830000 1.639957 1.899060 0.350603
840000 1.652000 2.106425 0.342046
850000 1.806225 2.161583 0.326519
860000 1.982287 2.132830 0.349050
870000 1.934587 1.945459 0.383384
880000 1.672054 1.955596 0.332928
890000 2.757905 2.101448 0.323173
900000 3.107378 2.108013 0.337282
910000 3.207773 1.964005 0.285791
920000 3.007983 2.143887 0.277414
930000 3.487798 2.101935 0.273105
940000 4.945017 2.152790 0.292801
950000 4.857695 2.124193 0.340670
960000 3.902118 2.063470 0.432466
970000 4.534263 2.111596 0.324313
980000 4.748369 2.064565 0.274504
990000 4.691601 2.121295 0.229313
1000000 3.357113 2.040388 0.221848
1010000 2.827619 2.148386 0.298504
1020000 2.472890 2.005705 0.298754
1030000 2.271693 2.079591 0.423497
1040000 2.526317 2.051969 0.373769
1050000 3.292757 1.940227 0.350660
1060000 4.033645 1.997245 0.520208
1070000 4.503669 2.098292 0.355292
1080000 4.042762 2.150693 0.356101
1090000 3.864479 2.046244 0.331263
1100000 3.151594 2.015875 0.425534
1110000 2.649968 2.195902 0.266043
1120000 3.387214 2.128443 0.254774
1130000 2.778332 2.246771 0.319146
1140000 2.002289 2.160438 0.328808
1150000 3.102961 2.132599 0.513626
1160000 3.026953 2.166597 0.318051
1170000 4.134570 2.202554 0.456594
1180000 3.992801 2.115315 0.384049
1190000 4.355994 1.970597 0.266705
1200000 3.741788 2.060089 0.402328
1210000 3.771583 2.129059 0.341161
1220000 4.714974 1.894021 0.407748
1230000 4.871508 2.059244 0.369881
1240000 4.939351 2.089855 0.374059
1250000 4.829224 2.133891 0.317390
1260000 4.295810 2.058824 0.313957
1270000 4.403621 2.092938 0.260847
1280000 3.907450 2.188245 0.143428
1290000 2.998525 2.057987 0.263329
1300000 2.564928 2.019965 0.263277
1310000 1.736171 2.076086 0.311166
1320000 1.572786 2.132930 0.340579
1330000 1.517233 2.073682 0.317096
1340000 1.532197 2.144680 0.439744
1350000 1.389160 2.099888 0.286362
1360000 1.436324 2.014284 0.363366
1370000 1.172850 2.024611 0.327296
1380000 0.968566 2.114772 0.301719
1390000 1.855187 2.079493 0.252568
1400000 2.086767 2.063756 0.420956
1410000 1.969725 2.222187 0.264714
1420000 1.699826 2.048126 0.255471
1430000 2.284337 2.170999 0.480562
1440000 2.108114 2.086598 0.278863
1450000 2.682821 2.077651 0.284458
1460000 2.986725 2.073160 0.341475
1470000 2.503818 2.179551 0.335729
1480000 2.441225 2.120693 0.315847
1490000 2.478394 2.034000 0.411829
1500000 3.859071 2.173257 0.251006
1510000 3.603029 2.128979 0.335596
1520000 3.330415 2.099631 0.314391
1530000 3.721609 2.012464 0.389164
1540000 2.408507 2.104837 0.438242
1550000 2.230472 2.064148 0.270880
1560000 2.935074 2.178950 0.402842
1570000 3.294194 2.144877 0.376468
1580000 4.313280 2.125737 0.359360
1590000 4.355300 2.079317 0.294327
1600000 4.289207 2.188017 0.405774
1610000 4.754102 2.103331 0.435225
1620000 4.982638 2.052312 0.292717
1630000 5.023112 1.978241 0.266853
1640000 4.697433 2.100597 0.301790
1650000 4.789737 2.055881 0.221930
1660000 4.062153 2.036720 0.318092
1670000 3.785822 1.920503 0.326117
1680000 4.243508 2.083776 0.510200
1690000 3.179302 2.083331 0.351039
1700000 2.655114 2.168219 0.334659
1710000 2.764651 2.123278 0.402745
1720000 1.982504 2.043678 0.312090
1730000 2.086327 2.146236 0.353691
1740000 1.794252 1.979057 0.339612
1750000 0.797765 2.229619 0.347446
1760000 1.084366 2.135893 0.257813
1770000 0.922837 2.162969 0.365384
1780000 0.984191 2.099560 0.422390
1790000 0.605965 2.100542 0.371379
1800000 0.700960 2.184214 0.444114
1810000 1.238069 2.081919 0.384731
1820000 1.111979 2.094423 0.499733
1830000 1.021879 2.135963 0.394335
1840000 1.315951 2.007697 0.383927
1850000 1.464337 2.141490 0.397818
1860000 1.871608 2.020531 0.497172
1870000 2.297770 2.054631 0.322740
1880000 2.655768 2.087371 0.375919
1890000 3.283205 2.034966 0.418018
1900000 3.360478 2.047788 0.350112
1910000 2.551779 2.151667 0.490450
1920000 3.251126 1.993799 0.375281
1930000 4.372684 2.042605 0.485571
1940000 3.956803 2.183667 0.399141
1950000 4.419011 2.094463 0.306991
1960000 4.531927 2.158152 0.401592
1970000 5.062263 2.111274 0.197805
1980000 4.914064 2.199088 0.219468
1990000 4.396478 2.025986 0.357163
2000000 3.903330 2.086495 0.276388
2010000 3.721058 2.135327 0.462470
2020000 3.444706 2.089074 0.343243
2030000 4.012667 2.107758 0.499650
2040000 3.265037 2.016350 0.380989
2050000 2.475692 2.087638 0.433394
2060000 3.368989 2.039400 0.279079
2070000 3.761951 2.148428 0.301601
2080000 2.735687 2.109826 0.305915
2090000 4.798126 2.095314 0.379581
2100000 4.559878 2.120368 0.329837
2110000 3.729750 2.022659 0.375451
2120000 4.579132 2.056243 0.380421
2130000 4.659225 2.143534 0.364450
2140000 4.846709 2.077427 0.322970
2150000 4.967959 2.058315 0.312407
2160000 5.024028 2.111934 0.352126
2170000 4.110902 2.060354 0.384049
2180000 4.882431 2.017984 0.391118
2190000 4.753672 2.086050 0.284501
2200000 3.607551 2.101632 0.316247
2210000 3.391140 2.042621 0.498431
2220000 3.496827 2.047790 0.266215
2230000 2.720736 2.202155 0.219315
2240000 2.152719 2.141093 0.484607
2250000 2.152439 2.078931 0.308150
2260000 1.711038 2.095366 0.331742
2270000 1.606587 2.200053 0.446112
2280000 1.454714 2.028716 0.411933
2290000 1.475389 2.147404 0.282229
2300000 1.411648 2.020772 0.317461
2310000 0.899807 2.083466 0.418209
2320000 0.819324 2.292350 0.348174
2330000 1.094322 2.046390 0.415932
2340000 1.086148 2.237891 0.236336
2350000 1.178838 2.084239 0.306457
2360000 1.193068 2.068883 0.340256
2370000 0.818900 2.122844 0.444391
2380000 1.322289 2.107363 0.447216
2390000 1.132742 2.152800 0.462980
2400000 1.221120 2.097875 0.352215
2410000 1.388116 2.121279 0.296888
2420000 1.558409 2.037567 0.247885
2430000 1.687586 2.055167 0.275728
2440000 1.367092 2.114195 0.436205
2450000 1.303775 2.035237 0.339337
2460000 0.934808 2.124596 0.278498
2470000 1.297951 2.141942 0.346406
2480000 1.319989 2.084562 0.363477
2490000 1.095795 2.058653 0.330384
2500000 0.872914 2.249012 0.351752
2510000 0.996183 2.088740 0.306844
2520000 0.656537 2.134092 0.185301
2530000 0.716351 2.160612 0.324492
2540000 0.825211 2.128833 0.394841
2550000 0.732308 2.125209 0.421057
2560000 0.757336 2.047647 0.284105
2570000 1.092653 2.062542 0.293430
2580000 1.016653 2.009304 0.432147
2590000 1.316116 2.027307 0.412695
2600000 1.155063 2.136953 0.289111
2610000 1.977217 2.145734 0.398107
2620000 2.157004 2.104830 0.304831
2630000 2.356970 1.986237 0.457836
2640000 2.538266 2.097383 0.267042
2650000 2.625112 2.118934 0.343459
2660000 2.352730 2.058374 0.367186
2670000 2.701125 2.068535 0.408721
2680000 2.963637 1.943813 0.445143
2690000 2.722598 2.081537 0.407096
2700000 3.270681 2.145865 0.338532
2710000 3.784948 1.889695 0.455877
2720000 2.968531 2.094423 0.320569
2730000 2.490897 2.080970 0.410988
2740000 3.287466 2.105258 0.423922
2750000 2.722836 2.086151 0.350406
2760000 3.254376 2.047023 0.280988
2770000 3.914849 2.309431 0.444429
2780000 4.732100 2.136316 0.343246
2790000 4.889345 2.159236 0.436765
2800000 4.491070 1.991496 0.300609
2810000 4.878816 2.282724 0.346392
2820000 4.051033 2.089667 0.329706
2830000 3.817077 2.028813 0.350499
2840000 3.634939 1.995500 0.382443
2850000 4.056798 2.036249 0.359637
2860000 3.774317 2.033774 0.202757
2870000 4.833439 2.186759 0.430200
2880000 5.004877 2.084124 0.268145
2890000 4.093447 2.127533 0.305587
2900000 3.365428 2.182033 0.273021
2910000 3.910890 2.026007 0.247771
2920000 3.161561 2.021408 0.294695
2930000 2.452041 2.079896 0.445308
2940000 2.194125 2.043715 0.368743
2950000 2.074378 2.045322 0.376540
2960000 1.834403 2.115306 0.369519
2970000 1.863422 2.164750 0.387771
2980000 1.864627 2.068057 0.330009
2990000 2.333040 2.217903 0.389632
3000000 1.648569 2.080047 0.380556
3010000 1.632322 2.135632 0.491932
3020000 1.794051 2.111034 0.452502
3030000 1.782133 1.911453 0.295259
3040000 1.992779 2.102489 0.414835
3050000 1.896453 2.057456 0.318075
3060000 2.181008 1.974705 0.419778
3070000 2.635123 2.189591 0.415527
3080000 3.012989 2.214057 0.386967
3090000 3.436506 2.154679 0.420177
3100000 3.066183 2.257024 0.369844
3110000 3.368609 2.035806 0.341028
3120000 3.363479 2.183000 0.403388
3130000 3.096320 2.139220 0.457084
3140000 2.828765 2.111874 0.330781
3150000 2.732485 2.089358 0.360820
3160000 2.630640 1.953658 0.322515
3170000 4.023008 2.115902 0.340354
3180000 4.396270 2.121713 0.476879
3190000 4.950322 2.033300 0.250103
3200000 4.945591 1.993567 0.406759
3210000 3.636896 2.011006 0.385500
3220000 4.309673 2.285678 0.268156
3230000 4.348677 2.115568 0.270174
3240000 3.239197 2.098019 0.465813
3250000 4.212649 2.137613 0.305535
3260000 4.370460 2.100008 0.448164
3270000 3.381506 2.146161 0.388959
3280000 4.055826 2.096293 0.414190
3290000 4.550344 2.100401 0.310020
3300000 3.879837 2.072656 0.304864
3310000 4.613276 2.095557 0.384817
3320000 4.506301 2.208422 0.373793
3330000 4.945573 2.142224 0.310974
3340000 4.291027 2.135322 0.334707
3350000 4.344882 2.153048 0.281142
3360000 3.856280 2.092159 0.388896
3370000 4.699837 2.044459 0.369607
3380000 3.574682 2.131086 0.405530
3390000 4.173727 2.109485 0.316720
3400000 3.818320 2.058870 0.354033
3410000 3.677680 2.161410 0.484209
3420000 2.685957 2.112439 0.296898
3430000 3.282527 2.088470 0.350350
3440000 2.533964 2.160859 0.326444
3450000 2.345457 2.061789 0.354237
3460000 2.732517 2.062874 0.248317
3470000 2.349054 2.072094 0.332311
3480000 1.994346 2.054010 0.436367
3490000 1.802168 2.088751 0.480211
3500000 1.845711 2.140759 0.352431
3510000 1.466232 2.115000 0.380042
3520000 1.402265 2.102083 0.456250
3530000 1.366085 2.020313 0.262482
3540000 1.547678 2.125638 0.251577
3550000 1.604692 2.109425 0.290961
3560000 1.341207 2.099766 0.308870
3570000 1.944725 2.084781 0.380791
3580000 1.824207 2.041100 0.273672
3590000 1.926235 2.098259 0.258881
3600000 1.831888 2.060011 0.407381
3610000 1.982594 2.038429 0.341656
3620000 2.130680 1.977800 0.362434
3630000 2.349960 1.894154 0.367360
3640000 2.846548 2.195005 0.293380
3650000 2.373005 2.144050 0.295480
3660000 2.161528 2.157302 0.397412
3670000 2.959402 2.013680 0.373873
3680000 3.270663 2.239358 0.467820
3690000 3.605028 2.030869 0.375705
3700000 2.658823 2.170077 0.329435
3710000 2.807450 2.147873 0.417308
3720000 3.016323 2.067847 0.478191
3730000 3.308413 2.171353 0.414262
3740000 4.035767 2.155851 0.274833
3750000 2.951041 2.199749 0.314756
3760000 4.095439 1.987143 0.382822
3770000 4.744032 2.075349 0.360749
3780000 4.778029 2.130650 0.350510
3790000 3.468716 2.015425 0.313763
3800000 3.449991 2.153847 0.434859
3810000 3.735816 2.183635 0.268951
3820000 4.580308 2.042923 0.329027
3830000 4.374351 2.049149 0.361138
3840000 4.594379 2.061544 0.412113
3850000 3.919448 2.017360 0.336940
3860000 3.514652 2.109240 0.248540
3870000 3.571684 2.080222 0.316769
3880000 2.721469 2.088872 0.276920
3890000 3.197868 2.140718 0.293516
3900000 2.402308 2.194894 0.218629
3910000 2.104891 2.128543 0.284866
3920000 2.346087 2.107782 0.356314
3930000 2.930910 2.205142 0.330144
3940000 2.999436 2.025071 0.290772
3950000 3.399832 2.174500 0.347593
3960000 3.779120 2.050534 0.355087
3970000 3.080473 1.959340 0.253959
3980000 2.245715 2.119522 0.458785
3990000 2.170539 2.040205 0.346635
4000000 1.614708 2.039181 0.315077
