100000 2.899582 2.114368 -1.111395
110000 3.714511 2.073525 -1.253333
120000 4.097800 2.134705 -1.298562
130000 3.218509 2.093347 -1.219427
140000 2.663306 2.030539 -1.249352
150000 2.274100 2.106941 -1.312266
160000 2.234342 2.031672 -1.193512
170000 3.143891 2.024111 -1.231050
180000 4.155075 2.096327 -1.082773
190000 4.913601 2.109736 -1.283215
200000 4.901208 2.099433 -1.202809
210000 4.856368 2.249125 -1.247880
220000 4.264409 2.113625 -1.137455
230000 4.617143 2.102167 -1.235531
240000 5.003088 2.094080 -1.109438
250000 3.720428 2.005888 -1.170595
260000 3.235117 2.062994 -1.187686
270000 2.948716 2.129247 -1.258933
280000 2.542849 2.097847 -1.213524
290000 1.827665 2.080930 -1.234788
300000 1.628942 2.215788 -1.244711
310000 1.752563 2.067139 -1.272894
320000 2.860361 2.159219 -1.162404
330000 3.444591 1.982382 -1.337119
340000 4.183214 2.066649 -1.137705
350000 3.912097 2.027597 -1.428809
360000 4.560990 2.242312 -1.266965
370000 3.995439 2.040659 -1.218817
380000 3.008295 2.135411 -1.235348
390000 3.189149 2.204956 -1.061181
400000 2.661856 2.183802 -1.402026
410000 1.941288 2.084309 -1.388458
420000 2.256619 2.067501 -1.277654
430000 1.364570 2.146296 -1.140347
440000 1.303657 2.248966 -1.169775
450000 1.691060 2.078252 -1.290552
460000 2.051624 2.026727 -1.251341
470000 2.601706 1.962529 -1.198062
480000 1.602931 2.178728 -1.372000
490000 1.896770 2.120296 -1.120211
500000 1.334868 2.278287 -1.254145
510000 1.784214 2.234811 -1.157301
520000 1.927040 2.105377 -1.198479
530000 2.287956 1.952470 -1.239970
540000 3.253251 2.223521 -1.288686
550000 3.502055 2.198704 -1.254175
560000 4.043032 2.014296 -1.254757
570000 4.787046 2.035478 -1.138502
580000 3.963496 2.175337 -1.175353
590000 4.860085 2.033689 -1.316060
600000 4.158151 2.120132 -1.302595
610000 3.371849 1.922427 -1.191307
620000 3.754415 2.071242 -1.116989
630000 3.281264 2.069905 -1.215416
640000 4.555044 2.033612 -1.270279
650000 4.967262 2.176033 -1.244886
660000 4.687512 2.140353 -1.341736
670000 4.648969 2.003472 -1.299496
680000 3.968188 2.101613 -1.164724
690000 3.678499 2.046107 -1.287829
700000 2.744302 2.040347 -1.231387
710000 3.198687 1.967252 -1.160832
720000 2.849458 2.219910 -1.218620
730000 2.769918 2.116824 -1.135651
740000 2.423620 2.073151 -1.197173
750000 2.752456 2.241138 -1.273234
760000 3.427729 2.040567 -1.264231
770000 4.075144 2.186687 -1.182768
780000 4.520406 2.107990 -1.237459
790000 4.977373 2.072533 -1.252495
800000 4.648280 2.128833 -1.153432
810000 3.964452 2.075595 -1.224820
820000 3.365340 2.019795 -1.093136
830000 3.397987 2.058647 -1.309918
840000 4.062108 2.073827 -1.242493
850000 4.242349 2.112940 -1.191987
860000 4.540271 2.056682 -1.335379
870000 3.048604 2.037670 -1.225532
880000 3.004732 2.057887 -1.101764
890000 2.200108 2.227915 -1.185355
900000 2.536458 2.053106 -1.358176
910000 2.353689 2.060665 -1.235567
920000 2.969768 2.166419 -1.284120
930000 3.759332 2.013753 -1.089947
940000 3.323135 2.104512 -1.204863
950000 3.116705 2.087946 -1.249464
960000 4.526632 2.084966 -1.106213
970000 4.060368 2.112053 -1.237875
980000 4.438798 2.126604 -1.241893
990000 4.495109 2.179678 -1.188841
1000000 3.263878 2.159748 -1.247875
1010000 3.206401 2.146073 -1.111984
1020000 1.944025 2.130787 -1.236988
1030000 1.366602 2.108301 -1.287203
1040000 1.007982 2.146460 -1.203298
1050000 0.721925 2.127853 -1.369856
1060000 0.852611 2.072048 -1.220637
1070000 1.072973 2.054281 -1.251120
1080000 0.944114 2.120300 -1.231898
1090000 0.606258 2.075970 -1.357760
1100000 0.655237 2.058820 -1.259337
1110000 1.332377 2.048383 -1.238841
1120000 1.331666 2.066803 -1.296170
1130000 1.690087 2.016320 -1.225031
1140000 1.558643 1.953225 -1.236505
1150000 1.361974 2.227026 -1.183401
1160000 1.548492 2.032363 -1.169430
1170000 2.013430 2.035206 -1.266450
1180000 2.521713 2.038519 -1.335677
1190000 2.861409 1.958522 -1.237801
1200000 3.462510 2.099464 -1.056562
1210000 4.168789 2.147295 -1.309113
1220000 4.781954 2.166017 -1.200544
1230000 4.828235 2.121778 -1.349994
1240000 4.414255 2.155820 -1.260310
1250000 4.109309 2.054041 -1.265693
1260000 3.883310 2.009451 -1.143295
1270000 4.471924 2.156427 -1.262648
1280000 4.231347 2.174651 -1.162811
1290000 4.579047 2.013042 -1.332568
1300000 4.029109 2.172332 -1.355564
1310000 4.012393 2.224715 -1.172529
1320000 3.256029 2.160414 -1.174896
1330000 2.575609 2.102230 -1.226079
1340000 3.050314 2.081499 -1.231673
1350000 3.180102 2.046863 -1.149263
1360000 1.970175 2.091498 -1.244860
1370000 1.912185 1.999244 -1.206867
1380000 2.009881 2.096741 -1.298674
1390000 1.557203 2.191781 -1.285640
1400000 2.512221 2.190427 -1.195283
1410000 3.481983 1.962983 -1.174861
1420000 3.187722 2.203132 -1.189364
1430000 3.179575 2.199040 -1.270986
1440000 2.659362 2.087193 -1.224681
1450000 2.244420 2.084292 -1.153816
1460000 2.933261 1.967374 -1.151026
1470000 3.672146 2.149277 -1.153099
1480000 4.249854 2.122973 -1.149003
1490000 4.508311 2.035607 -1.221426
1500000 4.291416 2.039841 -1.280148
1510000 4.333018 2.129000 -1.291647
1520000 4.965097 2.040278 -1.216014
1530000 4.414817 1.987213 -1.194604
1540000 4.148094 2.105591 -1.224577
1550000 3.873821 1.977625 -1.231144
1560000 2.863689 2.056697 -1.141049
1570000 1.958370 2.156558 -1.337219
1580000 1.326902 2.100649 -1.199026
1590000 1.286720 2.087475 -1.099069
1600000 0.993331 2.079760 -1.132509
1610000 0.827206 2.013726 -1.135472
1620000 0.889084 2.134657 -1.125622
1630000 1.202579 2.119789 -1.359465
1640000 0.743865 1.996327 -1.181459
1650000 0.805072 1.942830 -1.345285
1660000 1.179965 2.164535 -1.216593
1670000 0.809085 2.102607 -1.250268
1680000 0.794347 1.995876 -1.252558
1690000 0.736473 2.107536 -1.258105
1700000 1.058389 2.086737 -1.236700
1710000 0.970134 1.973067 -1.174245
1720000 1.167277 1.977188 -1.171804
1730000 1.055114 2.147068 -1.245137
1740000 1.575402 2.047847 -1.255824
1750000 1.736932 2.036680 -1.104504
1760000 1.824682 2.073013 -1.131078
1770000 1.364245 2.030377 -1.258300
1780000 1.303837 2.116003 -1.133096
1790000 1.407589 2.077936 -1.187496
1800000 1.359761 2.200041 -1.174315
1810000 1.156685 2.120928 -1.265186
1820000 0.956361 2.227898 -1.163892
1830000 0.814132 2.203076 -1.233011
1840000 0.501317 2.238306 -1.369697
1850000 0.760299 2.074140 -1.293661
1860000 0.876373 2.169131 -1.238010
1870000 0.619571 2.272087 -1.200621
1880000 0.968747 2.153815 -1.270525
1890000 0.852957 2.133946 -1.338040
1900000 0.745911 2.273740 -1.195024
1910000 0.501507 2.319763 -1.342547
1920000 0.871824 2.067299 -1.278786
1930000 0.498740 2.310227 -1.431623
1940000 0.502246 2.241990 -1.327056
1950000 0.704219 2.158311 -1.270099
1960000 1.575978 2.033681 -1.392695
1970000 1.532610 2.071113 -1.176639
1980000 1.201507 2.021754 -1.227306
1990000 0.993054 2.137986 -1.118517
2000000 1.005450 2.155996 -1.316856
2010000 0.970396 2.110413 -1.245864
2020000 1.382922 2.145140 -1.076008
2030000 2.036246 2.011159 -1.217328
2040000 1.875390 2.021575 -1.392264
2050000 2.104405 2.105414 -1.182575
2060000 2.498157 2.152419 -1.122686
2070000 2.392828 2.008079 -1.100790
2080000 3.024483 2.121725 -1.084656
2090000 2.863205 2.108139 -1.314622
2100000 3.715899 2.067938 -1.155602
2110000 3.152813 2.238018 -1.218474
2120000 4.171662 2.131632 -1.220669
2130000 4.189810 2.157106 -1.233996
2140000 4.734373 2.114726 -1.220321
2150000 4.154699 2.119444 -1.271091
2160000 3.596808 1.989801 -1.340248
2170000 3.208181 2.204341 -1.219606
2180000 3.881949 2.054256 -1.299222
2190000 4.342328 2.153631 -1.273032
2200000 3.133155 2.051826 -1.083575
2210000 2.563198 2.114333 -1.223038
2220000 3.024265 2.215124 -1.289727
2230000 3.116571 2.132250 -1.283428
2240000 4.637717 2.168434 -1.115904
2250000 4.466531 2.042189 -1.132898
2260000 3.845373 2.139240 -1.121730
2270000 3.859408 2.113255 -1.237590
2280000 3.160627 1.993046 -1.263372
2290000 2.666673 2.181642 -1.138988
2300000 1.806111 2.091798 -1.199247
2310000 1.587289 2.089132 -1.322005
2320000 2.165013 2.175577 -1.321114
2330000 2.616866 2.091089 -1.250172
2340000 2.841274 2.022587 -1.158350
2350000 2.775854 2.014591 -1.070072
2360000 2.647208 2.139301 -1.353045
2370000 2.045106 2.156834 -1.232694
2380000 2.411456 1.995176 -1.106295
2390000 2.098115 2.219838 -1.174493
2400000 1.784966 2.283181 -1.223923
2410000 2.029170 2.052786 -1.284889
2420000 1.599725 2.107591 -1.267957
2430000 1.734615 2.102142 -1.363028
2440000 1.951411 2.074630 -1.247604
2450000 1.892129 2.016383 -1.280945
2460000 1.516491 2.109553 -1.225605
2470000 1.403477 2.135515 -1.280630
2480000 1.882924 1.983639 -1.338429
2490000 2.614861 2.083494 -1.272406
2500000 1.996104 2.162976 -1.232762
2510000 1.825094 2.140624 -1.118146
2520000 1.352156 2.079941 -1.200220
2530000 1.331979 2.015409 -1.169638
2540000 0.926026 2.129025 -1.227311
2550000 1.159282 2.238136 -1.065650
2560000 1.542562 2.066025 -1.297503
2570000 1.399244 2.121970 -1.226513
2580000 1.357008 2.056942 -1.189303
2590000 1.476362 2.119120 -1.189111
2600000 1.227060 2.176454 -1.218317
2610000 1.043489 2.061140 -1.181060
2620000 0.815715 2.131192 -1.210349
2630000 0.764359 2.293425 -1.349504
2640000 1.170979 2.140432 -1.195818
2650000 1.172737 2.050791 -1.260027
2660000 1.077864 2.238424 -1.353371
2670000 1.237238 2.316385 -1.159893
2680000 1.355116 2.102048 -1.159290
2690000 1.019382 2.072970 -1.242414
2700000 1.214418 2.113991 -1.179503
2710000 0.993216 1.982925 -1.252052
2720000 0.877890 2.147796 -1.218180
2730000 0.608419 2.195243 -1.240656
2740000 0.860443 2.256722 -1.231587
2750000 0.808359 2.019783 -1.151236
2760000 0.972248 2.070885 -1.161718
2770000 1.025357 2.145513 -1.136251
2780000 0.940939 2.178759 -1.254568
2790000 1.492484 2.071972 -1.273211
2800000 1.644087 2.098183 -1.313279
2810000 1.873449 2.133830 -1.183139
2820000 2.178797 1.992515 -1.173244
2830000 2.350951 2.052124 -1.180341
2840000 2.698315 2.155458 -1.216856
2850000 2.928120 2.131955 -1.208992
2860000 3.322155 2.000895 -1.267704
2870000 4.208119 2.141616 -1.241568
2880000 4.455044 2.047698 -1.229196
2890000 3.820410 2.043459 -1.329078
2900000 4.683322 2.058247 -1.004364
2910000 4.909713 2.125257 -1.220699
2920000 5.033071 2.151080 -1.205375
2930000 4.939573 2.175536 -1.166752
2940000 3.903284 2.065511 -1.244846
2950000 4.274556 2.021308 -1.196320
2960000 4.428085 2.166721 -1.310540
2970000 3.636854 2.103546 -1.140717
2980000 3.064698 2.200189 -1.264250
2990000 2.850027 2.042546 -1.296105
3000000 2.289773 2.113280 -1.270035
3010000 2.709594 1.962524 -1.085335
3020000 3.700733 2.115880 -1.186248
3030000 4.998988 2.069882 -1.290856
3040000 3.992885 2.000202 -1.000956
3050000 4.655490 2.104092 -1.285012
3060000 3.683299 2.050531 -1.168725
3070000 4.528068 2.118029 -1.227692
3080000 4.132719 2.067463 -1.219058
3090000 4.998654 2.103434 -1.147667
3100000 4.197465 2.020643 -1.202508
3110000 4.021608 2.056998 -1.228371
3120000 3.379827 2.129791 -1.272665
3130000 3.089483 2.070917 -1.197915
3140000 2.828461 2.060697 -1.140434
3150000 2.885084 2.097725 -1.263748
3160000 2.837137 2.035038 -1.235303
3170000 3.538665 2.054318 -1.077664
3180000 3.872617 2.069905 -1.304587
3190000 3.415790 2.032659 -1.310629
3200000 4.612940 2.155997 -1.169102
3210000 4.652594 2.119824 -1.328819
3220000 4.362592 2.235421 -1.211548
3230000 3.185810 1.960382 -1.187238
3240000 4.061148 2.175498 -1.399541
3250000 4.568873 2.132424 -1.182907
3260000 3.564629 2.188130 -1.197076
3270000 4.462719 2.107889 -1.233785
3280000 4.767009 2.058722 -1.080259
3290000 4.704244 1.855377 -1.065504
3300000 4.488009 1.980855 -1.263552
3310000 4.328206 2.044020 -1.231061
3320000 3.693568 2.088250 -1.181296
3330000 3.832076 2.118132 -1.196927
3340000 3.493837 2.112951 -1.151991
3350000 3.331646 2.227012 -1.336916
3360000 2.740481 2.178132 -1.188592
3370000 3.003127 2.125443 -1.192629
3380000 2.483379 2.173323 -1.149796
3390000 2.378822 2.073969 -1.179215
3400000 2.313342 2.011216 -1.342640
3410000 2.175707 2.024873 -1.120699
3420000 1.654169 2.022289 -1.153001
3430000 1.630542 2.007242 -1.145479
3440000 1.750152 2.060997 -1.275041
3450000 2.380846 1.969872 -1.313991
3460000 2.380621 2.026612 -1.351588
3470000 3.170150 2.039915 -1.145120
3480000 3.908082 2.133724 -1.199084
3490000 4.090962 2.223660 -1.115669
3500000 3.541921 2.026511 -1.204004
3510000 3.155801 2.145682 -1.420336
3520000 3.350321 2.106150 -1.236300
3530000 2.547092 1.955576 -1.237144
3540000 2.910094 2.158355 -1.361963
3550000 3.360606 2.047791 -1.160326
3560000 3.414702 2.066795 -1.293287
3570000 2.889055 2.027857 -1.233153
3580000 4.232895 2.079429 -1.166718
3590000 3.389249 2.108756 -1.199992
3600000 4.483180 2.161469 -1.308650
3610000 3.946873 2.095124 -1.118133
3620000 4.397066 1.987332 -1.271476
3630000 4.686604 2.079163 -1.320802
3640000 4.905287 2.177021 -1.276627
3650000 4.678337 2.066940 -1.138915
3660000 3.991326 2.157970 -1.175272
3670000 4.082971 2.045755 -1.277177
3680000 4.364854 2.137359 -1.277836
3690000 3.999235 2.001651 -1.210324
3700000 4.582085 2.123503 -1.263722
3710000 4.945946 2.128294 -1.213410
3720000 3.240293 1.962033 -1.216112
3730000 2.355796 2.108769 -1.225175
3740000 2.450799 2.066956 -1.173182
3750000 2.617143 2.128338 -1.241952
3760000 1.925588 1.982709 -1.122564
3770000 2.378378 2.004075 -1.150072
3780000 2.099427 2.107554 -1.152719
3790000 1.836559 2.162115 -1.242645
3800000 2.398078 1.961597 -1.179409
3810000 3.290630 2.106811 -1.252636
3820000 3.404381 2.161406 -1.215392
3830000 3.064318 2.147826 -1.251884
3840000 2.704994 2.137223 -1.122725
3850000 3.281306 2.102800 -1.149584
3860000 3.900696 2.057545 -1.109981
3870000 2.883567 2.106948 -1.206172
3880000 2.278092 2.218109 -1.212724
3890000 2.157517 2.030857 -1.313950
3900000 2.611765 2.083822 -1.204168
3910000 2.127502 2.075603 -1.197299
3920000 1.551665 1.980761 -1.207550
3930000 1.641569 2.119059 -1.282202
3940000 1.584249 2.077384 -1.190785
3950000 1.540669 2.069626 -1.210085
3960000 2.375359 2.072794 -1.231312
3970000 2.021208 2.105776 -1.154880
3980000 1.955234 2.062402 -1.091348
3990000 2.282493 2.196303 -1.315772
4000000 2.799819 2.058458 -1.316919
