100000 1.983067 2.021833 -1.483717
110000 3.302784 1.976051 -1.470096
120000 3.665939 2.154459 -1.230278
130000 2.817947 2.150788 -1.499863
140000 3.113314 2.034667 -1.331408
150000 4.483760 2.171700 -1.375099
160000 4.192679 2.043967 -1.444765
170000 4.442255 2.147646 -1.398289
180000 3.007673 2.099041 -1.408027
190000 2.633454 2.098670 -1.361970
200000 2.446779 2.106699 -1.532869
210000 1.849999 2.054522 -1.393730
220000 0.913723 2.128501 -1.376515
230000 0.754905 1.957065 -1.430414
240000 0.932098 2.083679 -1.355564
250000 1.058587 2.167269 -1.414882
260000 1.323747 2.200843 -1.381684
270000 1.506034 2.142561 -1.378765
280000 1.932321 2.152368 -1.354865
290000 1.626889 2.162916 -1.427979
300000 1.247795 2.034473 -1.434382
310000 0.954504 2.061400 -1.465649
320000 1.767248 1.948789 -1.268044
330000 2.659241 1.978356 -1.307188
340000 2.766045 2.081516 -1.295405
350000 3.924266 2.029681 -1.267346
360000 3.224837 2.089603 -1.436328
370000 2.346220 2.073442 -1.350294
380000 3.631823 2.089104 -1.376774
390000 4.866306 2.212736 -1.515556
400000 4.822198 2.200867 -1.334894
410000 3.325002 2.144176 -1.370750
420000 3.899361 1.989632 -1.337740
430000 3.289177 1.994538 -1.377197
440000 2.067297 2.161120 -1.433432
450000 2.123219 2.135383 -1.473905
460000 3.090356 1.953030 -1.407095
470000 4.014182 2.115623 -1.477825
480000 3.622397 1.991411 -1.319373
490000 4.526856 2.074385 -1.391978
500000 4.965251 2.111620 -1.240663
510000 4.600953 2.109746 -1.193664
520000 5.047552 2.274397 -1.454271
530000 3.715804 2.227434 -1.339207
540000 4.088008 2.070116 -1.385261
550000 3.563937 2.053412 -1.513305
560000 3.430304 2.122164 -1.419408
570000 4.389034 2.081854 -1.419626
580000 4.509871 1.965752 -1.358809
590000 3.722393 2.112191 -1.380719
600000 2.436270 2.264315 -1.399194
610000 2.423984 2.271966 -1.402162
620000 2.362185 2.085996 -1.308965
630000 1.509981 2.112163 -1.301204
640000 2.257706 1.976720 -1.465340
650000 3.129601 2.123930 -1.378821
660000 2.952029 2.017512 -1.315339
670000 3.169308 2.059010 -1.450392
680000 4.052886 2.039853 -1.452417
690000 4.150930 2.179093 -1.416362
700000 4.409446 2.044631 -1.422249
710000 4.097761 2.150824 -1.329336
720000 4.703180 2.195228 -1.644420
730000 4.097109 2.162741 -1.479079
740000 4.235802 2.075890 -1.459876
750000 4.900433 2.042702 -1.307808
760000 4.675533 2.063532 -1.597366
770000 4.724814 2.155014 -1.421473
780000 3.118577 2.039279 -1.353564
790000 2.321697 2.100642 -1.497607
800000 1.993874 1.967428 -1.409878
810000 2.791593 2.111128 -1.441919
820000 3.077233 2.068660 -1.565906
830000 3.953372 2.121704 -1.516251
840000 3.487541 2.050321 -1.586652
850000 4.076867 2.205434 -1.513320
860000 3.202722 2.072281 -1.395708
870000 2.325016 2.093690 -1.490406
880000 1.854024 2.182501 -1.363960
890000 1.351310 2.217326 -1.420349
900000 1.551706 2.083050 -1.398166
910000 1.288764 2.097659 -1.530096
920000 1.139746 2.261818 -1.404404
930000 0.687378 2.328974 -1.502915
940000 0.839293 2.206991 -1.382071
950000 0.980905 2.052089 -1.448906
960000 0.759470 2.196982 -1.405090
970000 0.979602 2.125809 -1.458696
980000 0.922952 2.089854 -1.212521
990000 0.727975 2.183125 -1.424543
1000000 0.576907 2.138838 -1.349718
1010000 0.623939 2.186599 -1.463575
1020000 0.640797 2.305209 -1.464622
1030000 0.495457 2.304072 -1.608127
1040000 0.703012 2.258294 -1.431140
1050000 0.956269 2.176178 -1.332151
1060000 1.237955 2.006809 -1.383101
1070000 1.915155 2.031855 -1.495877
1080000 1.841685 2.143406 -1.344848
1090000 2.536258 2.024852 -1.398316
1100000 1.844768 2.150475 -1.554821
1110000 1.353095 2.044315 -1.482810
1120000 1.468710 2.041150 -1.501758
1130000 2.059098 2.060990 -1.341447
1140000 2.088039 1.902196 -1.442623
1150000 2.107671 2.091626 -1.331265
1160000 3.313165 2.017461 -1.228290
1170000 4.295904 2.000018 -1.477542
1180000 4.594845 2.257534 -1.444006
1190000 4.159185 1.988470 -1.479008
1200000 4.842572 2.063712 -1.459106
1210000 3.867908 2.191466 -1.286658
1220000 3.345411 2.015783 -1.387124
1230000 2.600693 2.087465 -1.510605
1240000 3.442943 2.078092 -1.355067
1250000 3.490759 2.022096 -1.371240
1260000 2.627420 2.094332 -1.487975
1270000 2.241746 2.124959 -1.358324
1280000 2.543589 2.177275 -1.241915
1290000 1.889468 2.184447 -1.488292
1300000 1.658992 2.079851 -1.435669
1310000 1.201323 2.120991 -1.360355
1320000 1.521850 2.067831 -1.443304
1330000 1.511232 2.103597 -1.448659
1340000 1.693812 2.008739 -1.348339
1350000 1.974840 2.060480 -1.497348
1360000 2.163329 2.162304 -1.287398
1370000 3.324002 1.930459 -1.391071
1380000 3.741073 2.129571 -1.397440
1390000 3.439991 2.079497 -1.300808
1400000 2.737219 2.100787 -1.507154
1410000 3.102458 2.023480 -1.330840
1420000 4.675278 1.955132 -1.343800
1430000 4.985152 2.193494 -1.379403
1440000 4.126574 2.102225 -1.386958
1450000 3.934326 2.154976 -1.286621
1460000 3.596889 2.045126 -1.371579
1470000 2.656366 2.124686 -1.338282
1480000 2.565775 2.230278 -1.374826
1490000 2.458429 2.048361 -1.480102
1500000 2.328852 2.057106 -1.337400
1510000 1.615497 2.075641 -1.461165
1520000 0.971427 2.101917 -1.432700
1530000 1.133301 2.163526 -1.338647
1540000 0.944221 2.122228 -1.424494
1550000 1.273910 2.182975 -1.375720
1560000 1.318072 1.980692 -1.497252
1570000 1.270548 2.281489 -1.424103
1580000 1.123207 2.214757 -1.338490
1590000 1.337418 2.184243 -1.349987
1600000 1.871007 1.955964 -1.412586
1610000 1.585714 2.200142 -1.374055
1620000 2.141708 2.121179 -1.378883
1630000 3.433953 2.152821 -1.342659
1640000 2.775272 2.138038 -1.331339
1650000 3.828801 1.993048 -1.318099
1660000 2.624375 2.181506 -1.333482
1670000 2.406571 2.092193 -1.302922
1680000 3.290967 2.125760 -1.435807
1690000 4.439200 2.099847 -1.344489
1700000 4.130831 2.066111 -1.490874
1710000 4.873912 2.102155 -1.379411
1720000 4.229790 2.089446 -1.386389
1730000 4.813363 2.030942 -1.519072
1740000 4.703646 2.185144 -1.413933
1750000 4.865328 2.010334 -1.347249
1760000 3.378916 2.090352 -1.355964
1770000 4.335742 2.023834 -1.381215
1780000 4.699973 2.092144 -1.398770
1790000 4.591361 2.088410 -1.340906
1800000 3.870675 2.173541 -1.547545
1810000 3.273504 2.126692 -1.504813
1820000 2.694718 1.985183 -1.329618
1830000 3.178136 2.058215 -1.370972
1840000 2.783470 2.133211 -1.324433
1850000 3.965489 2.132048 -1.337735
1860000 4.072419 2.046896 -1.451716
1870000 3.777156 2.094031 -1.447331
1880000 3.538396 2.111250 -1.596963
1890000 3.392895 2.056681 -1.464627
1900000 3.823270 2.042767 -1.455878
1910000 1.803351 2.092857 -1.464923
1920000 2.613634 2.066349 -1.501649
1930000 2.501788 2.014893 -1.411452
1940000 3.035648 2.053582 -1.434361
1950000 3.191590 2.083483 -1.288453
1960000 3.030394 2.087956 -1.284437
1970000 2.277232 2.031455 -1.323296
1980000 2.099650 2.004469 -1.431033
1990000 1.678790 2.046936 -1.371587
2000000 1.809684 2.076015 -1.430822
2010000 2.101458 1.951624 -1.495526
2020000 2.304663 2.219064 -1.359718
2030000 1.831623 2.057451 -1.430947
2040000 2.018642 2.085284 -1.293850
2050000 1.554627 2.082764 -1.528034
2060000 1.530486 2.145463 -1.521203
2070000 0.789305 2.270304 -1.444066
2080000 0.822369 2.161771 -1.391351
2090000 0.805600 2.150984 -1.370218
2100000 0.710513 2.130109 -1.366156
2110000 0.869367 2.064060 -1.451218
2120000 0.796106 2.090613 -1.390452
2130000 0.875235 2.114025 -1.466544
2140000 1.079676 1.994948 -1.327073
2150000 1.141954 2.099297 -1.373165
2160000 0.832785 2.016971 -1.329027
2170000 0.950176 2.048424 -1.292280
2180000 0.640149 2.154490 -1.562329
2190000 0.506898 2.136285 -1.408623
2200000 0.601648 2.152345 -1.329636
2210000 0.568514 2.222500 -1.362528
2220000 0.494901 2.170220 -1.438286
2230000 0.784471 2.093889 -1.476651
2240000 0.884636 2.025306 -1.432879
2250000 1.331584 2.137133 -1.369915
2260000 1.168587 2.098074 -1.397350
2270000 1.594721 2.047435 -1.389140
2280000 1.574015 2.011953 -1.391752
2290000 1.895564 1.983610 -1.360246
2300000 2.587120 2.087395 -1.422774
2310000 3.809977 2.101756 -1.354240
2320000 3.889516 2.081934 -1.479425
2330000 3.114032 2.169654 -1.383930
2340000 4.095827 2.125009 -1.359806
2350000 4.316268 2.139398 -1.468857
2360000 3.449488 2.204989 -1.420384
2370000 3.676168 2.019453 -1.353283
2380000 3.119164 2.182809 -1.394928
2390000 2.742328 2.148100 -1.307113
2400000 3.049798 2.076208 -1.537510
2410000 3.835278 2.113251 -1.398069
2420000 4.267669 2.058552 -1.381330
2430000 4.659542 1.985173 -1.424130
2440000 4.581712 2.248162 -1.318863
2450000 4.932474 2.010965 -1.364470
2460000 4.721372 2.106965 -1.425764
2470000 3.830598 2.121687 -1.528377
2480000 4.239879 2.071830 -1.387956
2490000 2.976888 2.012468 -1.586999
2500000 3.313844 2.031979 -1.293859
2510000 2.742061 2.129614 -1.459997
2520000 3.586751 2.090697 -1.462142
2530000 4.036278 2.265374 -1.455242
2540000 4.440268 2.075394 -1.326832
2550000 4.325821 1.978106 -1.326266
2560000 4.431027 2.025325 -1.358671
2570000 3.297903 2.035191 -1.350162
2580000 2.553836 1.994814 -1.425443
2590000 2.562913 2.004085 -1.431986
2600000 2.268961 2.178441 -1.427344
2610000 2.361203 2.228049 -1.422172
2620000 1.967989 2.067728 -1.419738
2630000 1.806589 2.026732 -1.369799
2640000 1.611715 1.987965 -1.479966
2650000 1.865446 2.014266 -1.371258
2660000 1.729886 2.043403 -1.375951
2670000 1.578495 2.037147 -1.406525
2680000 1.980946 2.067689 -1.427743
2690000 2.305268 2.110214 -1.460771
2700000 2.242907 2.061318 -1.406173
2710000 2.926689 2.086247 -1.370603
2720000 2.690404 1.966544 -1.434499
2730000 2.390676 2.106281 -1.487242
2740000 2.138703 2.064984 -1.216152
2750000 2.046977 2.073637 -1.246101
2760000 2.161837 2.012924 -1.423460
2770000 1.857927 2.003168 -1.243653
2780000 1.414151 2.076776 -1.317694
2790000 1.141850 2.171198 -1.415088
2800000 1.137180 2.119989 -1.274784
2810000 0.984616 2.107658 -1.508913
2820000 1.174346 2.122145 -1.344162
2830000 1.405575 2.070979 -1.350904
2840000 1.290568 1.993808 -1.382622
2850000 1.517548 2.114085 -1.457417
2860000 1.345759 2.084212 -1.447337
2870000 1.786330 2.211754 -1.392573
2880000 1.920666 2.177139 -1.384691
2890000 2.699795 2.093573 -1.467551
2900000 2.930552 2.114839 -1.470435
2910000 2.872222 1.973707 -1.448824
2920000 3.499103 2.081198 -1.377058
2930000 3.702988 2.023831 -1.354730
2940000 4.790382 2.027686 -1.276799
2950000 4.810829 2.161641 -1.428368
2960000 4.649991 2.117828 -1.415053
2970000 3.584933 2.144083 -1.447911
2980000 4.039183 2.134448 -1.394980
2990000 3.243803 2.131194 -1.456005
3000000 3.171161 2.141813 -1.375111
3010000 3.655591 2.234994 -1.403817
3020000 4.331292 2.167454 -1.392094
3030000 4.051620 2.213757 -1.312726
3040000 4.788095 2.195195 -1.340385
3050000 4.264562 2.030694 -1.434997
3060000 3.710314 1.949398 -1.342173
3070000 3.314268 2.141405 -1.427342
3080000 4.048383 2.049211 -1.294172
3090000 4.167662 2.000474 -1.491014
3100000 4.351069 2.140138 -1.372552
3110000 4.218581 2.207037 -1.497500
3120000 3.790995 1.950340 -1.316162
3130000 4.449234 2.058125 -1.390578
3140000 3.903151 2.095405 -1.430083
3150000 3.271195 2.066098 -1.386378
3160000 2.653236 2.145222 -1.373838
3170000 2.356789 2.087423 -1.342026
3180000 2.409766 2.086091 -1.457236
3190000 3.184451 2.063810 -1.310215
3200000 3.323785 2.041032 -1.406061
3210000 3.484432 2.063876 -1.432362
3220000 3.511690 2.119463 -1.365957
3230000 3.839198 2.073170 -1.386496
3240000 3.885793 2.116580 -1.399065
3250000 4.237287 2.056827 -1.244474
3260000 4.615079 2.023787 -1.353510
3270000 4.027725 2.232632 -1.361136
3280000 4.534957 2.081070 -1.323588
3290000 4.823118 2.130417 -1.386596
3300000 4.307218 2.035556 -1.305722
3310000 4.935745 2.094527 -1.332021
3320000 4.649604 2.272019 -1.405887
3330000 4.606995 2.104798 -1.364089
3340000 4.758941 2.053255 -1.331659
3350000 3.893630 2.083547 -1.434880
3360000 3.920152 2.125966 -1.475243
3370000 4.796903 2.081045 -1.369983
3380000 4.700005 2.176362 -1.395045
3390000 3.703334 2.149376 -1.410282
3400000 3.388254 2.211467 -1.247153
3410000 3.186315 1.999262 -1.409078
3420000 2.797439 2.040558 -1.439179
3430000 2.146608 2.086065 -1.355728
3440000 1.717393 1.999762 -1.300230
3450000 1.493246 2.003338 -1.306884
3460000 0.924681 2.069347 -1.386630
3470000 0.970802 2.059726 -1.467328
3480000 0.997677 2.151279 -1.336635
3490000 0.967198 2.065922 -1.450981
3500000 0.833309 2.078677 -1.400643
3510000 1.130654 2.133028 -1.325243
3520000 1.148514 2.128304 -1.455226
3530000 1.415046 2.057878 -1.322068
3540000 1.176926 2.079845 -1.280467
3550000 1.194718 2.029568 -1.329839
3560000 1.123955 2.081229 -1.416068
3570000 1.372846 2.047772 -1.360709
3580000 1.198251 2.135231 -1.306268
3590000 0.954930 2.172348 -1.480580
3600000 0.973416 1.999613 -1.421342
3610000 1.195634 2.002835 -1.400012
3620000 0.693492 2.022529 -1.466596
3630000 0.491777 2.191505 -1.385564
3640000 0.736319 2.098421 -1.350228
3650000 0.820613 2.086503 -1.382412
3660000 0.913643 2.160981 -1.408947
3670000 0.747391 2.175476 -1.366573
3680000 0.881986 2.058630 -1.483856
3690000 0.972749 2.172586 -1.378876
3700000 0.989192 2.048655 -1.461848
3710000 1.265675 2.064968 -1.443221
3720000 1.629736 2.087788 -1.377571
3730000 1.702833 2.020491 -1.493122
3740000 1.642479 2.261039 -1.494330
3750000 2.189738 1.968975 -1.348930
3760000 2.338180 2.163689 -1.510298
3770000 2.438862 2.011008 -1.270209
3780000 2.095035 2.123705 -1.445542
3790000 3.059750 1.965641 -1.371790
3800000 2.998980 2.158523 -1.385721
3810000 3.335661 1.977941 -1.380801
3820000 2.446714 2.142618 -1.401997
3830000 2.324812 2.075648 -1.278052
3840000 2.821190 2.162532 -1.258159
3850000 3.581606 2.180574 -1.426313
3860000 2.802471 1.940228 -1.267953
3870000 2.871845 2.121097 -1.305263
3880000 2.210701 2.208152 -1.465822
3890000 3.406893 2.141429 -1.410763
3900000 3.634400 2.297307 -1.535978
3910000 4.354749 1.979437 -1.418219
3920000 3.818892 2.084440 -1.486789
3930000 3.940912 2.082937 -1.308240
3940000 4.779514 2.190791 -1.391385
3950000 4.507383 2.051658 -1.409166
3960000 3.654778 2.004998 -1.430606
3970000 3.180406 2.064608 -1.491091
3980000 2.639735 2.112163 -1.418581
3990000 2.714509 2.060292 -1.488901
4000000 3.019811 2.051616 -1.260616
