100000 2.179229 2.082586 -1.895183
110000 3.869068 1.988870 -1.737271
120000 4.230354 2.054159 -1.990282
130000 4.953476 2.078754 -1.917738
140000 4.996057 2.089958 -2.056163
150000 4.376725 2.055530 -1.843754
160000 2.994918 2.031444 -2.070340
170000 3.720150 2.245998 -2.004250
180000 4.617736 1.981642 -1.879599
190000 4.268794 2.128109 -1.980333
200000 3.719386 2.108477 -2.065495
210000 2.521964 2.122635 -1.918088
220000 2.170989 2.253613 -1.868071
230000 2.905284 2.191267 -1.839033
240000 3.616197 2.104753 -1.978670
250000 4.596530 2.058384 -2.060840
260000 3.779826 2.092122 -1.903008
270000 4.068472 2.124653 -1.844197
280000 3.781422 1.951634 -1.992625
290000 2.586092 2.091822 -1.881125
300000 2.408552 2.152501 -1.875669
310000 2.189571 2.154217 -1.864084
320000 1.874917 1.967497 -1.864869
330000 1.356168 2.006806 -1.861888
340000 1.876018 1.940611 -1.977953
350000 1.753112 2.133884 -1.943467
360000 0.782665 2.066863 -2.115378
370000 0.869620 2.181863 -2.074627
380000 0.934585 2.106696 -2.069225
390000 1.141192 2.154331 -1.937397
400000 1.520013 2.211532 -1.832992
410000 1.975398 1.995518 -1.912185
420000 2.257480 2.128319 -1.988825
430000 2.651843 2.070595 -1.957079
440000 3.753171 2.178064 -1.984237
450000 4.839512 2.165585 -1.942409
460000 4.106988 2.152945 -1.878413
470000 4.437320 2.050861 -1.876497
480000 3.070413 2.220249 -1.918886
490000 3.516126 2.085488 -1.769001
500000 3.240786 2.087945 -1.892711
510000 3.025671 2.148616 -1.902681
520000 3.920675 2.058745 -1.842243
530000 4.883862 1.929352 -1.955210
540000 4.721963 2.090400 -1.893177
550000 3.765946 2.262471 -1.980672
560000 2.920341 2.252433 -1.875245
570000 3.580215 2.049900 -1.923594
580000 2.389390 2.038179 -1.996135
590000 2.261452 2.007607 -2.074228
600000 2.173847 2.122147 -1.923905
610000 2.715801 2.030848 -1.957633
620000 2.305612 2.204863 -1.977721
630000 2.493175 2.001160 -1.980070
640000 1.819070 2.035644 -1.980952
650000 1.537641 1.990726 -1.940475
660000 2.340966 1.981053 -1.873988
670000 3.302280 2.162347 -1.885253
680000 4.364270 1.896739 -1.852392
690000 3.667804 2.085390 -1.849120
700000 2.848880 2.039025 -1.946947
710000 4.248804 2.127482 -1.985616
720000 3.650064 1.963836 -1.814110
730000 2.868210 2.118900 -1.876884
740000 2.798014 2.109161 -1.882628
750000 3.771922 1.941709 -1.907186
760000 5.011113 2.050251 -1.856407
770000 4.731407 2.140085 -1.810181
780000 4.772928 2.046246 -1.828629
790000 4.330391 2.075127 -1.926044
800000 4.098538 2.134940 -1.774138
810000 4.414041 2.148597 -1.956901
820000 4.030051 2.076120 -1.937073
830000 4.098424 2.007260 -1.961723
840000 4.288440 2.102745 -1.961728
850000 3.516505 2.069302 -2.002724
860000 3.187124 2.058036 -2.013319
870000 3.281868 2.166740 -1.954461
880000 2.594055 2.152610 -1.887701
890000 2.539281 2.015177 -1.834319
900000 1.721087 2.008429 -1.923275
910000 2.136348 2.132253 -1.741126
920000 2.752054 2.130363 -1.987800
930000 3.659013 2.079724 -1.871186
940000 4.305791 2.160385 -1.925332
950000 4.262665 2.036991 -1.962030
960000 3.557170 1.965302 -2.039473
970000 4.539946 2.067210 -1.992204
980000 4.511871 2.003868 -1.812703
990000 3.791025 2.159243 -1.856136
1000000 4.197055 2.062298 -1.922101
1010000 4.679276 2.147383 -1.994329
1020000 4.403095 2.161314 -2.027992
1030000 4.931490 2.169402 -1.929542
1040000 3.566359 2.021946 -1.931385
1050000 2.854445 2.262132 -1.956890
1060000 2.382159 2.148554 -1.927838
1070000 2.690791 2.119112 -1.854144
1080000 2.976234 2.053171 -2.010225
1090000 3.013890 2.135658 -1.844788
1100000 3.745870 2.127444 -1.871911
1110000 3.774825 2.041692 -1.867396
1120000 3.661061 2.029842 -1.946101
1130000 2.122725 2.164221 -1.952585
1140000 1.754436 2.185404 -1.951974
1150000 1.294696 2.189266 -2.047110
1160000 0.733659 2.086092 -1.971888
1170000 0.529040 2.064135 -1.946817
1180000 0.829017 2.057664 -1.976673
1190000 0.737542 2.182786 -1.892552
1200000 0.777348 2.120353 -1.887981
1210000 0.612785 2.091830 -1.903487
1220000 0.566213 2.141441 -1.921831
1230000 0.869445 1.974893 -1.839907
1240000 1.056966 2.136343 -1.992521
1250000 1.365403 1.953757 -1.874079
1260000 1.746095 2.100765 -1.973125
1270000 1.595614 2.030472 -1.950539
1280000 1.269866 2.152767 -1.905354
1290000 1.152082 2.105628 -1.850691
1300000 0.959334 2.045469 -1.891498
1310000 0.846786 2.287449 -1.844224
1320000 0.744507 2.036859 -1.973752
1330000 1.359842 2.048224 -1.887352
1340000 1.398988 2.049635 -1.925969
1350000 1.279640 2.186165 -1.995068
1360000 2.081904 2.134064 -1.773975
1370000 2.051475 2.148034 -1.824284
1380000 1.982930 2.073517 -1.844418
1390000 1.819139 2.137436 -1.917542
1400000 1.551101 2.088484 -1.946020
1410000 1.176233 2.217842 -1.891932
1420000 1.043210 2.139702 -1.960347
1430000 1.014363 2.083730 -1.844528
1440000 0.827316 2.187408 -2.042878
1450000 0.687062 2.244201 -1.966069
1460000 0.588732 2.254131 -1.951919
1470000 0.642953 2.225553 -2.074998
1480000 1.016377 2.158242 -1.871636
1490000 0.809359 2.091479 -1.989779
1500000 0.493864 2.183395 -2.031050
1510000 0.723513 2.035764 -1.886922
1520000 1.452354 2.130674 -1.666052
1530000 1.310630 2.119028 -1.829966
1540000 1.254283 2.052403 -1.863106
1550000 1.198722 1.994260 -1.857590
1560000 1.540883 2.108022 -1.880874
1570000 2.255404 2.103788 -1.852732
1580000 1.671830 2.076969 -1.916358
1590000 2.235270 1.895241 -1.879203
1600000 2.012746 2.009262 -1.995259
1610000 2.583630 2.055624 -1.922299
1620000 2.382521 2.136367 -1.894101
1630000 2.813232 1.985227 -2.000922
1640000 2.799714 2.033010 -1.977790
1650000 2.719572 2.174146 -2.011843
1660000 2.633537 2.044774 -2.044918
1670000 2.755002 2.085640 -1.950376
1680000 2.614864 1.960540 -2.054471
1690000 3.971019 2.026897 -1.861728
1700000 4.813065 2.037397 -1.870772
1710000 4.449526 2.130096 -1.814431
1720000 4.448802 1.850429 -1.970674
1730000 3.747602 2.090784 -1.942357
1740000 4.073276 2.092204 -1.910946
1750000 4.194538 2.011280 -1.989400
1760000 3.381783 2.140358 -1.862458
1770000 3.617460 2.103426 -1.931118
1780000 3.740101 2.176720 -1.911170
1790000 4.336074 2.177542 -1.900853
1800000 4.549956 2.297339 -1.869354
1810000 4.127692 2.123149 -1.966270
1820000 4.181130 2.230610 -1.912631
1830000 4.646357 2.184952 -1.891402
1840000 5.116327 2.192168 -2.049263
1850000 4.643943 2.116487 -2.040868
1860000 4.286774 2.136640 -1.899888
1870000 2.953221 2.195327 -1.983727
1880000 2.936071 2.158719 -1.876016
1890000 3.417768 2.119316 -1.959975
1900000 3.397357 2.047073 -2.001442
1910000 2.873468 2.082618 -1.948655
1920000 2.222523 1.942459 -1.980638
1930000 2.042669 1.932110 -1.786409
1940000 2.274760 2.150501 -2.003102
1950000 2.114459 2.051318 -1.778948
1960000 2.813670 2.074423 -1.898091
1970000 3.547288 2.157483 -1.828734
1980000 4.046454 2.111712 -1.968724
1990000 4.203742 2.106058 -1.950005
2000000 4.114139 2.127265 -1.859261
2010000 3.516793 2.063981 -1.948579
2020000 2.504573 2.191796 -1.982409
2030000 1.789496 2.138057 -2.029771
2040000 1.901819 2.070385 -1.789918
2050000 1.916655 2.085724 -1.957491
2060000 2.714726 2.103420 -1.912447
2070000 2.661204 2.056985 -2.034469
2080000 3.178259 2.048906 -2.002168
2090000 3.779321 2.116399 -2.030535
2100000 4.206209 2.030172 -1.962459
2110000 4.609697 2.119444 -1.879874
2120000 3.274412 2.115660 -1.829924
2130000 3.195913 2.035086 -1.962710
2140000 3.330333 1.888845 -1.910768
2150000 4.268697 2.235408 -1.900064
2160000 3.989852 2.146297 -2.046017
2170000 3.873270 2.101020 -2.054942
2180000 4.627234 2.216195 -1.957414
2190000 4.935768 2.203762 -1.821824
2200000 4.520572 2.053947 -1.837782
2210000 4.338265 2.051661 -1.814430
2220000 3.817974 1.994249 -1.976631
2230000 4.555158 2.091564 -2.007976
2240000 4.426352 2.115669 -1.919549
2250000 5.026145 2.018104 -1.890480
2260000 4.470323 2.046165 -1.996171
2270000 4.119171 2.087141 -1.855315
2280000 4.754402 2.046809 -1.964572
2290000 4.280786 2.077990 -1.925941
2300000 3.540843 2.006175 -1.944162
2310000 3.226332 2.081811 -1.843690
2320000 2.501636 2.017007 -1.905115
2330000 2.196196 2.148922 -1.890972
2340000 1.608171 2.111819 -1.983574
2350000 1.267953 2.123720 -1.887013
2360000 1.606082 2.116924 -1.940220
2370000 1.889653 1.977600 -2.089260
2380000 1.725032 2.251921 -1.901004
2390000 1.765254 2.095148 -1.944397
2400000 1.129306 2.158270 -1.968797
2410000 1.675614 2.037114 -1.858639
2420000 1.158399 2.147528 -1.893786
2430000 1.249259 2.042242 -1.934868
2440000 1.315207 2.007660 -1.879925
2450000 1.842713 2.064044 -1.929523
2460000 2.260087 1.987852 -1.947177
2470000 2.437897 2.059261 -1.766191
2480000 3.029597 2.082372 -1.920082
2490000 2.956593 2.061215 -1.917019
2500000 2.394728 2.175626 -1.949765
2510000 2.006924 2.035363 -1.947762
2520000 2.127569 2.063610 -1.756432
2530000 1.680703 2.029304 -1.798752
2540000 1.705763 2.073809 -1.872332
2550000 1.690371 2.066082 -1.900037
2560000 2.792305 2.096966 -1.699366
2570000 3.403086 1.955234 -1.940554
2580000 3.257678 2.029902 -2.062911
2590000 3.624390 2.096618 -1.874892
2600000 3.774701 2.249014 -1.823478
2610000 4.509196 2.166535 -1.877223
2620000 5.005306 2.121536 -1.815836
2630000 4.887287 2.036985 -1.923282
2640000 4.928188 2.067476 -1.970028
2650000 4.998460 2.097239 -1.928161
2660000 3.356842 2.039123 -1.909628
2670000 3.550039 2.118491 -2.010729
2680000 2.885298 2.011623 -1.904706
2690000 2.501673 2.076679 -1.932787
2700000 2.310300 2.085176 -1.929821
2710000 3.017592 2.100311 -2.029148
2720000 2.841982 2.162607 -1.962230
2730000 2.793296 2.214962 -1.814065
2740000 3.891037 2.056040 -2.083973
2750000 4.539486 2.119290 -2.018941
2760000 4.228538 2.100845 -1.945452
2770000 4.476293 2.134422 -1.928512
2780000 3.809087 2.018353 -1.882504
2790000 3.373773 2.029202 -1.980910
2800000 3.794364 2.218994 -1.845699
2810000 3.458707 2.054835 -1.953236
2820000 3.654085 2.010814 -1.808225
2830000 3.322888 2.029617 -1.848022
2840000 3.847749 2.175077 -1.999914
2850000 4.232851 2.112718 -1.983831
2860000 3.353104 2.099393 -1.942714
2870000 2.929816 2.057013 -1.872676
2880000 2.848751 2.064338 -1.929525
2890000 3.493792 2.200385 -1.883494
2900000 3.218178 2.249825 -1.967833
2910000 4.268800 2.091032 -1.893289
2920000 4.705916 2.119856 -1.842748
2930000 5.013281 2.228851 -1.850429
2940000 4.879863 1.988455 -1.956218
2950000 4.512733 2.002998 -1.803288
2960000 4.620974 2.149155 -2.023888
2970000 4.265402 2.020069 -1.938902
2980000 4.667667 2.015673 -2.041619
2990000 4.973668 2.066940 -1.912441
3000000 3.797432 2.272020 -1.859749
3010000 2.831143 2.091630 -2.000463
3020000 2.003379 1.989298 -1.974249
3030000 2.109295 2.170060 -1.808122
3040000 2.462760 2.144816 -1.877307
3050000 2.480986 2.031460 -1.913939
3060000 2.105678 2.085441 -1.943616
3070000 1.591448 1.977248 -1.877327
3080000 1.565620 2.194259 -1.967926
3090000 1.418876 1.923184 -1.993397
3100000 2.057110 2.001827 -1.982880
3110000 1.707219 2.097051 -1.925042
3120000 1.720779 2.168833 -1.907425
3130000 1.372888 2.133796 -1.789498
3140000 1.121200 2.126849 -1.908058
3150000 0.766651 2.044161 -1.856015
3160000 1.169377 2.023566 -1.829625
3170000 1.027109 2.145100 -2.056702
3180000 1.126243 2.016788 -1.893140
3190000 0.853234 2.119340 -1.958075
3200000 0.668946 2.260087 -1.963148
3210000 0.790859 2.199600 -2.081775
3220000 0.937639 2.186878 -1.971649
3230000 0.850937 2.203301 -1.846521
3240000 0.967203 2.120798 -1.912171
3250000 0.930278 2.062186 -1.893706
3260000 0.891360 2.027580 -1.991478
3270000 0.996176 2.166510 -2.057655
3280000 1.026320 2.100899 -1.925157
3290000 1.243439 1.995151 -1.915070
3300000 1.224404 1.992320 -2.087685
3310000 1.289345 2.130284 -1.767668
3320000 1.271934 2.074562 -1.978029
3330000 1.387100 2.015105 -1.896348
3340000 1.389730 2.056409 -1.971222
3350000 1.619437 2.142364 -1.826443
3360000 1.300351 2.048786 -1.925258
3370000 1.314824 2.105709 -1.992700
3380000 1.548614 1.940352 -1.878254
3390000 1.070531 2.221533 -2.006728
3400000 1.612804 2.007498 -1.972481
3410000 1.659071 2.097249 -2.008171
3420000 1.712017 2.032989 -1.865419
3430000 1.860502 2.182819 -1.932230
3440000 1.246980 2.171490 -1.827349
3450000 1.195016 2.229961 -1.869081
3460000 1.010328 2.054206 -1.907292
3470000 0.602559 2.152119 -1.881564
3480000 0.496871 2.088050 -1.970580
3490000 0.626627 2.094990 -2.054621
3500000 0.733314 2.093249 -2.033990
3510000 0.625807 2.171314 -2.080348
3520000 0.792936 2.086514 -1.852589
3530000 0.616124 2.099187 -1.851349
3540000 1.041726 2.059653 -1.855184
3550000 0.889256 2.097072 -1.912867
3560000 0.954252 2.122565 -1.882124
3570000 0.997853 2.047783 -1.950343
3580000 1.735284 1.948243 -1.878993
3590000 2.366819 2.092310 -1.787966
3600000 2.627496 2.084548 -1.958922
3610000 2.792387 2.122725 -2.037005
3620000 3.592403 2.110404 -2.061279
3630000 3.764693 2.023145 -1.990301
3640000 4.307634 2.113816 -1.905412
3650000 3.469751 2.033788 -1.931183
3660000 2.976958 2.058591 -1.863904
3670000 2.718664 2.078140 -1.881119
3680000 4.012167 2.075781 -1.946960
3690000 4.778836 2.238817 -1.991935
3700000 3.975144 2.028069 -1.897456
3710000 3.590905 2.094913 -1.992237
3720000 3.923368 2.112089 -1.900922
3730000 4.319441 2.167080 -1.930647
3740000 4.552601 2.145295 -1.986070
3750000 5.030882 2.110855 -1.902098
3760000 4.237870 2.048364 -1.914267
3770000 4.242195 2.211455 -1.924519
3780000 3.624192 2.123174 -1.901582
3790000 2.363023 2.172341 -1.850044
3800000 3.343731 2.079431 -1.826779
3810000 3.378782 2.124785 -1.798210
3820000 3.375467 2.161540 -1.915128
3830000 2.869671 2.202280 -1.886477
3840000 2.362335 2.221898 -2.005812
3850000 3.276851 2.087177 -1.765127
3860000 2.928900 2.057674 -1.885242
3870000 2.590008 2.063565 -2.039612
3880000 2.631338 2.150747 -1.846660
3890000 2.555104 2.108008 -1.994098
3900000 2.034026 2.216633 -1.703367
3910000 2.516647 2.073502 -1.922544
3920000 2.307934 2.201430 -1.850755
3930000 3.448376 2.200322 -1.934801
3940000 2.935363 2.118372 -1.897555
3950000 2.318223 2.070020 -1.924390
3960000 2.355801 2.240604 -1.849903
3970000 1.865018 2.046805 -2.028452
3980000 1.721211 2.097529 -1.821798
3990000 2.059131 2.099960 -2.002179
4000000 2.227151 2.225962 -1.950812
