100000 4.737415 2.044037 -2.377982
110000 4.105728 2.006982 -2.428262
120000 3.921890 2.026600 -2.452568
130000 2.597086 2.152874 -2.477009
140000 2.536333 2.098425 -2.451443
150000 2.313153 2.073320 -2.546324
160000 3.044727 2.118668 -2.470109
170000 4.519709 2.079090 -2.469768
180000 4.491209 2.177246 -2.497383
190000 4.682284 2.191586 -2.509395
200000 4.397342 2.049380 -2.458444
210000 3.417400 2.003708 -2.398666
220000 3.024615 2.016389 -2.511067
230000 2.680683 2.082356 -2.359446
240000 2.483483 2.071140 -2.462712
250000 1.888526 2.097676 -2.464036
260000 1.613821 2.101110 -2.475009
270000 1.323377 2.194270 -2.421783
280000 1.198948 2.171910 -2.303397
290000 1.157089 1.984322 -2.510476
300000 0.607059 2.197071 -2.329850
310000 0.601475 2.237066 -2.510008
320000 0.838973 2.046776 -2.442071
330000 1.984883 2.172329 -2.462685
340000 2.521289 2.142853 -2.474069
350000 3.836950 2.161401 -2.374839
360000 4.265413 2.009546 -2.425285
370000 2.870114 2.239152 -2.424769
380000 3.570199 2.092996 -2.573943
390000 4.738984 1.997034 -2.434214
400000 4.676084 2.095789 -2.340568
410000 4.661156 2.070930 -2.408519
420000 4.960250 2.195602 -2.414776
430000 4.446220 2.101201 -2.435739
440000 3.228146 2.132483 -2.384664
450000 2.778780 2.153451 -2.303409
460000 2.204685 2.020064 -2.498081
470000 2.113583 2.111837 -2.496641
480000 1.750088 2.089260 -2.401734
490000 1.655766 2.056090 -2.410200
500000 2.426556 2.086452 -2.468384
510000 4.360005 2.178295 -2.347614
520000 3.739305 2.088993 -2.469630
530000 2.942043 2.179515 -2.428861
540000 3.381441 2.150475 -2.515053
550000 3.301743 2.022532 -2.392494
560000 3.784103 2.086842 -2.433485
570000 3.740980 2.207616 -2.441943
580000 3.537043 2.184954 -2.517730
590000 2.561198 2.015329 -2.360606
600000 2.603251 2.167156 -2.446842
610000 2.313447 2.031916 -2.397437
620000 2.056832 2.157911 -2.382752
630000 2.079593 2.113187 -2.390043
640000 2.538855 2.037674 -2.334802
650000 3.350401 2.060963 -2.468209
660000 4.486180 2.069504 -2.369613
670000 4.173918 2.050322 -2.385301
680000 4.801058 2.003674 -2.365174
690000 4.150528 2.089398 -2.359959
700000 3.636555 2.046528 -2.314158
710000 2.875253 2.155372 -2.467656
720000 2.454403 2.121908 -2.358814
730000 4.134007 2.235363 -2.479385
740000 4.203860 2.063235 -2.510233
750000 4.516154 2.222109 -2.277030
760000 4.761100 2.037487 -2.428372
770000 3.018860 2.028878 -2.549093
780000 4.104644 2.078170 -2.464548
790000 3.462336 2.086513 -2.335448
800000 2.180916 2.110498 -2.383270
810000 1.823863 2.242764 -2.418858
820000 1.417336 2.138350 -2.497059
830000 1.488084 2.066770 -2.358436
840000 1.258137 2.117255 -2.551036
850000 1.193497 2.106947 -2.545997
860000 1.116762 2.180792 -2.503097
870000 0.512047 2.171954 -2.572949
880000 0.688800 2.104781 -2.644545
890000 0.865331 2.096636 -2.444704
900000 0.787411 2.107700 -2.411819
910000 0.524187 2.132679 -2.500412
920000 0.665094 2.102406 -2.454435
930000 1.106687 2.059937 -2.448455
940000 0.919113 2.100774 -2.375708
950000 1.346654 1.999333 -2.354747
960000 1.399528 2.111255 -2.340644
970000 0.973244 2.075015 -2.459962
980000 0.813979 2.082904 -2.442746
990000 0.723643 2.065332 -2.548857
1000000 0.937427 2.095214 -2.430602
1010000 1.526622 2.162207 -2.379318
1020000 1.485177 2.240767 -2.424835
1030000 1.147069 2.146192 -2.506767
1040000 1.534539 2.138159 -2.477819
1050000 2.093170 2.120757 -2.413752
1060000 2.536460 2.086353 -2.366195
1070000 2.659590 2.123550 -2.324648
1080000 2.964320 2.103449 -2.330174
1090000 2.955598 2.144359 -2.457535
1100000 3.187007 2.188123 -2.434192
1110000 3.123072 2.180583 -2.420314
1120000 2.616211 2.302345 -2.575444
1130000 2.252086 2.067291 -2.476967
1140000 1.790841 2.051201 -2.314574
1150000 2.121191 2.203708 -2.368233
1160000 1.942274 2.134846 -2.521595
1170000 2.638479 2.116633 -2.294363
1180000 2.182868 2.195534 -2.477644
1190000 3.813842 1.992697 -2.512384
1200000 4.903625 2.233170 -2.540501
1210000 5.048127 2.083966 -2.370460
1220000 3.594359 2.119992 -2.450433
1230000 3.527414 2.102952 -2.289919
1240000 3.895100 2.097638 -2.438151
1250000 4.996242 2.149137 -2.367266
1260000 4.562262 1.966008 -2.369351
1270000 4.951870 2.091944 -2.361648
1280000 4.241035 2.106960 -2.421367
1290000 3.090815 2.107111 -2.479793
1300000 3.654786 2.217715 -2.501892
1310000 2.990097 2.250670 -2.430749
1320000 4.118761 2.049385 -2.416398
1330000 4.729792 2.033720 -2.539432
1340000 4.932811 2.131647 -2.651692
1350000 4.725972 2.139467 -2.468108
1360000 4.276998 1.997384 -2.397579
1370000 4.187583 2.098672 -2.420492
1380000 3.554291 2.098428 -2.399867
1390000 2.795514 2.053650 -2.422287
1400000 2.323071 2.129198 -2.367669
1410000 1.761413 2.104662 -2.524455
1420000 2.216288 2.101533 -2.355137
1430000 2.704103 2.049275 -2.426606
1440000 1.892580 2.165288 -2.379951
1450000 2.823252 2.084394 -2.376719
1460000 3.525084 2.096378 -2.510669
1470000 5.020434 2.092728 -2.497279
1480000 3.905743 2.174480 -2.361666
1490000 4.540095 2.016518 -2.379298
1500000 4.607294 2.236072 -2.417076
1510000 4.525535 2.090820 -2.447150
1520000 4.792637 2.055642 -2.444779
1530000 4.244762 1.998143 -2.366846
1540000 3.669993 2.030131 -2.575987
1550000 3.760743 2.001729 -2.660033
1560000 4.436083 2.133200 -2.433553
1570000 3.743273 2.083649 -2.458040
1580000 3.200679 2.123243 -2.433813
1590000 2.597414 2.104567 -2.336379
1600000 1.855283 1.931579 -2.360770
1610000 1.865958 2.341318 -2.559027
1620000 1.486303 2.068282 -2.604214
1630000 1.623595 2.134981 -2.536587
1640000 1.069012 2.190931 -2.547177
1650000 0.905582 2.161942 -2.528356
1660000 0.849898 2.158453 -2.352682
1670000 1.298233 2.064216 -2.310693
1680000 1.782427 2.148403 -2.377914
1690000 1.991766 2.029954 -2.342645
1700000 2.475677 1.955864 -2.427969
1710000 1.935837 2.027893 -2.405040
1720000 2.285660 2.120542 -2.509009
1730000 3.383747 2.112846 -2.492840
1740000 3.322069 2.034231 -2.436304
1750000 3.592665 2.068825 -2.445026
1760000 3.012169 2.051701 -2.401790
1770000 3.409253 2.169302 -2.612760
1780000 4.287830 2.125120 -2.342681
1790000 4.002569 2.134334 -2.420827
1800000 4.077067 2.183430 -2.418513
1810000 2.628022 2.126077 -2.463442
1820000 3.640157 1.960574 -2.398651
1830000 4.487766 2.062294 -2.443807
1840000 4.583728 2.130069 -2.455083
1850000 4.498357 2.067676 -2.532431
1860000 4.191038 2.081318 -2.490547
1870000 3.570967 2.079661 -2.512805
1880000 2.871088 2.015256 -2.454125
1890000 2.820258 2.135575 -2.473897
1900000 2.595525 2.197381 -2.294190
1910000 2.175783 2.093269 -2.375619
1920000 1.858711 2.068711 -2.424760
1930000 1.400466 2.155357 -2.412071
1940000 1.224802 2.032789 -2.386263
1950000 1.540394 2.082763 -2.498871
1960000 2.147978 2.116356 -2.477049
1970000 1.990670 2.045483 -2.445847
1980000 2.471718 2.082028 -2.431663
1990000 3.350941 2.082764 -2.462264
2000000 3.757544 2.232031 -2.382447
2010000 3.897169 2.097635 -2.360938
2020000 3.186518 2.132448 -2.355631
2030000 4.499508 2.180978 -2.453482
2040000 3.795395 2.169982 -2.501311
2050000 4.588134 2.204073 -2.412972
2060000 3.479502 2.063779 -2.445238
2070000 2.893021 2.166697 -2.370822
2080000 3.306516 2.050686 -2.309260
2090000 2.964924 2.061741 -2.381388
2100000 3.663083 2.178238 -2.492797
2110000 3.174288 2.173440 -2.537597
2120000 2.168864 2.137471 -2.384450
2130000 2.125498 2.092879 -2.591983
2140000 2.476389 2.026870 -2.416625
2150000 3.686863 2.195923 -2.353355
2160000 3.248596 2.070753 -2.434201
2170000 3.060978 2.093439 -2.480667
2180000 4.019996 2.127988 -2.330985
2190000 4.307098 2.183518 -2.390881
2200000 4.098784 2.194542 -2.397196
2210000 4.367627 2.104247 -2.432975
2220000 4.371129 1.932116 -2.575890
2230000 4.012873 2.076949 -2.423735
2240000 3.823354 2.126067 -2.445649
2250000 3.851045 2.100105 -2.427209
2260000 4.920901 2.120675 -2.401367
2270000 4.755777 2.084595 -2.448413
2280000 5.020540 1.960473 -2.549075
2290000 3.863543 2.076932 -2.448513
2300000 2.658123 2.174321 -2.516449
2310000 2.040179 2.070388 -2.508416
2320000 1.312790 1.916759 -2.362250
2330000 1.338479 2.205844 -2.418565
2340000 1.662520 2.052944 -2.367967
2350000 1.698729 2.208373 -2.456268
2360000 1.478312 2.152063 -2.351825
2370000 1.142923 2.160241 -2.463084
2380000 0.605274 2.170763 -2.606424
2390000 0.659304 2.093723 -2.494171
2400000 0.851323 2.183062 -2.496611
2410000 0.993211 2.276191 -2.578856
2420000 1.119580 2.017031 -2.569781
2430000 0.560946 2.217242 -2.334805
2440000 0.716851 1.965973 -2.491350
2450000 0.870564 2.128379 -2.564459
2460000 1.292311 2.256938 -2.364438
2470000 1.400642 2.146468 -2.495004
2480000 0.940912 2.208019 -2.421583
2490000 1.333363 2.065869 -2.552411
2500000 0.938003 2.115198 -2.364880
2510000 0.874940 2.098730 -2.516298
2520000 0.721887 2.122334 -2.463699
2530000 1.077305 2.147526 -2.399528
2540000 1.464825 2.145901 -2.393514
2550000 1.726700 2.095408 -2.387024
2560000 2.221904 1.989244 -2.426551
2570000 2.499106 2.092487 -2.358215
2580000 2.334648 2.119324 -2.494662
2590000 2.173451 2.101356 -2.464783
2600000 2.221982 2.123657 -2.541235
2610000 2.470530 2.018644 -2.555724
2620000 2.999148 2.205398 -2.385856
2630000 3.461398 2.126570 -2.506941
2640000 2.269421 1.963898 -2.289129
2650000 3.740491 1.963201 -2.459790
2660000 3.353683 2.318139 -2.456366
2670000 4.405758 1.985941 -2.319770
2680000 4.623276 2.042738 -2.255127
2690000 4.781657 2.068112 -2.391879
2700000 4.721981 2.122265 -2.396109
2710000 5.067254 2.005351 -2.352694
2720000 4.516989 2.077384 -2.365889
2730000 3.560757 2.170238 -2.519285
2740000 4.017570 2.167411 -2.361589
2750000 2.854259 2.086003 -2.453802
2760000 2.620623 2.096861 -2.420219
2770000 2.107809 2.071316 -2.432354
2780000 1.854768 2.027353 -2.447470
2790000 1.899270 2.138211 -2.422301
2800000 2.542457 2.087301 -2.515723
2810000 2.571830 2.120195 -2.407230
2820000 3.091335 2.118845 -2.500714
2830000 3.525689 2.063463 -2.549418
2840000 4.646323 2.109247 -2.455098
2850000 3.765288 2.028709 -2.477111
2860000 3.069435 2.196978 -2.500015
2870000 2.780402 2.046144 -2.441627
2880000 3.006693 2.108636 -2.445687
2890000 2.534717 2.217998 -2.280392
2900000 2.107478 2.128556 -2.455851
2910000 2.503009 2.089124 -2.458047
2920000 2.808288 1.934037 -2.465721
2930000 3.144515 2.198533 -2.462457
2940000 3.262369 2.047483 -2.343090
2950000 3.379950 2.084016 -2.566131
2960000 3.129933 2.063352 -2.447963
2970000 2.156441 2.216967 -2.565486
2980000 1.817112 2.048072 -2.423166
2990000 1.605034 1.990739 -2.458032
3000000 1.301752 2.089766 -2.361208
3010000 1.369194 2.097505 -2.464404
3020000 1.103154 2.206957 -2.439807
3030000 1.162701 2.114014 -2.402430
3040000 1.072274 2.104936 -2.386960
3050000 0.562070 2.058312 -2.380643
3060000 0.753303 1.982906 -2.364049
3070000 0.576888 2.215523 -2.454422
3080000 0.728969 2.059105 -2.409752
3090000 0.816602 2.106924 -2.415819
3100000 0.679895 2.119837 -2.531390
3110000 0.907707 2.101063 -2.506286
3120000 0.505959 2.209393 -2.475996
3130000 0.908206 2.065282 -2.390424
3140000 0.835642 2.051356 -2.473387
3150000 0.577913 2.066317 -2.414920
3160000 0.656213 2.072316 -2.357619
3170000 1.187192 2.206316 -2.419389
3180000 1.272164 2.292661 -2.277347
3190000 1.297647 2.087345 -2.439462
3200000 1.439999 1.955235 -2.448680
3210000 1.705413 1.996335 -2.413427
3220000 1.970601 2.158911 -2.403038
3230000 2.001634 2.003421 -2.485708
3240000 2.055248 2.031110 -2.463550
3250000 1.686333 2.177996 -2.369706
3260000 1.914932 2.106722 -2.378084
3270000 2.365749 2.105102 -2.461672
3280000 2.084242 2.185256 -2.349800
3290000 2.592115 2.086413 -2.385207
3300000 2.300902 1.973927 -2.550617
3310000 2.035966 2.093919 -2.525211
3320000 2.049069 2.054043 -2.420429
3330000 2.384538 2.020125 -2.455510
3340000 2.721135 2.088449 -2.398663
3350000 4.128641 2.121291 -2.447485
3360000 4.602298 2.129118 -2.370751
3370000 4.239542 2.014382 -2.518747
3380000 4.652200 2.050680 -2.333806
3390000 4.698140 1.987679 -2.435637
3400000 3.840204 2.201438 -2.391482
3410000 3.125531 2.132220 -2.458755
3420000 4.297649 2.155616 -2.491303
3430000 4.083307 2.102733 -2.461649
3440000 4.711442 2.259746 -2.360197
3450000 4.800210 2.077584 -2.404031
3460000 3.862323 2.204707 -2.447702
3470000 3.694371 2.054794 -2.467016
3480000 3.714909 2.011270 -2.406204
3490000 4.550130 2.151368 -2.463093
3500000 4.421712 2.094761 -2.494821
3510000 4.826081 2.123612 -2.329254
3520000 4.436772 2.292066 -2.506410
3530000 4.984829 2.084383 -2.570174
3540000 4.116952 2.083455 -2.429075
3550000 3.619842 2.047021 -2.376298
3560000 3.201960 2.069126 -2.436689
3570000 3.978087 2.186725 -2.520155
3580000 4.108928 2.114639 -2.349740
3590000 4.526852 2.079057 -2.449853
3600000 4.885681 2.100523 -2.435557
3610000 4.621882 2.074529 -2.469699
3620000 3.446538 2.004780 -2.475522
3630000 3.124272 2.081487 -2.428118
3640000 3.179868 2.147406 -2.487888
3650000 3.569415 1.965363 -2.355232
3660000 2.990094 2.152005 -2.434438
3670000 2.826265 2.059703 -2.489087
3680000 3.117323 2.250478 -2.475194
3690000 2.498116 2.206686 -2.418318
3700000 2.120904 1.932500 -2.384258
3710000 1.612561 2.164159 -2.265536
3720000 1.880918 2.048023 -2.611313
3730000 2.094918 2.096174 -2.547970
3740000 2.453537 2.110835 -2.375446
3750000 2.674869 2.015471 -2.480328
3760000 2.596859 2.091454 -2.445586
3770000 2.995054 2.116451 -2.380931
3780000 2.659261 2.189821 -2.533692
3790000 2.225593 2.215425 -2.468734
3800000 2.421543 2.076082 -2.420620
3810000 2.502630 1.969013 -2.411210
3820000 3.238049 2.054298 -2.463544
3830000 3.324892 2.119103 -2.384023
3840000 3.405512 2.028782 -2.591721
3850000 3.665007 2.178112 -2.553963
3860000 4.189317 2.267437 -2.439681
3870000 4.426555 2.094450 -2.395638
3880000 4.776588 2.217513 -2.439082
3890000 4.483077 2.099951 -2.406391
3900000 3.886080 1.992873 -2.418970
3910000 2.758119 2.173801 -2.563673
3920000 4.670945 2.093937 -2.502277
3930000 3.722898 1.993461 -2.326304
3940000 3.823587 2.197123 -2.460172
3950000 4.439614 2.301179 -2.421871
3960000 3.773273 2.262327 -2.530233
3970000 3.717959 1.939124 -2.494886
3980000 2.640364 2.086823 -2.425960
3990000 3.241408 2.106978 -2.397634
4000000 3.400165 2.130761 -2.533533
