100000 3.615202 -2.994054 -1.266264
110000 4.671082 3.110630 -1.277830
120000 4.240763 -2.956928 -1.197765
130000 3.264965 2.978414 -1.209708
140000 4.265665 3.127343 -1.419951
150000 4.134425 -3.135611 -1.325891
160000 4.803363 3.140487 -1.299796
170000 4.478320 3.035380 -1.230890
180000 5.037904 3.141495 -1.213250
190000 4.789278 -3.107879 -1.122861
200000 3.365658 -3.096478 -1.239135
210000 3.557064 3.141122 -1.186821
220000 2.145764 3.127626 -1.191977
230000 1.786349 -3.136872 -1.288607
240000 1.279306 -3.043296 -1.299850
250000 0.967697 -3.060988 -1.211672
260000 1.125005 -3.066217 -1.322575
270000 1.457819 3.136117 -1.166016
280000 1.729978 -2.979146 -1.263088
290000 1.904114 3.062708 -1.123010
300000 1.214337 3.070206 -1.218264
310000 1.008526 -2.949809 -1.096560
320000 0.639528 3.034416 -1.209060
330000 0.791250 -3.100718 -1.137059
340000 1.321338 3.120095 -1.147550
350000 1.838864 3.065241 -1.028290
360000 2.439734 -3.127336 -1.248668
370000 2.666551 -3.066426 -1.279230
380000 3.350675 -3.055763 -1.023607
390000 3.181219 -3.102186 -1.241834
400000 2.877739 -3.054186 -1.101306
410000 2.903186 -3.118175 -1.295609
420000 3.050109 3.102700 -1.143667
430000 3.918972 3.125905 -1.231443
440000 4.326956 3.106822 -1.282909
450000 4.116637 3.122868 -1.215934
460000 4.580216 -3.040359 -1.291259
470000 3.602053 -3.036637 -1.405109
480000 3.760599 -3.080551 -1.179900
490000 1.834634 3.099207 -1.132045
500000 2.275615 3.135846 -1.148039
510000 1.739479 3.094907 -1.326448
520000 1.684353 -3.064060 -1.347195
530000 1.501313 -3.080557 -1.297386
540000 2.055272 -3.108980 -1.188970
550000 2.212655 -3.120885 -1.122384
560000 2.693200 -3.128682 -1.213491
570000 3.242954 -3.129038 -1.049722
580000 2.659123 -3.071405 -1.144496
590000 2.933706 -3.094762 -1.260868
600000 3.690501 2.999052 -1.249671
610000 4.066577 3.129755 -1.309094
620000 4.916118 -3.075370 -1.145532
630000 3.918908 3.071584 -1.182158
640000 5.019253 3.093334 -1.237287
650000 4.661648 3.121254 -1.163084
660000 4.784239 -2.977671 -1.138710
670000 4.852069 3.092591 -1.096908
680000 4.782835 3.066106 -1.368082
690000 3.333589 -3.067835 -1.099561
700000 2.880754 3.087868 -1.175926
710000 4.016527 -3.128601 -1.225073
720000 4.305137 -3.088034 -1.214271
730000 4.657020 3.067903 -1.201854
740000 4.911245 -3.134944 -1.369236
750000 4.683750 3.123648 -1.143379
760000 5.018651 -3.041155 -1.243132
770000 4.366681 -3.123386 -1.220520
780000 3.845725 3.088636 -1.128085
790000 3.590693 3.095954 -1.167090
800000 3.116051 3.048981 -1.213445
810000 1.934093 3.139511 -1.220828
820000 1.788658 -3.100855 -1.200180
830000 2.341706 -3.033598 -1.178656
840000 2.464358 3.100060 -1.218284
850000 2.828076 3.134977 -1.365458
860000 3.543268 3.130127 -1.142959
870000 3.664207 3.103849 -1.102111
880000 2.778583 -3.072550 -1.057467
890000 3.239507 -3.031607 -1.175699
900000 2.136772 2.891490 -1.230985
910000 1.325492 3.000044 -1.252859
920000 1.199021 -3.122320 -1.254353
930000 1.254206 -2.998285 -1.033683
940000 0.964408 3.056480 -1.150289
950000 0.608731 3.061674 -1.238731
960000 0.710645 -3.011426 -1.090913
970000 0.785214 -3.032586 -1.155710
980000 0.709304 -3.022890 -1.206581
990000 1.074380 3.057700 -1.229818
1000000 1.114261 -3.097153 -1.137542
1010000 0.823751 -3.102516 -1.108116
1020000 1.196484 3.120590 -1.286991
1030000 1.185188 3.091444 -1.099246
1040000 1.759165 3.108555 -1.242168
1050000 2.094050 -3.115075 -1.197788
1060000 1.823552 -3.112483 -1.121573
1070000 1.531692 -3.075318 -1.135563
1080000 1.267469 3.122048 -1.248275
1090000 1.731902 -3.124583 -1.252661
1100000 1.256873 -3.134585 -1.237141
1110000 1.155120 -3.115537 -1.205016
1120000 1.151717 -3.090209 -1.239211
1130000 1.029938 3.097821 -1.133218
1140000 1.330536 -3.114317 -1.008974
1150000 1.740357 -3.140827 -1.220389
1160000 2.423422 -3.108157 -1.272703
1170000 2.626283 3.053350 -1.284300
1180000 4.122472 -3.124958 -1.178645
1190000 3.806592 3.109261 -1.231075
1200000 4.222179 3.065414 -1.332220
1210000 3.274439 -3.120193 -1.284948
1220000 3.473825 3.134182 -1.203612
1230000 2.521839 -3.054495 -1.193395
1240000 2.698097 3.097716 -1.218537
1250000 2.792126 -3.114158 -1.312776
1260000 2.923966 3.119524 -1.118507
1270000 3.609369 -3.083002 -1.088550
1280000 4.811924 3.047163 -1.237463
1290000 4.670380 3.032376 -1.058993
1300000 4.955533 -2.993292 -1.339555
1310000 4.392921 -3.107465 -1.130720
1320000 4.289653 -3.063124 -1.168069
1330000 4.227364 -3.092502 -1.152532
1340000 4.760594 3.130157 -1.212667
1350000 4.190884 3.126057 -1.135433
1360000 3.223654 -3.135683 -1.151632
1370000 3.237799 -3.087457 -1.226732
1380000 3.437448 3.047836 -1.152227
1390000 2.587049 -3.104589 -1.130060
1400000 2.216009 -3.085930 -1.338734
1410000 2.536917 -2.963657 -1.364301
1420000 1.892685 -3.103854 -1.133785
1430000 2.202608 -3.103532 -1.236791
1440000 3.118245 3.045234 -1.243185
1450000 2.993116 3.093412 -1.105112
1460000 3.574404 -3.124305 -1.230852
1470000 3.463857 3.134760 -1.320381
1480000 3.178268 3.087709 -1.192473
1490000 2.300646 -3.118044 -1.201247
1500000 1.642471 3.100546 -1.149165
1510000 2.141084 -3.010129 -1.282520
1520000 1.584305 -3.029283 -1.155821
1530000 1.707777 3.125173 -1.356046
1540000 1.613037 -3.120741 -1.134874
1550000 1.506986 -3.024523 -1.234496
1560000 1.610835 3.115159 -1.132449
1570000 1.411588 3.078719 -1.253927
1580000 1.848321 -3.075520 -1.211823
1590000 2.196656 -3.092068 -1.081680
1600000 2.305673 3.097291 -1.232100
1610000 2.581129 -3.124756 -1.350106
1620000 3.531947 3.131502 -1.249717
1630000 4.675275 -3.064880 -1.182897
1640000 4.279294 3.121291 -1.232255
1650000 3.896042 -3.107647 -1.280559
1660000 4.504992 -3.110220 -1.276901
1670000 3.723948 3.140215 -1.313692
1680000 3.013722 -3.109012 -1.202215
1690000 2.695992 -3.129547 -1.284345
1700000 3.439625 3.069650 -1.295143
1710000 3.712675 -3.129172 -1.294538
1720000 3.519794 -3.099371 -1.251489
1730000 4.986808 3.100730 -1.169779
1740000 4.507642 -3.124104 -1.203073
1750000 5.020037 -3.105884 -1.206701
1760000 4.951292 -2.977189 -1.336497
1770000 3.439988 -3.093682 -1.277147
1780000 3.258301 3.005003 -1.149794
1790000 3.430921 3.115901 -1.268542
1800000 2.248362 3.092466 -1.157006
1810000 2.845437 3.117752 -1.117522
1820000 3.824209 -3.046022 -1.131358
1830000 4.928872 3.091610 -1.281331
1840000 4.148854 -3.132219 -1.236462
1850000 4.719769 -3.129542 -1.178327
1860000 4.180537 3.026715 -1.153720
1870000 4.808421 -3.075030 -1.215649
1880000 4.416883 -3.105053 -1.160789
1890000 4.880628 -3.125395 -1.151202
1900000 4.062739 -3.022391 -1.248746
1910000 3.547075 -3.138493 -1.228766
1920000 3.379546 -3.084413 -1.235965
1930000 4.090518 -3.066809 -1.122099
1940000 4.279670 -3.076493 -1.312884
1950000 3.041601 -3.139614 -1.391310
1960000 2.189441 -3.062941 -1.253272
1970000 1.786162 -3.140872 -1.216152
1980000 2.411909 -3.114171 -1.192906
1990000 3.175475 3.128762 -1.135224
2000000 4.265145 3.042606 -1.191621
2010000 3.076918 -3.105422 -1.176328
2020000 2.558033 -3.081020 -1.320403
2030000 3.202789 -3.138391 -1.291826
2040000 2.127481 3.041843 -1.459924
2050000 2.000800 3.126188 -1.175957
2060000 2.073266 3.104097 -1.129554
2070000 2.600932 -3.083465 -1.168296
2080000 2.403470 3.110320 -1.281015
2090000 1.925674 3.070343 -1.216509
2100000 1.245943 3.055310 -1.121805
2110000 1.232584 -3.049972 -1.305274
2120000 1.127598 3.085232 -1.197090
2130000 0.530580 3.043346 -1.435943
2140000 0.694051 3.114964 -1.184736
2150000 0.502305 3.058659 -1.160477
2160000 0.871854 -3.065757 -1.327541
2170000 0.812013 3.106226 -1.318784
2180000 0.749366 -2.940937 -1.253881
2190000 0.799740 3.124141 -1.251442
2200000 1.175569 -3.083076 -1.254719
2210000 1.314782 3.131559 -1.231665
2220000 1.570827 3.118443 -1.096348
2230000 1.778567 -3.112997 -1.240821
2240000 1.897385 3.065468 -1.205509
2250000 1.821591 3.035499 -1.266970
2260000 1.890684 -3.085993 -1.328557
2270000 1.577909 -3.139427 -1.241495
2280000 2.395921 -3.124763 -1.086394
2290000 2.928042 3.029203 -1.300538
2300000 2.755852 3.121223 -1.119699
2310000 3.096149 -3.106550 -1.276640
2320000 3.496109 3.100912 -1.256205
2330000 3.656620 3.062744 -1.207746
2340000 4.182308 3.110982 -1.182531
2350000 3.951258 -3.132208 -1.273039
2360000 4.436108 3.133385 -1.196117
2370000 4.316734 -3.118817 -1.215920
2380000 5.040815 -3.061466 -1.202093
2390000 4.335645 3.137895 -1.202945
2400000 3.521353 -3.107035 -1.138332
2410000 4.438995 3.119308 -1.060673
2420000 4.857801 -3.124987 -1.238473
2430000 4.860309 3.055419 -1.209276
2440000 4.919980 -3.141351 -1.049657
2450000 4.043448 -3.109255 -1.091562
2460000 3.452283 3.013907 -1.263970
2470000 3.804578 3.101155 -1.179522
2480000 3.643194 -3.099989 -1.118906
2490000 2.600131 -3.050366 -1.277729
2500000 2.401174 3.058312 -1.224566
2510000 1.988020 -3.116161 -1.300365
2520000 1.369482 -3.085147 -1.230726
2530000 1.507203 3.119853 -1.234965
2540000 1.266278 -3.084901 -1.148224
2550000 1.194007 -3.119101 -1.173696
2560000 1.521028 3.107675 -1.210230
2570000 1.502156 3.050322 -1.156686
2580000 1.613517 3.105422 -1.270941
2590000 0.663520 3.082136 -1.103726
2600000 0.678878 3.066368 -1.174492
2610000 0.825727 -3.103730 -1.241741
2620000 0.683342 -3.115762 -1.158583
2630000 0.969407 2.960599 -1.207920
2640000 0.945196 -3.106022 -1.289864
2650000 1.046465 3.105536 -1.256428
2660000 0.793242 -3.111394 -1.273643
2670000 0.818712 3.046632 -1.230235
2680000 0.750600 3.107464 -1.242673
2690000 0.499121 3.034075 -1.257741
2700000 0.574993 3.075662 -1.112904
2710000 0.550349 -3.124539 -1.253376
2720000 0.585738 -3.072796 -1.133344
2730000 0.665774 3.135402 -1.160520
2740000 0.863691 3.113668 -1.142337
2750000 1.159346 3.068408 -1.230029
2760000 1.348018 3.053236 -1.252229
2770000 1.116305 3.094009 -1.167470
2780000 1.236499 -3.076543 -1.151105
2790000 1.329355 3.078889 -1.250268
2800000 1.053686 3.081270 -1.177023
2810000 1.660660 3.113892 -1.298521
2820000 1.740226 3.105452 -1.231190
2830000 1.756867 3.108498 -1.160307
2840000 2.115530 3.083822 -1.175683
2850000 1.864516 3.128357 -1.303784
2860000 2.866288 3.129681 -1.114227
2870000 2.464874 -3.121691 -1.297907
2880000 2.848432 3.041058 -1.151471
2890000 3.544148 -3.108170 -1.259621
2900000 3.824851 2.991278 -1.149949
2910000 2.956269 3.007361 -1.118513
2920000 2.886641 3.090327 -1.241748
2930000 3.506896 -3.068424 -1.234334
2940000 4.039522 -3.124108 -1.251388
2950000 3.962338 3.124202 -1.187770
2960000 3.806776 3.095690 -1.179261
2970000 4.474651 -3.121893 -1.281155
2980000 4.143113 3.098590 -1.256694
2990000 3.545516 3.115573 -1.203142
3000000 3.375696 -3.098407 -1.296784
3010000 3.929350 3.138618 -1.272205
3020000 4.432499 3.095975 -1.197789
3030000 4.868147 3.046055 -1.323562
3040000 4.513988 -3.066381 -1.343751
3050000 3.938446 3.108826 -1.356903
3060000 4.527572 -3.123766 -1.368915
3070000 4.798930 -3.063295 -1.377598
3080000 4.929696 3.109841 -1.136475
3090000 4.535019 3.118004 -1.238642
3100000 3.784555 3.080315 -1.221360
3110000 2.522830 3.097907 -1.163181
3120000 2.389676 -3.066131 -1.300605
3130000 2.509655 -3.085879 -1.207235
3140000 2.615930 3.037792 -1.237908
3150000 2.354042 3.052594 -1.064627
3160000 2.514116 3.117325 -1.134515
3170000 2.517310 -3.103077 -1.254292
3180000 3.023731 -3.066099 -1.314240
3190000 3.049071 -2.991378 -1.210113
3200000 3.575993 3.017232 -1.180648
3210000 4.735672 -3.049643 -1.156604
3220000 4.994235 -3.069265 -1.255234
3230000 4.800936 3.075873 -1.258712
3240000 4.178160 3.096355 -1.176737
3250000 3.636723 2.953609 -1.259732
3260000 4.053119 -3.062933 -1.342185
3270000 4.082156 -3.065646 -1.265232
3280000 3.207994 -3.046082 -1.113414
3290000 4.291676 3.074404 -1.188894
3300000 4.054136 -3.098618 -1.297770
3310000 3.337902 3.127628 -1.147380
3320000 3.009151 -2.984569 -1.160739
3330000 4.319348 3.109491 -1.259489
3340000 3.513404 -3.058257 -1.174696
3350000 4.140784 3.116578 -1.277443
3360000 4.627921 3.106331 -1.198697
3370000 4.436021 3.050121 -1.236206
3380000 4.990211 -3.107810 -1.325366
3390000 4.766458 -3.091954 -1.182296
3400000 4.560115 -3.103663 -1.161261
3410000 4.461856 -3.122965 -1.128765
3420000 3.902124 -3.098581 -1.079457
3430000 3.891842 3.120600 -1.318912
3440000 3.441745 -3.078523 -1.262983
3450000 3.087954 -2.989060 -1.289640
3460000 2.842880 -3.048809 -1.246366
3470000 1.948872 3.089415 -1.280111
3480000 2.488883 -3.095314 -1.317507
3490000 2.871328 -3.080579 -1.153971
3500000 2.508958 3.096745 -1.287393
3510000 1.896480 -3.112596 -1.257089
3520000 1.784608 3.034754 -1.153763
3530000 1.456566 3.080779 -1.279379
3540000 2.155659 -2.944762 -1.243893
3550000 1.488454 -3.122329 -1.320752
3560000 1.377369 3.116784 -1.234016
3570000 1.259607 -3.113151 -1.130426
3580000 0.845598 3.055427 -1.220474
3590000 0.918574 -3.134814 -1.257003
3600000 0.856806 3.072237 -1.240175
3610000 1.097042 -3.082155 -1.153262
3620000 0.976428 -2.964599 -1.216693
3630000 1.185205 -3.129971 -1.149136
3640000 1.405996 3.096512 -1.159319
3650000 1.456756 3.104042 -1.166888
3660000 1.540987 -2.895241 -1.266599
3670000 1.299141 -3.137445 -1.328033
3680000 1.631513 -3.012007 -1.234863
3690000 1.547487 3.025426 -1.277779
3700000 1.226046 3.119667 -1.250715
3710000 1.133806 3.095814 -1.156194
3720000 1.055908 -3.086540 -1.125958
3730000 0.682420 -3.128740 -1.227099
3740000 0.819647 -3.091052 -1.248302
3750000 0.811312 3.128333 -1.268502
3760000 0.798752 3.060918 -1.261633
3770000 0.972400 -3.114524 -1.204559
3780000 1.130899 -3.027239 -1.217029
3790000 1.329921 3.107983 -1.229424
3800000 1.135734 3.112156 -1.185014
3810000 1.289861 -3.059129 -1.266796
3820000 1.813942 -3.141389 -1.182809
3830000 1.831715 -3.137555 -1.190558
3840000 2.191232 3.056393 -1.272349
3850000 2.093350 3.066364 -1.282273
3860000 2.739728 -3.043006 -1.198793
3870000 2.783591 3.134116 -1.159359
3880000 2.154965 3.104674 -1.201359
3890000 2.794930 -3.135309 -1.209891
3900000 3.106026 -3.089970 -1.236087
3910000 2.086492 -3.130960 -1.092898
3920000 2.150048 -3.130234 -1.118889
3930000 2.170598 3.099831 -1.008517
3940000 2.837633 3.082793 -1.143455
3950000 3.415161 -3.076426 -1.253388
3960000 3.170271 -3.080423 -1.221790
3970000 3.784007 3.090889 -1.296139
3980000 3.543585 3.088589 -1.262102
3990000 3.728713 3.067022 -1.153465
4000000 4.211242 -3.132893 -1.210302
