100000 4.027382 2.043902 -2.914966
110000 4.426488 1.973129 -2.980368
120000 3.718770 2.216772 -2.960530
130000 4.513098 2.008315 -3.086394
140000 4.567228 2.095484 -2.980706
150000 3.491855 2.099544 -2.924604
160000 2.066000 2.191903 -3.009729
170000 2.331961 2.057103 -2.978838
180000 2.659154 2.040646 -2.945521
190000 3.363782 2.123348 -2.973854
200000 2.218918 2.172370 -2.998252
210000 1.330321 2.096370 -3.045678
220000 1.416227 2.158930 -3.029569
230000 1.323305 2.067996 -3.079456
240000 0.836503 2.068830 -3.059157
250000 1.007341 2.183347 -2.917113
260000 0.692181 2.170582 -2.851806
270000 1.137806 2.013875 -2.997151
280000 2.079996 2.102088 -3.024606
290000 2.326720 2.064999 -2.958429
300000 1.391784 2.070620 -3.031703
310000 1.823725 1.899100 -2.883152
320000 2.771162 2.030933 -2.938758
330000 4.206583 2.058164 -3.048950
340000 4.083614 2.123457 -3.057765
350000 4.069168 2.021755 -2.812150
360000 3.591316 1.993702 -2.836320
370000 3.677043 2.223490 -2.928793
380000 4.058279 2.084500 3.087381
390000 3.252309 2.074810 -2.905666
400000 4.708340 2.179316 -3.007365
410000 4.966246 2.036032 -3.089355
420000 4.873011 2.057024 -2.950107
430000 4.349060 2.095241 -3.101560
440000 4.749573 2.208192 -2.939744
450000 3.332388 2.124258 -2.924314
460000 2.951034 2.200543 -2.927479
470000 2.150888 2.083158 -2.988106
480000 2.269670 2.077860 -3.035632
490000 1.856678 2.152896 -2.894763
500000 2.636939 2.052629 -2.970603
510000 3.679181 2.070528 -2.957716
520000 4.268218 2.091205 -3.019761
530000 3.913555 2.161103 -2.830126
540000 3.865993 2.042555 -2.858597
550000 2.924898 2.203173 -3.064912
560000 3.068181 2.179248 -2.990843
570000 3.686519 2.169344 -2.985250
580000 4.544267 2.107695 -2.996508
590000 4.126638 2.036393 -2.973777
600000 3.903207 2.089407 -2.937372
610000 4.769434 2.121274 -2.824478
620000 4.000414 2.057906 -2.912585
630000 4.886124 2.102461 -2.957636
640000 4.303635 2.129493 -2.962749
650000 4.888751 2.034303 -2.888668
660000 4.652368 1.989167 -2.988185
670000 2.936491 2.091733 -2.847152
680000 3.295033 2.119234 -3.130484
690000 3.786192 2.205691 -2.890311
700000 2.423256 2.000733 -3.019285
710000 2.068720 2.089607 -2.975385
720000 1.872492 1.902539 -2.918226
730000 0.976607 1.971962 -2.970507
740000 0.904154 2.089078 -3.024584
750000 0.836683 2.145303 -3.097306
760000 0.791450 1.984998 -3.071461
770000 0.768586 2.166245 -3.066640
780000 1.080734 2.069046 -2.926945
790000 1.368457 1.932294 -2.837680
800000 1.476420 2.199486 -2.982475
810000 1.395004 2.049365 -3.132862
820000 1.113556 2.119100 -3.039993
830000 1.869919 2.090084 -2.987745
840000 1.693908 2.173754 -2.898975
850000 1.443367 2.080864 -2.932545
860000 1.495239 2.293390 -3.013162
870000 1.513094 2.156405 -3.008005
880000 0.949177 2.079295 -2.858840
890000 1.015444 2.011945 -2.936327
900000 1.251219 2.207550 -2.956990
910000 0.498557 2.116717 -2.971556
920000 0.709731 2.146570 -2.988995
930000 0.511414 2.188378 -3.034394
940000 0.782668 2.135247 -3.032459
950000 1.219353 2.155169 -2.925164
960000 1.294520 2.091896 -3.072044
970000 0.945017 2.157590 -2.980521
980000 1.293942 2.137592 -3.012736
990000 1.304922 2.147667 -2.902183
1000000 1.573049 2.046088 -2.953356
1010000 1.925388 2.080375 -2.985539
1020000 2.441120 2.065658 -2.991944
1030000 2.831401 2.170969 -3.096569
1040000 2.890472 2.176193 -3.105219
1050000 2.100186 2.224633 -2.995936
1060000 3.193395 2.171886 -2.885941
1070000 3.286080 2.124266 -3.015185
1080000 2.819928 2.040135 -3.040439
1090000 3.935281 2.124511 -2.951721
1100000 4.240640 1.997320 -2.991712
1110000 4.080614 2.090373 -2.837488
1120000 4.421176 2.079381 -2.885119
1130000 3.404876 2.050235 -2.871024
1140000 3.932715 2.091875 -3.005826
1150000 4.800466 2.082313 -2.953832
1160000 5.019528 2.112417 -2.900687
1170000 4.937774 2.197677 -2.975357
1180000 4.900006 2.041335 -2.944902
1190000 4.445343 2.253955 -2.975796
1200000 3.997131 2.100248 -2.918350
1210000 3.037008 2.155807 -3.046199
1220000 2.264382 2.073221 -2.987693
1230000 1.945901 2.077633 -2.889574
1240000 2.497068 2.093494 -2.994854
1250000 2.496090 2.170582 -3.043292
1260000 3.141400 2.217882 -2.960985
1270000 3.200620 2.051201 -3.064031
1280000 2.943333 2.105044 -2.947663
1290000 4.437755 2.096812 -2.988384
1300000 3.883184 2.169915 -2.961118
1310000 3.867766 2.044683 -3.021155
1320000 4.564941 2.176643 -2.911363
1330000 4.639938 2.131059 -2.931197
1340000 4.985788 2.020677 -2.931258
1350000 4.011477 2.107692 -3.026729
1360000 3.152384 2.121160 -3.095774
1370000 2.819012 2.092382 -2.965121
1380000 3.156209 2.092160 -2.837957
1390000 1.935367 2.029803 -2.962814
1400000 2.214467 2.117379 -2.980130
1410000 2.533712 2.136192 -2.891626
1420000 2.516728 2.117095 -2.950714
1430000 4.485197 2.133691 -2.954279
1440000 3.947942 2.062799 -2.980795
1450000 4.203811 2.195786 -2.899168
1460000 4.512338 2.070541 -2.997772
1470000 2.970034 2.140173 -2.926950
1480000 1.829037 2.043593 -2.947258
1490000 1.913928 2.118296 -2.985815
1500000 1.887788 2.050082 -3.073746
1510000 2.244921 1.962326 -2.977617
1520000 2.424485 2.101784 -2.930288
1530000 2.356069 2.074664 -2.955642
1540000 3.117051 2.173294 -2.967112
1550000 3.710012 2.025612 -2.974278
1560000 2.879609 2.143442 -2.936613
1570000 3.771885 2.058281 -3.016190
1580000 4.646871 2.098718 -2.896100
1590000 4.121334 2.061739 -2.928359
1600000 5.018455 2.160620 -3.019510
1610000 4.679283 2.154769 -3.049178
1620000 4.605737 1.923303 -3.005891
1630000 3.787864 2.039746 -3.099804
1640000 3.692093 2.104205 -3.086845
1650000 3.864192 2.024299 -3.119950
1660000 3.645217 2.051877 -2.939704
1670000 4.062652 2.103796 -2.996840
1680000 4.263705 2.065199 -3.025591
1690000 3.541147 2.174765 -2.973028
1700000 4.259650 2.100280 -2.921932
1710000 4.546237 2.008277 -2.978790
1720000 4.724200 2.031402 -2.928711
1730000 3.342423 2.003187 -2.956811
1740000 2.198185 2.128125 -2.925172
1750000 1.922966 1.903979 -2.888795
1760000 1.868582 2.156250 -2.934727
1770000 1.640390 2.106242 -3.005711
1780000 2.529207 2.066000 -3.042711
1790000 2.630765 2.098991 -2.827217
1800000 3.668960 2.038047 -2.969811
1810000 4.105707 2.222649 -2.991028
1820000 3.333041 2.178600 -3.117128
1830000 2.543450 2.184537 -3.067551
1840000 2.282589 1.969572 -2.919030
1850000 1.630908 2.143948 -3.001360
1860000 1.566695 1.896848 -2.935982
1870000 1.669769 2.046054 -3.054501
1880000 1.575148 2.106766 -2.919133
1890000 1.420415 2.075247 -2.971846
1900000 1.197568 2.123343 -2.874802
1910000 0.803117 2.139462 -2.961056
1920000 0.733537 2.122998 -2.963998
1930000 0.887330 2.096199 -2.956238
1940000 1.115487 2.105176 -3.073344
1950000 1.170290 2.178864 -2.950838
1960000 1.209208 2.104492 -2.960029
1970000 1.206988 2.158858 -2.994861
1980000 1.484370 2.142253 -2.929190
1990000 1.541653 2.063382 -2.902509
2000000 1.603839 1.935994 -2.925769
2010000 1.735937 2.044441 -2.962348
2020000 2.030795 2.053854 -2.960443
2030000 1.660171 2.037362 -2.866697
2040000 0.910767 2.147787 -2.855349
2050000 1.050948 2.060722 -2.965542
2060000 0.900760 2.018738 -2.954356
2070000 0.710912 2.043430 -3.003383
2080000 0.669121 2.053224 -2.959260
2090000 0.890562 2.107927 -2.896291
2100000 0.503150 2.150721 -2.896147
2110000 0.576014 2.179756 -2.997543
2120000 0.863239 1.943860 -2.908886
2130000 1.023485 1.993797 -2.851234
2140000 1.254702 2.008054 -2.909308
2150000 2.064559 2.003614 -2.999008
2160000 2.689280 2.148517 -3.025968
2170000 2.996759 1.972265 -2.949212
2180000 2.561076 2.060599 -2.966683
2190000 3.276331 2.076832 -2.961824
2200000 3.197463 2.117726 -3.022407
2210000 3.649596 2.150437 -2.923825
2220000 4.278171 2.188243 -2.974125
2230000 4.704899 1.944877 -2.975030
2240000 3.921336 2.122185 -2.761519
2250000 4.713604 2.004529 -3.007622
2260000 4.994436 2.157206 -2.937595
2270000 4.888918 2.092668 -3.002717
2280000 3.994442 2.175322 -2.910189
2290000 3.665524 2.078942 -2.923336
2300000 3.095736 2.081444 -2.923390
2310000 2.921338 2.133775 -2.924470
2320000 2.233108 2.074134 -3.038750
2330000 2.384944 2.117137 -2.958661
2340000 2.101566 2.272120 -2.952723
2350000 2.135358 2.151208 -2.971171
2360000 1.973609 2.111941 -2.991236
2370000 2.553445 2.147675 -2.838898
2380000 2.836245 1.916299 -2.929778
2390000 3.602911 2.114291 -2.970977
2400000 3.495953 2.037741 -2.919653
2410000 3.433618 2.020505 -2.982110
2420000 4.931916 2.220996 -2.924795
2430000 4.759333 2.113680 -3.040708
2440000 4.668802 2.174878 -2.927782
2450000 4.795618 2.264409 -3.013890
2460000 4.970817 2.024716 -3.079353
2470000 4.864993 2.100448 -3.028671
2480000 4.627223 2.127594 -2.949828
2490000 4.195818 2.136933 -3.007183
2500000 4.448530 2.053647 -3.058943
2510000 4.326344 2.127460 -3.000054
2520000 3.940300 2.065989 -2.931010
2530000 2.776024 2.212050 -2.968465
2540000 3.783028 2.145493 -3.002735
2550000 4.539419 2.083996 -2.952282
2560000 4.625889 2.101137 -3.004025
2570000 4.928132 2.127429 -3.051022
2580000 4.523422 2.187632 -3.025304
2590000 4.727332 2.098081 -2.914046
2600000 3.825971 2.068678 -3.095649
2610000 3.496138 2.069301 -2.909249
2620000 2.701367 2.107428 -2.901688
2630000 1.940532 2.149909 -2.957558
2640000 2.217070 2.125365 -3.038250
2650000 2.733447 2.046371 -2.940179
2660000 3.298411 2.092336 -2.991992
2670000 3.782527 2.072382 -2.811005
2680000 2.490419 2.149307 -2.845293
2690000 2.366712 2.211390 -2.980291
2700000 1.939175 2.054786 -2.961425
2710000 1.724985 2.006430 -2.952526
2720000 1.933832 2.080949 -3.085471
2730000 1.898225 2.044194 -3.027554
2740000 1.634090 2.063859 -2.978700
2750000 1.502951 2.118668 -2.953560
2760000 1.358188 2.176099 -3.074073
2770000 1.452083 2.111327 -3.048136
2780000 0.883601 2.019361 -2.952913
2790000 1.076047 2.098372 -2.937786
2800000 1.018363 2.115010 -3.068462
2810000 0.892115 2.180363 -3.053728
2820000 1.648020 2.074122 -3.011777
2830000 1.174228 2.069470 -2.812213
2840000 1.090032 2.094867 -2.967648
2850000 0.825988 1.963235 -2.871666
2860000 0.825922 1.979313 -3.070287
2870000 0.893609 2.115283 -2.973474
2880000 0.765742 2.074260 -2.938019
2890000 0.681011 2.075012 -2.953098
2900000 0.774189 2.001568 -2.893084
2910000 0.873463 2.175054 -2.968242
2920000 0.503984 2.123258 -2.808329
2930000 0.506116 2.154659 -2.898923
2940000 0.611894 2.110421 -2.804706
2950000 0.600021 2.175829 -2.883132
2960000 0.603496 2.067075 -2.892406
2970000 1.006636 2.082645 -2.994566
2980000 1.297921 2.112594 -2.856409
2990000 1.274433 2.136023 -2.976389
3000000 1.605847 2.149399 -3.000043
3010000 1.838650 1.885669 -3.042974
3020000 1.851655 1.983717 -2.998702
3030000 2.143681 2.074266 -2.852261
3040000 2.810797 2.117649 -2.915543
3050000 2.501052 2.088435 -3.042534
3060000 2.496246 2.102318 -2.991476
3070000 3.064377 2.197482 -3.062344
3080000 3.353366 2.051351 -2.920238
3090000 2.885851 1.973615 -2.916159
3100000 4.039020 1.988398 -3.081941
3110000 4.087751 1.923784 -3.121371
3120000 3.699232 1.901853 -2.932056
3130000 3.517884 2.151993 -2.929242
3140000 3.605029 2.074999 -3.026755
3150000 3.231790 2.199313 -2.970550
3160000 2.223073 2.172921 -3.002169
3170000 2.097146 2.000549 -3.001056
3180000 2.596985 2.056984 -2.965247
3190000 1.974285 2.020805 -2.913990
3200000 1.743376 2.169218 -3.100030
3210000 1.540923 2.082044 -2.942925
3220000 1.623831 2.080503 -3.096904
3230000 1.213360 2.124833 -2.943985
3240000 1.397295 2.069020 -3.053913
3250000 1.324035 2.219842 -2.943118
3260000 1.765438 2.212477 -2.951818
3270000 1.794606 1.989651 -3.065335
3280000 2.050771 2.034229 -3.092487
3290000 1.760638 2.053518 -2.967382
3300000 2.156402 2.005222 -2.907587
3310000 2.093076 2.073101 -2.862127
3320000 2.615758 2.096325 -3.011694
3330000 3.473482 2.175647 -2.996625
3340000 2.363023 2.052505 -2.926180
3350000 2.472923 2.152376 -3.076553
3360000 2.870159 2.028023 -2.921868
3370000 3.247254 2.011336 -2.942416
3380000 4.195806 2.062738 -3.089669
3390000 4.243243 2.097833 -2.965768
3400000 4.242489 1.975418 -2.954187
3410000 4.629604 2.026478 -2.909808
3420000 4.591862 2.139390 -2.828346
3430000 4.727418 2.089101 -3.097250
3440000 4.663427 2.006046 -3.090307
3450000 4.947089 2.244559 -2.999203
3460000 4.793399 2.008492 -2.981520
3470000 3.924943 2.050578 -2.968383
3480000 3.815016 2.040097 -2.982689
3490000 3.713254 1.959739 -3.014389
3500000 3.332799 2.023636 -3.025843
3510000 3.896075 2.166662 -2.942265
3520000 4.886590 2.168096 -3.029154
3530000 3.702189 2.000177 -2.882310
3540000 2.984313 1.983758 -2.774239
3550000 3.045057 2.131359 -2.961362
3560000 2.785394 2.093876 -2.943273
3570000 2.811134 2.166983 -2.895989
3580000 3.601732 2.107347 -2.932195
3590000 4.517832 2.207064 -2.963578
3600000 4.099506 2.042515 -3.075130
3610000 4.307088 2.057101 -3.120169
3620000 3.718050 2.179874 -3.085335
3630000 4.003092 2.191530 -2.943260
3640000 4.013830 2.216500 -2.943188
3650000 3.546085 2.068010 -2.830941
3660000 3.014853 2.114594 -2.913023
3670000 4.491916 2.012081 -2.970216
3680000 4.340603 2.169809 -2.878784
3690000 3.949246 2.197679 -2.937178
3700000 3.185852 2.051063 -2.910221
3710000 3.000258 2.108374 -2.890778
3720000 2.479215 2.111360 -3.033640
3730000 2.638133 2.109179 -2.925150
3740000 3.182082 2.078650 -2.854562
3750000 2.616666 2.111568 -2.968855
3760000 2.381000 2.115619 -2.988478
3770000 2.242295 2.089700 -2.999360
3780000 2.245211 2.119059 -3.015754
3790000 2.172503 1.896570 -2.967094
3800000 2.186794 2.130137 -3.025412
3810000 1.689886 2.167830 -3.066970
3820000 1.604273 2.103355 -2.957131
3830000 2.714955 2.105191 -3.072041
3840000 3.025471 2.215062 -3.028031
3850000 2.424955 2.104342 -2.843705
3860000 3.363193 2.084221 -2.834528
3870000 4.422892 2.111332 -2.933578
3880000 4.459261 2.159302 -2.959963
3890000 4.702330 2.060950 -2.978819
3900000 4.911242 1.976917 -3.029758
3910000 4.376490 2.147280 -3.056130
3920000 5.020602 2.064255 -3.027063
3930000 4.354255 2.071515 -2.897788
3940000 4.061606 2.184609 -2.846476
3950000 4.798235 2.077849 -2.981883
3960000 4.850609 2.160351 -2.921867
3970000 3.637784 2.123123 -2.875812
3980000 3.442867 2.105079 -3.085104
3990000 3.892830 2.233913 -2.914924
4000000 3.500650 2.121803 -3.053297
