100000 2.144819 1.989643 2.840218
110000 3.196549 1.836621 2.796052
120000 3.356458 1.988456 2.845125
130000 2.789433 1.833604 2.873207
140000 2.010837 2.029316 2.731609
150000 0.886262 1.882199 2.802389
160000 1.154373 1.908196 2.779084
170000 1.066064 1.980627 2.793430
180000 1.329159 1.876248 2.766184
190000 1.570345 2.058148 2.803253
200000 1.436155 1.901844 2.884477
210000 1.179742 1.885293 2.680880
220000 0.832319 1.949381 2.821244
230000 1.330932 1.963874 2.843792
240000 0.884377 1.869540 2.874653
250000 1.680576 1.866533 2.764060
260000 2.459985 1.927723 2.804177
270000 2.761999 1.888618 2.794802
280000 3.912001 1.987231 2.736759
290000 4.649016 1.885262 2.755158
300000 4.699253 1.928509 2.746951
310000 2.974023 1.971112 2.720108
320000 3.437764 2.047849 2.870855
330000 4.406818 1.873003 2.691261
340000 3.083802 1.970313 2.749726
350000 4.090011 1.883139 2.819935
360000 4.819879 1.905589 2.766071
370000 3.960679 1.930257 2.833079
380000 3.473374 2.001976 2.854994
390000 3.177845 1.981150 2.791018
400000 2.522338 1.989040 2.743926
410000 2.372884 1.879370 2.655303
420000 3.006884 1.889180 2.937979
430000 3.552070 1.776609 2.750718
440000 3.269691 1.888264 2.813179
450000 2.855783 2.025820 2.758248
460000 2.069327 2.059328 2.700942
470000 1.803319 1.971134 2.750242
480000 1.756076 1.912513 2.875878
490000 1.956289 2.069454 2.821901
500000 2.031292 2.065772 2.631469
510000 2.347861 2.005742 2.756114
520000 3.158329 1.866010 2.747261
530000 3.178383 1.917863 2.856097
540000 4.336095 1.967350 2.742037
550000 3.931544 1.890504 2.826711
560000 4.579799 1.964444 2.747168
570000 4.763882 1.969487 2.786210
580000 3.978469 1.914727 2.850782
590000 4.394627 1.801967 2.800005
600000 4.190435 1.932923 2.869205
610000 3.740264 1.874146 2.899859
620000 3.702946 1.989495 2.739120
630000 3.088441 1.918529 2.718598
640000 2.718341 1.897249 2.868290
650000 2.204050 2.096389 2.891944
660000 1.888293 1.880296 2.803345
670000 1.854292 1.963986 2.752505
680000 2.219017 1.827369 2.782355
690000 1.796710 2.042053 2.731705
700000 2.745606 1.853031 2.845990
710000 2.458688 1.938656 2.898305
720000 3.332669 1.902921 2.735478
730000 3.877904 2.013089 2.799121
740000 4.680469 1.943709 2.672841
750000 4.175400 1.891889 2.782923
760000 4.676344 1.936683 2.889960
770000 3.630797 1.845395 2.885259
780000 3.602243 1.970745 2.730015
790000 3.337989 2.041079 2.748545
800000 3.846871 1.881699 2.751759
810000 4.485206 1.903225 2.842969
820000 4.306115 1.951099 2.727697
830000 3.457053 1.803430 2.717954
840000 3.576505 1.971298 2.631494
850000 4.368479 1.832701 2.747360
860000 4.462694 1.791565 2.751500
870000 3.621707 1.856569 2.739598
880000 2.968933 1.912509 2.753786
890000 2.855624 1.971068 2.746150
900000 2.119203 1.839859 2.704995
910000 2.282195 1.972257 2.710598
920000 1.466323 2.054108 2.682692
930000 1.383692 1.954357 2.660165
940000 0.881883 2.016857 2.825760
950000 0.710510 1.904867 2.937833
960000 0.996653 2.040849 2.747969
970000 1.199829 1.969257 2.828266
980000 0.610155 1.893060 3.008252
990000 0.901218 1.859547 2.788042
1000000 1.012851 2.003929 2.773379
1010000 0.802125 1.869299 2.754489
1020000 0.750228 1.921207 2.762527
1030000 0.800036 1.976687 2.669153
1040000 1.034303 1.907266 2.623478
1050000 1.355415 1.897147 2.752109
1060000 1.374034 1.848355 2.875779
1070000 1.652332 1.983893 2.702855
1080000 2.041915 1.851617 2.690563
1090000 1.826217 1.930527 2.736548
1100000 1.618751 1.954371 2.761334
1110000 1.385243 1.875614 2.767736
1120000 1.536719 1.928472 2.692446
1130000 1.181213 1.945987 2.752293
1140000 1.245698 1.969001 2.723518
1150000 1.372632 1.920788 2.752321
1160000 1.657959 2.069544 2.851472
1170000 1.820225 1.901921 2.680292
1180000 1.712304 1.849443 2.724906
1190000 1.561783 1.998859 2.779640
1200000 2.066860 1.868939 2.727795
1210000 2.405760 1.823459 2.821496
1220000 2.529956 1.888724 2.732282
1230000 3.121705 1.832237 2.799591
1240000 2.721269 1.986669 2.960634
1250000 2.730713 1.778831 2.810967
1260000 3.607833 2.059480 2.770212
1270000 3.763615 1.913247 2.831481
1280000 4.087168 1.960645 2.703564
1290000 4.634864 2.008122 2.768940
1300000 3.219789 1.961059 2.883090
1310000 3.601903 1.894407 2.775948
1320000 4.138205 1.908056 2.749243
1330000 4.734128 1.927786 2.768411
1340000 3.952159 1.894723 2.770237
1350000 3.989439 2.085335 2.764819
1360000 3.057912 1.831164 2.713703
1370000 3.266001 2.026371 2.856783
1380000 2.591795 1.995357 2.890866
1390000 2.631018 1.843545 2.861181
1400000 2.316804 1.946044 2.872818
1410000 2.275627 1.859068 2.833399
1420000 3.487030 1.981471 2.790744
1430000 3.606518 1.890690 2.908783
1440000 4.693668 2.005535 2.816948
1450000 3.972966 1.895346 2.803439
1460000 4.318135 1.882128 2.773080
1470000 3.531097 1.835381 2.784896
1480000 3.338878 1.910056 2.833409
1490000 3.939146 1.969888 2.803912
1500000 4.544841 1.920744 2.838198
1510000 3.794099 1.901515 2.832964
1520000 2.650367 1.941324 2.751867
1530000 2.438963 1.961288 2.632677
1540000 1.905264 1.979075 2.669550
1550000 2.215424 1.820925 2.777935
1560000 2.740060 1.963588 2.718874
1570000 3.460886 1.968090 2.928772
1580000 2.690507 1.902377 2.846014
1590000 3.399248 1.992359 2.808261
1600000 3.576923 1.885572 2.932098
1610000 3.613093 1.930555 2.751054
1620000 3.889612 1.980445 2.850268
1630000 4.300273 1.911714 2.945158
1640000 5.009261 1.914737 2.889315
1650000 4.074299 1.850857 2.914372
1660000 4.346033 2.009926 2.798295
1670000 3.639431 2.005023 2.822851
1680000 4.070717 1.899813 2.855754
1690000 4.485008 1.949508 2.785203
1700000 4.842735 1.942615 2.810270
1710000 4.825156 1.986805 2.715104
1720000 4.420765 1.953465 2.736962
1730000 4.518645 2.030267 2.929868
1740000 4.031990 2.064739 2.821000
1750000 3.046836 1.946791 2.774124
1760000 3.296925 1.724771 2.930740
1770000 2.811667 1.927916 2.782741
1780000 1.974151 1.934443 2.828337
1790000 1.891989 1.939378 2.782094
1800000 1.592768 1.986809 2.819750
1810000 1.802226 1.998975 2.745793
1820000 1.427328 1.828346 2.612196
1830000 1.212243 2.043463 2.824129
1840000 1.092876 1.987882 2.711997
1850000 1.427383 1.832990 2.762921
1860000 1.237364 1.975463 2.932915
1870000 1.476434 1.963804 2.814703
1880000 1.057010 1.840868 2.742305
1890000 0.902918 1.997311 2.781053
1900000 0.918606 1.937966 2.713117
1910000 1.027948 1.882611 2.792653
1920000 0.656825 1.987780 2.989141
1930000 0.744971 1.846753 2.906939
1940000 0.511349 2.021802 2.867583
1950000 0.598053 1.955277 2.856995
1960000 0.684619 2.028842 2.806265
1970000 0.666210 2.000862 2.969786
1980000 0.500719 1.958418 3.052258
1990000 1.118318 1.919402 2.814078
2000000 1.408954 1.882444 2.934692
2010000 1.544431 1.906234 2.748425
2020000 1.841400 1.856601 2.804778
2030000 1.866665 1.833494 2.847278
2040000 1.573213 2.071835 2.749859
2050000 1.803383 2.061751 2.863862
2060000 1.542305 1.935905 2.932158
2070000 1.356831 1.947919 2.808051
2080000 1.258126 1.990831 2.709536
2090000 1.250790 1.875018 2.692061
2100000 1.139549 1.892510 2.715331
2110000 1.077823 2.031833 2.650797
2120000 1.373183 1.981846 2.876589
2130000 1.555410 1.892924 2.826579
2140000 1.691992 1.977468 2.691768
2150000 1.704858 1.917672 2.796927
2160000 1.576317 1.839506 2.862462
2170000 1.495334 1.943905 2.731082
2180000 1.634587 1.810738 2.815981
2190000 1.638106 1.870499 2.911151
2200000 2.156785 1.889991 2.693658
2210000 2.777251 1.958564 2.798836
2220000 2.740555 1.788598 2.813572
2230000 3.111955 1.906890 2.657413
2240000 2.888457 1.931957 2.692888
2250000 3.581615 1.857509 2.790494
2260000 4.677310 1.932142 2.675799
2270000 3.811932 1.991147 2.803643
2280000 4.041134 1.906169 2.795649
2290000 4.764625 1.880438 2.958221
2300000 4.929418 1.800969 2.676590
2310000 4.966881 1.899735 2.815594
2320000 4.871802 1.971423 2.922945
2330000 4.558813 2.024064 2.688194
2340000 4.709972 2.031231 2.732922
2350000 4.099286 2.003047 2.733212
2360000 3.039808 2.017440 2.916619
2370000 2.248888 1.818118 2.726118
2380000 2.523864 1.970908 2.928124
2390000 3.685656 1.974681 2.823079
2400000 3.429843 2.006802 2.675847
2410000 2.473060 1.976840 2.943975
2420000 2.711968 1.850914 2.799664
2430000 2.481749 1.968902 2.866801
2440000 2.107473 1.859189 2.723323
2450000 2.453119 2.011230 2.734897
2460000 2.100133 2.009739 2.712872
2470000 2.118498 1.965039 2.815874
2480000 2.056795 1.915466 2.901723
2490000 3.152165 1.860361 2.806020
2500000 2.397410 1.957018 2.723064
2510000 2.766726 1.871071 2.845194
2520000 2.765644 1.914441 2.782880
2530000 3.617355 2.046430 2.746424
2540000 4.092422 1.855983 2.907567
2550000 4.100892 1.922624 2.745007
2560000 4.018205 1.908974 2.642866
2570000 3.522566 1.909756 2.746489
2580000 3.770384 2.012438 2.859520
2590000 4.379459 1.902050 2.752998
2600000 4.697889 2.067231 2.683709
2610000 3.843562 1.837680 2.807934
2620000 3.264672 1.978358 2.722476
2630000 2.984199 1.913722 2.753796
2640000 3.412681 1.970043 2.747056
2650000 2.689540 1.999557 2.774428
2660000 2.723134 1.907987 2.777017
2670000 3.409951 1.847544 2.784328
2680000 4.180745 1.926146 2.791407
2690000 3.648822 1.969177 2.840252
2700000 4.225715 2.020401 2.759962
2710000 4.508118 1.996262 2.825537
2720000 3.867876 1.848437 2.799821
2730000 3.020329 1.941237 2.765758
2740000 3.145348 1.895417 2.803529
2750000 2.853677 1.847747 2.824889
2760000 2.484961 1.943828 2.869151
2770000 2.128370 1.827168 2.872162
2780000 2.286388 1.820830 2.887956
2790000 2.234977 1.839215 2.767616
2800000 2.991771 1.864027 2.872800
2810000 2.718565 1.849304 2.803244
2820000 2.004387 1.936165 2.803379
2830000 2.430062 1.906362 2.784548
2840000 2.791379 1.962466 2.663489
2850000 3.839328 1.962648 2.677014
2860000 4.357428 1.957328 2.791049
2870000 4.448641 1.811495 2.707422
2880000 5.016378 1.871114 2.890705
2890000 5.032242 1.893527 2.864657
2900000 5.005414 1.921678 2.710460
2910000 4.621238 1.995118 2.796481
2920000 4.681304 1.979721 2.778738
2930000 5.007691 1.966860 2.752836
2940000 3.700532 2.030642 2.722559
2950000 5.006843 1.972118 2.756757
2960000 4.822491 2.003372 2.774669
2970000 4.153288 1.890660 2.781015
2980000 3.557945 1.935394 2.708898
2990000 3.981881 2.014231 2.763340
3000000 3.447381 1.886174 2.571091
3010000 3.915507 1.992507 2.696023
3020000 3.126212 1.920170 2.642188
3030000 2.739891 1.967707 2.749094
3040000 2.814828 1.994652 2.764527
3050000 3.338981 1.996515 2.683959
3060000 2.724875 1.950436 2.754986
3070000 3.605821 1.959833 2.778259
3080000 3.749203 1.934272 2.757910
3090000 4.434086 1.939130 2.846031
3100000 3.922071 1.922299 2.777497
3110000 3.922277 1.886891 2.812826
3120000 4.357270 1.887931 2.761600
3130000 4.894852 1.977098 2.747984
3140000 4.967809 1.892079 2.832654
3150000 4.315612 1.912597 2.757059
3160000 4.986547 1.809568 2.730354
3170000 4.553305 1.912976 2.867231
3180000 3.458576 1.861559 2.757952
3190000 2.964121 1.933760 2.772763
3200000 2.414201 1.670469 2.911381
3210000 3.371583 2.019895 2.917812
3220000 3.853453 1.992651 2.745497
3230000 4.599149 1.904910 2.762013
3240000 3.944739 1.921510 2.878922
3250000 3.036095 1.971926 2.850330
3260000 3.949505 1.855384 2.767124
3270000 4.183472 1.946605 2.842325
3280000 3.787409 1.877991 2.756923
3290000 4.319064 1.908554 2.774157
3300000 5.047904 1.902129 2.922567
3310000 4.947217 1.879803 2.687319
3320000 4.688598 2.051064 2.802180
3330000 4.772265 2.114567 2.785507
3340000 4.909229 1.973536 2.675880
3350000 4.415400 1.955634 2.804182
3360000 4.467878 1.931698 2.681759
3370000 3.663950 1.913476 2.875919
3380000 4.516188 1.882906 2.873753
3390000 3.464336 1.866862 2.884679
3400000 3.065846 1.841023 2.757498
3410000 3.025274 1.887806 2.767468
3420000 2.938961 1.889187 2.786032
3430000 2.260939 1.941044 2.860837
3440000 1.935416 1.890228 2.753832
3450000 1.870467 1.993390 2.857186
3460000 2.196670 1.890779 2.784591
3470000 1.990758 1.863734 2.720880
3480000 2.072192 1.840718 2.886043
3490000 1.738831 1.910663 2.713514
3500000 1.556687 1.953147 2.805608
3510000 2.234716 2.004973 2.738079
3520000 2.060628 1.860728 2.771886
3530000 1.046863 1.932121 2.770164
3540000 1.113865 2.059491 2.754456
3550000 1.220994 1.897296 2.708620
3560000 1.279680 2.022973 2.707292
3570000 1.389423 2.004180 2.825674
3580000 1.155143 1.966253 2.737853
3590000 0.897685 1.990814 2.740638
3600000 1.175012 1.829242 2.660047
3610000 0.824397 1.920851 2.799914
3620000 0.822876 1.864263 2.822289
3630000 0.811841 1.973686 2.731534
3640000 0.736932 1.868526 2.729383
3650000 0.727598 1.890231 2.816628
3660000 0.783492 1.969193 2.631329
3670000 0.827100 1.824955 2.824503
3680000 0.593967 2.037779 2.826169
3690000 0.554806 1.921715 2.746724
3700000 0.592603 1.901026 2.909739
3710000 0.672823 1.954887 2.877933
3720000 0.855104 1.930838 2.784593
3730000 0.938972 1.896594 2.729057
3740000 0.961151 1.969093 2.799184
3750000 0.936142 1.881339 2.866945
3760000 0.738044 1.895492 2.830710
3770000 0.684472 2.060378 2.825438
3780000 1.031764 1.894788 2.710965
3790000 1.205089 1.915076 2.882636
3800000 1.307119 1.799875 2.817892
3810000 1.464480 1.802200 2.807804
3820000 1.411550 1.989518 2.824319
3830000 1.687446 1.939865 2.751745
3840000 1.571164 1.930825 2.870040
3850000 1.412981 2.099120 2.720112
3860000 1.519636 1.883283 2.786269
3870000 1.627851 2.011122 2.848979
