100000 2.580521 1.996872 2.165718
110000 1.389950 1.888978 2.165184
120000 1.230877 2.040328 2.203139
130000 1.046375 1.911675 2.172834
140000 0.943432 1.899942 2.230134
150000 1.507167 1.902183 2.114474
160000 1.395689 1.930947 2.090489
170000 1.606964 1.968134 2.122461
180000 2.187466 1.836760 2.253680
190000 2.716514 1.978997 2.072597
200000 3.670125 1.942702 2.043666
210000 3.784973 1.903124 2.117978
220000 3.130989 1.942831 2.081772
230000 2.608817 1.931457 2.142703
240000 3.574035 1.907966 2.246417
250000 4.527052 1.904692 2.113899
260000 5.012683 1.916508 2.025940
270000 4.072454 1.887350 2.069654
280000 4.646477 1.887550 2.139085
290000 4.657191 1.833042 2.083581
300000 3.915170 1.928591 2.118082
310000 2.520565 2.004240 2.147765
320000 2.095470 1.788304 2.173467
330000 1.557234 1.914824 2.111853
340000 1.858661 1.947536 2.200043
350000 2.291595 1.801153 2.029356
360000 2.176005 1.970572 1.995324
370000 3.326538 2.054654 2.093777
380000 3.977090 1.876047 2.239717
390000 2.783416 1.798510 2.013026
400000 4.398343 1.906639 2.067716
410000 4.378290 1.978510 1.961739
420000 4.960931 1.828769 2.094175
430000 4.348142 1.968351 2.004972
440000 5.077439 1.919920 2.210770
450000 4.827539 1.814237 2.083531
460000 4.748049 2.010717 2.132870
470000 3.797939 1.853406 2.044199
480000 4.935144 1.822995 2.115261
490000 3.991475 1.980751 2.095147
500000 3.465401 1.927004 2.181056
510000 4.037234 1.980832 2.021404
520000 3.491407 1.918497 2.016131
530000 2.558459 1.913402 2.085609
540000 1.909744 1.863064 2.005410
550000 2.322638 1.848173 2.118542
560000 2.679358 1.874562 2.013152
570000 2.606415 2.012277 2.125565
580000 2.789496 1.877400 2.078322
590000 2.146783 1.928437 2.122472
600000 1.546430 1.848715 2.270055
610000 1.272460 1.940208 2.224628
620000 0.950687 2.005253 2.131783
630000 0.786636 2.018182 2.191366
640000 1.392069 1.856313 2.050085
650000 0.920676 1.912263 2.092869
660000 1.441110 1.883461 2.101152
670000 1.639713 1.866605 2.008496
680000 1.256957 1.986632 2.230666
690000 1.826576 1.967741 2.042780
700000 1.743674 1.880366 2.040449
710000 2.226656 1.893184 2.143530
720000 1.787322 1.950427 2.066610
730000 1.225724 1.849414 2.120411
740000 1.446021 1.790172 2.257008
750000 1.565508 1.908516 2.109316
760000 2.161207 1.917849 2.159656
770000 2.550866 1.847485 1.959997
780000 3.458301 2.034844 2.026544
790000 4.194976 1.777917 1.984879
800000 3.833419 1.998178 2.116998
810000 3.216493 1.996479 2.161052
820000 3.855932 1.812512 2.137722
830000 2.811857 1.885121 2.072263
840000 3.381046 1.891040 2.179308
850000 4.341122 1.986240 2.091068
860000 4.300498 1.932669 2.088528
870000 4.918806 1.938606 2.148693
880000 4.100669 1.968283 2.107169
890000 4.161262 1.916317 1.948733
900000 3.842501 1.954648 2.150267
910000 4.119610 1.948192 2.072930
920000 4.794887 1.882065 2.079259
930000 3.537750 1.957835 2.108825
940000 2.577365 1.993686 2.144132
950000 2.245824 1.953218 2.182377
960000 1.710324 1.938396 2.043364
970000 1.911355 1.940743 2.076130
980000 2.632500 1.975634 2.192270
990000 2.144326 2.018398 2.044093
1000000 3.063487 1.918774 2.085326
1010000 2.770647 2.010652 2.052741
1020000 3.217772 1.969084 2.050102
1030000 3.661378 1.902957 2.077548
1040000 4.003375 1.925425 2.165811
1050000 3.293274 1.960399 2.105633
1060000 3.002845 1.705333 2.029376
1070000 2.802707 1.881631 2.068014
1080000 2.696030 1.921658 2.035934
1090000 2.992293 1.981632 2.164274
1100000 4.343357 1.977623 2.051138
1110000 4.503673 1.990212 2.071518
1120000 3.031489 1.861220 2.091829
1130000 2.520525 1.856933 2.073303
1140000 2.204498 1.927095 2.138412
1150000 1.829838 1.905049 2.111130
1160000 1.310220 1.910438 2.152306
1170000 0.826566 1.938718 2.035912
1180000 0.630274 2.001223 2.157542
1190000 0.962144 1.945167 2.124068
1200000 0.783862 1.924799 1.994339
1210000 1.147245 1.987006 2.069890
1220000 1.055539 1.977795 2.216955
1230000 1.181767 2.006289 2.204624
1240000 1.399602 1.834008 2.035463
1250000 1.511532 1.857341 2.200511
1260000 1.158910 1.836479 2.104488
1270000 0.907864 1.944009 2.228905
1280000 1.106723 1.803999 2.070745
1290000 1.172272 1.835401 1.946615
1300000 0.877595 1.936077 1.998316
1310000 0.736160 1.976035 2.246472
1320000 0.810548 1.966219 2.166910
1330000 0.867840 1.987793 2.128479
1340000 1.170260 2.030621 2.053818
1350000 1.261351 2.046587 2.101513
1360000 1.104365 1.897688 2.213194
1370000 1.229414 1.854130 2.113705
1380000 0.918241 1.973677 2.162620
1390000 1.448551 1.887601 1.971931
1400000 1.723930 1.971802 2.023469
1410000 1.990235 1.837750 2.009567
1420000 2.066998 1.938232 2.128706
1430000 2.482534 1.941462 2.206850
1440000 3.148187 1.975637 2.165129
1450000 3.474337 1.822294 1.995380
1460000 3.696790 1.979718 2.141930
1470000 4.583134 2.044290 2.224942
1480000 4.677081 1.810832 1.983832
1490000 4.806328 1.964288 2.063194
1500000 4.869067 2.106187 1.928129
1510000 4.745018 1.758003 2.057149
1520000 5.056879 1.836131 2.186989
1530000 4.784902 1.957025 2.036472
1540000 4.037460 1.809993 2.148965
1550000 4.412712 1.971846 2.016034
1560000 3.758079 1.829997 2.096309
1570000 3.489133 1.825904 2.131045
1580000 3.864002 1.999097 1.996507
1590000 4.174375 1.873821 2.085181
1600000 4.315418 2.101031 2.167322
1610000 4.597392 1.911817 2.159600
1620000 4.767872 1.827549 2.088225
1630000 4.552506 1.882242 2.116209
1640000 3.685217 1.897026 2.042195
1650000 2.710901 1.962322 2.260812
1660000 3.384538 1.905117 2.022043
1670000 3.223781 1.898450 2.122534
1680000 4.139438 1.866001 2.178015
1690000 3.946154 1.884790 2.037128
1700000 2.691309 2.006681 2.078791
1710000 2.587281 1.900183 2.060989
1720000 2.326104 1.974835 2.145199
1730000 2.702623 1.806939 2.128070
1740000 1.948989 2.085860 2.239669
1750000 2.065548 1.825214 2.067673
1760000 1.910763 1.858312 2.181452
1770000 2.282048 1.941308 1.978743
1780000 2.474690 2.010266 2.076693
1790000 2.727072 2.091129 2.076887
1800000 3.198725 1.984490 2.114708
1810000 3.351005 1.937433 2.033750
1820000 3.392089 2.053713 2.010893
1830000 4.301185 1.983342 2.081241
1840000 3.952140 1.866341 2.221826
1850000 4.318543 1.903581 2.081212
1860000 4.503022 1.857322 1.987540
1870000 4.986571 2.008285 2.034893
1880000 4.962597 1.916008 1.978285
1890000 4.728281 2.055239 2.138060
1900000 3.296763 1.993496 2.124697
1910000 3.254354 1.874185 1.912488
1920000 2.859699 1.881303 2.027149
1930000 2.563966 2.042036 2.216763
1940000 2.853142 1.990178 2.137261
1950000 2.562675 1.854030 2.152790
1960000 2.102071 1.966657 2.165747
1970000 1.691464 1.780310 2.156292
1980000 1.823480 1.895763 2.016086
1990000 1.535841 1.845990 2.311792
2000000 1.540669 1.981980 2.057322
2010000 1.873595 1.852773 2.061549
2020000 1.716104 1.724546 2.073589
2030000 1.544322 1.912578 2.107763
2040000 1.951947 1.791730 2.068453
2050000 2.097921 1.963892 2.133333
2060000 2.545761 1.917298 2.122341
2070000 2.217665 1.780250 2.106569
2080000 3.783794 1.880006 2.054022
2090000 3.306167 1.978969 1.994013
2100000 2.788769 1.910182 1.963503
2110000 3.097140 1.916845 1.998182
2120000 2.695001 1.933160 2.147558
2130000 4.170548 1.875592 2.098042
2140000 3.915978 1.854341 2.163081
2150000 4.698624 1.925176 1.939051
2160000 3.548317 2.017620 2.031176
2170000 3.390524 1.775847 2.098840
2180000 3.661304 2.049864 2.012295
2190000 3.585213 2.016622 2.177097
2200000 3.816819 1.982880 2.019111
2210000 4.229718 2.049468 2.019666
2220000 4.261503 1.958985 2.119396
2230000 3.900228 1.834228 2.061224
2240000 3.925351 1.867176 2.040406
2250000 4.736755 1.999682 2.048848
2260000 4.531697 1.901164 1.964116
2270000 4.714792 1.829309 2.155306
2280000 5.041430 1.715188 2.090300
2290000 4.614314 1.893995 2.113483
2300000 4.961974 2.038730 2.074520
2310000 4.977490 1.845633 2.132266
2320000 4.043194 1.925658 2.149211
2330000 3.668892 1.867261 2.006866
2340000 3.070011 1.925873 2.046657
2350000 2.994334 2.019793 2.252308
2360000 2.550828 1.987024 2.121551
2370000 2.542716 1.801822 2.029745
2380000 2.075006 1.836256 2.121441
2390000 2.937846 2.038194 2.096146
2400000 2.534828 2.068354 1.989454
2410000 2.044390 2.038582 2.148112
2420000 1.885635 1.949919 2.095716
2430000 2.127360 2.010580 2.159891
2440000 1.953321 1.856141 2.136887
2450000 1.652061 1.889983 2.083740
2460000 1.355888 1.833018 2.133244
2470000 1.717727 1.930031 2.113559
2480000 1.886977 1.950144 2.067535
2490000 2.186498 1.904097 2.180740
2500000 2.383234 1.895820 2.041085
2510000 1.740578 2.002157 2.184649
2520000 1.839342 1.824301 2.111660
2530000 2.310970 1.957933 2.046106
2540000 2.500759 1.917452 2.036694
2550000 2.894959 1.950594 2.136295
2560000 3.551263 2.000023 2.210657
2570000 2.755047 1.952069 2.225711
2580000 4.196347 2.045503 2.159497
2590000 4.046076 1.917528 2.272056
2600000 3.454345 1.797641 2.215635
2610000 4.425656 1.915797 2.142569
2620000 3.548774 1.819009 2.134032
2630000 3.550234 1.908049 2.045558
2640000 2.973691 1.857466 2.007013
2650000 2.910565 1.883768 2.103482
2660000 3.595852 1.832612 2.119927
2670000 3.622564 1.900315 2.061755
2680000 3.194712 1.968462 2.182129
2690000 3.026827 1.974989 2.164298
2700000 2.514913 1.873609 2.191753
2710000 2.536486 1.965941 2.019609
2720000 2.748586 1.897860 1.997966
2730000 3.349115 2.062516 1.983192
2740000 4.000525 1.872847 2.040686
2750000 4.855335 1.853511 2.038652
2760000 4.727094 1.954355 2.015848
2770000 4.282892 1.830173 2.128812
2780000 4.343764 1.970320 1.995236
2790000 4.125284 1.922750 2.152238
2800000 4.025644 1.925010 2.031070
2810000 3.936147 1.860866 2.119830
2820000 3.204848 1.874821 2.036966
2830000 3.456719 1.894779 2.184733
2840000 3.310398 1.999662 1.985357
2850000 4.110037 1.886487 2.183395
2860000 4.653026 1.949523 2.093446
2870000 3.461950 1.994904 2.025990
2880000 2.448451 1.863050 2.121399
2890000 2.670283 1.650142 2.118867
2900000 2.294662 1.878629 2.177983
2910000 2.245720 1.901411 2.188561
2920000 2.792330 1.894368 2.175058
2930000 3.085831 1.974951 2.136512
2940000 3.213655 1.977685 2.118380
2950000 2.981937 2.069623 2.128915
2960000 4.358372 2.012710 2.059214
2970000 4.228266 1.924636 2.110172
2980000 4.162830 1.860806 2.161463
2990000 4.460827 1.913627 2.040807
3000000 4.900465 2.005918 2.110794
3010000 3.630670 1.971782 2.050127
3020000 3.446830 1.895566 2.104376
3030000 4.000849 2.018658 2.057031
3040000 4.921117 1.936775 1.996712
3050000 4.916927 1.816922 2.034613
3060000 3.896445 1.969047 1.965851
3070000 3.482938 1.876941 2.087534
3080000 3.139393 1.853712 2.049566
3090000 2.615325 1.884570 2.027932
3100000 3.336639 1.850468 2.071977
3110000 2.566227 1.902213 2.088089
3120000 2.861036 1.822377 2.146769
3130000 3.608876 1.887258 2.166436
3140000 3.824773 1.888445 2.079031
3150000 4.089543 1.971057 2.097339
3160000 4.208633 1.898879 2.199041
3170000 3.017299 1.900387 1.982479
3180000 1.842988 1.939056 2.104808
3190000 1.632899 1.924811 2.012254
3200000 1.543731 1.855905 1.976886
3210000 1.247403 1.962590 2.231704
3220000 1.200981 2.012926 2.112192
3230000 0.918550 2.053698 2.263946
3240000 0.978124 1.920491 2.177650
3250000 0.994353 1.988550 2.103034
3260000 0.842392 1.954049 2.104718
3270000 1.127488 1.979517 2.065104
3280000 1.359098 1.913294 2.082164
3290000 1.138731 1.979418 2.095340
3300000 1.433360 1.933919 2.157763
3310000 1.376343 1.982701 1.950261
3320000 1.642340 1.863719 2.118367
3330000 1.322505 1.893412 2.063095
3340000 1.700917 1.772056 2.148270
3350000 1.913437 1.919455 2.140210
3360000 1.757300 2.001481 1.967964
3370000 1.903410 1.950436 2.131502
3380000 1.835741 1.923615 2.075633
3390000 1.741042 1.972593 2.091414
3400000 2.111125 1.845522 2.027099
3410000 2.158878 1.901816 2.003776
3420000 1.635821 1.903130 2.100701
3430000 1.829506 2.049580 2.075910
3440000 1.445296 1.986303 2.077169
3450000 1.291988 1.977515 2.150204
3460000 1.226948 2.029310 2.137626
3470000 0.994543 2.066723 2.241311
3480000 1.016747 1.866148 2.116081
3490000 1.087366 1.925977 2.252704
3500000 0.991853 1.872654 2.139057
3510000 0.757751 2.061258 2.080419
3520000 0.564839 1.839265 2.204438
3530000 0.515026 1.893016 2.305171
3540000 0.531959 1.963827 2.198207
3550000 0.687998 1.933087 2.204701
3560000 0.496660 1.999171 2.142713
3570000 0.617455 1.911155 2.115592
3580000 0.498146 1.960826 2.241659
3590000 0.792311 1.871328 2.234770
3600000 0.798844 1.854269 2.141574
3610000 0.842556 1.947391 2.037082
3620000 0.581239 1.906300 2.162582
3630000 0.506165 1.992438 2.286174
3640000 0.676765 1.874355 2.071811
3650000 0.614300 1.850373 2.062054
3660000 0.603410 1.993917 2.205426
3670000 0.797155 2.000435 1.963161
3680000 0.900296 2.060504 2.195110
3690000 0.866003 2.065312 2.098435
3700000 0.940473 1.932296 2.183126
3710000 0.885684 1.867700 2.078038
3720000 0.789177 2.001549 2.083520
3730000 0.884174 1.957930 2.217947
3740000 0.757710 1.997888 2.172910
3750000 0.875606 1.886189 2.212222
3760000 1.247569 1.888429 2.085635
3770000 1.379356 1.953187 2.108351
3780000 1.395869 1.974701 2.127347
3790000 1.193481 1.968707 2.030911
3800000 1.127343 1.957509 2.021560
3810000 1.291734 1.922153 2.140719
3820000 1.250812 1.998379 2.087541
3830000 1.428215 1.868786 2.189239
3840000 1.311519 1.980091 2.117517
3850000 1.164381 1.858792 2.131368
3860000 1.143032 1.951466 2.107789
3870000 1.573574 1.954461 1.986100
3880000 1.554021 1.907147 1.999009
3890000 1.748643 1.890166 2.181764
3900000 1.708401 1.924027 2.215819
3910000 1.758787 2.074258 1.994249
3920000 2.158965 1.898047 2.091693
3930000 2.272367 1.970654 2.097587
3940000 2.302429 1.847025 2.078866
