100000 3.632200 1.983487 1.942111
110000 3.901678 2.023838 2.086539
120000 4.365493 1.930652 2.070177
130000 3.742667 1.834268 1.947665
140000 2.971145 1.963995 1.888732
150000 2.825894 1.864631 1.969948
160000 2.274248 1.874603 1.981660
170000 2.715255 2.002285 1.801463
180000 4.018355 1.925205 1.922331
190000 4.930412 1.912378 1.883064
200000 4.684187 1.797425 1.919174
210000 4.395614 1.942090 1.926888
220000 3.337280 1.898395 2.000327
230000 2.881337 1.990662 1.997018
240000 1.893682 1.926216 2.052925
250000 1.385850 2.033739 2.008080
260000 1.027464 1.822674 1.889066
270000 1.338187 1.938330 1.999359
280000 1.165526 1.943274 1.994712
290000 1.501094 1.911867 1.931595
300000 1.652345 1.890206 1.879657
310000 0.987336 1.972896 2.011325
320000 0.926386 1.873489 2.033516
330000 2.074539 1.978510 1.843751
340000 2.500893 1.857715 1.793862
350000 4.094561 1.928197 1.850649
360000 4.600756 1.983000 1.979561
370000 4.403847 1.914190 1.848868
380000 3.863839 1.995638 1.919093
390000 3.866454 1.959898 1.875500
400000 4.423408 1.859217 2.053947
410000 4.273760 1.931750 1.945992
420000 4.168121 1.892399 1.987576
430000 3.034937 1.876678 1.929933
440000 3.226353 1.911406 1.931845
450000 1.932230 1.812727 1.866346
460000 2.399548 2.016993 1.949563
470000 2.307025 1.873592 1.924666
480000 1.730465 1.948790 1.941376
490000 1.543237 1.965842 1.930830
500000 1.580232 1.978934 1.925403
510000 1.286650 1.981539 1.923245
520000 0.803558 1.869949 2.008732
530000 1.137563 1.826664 1.939240
540000 1.394671 1.913255 1.928137
550000 1.727701 1.842525 1.840907
560000 1.926536 1.938383 1.816051
570000 1.875391 1.958937 1.833656
580000 1.807391 1.856539 1.874553
590000 1.475084 1.957537 1.933106
600000 1.151138 2.018472 1.889774
610000 0.711958 2.025072 1.829028
620000 0.823417 1.904054 2.017433
630000 0.876714 1.967612 1.926992
640000 0.995331 1.962337 1.975369
650000 1.290201 1.896993 1.922942
660000 1.233188 2.072671 2.009425
670000 1.378098 1.844702 1.908680
680000 1.367573 1.914402 1.943952
690000 1.174387 1.851328 1.970730
700000 0.813771 1.841620 2.065765
710000 1.004641 1.935706 1.953746
720000 1.202955 1.984856 1.856579
730000 1.124933 1.964292 1.984778
740000 1.647892 1.827585 1.912437
750000 1.559171 1.970394 1.953791
760000 1.796948 1.987314 1.862610
770000 2.404746 1.817687 1.928163
780000 2.914180 1.872787 1.842891
790000 3.308522 1.889232 1.879417
800000 4.197049 1.831725 1.920525
810000 3.369727 1.995843 1.925437
820000 4.363690 1.932430 1.953353
830000 4.762605 1.858159 1.818415
840000 4.852966 1.887414 1.937419
850000 4.541165 1.931101 2.055164
860000 3.227697 1.909401 2.063229
870000 2.755658 1.826213 1.887534
880000 3.337288 2.037945 1.953231
890000 3.869286 1.814296 1.951768
900000 4.796576 2.034717 1.981037
910000 4.819159 1.829440 2.054058
920000 4.300878 2.019321 2.127596
930000 3.620231 1.919515 1.855760
940000 2.714881 1.846522 1.894358
950000 2.439650 2.061123 1.935931
960000 2.383654 1.811888 1.846178
970000 2.060090 1.977689 1.848112
980000 2.562633 1.938500 1.772672
990000 2.405666 1.806531 1.999073
1000000 2.243292 1.989401 1.918992
1010000 3.225688 1.926766 1.961099
1020000 4.166561 1.851503 1.894517
1030000 4.529709 1.955449 1.870107
1040000 3.829089 1.929672 1.930661
1050000 3.542194 1.940765 1.924194
1060000 2.728286 2.062243 1.909992
1070000 3.253735 1.770423 2.059413
1080000 3.486441 1.929858 1.969949
1090000 4.373981 1.976651 1.830506
1100000 4.908884 1.899051 2.014385
1110000 4.904601 1.794471 1.857529
1120000 3.553127 1.894895 1.793587
1130000 3.596425 1.843045 1.877599
1140000 3.592030 1.919509 1.966143
1150000 4.735016 1.806253 1.921250
1160000 4.582522 1.866106 1.834680
1170000 3.851476 1.810633 1.943972
1180000 2.785440 1.867163 1.967737
1190000 2.618890 1.869839 1.871409
1200000 2.019401 2.029755 2.044809
1210000 2.099640 1.933687 1.768485
1220000 2.342261 1.940974 1.852658
1230000 3.154433 1.950863 1.864242
1240000 3.349498 1.832659 1.933897
1250000 3.744607 1.913662 1.985658
1260000 4.242987 1.965220 1.874754
1270000 4.127468 2.030683 1.932785
1280000 4.528092 1.830538 1.857712
1290000 4.370899 1.828036 1.968489
1300000 4.598650 1.904623 1.991378
1310000 4.965347 1.801021 1.874839
1320000 4.695775 1.909308 1.995724
1330000 3.425811 1.979640 1.827812
1340000 2.830487 1.887797 1.854010
1350000 2.805189 2.002578 1.953150
1360000 2.400362 1.878655 2.014032
1370000 3.019110 1.757152 2.005495
1380000 3.267659 1.950669 1.933208
1390000 3.555250 1.820212 1.909193
1400000 4.248350 1.782112 1.809065
1410000 3.198666 1.942487 2.025616
1420000 2.926758 2.043175 1.826580
1430000 3.446261 1.988127 1.917663
1440000 3.400955 1.794433 1.993115
1450000 2.564920 1.945947 2.048826
1460000 2.235319 1.968215 1.876354
1470000 1.822783 1.887144 1.958308
1480000 1.661415 2.007679 2.000272
1490000 1.912893 1.979377 1.847263
1500000 1.600962 1.919495 1.987486
1510000 1.586091 2.022216 2.009448
1520000 1.627748 1.929338 1.997118
1530000 1.658886 2.014219 1.910018
1540000 1.681490 1.899379 1.863836
1550000 1.416388 1.869122 2.144047
1560000 1.583865 1.952884 1.885794
1570000 1.872892 1.954068 2.001380
1580000 2.127911 2.076712 1.877493
1590000 2.638642 1.839816 1.844385
1600000 2.750290 1.773909 1.806199
1610000 3.839866 1.911824 1.972372
1620000 3.756590 1.860055 1.880450
1630000 4.230261 1.971186 1.968647
1640000 4.674663 1.987399 1.960242
1650000 4.325434 1.955341 1.900906
1660000 4.256287 1.871919 1.886156
1670000 4.151782 1.849971 1.927655
1680000 3.264138 1.994997 1.906421
1690000 3.737893 1.950085 1.887106
1700000 4.504379 1.984516 2.047476
1710000 4.583642 1.885432 1.973383
1720000 3.995216 1.810822 1.870403
1730000 3.272883 1.953716 2.005732
1740000 2.581542 1.767038 1.881037
1750000 2.765265 1.899967 2.023301
1760000 2.713416 1.781446 2.015762
1770000 2.607606 1.912514 1.881458
1780000 2.497342 1.892907 1.912387
1790000 3.066031 1.940916 1.970418
1800000 3.073808 1.863737 1.933236
1810000 2.170025 1.921641 1.858109
1820000 2.352314 1.923010 1.931454
1830000 2.151161 1.899798 1.962177
1840000 1.867121 1.936299 1.908635
1850000 2.349804 1.936810 1.803601
1860000 2.338992 1.915146 1.955739
1870000 2.707718 1.923645 1.978610
1880000 2.556294 2.051688 1.922944
1890000 3.424434 1.968034 1.890084
1900000 3.687206 1.892314 2.068575
1910000 4.652038 1.907805 1.965562
1920000 4.758781 1.915689 1.938276
1930000 4.625994 1.940974 2.007130
1940000 5.067832 1.830865 1.931738
1950000 4.788924 2.136671 1.961145
1960000 4.209639 1.908363 1.998830
1970000 4.531778 1.918310 1.947951
1980000 3.820189 2.025716 1.950335
1990000 3.224981 2.068350 1.833417
2000000 3.724945 2.035692 1.878282
2010000 3.181487 1.836365 1.951467
2020000 2.933329 1.875016 2.037162
2030000 3.911960 1.974196 1.875435
2040000 3.646742 1.947927 1.958236
2050000 4.628314 1.949214 1.927441
2060000 4.598161 1.844177 1.767118
2070000 4.993201 1.914049 1.903213
2080000 4.801626 1.910750 1.966236
2090000 4.196892 1.868562 1.781467
2100000 4.688028 1.899965 1.887205
2110000 4.807332 1.974046 1.961477
2120000 3.957722 1.902414 1.988040
2130000 3.576387 1.948235 1.998508
2140000 3.951886 2.016499 1.939851
2150000 3.155350 1.955962 1.928509
2160000 2.690023 1.995856 1.916837
2170000 2.462400 1.871431 1.948066
2180000 2.536900 1.764697 1.892030
2190000 3.085078 1.861409 1.985061
2200000 3.791616 1.931770 1.879921
2210000 2.865915 1.879290 1.982194
2220000 2.614729 1.930095 2.016263
2230000 3.261857 1.898738 1.929008
2240000 4.457980 1.866239 1.916626
2250000 4.418331 1.940448 1.902792
2260000 3.832445 1.978147 1.957355
2270000 4.879568 1.827764 1.938189
2280000 4.165117 1.980357 1.888349
2290000 3.023878 1.860956 2.000213
2300000 2.251062 1.907395 1.935746
2310000 2.294119 1.900200 1.863281
2320000 2.225927 1.986820 2.018242
2330000 2.158048 1.882443 1.944579
2340000 1.874441 1.874686 1.922482
2350000 1.282000 1.928465 2.049852
2360000 0.851966 1.938203 2.076703
2370000 0.767684 1.939834 1.934556
2380000 0.560249 1.863872 1.947261
2390000 0.516459 1.932403 1.893699
2400000 0.601679 2.022367 2.022171
2410000 0.782775 2.029292 1.851245
2420000 0.796958 1.951559 2.015912
2430000 1.035376 1.802393 1.879573
2440000 1.112955 1.848921 1.768443
2450000 1.064413 1.866273 1.870657
2460000 1.262938 1.795153 1.773460
2470000 1.230331 1.820972 1.783932
2480000 0.955709 1.884792 1.998662
2490000 1.316507 2.044590 1.836730
2500000 1.378461 1.990076 1.875286
2510000 1.398232 1.905049 1.918175
2520000 1.792578 1.872492 1.909325
2530000 1.378900 1.896783 1.866152
2540000 1.295433 1.878318 1.889976
2550000 1.325191 1.907609 2.064211
2560000 1.135609 1.961881 1.916974
2570000 1.308493 1.738006 1.894139
2580000 1.618983 1.878560 1.884629
2590000 2.166117 1.827993 1.806656
2600000 2.288757 1.862036 1.850950
2610000 1.671354 1.968270 2.016168
2620000 2.253627 1.943678 1.941379
2630000 2.401137 1.957486 2.015196
2640000 2.735511 1.939262 1.884389
2650000 4.030797 1.892225 1.805164
2660000 3.237716 1.941784 1.972280
2670000 3.922418 1.774247 1.819308
2680000 4.672916 1.806130 1.927388
2690000 4.398393 1.891576 1.827744
2700000 4.131325 1.985421 1.869842
2710000 4.143796 1.883857 1.914735
2720000 4.856572 1.980845 1.877350
2730000 4.765449 1.924726 2.045297
2740000 4.759275 1.854478 1.936435
2750000 4.793447 1.899004 1.861922
2760000 4.688784 1.862579 1.897936
2770000 5.033494 1.880077 2.035741
2780000 3.549293 1.887855 1.890107
2790000 2.888350 1.973727 1.904677
2800000 3.097009 2.035577 1.832818
2810000 3.202619 1.904610 1.928706
2820000 3.232367 1.794289 1.981098
2830000 3.538614 1.926196 1.957499
2840000 4.060751 1.933635 1.828530
2850000 3.818263 1.917498 1.923155
2860000 3.370542 1.938920 1.925140
2870000 2.885737 1.835690 2.042068
2880000 2.998780 1.890603 2.095886
2890000 3.628303 1.864377 1.832534
2900000 3.488267 2.086857 1.820629
2910000 4.254324 1.928369 1.949643
2920000 4.284275 2.014815 2.040664
2930000 4.886260 1.923150 1.991904
2940000 4.494006 1.864037 1.887035
2950000 3.379091 1.859362 2.088008
2960000 3.905018 1.858835 1.821642
2970000 4.407875 1.884536 1.925791
2980000 4.164535 1.979947 1.964614
2990000 4.872657 1.920965 1.774057
3000000 4.634943 1.932157 1.826683
3010000 3.524417 1.990391 2.069391
3020000 2.892900 1.881948 1.911023
3030000 2.462912 1.899215 2.033871
3040000 2.385780 1.971591 1.958947
3050000 2.072866 1.887062 2.000646
3060000 2.240679 1.972928 1.918932
3070000 3.242697 1.901611 1.955738
3080000 2.629622 1.871282 1.885180
3090000 3.011023 1.866154 1.906416
3100000 2.644299 2.146294 1.895780
3110000 2.363903 1.876238 2.123709
3120000 1.606028 2.057878 2.074795
3130000 1.551167 1.915538 2.008142
3140000 1.541793 1.890001 2.044835
3150000 1.508739 1.873324 1.965253
3160000 1.291655 1.806808 1.877571
3170000 1.416693 1.879348 1.946574
3180000 1.623789 1.885466 1.987369
3190000 1.923691 2.000718 1.896160
3200000 2.066209 1.927285 1.870250
3210000 1.557178 1.959275 1.986821
3220000 1.181785 1.984014 1.963753
3230000 1.050885 1.957475 2.026093
3240000 1.146727 1.918089 1.842519
3250000 1.307965 1.921557 1.950818
3260000 1.455489 1.885567 1.890863
3270000 1.131194 2.032893 1.870526
3280000 1.157769 2.055886 1.897472
3290000 1.259235 2.031203 1.975877
3300000 0.913041 2.038475 1.952664
3310000 1.397528 1.836819 1.834549
3320000 1.026143 1.887124 1.906222
3330000 0.792669 2.077791 1.910903
3340000 0.756639 1.931893 1.907067
3350000 0.954532 1.970045 1.930031
3360000 1.026431 1.927903 1.893110
3370000 1.023619 1.977482 1.971048
3380000 1.068808 1.900181 1.927712
3390000 0.821924 1.959419 2.027102
3400000 0.863854 1.925727 1.817588
3410000 0.684819 2.028546 1.876131
3420000 0.628696 2.004890 1.958522
3430000 0.816031 2.066545 1.907518
3440000 0.801636 1.889198 1.967362
3450000 0.501236 2.094845 1.940222
3460000 0.621991 1.937789 1.979942
3470000 0.498344 1.897790 2.040268
3480000 0.631147 1.983567 1.977206
3490000 0.611542 1.950745 2.002015
3500000 0.678274 1.910208 2.004849
3510000 0.785899 1.964559 1.971547
3520000 0.983799 2.049781 1.943127
3530000 1.000802 1.940273 1.905603
3540000 1.273500 1.867712 1.868764
3550000 1.576747 1.870423 1.878671
3560000 1.755174 1.875476 1.811771
3570000 1.965927 1.976685 1.978618
3580000 2.432423 1.860204 1.878589
3590000 2.658014 1.995167 1.867351
3600000 2.913438 1.899794 1.875706
3610000 3.031769 2.007021 2.072617
3620000 3.423502 1.849612 2.062517
3630000 3.133936 1.984442 1.933739
3640000 2.436244 1.977967 1.858346
3650000 3.216124 1.960354 1.856162
3660000 3.618221 1.920800 1.955651
3670000 3.541394 1.954563 1.910146
3680000 3.082845 1.859108 1.844265
3690000 3.593913 2.005922 1.854466
3700000 3.899816 1.968515 1.919178
3710000 3.135347 1.857696 1.907314
3720000 2.581428 2.022708 1.793445
3730000 2.685788 1.915887 1.864406
3740000 3.037823 2.017457 1.943878
3750000 3.849355 1.891030 1.819418
3760000 4.651439 1.840435 1.960114
3770000 4.717665 1.946671 1.828388
3780000 4.601906 1.863055 1.888221
3790000 4.716408 2.024173 1.935045
3800000 4.078480 1.889044 2.017576
3810000 3.376457 1.886717 1.878835
3820000 4.108197 2.031703 1.903782
3830000 4.884335 1.935601 2.013178
3840000 4.915055 1.830443 2.035209
3850000 4.907101 1.938465 1.877382
3860000 4.327768 1.856559 1.804520
3870000 4.009071 1.854062 1.913800
3880000 4.626692 1.912495 1.869728
3890000 4.272694 1.758354 2.091462
3900000 3.749913 1.838335 1.844079
3910000 3.742620 1.935221 1.875295
3920000 3.989817 1.962446 1.858729
3930000 3.432166 1.972024 1.990395
3940000 3.661126 2.015204 1.941761
3950000 2.998591 1.913346 1.885415
3960000 3.076663 1.784396 1.993022
3970000 2.477669 1.966460 1.960911
3980000 2.148656 1.875466 1.923529
3990000 2.792999 1.994362 1.921516
