100000 1.198679 1.945415 0.927646
110000 1.056538 1.834996 0.918629
120000 1.437145 1.690620 0.915604
130000 1.855191 1.955565 0.870121
140000 1.832107 1.889775 0.918498
150000 2.284129 2.001555 0.884380
160000 3.302805 1.875569 0.915972
170000 3.588432 1.837868 0.922291
180000 4.515869 1.913736 0.879660
190000 3.402180 1.918585 0.949782
200000 2.853008 1.824095 0.866738
210000 2.368008 1.972131 0.955822
220000 2.473130 1.822167 0.930153
230000 4.199953 1.911613 1.000901
240000 4.326176 1.754765 0.918077
250000 3.302641 1.951007 0.779507
260000 3.023166 1.883322 0.880130
270000 2.645578 1.831119 0.955828
280000 1.651701 1.957965 0.863253
290000 1.083790 1.881239 0.835030
300000 1.002982 1.925601 0.818789
310000 1.286080 1.818485 0.768847
320000 1.962858 1.899707 0.908332
330000 2.432667 1.880815 0.825329
340000 1.654607 1.829620 0.804071
350000 1.704482 1.891903 0.939313
360000 1.364910 1.861555 0.890029
370000 1.073025 1.852577 0.872343
380000 2.058022 1.863757 0.718608
390000 1.958925 1.887273 0.851687
400000 1.721129 1.965577 0.744216
410000 1.564745 1.858380 0.813583
420000 2.931806 2.067782 0.695804
430000 3.356940 1.925992 0.937486
440000 4.584232 2.094571 0.872883
450000 4.786385 1.842529 0.929795
460000 3.956142 1.976569 0.714248
470000 2.923104 1.934685 0.973946
480000 2.927939 1.939909 0.956549
490000 2.826581 1.978051 0.895146
500000 3.381458 1.962997 0.898425
510000 4.625634 1.844404 0.902845
520000 4.218394 1.896258 0.941568
530000 4.610966 1.846358 0.791987
540000 4.785845 1.964676 0.767063
550000 4.108275 1.925932 0.971981
560000 3.615850 1.984300 0.846910
570000 4.705309 1.907588 0.788622
580000 3.784209 1.912104 0.780823
590000 2.550101 1.976320 0.847398
600000 2.258395 1.851992 0.953201
610000 3.507834 1.998962 0.837080
620000 3.005401 1.970980 0.907041
630000 3.596664 1.889158 0.845637
640000 3.577142 1.871833 0.873804
650000 4.076519 1.883266 0.947223
660000 4.845469 1.895344 0.920669
670000 4.435427 1.858464 0.973856
680000 4.466346 1.968021 0.898415
690000 3.262663 1.885359 0.920953
700000 2.672558 1.969816 0.734453
710000 3.414440 1.947594 0.895880
720000 3.182774 1.916563 0.777908
730000 2.278055 1.861027 0.977392
740000 2.147842 2.005076 1.073521
750000 2.672710 1.751847 0.836088
760000 2.762865 2.054717 0.954067
770000 3.159819 1.915455 0.933893
780000 3.418691 1.923877 0.873872
790000 3.932901 1.961113 0.789813
800000 3.795155 1.925299 0.953313
810000 2.764042 1.873756 0.922129
820000 4.098517 1.909951 0.855989
830000 4.600850 1.757976 1.137019
840000 4.387888 1.993656 0.815137
850000 3.881182 1.935446 0.865689
860000 4.418510 1.929756 0.807422
870000 4.160650 1.904963 0.893295
880000 4.809926 1.882000 0.897056
890000 4.963536 1.822251 0.816202
900000 4.865346 2.083995 0.879553
910000 4.758128 1.927303 0.850860
920000 5.029666 1.857898 0.827438
930000 4.721716 1.956144 0.882841
940000 3.844822 1.851628 0.796108
950000 3.494136 2.079074 0.841808
960000 3.320133 1.930256 0.870582
970000 2.463476 1.952856 0.739402
980000 1.810588 2.060937 0.814330
990000 1.974521 1.963391 1.043641
1000000 1.870449 1.899925 0.811318
1010000 1.366364 1.995561 0.980821
1020000 0.850006 1.929093 0.815882
1030000 0.861510 1.959211 0.853258
1040000 1.042795 1.946187 0.870054
1050000 0.827418 1.972259 0.840190
1060000 1.083473 2.045339 0.966507
1070000 0.788006 1.881649 0.781605
1080000 1.013889 1.968909 0.964271
1090000 1.295078 1.870447 0.945671
1100000 0.998433 1.968498 0.886859
1110000 1.247673 1.787015 0.941441
1120000 1.306216 1.902901 0.729631
1130000 1.200326 1.846482 0.808193
1140000 1.340935 1.941171 0.902894
1150000 1.097278 1.898393 0.923040
1160000 0.781114 1.919116 0.996626
1170000 1.484708 1.959484 0.887593
1180000 1.671434 1.998920 0.864273
1190000 2.350723 1.822501 0.757579
1200000 3.177371 1.914979 0.899873
1210000 2.818849 1.807991 0.940148
1220000 2.535848 1.947509 0.906855
1230000 3.098873 1.800593 0.858753
1240000 3.146937 1.899721 0.887831
1250000 2.244413 1.874733 0.866858
1260000 2.617029 1.846636 1.003574
1270000 2.038992 1.997147 0.827341
1280000 2.101883 1.980201 0.827444
1290000 1.935570 1.938320 0.885655
1300000 3.187034 1.928925 0.844367
1310000 4.117037 1.835933 0.921925
1320000 3.230141 2.057298 0.920175
1330000 3.953119 2.004040 0.822978
1340000 4.369574 1.985090 0.817794
1350000 4.588613 1.991060 0.893014
1360000 4.229284 2.148487 0.878907
1370000 4.766925 1.990549 0.854784
1380000 5.016666 1.909856 0.776726
1390000 5.022144 1.909873 0.909061
1400000 3.766066 1.907243 0.889394
1410000 3.319997 1.995536 0.886478
1420000 3.161165 2.027860 0.928498
1430000 3.066203 1.971188 0.793089
1440000 3.701897 1.760334 0.825715
1450000 4.190204 1.675647 0.795887
1460000 4.346979 1.910812 0.834065
1470000 4.154679 1.990153 0.844601
1480000 4.629823 1.978991 0.921331
1490000 3.937424 1.988069 0.846751
1500000 4.152132 1.870816 0.885541
1510000 3.519143 2.037219 0.835555
1520000 2.998162 1.964958 0.819852
1530000 2.338784 2.001713 0.884402
1540000 1.757762 1.953399 0.972184
1550000 1.698023 1.914005 0.907493
1560000 1.632415 2.052177 0.818019
1570000 2.127824 1.854823 0.814959
1580000 2.166399 1.968175 0.990880
1590000 2.182807 1.919039 0.865320
1600000 2.566265 1.937353 0.710466
1610000 3.316789 1.908136 0.879850
1620000 3.175369 2.007597 0.769553
1630000 3.611639 1.927508 0.935564
1640000 4.377989 1.995799 0.978069
1650000 5.003793 1.931747 0.901549
1660000 4.057731 1.906253 0.979999
1670000 3.354417 1.826262 0.973069
1680000 2.766793 1.992931 0.854091
1690000 2.455226 2.044212 0.888765
1700000 2.763924 1.927809 0.819864
1710000 2.936739 1.976178 0.818238
1720000 3.254538 1.936025 0.861093
1730000 2.921575 2.145533 0.868799
1740000 3.379693 1.971524 0.961312
1750000 2.716243 1.918854 0.679976
1760000 2.247450 1.877558 0.871537
1770000 1.755090 1.926251 0.860900
1780000 1.544856 1.877818 0.909985
1790000 1.341461 1.970917 0.990460
1800000 1.332648 2.053673 0.792484
1810000 1.483190 2.034930 0.909373
1820000 1.198293 1.901289 0.859428
1830000 1.600673 1.861595 0.923693
1840000 1.563626 1.983581 0.950683
1850000 1.944243 1.885331 0.808911
1860000 1.193829 2.095163 0.953593
1870000 1.034110 2.083072 0.855535
1880000 1.448201 1.979413 0.975019
1890000 1.483739 1.982759 0.897786
1900000 1.292923 1.976799 0.810467
1910000 2.064583 1.791828 0.838370
1920000 1.958262 1.890146 0.954718
1930000 2.230953 1.944481 0.864247
1940000 2.059635 1.868677 0.809217
1950000 1.918794 1.976629 0.851401
1960000 1.628213 1.916565 0.867854
1970000 1.693279 1.937581 0.998443
1980000 1.554486 1.937582 0.805085
1990000 1.448814 1.938669 0.950762
2000000 1.185291 2.002398 0.885504
2010000 1.502053 1.910370 0.912447
2020000 1.242387 1.954875 0.944484
2030000 2.404975 1.851405 0.918837
2040000 2.963085 2.073075 0.748617
2050000 3.788280 1.935667 0.911158
2060000 4.369474 1.896603 1.002538
2070000 4.016521 1.965242 0.859514
2080000 3.701524 2.044712 0.911433
2090000 4.632444 1.910957 0.851298
2100000 4.785295 1.884535 0.790516
2110000 4.407495 1.957083 0.880941
2120000 4.195210 1.812624 0.888359
2130000 4.049213 1.812493 0.831528
2140000 3.883195 1.949939 0.860693
2150000 3.494185 2.045589 0.871157
2160000 2.923723 1.917866 0.811773
2170000 3.501025 1.940525 0.897553
2180000 3.839666 1.850518 0.909887
2190000 2.688097 1.916243 0.971320
2200000 2.627132 1.854678 0.690411
2210000 3.005080 1.935604 0.935984
2220000 2.475202 1.937082 0.821556
2230000 2.535407 1.977816 0.982830
2240000 3.015796 1.907587 0.929794
2250000 4.477437 1.823581 0.871348
2260000 4.132426 1.939341 0.856419
2270000 3.982731 1.867608 0.779886
2280000 3.263196 1.993390 0.854117
2290000 3.715408 1.871514 0.975339
2300000 4.303256 1.938299 0.976586
2310000 4.069536 1.948180 0.814070
2320000 3.711464 1.910897 0.840236
2330000 3.628171 1.979158 0.765043
2340000 4.497050 2.010334 0.887314
2350000 4.409478 1.859306 0.901763
2360000 4.840227 1.984128 0.812913
2370000 4.905821 1.892875 0.929863
2380000 4.547082 2.029246 0.887684
2390000 4.664345 1.974641 0.706401
2400000 5.015654 1.917657 0.910182
2410000 4.930456 1.956822 0.977473
2420000 3.942614 1.919236 0.859043
2430000 3.740025 1.933049 0.859475
2440000 3.319005 1.873289 0.994071
2450000 2.639290 1.893656 0.809644
2460000 2.808649 2.080768 0.832514
2470000 3.339020 1.977496 0.901330
2480000 2.830776 1.836995 0.801717
2490000 2.192688 1.978938 0.730149
2500000 2.017461 1.994587 0.771739
2510000 2.423745 1.994543 0.885426
2520000 2.535513 1.964035 0.834699
2530000 2.339820 1.848035 0.957900
2540000 2.733227 1.946293 0.752439
2550000 3.342268 1.879374 0.890804
2560000 2.899166 1.851838 0.835713
2570000 3.155030 1.923666 0.972490
2580000 2.228798 2.076780 0.953521
2590000 1.940447 1.952157 0.907981
2600000 2.032318 1.860046 0.971595
2610000 2.243270 1.879454 0.890950
2620000 2.323480 2.038627 0.951430
2630000 2.131099 1.941302 0.878539
2640000 1.770595 1.824169 0.824375
2650000 1.893881 1.965607 0.990470
2660000 1.731622 1.978644 0.760009
2670000 1.967223 2.047066 0.889012
2680000 2.187803 1.964251 0.893041
2690000 1.952435 1.969181 0.850959
2700000 1.939247 1.933806 0.783698
2710000 2.179389 1.901554 0.804978
2720000 2.894227 1.956609 0.891864
2730000 2.753149 1.988071 0.883848
2740000 3.405061 1.870441 0.818131
2750000 3.565639 1.941357 0.759822
2760000 4.328742 1.939765 0.981737
2770000 3.991378 1.990113 0.875495
2780000 4.584397 1.858285 0.734259
2790000 3.567283 2.001173 0.874065
2800000 4.150064 1.942399 0.841893
2810000 4.468560 1.810582 1.054121
2820000 4.362027 1.977620 0.871303
2830000 3.820873 1.926686 0.881996
2840000 3.613414 1.915647 0.836174
2850000 3.182657 1.999008 0.985705
2860000 3.052385 1.919492 0.882317
2870000 3.337776 1.865941 0.855417
2880000 4.418214 1.931514 0.838660
2890000 3.879714 1.906205 0.926452
2900000 3.540208 1.937006 0.940450
2910000 2.827983 1.860664 0.858424
2920000 4.038653 1.921194 0.841500
2930000 4.534474 1.964550 0.894701
2940000 4.176703 1.890913 0.835809
2950000 4.217214 1.946196 0.910446
2960000 4.141315 1.915693 0.811554
2970000 4.803025 1.816333 0.849137
2980000 4.929073 2.077132 0.842096
2990000 4.953193 1.944752 0.805613
3000000 3.603558 1.960587 0.939096
3010000 3.214697 1.847698 0.858852
3020000 3.706360 1.838067 0.914113
3030000 3.568623 1.882933 0.749269
3040000 2.812474 1.967575 0.846851
3050000 2.777271 1.922170 0.863345
3060000 2.847396 1.992619 0.730443
3070000 2.684291 1.991514 0.854390
3080000 2.215884 1.885882 0.874132
3090000 2.247189 1.852762 0.939046
3100000 2.503910 1.907241 0.738808
3110000 2.923763 1.994492 0.876309
3120000 2.862427 1.968926 0.790727
3130000 2.343341 1.833989 0.814225
3140000 3.560911 1.882414 0.779813
3150000 4.598448 1.892367 0.920158
3160000 4.922576 1.845774 0.803535
3170000 4.983512 1.846189 0.902380
3180000 4.584711 1.921235 0.813897
3190000 4.999168 1.890884 0.910073
3200000 4.706346 1.828085 0.816394
3210000 4.572232 1.905666 0.810747
3220000 4.940545 1.796870 0.894730
3230000 4.395067 1.956394 0.895380
3240000 4.063097 1.906333 0.717134
3250000 4.140456 1.862569 0.848382
3260000 3.679998 1.991815 0.888457
3270000 3.279761 1.939728 0.815969
3280000 4.119444 1.909291 0.759127
3290000 3.623340 1.967024 0.863052
3300000 3.506877 1.885420 0.956847
3310000 3.014968 1.951787 0.873275
3320000 2.882023 1.923948 0.932973
3330000 2.538994 1.861396 0.886359
3340000 1.627660 1.825848 0.908470
3350000 1.236150 2.042551 0.732361
3360000 0.762225 2.019870 0.797840
3370000 0.782110 1.972496 0.826411
3380000 0.864760 2.007139 0.896954
3390000 0.938386 1.894642 0.882848
3400000 0.778461 1.934240 0.746905
3410000 0.838639 2.023914 0.805687
3420000 0.910037 1.933650 0.922521
3430000 1.091594 1.934754 0.980764
3440000 1.137131 1.857986 0.836710
3450000 0.953322 1.975664 0.788551
3460000 1.111468 1.966004 0.849550
3470000 1.343887 2.074410 0.865661
3480000 1.441107 1.921423 0.925808
3490000 1.499634 1.917260 0.952299
3500000 1.566932 1.950901 0.812163
3510000 1.261536 2.020103 0.897003
3520000 1.340213 1.944306 0.817311
3530000 1.334875 2.029899 0.878427
3540000 1.162867 2.029646 0.908039
3550000 0.998389 1.943619 0.820947
3560000 1.086889 1.871800 0.824373
3570000 0.919973 2.028077 0.913891
3580000 0.956668 1.939903 0.915699
3590000 1.152830 1.916260 0.882023
3600000 1.156190 1.944222 0.787471
3610000 1.111935 2.004385 0.859862
3620000 1.518993 1.907330 0.925165
3630000 1.713806 2.000624 0.931403
3640000 1.581224 1.964396 0.845276
3650000 1.844972 2.037727 1.043671
3660000 1.872190 1.876345 0.841149
3670000 2.090852 1.860039 0.871605
3680000 1.625487 2.006354 0.834565
3690000 1.709159 1.876058 1.024004
3700000 1.620608 1.874740 0.967065
3710000 1.695161 1.968562 0.856748
3720000 1.949949 1.902114 0.857198
3730000 1.950235 1.749485 0.907298
3740000 2.267625 1.995295 0.948325
3750000 2.365868 1.848989 0.821070
3760000 2.001654 1.851370 0.883149
3770000 1.762360 1.920244 0.906677
3780000 2.280849 1.836647 0.960636
3790000 2.166803 1.955359 0.927877
3800000 2.474189 1.798834 0.844501
3810000 2.426721 1.860379 0.968592
3820000 2.692547 1.932007 0.834632
3830000 2.644042 1.984323 0.913041
3840000 3.083294 1.956084 0.922264
3850000 2.763726 1.803058 0.875112
