100000 4.115057 -3.109961 -1.597825
110000 3.582165 -2.942414 -1.572847
120000 3.602421 -3.001055 -1.572578
130000 2.281874 -3.028772 -1.537229
140000 2.275971 -3.005895 -1.550472
150000 1.553711 -3.033731 -1.620131
160000 1.042417 3.138698 -1.634314
170000 0.800769 -3.109637 -1.523561
180000 1.519418 -2.999589 -1.502509
190000 2.113432 3.016893 -1.670757
200000 2.489331 -3.114197 -1.561613
210000 3.398741 3.137472 -1.393550
220000 3.919644 -3.062768 -1.532489
230000 4.547137 -3.141399 -1.601387
240000 4.391619 3.102306 -1.659558
250000 3.208165 -3.058380 -1.546034
260000 3.806749 3.036209 -1.539903
270000 4.663664 3.121221 -1.475781
280000 3.106589 3.107511 -1.557626
290000 3.495485 3.065470 -1.613119
300000 4.216170 3.080035 -1.647913
310000 3.500577 -3.066225 -1.563784
320000 2.554553 -3.121304 -1.512686
330000 2.019601 -3.097205 -1.524899
340000 2.561018 -3.063620 -1.592670
350000 3.269373 3.111054 -1.631416
360000 1.825489 -3.094849 -1.584040
370000 1.379294 3.128823 -1.660932
380000 0.885539 3.064769 -1.534004
390000 0.744022 3.058147 -1.649207
400000 0.970558 -3.079851 -1.571030
410000 1.100167 -3.097701 -1.597399
420000 0.778051 3.114643 -1.625924
430000 0.736962 3.109443 -1.764127
440000 0.742107 3.035577 -1.603058
450000 1.366007 3.088926 -1.423847
460000 1.054361 -3.131168 -1.520317
470000 1.399138 -3.132189 -1.654400
480000 2.185091 3.093700 -1.479287
490000 1.577637 -3.101305 -1.563926
500000 1.805927 3.018055 -1.588607
510000 3.299566 3.141347 -1.538961
520000 3.305120 -3.136865 -1.546628
530000 3.754098 -3.116489 -1.675576
540000 4.985497 3.064031 -1.699167
550000 4.767834 -3.085829 -1.457333
560000 4.267037 3.080228 -1.454462
570000 4.545271 3.134232 -1.521502
580000 4.997574 3.081747 -1.631494
590000 4.048473 3.110313 -1.554074
600000 3.148468 3.127735 -1.565897
610000 3.087457 -3.026525 -1.591290
620000 3.993366 3.135848 -1.463934
630000 4.714628 3.077536 -1.552010
640000 3.606726 -3.121965 -1.541259
650000 2.779078 3.060162 -1.619738
660000 3.655924 3.063434 -1.522329
670000 4.034596 -3.129474 -1.536846
680000 4.785389 -3.078561 -1.448690
690000 4.081525 -3.141570 -1.466436
700000 3.532267 -3.111271 -1.478903
710000 2.369204 3.037636 -1.632140
720000 2.683461 3.044021 -1.611226
730000 2.513912 3.129960 -1.653862
740000 2.379588 -3.100174 -1.467565
750000 1.978473 3.107233 -1.675386
760000 1.333981 3.043729 -1.570664
770000 1.785574 3.122899 -1.508413
780000 1.962459 3.102896 -1.700515
790000 3.120082 3.093472 -1.652677
800000 4.234009 3.065004 -1.554957
810000 3.578443 -3.097962 -1.609763
820000 4.333378 3.092032 -1.578237
830000 4.496020 -3.024576 -1.542452
840000 4.952266 2.963405 -1.615713
850000 3.760054 2.991394 -1.574390
860000 3.616968 -3.130766 -1.599721
870000 2.800894 -3.089853 -1.540613
880000 2.384473 3.115641 -1.530867
890000 1.563838 3.083761 -1.531430
900000 1.646157 3.120765 -1.593559
910000 1.078758 3.093962 -1.631857
920000 1.493876 -3.137152 -1.509719
930000 1.996973 2.931140 -1.590805
940000 2.411260 3.106431 -1.542442
950000 3.191361 3.021830 -1.524019
960000 2.620947 3.125543 -1.678280
970000 4.046864 -3.114885 -1.525408
980000 4.544739 3.130915 -1.567758
990000 4.407079 2.987258 -1.621391
1000000 4.986295 3.122908 -1.640657
1010000 4.260962 -3.128607 -1.600723
1020000 4.224226 -3.130986 -1.691776
1030000 3.723232 -3.105792 -1.470447
1040000 3.458730 3.133480 -1.612504
1050000 3.036155 3.136379 -1.590962
1060000 2.121988 -3.122564 -1.525686
1070000 2.894753 3.128849 -1.561898
1080000 2.620060 -3.122263 -1.571668
1090000 2.721721 -3.139447 -1.582654
1100000 4.196297 2.975536 -1.543172
1110000 4.023027 -3.108208 -1.558210
1120000 4.686760 3.110720 -1.630296
1130000 4.911187 -2.993697 -1.374835
1140000 4.285663 3.083924 -1.664347
1150000 3.791019 -3.135126 -1.501935
1160000 3.755808 3.068797 -1.388347
1170000 3.368883 -3.041997 -1.572917
1180000 4.180578 -3.125935 -1.483330
1190000 4.625019 2.981215 -1.647946
1200000 4.206372 3.113031 -1.636909
1210000 4.463151 -3.088212 -1.520702
1220000 2.628485 -3.007415 -1.561304
1230000 2.029189 3.112782 -1.614026
1240000 1.768327 -3.109852 -1.636361
1250000 1.621685 -3.072199 -1.592148
1260000 2.221006 3.076657 -1.627668
1270000 1.956536 3.122480 -1.687937
1280000 0.853671 3.092015 -1.454665
1290000 0.872385 3.112537 -1.425941
1300000 1.169778 2.981084 -1.665286
1310000 1.437826 -3.066526 -1.583766
1320000 1.633029 -3.138850 -1.588891
1330000 0.551075 3.037266 -1.457619
1340000 0.505345 3.110162 -1.585453
1350000 0.800665 3.018304 -1.721029
1360000 0.721510 3.120261 -1.586533
1370000 1.129633 -3.132785 -1.835938
1380000 1.432364 -3.105159 -1.515435
1390000 1.548767 3.059740 -1.493256
1400000 1.420003 3.099409 -1.733401
1410000 1.926730 -3.041811 -1.576583
1420000 1.265862 3.125418 -1.539807
1430000 1.053356 -3.102744 -1.598330
1440000 0.923712 -3.135978 -1.545474
1450000 0.993632 3.058160 -1.516758
1460000 0.569389 -3.128927 -1.535268
1470000 0.954698 -3.138374 -1.620913
1480000 0.977688 -3.112123 -1.521380
1490000 1.223577 -3.031148 -1.456430
1500000 1.120533 -3.139124 -1.550462
1510000 1.056372 3.090855 -1.453457
1520000 1.258284 -2.993223 -1.586594
1530000 1.385457 3.139107 -1.584306
1540000 0.628635 3.063916 -1.585692
1550000 0.871421 -3.094029 -1.600809
1560000 0.813782 3.112293 -1.573959
1570000 0.781395 3.067990 -1.576731
1580000 1.357750 -3.067979 -1.656776
1590000 1.907867 -2.907982 -1.703574
1600000 2.247788 3.100887 -1.554605
1610000 2.131887 3.137353 -1.652953
1620000 2.653649 3.104899 -1.614338
1630000 2.104389 -3.112281 -1.450409
1640000 2.594948 -3.109497 -1.471748
1650000 2.968050 3.096256 -1.569995
1660000 4.828425 -3.064664 -1.492830
1670000 5.038539 3.037195 -1.573509
1680000 4.423387 -3.134850 -1.614345
1690000 3.780191 3.072294 -1.549978
1700000 3.120354 -3.078222 -1.547367
1710000 3.720012 3.102980 -1.530365
1720000 3.061563 3.052602 -1.562396
1730000 3.157491 -3.092711 -1.522176
1740000 2.314502 3.131915 -1.647204
1750000 2.071062 -3.141279 -1.556068
1760000 2.609939 -3.140145 -1.499004
1770000 2.297647 3.107129 -1.473673
1780000 3.148149 -3.103729 -1.644170
1790000 3.702357 3.040763 -1.662736
1800000 4.734269 -3.110106 -1.599506
1810000 4.444412 3.090592 -1.680420
1820000 4.292101 -3.048028 -1.627513
1830000 4.524902 -3.026793 -1.653575
1840000 4.862256 -3.113132 -1.636844
1850000 4.297355 -3.008620 -1.536780
1860000 3.983260 -3.040132 -1.632113
1870000 4.126205 3.002721 -1.621990
1880000 3.490530 -3.124745 -1.559869
1890000 2.686752 -3.059322 -1.405181
1900000 2.614393 3.128846 -1.586733
1910000 1.986578 -3.120521 -1.663165
1920000 3.444208 -3.033262 -1.471776
1930000 3.416234 -3.076655 -1.601443
1940000 4.411926 3.107634 -1.597207
1950000 3.758899 -3.138541 -1.570880
1960000 3.772227 -3.125227 -1.506929
1970000 3.618783 3.077713 -1.547358
1980000 4.753089 -3.125333 -1.535812
1990000 4.878761 -3.128302 -1.508162
2000000 5.040800 -3.091435 -1.740896
2010000 4.217193 -3.016014 -1.593238
2020000 4.611895 3.027742 -1.614904
2030000 5.070887 -3.014088 -1.492705
2040000 4.121322 3.111189 -1.582181
2050000 3.513576 3.060490 -1.577762
2060000 3.204818 -3.129669 -1.580091
2070000 3.407141 -3.049978 -1.489704
2080000 3.317961 3.101978 -1.492535
2090000 3.676043 -3.066240 -1.506071
2100000 3.723738 3.088962 -1.572154
2110000 2.497646 -3.089704 -1.491839
2120000 2.418928 3.130572 -1.527926
2130000 2.084195 -3.075899 -1.491879
2140000 1.814259 -3.079861 -1.526630
2150000 2.183649 -3.129582 -1.574240
2160000 1.638239 -3.121354 -1.617312
2170000 1.408241 -3.088773 -1.614970
2180000 2.179550 3.134063 -1.583461
2190000 3.257507 -3.085486 -1.556185
2200000 2.790055 3.044826 -1.600705
2210000 2.869365 3.114472 -1.549466
2220000 2.505760 3.102674 -1.654467
2230000 2.822247 3.066262 -1.512758
2240000 2.868411 3.101724 -1.605767
2250000 3.343861 3.103786 -1.597311
2260000 3.544183 2.998287 -1.733170
2270000 4.319472 3.072082 -1.650940
2280000 4.319854 3.101841 -1.576934
2290000 4.640484 3.069201 -1.596386
2300000 4.470415 3.097520 -1.502331
2310000 4.934171 -3.139848 -1.545471
2320000 4.084133 -3.071016 -1.590562
2330000 2.959063 -3.007047 -1.606927
2340000 2.584985 -3.140578 -1.629094
2350000 2.114736 3.005151 -1.523298
2360000 2.762920 -3.137662 -1.648223
2370000 2.433559 -3.026280 -1.549707
2380000 3.117391 3.135778 -1.609656
2390000 2.137102 -3.018039 -1.594543
2400000 1.799534 2.929157 -1.633967
2410000 1.857572 -3.050048 -1.616328
2420000 2.418605 -3.076146 -1.658906
2430000 2.255864 3.052399 -1.576300
2440000 1.934562 -3.118876 -1.614399
2450000 2.222007 -3.100988 -1.607647
2460000 1.341185 3.068951 -1.619919
2470000 1.226042 -3.058817 -1.497720
2480000 1.348453 -3.122115 -1.415952
2490000 1.338391 3.097180 -1.545390
2500000 0.997060 3.091957 -1.513535
2510000 0.892672 3.098053 -1.532596
2520000 0.511524 2.882883 -1.524910
2530000 0.671459 3.072007 -1.754664
2540000 1.004386 -3.135064 -1.637449
2550000 1.159606 3.061871 -1.505407
2560000 1.071257 3.118323 -1.574449
2570000 0.887583 3.096737 -1.646396
2580000 0.722295 -3.130532 -1.707108
2590000 0.496646 3.112797 -1.750208
2600000 0.500573 -3.080534 -1.681723
2610000 0.723881 -3.108750 -1.620584
2620000 0.883445 -3.101432 -1.633662
2630000 1.032694 3.111841 -1.646820
2640000 1.245699 -3.103103 -1.540540
2650000 1.588145 3.079532 -1.629182
2660000 1.572450 3.127036 -1.686029
2670000 1.821343 -3.034721 -1.524256
2680000 1.507715 3.102254 -1.661854
2690000 1.686780 -3.127106 -1.486915
2700000 1.932030 3.053862 -1.595204
2710000 2.095716 3.109836 -1.511305
2720000 2.623520 3.094951 -1.601326
2730000 2.550782 -3.005993 -1.588161
2740000 1.808133 3.141299 -1.679166
2750000 1.737511 -3.100847 -1.557869
2760000 1.892884 3.033405 -1.538789
2770000 3.441748 -3.062625 -1.510180
2780000 3.731786 3.137324 -1.565854
2790000 3.989944 -3.035477 -1.729626
2800000 4.284914 -3.131511 -1.513443
2810000 4.838586 3.099745 -1.665475
2820000 4.499316 3.135378 -1.467638
2830000 4.029947 3.053506 -1.648046
2840000 3.416508 3.055084 -1.638942
2850000 3.891390 -3.127303 -1.633430
2860000 3.511178 -3.045047 -1.498695
2870000 3.484324 3.132663 -1.582610
2880000 2.415023 3.085842 -1.555199
2890000 3.015236 3.057645 -1.537233
2900000 3.421881 3.102180 -1.555829
2910000 3.863515 3.108179 -1.423372
2920000 3.563479 2.978888 -1.563503
2930000 4.401643 -3.062558 -1.584342
2940000 4.467232 3.021415 -1.636033
2950000 3.604551 3.085656 -1.681421
2960000 4.498211 3.074253 -1.643490
2970000 3.980630 -3.064420 -1.582308
2980000 4.646829 3.111733 -1.547025
2990000 2.921679 3.010150 -1.515517
3000000 2.281800 -3.140497 -1.545846
3010000 2.762407 -3.000524 -1.617421
3020000 2.795420 3.051671 -1.687471
3030000 3.254852 -3.105723 -1.695958
3040000 3.693182 3.134731 -1.533606
3050000 3.226718 -3.125822 -1.566949
3060000 4.414818 2.983578 -1.562566
3070000 4.173056 -3.064528 -1.639679
3080000 3.424060 -3.091497 -1.597195
3090000 4.178356 3.005720 -1.467609
3100000 4.831673 3.055529 -1.636559
3110000 4.712657 -3.066098 -1.674398
3120000 3.478547 -3.095921 -1.587400
3130000 4.355306 -3.127996 -1.496058
3140000 4.192006 3.072695 -1.567011
3150000 3.823191 -3.123613 -1.507963
3160000 4.641000 3.099661 -1.622324
3170000 4.099250 3.073059 -1.614937
3180000 2.897696 -3.048523 -1.482653
3190000 2.531500 -3.135692 -1.557649
3200000 2.401856 3.083817 -1.612513
3210000 2.381540 3.102228 -1.460806
3220000 2.730854 3.130588 -1.580714
3230000 3.206565 -3.121303 -1.525411
3240000 3.669726 -3.124892 -1.553839
3250000 3.945857 -3.132577 -1.536849
3260000 4.360402 -3.118270 -1.576378
3270000 4.962009 -3.106164 -1.599387
3280000 4.886441 3.027578 -1.491847
3290000 4.526904 3.056997 -1.604420
3300000 4.965179 3.081691 -1.525960
3310000 3.985477 3.102584 -1.501319
3320000 3.209432 3.139686 -1.523815
3330000 2.829293 -3.112587 -1.490334
3340000 2.442452 3.135984 -1.646498
3350000 2.650931 3.100077 -1.411449
3360000 2.223251 3.097445 -1.580130
3370000 1.662634 -3.002644 -1.495395
3380000 1.586167 3.014430 -1.520153
3390000 1.919353 -3.127955 -1.528830
3400000 1.847846 3.118140 -1.557487
3410000 1.421084 3.132107 -1.722119
3420000 1.922572 -3.070092 -1.662319
3430000 1.389787 3.093273 -1.715394
3440000 1.326144 -3.013031 -1.550062
3450000 1.409415 -3.114884 -1.519616
3460000 1.119207 3.065617 -1.459021
3470000 1.122309 -3.107948 -1.439729
3480000 0.840569 3.016274 -1.614856
3490000 0.905251 -3.105121 -1.492592
3500000 0.706744 3.110279 -1.626819
3510000 0.875074 3.085197 -1.587624
3520000 0.780007 3.130210 -1.673367
3530000 0.889224 -3.080396 -1.575344
3540000 1.117808 3.098000 -1.740660
3550000 1.252443 -3.126604 -1.692700
3560000 1.215329 -3.100624 -1.559907
3570000 1.422362 -3.089305 -1.513503
3580000 1.494505 3.130887 -1.627626
3590000 1.430304 3.064014 -1.566569
3600000 1.169706 -3.139650 -1.550186
3610000 0.976459 -3.137066 -1.652716
3620000 0.610364 -3.092746 -1.656829
3630000 0.587670 -3.129181 -1.548203
3640000 0.733092 3.019841 -1.654474
3650000 1.091621 -3.071966 -1.618437
3660000 1.016013 3.125462 -1.634954
3670000 1.089427 -3.044832 -1.551458
3680000 1.721516 -3.101218 -1.468926
3690000 1.521158 3.105869 -1.598050
3700000 1.781167 -3.114166 -1.561660
3710000 2.300017 3.109041 -1.507905
3720000 2.002919 2.963177 -1.605199
3730000 1.842325 3.068782 -1.495824
3740000 2.016670 3.126689 -1.514753
3750000 2.326741 -3.100405 -1.451427
3760000 2.378791 -3.088212 -1.582324
3770000 3.546480 3.100598 -1.651107
3780000 4.321834 3.071233 -1.839381
3790000 4.714427 -3.101043 -1.579585
3800000 3.911803 3.098854 -1.523648
3810000 2.964657 3.122344 -1.528644
3820000 3.242501 3.009069 -1.552230
3830000 3.614034 3.050557 -1.606412
3840000 3.435472 3.041126 -1.603460
3850000 3.675391 3.130940 -1.767748
3860000 4.222019 -3.120153 -1.484132
3870000 5.069941 3.120721 -1.588527
3880000 4.818630 -3.068381 -1.585598
3890000 4.462288 -3.042453 -1.640430
3900000 4.155403 3.004642 -1.558065
3910000 3.804536 3.083036 -1.636180
3920000 3.623069 -3.118271 -1.393036
3930000 3.432793 -3.069884 -1.634281
3940000 2.103404 3.064075 -1.654683
3950000 2.704416 -3.071637 -1.642245
3960000 2.551493 3.126240 -1.548396
3970000 3.095093 3.081483 -1.521760
3980000 3.127211 -2.982470 -1.496978
3990000 3.938511 -3.121129 -1.519369
4000000 3.623101 3.039365 -1.518052
