100000 3.364895 1.993534 -0.170286
110000 4.529334 1.888232 -0.242221
120000 4.013824 1.930675 -0.239773
130000 3.951690 1.921971 -0.223922
140000 4.234774 1.870752 -0.220112
150000 2.416864 1.862912 -0.184686
160000 3.711777 1.891865 -0.168740
170000 4.417290 1.981646 -0.215066
180000 3.942410 2.033277 -0.259989
190000 2.975865 1.898872 -0.147205
200000 4.014884 1.896666 -0.271650
210000 2.254828 2.003542 -0.116757
220000 1.292090 1.942988 -0.135660
230000 1.774472 2.003788 -0.168257
240000 0.862937 1.898149 -0.244905
250000 1.092736 1.855758 -0.213195
260000 1.368516 1.980558 -0.239938
270000 1.918807 1.783238 -0.180672
280000 1.484989 1.906709 -0.235233
290000 0.998819 1.936515 -0.336394
300000 1.089057 1.856584 -0.290304
310000 1.373014 1.957990 -0.191863
320000 1.639207 1.894943 -0.135237
330000 1.788327 1.743027 -0.193363
340000 2.641741 1.985130 -0.217608
350000 2.857897 2.019515 -0.220117
360000 4.139420 1.983958 -0.143834
370000 3.931505 2.028081 -0.171196
380000 3.847806 1.873920 -0.066719
390000 2.355983 2.012715 -0.099362
400000 2.550037 1.964729 -0.160261
410000 2.169672 1.923379 -0.263045
420000 1.738698 1.948369 -0.160360
430000 3.616468 1.852421 -0.182120
440000 2.156480 1.973387 -0.161492
450000 2.857436 1.770089 -0.305907
460000 3.922773 1.851664 -0.158860
470000 4.319591 1.922300 -0.134977
480000 4.726423 1.883069 -0.190043
490000 4.765955 1.845435 -0.104931
500000 3.962676 1.949435 -0.102503
510000 3.839379 1.775275 -0.215243
520000 3.029492 2.012525 -0.253667
530000 2.936544 1.958405 -0.209442
540000 2.500489 1.846501 -0.254769
550000 4.337111 1.998166 -0.180194
560000 4.790157 1.892492 -0.270017
570000 4.963735 1.900006 -0.124022
580000 4.829961 1.952341 -0.213868
590000 4.269985 1.983256 -0.201170
600000 4.684432 1.925593 -0.307920
610000 4.553727 1.814387 -0.155653
620000 4.368690 2.060111 -0.182681
630000 4.880131 1.915168 -0.272117
640000 3.930402 1.951960 -0.193611
650000 3.325728 1.834644 -0.240393
660000 2.524602 1.898585 -0.275071
670000 1.954824 1.823641 -0.122831
680000 1.616675 2.011750 -0.267085
690000 2.056052 1.973469 -0.200231
700000 2.490547 1.915299 -0.090228
710000 2.661555 1.956060 -0.123280
720000 2.645717 2.046234 -0.076805
730000 2.531288 1.898555 -0.218687
740000 3.311092 1.805669 -0.161113
750000 3.325593 1.878203 -0.149017
760000 4.140721 1.828752 -0.116397
770000 3.514415 1.988586 -0.170604
780000 3.125365 1.972480 -0.050034
790000 3.876386 1.837522 -0.105116
800000 4.266045 1.874518 -0.193579
810000 4.515812 1.895594 -0.212470
820000 4.968318 1.902233 -0.141006
830000 4.021416 1.868205 -0.197910
840000 3.508398 2.023175 -0.192153
850000 3.003507 1.927815 -0.139335
860000 2.690798 1.935107 -0.221737
870000 2.663154 1.935024 -0.101787
880000 3.106304 1.851446 -0.152342
890000 4.060270 1.831426 -0.201112
900000 4.470578 1.887372 -0.245644
910000 4.901696 1.970256 -0.118256
920000 4.969043 2.033028 -0.140790
930000 4.846252 1.832828 -0.142522
940000 4.788301 1.894894 -0.137570
950000 4.437542 1.879281 -0.198189
960000 3.307608 1.930644 -0.194057
970000 3.222823 2.055365 -0.223677
980000 3.630278 1.887241 -0.281460
990000 4.027298 1.867068 -0.101193
1000000 4.546878 1.808822 -0.204556
1010000 4.810620 1.925644 -0.175449
1020000 5.021226 2.037378 -0.233350
1030000 4.946158 1.910917 -0.078202
1040000 4.226721 1.867158 -0.226906
1050000 4.046723 1.835051 -0.131855
1060000 3.464439 1.862488 -0.169546
1070000 2.678971 1.959015 -0.225903
1080000 2.056662 1.841120 -0.294525
1090000 1.916573 1.957430 -0.216794
1100000 1.742907 1.944058 -0.165424
1110000 1.574159 1.847530 -0.275249
1120000 1.218957 1.929454 -0.324963
1130000 0.871892 2.195206 -0.222916
1140000 0.937616 1.997445 -0.198286
1150000 1.105363 1.944747 -0.168390
1160000 1.352931 1.995939 -0.132679
1170000 1.143657 1.922086 -0.120285
1180000 1.401120 1.769100 -0.245072
1190000 1.077836 1.962353 -0.106066
1200000 1.168008 1.939375 -0.157466
1210000 1.470170 1.985869 -0.135695
1220000 1.458539 1.959143 -0.187278
1230000 1.480589 1.952277 -0.231008
1240000 1.116432 2.039514 -0.171684
1250000 1.662143 1.802959 -0.341305
1260000 1.870520 1.872851 -0.187876
1270000 2.093484 1.935239 -0.305060
1280000 2.415679 1.897515 -0.142618
1290000 2.156025 1.811606 -0.239510
1300000 2.795141 1.975625 -0.031641
1310000 3.255343 1.914955 -0.097421
1320000 3.262673 1.829846 -0.179582
1330000 2.741831 1.967545 -0.235872
1340000 2.247151 1.972139 -0.174288
1350000 2.008539 2.021809 -0.212101
1360000 1.728114 1.969097 -0.071701
1370000 2.001220 1.949644 -0.171572
1380000 1.624352 1.976945 -0.231056
1390000 1.540555 1.882992 -0.214132
1400000 1.892059 1.925883 -0.052911
1410000 2.272901 1.922914 -0.075744
1420000 2.443007 1.814171 -0.192125
1430000 2.586827 1.771282 -0.241307
1440000 2.799513 1.884071 -0.166682
1450000 3.228003 1.865044 -0.208664
1460000 4.465163 1.858783 -0.120591
1470000 3.989634 1.945938 -0.238770
1480000 2.717346 2.127642 -0.190519
1490000 2.753311 1.931367 -0.213937
1500000 2.740026 1.882386 -0.155699
1510000 3.576797 2.025366 -0.218355
1520000 3.596190 1.872655 -0.163185
1530000 3.981408 1.939724 -0.206022
1540000 3.529389 1.847405 -0.221546
1550000 4.548486 1.852982 -0.169874
1560000 4.576050 1.823336 -0.280569
1570000 4.312522 1.834454 -0.212264
1580000 3.690887 2.006815 -0.165408
1590000 4.726721 1.919891 -0.262093
1600000 3.846004 1.962243 -0.164707
1610000 3.845701 2.018961 -0.184401
1620000 3.342247 1.954450 -0.232334
1630000 2.527799 1.922056 -0.174340
1640000 2.363654 1.962711 -0.221476
1650000 2.589936 1.927671 -0.208411
1660000 2.715876 1.954159 -0.231136
1670000 1.892053 2.006511 -0.223327
1680000 1.859048 2.066894 -0.189734
1690000 1.769783 1.906705 -0.269932
1700000 2.145350 1.945753 -0.174264
1710000 2.786937 2.059157 -0.119140
1720000 2.420581 1.968159 -0.137235
1730000 3.083384 1.836690 -0.148403
1740000 3.441828 1.870570 -0.148715
1750000 3.268964 1.912320 -0.163199
1760000 3.963316 1.904569 -0.135146
1770000 3.727549 1.922659 -0.168934
1780000 3.181168 2.008674 -0.175835
1790000 3.594876 2.007205 -0.153963
1800000 4.595169 1.974583 -0.229610
1810000 4.931649 1.918330 -0.299249
1820000 4.965540 1.925085 -0.185761
1830000 4.839420 1.929161 -0.189819
1840000 5.003669 1.822618 -0.214084
1850000 4.727263 1.939684 -0.306197
1860000 4.889099 1.826635 -0.291819
1870000 5.026875 1.908037 -0.166864
1880000 4.835791 2.046229 -0.142244
1890000 4.322621 1.902024 -0.185631
1900000 3.460390 2.004790 -0.178925
1910000 4.455460 1.959813 -0.130282
1920000 4.390177 1.956309 -0.069188
1930000 4.052479 1.872922 -0.180379
1940000 3.373098 1.838697 -0.276043
1950000 3.589808 1.926206 -0.213616
1960000 4.080544 1.997314 -0.137618
1970000 4.683221 1.910675 -0.305289
1980000 4.713670 1.949241 -0.103841
1990000 3.704438 1.921101 -0.200257
2000000 2.792426 1.942518 -0.120412
2010000 3.053040 1.918065 -0.276008
2020000 2.965810 1.811222 -0.191194
2030000 2.480428 1.974695 -0.214536
2040000 1.867474 1.979517 -0.214789
2050000 1.875985 1.893431 -0.111936
2060000 1.743127 1.985331 -0.091486
2070000 1.555032 2.020468 -0.164671
2080000 1.054850 1.983655 -0.161015
2090000 0.854414 2.140043 0.003419
2100000 0.692943 1.998202 -0.241799
2110000 0.524837 2.145709 -0.207181
2120000 1.003894 2.060065 -0.160730
2130000 1.081676 1.888910 -0.077268
2140000 1.225909 1.883046 -0.230345
2150000 1.242026 2.000026 -0.138230
2160000 1.363263 2.005815 -0.202053
2170000 0.654173 1.831809 -0.309487
2180000 0.776320 1.967167 -0.137636
2190000 0.683937 2.065987 -0.284187
2200000 0.925313 1.928743 -0.159464
2210000 1.002243 1.978175 -0.189863
2220000 1.191675 1.961355 -0.316660
2230000 1.177685 1.737807 -0.249728
2240000 0.868312 1.825175 -0.226867
2250000 0.766292 1.881709 -0.220639
2260000 0.709933 1.882743 -0.154823
2270000 1.139000 1.929890 -0.081390
2280000 1.418006 1.766510 -0.117326
2290000 1.624548 1.947994 -0.207861
2300000 1.635175 1.994660 -0.112967
2310000 1.687442 1.962047 -0.234170
2320000 2.030861 1.840113 -0.098767
2330000 2.065391 1.895187 -0.180927
2340000 2.181081 1.923019 -0.166103
2350000 1.896512 1.837064 -0.014402
2360000 2.283287 1.846055 -0.037089
2370000 2.441369 1.930681 -0.132130
2380000 2.696303 1.975736 -0.149176
2390000 2.689939 1.827920 -0.248278
2400000 2.690151 1.891016 -0.133951
2410000 3.225651 1.795010 -0.309524
2420000 3.459526 2.068341 -0.237215
2430000 3.758373 1.836299 -0.235102
2440000 3.822526 1.960497 -0.079030
2450000 3.525516 1.934837 -0.129969
2460000 3.810761 2.006516 -0.258494
2470000 4.356186 1.982479 -0.124440
2480000 4.114131 1.804970 -0.181341
2490000 4.726843 1.824229 -0.299773
2500000 4.316951 1.873763 -0.219683
2510000 3.685324 1.933121 -0.149797
2520000 3.114082 1.817879 -0.180128
2530000 2.432301 1.977605 -0.237722
2540000 2.673597 1.948032 -0.085385
2550000 2.964991 1.941294 -0.016175
2560000 3.190718 1.954450 -0.232039
2570000 3.201726 1.915636 -0.231687
2580000 3.499005 1.963781 -0.282341
2590000 2.634481 1.951722 -0.203139
2600000 2.451715 1.966574 -0.216799
2610000 2.091969 1.943809 -0.144538
2620000 2.979020 1.919423 -0.200007
2630000 3.061240 2.017420 -0.103382
2640000 3.933592 2.044297 -0.215891
2650000 3.989814 2.101448 -0.161892
2660000 4.709649 1.930951 -0.156484
2670000 4.365293 1.981674 -0.213888
2680000 4.738791 1.731813 -0.153222
2690000 5.035030 1.850544 -0.095856
2700000 3.693188 1.857892 -0.115087
2710000 3.384117 1.815388 -0.146655
2720000 3.421889 2.003170 -0.165238
2730000 3.525209 1.935504 -0.122948
2740000 3.527011 1.951106 -0.051463
2750000 2.801663 1.894276 -0.103745
2760000 2.365595 1.858973 -0.207009
2770000 1.712916 1.939808 -0.167061
2780000 1.491383 1.862370 -0.093018
2790000 1.457099 1.903572 -0.238477
2800000 1.412647 1.949122 -0.242568
2810000 1.367740 1.856806 -0.087174
2820000 1.071397 2.074084 -0.240830
2830000 1.420207 1.945808 -0.075643
2840000 1.375090 1.857139 -0.226875
2850000 1.006645 1.932936 -0.282117
2860000 0.897447 1.914821 -0.266543
2870000 0.886033 1.937333 -0.223772
2880000 1.038799 1.870621 -0.242801
2890000 0.857727 1.976039 -0.175998
2900000 0.956354 1.956375 -0.142441
2910000 1.249479 1.908319 -0.117769
2920000 1.047897 1.869168 -0.182340
2930000 1.368962 1.878013 -0.221473
2940000 1.369262 1.813661 -0.164339
2950000 1.443960 2.001010 -0.160909
2960000 1.445570 2.001649 -0.120968
2970000 1.393005 1.890666 -0.250465
2980000 1.688747 1.815024 -0.093151
2990000 1.508496 1.881635 -0.081149
3000000 1.978237 1.866412 -0.159247
3010000 1.885967 2.105121 0.061633
3020000 1.701694 1.811720 -0.088983
3030000 1.765289 2.007952 -0.186859
3040000 2.185291 2.007641 -0.187892
3050000 2.510670 1.941550 -0.055626
3060000 3.171325 1.950513 -0.240264
3070000 3.943711 1.782228 -0.230720
3080000 3.561831 2.007247 -0.215914
3090000 2.830991 1.959827 -0.159318
3100000 2.341353 1.884020 -0.297523
3110000 2.436666 1.896749 -0.113579
3120000 2.196036 1.876572 -0.133536
3130000 2.828758 1.932536 -0.122442
3140000 1.917378 1.952447 -0.174323
3150000 1.962212 1.919031 -0.217714
3160000 1.719682 1.923931 -0.124031
3170000 2.417862 1.890530 -0.177499
3180000 2.287395 1.923578 -0.240524
3190000 2.079469 1.988058 -0.061675
3200000 2.241890 1.829853 -0.173101
3210000 3.195337 1.926601 -0.200398
3220000 3.525099 1.887936 -0.124964
3230000 4.513405 1.791222 -0.140804
3240000 5.002251 1.971135 -0.239689
3250000 4.801139 1.889557 -0.190194
3260000 4.141288 1.850852 -0.161329
3270000 4.370598 1.991379 -0.179263
3280000 4.661868 1.940843 -0.166371
3290000 3.635041 1.856643 -0.168389
3300000 4.305362 1.844534 -0.135993
3310000 4.451895 1.965711 -0.137098
3320000 3.933418 2.011683 -0.146489
3330000 3.873030 1.852516 -0.160983
3340000 5.021747 1.959795 -0.173144
3350000 4.659531 1.896302 -0.120929
3360000 4.939071 1.973154 -0.185271
3370000 4.230278 1.912101 -0.226947
3380000 4.130068 1.867330 -0.183138
3390000 3.070137 1.870488 -0.114804
3400000 3.350567 1.970718 -0.206288
3410000 3.714173 1.976633 -0.149461
3420000 4.292045 2.027073 -0.144837
3430000 3.768877 2.065078 -0.160674
3440000 2.798199 1.945422 -0.234460
3450000 2.893671 1.841874 -0.215983
3460000 2.854424 1.987566 -0.135060
3470000 3.827623 1.973779 -0.368053
3480000 3.415459 1.965709 -0.212742
3490000 2.530987 1.913005 -0.131168
3500000 4.036486 2.079591 -0.188088
3510000 3.878145 1.972360 -0.258760
3520000 4.828474 1.845572 -0.144845
3530000 4.946957 1.902009 -0.295209
3540000 4.951435 1.994859 -0.091349
3550000 4.757934 2.054071 -0.220337
3560000 5.018637 1.987868 -0.130441
3570000 4.329264 1.974740 -0.199552
3580000 3.800334 2.121134 -0.197662
3590000 3.883205 1.951603 -0.166624
3600000 3.203984 2.029672 -0.000734
3610000 2.862602 1.862171 -0.128088
3620000 2.597736 1.873832 -0.211790
3630000 2.472737 1.867673 -0.194922
3640000 2.402515 2.002348 -0.132815
3650000 2.715889 1.923695 -0.269378
3660000 2.321444 1.959291 -0.111360
3670000 1.650526 1.923822 -0.198263
3680000 1.952690 1.902558 -0.205129
3690000 1.761653 2.000688 -0.189723
3700000 1.885279 1.746692 -0.181359
3710000 2.306567 1.923187 -0.132666
3720000 2.269931 1.832535 -0.172522
3730000 2.549691 2.004409 -0.206628
3740000 1.667124 1.876404 -0.076558
3750000 1.712248 1.985992 -0.194076
3760000 1.642076 1.881853 -0.213491
3770000 2.132263 1.997293 -0.192011
3780000 2.996076 2.005667 -0.211943
3790000 2.978071 1.971560 -0.309191
3800000 3.515015 2.066287 -0.284108
3810000 3.948320 1.856437 -0.197175
3820000 3.962601 2.019421 -0.251239
3830000 3.677594 1.898849 -0.324423
3840000 3.555129 1.972735 -0.206052
3850000 4.694443 2.057983 -0.152291
3860000 4.714547 1.960897 -0.245096
3870000 4.955045 2.031689 -0.173036
3880000 4.415300 1.832545 -0.141729
3890000 4.367212 1.957799 -0.089676
3900000 3.162118 1.943825 -0.230955
3910000 2.763926 1.982553 -0.219546
3920000 2.552261 1.970160 -0.303421
3930000 2.532696 1.910023 -0.150678
3940000 4.102629 1.984809 -0.176814
3950000 4.383513 1.895974 -0.093767
3960000 4.729412 1.916944 -0.274874
3970000 4.458322 1.846972 -0.218140
3980000 4.899331 2.005113 -0.199489
3990000 4.011644 1.912046 -0.174699
4000000 4.162284 2.012791 -0.268091
