100000 0.909200 2.014618 -0.667747
110000 1.035422 1.998848 -0.643246
120000 1.861091 1.904797 -0.666591
130000 2.750534 1.934274 -0.621243
140000 3.115440 1.913641 -0.618232
150000 4.516911 1.911686 -0.698818
160000 3.672679 1.947207 -0.741193
170000 4.756957 1.992973 -0.604969
180000 3.601176 1.848685 -0.631486
190000 2.521732 2.021538 -0.734668
200000 2.572120 1.893409 -0.769609
210000 4.030479 1.951213 -0.706818
220000 2.799627 1.938181 -0.787131
230000 2.881294 2.001554 -0.708802
240000 2.991803 1.944084 -0.664524
250000 1.775598 1.970577 -0.773718
260000 1.450114 1.944646 -0.822159
270000 1.874778 1.862794 -0.662752
280000 2.303398 2.035857 -0.717749
290000 2.722455 1.993348 -0.729730
300000 4.191457 2.013168 -0.797408
310000 4.402130 1.977105 -0.686747
320000 3.300864 1.810849 -0.643636
330000 2.915053 1.882635 -0.666742
340000 4.485363 1.947436 -0.671547
350000 4.138189 1.999659 -0.714359
360000 4.998698 2.033593 -0.602818
370000 3.904008 1.927762 -0.509679
380000 3.528555 1.782356 -0.849160
390000 4.564765 1.881242 -0.718555
400000 3.321709 1.811894 -0.813749
410000 2.548043 1.845758 -0.646255
420000 2.063987 1.753760 -0.759601
430000 2.251668 1.907786 -0.724023
440000 2.874533 1.851601 -0.687558
450000 1.745247 1.967975 -0.572500
460000 1.281432 1.827534 -0.594121
470000 0.912695 1.985892 -0.743237
480000 0.742660 1.951869 -0.895555
490000 0.774235 2.000209 -0.829377
500000 0.964590 1.826100 -0.757312
510000 1.120454 2.042539 -0.664332
520000 0.807206 2.018157 -0.631181
530000 0.746988 2.001106 -0.691252
540000 1.064941 2.019482 -0.712631
550000 1.489800 1.776858 -0.753490
560000 1.493134 2.036373 -0.514996
570000 1.503929 1.754066 -0.833060
580000 2.229633 1.899269 -0.669679
590000 2.028237 1.932038 -0.702625
600000 2.990043 1.947092 -0.672460
610000 3.447264 1.881693 -0.694689
620000 3.894527 1.939586 -0.568715
630000 4.709769 1.969177 -0.671269
640000 4.198445 1.919616 -0.799394
650000 3.262487 2.005314 -0.697623
660000 2.889597 2.017340 -0.709009
670000 3.612800 1.983953 -0.652498
680000 3.611685 1.959643 -0.763067
690000 2.625026 1.878955 -0.603127
700000 2.077439 1.882251 -0.718990
710000 2.016675 1.848328 -0.585766
720000 1.963343 1.949711 -0.660248
730000 2.897734 1.906015 -0.729373
740000 2.314348 1.866409 -0.640837
750000 1.479162 2.000081 -0.688586
760000 1.285355 1.813986 -0.830289
770000 1.445466 1.691431 -0.685565
780000 1.876522 1.799030 -0.641262
790000 2.237044 1.720023 -0.582431
800000 3.046649 1.867634 -0.694505
810000 4.472249 1.766134 -0.772542
820000 4.189927 1.891674 -0.684018
830000 4.429584 2.001445 -0.776019
840000 3.715441 2.095505 -0.637610
850000 3.954409 1.799374 -0.764916
860000 2.828637 1.923572 -0.692411
870000 3.116814 1.872459 -0.737431
880000 2.945172 2.083998 -0.676231
890000 3.422138 1.905041 -0.749887
900000 2.451368 1.943535 -0.700292
910000 2.318088 1.925262 -0.635987
920000 2.186709 1.945337 -0.670139
930000 1.763101 1.881489 -0.702582
940000 2.487260 1.959712 -0.687580
950000 3.741195 1.891208 -0.719652
960000 4.200676 1.893731 -0.712039
970000 3.901973 1.891822 -0.712893
980000 4.499560 1.977226 -0.733220
990000 4.515103 1.756449 -0.647234
1000000 4.809993 1.932174 -0.736028
1010000 4.516288 1.848970 -0.752148
1020000 3.989765 1.992917 -0.744166
1030000 4.480601 1.879633 -0.718546
1040000 3.568265 1.936856 -0.683476
1050000 4.893411 1.862268 -0.728595
1060000 5.031145 2.056654 -0.647693
1070000 4.255312 2.030125 -0.633903
1080000 4.776507 1.987607 -0.622984
1090000 4.229350 1.878788 -0.709900
1100000 4.678600 1.951838 -0.679607
1110000 3.753301 1.906251 -0.678473
1120000 2.961350 1.865978 -0.504215
1130000 2.666489 1.939654 -0.676450
1140000 3.459933 1.887049 -0.663627
1150000 2.514925 1.948835 -0.699878
1160000 2.950728 1.882045 -0.593591
1170000 3.331380 2.013218 -0.674911
1180000 4.146710 1.831819 -0.710151
1190000 3.282676 1.949453 -0.722411
1200000 3.242097 1.960293 -0.751074
1210000 2.380109 1.919974 -0.669637
1220000 2.662863 1.876147 -0.638143
1230000 2.053457 1.955388 -0.697550
1240000 1.669633 1.908008 -0.554142
1250000 1.201354 1.896483 -0.670760
1260000 0.971424 1.968737 -0.655227
1270000 1.527977 1.983868 -0.555769
1280000 1.804970 1.932144 -0.711087
1290000 1.437311 1.971588 -0.674930
1300000 1.916298 1.911856 -0.609149
1310000 2.220255 1.880366 -0.796148
1320000 2.969145 1.943486 -0.747428
1330000 4.596302 1.959564 -0.689688
1340000 4.906830 1.950633 -0.736972
1350000 5.014224 1.936335 -0.662382
1360000 4.073810 1.938913 -0.597690
1370000 3.039838 1.928003 -0.658582
1380000 2.098995 1.922574 -0.831388
1390000 1.892327 1.884079 -0.616916
1400000 2.130440 1.861303 -0.845483
1410000 1.875264 1.835322 -0.597483
1420000 1.303411 1.933742 -0.690030
1430000 1.132698 1.826591 -0.642257
1440000 1.215874 1.966146 -0.640218
1450000 0.999796 1.972958 -0.778255
1460000 1.612192 1.825896 -0.753499
1470000 1.421778 1.981216 -0.787500
1480000 0.892898 2.165493 -0.777557
1490000 1.185094 1.992051 -0.596803
1500000 1.362720 2.011347 -0.668939
1510000 1.295473 1.985568 -0.662362
1520000 1.950542 1.787963 -0.729585
1530000 2.495318 1.875503 -0.681860
1540000 2.181756 2.051358 -0.680729
1550000 2.029113 1.927872 -0.718296
1560000 1.946282 2.089040 -0.698431
1570000 2.023950 1.912615 -0.615709
1580000 1.902755 1.910380 -0.657711
1590000 1.604306 1.848071 -0.703741
1600000 1.479291 1.846439 -0.612503
1610000 0.578016 2.009622 -0.799208
1620000 0.763631 1.964855 -0.776730
1630000 0.926724 1.913941 -0.614548
1640000 0.918717 1.887074 -0.629129
1650000 0.613172 2.147362 -0.752682
1660000 0.509035 2.182922 -0.686104
1670000 0.758012 2.027344 -0.737915
1680000 0.851274 2.037626 -0.579300
1690000 0.938477 1.801818 -0.628640
1700000 1.012524 1.811335 -0.658956
1710000 1.066137 1.843547 -0.655348
1720000 0.923620 1.951891 -0.732073
1730000 0.665543 2.121126 -0.616048
1740000 1.210853 1.913633 -0.706129
1750000 0.609521 1.969029 -0.755118
1760000 0.717563 1.992905 -0.748383
1770000 0.512044 1.957045 -0.725346
1780000 1.162861 2.023829 -0.650265
1790000 1.129392 1.999344 -0.612722
1800000 1.276629 1.919733 -0.693381
1810000 0.808830 1.901515 -0.706906
1820000 0.940746 1.992964 -0.645497
1830000 0.587861 2.147482 -0.611258
1840000 0.580245 1.941647 -0.712403
1850000 0.703962 1.995574 -0.694948
1860000 1.308193 1.884833 -0.661477
1870000 0.976822 1.872295 -0.820432
1880000 1.009351 1.934157 -0.729331
1890000 1.502635 1.900787 -0.608927
1900000 1.360757 1.894065 -0.596150
1910000 0.761634 1.908281 -0.664162
1920000 0.909614 1.780770 -0.699063
1930000 1.019620 1.745152 -0.625086
1940000 0.913758 2.003336 -0.786999
1950000 0.825060 1.877945 -0.821162
1960000 1.151639 2.040298 -0.564257
1970000 0.924227 1.856085 -0.590853
1980000 0.927310 1.921358 -0.604496
1990000 1.218092 1.903635 -0.641087
2000000 1.579711 1.961411 -0.715434
2010000 2.262517 2.055530 -0.654891
2020000 2.919438 1.857536 -0.720084
2030000 3.213883 2.033972 -0.740305
2040000 4.732927 1.864181 -0.710690
2050000 4.256953 1.906847 -0.763632
2060000 4.817194 1.852028 -0.766144
2070000 4.344598 1.931275 -0.593572
2080000 4.099860 1.909290 -0.613606
2090000 3.556404 1.937938 -0.675413
2100000 4.960420 1.994256 -0.776795
2110000 4.683519 1.997102 -0.765081
2120000 4.019309 1.944298 -0.694987
2130000 3.457228 1.875017 -0.640485
2140000 3.806394 1.885156 -0.710851
2150000 4.024622 1.869266 -0.704645
2160000 4.430561 1.863233 -0.619670
2170000 3.868790 1.969413 -0.725161
2180000 4.379011 1.877994 -0.855285
2190000 4.931193 1.830757 -0.676374
2200000 4.409312 1.994540 -0.825842
2210000 4.714558 1.897111 -0.727575
2220000 4.023433 1.894451 -0.719439
2230000 3.866431 1.875563 -0.601834
2240000 3.177420 1.806622 -0.737969
2250000 2.784054 1.803275 -0.759414
2260000 3.903005 1.902657 -0.695745
2270000 3.864932 1.952790 -0.670468
2280000 3.608383 2.067557 -0.672407
2290000 3.331855 1.907876 -0.810151
2300000 2.861006 1.976698 -0.589965
2310000 2.271938 1.997223 -0.673831
2320000 2.019032 1.898187 -0.613376
2330000 2.355422 1.887071 -0.749480
2340000 2.912069 1.945515 -0.717525
2350000 2.951440 1.944079 -0.686229
2360000 3.112591 1.865320 -0.734432
2370000 3.885224 1.731683 -0.671380
2380000 3.508109 1.907459 -0.764469
2390000 4.647485 1.788976 -0.611473
2400000 4.873850 1.926889 -0.631774
2410000 4.255038 1.990015 -0.872791
2420000 4.515688 2.008426 -0.706511
2430000 4.032169 1.825413 -0.703644
2440000 3.867230 1.890251 -0.632221
2450000 3.554500 1.934690 -0.707825
2460000 4.886035 1.857976 -0.639009
2470000 4.532530 1.870681 -0.643637
2480000 3.975463 1.983025 -0.755250
2490000 4.681509 1.946634 -0.791995
2500000 3.661775 1.883790 -0.705646
2510000 4.633392 1.988496 -0.705647
2520000 4.333279 1.968436 -0.725277
2530000 4.150245 1.858197 -0.733619
2540000 4.897042 1.848734 -0.826079
2550000 4.739532 1.913031 -0.806799
2560000 4.569944 1.970709 -0.692743
2570000 3.492120 1.938487 -0.598187
2580000 2.703115 1.988460 -0.646229
2590000 2.329561 2.023338 -0.663993
2600000 2.697002 1.937962 -0.774936
2610000 2.686847 1.979948 -0.745695
2620000 3.332274 1.882797 -0.734202
2630000 3.061443 1.765488 -0.695311
2640000 3.456988 1.908115 -0.684172
2650000 3.300284 1.945234 -0.723626
2660000 2.469472 1.968293 -0.558433
2670000 2.024838 1.955614 -0.781926
2680000 1.856970 1.878444 -0.803807
2690000 1.815091 1.867800 -0.632451
2700000 2.259166 1.876160 -0.754640
2710000 1.993325 1.950386 -0.636420
2720000 2.553557 1.825363 -0.637073
2730000 2.754760 1.862830 -0.762324
2740000 2.447005 1.928701 -0.789226
2750000 2.743929 1.834860 -0.740829
2760000 3.002176 1.794855 -0.776699
2770000 3.179122 1.758707 -0.744799
2780000 2.904943 1.904563 -0.836531
2790000 2.641620 1.756985 -0.579458
2800000 3.887061 2.024196 -0.775881
2810000 3.752591 2.022355 -0.758858
2820000 4.020457 1.943160 -0.670062
2830000 4.697124 1.850553 -0.657090
2840000 4.546376 1.956306 -0.739415
2850000 4.582256 1.799876 -0.684556
2860000 4.307251 1.864272 -0.632693
2870000 4.122418 1.931914 -0.699947
2880000 4.612260 1.961068 -0.754760
2890000 5.016750 1.844239 -0.702988
2900000 4.757068 1.970946 -0.637972
2910000 4.083641 1.869906 -0.772264
2920000 3.893229 1.861080 -0.594022
2930000 4.140187 1.906308 -0.667462
2940000 3.490621 1.923166 -0.693871
2950000 3.348492 1.962728 -0.719164
2960000 3.601254 1.959729 -0.629251
2970000 3.094847 1.974442 -0.665982
2980000 2.263657 1.963202 -0.703180
2990000 2.229829 1.948282 -0.647172
3000000 2.307282 1.912053 -0.748061
3010000 1.814207 1.900555 -0.797230
3020000 1.836037 1.930275 -0.698985
3030000 1.559377 1.905521 -0.610294
3040000 1.904864 1.868841 -0.723649
3050000 1.425367 1.891119 -0.694463
3060000 1.689121 1.897865 -0.677394
3070000 1.828087 1.933471 -0.736338
3080000 2.198768 1.863702 -0.759043
3090000 1.900502 1.916211 -0.767690
3100000 2.444578 1.750457 -0.697493
3110000 2.912508 1.970732 -0.798088
3120000 2.221874 2.011344 -0.711733
3130000 2.870625 1.815303 -0.777039
3140000 3.182277 1.922585 -0.645846
3150000 3.031922 1.886313 -0.653690
3160000 3.906243 1.988309 -0.780467
3170000 3.886076 1.885380 -0.734907
3180000 4.428117 1.968253 -0.660929
3190000 3.537137 1.868547 -0.654853
3200000 4.472712 1.876631 -0.602735
3210000 3.561650 1.827154 -0.719826
3220000 4.532100 1.906929 -0.719736
3230000 4.887806 1.874554 -0.649910
3240000 4.743997 1.909207 -0.732450
3250000 5.041264 1.937951 -0.772743
3260000 4.879873 1.937030 -0.711185
3270000 4.877711 2.008476 -0.587323
3280000 3.979405 2.025803 -0.622174
3290000 3.727482 1.917973 -0.668388
3300000 4.367907 1.937695 -0.768729
3310000 4.254818 1.859247 -0.829299
3320000 4.882708 1.964599 -0.626626
3330000 4.304854 1.956528 -0.662542
3340000 4.118784 1.947164 -0.728509
3350000 3.793986 1.873955 -0.638439
3360000 4.173230 1.923546 -0.767829
3370000 4.791536 1.896125 -0.720111
3380000 4.880947 1.772233 -0.706969
3390000 4.133199 2.007509 -0.732040
3400000 3.619471 1.988735 -0.718333
3410000 2.725579 1.928658 -0.747423
3420000 3.430823 1.860947 -0.516671
3430000 2.236534 1.924017 -0.776274
3440000 2.472363 1.970211 -0.736811
3450000 3.099291 1.972253 -0.732273
3460000 3.624530 1.793435 -0.730099
3470000 3.148196 1.947032 -0.611089
3480000 1.841110 1.941470 -0.779181
3490000 1.545111 1.991826 -0.706291
3500000 1.943990 1.926522 -0.848204
3510000 2.390781 2.089744 -0.662878
3520000 2.804816 1.799321 -0.604042
3530000 3.166271 1.883367 -0.563718
3540000 3.038129 1.904745 -0.596323
3550000 3.929504 1.850371 -0.737475
3560000 3.808112 1.996030 -0.644742
3570000 3.570758 2.013391 -0.739534
3580000 2.885472 1.894356 -0.684606
3590000 2.676691 2.030522 -0.582925
3600000 2.855312 1.871327 -0.676551
3610000 2.201598 1.997016 -0.809231
3620000 2.174695 1.953723 -0.788188
3630000 2.732542 2.024461 -0.664781
3640000 2.942736 2.059665 -0.610556
3650000 2.690744 1.993836 -0.710793
3660000 3.579998 1.902794 -0.740508
3670000 3.529376 1.819974 -0.652857
3680000 3.276087 1.962918 -0.739894
