100000 4.910533 -3.122777 -1.812654
110000 4.132761 3.081537 -1.717585
120000 3.510254 -3.136986 -1.730896
130000 4.111780 3.126901 -1.736276
140000 4.813648 3.052222 -1.663375
150000 3.752107 -3.130648 -1.814149
160000 1.994623 3.080922 -1.872002
170000 1.206950 -3.106210 -1.715393
180000 1.577826 3.069849 -1.703243
190000 0.991423 -3.138351 -1.838043
200000 0.985690 -3.010305 -1.679328
210000 1.261307 -3.136705 -1.758769
220000 1.936488 3.111705 -1.712615
230000 2.139415 -3.127451 -1.740286
240000 2.673026 -3.064622 -1.664373
250000 2.670691 3.140775 -1.723178
260000 3.126763 -3.060782 -1.768853
270000 3.574796 -3.062708 -1.714353
280000 3.150145 -3.090725 -1.703075
290000 4.864139 -3.064329 -1.816153
300000 4.735433 -3.111332 -1.755484
310000 4.199143 -3.056331 -1.836632
320000 5.017458 -3.049087 -1.762014
330000 4.983856 3.139604 -1.696807
340000 3.819631 -3.134510 -1.757998
350000 2.202574 3.102263 -1.741653
360000 2.445821 3.078374 -1.660647
370000 2.061114 -3.073441 -1.692358
380000 2.534076 -3.046792 -1.795223
390000 2.511748 -3.042335 -1.730124
400000 1.461658 -3.121596 -1.801385
410000 1.078146 -3.096405 -1.693040
420000 0.866082 3.118961 -1.602470
430000 0.688581 -3.077800 -1.822595
440000 0.619919 -3.089203 -1.678800
450000 0.595948 -3.089423 -1.707973
460000 1.160812 -3.110735 -1.751752
470000 1.117720 -3.123738 -1.651187
480000 1.262970 3.025032 -1.657957
490000 1.384856 3.114204 -1.731918
500000 1.499420 3.101125 -1.778252
510000 1.876368 3.123554 -1.729999
520000 1.344464 -3.091362 -1.618165
530000 1.379269 3.109691 -1.812906
540000 1.826660 -2.931327 -1.660974
550000 2.482032 3.040261 -1.733639
560000 3.039253 -3.091958 -1.719347
570000 3.482279 -3.077961 -1.727068
580000 4.325700 -3.092259 -1.696627
590000 4.436732 3.119803 -1.701491
600000 4.287656 -3.118029 -1.822561
610000 4.633687 3.105831 -1.820122
620000 3.290256 3.008398 -1.663049
630000 2.580730 -3.040046 -1.726923
640000 2.825080 3.123574 -1.816609
650000 2.668671 -3.118248 -1.725324
660000 2.293411 3.030709 -1.752404
670000 2.076525 -3.024499 -1.747304
680000 2.201937 -3.084756 -1.748748
690000 2.088197 -3.136364 -1.673256
700000 1.945663 -3.128200 -1.655192
710000 2.976082 -3.027153 -1.766312
720000 3.606891 -3.073749 -1.804149
730000 4.486370 3.063626 -1.741090
740000 3.578558 3.091566 -1.705608
750000 3.435756 -3.054325 -1.702391
760000 3.490300 3.102489 -1.716515
770000 3.848551 3.083143 -1.744368
780000 4.041491 3.057982 -1.819897
790000 4.586148 3.098967 -1.815584
800000 4.040587 3.032587 -1.801744
810000 4.545730 3.060335 -1.645789
820000 4.566626 -3.116725 -1.761962
830000 4.932036 -3.063956 -1.823523
840000 5.010083 -3.098246 -1.757649
850000 3.808272 -3.083188 -1.718348
860000 2.673711 -3.115895 -1.757787
870000 3.491280 -3.075527 -1.871309
880000 2.842666 -3.079442 -1.784054
890000 2.500622 3.082837 -1.872163
900000 2.380604 -3.085746 -1.804476
910000 3.520391 -3.133255 -1.812648
920000 3.435059 3.121735 -1.714587
930000 4.160892 3.120499 -1.687879
940000 3.848334 3.130090 -1.764938
950000 4.162057 3.044466 -1.864358
960000 3.503001 -3.077010 -1.779343
970000 2.856379 2.971429 -1.721772
980000 2.452051 -3.119004 -1.722301
990000 2.685604 -3.103859 -1.809606
1000000 1.760356 -3.104194 -1.718304
1010000 1.735420 -3.050332 -1.671826
1020000 2.177093 -3.095113 -1.764540
1030000 2.093480 3.095412 -1.694671
1040000 1.653696 -3.110557 -1.814224
1050000 1.398553 -3.122030 -1.836038
1060000 1.499440 -3.130571 -1.778104
1070000 1.101385 3.109462 -1.781205
1080000 0.877674 3.035306 -1.781968
1090000 1.311784 3.095531 -1.762142
1100000 1.543455 -3.055394 -1.725718
1110000 2.191664 3.026397 -1.758954
1120000 2.362974 3.091948 -1.689738
1130000 2.604729 3.056656 -1.788270
1140000 2.806657 -3.064065 -1.732821
1150000 1.733889 3.065431 -1.745776
1160000 1.703792 3.111334 -1.651214
1170000 2.387403 -3.104477 -1.675871
1180000 3.694631 3.138817 -1.678532
1190000 3.775495 -3.140974 -1.727317
1200000 3.355615 -3.104350 -1.858224
1210000 3.308796 -3.111982 -1.759264
1220000 3.688665 3.115835 -1.719309
1230000 4.898102 3.073547 -1.797577
1240000 4.497358 3.083173 -1.601253
1250000 4.758301 3.068064 -1.736434
1260000 4.760511 3.141010 -1.839420
1270000 4.742280 2.980512 -1.938033
1280000 4.475888 3.114578 -1.705152
1290000 4.729106 3.114208 -1.680761
1300000 3.409306 3.038444 -1.706503
1310000 3.054276 3.037383 -1.714018
1320000 2.562131 3.066945 -1.764148
1330000 2.780676 -3.055382 -1.749218
1340000 3.084006 3.106475 -1.719465
1350000 2.676559 -3.131454 -1.778338
1360000 3.327257 3.098072 -1.858232
1370000 4.402592 -3.105794 -1.707604
1380000 3.163076 -3.126973 -1.679225
1390000 4.966791 -3.122633 -1.773872
1400000 4.827289 -3.040758 -1.720396
1410000 4.811643 2.992626 -1.872935
1420000 4.656357 -3.130864 -1.741132
1430000 4.264032 -3.130427 -1.767608
1440000 3.784609 -3.003273 -1.688312
1450000 4.210746 3.130480 -1.780625
1460000 4.161389 -3.062358 -1.745923
1470000 3.385792 -3.058143 -1.788407
1480000 2.953452 -3.092304 -1.810930
1490000 3.395109 3.116531 -1.688204
1500000 2.648233 3.132130 -1.760447
1510000 2.136226 3.018681 -1.886479
1520000 1.941785 -3.119412 -1.850925
1530000 2.588144 3.074469 -1.646130
1540000 3.037164 3.079815 -1.698105
1550000 3.372925 3.064750 -1.720690
1560000 2.940646 3.127294 -1.774810
1570000 4.036002 -3.126111 -1.699734
1580000 3.961976 3.124305 -1.797032
1590000 4.935100 3.073031 -1.673247
1600000 4.719917 3.083658 -1.772437
1610000 4.698080 -3.078948 -1.841413
1620000 5.040584 3.049771 -1.708508
1630000 4.425998 3.106536 -1.802930
1640000 3.419945 3.113685 -1.804718
1650000 3.573965 -3.037351 -1.639292
1660000 2.972713 3.136281 -1.745414
1670000 2.826253 3.114576 -1.698907
1680000 1.578250 -3.057315 -1.696952
1690000 1.322350 3.136852 -1.713724
1700000 0.747238 3.059448 -1.724373
1710000 0.515111 -3.016404 -1.720405
1720000 0.826198 -3.116721 -1.808204
1730000 1.044820 -3.101255 -1.814541
1740000 0.691391 3.048663 -1.798353
1750000 0.537755 3.140448 -1.951570
1760000 0.829912 -3.136339 -1.709132
1770000 1.139964 -3.081700 -1.513192
1780000 1.128916 -3.081492 -1.652537
1790000 0.635207 3.034596 -1.787652
1800000 0.769201 -3.040764 -1.772271
1810000 0.615180 3.126379 -1.785647
1820000 0.637688 -3.084777 -1.745827
1830000 0.747769 2.960992 -1.831329
1840000 0.881077 3.125149 -1.752084
1850000 1.057043 -3.128703 -1.856450
1860000 0.903764 3.108851 -1.778639
1870000 1.440244 3.104817 -1.710409
1880000 1.375489 3.115788 -1.761428
1890000 1.712600 3.014878 -1.771375
1900000 1.622729 3.022412 -1.744688
1910000 1.717713 -3.109349 -1.861647
1920000 1.983654 3.133041 -1.674824
1930000 2.077197 3.063540 -1.794081
1940000 1.967469 -3.124529 -1.806096
1950000 1.620121 -3.062344 -1.842456
1960000 1.399683 3.015451 -1.704648
1970000 1.399282 3.086723 -1.723378
1980000 1.591160 -3.109883 -1.766902
1990000 1.004578 -3.091371 -1.745256
2000000 1.143300 3.030704 -1.738372
2010000 1.120178 3.057513 -1.771195
2020000 0.864073 3.037369 -1.830329
2030000 0.845877 3.086455 -1.831578
2040000 0.983089 3.140565 -1.808015
2050000 1.170083 3.067891 -1.812578
2060000 1.412571 3.095963 -1.691915
2070000 1.567923 -3.072066 -1.659060
2080000 1.312139 3.034670 -1.711003
2090000 1.497702 -3.092902 -1.740484
2100000 1.607509 3.130568 -1.791077
2110000 2.254443 3.010036 -1.649942
2120000 2.394783 -3.020667 -1.762229
2130000 2.393988 -3.124828 -1.705406
2140000 2.470470 3.062325 -1.730146
2150000 2.657138 -3.090566 -1.854797
2160000 3.120012 3.129175 -1.784408
2170000 2.986861 -3.137522 -1.658075
2180000 2.539729 -3.073424 -1.773185
2190000 3.469247 3.047679 -1.599639
2200000 4.405424 -3.048622 -1.780163
2210000 3.776978 3.141356 -1.755530
2220000 3.775776 3.047723 -1.800924
2230000 5.044264 -3.140756 -1.700546
2240000 4.919469 -3.107788 -1.807365
2250000 3.589168 3.093199 -1.737517
2260000 3.820170 -3.071545 -1.697764
2270000 4.386750 3.083667 -1.789707
2280000 5.018392 3.122826 -1.790453
2290000 3.336289 3.138128 -1.673691
2300000 4.582604 3.121134 -1.772109
2310000 4.473855 3.091018 -1.745865
2320000 4.716463 -3.084292 -1.630957
2330000 4.839283 3.135678 -1.830126
2340000 4.795173 3.042280 -1.875729
2350000 3.894315 -3.114490 -1.677060
2360000 3.518180 3.020545 -1.733970
2370000 2.999993 3.080066 -1.724433
2380000 4.257484 3.089837 -1.798640
2390000 4.891179 -3.037049 -1.807673
2400000 4.350591 3.039029 -1.718459
2410000 3.133681 3.119612 -1.774905
2420000 2.279479 3.087964 -1.726820
2430000 2.268417 -3.054128 -1.860146
2440000 2.726677 -3.131468 -1.825941
2450000 3.271652 3.048807 -1.639711
2460000 3.700538 3.084999 -1.810107
2470000 2.831104 -3.048866 -1.738830
2480000 2.955784 -3.027950 -1.748344
2490000 2.332137 3.035974 -1.753513
2500000 2.063622 3.108839 -1.894014
2510000 2.138093 3.084761 -1.924709
2520000 2.113716 3.132780 -1.785623
2530000 1.920118 3.056840 -1.814754
2540000 1.707545 -3.096180 -1.671593
2550000 1.745885 -3.045740 -1.695897
2560000 2.848862 -3.109628 -1.871487
2570000 3.252113 -3.069569 -1.742607
2580000 3.624112 -3.054183 -1.698615
2590000 2.807905 -3.101324 -1.634555
2600000 3.173570 -3.116683 -1.764838
2610000 3.498787 -3.118285 -1.730561
2620000 4.225113 -3.113090 -1.860071
2630000 4.425174 -3.121137 -1.691714
2640000 4.935852 3.115120 -1.722789
2650000 4.985322 -3.101929 -1.647386
2660000 4.749592 -3.018528 -1.663270
2670000 4.245459 -3.057744 -1.815677
2680000 4.209555 3.030083 -1.763403
2690000 3.609199 -3.035043 -1.826302
2700000 4.608007 -3.138210 -1.742897
2710000 4.168248 -3.001162 -1.665966
2720000 3.850521 3.108901 -1.726334
2730000 5.002416 3.065364 -1.815326
2740000 4.568806 -3.012122 -1.769882
2750000 4.717001 3.077711 -1.706219
2760000 4.594718 3.051236 -1.664608
2770000 4.803117 -3.091038 -1.745093
2780000 4.948793 3.057609 -1.789574
2790000 4.882056 3.112627 -1.794923
2800000 4.527873 3.066318 -1.689117
2810000 3.137670 -3.128749 -1.726609
2820000 2.267660 -3.030469 -1.720916
2830000 1.993551 -3.044233 -1.627374
2840000 1.907206 -3.031546 -1.755164
2850000 2.641435 3.080610 -1.611521
2860000 2.848470 -3.077387 -1.842061
2870000 3.188517 -3.069194 -1.786595
2880000 3.009765 3.107981 -1.722810
2890000 2.908345 3.086397 -1.875753
2900000 3.584515 -3.139998 -1.768245
2910000 3.509222 3.081567 -1.733409
2920000 2.725796 -3.042779 -1.818849
2930000 1.968420 -3.139068 -1.683335
2940000 1.594961 -3.130574 -1.857883
2950000 1.556511 -3.135167 -1.847722
2960000 1.406086 3.110759 -1.692206
2970000 1.906445 -3.060122 -1.616955
2980000 2.333023 -2.975526 -1.624387
2990000 2.173360 3.108522 -1.774108
3000000 2.567623 -3.100509 -1.806636
3010000 1.930779 3.140882 -1.694790
3020000 2.399396 -3.121092 -1.782062
3030000 2.597585 2.949729 -1.763260
3040000 2.715540 -3.095366 -1.838494
3050000 2.910304 3.086560 -1.708564
3060000 3.857664 3.097842 -1.654848
3070000 4.143090 -2.968154 -1.714365
3080000 3.867870 3.086936 -1.756604
3090000 3.952792 -3.137207 -1.710113
3100000 3.085836 -3.067956 -1.487377
3110000 3.100188 3.141271 -1.683990
3120000 3.471497 3.141449 -1.662614
3130000 3.058398 -3.061712 -1.731360
3140000 4.445532 3.089444 -1.739558
3150000 4.870982 -3.079597 -1.774176
3160000 3.961201 -3.098033 -1.791101
3170000 3.819833 -3.109802 -1.698724
3180000 3.785308 -3.056827 -1.836739
3190000 3.847355 -3.115375 -1.782596
3200000 4.709159 -3.087094 -1.787064
3210000 4.541127 3.016845 -1.591594
3220000 3.944718 -3.129093 -1.720495
3230000 4.872732 3.135460 -1.720402
3240000 4.791538 3.109486 -1.736926
3250000 3.931383 -3.105012 -1.762266
3260000 3.534012 -3.117869 -1.754607
3270000 2.817645 -3.044557 -1.671740
3280000 2.412500 3.075874 -1.719549
3290000 3.121074 -3.125652 -1.808186
3300000 2.547567 -2.972557 -1.623812
3310000 2.870958 3.052053 -1.787846
3320000 2.091258 -3.076992 -1.732465
3330000 2.221798 -3.123337 -1.879428
3340000 1.901910 3.065496 -1.782122
3350000 2.100039 -3.099259 -1.666330
3360000 1.720434 2.958887 -1.788773
3370000 1.951649 3.063744 -1.708757
3380000 2.321557 -3.028235 -1.786874
3390000 1.545124 3.044264 -1.774795
3400000 1.010646 3.091887 -1.672944
3410000 0.959968 3.039831 -1.718108
3420000 0.835258 -3.087572 -1.790900
3430000 0.981510 3.111133 -1.823176
3440000 1.005424 -3.139840 -1.793613
3450000 1.172091 3.135551 -1.727496
3460000 1.187463 -3.071413 -1.727454
3470000 1.101427 -3.009976 -1.746187
3480000 1.022017 -3.116614 -1.757247
3490000 1.262650 -3.081681 -1.689086
3500000 1.187811 -3.100752 -1.826263
3510000 1.422325 -3.073622 -1.743175
3520000 1.272585 -3.086368 -1.753710
3530000 1.291167 -3.138384 -1.754070
3540000 0.740745 3.127905 -1.691952
3550000 0.568602 3.126262 -1.736742
3560000 0.499243 3.117996 -1.913970
3570000 0.564054 3.062830 -1.780459
3580000 0.695942 -3.125270 -1.796952
3590000 0.733998 3.085041 -1.787293
3600000 0.755045 3.118023 -1.819157
3610000 0.502461 3.083365 -1.798809
3620000 0.629569 -3.096162 -1.738797
3630000 0.623300 3.041513 -1.840993
3640000 0.826788 3.076214 -1.720242
3650000 0.876956 3.095699 -1.653496
3660000 0.875663 -3.076245 -1.765654
3670000 0.945972 3.075346 -1.594529
3680000 0.955524 -3.123858 -1.704066
3690000 0.965035 -3.125102 -1.747444
3700000 1.019464 3.044865 -1.811158
3710000 0.724972 3.091770 -1.822264
3720000 0.728955 3.005862 -1.909237
3730000 0.818484 -3.099183 -1.858822
3740000 0.842526 -3.085780 -1.736051
3750000 0.622901 -3.076769 -1.786517
3760000 0.840259 -3.100758 -1.856367
3770000 0.836457 3.096718 -1.857702
3780000 0.715580 -3.101079 -1.720184
3790000 1.248487 3.017941 -1.595134
3800000 1.154101 -3.123790 -1.579133
3810000 0.642108 -3.103471 -1.853205
3820000 0.632619 3.087849 -1.807657
3830000 0.705447 3.112415 -1.863275
3840000 0.638833 3.013735 -1.649558
3850000 0.845615 3.034875 -1.734053
3860000 1.108281 -3.075547 -1.737657
3870000 1.234244 3.123594 -1.696572
3880000 1.428862 3.100949 -1.701075
3890000 1.487232 3.053225 -1.649271
3900000 1.554126 -3.135262 -1.836874
3910000 1.648239 3.094510 -1.725945
3920000 1.721967 -3.126463 -1.688974
3930000 2.200474 -3.099546 -1.991371
3940000 2.388211 3.114222 -1.720441
3950000 2.975933 -3.047785 -1.592197
3960000 2.193665 -3.091659 -1.925566
3970000 2.064550 3.109172 -1.721722
3980000 2.176706 -3.132826 -1.835661
3990000 3.306666 3.130186 -1.816699
4000000 3.700654 3.123752 -1.753979
