100000 1.555983 1.907762 -1.623173
110000 1.602170 1.922176 -1.679468
120000 1.914467 2.045480 -1.745907
130000 2.705076 1.858195 -1.835384
140000 3.645844 1.964056 -1.691660
150000 4.316266 1.962550 -1.737097
160000 3.606493 1.874203 -1.717660
170000 4.047137 1.837396 -1.739000
180000 4.036592 1.893384 -1.776379
190000 3.427884 1.897945 -1.809731
200000 2.598917 1.997468 -1.696371
210000 2.084339 2.036445 -1.825400
220000 2.861259 1.888255 -1.663187
230000 3.132672 1.948224 -1.807480
240000 3.240935 1.863134 -1.757073
250000 2.318977 2.102588 -1.763596
260000 1.655019 2.011935 -1.883885
270000 1.102285 2.003817 -1.742756
280000 1.564242 1.779110 -1.795728
290000 1.476335 1.954629 -1.764296
300000 0.882647 1.864542 -1.807717
310000 1.076850 1.912236 -1.814640
320000 0.729914 2.017103 -1.841948
330000 0.982892 1.795517 -1.631766
340000 0.857342 1.945072 -1.802795
350000 1.000722 2.087662 -1.864014
360000 1.685537 1.916741 -1.797364
370000 1.342268 1.867575 -1.747868
380000 1.722287 1.895861 -1.679207
390000 2.013082 1.874803 -1.714382
400000 3.091159 1.849780 -1.787917
410000 3.674095 1.863366 -1.683935
420000 4.571186 1.937705 -1.777722
430000 4.757301 1.907434 -1.738849
440000 4.274909 1.838630 -1.781138
450000 3.833989 1.939014 -1.785744
460000 3.039268 1.940652 -1.843126
470000 3.598797 1.858820 -1.775086
480000 4.001199 2.053422 -1.678670
490000 4.247233 2.061277 -1.718470
500000 4.480215 2.009189 -1.639225
510000 4.265481 1.901480 -1.607638
520000 4.043284 1.945079 -1.746009
530000 2.238609 1.799265 -1.792189
540000 2.509604 1.990069 -1.824681
550000 2.585392 1.960560 -1.662028
560000 2.486467 1.738765 -1.717265
570000 2.089273 2.009158 -1.718446
580000 1.638549 1.810468 -1.767035
590000 1.535285 1.922649 -1.744285
600000 1.827201 1.994828 -1.821983
610000 2.002155 2.012223 -1.637644
620000 2.095315 2.041443 -1.726273
630000 2.527632 1.934737 -1.745812
640000 2.243667 1.939791 -1.671323
650000 3.140833 1.917815 -1.738861
660000 3.115552 1.929314 -1.767947
670000 3.453910 1.924045 -1.651342
680000 4.218157 1.950302 -1.751765
690000 4.392256 1.845029 -1.744293
700000 4.534201 1.928905 -1.606165
710000 3.848541 1.785825 -1.818212
720000 2.803266 1.843494 -1.891863
730000 2.520710 1.943366 -1.714626
740000 3.035394 1.914180 -1.783792
750000 3.647046 2.011706 -1.753169
760000 4.098905 1.914412 -1.819910
770000 4.191147 1.937067 -1.737584
780000 3.325247 1.900760 -1.705073
790000 3.438774 1.923051 -1.693066
800000 3.167314 1.877575 -1.748914
810000 2.466830 1.855651 -1.646229
820000 2.475639 1.931309 -1.854761
830000 2.962085 1.811744 -1.779139
840000 2.246904 2.009936 -1.680265
850000 1.540106 1.964809 -1.730643
860000 1.255677 2.033294 -1.866039
870000 0.613499 1.899488 -1.927187
880000 0.849065 1.872241 -1.807807
890000 0.990459 1.933931 -1.653098
900000 0.794011 1.799021 -1.781958
910000 0.723859 2.018409 -1.722425
920000 1.133094 1.799183 -1.659790
930000 1.252377 1.868588 -1.724350
940000 1.042722 1.937019 -1.723907
950000 1.479599 1.938447 -1.714226
960000 1.317922 1.932116 -1.674223
970000 1.588206 1.834037 -1.826576
980000 1.859393 1.887676 -1.664666
990000 2.017340 2.045809 -1.686333
1000000 2.325878 1.997157 -1.848132
1010000 1.932373 1.942764 -1.811629
1020000 2.601958 1.957762 -1.754110
1030000 2.035447 1.910166 -1.788025
1040000 1.462922 1.885591 -1.902160
1050000 1.361931 1.948236 -1.773585
1060000 0.941526 1.984799 -1.774942
1070000 0.839823 2.007582 -1.765924
1080000 0.755782 1.893918 -1.673017
1090000 0.987756 1.935913 -1.783694
1100000 0.769976 1.884480 -1.793048
1110000 1.042706 1.928211 -1.658919
1120000 1.283456 1.901380 -1.737941
1130000 1.026735 1.829199 -1.813013
1140000 0.895650 1.910336 -1.872882
1150000 1.327460 1.861636 -1.816529
1160000 1.780617 1.833282 -1.548180
1170000 2.637068 1.961908 -1.671735
1180000 2.917704 1.907317 -1.692363
1190000 2.814807 1.811798 -1.901978
1200000 3.410089 1.940253 -1.747903
1210000 4.021559 1.953231 -1.894685
1220000 3.995634 1.720585 -1.859156
1230000 4.257002 1.893733 -1.783002
1240000 3.840249 1.855917 -1.786959
1250000 4.435901 1.937150 -1.679815
1260000 4.238424 1.770391 -1.713333
1270000 4.700540 1.922658 -1.793912
1280000 3.506206 1.853822 -1.828337
1290000 3.737137 1.891765 -1.849091
1300000 4.166746 2.015112 -1.895415
1310000 4.198215 1.879892 -1.735766
1320000 4.466183 1.973451 -1.608783
1330000 4.340122 2.004638 -1.845711
1340000 4.868540 1.947516 -1.665560
1350000 4.775857 2.007368 -1.783136
1360000 3.940838 1.904481 -1.718919
1370000 3.349308 1.914453 -1.718298
1380000 3.673933 1.890932 -1.756756
1390000 3.888026 2.059641 -1.788314
1400000 2.965206 1.900543 -1.698952
1410000 2.985001 1.921371 -1.705669
1420000 3.175688 1.931463 -1.823185
1430000 3.085836 1.849019 -1.686103
1440000 3.396062 2.027084 -1.733393
1450000 2.489427 2.031838 -1.703087
1460000 2.531424 1.995393 -1.667865
1470000 2.318273 1.960231 -1.843845
1480000 1.794986 1.933791 -1.678409
1490000 1.277021 1.978162 -1.764149
1500000 1.937882 1.886761 -1.721785
1510000 2.230357 1.914248 -1.775548
1520000 2.544734 1.670973 -1.715625
1530000 2.628628 1.890092 -1.770980
1540000 3.910292 1.980039 -1.817359
1550000 4.123668 1.988657 -1.682476
1560000 3.673911 1.890963 -1.806652
1570000 3.969517 1.833170 -1.720292
1580000 3.152938 1.912385 -1.880528
1590000 3.303957 1.944784 -1.714354
1600000 4.013137 1.966018 -1.805306
1610000 3.223896 2.015299 -1.787654
1620000 3.167873 1.881870 -1.756745
1630000 4.239506 1.854298 -1.704657
1640000 5.031983 1.849004 -1.724549
1650000 5.051653 1.898912 -1.758687
1660000 4.873110 1.935267 -1.718625
1670000 3.882414 1.844022 -1.804687
1680000 4.649447 1.925206 -1.802268
1690000 4.858559 1.805366 -1.669974
1700000 4.070802 1.916841 -1.716885
1710000 3.769047 1.861849 -1.808949
1720000 4.497342 1.873302 -1.812401
1730000 4.223563 1.934031 -1.758354
1740000 3.444156 1.813953 -1.847158
1750000 2.858438 2.048933 -1.774497
1760000 2.558543 1.922749 -1.847226
1770000 1.899143 1.852595 -1.616765
1780000 2.244108 1.945726 -1.674619
1790000 2.992102 1.878070 -1.672700
1800000 2.643311 1.979809 -1.674585
1810000 2.513108 1.961028 -1.699235
1820000 2.260040 1.993102 -1.852097
1830000 1.690594 1.882875 -1.724054
1840000 1.537048 1.942308 -1.815045
1850000 1.352362 1.886608 -1.724142
1860000 1.385998 1.885968 -1.816169
1870000 1.220956 1.917280 -1.771170
1880000 1.213058 1.810452 -1.860476
1890000 1.178401 1.819477 -1.789077
1900000 1.055326 1.824098 -1.756361
1910000 0.549618 2.018301 -1.728831
1920000 0.642438 2.160741 -1.715298
1930000 0.490270 1.877517 -1.730616
1940000 0.721333 1.989066 -1.829806
1950000 0.725755 1.993120 -1.713329
1960000 0.500669 1.981436 -1.704452
1970000 0.796244 1.976762 -1.692747
1980000 0.865795 2.017204 -1.687629
1990000 0.773580 1.962390 -1.886155
2000000 0.990696 2.044026 -1.722585
2010000 0.594226 1.941279 -1.735566
2020000 0.498434 1.794884 -1.845814
2030000 0.616418 1.818756 -1.818228
2040000 1.020749 1.934878 -1.782392
2050000 1.416978 1.875847 -1.725156
2060000 1.120775 1.917484 -1.799728
2070000 1.564423 1.861885 -1.668524
2080000 2.190548 1.874700 -1.682531
2090000 2.561467 1.812694 -1.673640
2100000 2.934569 2.019595 -1.812482
2110000 3.454636 1.968906 -1.854545
2120000 2.977977 1.796995 -1.785633
2130000 3.022209 1.924591 -1.803864
2140000 3.410964 1.892720 -1.751848
2150000 3.681150 1.882868 -1.809346
2160000 3.207757 1.843348 -1.623672
2170000 3.687004 2.011647 -1.795779
2180000 4.154317 1.847252 -1.709527
2190000 4.348074 1.912269 -1.873990
2200000 4.771873 1.869381 -1.637193
2210000 5.047262 2.015204 -1.778752
2220000 4.862450 1.892325 -1.684492
2230000 3.951715 1.838668 -1.650979
2240000 3.812247 1.830491 -1.636261
2250000 4.217684 1.977977 -1.646573
2260000 4.773728 1.939704 -1.807668
2270000 4.525364 1.924624 -1.799007
2280000 4.109937 2.017848 -1.733585
2290000 4.044676 1.866886 -1.829893
2300000 3.463395 1.898234 -1.652167
2310000 2.488227 1.983927 -1.714808
2320000 2.827822 1.982400 -1.577197
2330000 2.074874 1.896433 -1.788016
2340000 3.003520 1.954375 -1.702146
2350000 3.105493 1.922851 -1.750203
2360000 2.959013 1.786857 -1.899749
2370000 2.054654 2.017696 -1.754374
2380000 1.773180 1.936651 -1.612799
2390000 2.037563 1.984209 -1.742525
2400000 2.210100 1.980528 -1.622103
2410000 2.605765 2.067161 -1.769339
2420000 2.818720 1.868946 -1.801640
2430000 2.464026 1.862225 -1.754671
2440000 3.787670 1.887019 -1.779127
2450000 3.690332 1.864842 -1.572714
2460000 4.136763 1.874977 -1.822898
2470000 3.821223 2.000912 -1.726049
2480000 4.887365 1.923723 -1.802656
2490000 4.355943 1.888940 -1.740466
2500000 3.344805 1.752766 -1.880051
2510000 4.136736 1.910105 -1.683527
2520000 4.880644 1.962307 -1.714265
2530000 4.617840 1.950566 -1.754249
2540000 4.837955 1.977992 -1.736402
2550000 4.524074 1.986342 -1.787043
2560000 4.645951 1.756706 -1.718668
2570000 4.909562 1.829563 -1.786909
2580000 4.407656 1.969714 -1.641779
2590000 3.896003 1.847529 -1.712169
2600000 4.690747 1.898595 -1.746926
2610000 4.144925 1.914312 -1.698488
2620000 3.570699 1.778269 -1.840760
2630000 2.836819 1.934125 -1.824291
2640000 1.751003 1.957035 -1.699377
2650000 1.888752 1.900467 -1.703397
2660000 1.756247 1.960090 -1.688376
2670000 1.604997 1.839219 -1.774966
2680000 1.285986 1.881655 -1.746081
2690000 1.218455 1.847322 -1.743841
2700000 1.389389 1.867442 -1.638694
2710000 1.007337 2.015247 -1.692218
2720000 1.098923 1.933457 -1.810390
2730000 1.039612 1.919392 -1.810638
2740000 0.987454 1.928860 -1.700722
2750000 1.431809 1.920432 -1.708079
2760000 1.592242 1.885544 -1.546790
2770000 1.706592 1.825817 -1.701195
2780000 1.560733 1.938700 -1.730031
2790000 1.797983 1.892424 -1.733005
2800000 2.203553 1.844673 -1.844497
2810000 2.325484 1.963673 -1.786258
2820000 2.570809 1.819498 -1.831032
2830000 2.399020 1.822809 -1.848077
2840000 2.799529 1.870353 -1.708928
2850000 1.957393 1.895663 -1.836235
2860000 2.022704 1.987131 -1.836233
2870000 2.376883 1.862169 -1.784296
2880000 3.290643 1.904218 -1.787764
2890000 3.804359 1.944178 -1.777385
2900000 3.764518 1.937497 -1.820371
2910000 3.852666 1.891391 -1.667967
2920000 3.431375 2.031548 -1.781595
2930000 3.973027 1.974015 -1.703962
2940000 4.204969 1.950635 -1.739852
2950000 4.893260 1.903965 -1.688194
2960000 4.857686 1.987608 -1.841225
2970000 4.431077 2.046379 -1.576640
2980000 3.247495 1.897166 -1.827655
2990000 3.033558 1.894129 -1.686323
3000000 2.909712 2.018601 -1.747077
3010000 3.433459 1.847911 -1.730765
3020000 3.008944 1.764096 -1.784957
3030000 4.286487 1.890214 -1.732416
3040000 4.312334 1.892939 -1.736802
3050000 4.118248 1.920945 -1.732213
3060000 3.404624 1.997257 -1.760649
3070000 3.804535 1.975621 -1.671949
3080000 4.361507 1.923965 -1.803771
3090000 4.178032 1.850664 -1.746519
3100000 4.764658 1.910988 -1.687940
3110000 4.762964 2.063463 -1.812431
3120000 4.667715 1.900495 -1.673535
3130000 4.096209 1.918021 -1.804389
3140000 4.530220 1.891225 -1.753548
3150000 3.693547 1.880608 -1.693096
3160000 4.704222 1.873218 -1.680260
3170000 4.059048 1.849398 -1.806034
3180000 2.701259 1.901258 -1.645460
3190000 2.027289 2.014795 -1.733555
3200000 2.418668 1.977226 -1.658676
3210000 1.929016 1.902441 -1.652159
3220000 1.701139 2.015582 -1.746021
3230000 2.384703 1.863543 -1.642195
3240000 2.081370 1.943685 -1.693314
3250000 2.305548 1.918546 -1.664221
3260000 1.907890 1.922414 -1.704287
3270000 2.888043 2.071845 -1.617082
3280000 2.980602 1.961377 -1.700618
3290000 2.745101 1.967894 -1.771750
3300000 2.621984 1.981675 -1.720708
3310000 1.818827 1.928843 -1.891634
3320000 1.559470 1.813492 -1.942605
3330000 1.670777 1.938664 -1.764303
3340000 1.428297 1.955267 -1.644586
3350000 1.400209 1.824351 -1.634180
3360000 1.095781 2.007630 -1.819549
3370000 1.053637 1.951119 -1.758860
3380000 0.940736 1.937100 -1.776558
3390000 0.807685 1.983702 -1.783323
3400000 1.139089 1.855925 -1.692031
3410000 1.211451 1.832700 -1.851965
3420000 1.279780 1.905054 -1.783772
3430000 1.297087 2.081159 -1.754613
3440000 1.488275 1.898258 -1.711245
3450000 1.855500 1.980294 -1.761949
3460000 2.994865 1.787445 -1.670410
3470000 3.191428 1.990871 -1.840676
3480000 3.581970 1.921038 -1.645846
3490000 3.916752 1.873315 -1.831288
3500000 4.149792 1.915614 -1.758509
3510000 3.414848 1.886651 -1.707161
3520000 2.943846 1.824380 -1.674973
3530000 2.966350 1.906264 -1.752475
3540000 3.281871 1.984321 -1.716893
3550000 2.853141 1.831214 -1.711637
3560000 2.826777 1.925418 -1.545392
3570000 2.402030 1.876248 -1.837428
3580000 2.279911 1.872977 -1.773660
3590000 1.761923 1.900286 -1.724609
3600000 2.166504 1.968151 -1.607239
3610000 2.226244 2.018115 -1.655092
3620000 3.049482 1.974203 -1.756268
3630000 2.522533 1.880957 -1.624913
3640000 2.707588 1.886142 -1.633652
3650000 2.315396 1.972772 -1.643281
3660000 2.417346 1.854969 -1.813640
3670000 2.721631 1.876320 -1.729368
3680000 2.188307 1.895884 -1.703859
3690000 1.596807 1.828886 -1.786957
3700000 1.858988 1.769073 -1.825445
3710000 1.824515 1.905070 -1.730027
3720000 2.216953 1.917593 -1.802646
3730000 2.878466 1.947779 -1.646493
3740000 3.228985 1.723187 -1.723237
3750000 3.513139 1.872782 -1.847940
3760000 4.640063 1.906794 -1.773216
3770000 4.490381 1.882979 -1.718872
3780000 4.143099 1.874665 -1.769862
3790000 3.785623 2.031783 -1.590517
3800000 2.920104 1.810364 -1.774237
3810000 3.237282 1.927496 -1.703446
3820000 4.415263 1.889885 -1.595780
3830000 4.098369 2.032342 -1.776182
3840000 4.837577 1.951495 -1.692573
3850000 4.791763 1.857575 -1.734545
3860000 3.758221 1.962935 -1.688798
3870000 3.641309 1.986066 -1.717673
3880000 4.355455 1.928745 -1.863184
3890000 3.118271 2.046905 -1.653902
3900000 3.272883 1.918380 -1.697801
3910000 2.679369 1.844146 -1.714444
3920000 2.421583 1.972318 -1.832303
3930000 4.347611 1.906130 -1.724257
3940000 4.387767 1.829101 -1.799828
3950000 4.974955 1.883159 -1.892660
3960000 4.942258 2.006617 -1.705198
3970000 4.962857 1.914943 -1.681730
3980000 4.866683 1.901945 -1.800825
3990000 3.717226 1.846624 -1.736574
4000000 4.168467 1.866425 -1.598061
