100000 2.206323 1.861614 -2.435071
110000 3.607370 1.912148 -2.438283
120000 3.937707 1.977598 -2.391872
130000 4.089632 1.963349 -2.475530
140000 4.607308 1.848051 -2.344602
150000 4.893250 1.837788 -2.340943
160000 2.994226 1.799220 -2.382141
170000 3.317741 1.965973 -2.436890
180000 4.368937 2.070734 -2.523682
190000 3.647474 2.088523 -2.523235
200000 1.933467 2.024973 -2.312900
210000 2.351353 1.850998 -2.393541
220000 2.839212 1.967769 -2.497907
230000 2.498742 2.028426 -2.527742
240000 3.249032 1.994341 -2.544461
250000 4.490367 1.983917 -2.448455
260000 4.113880 1.986870 -2.496895
270000 4.552227 1.867657 -2.388796
280000 3.222312 1.876404 -2.485064
290000 2.667893 1.921191 -2.469581
300000 1.818818 1.871940 -2.463243
310000 0.901402 1.967760 -2.398446
320000 0.797751 1.964092 -2.459570
330000 1.041683 1.839073 -2.374169
340000 0.847543 2.000826 -2.430450
350000 0.872852 2.010435 -2.429406
360000 0.635067 1.968966 -2.469681
370000 0.540271 1.999844 -2.444284
380000 0.754107 1.901495 -2.446079
390000 1.777581 1.931888 -2.395066
400000 1.235702 1.906669 -2.541474
410000 1.223741 1.916358 -2.418005
420000 1.903961 1.773259 -2.482621
430000 1.930931 1.953673 -2.387009
440000 2.312704 1.940197 -2.500688
450000 2.568772 1.937715 -2.471989
460000 2.254833 1.980248 -2.375216
470000 3.865690 1.928844 -2.153558
480000 4.370595 1.886393 -2.385229
490000 3.989891 1.971900 -2.425662
500000 4.621259 1.792481 -2.595508
510000 4.973740 1.925408 -2.444922
520000 4.648723 1.907628 -2.523531
530000 3.988152 1.819091 -2.438435
540000 3.439538 1.821897 -2.466621
550000 2.704730 1.950868 -2.565074
560000 2.316685 1.957550 -2.409608
570000 1.689657 1.964475 -2.448159
580000 1.557053 1.857285 -2.404624
590000 1.568516 1.954515 -2.453003
600000 1.711776 1.762978 -2.450719
610000 2.252478 1.969393 -2.427554
620000 2.802205 1.942860 -2.485700
630000 3.734796 1.988173 -2.336270
640000 4.449403 1.903377 -2.541797
650000 4.532164 1.808125 -2.428827
660000 4.673760 1.910000 -2.520792
670000 3.997118 2.046720 -2.370809
680000 3.621730 1.939625 -2.470171
690000 2.624405 1.895443 -2.592142
700000 3.624395 1.907354 -2.430354
710000 2.630135 2.003392 -2.443119
720000 4.326885 1.925130 -2.333824
730000 3.139357 1.930277 -2.475517
740000 4.428852 2.015527 -2.462244
750000 4.937567 1.865400 -2.416716
760000 4.367105 1.833579 -2.434149
770000 3.059981 1.939619 -2.416873
780000 3.090224 1.928158 -2.541610
790000 2.518919 1.882590 -2.540390
800000 3.400891 1.859930 -2.489448
810000 3.742480 1.971067 -2.470372
820000 4.046516 1.882631 -2.404598
830000 5.016403 1.947505 -2.491644
840000 4.063094 1.910812 -2.386163
850000 3.458562 1.975340 -2.462993
860000 3.244404 1.893751 -2.511519
870000 2.114922 1.984040 -2.322226
880000 1.665458 1.954407 -2.460971
890000 1.296177 1.947411 -2.549943
900000 2.306033 1.892358 -2.378892
910000 3.002486 1.962580 -2.545774
920000 3.660553 2.066817 -2.369334
930000 2.399299 1.954048 -2.489724
940000 2.009774 2.010700 -2.354464
950000 2.132860 1.851706 -2.428883
960000 2.166988 1.947658 -2.504654
970000 2.240213 1.909022 -2.500679
980000 2.705327 1.936283 -2.442205
990000 3.275088 2.066232 -2.492634
1000000 4.396747 1.973423 -2.506978
1010000 4.917392 1.907664 -2.394512
1020000 4.632953 1.812954 -2.469140
1030000 4.234896 1.812389 -2.332436
1040000 4.607013 1.815236 -2.527877
1050000 3.844519 1.933909 -2.480246
1060000 3.201881 1.936972 -2.461326
1070000 4.303432 1.882774 -2.452811
1080000 3.774002 2.057024 -2.432723
1090000 4.557869 2.007872 -2.409002
1100000 4.968631 1.932055 -2.418919
1110000 4.947000 1.832333 -2.320687
1120000 4.775035 1.873786 -2.418681
1130000 3.062266 1.950800 -2.311727
1140000 3.114386 1.796486 -2.412591
1150000 3.107952 1.808071 -2.497111
1160000 4.206713 1.823330 -2.446567
1170000 3.420951 1.944619 -2.556885
1180000 2.539109 1.916543 -2.547280
1190000 3.149310 2.053959 -2.441862
1200000 1.676451 1.891666 -2.521104
1210000 2.046402 1.909062 -2.399092
1220000 1.332182 1.891832 -2.371937
1230000 1.245025 1.843737 -2.406984
1240000 0.685150 1.952139 -2.406390
1250000 1.001354 1.954787 -2.403799
1260000 1.219004 1.879314 -2.354361
1270000 1.270441 1.838560 -2.513360
1280000 0.959782 1.955258 -2.271738
1290000 1.041241 1.806925 -2.414284
1300000 1.480795 2.010287 -2.477910
1310000 1.236634 1.910473 -2.469398
1320000 1.507236 1.893360 -2.462212
1330000 1.034204 1.906074 -2.637180
1340000 0.714677 1.944293 -2.422672
1350000 0.809313 1.834823 -2.415778
1360000 0.637773 1.925411 -2.457856
1370000 0.692483 1.813682 -2.402284
1380000 0.501270 1.854784 -2.405404
1390000 0.498188 1.897321 -2.313420
1400000 0.859947 1.699667 -2.521247
1410000 1.134133 1.782698 -2.374920
1420000 1.773402 1.926656 -2.443319
1430000 1.883360 1.960849 -2.411924
1440000 2.117514 1.866881 -2.565128
1450000 2.061344 1.965629 -2.438734
1460000 1.906918 1.902592 -2.338083
1470000 1.224298 2.024359 -2.400718
1480000 1.786219 1.937676 -2.438145
1490000 2.280540 1.799451 -2.457784
1500000 1.956442 2.019363 -2.381138
1510000 2.587033 1.800005 -2.506781
1520000 2.936376 1.893680 -2.453136
1530000 2.948187 1.967982 -2.490497
1540000 3.431733 1.910228 -2.467072
1550000 4.216325 1.937940 -2.468927
1560000 4.979176 1.941971 -2.403022
1570000 4.778708 1.855635 -2.516362
1580000 4.269906 1.968045 -2.290864
1590000 3.536179 1.876457 -2.452791
1600000 3.117421 1.893892 -2.482224
1610000 2.852618 2.054285 -2.429074
1620000 2.869545 1.910319 -2.376225
1630000 2.205332 2.027167 -2.480130
1640000 2.472654 1.864592 -2.410251
1650000 2.620950 1.895877 -2.477633
1660000 2.602824 1.885287 -2.399522
1670000 3.792758 1.956404 -2.550600
1680000 3.542256 1.904409 -2.585386
1690000 4.317030 1.954507 -2.421734
1700000 3.905926 1.907853 -2.395081
1710000 3.549810 1.742754 -2.590179
1720000 4.035870 1.879428 -2.607567
1730000 4.494168 1.864494 -2.394090
1740000 4.306438 1.907993 -2.548972
1750000 3.903419 1.894979 -2.419908
1760000 4.793191 1.851507 -2.571042
1770000 4.664260 1.859294 -2.481598
1780000 4.160991 2.008837 -2.381553
1790000 3.185875 1.970387 -2.500043
1800000 2.829837 1.913239 -2.414681
1810000 2.980693 2.011912 -2.498760
1820000 2.615345 1.872462 -2.515994
1830000 2.202911 1.852673 -2.463873
1840000 2.224013 1.922647 -2.395277
1850000 2.152209 1.883456 -2.385718
1860000 2.005519 1.854069 -2.370831
1870000 1.623351 1.885839 -2.350327
1880000 1.480580 1.879688 -2.484795
1890000 1.077039 1.889409 -2.563391
1900000 1.192619 1.818629 -2.464821
1910000 1.362710 1.895504 -2.366892
1920000 1.384213 1.929719 -2.416085
1930000 1.708699 1.923650 -2.455911
1940000 1.747251 1.940570 -2.319036
1950000 2.359751 1.939804 -2.368631
1960000 2.900490 1.841078 -2.392807
1970000 3.144330 1.903011 -2.321562
1980000 3.282432 1.834744 -2.444665
1990000 3.515704 1.813206 -2.491792
2000000 4.765750 1.809437 -2.456848
2010000 4.535281 1.912583 -2.435797
2020000 3.912091 1.939831 -2.565986
2030000 3.618541 1.869206 -2.415146
2040000 2.678735 1.943291 -2.389656
2050000 2.939513 1.953947 -2.443797
2060000 3.789941 1.918136 -2.515563
2070000 4.384216 1.892595 -2.556656
2080000 4.545356 1.815397 -2.372302
2090000 4.859840 1.987828 -2.489326
2100000 4.704139 1.814919 -2.489809
2110000 3.856670 1.910823 -2.505495
2120000 3.086801 1.948396 -2.460194
2130000 3.763162 1.787712 -2.318192
2140000 3.639914 1.917739 -2.384433
2150000 3.484566 1.878585 -2.549914
2160000 4.143214 1.971171 -2.511969
2170000 3.841494 1.917809 -2.560907
2180000 4.197651 1.892758 -2.471975
2190000 3.283395 2.002407 -2.449425
2200000 2.722960 1.880335 -2.459961
2210000 2.147366 2.077515 -2.486849
2220000 2.198747 2.019787 -2.455690
2230000 1.779897 1.885693 -2.454777
2240000 1.868881 1.921225 -2.485021
2250000 1.522623 2.003855 -2.399660
2260000 1.383359 1.926945 -2.475608
2270000 1.126025 2.078725 -2.437140
2280000 1.019375 1.852418 -2.443184
2290000 0.640380 1.897968 -2.499053
2300000 0.867275 1.997980 -2.475761
2310000 0.659896 2.023868 -2.349677
2320000 0.651821 1.980743 -2.415255
2330000 0.502149 2.040551 -2.432566
2340000 0.759930 2.042232 -2.473467
2350000 0.861860 2.055487 -2.362809
2360000 1.110220 1.915278 -2.524611
2370000 0.852218 2.007437 -2.371938
2380000 1.106520 1.883946 -2.310760
2390000 0.854058 1.892515 -2.486185
2400000 0.675196 1.865677 -2.357426
2410000 0.641069 1.980110 -2.396956
2420000 0.898816 1.868369 -2.358782
2430000 0.971139 1.992231 -2.361137
2440000 0.905099 1.779076 -2.485916
2450000 1.339090 1.887634 -2.557604
2460000 1.353990 1.844880 -2.554460
2470000 1.414452 1.845237 -2.458262
2480000 1.371631 1.961883 -2.490458
2490000 1.111624 1.917154 -2.499050
2500000 1.296217 1.991634 -2.401436
2510000 1.358157 1.817299 -2.437292
2520000 1.009661 1.962931 -2.469497
2530000 0.892102 1.871972 -2.531066
2540000 0.859090 1.921259 -2.485268
2550000 1.083476 1.892348 -2.510239
2560000 1.760437 1.895865 -2.354737
2570000 1.636541 1.859677 -2.482159
2580000 1.739951 1.896392 -2.544120
2590000 1.886987 1.949062 -2.346795
2600000 2.393329 1.744811 -2.572451
2610000 2.250939 1.933909 -2.401507
2620000 2.266864 1.961321 -2.453743
2630000 2.555731 1.939271 -2.446004
2640000 3.242067 1.967343 -2.446991
2650000 3.229075 2.074858 -2.444633
2660000 2.922188 1.830822 -2.442760
2670000 3.842034 1.877373 -2.436839
2680000 4.798358 1.930548 -2.335556
2690000 4.107771 2.079216 -2.407787
2700000 4.168912 1.968632 -2.600691
2710000 3.862660 1.921718 -2.437582
2720000 3.666369 1.876930 -2.377491
2730000 4.831625 1.928931 -2.490895
2740000 4.684628 1.948885 -2.493369
2750000 4.711175 1.859240 -2.459020
2760000 4.812276 1.954981 -2.415994
2770000 4.904811 1.961630 -2.440539
2780000 4.044804 1.896147 -2.409786
2790000 4.756753 1.964662 -2.518675
2800000 4.915794 1.923027 -2.520869
2810000 4.582474 1.915307 -2.306410
2820000 4.976615 1.882522 -2.552972
2830000 4.515993 1.909127 -2.498426
2840000 3.977676 1.920158 -2.347460
2850000 4.997721 1.790433 -2.357792
2860000 4.377934 1.931910 -2.584376
2870000 3.427177 1.867604 -2.480707
2880000 4.277794 1.862170 -2.504196
2890000 4.079640 2.026682 -2.415370
2900000 3.240849 1.966469 -2.494654
2910000 2.680990 1.901694 -2.452497
2920000 2.638585 2.091333 -2.483404
2930000 2.685046 2.021714 -2.412169
2940000 3.032225 1.899008 -2.491243
2950000 3.611144 1.880278 -2.553387
2960000 3.076159 1.723395 -2.436871
2970000 1.984872 1.900749 -2.497530
2980000 1.782380 1.763214 -2.438831
2990000 1.585776 1.844710 -2.539337
3000000 1.783308 1.922513 -2.534386
3010000 2.102916 1.797117 -2.480700
3020000 2.219701 1.820410 -2.450133
3030000 2.400795 1.864377 -2.519388
3040000 3.287259 1.833999 -2.597337
3050000 3.761970 2.028857 -2.463612
3060000 3.677173 1.882441 -2.504167
3070000 4.472306 1.924874 -2.513260
3080000 4.252421 1.856623 -2.363297
3090000 3.711913 1.845400 -2.461870
3100000 3.062825 1.917085 -2.513609
3110000 3.467295 2.020481 -2.374687
3120000 2.626543 1.886896 -2.324886
3130000 3.865353 2.012561 -2.532897
3140000 4.164326 1.884070 -2.509405
3150000 4.431655 1.759752 -2.420519
3160000 3.572777 1.878157 -2.243157
3170000 3.303386 1.877936 -2.511459
3180000 4.472493 1.955901 -2.523338
3190000 4.946220 1.832104 -2.421417
3200000 4.378315 1.933526 -2.467116
3210000 4.204045 1.849562 -2.550081
3220000 3.079237 2.023127 -2.355209
3230000 2.783571 1.953716 -2.290561
3240000 2.301359 1.994283 -2.496018
3250000 2.093177 1.845174 -2.346777
3260000 2.218135 1.885237 -2.369283
3270000 2.465223 1.878935 -2.350314
3280000 1.807746 1.981820 -2.422363
3290000 1.762141 1.823977 -2.452702
3300000 1.770987 1.838443 -2.504821
3310000 1.716215 1.911599 -2.364948
3320000 2.095331 1.862250 -2.508524
3330000 2.807193 1.906866 -2.437085
3340000 2.808842 1.900370 -2.501613
3350000 3.020926 1.877296 -2.565818
3360000 3.697943 1.891580 -2.312765
3370000 3.563825 1.903165 -2.363986
3380000 3.470480 1.899354 -2.275359
3390000 4.363374 1.868622 -2.497738
3400000 3.116374 1.875206 -2.402435
3410000 2.767952 1.863958 -2.486201
3420000 2.339751 1.961804 -2.481495
3430000 2.797268 2.007537 -2.444510
3440000 2.749826 1.906350 -2.569986
3450000 2.776312 1.892522 -2.536022
3460000 3.233832 1.916775 -2.437640
3470000 3.192501 1.843791 -2.297377
3480000 3.406315 1.875016 -2.525151
3490000 4.627112 2.035587 -2.355811
3500000 3.746987 1.900802 -2.753977
3510000 3.931756 1.871779 -2.466098
3520000 3.310397 1.939454 -2.371829
3530000 2.192647 2.031960 -2.354849
3540000 2.336206 1.998902 -2.364551
3550000 2.133432 1.974628 -2.508378
3560000 2.278587 1.889566 -2.469534
3570000 3.000813 1.996140 -2.479535
3580000 1.829231 1.917089 -2.447675
3590000 2.180256 2.002787 -2.317342
3600000 2.242664 1.973917 -2.430426
3610000 3.584212 2.067002 -2.385975
3620000 4.901644 1.895534 -2.491379
3630000 4.675497 1.974403 -2.489111
3640000 4.895247 1.840774 -2.366278
3650000 4.586968 1.860648 -2.390484
3660000 4.900937 1.898196 -2.367173
3670000 4.921185 1.846150 -2.399452
3680000 4.755639 1.950656 -2.383362
3690000 4.662707 1.974264 -2.447532
3700000 4.740378 1.868775 -2.610968
3710000 4.975417 2.028340 -2.420005
3720000 4.785740 2.017403 -2.494033
3730000 4.580478 2.025947 -2.379720
3740000 4.144531 1.937588 -2.497524
3750000 3.590068 1.902453 -2.538621
3760000 3.847298 1.916166 -2.484983
3770000 3.182441 1.908205 -2.526753
3780000 3.186407 1.911416 -2.275856
3790000 3.916404 1.944881 -2.480707
3800000 3.132142 1.850280 -2.488521
3810000 3.886786 2.003508 -2.465029
3820000 4.301928 1.924931 -2.399559
3830000 4.977219 1.868801 -2.425632
3840000 4.753635 1.932308 -2.348831
3850000 4.889728 1.934895 -2.470426
3860000 4.156540 1.915450 -2.376722
3870000 3.277325 1.924780 -2.454918
3880000 2.865256 1.940193 -2.460857
3890000 3.820444 1.910687 -2.348597
3900000 4.569962 1.811573 -2.420202
3910000 3.614658 1.878236 -2.390705
3920000 4.370859 2.003199 -2.442007
3930000 3.439314 2.011370 -2.398705
3940000 3.927407 1.948908 -2.413997
3950000 3.676705 1.945991 -2.275223
3960000 2.897399 1.899538 -2.370710
3970000 2.707447 1.887068 -2.474644
