100000 4.370512 1.709548 2.313825
110000 2.875021 1.768977 2.428611
120000 1.961217 1.704654 2.552041
130000 2.527849 1.741191 2.496102
140000 3.393199 1.685958 2.341569
150000 3.790816 1.785087 2.423568
160000 4.397133 1.770945 2.448348
170000 4.948127 1.729740 2.448550
180000 4.871357 1.615603 2.285907
190000 3.348577 1.790569 2.433760
200000 2.708589 1.739965 2.389742
210000 2.561208 1.687133 2.487492
220000 3.087116 1.561061 2.477822
230000 4.051614 1.684926 2.499779
240000 4.016526 1.743166 2.446109
250000 4.393141 1.768048 2.350744
260000 3.449830 1.628489 2.398426
270000 3.734266 1.738870 2.364179
280000 2.300980 1.720474 2.436645
290000 1.708812 1.740248 2.434089
300000 1.729424 1.788851 2.451105
310000 2.230055 1.727417 2.504225
320000 2.074650 1.810615 2.417541
330000 2.810725 1.825743 2.475530
340000 2.809693 1.886520 2.393920
350000 2.005646 1.800779 2.471383
360000 1.703497 1.798368 2.466125
370000 1.776930 1.835002 2.524659
380000 1.952653 1.809593 2.482715
390000 2.280095 1.670463 2.464236
400000 3.322442 1.789691 2.522324
410000 3.802233 1.896439 2.289529
420000 4.812466 1.716433 2.366077
430000 4.226126 1.794199 2.563734
440000 3.989483 1.694273 2.361906
450000 5.045164 1.714249 2.453879
460000 4.492234 1.803106 2.410797
470000 5.004248 1.805405 2.478702
480000 3.418632 1.695533 2.404232
490000 3.833071 1.645051 2.386210
500000 3.235400 1.757456 2.485321
510000 2.656001 1.903695 2.435716
520000 3.077587 1.774622 2.481608
530000 3.063492 1.641883 2.451497
540000 4.145723 1.799973 2.445187
550000 4.677852 1.762690 2.516039
560000 4.200915 1.715392 2.427918
570000 3.284722 1.649734 2.473703
580000 4.939852 1.687698 2.405260
590000 4.619845 1.791314 2.437919
600000 4.949700 1.836486 2.389951
610000 5.001264 1.739575 2.572650
620000 4.537172 1.645740 2.423491
630000 3.817869 1.804644 2.483597
640000 4.459890 1.780797 2.366989
650000 4.428680 1.605211 2.433476
660000 3.265708 1.734350 2.442452
670000 2.792997 1.797369 2.420112
680000 2.591001 1.751324 2.411971
690000 1.747062 1.718211 2.588185
700000 1.294430 1.635459 2.433082
710000 0.979427 1.783424 2.522177
720000 0.971620 1.616968 2.463505
730000 1.239271 1.669292 2.369228
740000 1.084662 1.800971 2.463776
750000 1.149924 1.654381 2.575974
760000 1.625878 1.705474 2.550920
770000 1.551366 1.718073 2.395705
780000 2.024245 1.699866 2.530030
790000 1.962691 1.632999 2.432107
800000 1.742167 1.694852 2.384951
810000 1.893739 1.686780 2.369488
820000 2.466148 1.796558 2.285567
830000 1.910179 1.754027 2.543500
840000 3.025654 1.701457 2.397687
850000 2.667804 1.752676 2.435189
860000 3.516303 1.824233 2.450622
870000 3.273466 1.750692 2.392723
880000 3.977697 1.670890 2.472780
890000 3.765275 1.751750 2.354883
900000 4.022748 1.788003 2.342246
910000 4.786542 1.650889 2.369470
920000 4.740920 1.818884 2.520332
930000 4.232945 1.811873 2.435973
940000 3.242155 1.803073 2.389019
950000 2.475310 1.704269 2.458765
960000 3.012066 1.780861 2.373125
970000 2.090020 1.807890 2.482471
980000 2.645494 1.737872 2.448711
990000 3.560145 1.695841 2.474991
1000000 3.404885 1.789584 2.482950
1010000 4.454577 1.786553 2.399623
1020000 5.042943 1.772967 2.507871
1030000 4.180903 1.749906 2.480178
1040000 3.927321 1.832854 2.449888
1050000 3.342642 1.767150 2.499144
1060000 3.076706 1.710509 2.349334
1070000 2.643603 1.728430 2.446631
1080000 2.462909 1.762470 2.500587
1090000 2.403369 1.729682 2.475707
1100000 3.306630 1.786306 2.539800
1110000 3.698099 1.831824 2.518781
1120000 4.665329 1.775592 2.488243
1130000 4.982943 1.616959 2.517373
1140000 4.621026 1.748128 2.516472
1150000 4.957522 1.630051 2.365514
1160000 3.030442 1.845626 2.408618
1170000 2.981966 1.760559 2.403296
1180000 3.047536 1.523585 2.537075
1190000 1.868287 1.635790 2.348094
1200000 1.319254 1.892719 2.543329
1210000 1.418405 1.791316 2.323091
1220000 1.223069 1.758629 2.464134
1230000 0.738031 1.674262 2.506143
1240000 0.979489 1.738718 2.316826
1250000 1.108958 1.725065 2.411193
1260000 1.205349 1.779130 2.371480
1270000 1.260835 1.702524 2.532210
1280000 1.349734 1.689087 2.399855
1290000 1.080851 1.727149 2.413303
1300000 1.195522 1.737687 2.404461
1310000 0.645522 1.836911 2.529539
1320000 0.836409 1.737871 2.455984
1330000 0.840006 1.718731 2.394249
1340000 1.371670 1.767305 2.469357
1350000 1.594500 1.704633 2.394441
1360000 1.708282 1.645855 2.426707
1370000 2.181442 1.834520 2.549934
1380000 2.256815 1.653788 2.401584
1390000 2.803099 1.805558 2.405734
1400000 2.381835 1.867591 2.346813
1410000 1.954693 1.756233 2.417653
1420000 1.392860 1.783303 2.515809
1430000 1.903555 1.596810 2.459328
1440000 2.279188 1.733152 2.522143
1450000 2.354821 1.713954 2.609782
1460000 3.464623 1.830686 2.563168
1470000 3.456364 1.757265 2.569880
1480000 3.093733 1.786679 2.601836
1490000 2.201647 1.814721 2.394901
1500000 2.106808 1.718833 2.506488
1510000 2.491743 1.706326 2.464360
1520000 3.166245 1.632592 2.420328
1530000 3.625181 1.733968 2.400317
1540000 4.208422 1.796654 2.497500
1550000 4.169982 1.632620 2.469154
1560000 4.776750 1.768976 2.441255
1570000 4.633460 1.816357 2.534928
1580000 4.524197 1.782883 2.486986
1590000 4.421896 1.653802 2.403365
1600000 3.584694 1.778905 2.611956
1610000 4.602107 1.657857 2.462379
1620000 4.499324 1.736093 2.394130
1630000 4.106726 1.748918 2.330470
1640000 4.991514 1.833781 2.443184
1650000 3.086789 1.745609 2.404748
1660000 3.201781 1.783478 2.584492
1670000 2.801600 1.790685 2.441825
1680000 2.364452 1.865119 2.411619
1690000 1.826986 1.932933 2.572130
1700000 1.638361 1.649197 2.357633
1710000 1.741584 1.687837 2.500363
1720000 1.714739 1.773433 2.386111
1730000 1.846472 1.785463 2.459661
1740000 1.813933 1.749783 2.486985
1750000 1.221300 1.777163 2.505289
1760000 1.289303 1.882607 2.471025
1770000 1.149939 1.761446 2.463192
1780000 0.729776 1.801248 2.496635
1790000 0.528269 1.649882 2.624914
1800000 1.055179 1.701026 2.502541
1810000 1.141432 1.580175 2.387848
1820000 1.196907 1.804952 2.379761
1830000 1.182484 1.789184 2.441478
1840000 1.457928 1.705037 2.433179
1850000 1.384033 1.736245 2.492464
1860000 1.448784 1.695100 2.410845
1870000 1.899890 1.817224 2.394059
1880000 1.660873 1.809737 2.525615
1890000 2.210891 1.633252 2.371484
1900000 2.516421 1.750007 2.413333
1910000 2.798906 1.714008 2.386288
1920000 3.492770 1.722545 2.521333
1930000 4.084264 1.611665 2.440437
1940000 4.248229 1.887818 2.445194
1950000 3.832737 1.688231 2.541824
1960000 4.157941 1.682223 2.396001
1970000 3.243954 1.771269 2.463973
1980000 3.860629 1.656229 2.468963
1990000 4.964423 1.714690 2.323877
2000000 4.870746 1.671049 2.428360
2010000 4.801390 1.689487 2.569074
2020000 4.379174 1.776972 2.443133
2030000 4.477620 1.701360 2.404227
2040000 3.022296 1.782023 2.515318
2050000 2.491361 1.706314 2.496239
2060000 2.964067 1.729440 2.479130
2070000 3.477893 1.736288 2.360744
2080000 3.274776 1.791431 2.368305
2090000 4.036003 1.764600 2.394954
2100000 4.371661 1.796524 2.418770
2110000 4.475647 1.791877 2.469239
2120000 4.234293 1.714443 2.492250
2130000 3.692241 1.777075 2.464436
2140000 3.211954 1.742625 2.461887
2150000 3.588836 1.729788 2.430398
2160000 2.501462 1.747234 2.468058
2170000 2.973679 1.737962 2.424046
2180000 3.062948 1.811845 2.411324
2190000 3.445078 1.669471 2.467717
2200000 4.010005 1.823235 2.638159
2210000 4.652276 1.730608 2.454526
2220000 4.941129 1.739765 2.455524
2230000 4.349013 1.711511 2.393216
2240000 4.579663 1.764035 2.359428
2250000 5.025154 1.755399 2.360146
2260000 4.225487 1.823358 2.551374
2270000 4.375222 1.875985 2.357948
2280000 3.798868 1.767464 2.538963
2290000 3.716846 1.834969 2.446958
2300000 4.214979 1.753043 2.450423
2310000 4.758795 1.751617 2.369095
2320000 4.943993 1.795146 2.462739
2330000 4.429799 1.673196 2.414050
2340000 4.353148 1.674694 2.462564
2350000 3.237041 1.715548 2.466217
2360000 2.913205 1.878954 2.507392
2370000 2.598291 1.796389 2.523582
2380000 2.164441 1.753481 2.523825
2390000 2.118427 1.895632 2.331470
2400000 2.347982 1.746181 2.533104
2410000 2.771378 1.822854 2.345084
2420000 3.654459 1.709590 2.350013
2430000 2.478102 2.045192 2.306668
2440000 2.725853 1.735608 2.340782
2450000 3.143935 1.753154 2.394507
2460000 2.694385 1.679548 2.442257
2470000 2.294843 1.723414 2.438390
2480000 1.856131 1.743410 2.267015
2490000 1.656070 1.822585 2.505193
2500000 1.665002 1.773176 2.367552
2510000 1.737796 1.688863 2.443448
2520000 1.537703 1.693752 2.435269
2530000 1.376720 1.786343 2.443998
2540000 1.454512 1.727569 2.382083
2550000 1.903361 1.663072 2.448396
2560000 2.450578 1.688723 2.507542
2570000 2.956164 1.756211 2.459523
2580000 4.161293 1.715399 2.439720
2590000 3.871236 1.778158 2.446864
2600000 3.584674 1.723853 2.410670
2610000 3.878586 1.748169 2.500634
2620000 3.165826 1.693070 2.438673
2630000 3.399590 1.720409 2.382254
2640000 3.660735 1.648720 2.463842
2650000 2.922673 1.693117 2.487494
2660000 2.672002 1.678893 2.371615
2670000 2.189014 1.641781 2.393700
2680000 2.325913 1.826959 2.398415
2690000 1.995489 1.651047 2.463878
2700000 2.554882 1.641314 2.361289
2710000 2.846281 1.668798 2.454906
2720000 3.609437 1.665987 2.499873
2730000 3.880680 1.719749 2.422931
2740000 3.427127 1.629323 2.338520
2750000 3.083148 1.853710 2.472446
2760000 3.240909 1.638544 2.552813
2770000 3.200593 1.718502 2.649119
2780000 2.051792 1.727749 2.262417
2790000 2.316140 1.710038 2.364025
2800000 1.137276 1.773705 2.390747
2810000 0.869604 1.752284 2.479835
2820000 0.748018 1.795837 2.519362
2830000 0.754898 1.847968 2.461735
2840000 0.709830 1.792981 2.493751
2850000 0.941231 1.829354 2.417068
2860000 0.974097 1.680975 2.319824
2870000 1.098653 1.756922 2.266885
2880000 1.050159 1.851004 2.350368
2890000 1.041189 1.705409 2.503826
2900000 0.941867 1.735430 2.479403
2910000 1.119569 1.654189 2.363191
2920000 1.094840 1.855125 2.395733
2930000 1.219430 1.674485 2.469354
2940000 1.078152 1.660244 2.307062
2950000 0.938042 1.793469 2.442834
2960000 0.906797 1.674980 2.392581
2970000 1.354690 1.625981 2.387280
2980000 1.341323 1.744564 2.401108
2990000 1.265744 1.881360 2.541229
3000000 1.504256 1.732888 2.438661
3010000 1.443115 1.865660 2.418887
3020000 1.457549 1.878116 2.398090
3030000 1.259415 1.751708 2.403743
3040000 1.187584 1.859627 2.388940
3050000 1.104905 1.715735 2.518493
3060000 0.740474 1.716447 2.567416
3070000 0.824259 1.830964 2.430914
3080000 1.709304 1.724285 2.476763
3090000 1.707258 1.708846 2.403836
3100000 1.973869 1.749673 2.421303
3110000 1.665917 1.709465 2.447117
3120000 1.897382 1.603576 2.474447
3130000 2.005237 1.670181 2.414632
3140000 1.701287 1.916210 2.342276
3150000 1.702613 1.699534 2.505155
3160000 1.471332 1.745123 2.579680
3170000 1.337131 1.794049 2.415301
3180000 1.346426 1.604110 2.385578
3190000 1.076843 1.534056 2.513560
3200000 1.260600 1.642389 2.596974
3210000 1.799683 1.649383 2.507872
3220000 2.602842 1.633158 2.417386
3230000 2.743100 1.796080 2.371463
3240000 3.770375 1.766375 2.319108
3250000 4.324876 1.732999 2.410377
3260000 4.791529 1.798262 2.500798
3270000 4.687403 1.753199 2.374649
3280000 4.085590 1.717270 2.369646
3290000 4.415321 1.696383 2.363075
3300000 4.920518 1.709525 2.425265
3310000 4.890205 1.698636 2.486667
3320000 4.478474 1.836199 2.517340
3330000 4.411917 1.714308 2.462508
3340000 4.738388 1.816207 2.367368
3350000 4.177416 1.842779 2.546771
3360000 4.651269 1.743064 2.564568
3370000 3.591594 1.910123 2.473481
3380000 4.622033 1.727181 2.597066
3390000 3.776223 1.706479 2.304118
3400000 3.725598 1.722351 2.228336
3410000 2.946935 1.750724 2.472936
3420000 2.860349 1.683570 2.501946
3430000 3.358623 1.777247 2.350141
3440000 4.259905 1.848603 2.505270
3450000 4.114209 1.859713 2.409154
3460000 4.631591 1.737606 2.383712
3470000 3.444706 1.721566 2.389231
3480000 3.387820 1.784887 2.383987
3490000 3.700213 1.739743 2.387059
3500000 3.273170 1.771672 2.385269
3510000 2.481388 1.596521 2.451434
3520000 2.253731 1.829034 2.375731
3530000 2.165377 1.691675 2.391547
3540000 2.376051 1.607337 2.520070
3550000 1.922588 1.664255 2.400635
3560000 2.890937 1.683879 2.444715
3570000 2.831550 1.788608 2.364297
3580000 2.703463 1.767247 2.464734
3590000 2.407959 1.685900 2.426763
3600000 3.323092 1.697668 2.425207
3610000 2.860501 1.790461 2.337096
3620000 2.637217 1.758541 2.269063
3630000 3.041230 1.774351 2.484378
3640000 2.155645 1.755313 2.472135
3650000 1.700021 1.821002 2.253565
3660000 1.551547 1.787911 2.435513
3670000 1.926516 1.806688 2.452789
3680000 2.409265 1.642710 2.457482
3690000 2.176812 1.704933 2.462376
3700000 2.320526 1.751035 2.398054
3710000 1.920231 1.633993 2.356444
3720000 1.864369 1.826160 2.466061
3730000 1.669190 1.744109 2.431973
3740000 1.625622 1.614074 2.504406
3750000 1.546650 1.674427 2.489453
3760000 1.271997 1.671906 2.390692
3770000 1.498062 1.771947 2.337014
3780000 1.428758 1.774703 2.422838
3790000 1.187120 1.655544 2.445368
3800000 1.229316 1.642033 2.383523
3810000 1.172077 1.766755 2.529583
3820000 0.915965 1.795029 2.509639
3830000 1.123749 1.796082 2.483619
3840000 0.985155 1.798358 2.349231
3850000 0.969337 1.709089 2.358352
3860000 0.956521 1.769193 2.371739
3870000 0.519985 1.741592 2.666085
3880000 0.591481 1.737833 2.428500
3890000 0.492373 1.709982 2.369943
3900000 0.497415 1.849051 2.492398
3910000 0.633240 1.754528 2.504788
3920000 0.747735 1.819875 2.405664
