100000 1.462266 1.842008 2.129930
110000 1.613033 1.710366 2.142687
120000 2.140228 1.716678 2.103355
130000 2.186487 1.694093 2.075978
140000 2.903876 1.877780 2.037997
150000 3.390346 1.816749 2.057178
160000 4.879112 1.684311 2.180886
170000 4.983512 1.613151 2.212746
180000 4.173864 1.806703 2.055578
190000 4.628271 1.754350 2.181801
200000 3.178339 1.726239 2.086668
210000 2.378469 1.793296 2.094660
220000 1.333901 1.819723 2.177530
230000 0.742578 1.765097 1.901970
240000 1.559764 1.846772 1.901707
250000 1.486722 1.898303 2.145110
260000 1.585801 1.834555 1.896012
270000 1.900088 1.731186 2.200382
280000 2.703323 1.772258 2.119437
290000 4.001401 1.796898 2.067395
300000 3.766790 1.821192 2.123104
310000 3.920459 1.708591 2.178770
320000 4.971922 1.744905 2.188086
330000 3.799796 1.652813 1.987335
340000 2.781071 1.813816 2.022384
350000 3.846791 1.755476 2.080362
360000 3.333975 1.688939 2.173658
370000 2.568769 1.748209 2.059666
380000 1.787630 1.790557 2.231054
390000 1.726346 1.715310 1.996192
400000 2.440900 1.627695 2.128005
410000 2.322707 1.814053 2.007327
420000 2.274793 1.677887 2.039934
430000 3.102683 1.652282 2.080947
440000 4.009650 1.727802 2.097662
450000 3.875268 1.734070 2.058776
460000 4.642623 1.739894 1.997434
470000 4.849407 1.550334 1.955693
480000 4.992113 1.704938 1.959582
490000 4.603891 1.738422 2.175662
500000 3.538234 1.663798 2.022038
510000 2.644496 1.821166 1.994162
520000 3.630825 1.706292 2.070886
530000 4.309617 1.665325 2.066149
540000 4.347263 1.814635 2.031950
550000 3.582943 1.699980 2.127613
560000 4.432963 1.749518 2.071390
570000 4.811921 1.699138 2.092986
580000 3.413573 1.667457 2.118832
590000 2.922637 1.788565 2.102393
600000 2.478391 1.707202 2.139064
610000 1.727298 1.675005 2.008269
620000 1.415119 1.773361 2.120747
630000 1.255758 1.765506 2.064069
640000 1.757531 1.842003 2.016153
650000 1.818119 1.815430 2.037221
660000 1.886176 1.783707 2.077035
670000 2.310228 1.758523 2.104253
680000 2.709387 1.692534 2.115442
690000 2.526599 1.763373 2.191100
700000 2.885214 1.767432 2.177359
710000 3.368796 1.812885 2.114080
720000 4.487115 1.709216 2.151548
730000 4.958728 1.858882 1.969551
740000 3.088594 1.740976 2.137414
750000 3.886803 1.757034 2.105476
760000 2.997280 1.711666 2.061780
770000 3.435776 1.831794 1.983351
780000 4.699150 1.607559 2.119449
790000 4.864261 1.888798 1.975767
800000 4.861330 1.933695 1.997991
810000 4.186718 1.732443 2.068845
820000 3.782088 1.787375 1.993253
830000 2.472576 1.581626 2.155318
840000 1.931195 1.704990 2.090280
850000 2.223599 1.729432 2.097611
860000 2.565842 1.685922 2.136211
870000 2.032192 1.757719 2.235840
880000 1.122099 1.763918 2.091517
890000 1.099087 1.685593 2.095529
900000 0.980957 1.752221 2.116375
910000 1.321156 1.672849 1.894971
920000 1.147498 1.735185 2.025212
930000 0.865688 1.807162 2.089345
940000 0.693218 1.734187 2.185621
950000 1.426558 1.714498 1.992526
960000 1.291801 1.691837 1.983395
970000 1.196740 1.863243 2.066771
980000 1.699312 1.779213 2.109936
990000 1.921306 1.728731 2.066212
1000000 1.762129 1.684665 2.120592
1010000 1.351741 1.729022 2.085932
1020000 0.937741 1.819933 2.132356
1030000 0.993284 1.602394 2.100292
1040000 0.799981 1.807313 2.195444
1050000 0.581754 1.702587 2.240036
1060000 1.188867 1.800995 2.125761
1070000 1.941340 1.670361 1.989522
1080000 2.010047 1.808270 2.111916
1090000 2.269333 1.815162 2.096674
1100000 2.658010 1.743327 2.076463
1110000 2.776135 1.725806 2.015472
1120000 2.268138 1.816482 2.194607
1130000 2.946682 1.785121 2.088990
1140000 3.628782 1.750245 2.053057
1150000 4.596101 1.769936 2.098865
1160000 4.850165 1.610125 2.059547
1170000 4.031115 1.792603 2.040952
1180000 4.715623 1.729090 2.044644
1190000 4.985320 1.770117 2.165314
1200000 4.252602 1.747682 2.087047
1210000 3.791889 1.741471 2.068943
1220000 3.537067 1.781758 2.044831
1230000 3.773597 1.751141 2.068142
1240000 3.839100 1.779744 2.085047
1250000 3.904382 1.793258 2.248497
1260000 3.070844 1.886958 2.211810
1270000 2.832088 1.710059 2.147249
1280000 2.753347 1.641839 2.209173
1290000 3.061970 1.709502 2.100938
1300000 3.700922 1.758566 2.037873
1310000 3.590873 1.793791 2.050478
1320000 2.503737 1.702551 2.220124
1330000 2.688623 1.727908 2.183604
1340000 3.048381 1.744610 2.205361
1350000 3.742167 1.732951 2.136301
1360000 4.206041 1.721607 2.068608
1370000 4.938030 1.750621 1.997046
1380000 4.811212 1.741793 2.162558
1390000 4.812019 1.681982 2.125891
1400000 4.166083 1.689436 1.997977
1410000 4.631310 1.716379 1.926532
1420000 4.252842 1.770341 2.171163
1430000 4.257476 1.723834 2.042264
1440000 5.023140 1.759631 2.015634
1450000 4.700718 1.686126 2.188797
1460000 2.515723 1.781759 2.166289
1470000 2.584975 1.762971 2.127701
1480000 3.315600 1.836319 2.044506
1490000 2.791540 1.617693 2.018135
1500000 2.216259 1.773821 2.105360
1510000 1.855978 1.823524 2.039477
1520000 1.670874 1.806263 1.964360
1530000 1.745141 1.804691 2.092764
1540000 1.280382 1.728546 2.007014
1550000 1.592888 1.706016 2.120959
1560000 1.460463 1.824482 2.069683
1570000 1.646250 1.737605 2.034261
1580000 2.147205 1.643527 2.135250
1590000 2.176145 1.721673 2.048616
1600000 2.200615 1.729600 2.131046
1610000 2.124553 1.707443 2.144238
1620000 2.540658 1.747041 2.166482
1630000 3.270387 1.699918 2.177874
1640000 3.013164 1.575489 2.083856
1650000 2.299914 1.636723 2.029406
1660000 2.144722 1.558462 2.123974
1670000 1.553650 1.656641 2.077462
1680000 1.518514 1.775548 1.948008
1690000 1.315820 1.859375 2.183325
1700000 1.038326 1.879291 2.199557
1710000 1.043455 1.780522 2.068123
1720000 1.299382 1.758758 1.987743
1730000 1.066948 1.789645 2.024749
1740000 0.541858 1.809767 2.122271
1750000 0.782518 1.870275 2.120273
1760000 0.542278 1.844766 2.154061
1770000 0.950522 1.755348 2.030048
1780000 0.979750 1.860733 2.117543
1790000 1.651302 1.812494 2.132088
1800000 1.636764 1.723488 2.096396
1810000 1.586230 1.802031 2.111083
1820000 1.786815 1.792922 1.954511
1830000 1.599431 1.712056 2.073517
1840000 1.216587 1.838076 2.279384
1850000 1.076373 1.679917 2.154410
1860000 1.332141 1.721090 2.149340
1870000 1.359333 1.694891 2.037573
1880000 1.532267 1.534055 2.076948
1890000 1.796732 1.754282 2.074080
1900000 1.591129 1.624483 2.091662
1910000 1.790053 1.521687 2.040615
1920000 1.996655 1.623526 2.080421
1930000 1.925337 1.744215 2.046903
1940000 2.427494 1.813030 2.079891
1950000 3.669037 1.727053 1.992095
1960000 4.145143 1.614832 2.008868
1970000 3.887386 1.748590 2.197874
1980000 4.286556 1.768202 2.119467
1990000 3.171940 1.599626 2.066254
2000000 2.658074 1.809562 2.036044
2010000 3.182546 1.734090 2.130654
2020000 3.769004 1.581162 2.057116
2030000 4.847282 1.832412 2.119849
2040000 4.728230 1.756956 2.147662
2050000 4.953121 1.715990 2.111620
2060000 5.043309 1.760127 2.147633
2070000 4.454734 1.808549 2.099561
2080000 4.587668 1.816328 2.097302
2090000 5.024449 1.761461 2.118109
2100000 4.159038 1.762778 2.156698
2110000 2.976455 1.798126 2.199481
2120000 3.859524 1.914632 2.009564
2130000 4.638848 1.620353 2.146970
2140000 3.189912 1.845279 2.093423
2150000 3.263363 1.591227 2.105858
2160000 2.763801 1.668876 2.142003
2170000 2.332967 1.795720 2.196924
2180000 2.677894 1.791297 2.093928
2190000 2.296025 1.619008 2.200456
2200000 2.059116 1.843838 2.142904
2210000 3.581390 1.803770 2.059492
2220000 2.830233 1.696682 2.201962
2230000 3.466517 1.742533 2.151615
2240000 3.267016 1.693091 1.996852
2250000 3.852078 1.735796 2.153570
2260000 4.212450 1.841550 2.131677
2270000 4.661451 1.850441 2.090050
2280000 4.460840 1.648531 2.116833
2290000 4.653683 1.772772 2.189485
2300000 4.235511 1.773057 1.957246
2310000 4.248701 1.718116 2.017355
2320000 3.452449 1.673352 2.199880
2330000 3.383577 1.756762 2.080253
2340000 3.115135 1.787713 2.063679
2350000 2.847831 1.651823 1.975843
2360000 2.646552 1.704821 1.946600
2370000 2.522625 1.833845 2.245401
2380000 3.090505 1.801087 2.094862
2390000 2.970767 1.612295 1.902612
2400000 3.750091 1.723187 2.156513
2410000 4.402946 1.826643 2.102343
2420000 4.047536 1.727464 2.101749
2430000 3.602902 1.674775 2.099465
2440000 3.103526 1.861921 2.164890
2450000 3.134261 1.663608 2.016921
2460000 2.710115 1.779462 2.151567
2470000 2.098390 1.697813 2.132857
2480000 1.885051 1.786434 1.960746
2490000 2.166822 1.710607 2.121489
2500000 2.285991 1.703636 2.209893
2510000 1.929816 1.762934 2.114109
2520000 1.873962 1.686398 2.122947
2530000 1.870015 1.678932 2.084324
2540000 1.565057 1.808791 2.046894
2550000 1.918676 1.603813 2.069814
2560000 1.672892 1.788683 2.089289
2570000 1.342535 1.790276 2.141619
2580000 1.348005 1.727382 2.140305
2590000 1.465159 1.783218 2.089089
2600000 1.787724 1.769075 2.039949
2610000 2.094255 1.788862 2.097775
2620000 2.189399 1.746490 2.010278
2630000 2.500983 1.790166 2.067948
2640000 2.526165 1.767076 2.063236
2650000 2.463046 1.814969 2.178893
2660000 2.628742 1.733272 2.006258
2670000 2.859096 1.701078 2.100835
2680000 3.154116 1.800666 2.014031
2690000 3.882978 1.671631 2.070029
2700000 4.528403 1.742781 2.241160
2710000 4.005976 1.703069 2.047668
2720000 3.255417 1.807075 2.056501
2730000 4.810565 1.729013 2.142630
2740000 3.936702 1.804387 1.995753
2750000 3.778059 1.763532 2.139365
2760000 4.047914 1.758972 2.045847
2770000 4.663950 1.799851 2.128377
2780000 4.048634 1.704670 2.019666
2790000 4.323678 1.867326 1.986000
2800000 3.744902 1.973251 2.231065
2810000 3.192022 1.618586 2.094029
2820000 3.839140 1.823859 2.087114
2830000 4.243038 1.644455 2.063505
2840000 4.271609 1.883990 2.113172
2850000 4.555772 1.693136 2.061927
2860000 4.632892 1.797007 2.065135
2870000 3.817261 1.736621 2.051062
2880000 3.509974 1.721984 2.034089
2890000 2.716414 1.826989 2.135649
2900000 3.582700 1.796289 1.990491
2910000 3.036714 1.765289 1.921824
2920000 3.530537 1.745681 2.123984
2930000 3.992181 1.847921 2.223915
2940000 4.142306 1.652488 2.226491
2950000 5.029599 1.804586 2.102375
2960000 3.430392 1.854022 2.121127
2970000 2.881672 1.710310 2.099067
2980000 2.595637 1.652352 1.905675
2990000 2.666067 1.715211 2.100745
3000000 2.256090 1.799342 2.086257
3010000 2.469402 1.886702 2.115104
3020000 2.954688 1.660254 2.109652
3030000 3.623698 1.805286 2.134576
3040000 2.591023 1.729108 2.137792
3050000 2.704035 1.726474 1.962791
3060000 3.012001 1.694540 2.133589
3070000 2.803309 1.701614 2.126254
3080000 3.362966 1.699530 2.105244
3090000 4.288268 1.813673 2.102568
3100000 4.996116 1.701834 2.082609
3110000 4.448217 1.773471 2.095816
3120000 4.394912 1.813581 2.071202
3130000 4.217996 1.779445 2.100663
3140000 4.064983 1.593938 2.104323
3150000 4.634625 1.701179 2.091979
3160000 4.823390 1.757193 1.985876
3170000 3.963164 1.810001 1.979725
3180000 3.231391 1.713301 2.073102
3190000 3.250661 1.649576 2.172616
3200000 2.859217 1.650169 1.985767
3210000 3.256955 1.761229 2.043780
3220000 3.703567 1.830345 2.116296
3230000 3.661334 1.714195 2.164024
3240000 4.788750 1.764738 2.007603
3250000 4.566907 1.879165 2.132394
3260000 4.504578 1.642346 2.141590
3270000 4.349218 1.650874 2.137994
3280000 4.318228 1.794299 2.113839
3290000 4.184203 1.704638 2.085637
3300000 4.766202 1.831101 2.098803
3310000 4.091273 1.788768 2.078417
3320000 3.932928 1.850941 2.070187
3330000 3.627097 1.740716 2.076798
3340000 4.799159 1.782970 2.026734
3350000 5.007669 1.796211 2.058135
3360000 4.916338 1.661707 2.177322
3370000 4.214208 1.683514 2.109354
3380000 2.846302 1.842965 2.156809
3390000 2.770003 1.791190 1.993482
3400000 2.677697 1.755636 2.122540
3410000 2.615984 1.820105 2.087034
3420000 1.916579 1.747999 2.166100
3430000 2.343123 1.724026 2.138880
3440000 2.088291 1.776532 2.101797
3450000 1.840145 1.778487 2.054387
3460000 1.936678 1.734081 2.087135
3470000 1.468947 1.745793 1.929086
3480000 0.770215 1.711628 2.049634
3490000 0.835877 1.823605 2.003745
3500000 0.788417 1.682321 2.125793
3510000 0.790932 1.674724 2.109972
3520000 0.599916 1.690688 2.097284
3530000 0.613139 1.704147 2.144384
3540000 0.492532 1.645474 2.129054
3550000 0.495511 1.747238 2.086798
3560000 0.607689 1.871003 2.189346
3570000 0.496132 1.848549 2.105521
3580000 0.719397 1.869219 2.118900
3590000 0.943831 1.636538 2.122051
3600000 1.049897 1.766878 2.055369
3610000 1.038362 1.732818 2.059866
3620000 0.795916 1.752598 2.102708
3630000 0.715820 1.712945 2.003842
3640000 1.089829 1.707393 2.000352
3650000 0.937531 1.913474 2.102320
3660000 0.711263 1.799047 2.094818
3670000 0.592334 1.590560 2.130723
3680000 0.624855 1.738589 2.070379
3690000 0.880176 1.781852 2.172795
3700000 1.204796 1.649617 2.079641
