100000 2.882622 1.822572 1.902877
110000 3.338021 1.774907 2.047571
120000 2.808324 1.891495 2.019271
130000 3.839049 1.588590 1.916661
140000 3.436893 1.890924 2.007476
150000 2.740229 1.674459 1.887736
160000 2.581936 1.693302 1.929250
170000 2.000216 1.691498 1.885136
180000 2.359261 1.693314 1.906522
190000 1.193657 1.873383 1.916182
200000 0.938986 1.771579 1.957564
210000 1.025766 1.646109 2.065095
220000 1.138034 1.858226 1.932221
230000 1.282870 1.846041 1.832463
240000 1.438455 1.707434 1.843718
250000 1.853937 1.868871 1.949175
260000 2.293926 1.855613 1.918612
270000 3.552753 1.791171 1.903448
280000 4.960055 1.800782 1.831650
290000 4.844723 1.693958 1.927468
300000 4.734515 1.813854 1.885236
310000 4.556876 1.828070 1.950136
320000 3.815820 1.719463 1.878075
330000 4.146404 1.794015 1.846893
340000 4.704775 1.735818 2.131118
350000 3.285388 1.781414 1.951192
360000 2.562036 1.836779 1.805297
370000 3.296873 1.714247 1.971014
380000 3.088061 1.822030 1.916718
390000 4.414862 1.603914 2.023106
400000 4.051772 1.761432 1.996441
410000 3.697672 1.888006 1.867771
420000 2.978422 1.841419 1.946414
430000 2.847667 1.743596 1.884527
440000 2.507037 1.786838 1.925079
450000 3.432435 1.825018 1.891647
460000 3.881426 1.719707 1.951131
470000 4.347838 1.684105 1.934265
480000 3.502264 1.701399 1.955497
490000 4.117280 1.803831 1.847009
500000 4.292131 1.705560 1.860295
510000 4.134105 1.838805 1.968752
520000 2.445147 1.784400 1.882690
530000 3.216168 1.695151 1.874045
540000 4.196611 1.751713 1.916967
550000 4.423281 1.756920 1.988301
560000 4.798735 1.733440 1.788600
570000 4.576929 1.672813 1.882476
580000 4.116786 1.674877 2.140582
590000 4.293544 1.858183 1.945487
600000 3.281896 1.793981 1.944509
610000 3.537639 1.760292 1.768253
620000 2.025689 1.812653 2.011595
630000 1.864016 1.770013 1.847487
640000 1.422834 1.735455 2.021333
650000 1.268588 1.868919 1.944771
660000 1.043978 1.712339 1.887953
670000 1.223740 1.745032 1.936200
680000 1.695469 1.675133 1.940395
690000 2.139487 1.766847 1.916590
700000 2.063934 1.743944 1.980433
710000 2.507500 1.648718 1.885016
720000 2.185894 1.721572 1.744060
730000 1.805823 1.764193 1.982435
740000 1.704570 1.774719 2.048521
750000 1.444662 1.786436 1.939349
760000 1.036686 1.778260 1.864852
770000 0.741048 1.747704 1.948242
780000 1.436360 1.786662 1.773600
790000 1.875084 1.731235 1.895266
800000 2.861206 1.727219 1.913096
810000 3.482298 1.696241 1.938072
820000 4.033615 1.610224 1.905838
830000 3.721113 1.765395 1.863141
840000 4.721554 1.701701 2.011627
850000 4.041176 1.702935 1.821544
860000 2.741538 1.760092 1.913913
870000 3.439192 1.653304 1.903717
880000 2.946363 1.773256 1.888731
890000 2.658578 1.788127 1.938323
900000 3.194581 1.801501 1.861145
910000 4.204614 1.691170 2.061827
920000 4.987440 1.849926 1.905367
930000 5.018669 1.831907 1.849489
940000 4.095171 1.742227 1.948778
950000 3.597741 1.750733 1.860811
960000 3.666877 1.831790 2.011228
970000 4.522985 1.765320 1.883712
980000 4.509584 1.765252 1.915540
990000 3.860303 1.803912 1.991712
1000000 4.165318 1.768448 1.842836
1010000 4.448966 1.703368 1.792416
1020000 4.231435 1.648603 1.878730
1030000 3.349072 1.700624 2.019375
1040000 2.340958 1.733009 1.874165
1050000 2.240281 1.719444 1.769454
1060000 2.077743 1.822027 2.047160
1070000 2.403868 1.821361 1.849146
1080000 2.676401 1.657540 1.803338
1090000 2.470820 1.686519 1.944945
1100000 2.857779 1.676902 1.978088
1110000 2.076019 1.631153 1.951028
1120000 1.722962 1.732529 1.804642
1130000 1.485863 1.816580 2.020753
1140000 1.433233 1.737341 1.908255
1150000 1.300695 1.881655 1.870781
1160000 1.436328 1.756486 1.873757
1170000 2.014162 1.787037 1.838140
1180000 1.589908 1.723664 1.973336
1190000 1.462421 1.787199 1.887923
1200000 1.716404 1.778030 1.845622
1210000 1.916290 1.687353 1.947144
1220000 1.890653 1.703885 1.807370
1230000 2.131351 1.707471 1.856435
1240000 3.183163 1.779409 1.837177
1250000 3.769743 1.881476 1.839005
1260000 4.380331 1.901985 1.950519
1270000 5.026810 1.827522 1.872326
1280000 4.012724 1.738192 1.831921
1290000 3.985467 1.719889 1.862967
1300000 2.916048 1.658044 2.022189
1310000 2.527939 1.851719 1.868550
1320000 3.068646 1.712586 1.900201
1330000 3.707465 1.736337 1.907619
1340000 3.806571 1.843699 2.059576
1350000 4.775544 1.780471 1.962165
1360000 4.753549 1.755445 1.875296
1370000 4.407170 1.697419 1.907995
1380000 4.699277 1.790116 1.787111
1390000 4.842015 1.771370 1.918651
1400000 4.714912 1.847172 1.814474
1410000 3.358480 1.717901 2.052373
1420000 3.349941 1.723126 1.950573
1430000 2.718595 1.706082 1.904174
1440000 2.999148 1.771675 1.765303
1450000 2.246345 1.937345 1.880744
1460000 2.485159 1.721736 1.761142
1470000 3.232424 1.723543 1.937136
1480000 3.717988 1.824284 1.880145
1490000 4.211632 1.690151 1.991886
1500000 3.783405 1.775226 1.878224
1510000 3.249418 1.681177 1.994541
1520000 3.280742 1.722368 1.746695
1530000 4.004770 1.686001 1.923661
1540000 4.311169 1.652413 1.886703
1550000 3.803221 1.695797 1.940895
1560000 3.842451 1.676511 1.907369
1570000 3.466033 1.696714 2.037743
1580000 3.225790 1.715148 1.985815
1590000 2.841535 1.726846 1.951829
1600000 2.532321 1.748696 1.844230
1610000 2.077976 1.750010 1.872576
1620000 1.738745 1.812001 1.951948
1630000 1.154848 1.744265 1.856669
1640000 1.102375 1.796836 1.895807
1650000 1.126346 1.825290 1.943142
1660000 1.257079 1.804692 1.926359
1670000 1.459740 1.775960 1.802500
1680000 1.962435 1.749859 1.912118
1690000 2.019369 1.729237 1.965963
1700000 1.606486 1.682239 1.781542
1710000 1.269353 1.760859 1.967826
1720000 1.021441 1.758195 1.956035
1730000 0.899832 1.791362 1.945804
1740000 0.794170 1.806965 1.982564
1750000 0.728987 1.738096 2.111912
1760000 1.042189 1.739091 1.999099
1770000 1.332617 1.708428 2.039437
1780000 1.553831 1.835614 1.936659
1790000 1.892918 1.652511 1.793146
1800000 1.705244 1.855221 1.891674
1810000 1.503701 1.673380 1.965953
1820000 2.131043 1.766583 2.000018
1830000 2.107048 1.786149 1.840068
1840000 2.445562 1.738289 1.871937
1850000 2.467780 1.612163 2.006057
1860000 2.455310 1.799329 1.997889
1870000 2.119001 1.886428 1.899554
1880000 2.092846 1.770813 1.891533
1890000 1.950119 1.604311 1.960114
1900000 2.971409 1.691850 1.963092
1910000 3.101852 1.671748 1.877413
1920000 3.326415 1.686184 1.943501
1930000 3.763955 1.666092 1.928083
1940000 4.268419 1.845088 2.089502
1950000 4.754469 1.871971 2.004440
1960000 4.337202 1.795236 1.978902
1970000 3.795574 1.898533 1.898954
1980000 4.694283 1.769742 1.999092
1990000 4.040994 1.832482 1.900707
2000000 3.889772 1.795468 1.874478
2010000 2.882957 1.752383 1.985696
2020000 2.984627 1.757328 1.900139
2030000 3.097303 1.794974 2.079166
2040000 2.689592 1.816466 1.929909
2050000 2.896788 1.588012 1.905636
2060000 1.984257 1.746503 1.858388
2070000 2.710442 1.729334 1.816421
2080000 3.359063 1.696270 1.820687
2090000 3.526905 1.837742 1.927845
2100000 3.039040 1.693014 2.027090
2110000 3.267850 1.818632 1.842696
2120000 4.135912 1.730421 1.850344
2130000 4.693627 1.761726 1.908392
2140000 4.342778 1.795047 1.877292
2150000 4.176368 1.712402 1.882482
2160000 3.816667 1.696410 1.975554
2170000 3.352183 1.750390 1.999920
2180000 4.394849 1.712782 1.941330
2190000 4.182495 1.795448 1.874018
2200000 3.727700 1.770718 1.875991
2210000 3.456978 1.659893 1.907458
2220000 2.811856 1.825751 1.956022
2230000 4.258899 1.718953 1.905556
2240000 5.002855 1.965039 1.948576
2250000 4.867630 1.646307 1.876004
2260000 4.941127 1.762559 1.834425
2270000 4.764746 1.751286 1.942169
2280000 4.775996 1.774347 1.959328
2290000 3.388976 1.734699 1.947738
2300000 2.626477 1.731975 1.937067
2310000 2.312245 1.722031 1.816318
2320000 1.880697 1.672669 1.936450
2330000 1.875036 1.775865 1.781646
2340000 2.140098 1.713513 1.916762
2350000 1.690975 1.836193 1.854525
2360000 2.609647 1.691989 1.861628
2370000 2.565708 1.720145 1.814337
2380000 2.040738 1.676110 1.968546
2390000 1.422501 1.861137 1.934292
2400000 1.755767 1.824398 1.851650
2410000 1.609262 1.803232 1.922824
2420000 1.875398 1.753144 1.938178
2430000 2.007784 1.760703 1.817945
2440000 2.416593 1.792249 1.872012
2450000 2.851805 1.697933 1.958783
2460000 3.466989 1.806519 1.799731
2470000 4.190594 1.611306 1.928498
2480000 4.355651 1.790279 2.108746
2490000 4.264929 1.781155 1.776290
2500000 5.017264 1.707758 1.924225
2510000 4.973156 1.805939 1.908026
2520000 4.992176 1.854652 1.834234
2530000 3.807720 1.761309 1.918951
2540000 3.144757 1.866140 1.867808
2550000 3.341832 1.623923 1.838575
2560000 5.002570 1.647890 2.054985
2570000 3.950975 1.691806 1.978355
2580000 3.238840 1.657838 1.939393
2590000 2.927771 1.815898 1.893605
2600000 3.159749 1.819207 2.038883
2610000 2.607889 1.713888 1.890945
2620000 3.438950 1.720423 1.779564
2630000 4.504328 1.734265 1.855282
2640000 4.611086 1.697001 1.861575
2650000 4.866055 1.783050 1.851319
2660000 4.845306 1.936904 1.962730
2670000 4.871782 1.736924 1.964924
2680000 3.703734 1.850618 1.842614
2690000 2.613831 1.815064 1.968576
2700000 2.637530 1.627356 1.862948
2710000 2.164481 1.717602 1.962181
2720000 2.088997 1.719051 1.866527
2730000 1.640657 1.799542 2.028921
2740000 1.216222 1.907232 1.972450
2750000 0.683736 1.813273 2.069300
2760000 0.697336 1.689419 1.877263
2770000 0.627420 1.761121 1.884063
2780000 0.812253 1.691706 1.937474
2790000 0.951865 1.628259 1.932005
2800000 0.977763 1.834398 1.973937
2810000 0.744268 1.771460 1.982896
2820000 1.063815 1.798930 1.911268
2830000 1.126349 1.728377 1.988220
2840000 1.184110 1.917371 1.927509
2850000 1.340705 1.794993 1.968366
2860000 1.172309 1.713910 1.913651
2870000 1.343606 1.835839 1.903855
2880000 1.178038 1.731390 1.968964
2890000 1.157462 1.607648 1.899837
2900000 1.031893 1.678218 1.841585
2910000 1.048691 1.702902 1.837638
2920000 0.821610 1.855594 2.002877
2930000 1.260121 1.754803 1.929274
2940000 1.085417 1.892777 1.816312
2950000 1.002434 1.688270 1.953670
2960000 1.458812 1.712410 1.875075
2970000 1.177266 1.790726 1.907999
2980000 1.476347 1.771592 1.972076
2990000 1.532090 1.644395 1.944916
3000000 1.413176 1.772825 1.922362
3010000 1.500777 1.755257 1.847266
3020000 1.549712 1.692585 1.895778
3030000 1.458132 1.693184 2.022928
3040000 1.209324 1.702223 2.041663
3050000 1.187245 1.770758 1.913059
3060000 1.057476 1.768137 1.974150
3070000 1.246662 1.754313 2.029170
3080000 1.371252 1.716860 1.898961
3090000 1.594463 1.821895 1.832881
3100000 1.541878 1.857675 2.001454
3110000 1.618527 1.673548 1.979602
3120000 1.746725 1.732407 1.850464
3130000 1.941326 1.711289 1.862308
3140000 1.611660 1.715782 1.826684
3150000 2.027122 1.628719 1.897180
3160000 1.958335 1.694689 1.811782
3170000 2.201654 1.614238 1.973638
3180000 2.350159 1.671316 1.975044
3190000 2.815164 1.813088 1.815197
3200000 3.600954 1.673159 1.945922
3210000 4.046332 1.682626 1.729304
3220000 4.023444 1.772261 1.930251
3230000 3.885336 1.707987 2.021113
3240000 4.243718 1.914663 1.964513
3250000 4.598154 1.737922 1.848146
3260000 4.865561 1.686439 1.921657
3270000 4.564840 1.622189 1.962712
3280000 4.435870 1.604987 1.950875
3290000 3.942703 1.861149 2.114732
3300000 3.082438 1.838144 1.892588
3310000 4.022566 1.744456 1.994034
3320000 3.786848 1.760321 1.933900
3330000 3.333135 1.716041 1.900686
3340000 3.384847 1.739952 1.968577
3350000 3.264531 1.760114 1.944397
3360000 2.866922 1.694775 1.873094
3370000 2.390098 1.780973 1.837988
3380000 2.394346 1.732414 1.965744
3390000 2.254837 1.770936 1.951781
3400000 2.905942 1.701816 1.794924
3410000 2.258425 1.764777 2.000119
3420000 2.241765 1.793631 1.789412
3430000 1.853777 1.870665 1.904872
3440000 2.529368 1.674803 1.890262
3450000 2.691872 1.687022 1.972749
3460000 3.013271 1.745352 1.850494
3470000 3.907316 1.719140 1.945087
3480000 4.175889 1.747711 1.929418
3490000 4.772401 1.660466 2.007828
3500000 4.326605 1.740729 1.850417
3510000 4.535212 1.738464 1.906840
3520000 4.154406 1.889675 1.876141
3530000 4.971970 1.692434 1.929484
3540000 4.902403 1.690874 1.984328
3550000 4.731920 1.688201 1.895524
3560000 4.981830 1.684865 1.885189
3570000 4.396026 1.844252 1.922926
3580000 4.571038 1.765032 1.951431
3590000 4.865875 1.633246 1.967455
3600000 4.449410 1.829599 1.950705
3610000 3.561870 1.808935 1.960404
3620000 3.642952 1.819877 1.900965
3630000 3.564866 1.677563 1.702807
3640000 3.542591 1.777962 1.976725
3650000 4.266163 1.724928 1.915977
3660000 4.189764 1.685327 1.841254
3670000 3.490433 1.622490 1.989935
3680000 2.983992 1.930735 1.976770
3690000 2.799624 1.843601 2.009612
3700000 3.146825 1.681044 1.866023
3710000 3.499947 1.834861 1.981962
3720000 4.011107 1.745007 1.869390
3730000 3.529581 1.651439 1.896506
3740000 3.080391 1.668089 1.949920
3750000 2.268606 1.701173 1.844787
3760000 2.852716 1.818916 1.816426
3770000 3.285220 1.752748 1.806606
3780000 3.058709 1.804675 1.915401
3790000 3.853960 1.887773 1.838109
3800000 4.326401 1.717595 1.940366
3810000 5.025052 1.688632 1.953582
3820000 4.750301 1.694912 1.961310
3830000 4.698830 1.744189 1.979665
3840000 4.435419 1.839352 1.811865
3850000 4.574842 1.644345 1.908097
3860000 5.065447 1.757342 1.890049
3870000 3.945790 1.811511 1.860950
3880000 4.880487 1.749830 1.859162
3890000 4.682454 1.847003 1.824840
3900000 3.600588 1.749033 1.993556
3910000 3.909334 1.536161 1.848111
3920000 3.121381 1.728027 1.839520
3930000 2.679205 1.744995 2.008752
3940000 2.687471 1.703775 2.042702
3950000 3.200456 1.773312 1.949210
