100000 0.757769 3.103027 2.714438
110000 0.781223 -3.037487 2.672130
120000 1.407851 -3.108094 2.664193
130000 1.121303 -3.062001 2.744207
140000 1.028914 -3.082390 2.673735
150000 1.261808 -3.025771 2.684698
160000 1.477191 3.024507 2.683382
170000 1.255387 3.103855 2.702371
180000 1.206028 3.102161 2.655278
190000 2.643573 -3.053738 2.648815
200000 4.549748 3.094233 2.595468
210000 4.941345 3.016163 2.503118
220000 4.581909 3.120461 2.676268
230000 4.070564 -3.080587 2.770974
240000 3.144594 -3.061415 2.686078
250000 3.873654 -3.051340 2.629569
260000 3.211544 2.982360 2.598477
270000 2.183399 -3.109973 2.761572
280000 3.413175 3.127329 2.686024
290000 4.216985 -3.077201 2.635447
300000 4.473937 3.094534 2.660132
310000 5.006853 3.137781 2.692839
320000 4.781825 3.123315 2.591286
330000 4.045778 3.125080 2.541476
340000 4.144420 -3.060479 2.512347
350000 4.436836 -3.095723 2.750513
360000 4.034083 3.069249 2.592652
370000 2.775806 3.017666 2.628691
380000 2.330678 -3.136883 2.637155
390000 2.201087 -3.008162 2.586419
400000 3.105358 -3.002851 2.518729
410000 3.022981 3.042563 2.777383
420000 3.633138 3.106029 2.787676
430000 4.053334 3.111558 2.572466
440000 4.588303 3.093161 2.489288
450000 4.672823 -3.091573 2.613287
460000 4.852560 3.100752 2.583406
470000 4.577871 -3.140578 2.566807
480000 3.527761 3.071168 2.599032
490000 2.679734 -3.125988 2.706629
500000 3.035928 3.119420 2.659219
510000 2.245005 3.125055 2.554307
520000 1.580762 3.113964 2.630614
530000 2.240052 3.121972 2.594558
540000 3.108106 3.080335 2.483140
550000 3.969651 -3.104322 2.578753
560000 3.761618 -3.110994 2.654393
570000 4.878289 -3.112748 2.558869
580000 4.611562 -3.139751 2.697145
590000 3.947697 -2.991711 2.664539
600000 3.049843 3.119847 2.703929
610000 2.850895 -3.115183 2.608140
620000 1.671739 -3.049776 2.666224
630000 2.653407 -3.100483 2.674306
640000 3.403517 3.103428 2.601166
650000 4.996206 -3.074021 2.638398
660000 3.676314 -3.017436 2.703492
670000 3.996742 -3.121462 2.598794
680000 2.938633 -3.141331 2.520219
690000 2.206323 -3.040322 2.559012
700000 1.483090 3.137010 2.668767
710000 1.012480 -3.132443 2.648382
720000 1.680436 3.003627 2.617661
730000 1.661780 3.130363 2.577270
740000 1.251448 3.073996 2.587692
750000 0.964595 -3.102272 2.761820
760000 0.795438 -3.081780 2.788242
770000 1.195424 -3.124684 2.524530
780000 0.899363 3.090496 2.668934
790000 1.511131 -3.125528 2.623950
800000 1.402342 3.137833 2.390138
810000 2.110916 3.008054 2.610205
820000 3.044566 3.086038 2.655014
830000 2.219719 3.104834 2.610947
840000 2.648741 -3.113178 2.576510
850000 2.709245 3.070486 2.608220
860000 2.060663 -3.043074 2.548785
870000 2.363548 3.100665 2.595500
880000 2.843615 3.118971 2.738185
890000 4.019318 3.134975 2.548680
900000 4.558812 3.071606 2.588815
910000 4.032337 -3.101542 2.721426
920000 3.944925 -3.025860 2.588128
930000 3.934295 3.082608 2.608754
940000 3.498388 -3.077482 2.573444
950000 2.463995 -3.084410 2.655181
960000 2.541172 -3.080411 2.590191
970000 2.952788 -3.137600 2.582236
980000 2.070243 -3.029617 2.618883
990000 1.588448 -3.096360 2.592973
1000000 1.046525 3.040943 2.460893
1010000 1.263616 3.090908 2.534851
1020000 0.632078 -3.015125 2.452225
1030000 0.719165 3.141545 2.656253
1040000 0.499273 -3.046630 2.645632
1050000 0.913735 -3.117445 2.726484
1060000 0.731330 3.124876 2.598160
1070000 1.086655 -3.122125 2.591391
1080000 0.938014 -3.005991 2.576289
1090000 0.985794 -3.081498 2.683587
1100000 0.856545 -3.058619 2.565278
1110000 1.165070 3.087509 2.666240
1120000 1.104453 -3.119586 2.529169
1130000 1.315271 -3.126609 2.684721
1140000 1.723536 -3.084261 2.489230
1150000 1.654117 -3.138632 2.556782
1160000 1.771897 -3.135676 2.702856
1170000 1.625575 3.026417 2.585991
1180000 2.649996 -3.036772 2.659425
1190000 2.087260 3.129827 2.648408
1200000 2.506117 3.113661 2.648858
1210000 3.030696 3.101597 2.635155
1220000 4.220840 -2.988343 2.607916
1230000 4.827693 3.102195 2.630157
1240000 4.952300 3.017744 2.533817
1250000 4.464952 -3.123605 2.621862
1260000 4.464932 3.140370 2.664487
1270000 3.805681 3.110621 2.608488
1280000 3.815962 -3.115666 2.587316
1290000 3.878589 -3.051466 2.665678
1300000 4.540271 -3.134922 2.670111
1310000 4.483691 3.062421 2.568349
1320000 4.159282 -3.045437 2.634732
1330000 4.670454 -3.079895 2.587467
1340000 4.547626 -3.091752 2.557815
1350000 3.658202 3.084853 2.647188
1360000 3.559522 3.054748 2.639600
1370000 4.607333 3.013587 2.575743
1380000 4.548058 3.115539 2.560099
1390000 4.121416 3.084898 2.634402
1400000 2.900571 3.122718 2.643975
1410000 2.924133 -3.131582 2.623110
1420000 2.608054 3.030959 2.541495
1430000 2.344584 3.102573 2.670311
1440000 3.417745 -3.105457 2.491376
1450000 4.695137 3.106327 2.589974
1460000 4.176794 -3.055320 2.691931
1470000 4.725431 3.133335 2.601105
1480000 3.376401 3.083350 2.618981
1490000 2.010753 -3.034803 2.483568
1500000 2.141710 3.061994 2.455966
1510000 2.377417 -3.041683 2.568463
1520000 2.432089 3.108006 2.524590
1530000 2.127066 3.036713 2.698437
1540000 1.654450 3.030556 2.497874
1550000 1.213600 -3.079299 2.504892
1560000 1.546405 3.098420 2.609076
1570000 1.478445 3.103584 2.529824
1580000 1.148228 -3.042668 2.503269
1590000 1.421479 3.131924 2.596575
1600000 1.466673 -3.045885 2.633838
1610000 1.027152 3.128680 2.697620
1620000 1.070575 -3.060714 2.567650
1630000 0.930597 -3.134768 2.572246
1640000 1.020909 -3.120021 2.576577
1650000 0.804941 3.117543 2.630607
1660000 0.634235 -3.112786 2.659126
1670000 0.624743 -3.090704 2.690024
1680000 0.725937 -3.046433 2.702126
1690000 0.850533 -3.068593 2.598287
1700000 0.775847 -3.078852 2.666670
1710000 0.944562 -3.100717 2.513308
1720000 1.501441 -3.130866 2.638749
1730000 2.023938 -3.078332 2.675669
1740000 2.878906 -3.065155 2.571766
1750000 3.295523 3.130017 2.448987
1760000 2.979490 3.108171 2.647120
1770000 3.014988 -3.074318 2.691284
1780000 3.989880 3.137025 2.575679
1790000 4.131771 -3.069496 2.612603
1800000 4.442080 3.032061 2.563200
1810000 4.566281 3.118103 2.545205
1820000 3.689029 3.116980 2.577522
1830000 4.709149 -3.112417 2.513629
1840000 4.665366 -3.008461 2.644204
1850000 4.726673 -3.123421 2.656717
1860000 3.836461 -2.994477 2.547057
1870000 3.278976 -3.132738 2.529885
1880000 3.013841 -3.058475 2.564886
1890000 3.761933 3.082968 2.700485
1900000 3.420222 -3.034136 2.549390
1910000 4.851388 3.084181 2.602523
1920000 4.141226 -3.108013 2.750022
1930000 3.916827 -3.016931 2.763508
1940000 3.202984 3.119880 2.557968
1950000 2.774205 3.007851 2.683768
1960000 2.975240 3.071910 2.577092
1970000 3.412544 3.109350 2.632384
1980000 4.173443 3.078658 2.573955
1990000 3.011680 3.085021 2.585818
2000000 2.401982 3.089280 2.721705
2010000 2.102258 3.141432 2.723369
2020000 1.901931 3.062144 2.658366
2030000 1.729739 3.110958 2.602912
2040000 1.648960 2.992324 2.730741
2050000 1.555034 3.111522 2.576018
2060000 1.997573 3.073870 2.681801
2070000 2.440364 -3.137816 2.563640
2080000 2.315294 3.048964 2.683072
2090000 2.937765 -3.042406 2.771208
2100000 2.757710 3.099693 2.531391
2110000 3.209740 3.125567 2.589513
2120000 3.131731 2.986753 2.547938
2130000 3.773761 3.108508 2.534791
2140000 3.625559 -3.078074 2.616491
2150000 4.483426 -3.042016 2.636726
2160000 4.272983 -3.135925 2.688288
2170000 3.132199 -3.132856 2.609047
2180000 2.193176 -3.106185 2.530436
2190000 2.255721 3.002121 2.543300
2200000 2.205534 3.117044 2.492929
2210000 2.081000 -3.045697 2.641565
2220000 1.688031 -3.114990 2.668758
2230000 1.222425 3.035407 2.610315
2240000 1.217421 -3.067818 2.637692
2250000 1.684431 -2.979011 2.709512
2260000 1.149908 3.140185 2.700672
2270000 1.054682 -3.081039 2.601228
2280000 1.038669 3.118513 2.613745
2290000 0.887618 -2.982781 2.682233
2300000 1.098068 3.120849 2.653513
2310000 1.326614 -2.970757 2.575521
2320000 1.015857 3.113086 2.691230
2330000 0.845834 2.990803 2.733101
2340000 1.677210 -3.086371 2.463763
2350000 1.825109 2.989458 2.546638
2360000 1.374089 -2.998239 2.598365
2370000 1.709729 3.130053 2.632833
2380000 2.064001 2.992685 2.596291
2390000 1.784557 3.084346 2.645911
2400000 1.773751 3.052154 2.591806
2410000 2.115886 3.086415 2.646693
2420000 2.347719 3.136378 2.641432
2430000 3.129594 3.086648 2.550360
2440000 4.062094 -3.083605 2.615524
2450000 4.992812 3.018475 2.641629
2460000 4.477820 3.029095 2.567555
2470000 5.028366 -3.081843 2.681756
2480000 4.056323 3.123316 2.639350
2490000 4.919583 3.066659 2.738110
2500000 4.340909 3.098481 2.666427
2510000 3.459964 -3.087237 2.542102
2520000 3.670442 -3.057625 2.557584
2530000 4.335823 -3.015745 2.564153
2540000 4.892425 -3.074094 2.703447
2550000 3.878227 3.135610 2.609699
2560000 3.564594 -3.094408 2.608433
2570000 2.896453 -3.121125 2.510895
2580000 3.017033 -3.033388 2.546724
2590000 3.676661 3.113234 2.591474
2600000 3.166048 3.062787 2.685765
2610000 3.655109 -3.138402 2.560476
2620000 3.438050 3.113364 2.593908
2630000 2.485803 -3.097421 2.628907
2640000 2.225517 -3.132264 2.626177
2650000 2.043985 3.100431 2.719406
2660000 1.988521 2.977383 2.664381
2670000 2.599141 -3.087193 2.661600
2680000 3.509404 -3.115632 2.675432
2690000 3.561984 -3.053555 2.654797
2700000 4.717163 -3.022881 2.585736
2710000 4.441373 -3.102681 2.635256
2720000 3.640298 -3.129595 2.474956
2730000 3.749931 -3.113984 2.602812
2740000 4.170981 3.111354 2.476410
2750000 3.684698 3.094983 2.619536
2760000 3.315340 3.116899 2.665155
2770000 2.900958 3.068767 2.566925
2780000 1.784063 3.092248 2.697646
2790000 1.749038 3.098361 2.734797
2800000 2.546594 -3.101852 2.594364
2810000 2.772363 3.065752 2.485495
2820000 2.739943 -3.132691 2.621755
2830000 4.175076 -3.112665 2.709189
2840000 4.839040 -3.135964 2.619609
2850000 3.179501 3.023574 2.801914
2860000 4.249446 3.046070 2.627708
2870000 4.652206 -3.085157 2.507730
2880000 4.184081 -3.018889 2.471989
2890000 3.500961 -3.126956 2.662611
2900000 2.858366 3.090426 2.564760
2910000 2.385620 3.048199 2.543102
2920000 2.758685 3.122621 2.564237
2930000 3.044565 -3.087587 2.733017
2940000 3.151081 -3.020891 2.533647
2950000 4.511688 3.132272 2.666477
2960000 4.474009 3.124047 2.639368
2970000 4.478281 -3.102688 2.565516
2980000 4.229228 3.116104 2.604166
2990000 4.874486 3.073304 2.627271
3000000 4.401529 -3.070347 2.590069
3010000 3.216868 3.090484 2.608589
3020000 3.783136 3.137804 2.545659
3030000 3.577875 3.076537 2.557028
3040000 3.326844 3.128287 2.620899
3050000 3.348910 -3.140502 2.672349
3060000 3.901188 3.093903 2.564517
3070000 3.828895 -2.997969 2.761637
3080000 4.845268 -3.087719 2.538653
3090000 4.598756 -3.010810 2.551756
3100000 5.019734 3.131531 2.652534
3110000 5.019036 -3.106296 2.619629
3120000 4.705932 -3.039694 2.642796
3130000 4.731705 -3.118475 2.552401
3140000 4.743401 -3.082262 2.525194
3150000 4.326527 -3.133420 2.508581
3160000 3.880146 -3.139227 2.612845
3170000 4.334672 3.134555 2.619976
3180000 4.225472 3.036202 2.710324
3190000 3.766605 -3.093762 2.607834
3200000 2.791648 3.139351 2.682187
3210000 2.527737 3.032532 2.597051
3220000 2.636193 3.132360 2.476331
3230000 2.424264 3.016837 2.591835
3240000 2.357873 3.095637 2.508414
3250000 2.015345 -3.090726 2.611552
3260000 2.238999 -3.087463 2.623584
3270000 2.007376 -3.126439 2.602689
3280000 1.835515 3.124257 2.598225
3290000 1.566093 3.130594 2.780703
3300000 1.818944 -3.086379 2.579030
3310000 1.511591 -3.116898 2.591631
3320000 1.550413 -3.113501 2.519966
3330000 1.499133 -3.057601 2.625690
3340000 1.482542 -3.128673 2.577642
3350000 1.224573 -3.086157 2.561427
3360000 1.265132 -3.134016 2.709720
3370000 1.256216 -3.118897 2.615455
3380000 1.217234 3.115674 2.616462
3390000 1.325531 -3.053461 2.660968
3400000 1.434270 -3.060839 2.543569
3410000 1.039255 3.060271 2.593485
3420000 0.835362 -3.077543 2.718765
3430000 0.788400 -3.124874 2.666111
3440000 0.590421 -2.991353 2.688692
3450000 0.587732 -3.073404 2.602295
3460000 0.666848 -3.073674 2.697215
3470000 0.782513 3.076763 2.646544
3480000 0.597593 -3.059162 2.532991
3490000 0.682397 -3.012507 2.508778
3500000 0.757455 -3.075250 2.438657
3510000 0.684188 2.939099 2.683026
3520000 0.919041 3.108324 2.615922
3530000 0.905068 3.104793 2.665313
3540000 0.945306 -3.055433 2.637603
3550000 1.022989 3.095346 2.589947
3560000 0.816262 -3.039039 2.688010
3570000 0.505083 -3.083898 2.661379
3580000 0.717452 -3.057759 2.732518
3590000 1.133756 -3.135896 2.581223
3600000 1.163933 -3.074421 2.569555
3610000 1.786252 -3.125461 2.522265
3620000 2.141646 3.022817 2.527828
3630000 3.248185 -3.118835 2.624324
3640000 3.785628 -3.107569 2.630118
3650000 3.053378 3.118854 2.731410
3660000 4.485011 3.138226 2.570437
3670000 3.244089 -3.016372 2.733545
3680000 4.152658 -3.129439 2.523326
3690000 4.243086 -3.097309 2.511495
3700000 4.932846 -3.057689 2.469734
3710000 4.790030 3.138460 2.608442
3720000 3.377748 -3.114220 2.598855
3730000 2.928485 3.100352 2.609482
3740000 2.471133 -3.103676 2.521409
3750000 2.162016 -3.099437 2.653880
3760000 2.093848 3.129741 2.562073
3770000 1.833621 -3.085529 2.655841
3780000 2.319343 -3.066077 2.597687
3790000 2.749348 3.019847 2.683248
3800000 3.711156 3.107102 2.685856
3810000 3.772102 -3.087766 2.653274
3820000 4.896488 3.088173 2.624156
3830000 4.747061 -3.129043 2.670043
3840000 4.874202 -3.138835 2.533378
3850000 3.951862 3.104597 2.538014
3860000 4.749463 -3.089350 2.455816
3870000 4.404901 -3.008954 2.632989
3880000 4.709404 3.122707 2.554159
3890000 4.108832 -3.074164 2.667923
3900000 3.419912 -3.045366 2.781880
3910000 3.023877 3.074231 2.619220
3920000 3.359081 -3.126056 2.520615
3930000 3.070502 -3.090736 2.466401
3940000 3.532533 3.046815 2.695008
3950000 2.708516 3.121621 2.621393
3960000 3.396033 3.109372 2.618007
3970000 3.487734 3.119616 2.573500
3980000 4.018789 3.136013 2.476186
3990000 4.160273 -3.016360 2.611413
4000000 4.442394 2.995488 2.595529
