100000 4.381747 1.804187 0.853159
110000 4.152659 1.659859 0.895942
120000 4.622061 1.757420 0.938007
130000 4.505061 1.754206 0.789703
140000 3.358132 1.766468 0.882790
150000 2.405817 1.689549 0.828825
160000 2.451391 1.741900 0.983612
170000 3.001347 1.733556 0.856382
180000 1.703306 1.611875 0.950236
190000 1.143264 1.767795 0.847691
200000 1.095817 1.705030 0.914126
210000 0.821576 1.771301 0.935627
220000 1.115840 1.575338 0.906107
230000 1.491205 1.782994 0.760709
240000 2.022566 1.692980 0.837818
250000 1.874700 1.659099 0.879223
260000 3.182058 1.667078 0.764259
270000 2.683180 1.718172 0.894717
280000 3.855952 1.810254 0.931028
290000 3.393807 1.752863 0.819217
300000 2.045289 1.553919 0.819242
310000 2.304893 1.831756 0.817869
320000 1.615949 1.767333 0.927985
330000 2.780850 1.692622 1.028282
340000 3.633062 1.679196 0.910978
350000 3.092778 1.807914 0.950019
360000 4.646563 1.735255 0.894776
370000 4.997996 1.787948 0.720987
380000 4.870369 1.757713 0.915747
390000 4.055777 1.829072 0.856253
400000 4.620750 1.703221 0.811591
410000 3.792384 1.785842 0.824741
420000 2.534271 1.780821 0.862541
430000 3.077709 1.693124 0.933272
440000 2.463028 1.739767 0.877962
450000 3.001980 1.761290 0.955597
460000 4.014724 1.611432 0.949162
470000 4.596902 1.625066 0.834958
480000 4.092961 1.681065 0.877510
490000 4.445018 1.711613 0.802374
500000 4.919847 1.926113 0.869209
510000 5.022594 1.701432 0.842699
520000 4.848057 1.730842 0.880025
530000 3.988633 1.666682 0.790236
540000 4.150123 1.838651 0.995512
550000 5.043855 1.788340 0.935201
560000 4.961069 1.688969 0.820474
570000 3.962849 1.778745 0.880417
580000 2.114669 1.718143 0.914292
590000 2.048794 1.872061 0.846001
600000 1.463860 1.823182 0.826630
610000 1.098269 1.638808 0.826800
620000 0.873251 1.751396 0.892744
630000 0.734788 1.768380 0.979433
640000 0.952807 1.863811 0.852877
650000 0.905781 1.797982 0.956828
660000 1.061926 1.772210 0.928898
670000 1.061109 1.693049 0.716936
680000 1.129090 1.756539 0.814440
690000 0.979176 1.661114 0.938274
700000 1.563612 1.814355 0.879807
710000 1.527114 1.719635 0.910516
720000 2.301100 1.564867 0.927675
730000 2.728856 1.803221 0.821847
740000 2.938439 1.874795 0.868996
750000 3.322083 1.721712 0.839461
760000 2.347001 1.714308 0.843810
770000 2.162101 1.767358 0.923944
780000 2.210802 1.826950 0.867147
790000 2.734227 1.873431 0.819354
800000 4.098978 1.773560 0.906500
810000 3.111203 1.740007 0.836044
820000 2.803868 1.730238 0.973765
830000 3.724002 1.707031 0.835124
840000 4.130254 1.640005 0.856163
850000 2.764173 1.676000 0.901229
860000 2.073117 1.703406 0.937446
870000 1.805966 1.810177 0.850548
880000 1.835863 1.731939 0.918266
890000 2.066888 1.750049 0.846355
900000 2.350349 1.659442 0.946710
910000 2.498647 1.796988 0.818034
920000 3.355741 1.838594 0.819926
930000 4.365944 1.764210 0.899888
940000 4.630326 1.659073 0.945203
950000 4.727261 1.746065 0.977498
960000 4.895716 1.622045 0.926691
970000 4.975622 1.780420 0.816809
980000 4.929859 1.636654 0.933213
990000 4.769301 1.783666 0.795246
1000000 3.562829 1.805132 0.760149
1010000 3.924421 1.725443 0.783405
1020000 3.553917 1.685392 0.877749
1030000 3.162779 1.801521 1.042142
1040000 2.225663 1.809384 0.841486
1050000 2.936783 1.688762 0.821789
1060000 3.241629 1.751831 0.807113
1070000 2.865898 1.921686 0.779605
1080000 2.066971 1.640916 0.925216
1090000 1.608093 1.863124 0.899161
1100000 1.687081 1.746789 0.929545
1110000 1.469692 1.825177 0.810643
1120000 1.365276 1.757445 0.921984
1130000 1.991778 1.704486 0.922301
1140000 2.024558 1.713445 0.900294
1150000 2.189787 1.671042 1.032175
1160000 1.687177 1.759857 0.990419
1170000 1.213972 1.555362 0.826781
1180000 1.242476 1.856090 0.856753
1190000 1.487248 1.894229 0.833409
1200000 1.154176 1.785360 0.777159
1210000 1.323560 1.763306 0.787228
1220000 1.814227 1.741891 0.792769
1230000 1.587434 1.707418 0.944323
1240000 1.574594 1.699509 0.971714
1250000 1.935772 1.844671 0.888581
1260000 1.831316 1.772566 0.896172
1270000 1.753695 1.756870 0.830093
1280000 2.563691 1.743994 0.887906
1290000 2.753312 1.824932 0.713121
1300000 3.356132 1.683157 0.817468
1310000 4.088846 1.725439 0.772784
1320000 4.602148 1.796429 0.906771
1330000 4.623492 1.813976 0.886475
1340000 4.251605 1.791100 0.980906
1350000 3.681001 1.618922 0.923452
1360000 3.631453 1.657299 0.859500
1370000 4.992721 1.667745 0.861073
1380000 4.527942 1.746918 0.932245
1390000 4.847281 1.681889 0.770397
1400000 4.632449 1.697191 0.936075
1410000 3.443328 1.776104 0.925675
1420000 2.993917 1.716283 0.785557
1430000 3.904178 1.712875 0.819673
1440000 3.555087 1.768375 0.864127
1450000 2.855611 1.866767 0.861783
1460000 2.666082 1.748091 0.940080
1470000 2.395690 1.558270 0.932593
1480000 3.280519 1.610917 0.839000
1490000 3.851381 1.726469 0.793263
1500000 4.175906 1.841668 0.990549
1510000 4.315336 1.717824 0.874429
1520000 5.023625 1.822690 0.866206
1530000 4.982514 1.724789 0.870075
1540000 4.873376 1.780539 0.821519
1550000 4.775217 1.763908 0.824537
1560000 4.800927 1.813480 0.999436
1570000 4.053539 1.763847 0.891864
1580000 3.876617 1.682610 0.865823
1590000 4.444035 1.614947 0.926803
1600000 4.128579 1.640932 0.923075
1610000 4.974317 1.684521 0.850577
1620000 5.026871 1.885872 0.857100
1630000 4.492688 1.863357 0.871155
1640000 3.745782 1.713949 0.971633
1650000 2.923324 1.805285 0.829074
1660000 3.725951 1.868416 0.871952
1670000 4.632830 1.706131 0.970724
1680000 5.027225 1.809334 0.877234
1690000 4.663740 1.959450 0.860141
1700000 4.814902 1.628923 0.802620
1710000 4.281302 1.741730 0.802759
1720000 4.665091 1.680390 0.679967
1730000 4.075863 1.654043 0.828416
1740000 2.982353 1.815261 0.819775
1750000 2.471619 1.841776 1.017804
1760000 2.565204 1.804908 1.047429
1770000 2.153369 1.757572 0.919689
1780000 2.192313 1.772769 0.823786
1790000 2.092526 1.838750 0.979731
1800000 2.381850 1.741583 0.925913
1810000 3.019213 1.724331 0.906964
1820000 2.713946 1.730175 0.765069
1830000 2.601350 1.651784 0.861422
1840000 2.184806 1.869334 0.718419
1850000 2.276067 1.739269 0.813188
1860000 2.837731 1.847826 0.916914
1870000 2.869050 1.664407 0.892982
1880000 3.419202 1.738474 0.874064
1890000 3.281158 1.665423 0.861076
1900000 4.220940 1.798017 0.934909
1910000 5.073071 1.676961 0.845831
1920000 3.935077 1.724827 0.912990
1930000 3.305969 1.719735 0.929688
1940000 3.652344 1.762186 0.861070
1950000 2.923873 1.738707 0.957030
1960000 2.757238 1.729521 0.964012
1970000 1.805172 1.715944 0.958490
1980000 2.500881 1.647219 0.962010
1990000 3.029465 1.710992 0.939805
2000000 3.762301 1.714769 0.887856
2010000 3.926925 1.681090 0.833186
2020000 4.674750 1.735040 0.916132
2030000 4.270660 1.820823 0.888666
2040000 4.328555 1.794773 0.801342
2050000 4.157004 1.843891 0.779861
2060000 4.085351 1.747529 0.877559
2070000 3.132457 1.615410 0.963919
2080000 2.909310 1.740233 0.886893
2090000 2.922085 1.799758 0.803257
2100000 3.990641 1.812198 0.777474
2110000 3.488382 1.789273 0.881447
2120000 2.480472 1.662329 0.703966
2130000 2.431650 1.804826 0.950490
2140000 2.899318 1.786751 0.865620
2150000 2.714841 1.733837 0.847377
2160000 3.569905 1.766593 0.996515
2170000 2.793888 1.762699 0.879254
2180000 3.759605 1.736772 0.870852
2190000 3.978412 1.830478 0.820113
2200000 4.148065 1.699740 0.968757
2210000 4.955875 1.730784 0.875742
2220000 4.549737 1.764481 0.832331
2230000 4.361682 1.863152 0.935362
2240000 4.405157 1.722716 0.972744
2250000 3.817607 1.649706 0.798959
2260000 3.688473 1.838571 0.905778
2270000 3.368301 1.846982 0.864575
2280000 3.985701 1.711898 0.893722
2290000 4.032721 1.702823 0.961049
2300000 4.545524 1.730277 0.830888
2310000 4.048895 1.843282 0.700915
2320000 2.510952 1.804729 0.796632
2330000 3.313112 1.717872 0.778927
2340000 3.954853 1.845204 0.932745
2350000 3.671810 1.595280 0.713323
2360000 2.397373 1.800925 0.925104
2370000 1.731752 1.906425 0.853710
2380000 1.434838 1.786168 0.871286
2390000 1.970999 1.802649 0.849285
2400000 2.000003 1.705281 0.855735
2410000 1.843229 1.722123 0.931873
2420000 1.592247 1.902166 0.823864
2430000 1.966440 1.698784 0.881028
2440000 2.115543 1.734469 0.757812
2450000 2.076958 1.708012 0.847539
2460000 1.728942 1.723910 0.907530
2470000 1.754193 1.785658 0.859212
2480000 1.188619 1.948718 0.805590
2490000 0.987956 1.809291 0.957567
2500000 1.237383 1.789740 0.884397
2510000 1.074466 1.771719 0.869495
2520000 1.329715 1.822423 0.989536
2530000 1.387892 1.638724 0.838767
2540000 1.072482 1.807439 0.950364
2550000 1.288919 1.655620 0.975113
2560000 1.519741 1.791762 0.867960
2570000 1.137928 1.774749 0.873745
2580000 1.758041 1.819829 0.721199
2590000 1.875278 1.725909 0.819219
2600000 2.267159 1.647335 0.850401
2610000 1.807552 1.735177 0.907222
2620000 1.502175 1.748113 0.957678
2630000 1.189932 1.695297 0.896036
2640000 0.895884 1.761804 1.008166
2650000 0.891692 1.753816 0.534306
2660000 0.975704 1.721315 0.826567
2670000 1.094296 1.836473 0.808316
2680000 1.181305 1.840939 0.826698
2690000 1.073850 1.848922 0.893267
2700000 0.789852 1.895783 0.822020
2710000 1.152732 1.786051 0.842557
2720000 1.312277 1.734347 0.940272
2730000 1.303707 1.782600 0.815559
2740000 1.536226 1.642845 0.854067
2750000 1.612601 1.806286 0.879577
2760000 1.701197 1.748751 0.955956
2770000 1.964374 1.731995 1.132608
2780000 1.969553 1.628100 0.919141
2790000 2.430283 1.760384 0.936282
2800000 2.643855 1.689455 0.846889
2810000 2.967853 1.770946 0.894923
2820000 3.121537 1.732189 0.997271
2830000 2.716099 1.674275 0.875362
2840000 2.835207 1.765813 0.840949
2850000 2.939493 1.954488 0.830710
2860000 3.015352 1.737366 0.846934
2870000 3.554145 1.715325 0.919785
2880000 4.458577 1.781343 0.903831
2890000 3.937616 1.731248 0.961054
2900000 4.996891 1.795090 0.726000
2910000 4.838733 1.655334 0.992184
2920000 4.408771 1.619267 0.977994
2930000 4.738525 1.683695 0.946823
2940000 4.438835 1.817901 0.872369
2950000 4.520988 1.664747 1.001113
2960000 3.588422 1.669001 0.998523
2970000 3.568425 1.593553 0.902356
2980000 4.198860 1.742121 0.776689
2990000 5.018999 1.805259 0.775262
3000000 4.592454 1.716789 0.948499
3010000 3.818179 1.756089 0.851023
3020000 4.256438 1.728783 0.888885
3030000 4.751265 1.682736 1.060818
3040000 4.766683 1.650650 0.812479
3050000 5.032632 1.693777 0.855483
3060000 3.473854 1.828031 0.963508
3070000 3.360094 1.781687 0.904427
3080000 3.278915 1.728876 0.864945
3090000 3.313024 1.766877 0.981391
3100000 2.996232 1.872874 0.842480
3110000 2.635489 1.723948 1.046110
3120000 2.344800 1.829906 0.908686
3130000 2.324840 1.711996 0.946414
3140000 2.246940 1.844431 0.864418
3150000 2.060529 1.913530 0.896313
3160000 2.422938 1.747241 0.877969
3170000 2.108355 1.766173 0.789802
3180000 2.773547 1.828636 0.852580
3190000 2.925643 1.671699 0.762177
3200000 2.746315 1.787386 0.867005
3210000 3.870289 1.702899 0.813486
3220000 4.171480 1.801939 0.835105
3230000 4.905083 1.723625 1.029126
3240000 4.017827 1.686543 0.884515
3250000 3.654702 1.793017 0.898341
3260000 3.961637 1.742427 0.867749
3270000 4.429311 1.671936 0.940016
3280000 4.105070 1.855605 0.917204
3290000 3.961246 1.675252 0.964478
3300000 2.664749 1.755740 0.800393
3310000 2.490778 1.741834 0.870725
3320000 2.972622 1.841683 0.801940
3330000 2.884387 1.757674 0.869434
3340000 2.615767 1.841200 0.918938
3350000 3.162855 1.847455 0.955078
3360000 2.462532 1.805620 0.785324
3370000 2.254627 1.696941 0.756652
3380000 2.942342 1.710332 0.856675
3390000 3.136472 1.756801 0.884436
3400000 4.874791 1.623067 0.877147
3410000 4.991989 1.647846 0.983617
3420000 4.415446 1.795430 0.800535
3430000 4.887858 1.763322 0.899203
3440000 4.539706 1.691360 0.949151
3450000 3.913144 1.760730 1.052592
3460000 5.039561 1.862367 0.969445
3470000 4.766551 1.698389 0.897121
3480000 4.807570 1.814403 0.867748
3490000 4.694183 1.745491 0.874536
3500000 4.742711 1.721352 0.805743
3510000 3.884083 1.798314 0.901639
3520000 3.479449 1.778145 0.885880
3530000 3.811034 1.619655 0.856365
3540000 3.232408 1.762444 1.013108
3550000 2.768100 1.819048 0.843713
3560000 3.891045 1.567332 0.949299
3570000 3.765588 1.689646 0.865824
3580000 3.224665 1.686166 0.854090
3590000 4.326022 1.775463 0.920001
3600000 5.051379 1.720556 0.933141
3610000 4.992083 1.773538 0.816897
3620000 4.036005 1.786561 0.849004
3630000 3.102529 1.751933 0.808312
3640000 3.254425 1.718595 1.034266
3650000 2.851936 1.723897 0.738986
3660000 2.703372 1.777076 0.891280
3670000 2.489272 1.749793 0.823919
3680000 2.191857 1.900877 0.881892
3690000 2.005120 1.720166 0.790732
3700000 2.396683 1.934674 0.966588
3710000 2.255929 1.709076 0.917134
3720000 2.378376 1.774302 0.936623
3730000 2.476870 1.838395 0.876285
3740000 1.625040 1.879114 0.863974
3750000 1.593481 1.658053 0.915910
3760000 1.703626 1.631294 0.854158
3770000 1.964986 1.754402 0.723834
3780000 2.425937 1.633391 0.705430
3790000 1.886702 1.707919 0.911366
