100000 3.325328 1.794744 0.803300
110000 2.317131 1.766218 0.699555
120000 1.533813 1.686998 0.734630
130000 1.184252 1.878263 0.712036
140000 0.971325 1.708717 0.686886
150000 1.487021 1.797604 0.700278
160000 1.542306 1.746583 0.839395
170000 1.805583 1.744308 0.748775
180000 1.716331 1.775855 0.759743
190000 2.826174 1.578539 0.643669
200000 3.235594 1.738135 0.671698
210000 4.021000 1.757900 0.643484
220000 2.678256 1.675932 0.720778
230000 2.562158 1.810123 0.738225
240000 3.288626 1.836226 0.630444
250000 4.388844 1.791982 0.765213
260000 4.700538 1.741398 0.841220
270000 4.128266 1.761949 0.699781
280000 4.207907 1.720131 0.717297
290000 3.920111 1.702334 0.745975
300000 2.826998 1.787805 0.683876
310000 1.971120 1.715726 0.633736
320000 1.614818 1.754260 0.670298
330000 1.489622 1.673516 0.805709
340000 1.635166 1.707295 0.577000
350000 0.879096 1.744159 0.797314
360000 0.936687 1.756559 0.777907
370000 1.244121 1.714821 0.722366
380000 1.110147 1.754429 0.801821
390000 1.426705 1.652633 0.594876
400000 2.012612 1.695605 0.769719
410000 2.732293 1.604166 0.732391
420000 2.203126 1.670889 0.737384
430000 1.748882 1.768501 0.758064
440000 2.505150 1.643770 0.704112
450000 3.282026 1.904122 0.713248
460000 4.778730 1.738198 0.693243
470000 4.033702 1.769632 0.724663
480000 3.451685 1.867094 0.738862
490000 3.031214 1.659863 0.745432
500000 2.183522 1.844909 0.657160
510000 2.420042 1.721330 0.727737
520000 3.958301 1.678327 0.659593
530000 4.515203 1.805676 0.691175
540000 4.481757 1.712019 0.810660
550000 3.494517 1.813993 0.665846
560000 3.720692 1.812382 0.754339
570000 4.860405 1.820689 0.638045
580000 4.105423 1.782235 0.813544
590000 4.409315 1.809090 0.681351
600000 4.265647 1.758850 0.662749
610000 3.440344 1.774263 0.731296
620000 2.607245 1.606878 0.651828
630000 2.196976 1.799985 0.637125
640000 2.526332 1.651046 0.716859
650000 2.534016 1.677474 0.738546
660000 2.109284 1.665705 0.786152
670000 1.730034 1.773749 0.648587
680000 1.289811 1.705031 0.717757
690000 1.080986 1.804586 0.704672
700000 1.353209 1.681320 0.796764
710000 1.472136 1.713783 0.720442
720000 1.634080 1.565228 0.727364
730000 1.371818 1.789046 0.575671
740000 1.773263 1.815461 0.848946
750000 1.924292 1.666128 0.633098
760000 2.170637 1.674950 0.696432
770000 2.366051 1.771188 0.718253
780000 2.493081 1.693424 0.826139
790000 3.204860 1.731382 0.647612
800000 3.961042 1.806829 0.765551
810000 4.357346 1.852261 0.819466
820000 4.087505 1.654008 0.582847
830000 3.421055 1.820717 0.747776
840000 4.013679 1.609211 0.677734
850000 4.311798 1.874392 0.742864
860000 4.194801 1.842668 0.685646
870000 2.996300 1.851926 0.706186
880000 3.901780 1.768970 0.793354
890000 3.090865 1.713136 0.753589
900000 3.355779 1.788480 0.835711
910000 2.252290 1.802688 0.688475
920000 3.321389 1.764529 0.833071
930000 4.031372 1.724182 0.637340
940000 3.665138 1.716603 0.812290
950000 4.517138 1.887185 0.830731
960000 4.867201 1.778598 0.727785
970000 4.352663 1.875479 0.690218
980000 4.822626 1.733279 0.723005
990000 4.551292 1.701259 0.718985
1000000 3.344067 1.721125 0.710098
1010000 2.875481 1.750260 0.657928
1020000 2.180798 1.789979 0.613235
1030000 2.223911 1.775953 0.616722
1040000 2.078015 1.709696 0.767544
1050000 2.967841 1.572750 0.785329
1060000 3.006529 1.762153 0.691386
1070000 3.400897 1.785345 0.727273
1080000 3.746221 1.615489 0.872407
1090000 4.848356 1.673550 0.697261
1100000 3.262916 1.691514 0.737627
1110000 3.367398 1.693115 0.746150
1120000 2.000424 1.776859 0.732959
1130000 1.719513 1.854481 0.674265
1140000 1.723052 1.767593 0.701270
1150000 1.046054 1.793261 0.647344
1160000 1.009619 1.810041 0.639799
1170000 1.021762 1.720063 0.168035
1180000 0.691656 1.797054 0.755093
1190000 0.764320 1.864088 0.683875
1200000 0.857929 1.766070 0.586491
1210000 1.081376 1.843901 0.671078
1220000 1.509771 1.622171 0.792135
1230000 1.419824 1.676562 0.696590
1240000 1.183485 1.713375 0.673006
1250000 1.540472 1.774748 0.706151
1260000 1.486347 1.704144 0.771482
1270000 1.522833 1.666423 0.793482
1280000 1.912283 1.864520 0.651369
1290000 1.742652 1.665111 0.799096
1300000 2.386374 1.843881 0.704832
1310000 2.376681 1.706933 0.693664
1320000 1.520791 1.825805 0.674121
1330000 1.838696 1.828913 0.670302
1340000 1.970802 1.791541 0.707310
1350000 2.595347 1.766283 0.747480
1360000 2.527322 1.670445 0.743725
1370000 4.032539 1.683975 0.716768
1380000 4.471585 1.768083 0.623531
1390000 4.480241 1.740873 0.623236
1400000 3.590448 1.760609 0.706232
1410000 3.731818 1.721343 0.650733
1420000 3.583505 1.752796 0.631938
1430000 4.611862 1.750196 0.753547
1440000 4.521118 1.634724 0.691943
1450000 4.975125 1.722383 0.662271
1460000 4.308849 1.816258 0.784565
1470000 4.725752 1.733977 0.696446
1480000 3.488819 1.772979 0.676127
1490000 2.699189 1.802629 0.870299
1500000 3.199535 1.714855 0.620172
1510000 3.530749 1.811168 0.739492
1520000 3.885590 1.764764 0.842307
1530000 2.565558 1.823252 0.556877
1540000 2.577073 1.651600 0.752295
1550000 2.313749 1.749158 0.746574
1560000 2.721995 1.882041 0.660143
1570000 2.976234 1.759171 0.707602
1580000 3.337247 1.753957 0.652726
1590000 2.887977 1.775704 0.716012
1600000 3.934382 1.807375 0.602520
1610000 3.991947 1.622253 0.693889
1620000 3.612694 1.739429 0.758015
1630000 4.627342 1.731540 0.699987
1640000 4.887526 1.807203 0.681383
1650000 4.549733 1.703338 0.721786
1660000 3.956466 1.763871 0.645193
1670000 4.563701 1.656968 0.613400
1680000 4.009234 1.852758 0.642501
1690000 3.705828 1.893874 0.579789
1700000 3.060630 1.759551 0.536648
1710000 2.575206 1.729762 0.552325
1720000 2.943680 1.628638 0.623882
1730000 2.288218 1.848728 0.727079
1740000 2.198972 1.777429 0.770815
1750000 1.939904 1.776169 0.732494
1760000 2.321111 1.793957 0.733768
1770000 3.115211 1.870306 0.690852
1780000 1.668477 1.780573 0.708143
1790000 1.898162 1.855150 0.797308
1800000 1.250622 1.843551 0.670266
1810000 1.492679 1.684687 0.719369
1820000 1.460059 1.689659 0.696255
1830000 1.831397 1.695051 0.721809
1840000 1.674225 1.631579 0.787569
1850000 1.785048 1.722223 0.702952
1860000 1.824331 1.648739 0.781357
1870000 2.161957 1.885686 0.796111
1880000 2.600115 1.750295 0.647837
1890000 2.091153 1.766661 0.749414
1900000 3.290505 1.728804 0.790273
1910000 4.231109 1.688959 0.766827
1920000 4.015363 1.718951 0.659514
1930000 4.864461 1.761375 0.703993
1940000 4.961620 1.719405 0.613738
1950000 4.114312 1.744344 0.546202
1960000 4.740097 1.755712 0.614263
1970000 4.331127 1.748915 0.687648
1980000 3.660292 1.803301 0.725574
1990000 3.255840 1.668101 0.797330
2000000 3.542997 1.705042 0.680573
2010000 4.838282 1.658670 0.588367
2020000 4.826642 1.808380 0.708638
2030000 4.945142 1.690366 0.773305
2040000 4.918135 1.704799 0.763501
2050000 4.944313 1.782690 0.812830
2060000 4.691756 1.608110 0.734921
2070000 4.361145 1.709026 0.715745
2080000 4.032727 1.885205 0.639675
2090000 3.848277 1.766509 0.718791
2100000 4.771215 1.658391 0.455051
2110000 3.584814 1.707831 0.726795
2120000 2.894294 1.770332 0.648388
2130000 2.858883 1.802792 0.625676
2140000 2.371411 1.906296 0.664647
2150000 2.730657 1.855899 0.705854
2160000 3.589381 1.752668 0.601122
2170000 3.698300 1.749215 0.809757
2180000 3.579278 1.764762 0.590241
2190000 3.167910 1.732549 0.701364
2200000 2.340713 1.672581 0.541602
2210000 2.282821 1.775336 0.647378
2220000 2.197988 1.706752 0.811657
2230000 2.062868 1.774530 0.598243
2240000 1.801438 1.692840 0.690465
2250000 2.689141 1.707988 0.719176
2260000 2.941436 1.598187 0.659648
2270000 2.920395 1.722745 0.663919
2280000 3.682727 1.739753 0.494352
2290000 3.567561 1.715233 0.743870
2300000 3.877168 1.837620 0.776891
2310000 5.014410 1.737231 0.653054
2320000 4.689965 1.834235 0.567753
2330000 4.826272 1.690005 0.682042
2340000 4.665283 1.794205 0.712990
2350000 3.866184 1.677812 0.723647
2360000 4.546040 1.711369 0.578412
2370000 4.086513 1.639271 0.592395
2380000 3.832513 1.748693 0.718537
2390000 3.450064 1.802578 0.721636
2400000 4.198964 1.690476 0.544642
2410000 4.721784 1.646464 0.559175
2420000 4.381726 1.727020 0.680641
2430000 4.101612 1.700409 0.697793
2440000 4.997383 1.729737 0.626161
2450000 4.947940 1.630998 0.778283
2460000 4.125506 1.771029 0.682774
2470000 3.765216 1.765464 0.648741
2480000 2.718352 1.778713 0.550856
2490000 3.041228 1.761276 0.706664
2500000 2.531844 1.724276 0.712054
2510000 2.088943 1.755949 0.720277
2520000 2.202617 1.811413 0.715592
2530000 2.535994 1.737202 0.682186
2540000 2.345194 1.741254 0.702115
2550000 2.354846 1.641138 0.835935
2560000 2.251553 1.677746 0.778636
2570000 2.226732 1.760738 0.712666
2580000 1.795962 1.730701 0.748801
2590000 1.437589 1.892975 0.875283
2600000 1.058550 1.792903 0.772418
2610000 0.897567 1.762089 0.698619
2620000 0.898631 1.852720 0.679474
2630000 1.276462 1.731164 0.792161
2640000 0.928596 1.759439 0.667468
2650000 1.247823 1.734024 0.787118
2660000 1.375608 1.710610 0.646381
2670000 1.355417 1.860744 0.716264
2680000 1.439981 1.790536 0.656678
2690000 1.297808 1.764597 0.795629
2700000 1.751511 1.712166 0.705615
2710000 1.638468 1.811207 0.858900
2720000 1.800549 1.827549 0.774983
2730000 1.315411 1.800473 0.700364
2740000 1.285923 1.714286 0.570584
2750000 1.264236 1.861146 0.565391
2760000 0.586854 1.794823 0.630370
2770000 0.852692 1.893140 0.727389
2780000 0.642194 1.738403 0.727670
2790000 0.951830 1.779848 0.686906
2800000 0.978830 1.827702 0.718525
2810000 0.991051 1.796241 0.630515
2820000 1.104914 1.719498 0.722726
2830000 0.944812 1.663253 0.585690
2840000 0.713284 1.872159 0.694535
2850000 0.800813 1.858615 0.850065
2860000 1.159497 1.702008 0.653290
2870000 0.981209 1.684030 0.623288
2880000 1.134930 1.689623 0.556328
2890000 1.321868 1.727366 0.715802
2900000 1.816882 1.763565 0.659128
2910000 1.770100 1.786231 0.732506
2920000 1.727790 1.795696 0.746879
2930000 1.620240 1.857159 0.578038
2940000 1.655461 1.885700 0.742675
2950000 1.883089 1.685029 0.688821
2960000 1.865760 1.866186 0.626752
2970000 2.034789 1.676751 0.694372
2980000 2.231150 1.734127 0.657763
2990000 2.695698 1.754081 0.677520
3000000 2.409633 1.785573 0.690180
3010000 3.182348 1.656460 0.718437
3020000 3.569691 1.755322 0.697790
3030000 3.163594 1.744736 0.700168
3040000 3.091655 1.799864 0.786928
3050000 3.571574 1.856319 0.780948
3060000 4.471420 1.757750 0.706331
3070000 3.989135 1.752939 0.643375
3080000 4.518692 1.784543 0.754851
3090000 4.888947 1.667067 0.620027
3100000 4.545657 1.719758 0.788011
3110000 4.054945 1.875943 0.806887
3120000 3.962316 1.711506 0.643995
3130000 2.990597 1.802679 0.694081
3140000 3.192210 1.776660 0.808177
3150000 2.486515 1.863656 0.623699
3160000 2.439667 1.861691 0.798552
3170000 2.804163 1.808540 0.604561
3180000 3.036272 1.762297 0.673346
3190000 3.241071 1.772194 0.605066
3200000 4.101813 1.643087 0.655177
3210000 4.340658 1.644389 0.777168
3220000 4.519306 1.688301 0.743325
3230000 4.851912 1.682225 0.693715
3240000 3.713066 1.714344 0.709793
3250000 3.884193 1.766736 0.585799
3260000 4.259840 1.564740 0.651365
3270000 4.937031 1.581420 0.767837
3280000 4.499278 1.712321 0.560428
3290000 3.936282 1.698995 0.615878
3300000 4.156575 1.698946 0.720735
3310000 4.336269 1.873988 0.780706
3320000 3.348382 1.738716 0.887367
3330000 2.728606 1.750930 0.683139
3340000 2.897526 1.830070 0.683122
3350000 2.339376 1.683996 0.602068
3360000 2.178862 1.654031 0.627378
3370000 2.197625 1.796208 0.583345
3380000 1.907917 1.800160 0.750392
3390000 2.590334 1.712958 0.631779
3400000 3.127633 1.819956 0.657564
3410000 3.797358 1.667514 0.691605
3420000 4.635297 1.773681 0.603091
3430000 4.869851 1.681317 0.648341
3440000 5.035669 1.748641 0.871273
3450000 4.890604 1.759166 0.647189
3460000 3.440560 1.695293 0.768644
3470000 4.236588 1.815971 0.624645
3480000 4.798172 1.678238 0.788860
3490000 4.925286 1.787959 0.773598
3500000 4.080944 1.764249 0.787097
3510000 4.245445 1.733008 0.665832
3520000 4.228383 1.673333 0.624822
3530000 4.242677 1.732319 0.647849
3540000 4.301049 1.737247 0.784951
3550000 4.745059 1.716642 0.810209
3560000 4.754043 1.658960 0.802489
3570000 3.832615 1.886329 0.700045
3580000 3.258143 1.711853 0.655957
3590000 3.099295 1.763565 0.736828
3600000 3.377655 1.734135 0.651537
3610000 2.843933 1.741069 0.790849
3620000 2.436258 1.764489 0.625154
3630000 2.645288 1.737455 0.666358
3640000 2.862517 1.808672 0.624633
3650000 3.256111 1.747786 0.702172
3660000 2.980661 1.851270 0.787743
3670000 4.016619 1.670706 0.826414
3680000 3.720215 1.759659 0.728300
3690000 3.981110 1.723250 0.779049
3700000 3.137555 1.699863 0.742192
3710000 2.792013 1.719633 0.765290
3720000 3.034486 1.729773 0.634691
3730000 3.354731 1.682619 0.619204
3740000 3.010423 1.766627 0.583067
3750000 3.897188 1.802953 0.639512
3760000 3.838780 1.730590 0.642935
3770000 4.992461 1.867525 0.798332
3780000 4.498595 1.825947 0.634425
3790000 4.674719 1.775984 0.652147
3800000 3.862059 1.740856 0.706146
3810000 4.640464 1.650537 0.713465
3820000 4.891623 1.738245 0.719452
3830000 5.053462 1.807852 0.631797
3840000 4.070876 1.736134 0.770148
3850000 3.593543 1.813807 0.576730
3860000 3.842461 1.872190 0.664169
3870000 2.566321 1.780941 0.756688
3880000 2.175799 1.696287 0.733002
3890000 2.022617 1.687999 0.623684
3900000 1.994512 1.712026 0.712190
3910000 1.545736 1.701908 0.767242
3920000 1.478365 1.871378 0.856818
3930000 1.741642 1.832693 0.718567
3940000 1.569149 1.773824 0.870694
3950000 1.301478 1.790595 0.788210
3960000 1.171609 1.610229 0.666081
3970000 1.235483 1.910574 0.714966
3980000 1.372311 1.650403 0.657677
