100000 3.970400 1.569732 3.084811
110000 4.378175 1.480255 2.946393
120000 3.372235 1.589194 2.997945
130000 2.731841 1.703519 2.944154
140000 3.680313 1.509968 3.023297
150000 2.524146 1.537491 2.908433
160000 1.918497 1.631280 3.042237
170000 2.738733 1.564021 2.923645
180000 3.951181 1.632829 2.984995
190000 4.454345 1.563386 2.899257
200000 3.319195 1.669302 2.999963
210000 3.457788 1.592528 2.999153
220000 3.965537 1.612034 2.929941
230000 3.638743 1.427621 3.106704
240000 4.325325 1.636487 3.019814
250000 4.661615 1.818881 3.028414
260000 4.550482 1.622298 3.012224
270000 3.291897 1.658347 2.963071
280000 2.770008 1.461503 3.034343
290000 3.867972 1.574919 3.055856
300000 3.045889 1.574652 3.008706
310000 2.840414 1.546396 2.918696
320000 2.243293 1.683756 2.937410
330000 1.895033 1.617017 2.998041
340000 1.528175 1.507939 2.916339
350000 1.882433 1.627897 3.017657
360000 2.093594 1.590437 3.049563
370000 1.386693 1.611850 3.060946
380000 0.860447 1.536015 -3.119091
390000 0.850422 1.572293 3.052929
400000 1.268787 1.593298 2.928725
410000 1.186861 1.611444 3.049680
420000 1.039278 1.582682 3.088395
430000 0.945197 1.524113 2.940786
440000 0.964128 1.631022 2.941168
450000 0.947874 1.553449 2.983750
460000 1.732587 1.577732 2.970580
470000 1.623809 1.571362 2.955530
480000 1.919899 1.556401 2.899499
490000 2.961328 1.543508 3.019063
500000 3.679044 1.548381 3.021888
510000 3.025443 1.519881 2.949987
520000 4.205131 1.603886 2.910756
530000 4.006858 1.564136 2.954314
540000 3.412162 1.529584 2.862956
550000 3.243467 1.510706 3.033751
560000 2.729672 1.565959 2.867812
570000 2.384561 1.482113 2.927782
580000 2.353627 1.538877 3.081219
590000 3.021606 1.699298 3.112311
600000 2.590786 1.597227 2.975398
610000 1.702606 1.636333 2.897887
620000 2.491124 1.644210 -3.104602
630000 2.895064 1.563263 3.023035
640000 3.680389 1.413540 3.045446
650000 4.269500 1.591851 2.976485
660000 4.046652 1.605908 3.002628
670000 4.602334 1.554698 2.886869
680000 3.442163 1.587931 3.048410
690000 4.554770 1.595724 2.862701
700000 4.349379 1.546141 3.005686
710000 3.817185 1.705958 3.037076
720000 3.241111 1.557591 2.910940
730000 3.813345 1.504491 3.088875
740000 3.776776 1.534606 3.071018
750000 3.162980 1.565716 3.106661
760000 2.520823 1.522701 3.004437
770000 1.879026 1.614468 2.929054
780000 1.499322 1.671603 2.984938
790000 1.856679 1.704993 2.894688
800000 2.162502 1.416144 2.997113
810000 1.400918 1.580632 2.864237
820000 1.571891 1.521341 2.853434
830000 1.513257 1.520692 2.928738
840000 2.160156 1.558540 2.879117
850000 2.132490 1.526631 2.943731
860000 2.432083 1.545272 2.849903
870000 3.413603 1.480973 2.791740
880000 4.186520 1.489465 3.072275
890000 4.235982 1.577629 2.955265
900000 4.714893 1.609356 2.939465
910000 4.882118 1.640883 2.963636
920000 4.605165 1.574648 3.042282
930000 3.758152 1.651695 2.924252
940000 3.787894 1.641229 3.011164
950000 3.292242 1.496974 2.892672
960000 2.669861 1.345919 2.963957
970000 2.477362 1.627577 3.013951
980000 3.606117 1.564212 2.866468
990000 5.007212 1.605648 2.985354
1000000 5.008525 1.582030 2.958233
1010000 4.474244 1.581490 3.038978
1020000 3.741435 1.642168 2.894355
1030000 4.484411 1.528014 2.878952
1040000 3.601518 1.554811 3.034561
1050000 4.469026 1.591358 2.899249
1060000 5.040798 1.538226 2.950010
1070000 5.000830 1.574256 2.933085
1080000 4.590929 1.630097 2.978069
1090000 4.665260 1.539924 3.008454
1100000 5.043596 1.657340 2.851081
1110000 3.405630 1.607871 2.955947
1120000 3.814564 1.481169 2.968451
1130000 2.843255 1.512296 2.948438
1140000 2.065322 1.590413 2.957711
1150000 2.514577 1.433155 2.999460
1160000 2.135574 1.565320 2.942665
1170000 1.847764 1.565424 2.882612
1180000 1.243577 1.540609 2.922405
1190000 1.071398 1.619933 2.954949
1200000 0.881876 1.695276 3.037670
1210000 1.133592 1.511346 2.954547
1220000 1.031802 1.543867 3.063193
1230000 1.233046 1.671294 2.943832
1240000 1.514971 1.457587 2.915332
1250000 1.370229 1.472945 3.100684
1260000 0.728665 1.600509 2.872030
1270000 0.703854 1.637471 2.970638
1280000 0.854787 1.467260 2.931851
1290000 0.753553 1.595978 3.098588
1300000 0.749215 1.593103 3.065174
1310000 0.966203 1.616490 2.948891
1320000 1.227024 1.663794 2.998989
1330000 1.088109 1.524201 3.139125
1340000 1.721098 1.633784 2.960126
1350000 1.448562 1.606053 2.996307
1360000 1.444102 1.634594 2.927650
1370000 1.103741 1.454764 2.890616
1380000 0.976223 1.457438 3.004254
1390000 1.238331 1.569264 2.919672
1400000 1.679606 1.534981 2.885372
1410000 2.210227 1.520493 3.052617
1420000 1.978890 1.529361 2.961342
1430000 2.294100 1.576253 3.040415
1440000 2.653210 1.637410 3.030409
1450000 2.623546 1.591846 2.977701
1460000 2.807868 1.616063 2.981199
1470000 3.992234 1.509387 2.860603
1480000 3.836234 1.543952 3.030221
1490000 4.344445 1.589452 2.988649
1500000 4.095875 1.638602 2.971384
1510000 3.650418 1.614014 3.055072
1520000 3.559964 1.625722 3.088908
1530000 3.851054 1.518091 2.913042
1540000 2.967552 1.612249 2.964152
1550000 3.145679 1.660202 3.015808
1560000 3.244361 1.701850 3.065142
1570000 3.992042 1.659048 2.916633
1580000 4.550509 1.608027 2.879680
1590000 4.077163 1.588653 3.030490
1600000 3.082747 1.566756 2.870437
1610000 2.699334 1.533534 3.084939
1620000 2.101829 1.650196 2.874055
1630000 2.261126 1.595489 3.045412
1640000 3.107603 1.535695 2.875415
1650000 3.393596 1.581789 3.023322
1660000 3.722364 1.628103 2.894357
1670000 4.735351 1.503654 2.922861
1680000 5.041667 1.542405 2.989247
1690000 4.416528 1.610889 2.872518
1700000 4.013671 1.614649 2.893064
1710000 4.242838 1.551036 3.080429
1720000 4.888005 1.657304 2.996924
1730000 4.941149 1.696481 2.915506
1740000 4.297620 1.618393 2.975208
1750000 3.504961 1.521670 3.107283
1760000 2.978160 1.549877 3.104404
1770000 2.509264 1.511845 2.948489
1780000 2.413989 1.552497 3.026183
1790000 2.136020 1.545738 2.837639
1800000 1.670272 1.576855 2.860573
1810000 1.914524 1.572692 3.061505
1820000 1.681536 1.636232 2.872472
1830000 1.782324 1.540288 2.959087
1840000 1.949633 1.562088 2.941625
1850000 2.181057 1.529109 2.695660
1860000 2.656652 1.462957 2.990127
1870000 3.186869 1.656037 2.891348
1880000 4.063089 1.584973 2.974325
1890000 4.414558 1.560670 3.100188
1900000 3.804518 1.381758 2.997327
1910000 4.445987 1.606850 3.009868
1920000 3.982308 1.627261 2.970183
1930000 3.357151 1.562637 2.787306
1940000 3.438909 1.614885 3.054309
1950000 2.368805 1.560275 2.957832
1960000 3.113268 1.608387 2.956294
1970000 2.221674 1.572063 2.843272
1980000 2.329438 1.642525 2.890982
1990000 2.674372 1.700893 2.971552
2000000 3.217652 1.696954 3.028809
2010000 3.144764 1.675455 2.824582
2020000 4.739507 1.551088 3.041144
2030000 4.172057 1.722325 2.920059
2040000 3.936385 1.523989 3.048194
2050000 4.973139 1.564790 3.042960
2060000 4.098321 1.431666 3.025274
2070000 4.938317 1.701622 2.936955
2080000 3.758433 1.548732 2.856642
2090000 3.595726 1.485285 2.958353
2100000 2.901379 1.654279 3.024956
2110000 2.828540 1.483062 2.986104
2120000 2.829969 1.459724 2.872224
2130000 2.588891 1.536953 2.979394
2140000 2.281523 1.587762 3.021527
2150000 1.818228 1.550674 3.100425
2160000 1.843730 1.537321 2.904372
2170000 1.471217 1.501916 2.859923
2180000 1.566621 1.570516 2.918244
2190000 1.685891 1.628961 2.904472
2200000 1.520283 1.562038 3.041050
2210000 1.694265 1.650660 2.977400
2220000 1.401505 1.563787 2.824937
2230000 0.900410 1.521221 3.058548
2240000 0.865227 1.532372 2.895966
2250000 0.576145 1.512935 3.008348
2260000 0.708786 1.574115 3.009012
2270000 0.707826 1.657857 3.064923
2280000 0.858703 1.564131 2.975389
2290000 0.765050 1.617832 2.988562
2300000 0.503321 1.604956 2.885934
2310000 0.632792 1.493514 2.944226
2320000 0.725011 1.500001 3.127920
2330000 0.504391 1.562635 2.962706
2340000 0.607867 1.581089 2.949505
2350000 0.504591 1.625230 2.962815
2360000 1.132372 1.506095 3.009922
2370000 0.944467 1.628548 2.813718
2380000 1.207880 1.508630 2.908208
2390000 1.274478 1.646162 2.779150
2400000 1.070706 1.628586 3.050251
2410000 1.100680 1.626219 2.970336
2420000 0.902697 1.547016 3.050750
2430000 0.869137 1.499040 3.050417
2440000 0.772480 1.655977 2.947079
2450000 1.213135 1.443835 2.888952
2460000 0.821092 1.622682 3.088371
2470000 0.940619 1.506084 3.093434
2480000 1.464140 1.578049 3.000668
2490000 1.332311 1.611994 2.926225
2500000 1.393575 1.481073 3.069419
2510000 1.639532 1.632669 3.004260
2520000 1.344543 1.531471 2.882613
2530000 1.431413 1.598029 2.944739
2540000 2.306035 1.397193 3.012938
2550000 2.075063 1.589687 2.963256
2560000 2.349368 1.759506 2.896250
2570000 2.426434 1.591068 3.085214
2580000 3.116848 1.555930 2.911942
2590000 3.283458 1.561332 2.943589
2600000 3.022746 1.537672 3.015410
2610000 4.265185 1.534084 2.952243
2620000 4.750000 1.574818 2.935991
2630000 3.748090 1.521470 2.985223
2640000 3.396979 1.622029 2.861385
2650000 2.845136 1.598786 3.001451
2660000 2.547733 1.692726 2.868210
2670000 3.863187 1.540387 2.963667
2680000 3.884892 1.511083 2.936144
2690000 5.017920 1.670298 2.730266
2700000 4.299764 1.506913 2.970746
2710000 4.810817 1.588046 2.994341
2720000 4.685614 1.693311 2.894804
2730000 3.926354 1.628527 2.970767
2740000 4.455984 1.636585 2.903223
2750000 3.839379 1.459524 2.954635
2760000 4.236191 1.680179 2.982111
2770000 4.799889 1.755016 2.963439
2780000 4.252309 1.533117 3.017119
2790000 5.007814 1.691258 2.873114
2800000 4.843878 1.593184 2.920570
2810000 4.441269 1.522175 2.955834
2820000 3.855477 1.434374 3.026621
2830000 3.619677 1.506763 3.002820
2840000 3.251463 1.502239 2.943252
2850000 2.701431 1.552617 3.051466
2860000 3.741443 1.608501 2.943545
2870000 3.659708 1.647308 2.923460
2880000 4.279027 1.601573 2.984279
2890000 4.444623 1.550680 2.966086
2900000 4.914570 1.615168 2.982489
2910000 4.373064 1.546541 3.108342
2920000 4.324545 1.557286 3.024806
2930000 4.197756 1.554826 3.003716
2940000 3.716509 1.609181 3.011240
2950000 3.689164 1.653595 2.888637
2960000 2.813185 1.623688 2.852756
2970000 2.970758 1.612191 2.965415
2980000 2.649564 1.659400 2.887530
2990000 3.816385 1.559955 2.932403
3000000 2.688949 1.699897 2.825940
3010000 2.752859 1.643825 3.069492
3020000 3.016557 1.717180 2.888186
3030000 2.997401 1.530905 2.873746
3040000 3.518545 1.679341 3.041563
3050000 2.702981 1.642339 2.989373
3060000 2.461581 1.749716 2.920234
3070000 1.875096 1.683212 3.007821
3080000 1.736189 1.704821 2.904367
3090000 1.844217 1.587607 2.845370
3100000 2.178809 1.663758 2.926855
3110000 2.238549 1.511001 -3.127795
3120000 2.035386 1.572415 3.044261
3130000 1.678038 1.583461 3.023271
3140000 1.672192 1.507273 3.038235
3150000 1.168622 1.567885 2.989492
3160000 1.236199 1.536025 2.811126
3170000 1.371468 1.614881 3.040935
3180000 1.511946 1.504229 3.004458
3190000 1.164999 1.599825 2.957160
3200000 1.139310 1.498399 2.962212
3210000 0.896814 1.626981 2.957773
3220000 0.824887 1.609530 2.968663
3230000 1.176058 1.565681 3.047374
3240000 1.105821 1.538574 3.023979
3250000 0.942398 1.588379 2.907995
3260000 0.890560 1.543330 2.928242
3270000 1.256021 1.518240 3.095612
3280000 1.839258 1.589466 2.922546
3290000 1.830149 1.468138 2.920409
3300000 2.030565 1.596064 2.975269
3310000 2.563041 1.564027 2.964235
3320000 2.592664 1.449763 3.039480
3330000 2.422388 1.549640 2.974819
3340000 2.944296 1.630104 3.054365
3350000 3.119625 1.671540 3.073461
3360000 3.945641 1.767643 3.036899
3370000 3.739687 1.612123 3.100478
3380000 3.948595 1.485049 3.000403
3390000 3.223613 1.629470 3.052537
3400000 4.678883 1.631433 3.005841
3410000 3.632050 1.670089 3.035808
3420000 3.979154 1.619731 2.969923
3430000 4.719653 1.621616 2.984416
3440000 4.126501 1.557901 2.886201
3450000 4.350591 1.742218 2.874863
3460000 4.080730 1.436286 2.962514
3470000 2.533461 1.770613 2.915400
3480000 3.258174 1.518462 2.984405
3490000 3.742494 1.686012 3.062871
3500000 4.509620 1.523122 2.984885
3510000 4.915391 1.601088 2.906490
3520000 3.996102 1.668290 2.880667
3530000 4.319701 1.668685 3.040937
3540000 4.725060 1.547647 3.019203
3550000 4.219755 1.606246 2.884945
3560000 3.807782 1.508436 3.015072
3570000 3.311663 1.526125 2.955942
3580000 3.226678 1.691172 2.896470
3590000 2.505622 1.629912 2.984208
3600000 2.721134 1.507453 3.086434
3610000 2.246729 1.631047 2.983720
3620000 2.820057 1.618486 2.947080
3630000 2.023911 1.531280 3.124233
3640000 2.237122 1.563270 3.033804
3650000 2.031860 1.513222 2.998395
3660000 2.475994 1.515161 2.999803
3670000 2.466541 1.535932 3.052796
3680000 2.549103 1.650598 3.060173
3690000 2.878047 1.621799 2.960386
3700000 4.180332 1.442295 2.988739
3710000 4.682686 1.531939 2.961063
3720000 4.757053 1.572753 2.999780
3730000 4.489444 1.668449 3.096257
3740000 3.838443 1.621785 2.894384
3750000 3.853261 1.576133 2.889008
3760000 3.611237 1.568124 2.851900
3770000 3.174795 1.602213 2.961651
3780000 2.834226 1.580464 2.854158
3790000 3.373976 1.430889 2.946524
3800000 2.918180 1.603454 3.041797
3810000 2.302677 1.596073 2.997422
3820000 3.353788 1.628665 3.014730
3830000 3.491994 1.709711 3.022152
3840000 2.857890 1.535546 3.049647
3850000 3.969753 1.558496 3.057295
3860000 4.452240 1.605803 2.928625
3870000 4.888970 1.526940 3.018455
3880000 4.627507 1.542040 3.086496
3890000 4.941172 1.555197 2.887726
3900000 5.000580 1.667504 2.958264
3910000 4.335624 1.553414 2.842401
3920000 3.424031 1.631497 2.952553
3930000 3.856073 1.604431 2.883362
3940000 3.541852 1.495469 3.017414
3950000 2.777794 1.552285 2.972840
3960000 2.861128 1.524244 2.906090
3970000 3.588786 1.592067 3.029694
3980000 4.052354 1.733328 2.997185
3990000 4.304674 1.448708 2.970466
4000000 4.387384 1.590762 2.972918
