100000 4.887691 1.525519 2.494944
110000 4.988092 1.644400 2.552053
120000 4.632964 1.549984 2.568641
130000 3.752661 1.739512 2.613296
140000 3.365172 1.666323 2.689732
150000 3.358637 1.508235 2.604241
160000 4.113742 1.575061 2.659849
170000 4.520260 1.562955 2.631199
180000 3.913090 1.602929 2.648090
190000 2.852055 1.599697 2.622809
200000 1.804885 1.551438 2.685420
210000 1.298335 1.602758 2.659735
220000 1.540755 1.545312 2.549980
230000 0.933422 1.636739 2.589618
240000 0.880795 1.566416 2.564823
250000 0.715076 1.578508 2.682096
260000 0.914356 1.504145 2.589553
270000 1.092402 1.451512 2.685310
280000 1.063585 1.511357 2.581888
290000 1.881092 1.626430 2.475096
300000 1.513557 1.520485 2.631825
310000 1.589374 1.507697 2.665501
320000 1.426907 1.583401 2.546279
330000 1.356062 1.655772 2.655008
340000 1.299281 1.696866 2.627840
350000 2.490804 1.515602 2.611870
360000 2.187166 1.598370 2.617638
370000 3.008318 1.593775 2.672392
380000 2.722909 1.587279 2.571766
390000 2.823453 1.567273 2.589470
400000 3.123370 1.540306 2.426215
410000 4.114713 1.544324 2.622912
420000 4.569592 1.523031 2.688725
430000 4.812301 1.605006 2.784911
440000 4.677824 1.617856 2.619616
450000 3.977457 1.652207 2.648884
460000 3.999155 1.454400 2.554044
470000 4.755925 1.702493 2.488669
480000 3.534185 1.585719 2.689775
490000 4.262868 1.615170 2.630140
500000 4.647271 1.611664 2.731116
510000 4.822488 1.543125 2.660991
520000 4.982185 1.474880 2.682171
530000 4.299229 1.667783 2.647931
540000 3.107672 1.631666 2.434836
550000 2.707483 1.678714 2.565254
560000 2.321873 1.666164 2.609774
570000 1.808586 1.645979 2.750522
580000 1.663475 1.623671 2.618759
590000 2.258564 1.569427 2.567358
600000 2.722113 1.474736 2.580878
610000 2.837126 1.645958 2.461219
620000 2.184933 1.496069 2.542475
630000 2.378602 1.604915 2.476294
640000 2.483101 1.431390 2.497856
650000 3.306586 1.568718 2.668739
660000 4.007815 1.712222 2.563915
670000 3.467701 1.606021 2.679806
680000 3.499951 1.551162 2.701634
690000 3.215929 1.665609 2.616628
700000 2.522227 1.528277 2.638565
710000 4.239393 1.627792 2.561386
720000 4.983314 1.614189 2.578370
730000 4.859271 1.578747 2.622620
740000 4.742173 1.461670 2.633255
750000 4.970628 1.509589 2.589471
760000 3.902312 1.477087 2.638661
770000 2.890535 1.615646 2.607236
780000 3.760712 1.522323 2.675207
790000 3.358152 1.600783 2.488316
800000 3.880874 1.471652 2.595977
810000 4.856297 1.578106 2.605049
820000 3.814587 1.553816 2.557854
830000 2.599751 1.607313 2.635560
840000 2.553287 1.466503 2.594968
850000 2.805376 1.690643 2.669903
860000 1.764641 1.450607 2.771857
870000 1.402445 1.475531 2.520414
880000 1.469293 1.632137 2.615192
890000 1.880325 1.509476 2.551699
900000 2.476682 1.735144 2.559932
910000 2.524834 1.505206 2.489676
920000 1.989621 1.622925 2.619203
930000 1.922680 1.666805 2.633270
940000 1.888191 1.569944 2.558217
950000 1.447470 1.623919 2.709260
960000 0.993505 1.540948 2.672207
970000 0.852984 1.683744 2.677808
980000 0.977535 1.642039 2.642783
990000 0.583465 1.679164 2.655214
1000000 0.774206 1.448254 2.711075
1010000 1.044218 1.661992 2.632365
1020000 1.114407 1.564072 2.656284
1030000 0.928961 1.502239 2.723623
1040000 1.147906 1.641719 2.589166
1050000 1.255141 1.575119 2.678600
1060000 1.454148 1.667789 2.647874
1070000 1.590061 1.714520 2.585615
1080000 1.844812 1.612090 2.549012
1090000 1.573735 1.676188 2.564852
1100000 1.229346 1.620922 2.674767
1110000 1.257291 1.614972 2.624322
1120000 1.366837 1.606056 2.610899
1130000 1.842490 1.513609 2.675667
1140000 2.074518 1.604200 2.600566
1150000 1.568509 1.709516 2.689850
1160000 1.730694 1.626937 2.658794
1170000 1.123769 1.618553 2.537969
1180000 1.425979 1.628908 2.691443
1190000 1.609003 1.495549 2.624181
1200000 1.467120 1.495252 2.625225
1210000 2.024504 1.598597 2.555023
1220000 1.774565 1.566111 2.565225
1230000 2.279159 1.415837 2.535127
1240000 3.191272 1.563696 2.586893
1250000 3.725016 1.556651 2.608729
1260000 3.254116 1.685034 2.654495
1270000 3.360774 1.507267 2.575774
1280000 3.034908 1.581241 2.601989
1290000 3.791399 1.503406 2.709624
1300000 4.221488 1.607040 2.650878
1310000 4.637981 1.485757 2.565852
1320000 4.992954 1.647030 2.562372
1330000 4.647056 1.638394 2.643620
1340000 4.968296 1.473391 2.656466
1350000 4.003283 1.571163 2.586331
1360000 4.478278 1.619067 2.783520
1370000 3.352106 1.552287 2.478635
1380000 3.178460 1.593687 2.625541
1390000 4.053183 1.564588 2.730913
1400000 4.075717 1.669474 2.594254
1410000 3.083066 1.634604 2.596303
1420000 4.136053 1.681320 2.497264
1430000 4.776618 1.564322 2.513326
1440000 4.350074 1.532775 2.615745
1450000 4.933685 1.623396 2.729284
1460000 4.674470 1.493895 2.592865
1470000 4.225630 1.569087 2.716199
1480000 4.049398 1.545578 2.693895
1490000 3.877059 1.542949 2.631604
1500000 4.491868 1.527981 2.611662
1510000 3.741724 1.450079 2.549614
1520000 2.782449 1.646256 2.711282
1530000 2.527183 1.411926 2.564729
1540000 2.343941 1.659318 2.605722
1550000 3.130944 1.533380 2.673425
1560000 2.551922 1.531972 2.725302
1570000 2.129568 1.576545 2.697826
1580000 2.738785 1.687706 2.677256
1590000 2.866525 1.623123 2.715935
1600000 3.089679 1.563823 2.575147
1610000 2.560646 1.608548 2.571512
1620000 2.508990 1.699926 2.567524
1630000 2.081746 1.668481 2.545445
1640000 2.177507 1.684674 2.546012
1650000 1.998638 1.729021 2.563311
1660000 1.763356 1.516977 2.672845
1670000 1.959587 1.518693 2.632401
1680000 3.634693 1.603945 2.610984
1690000 4.104320 1.532137 2.493290
1700000 4.545457 1.555286 2.563580
1710000 4.830663 1.605581 2.611442
1720000 4.881835 1.713978 2.591909
1730000 3.966240 1.513972 2.727569
1740000 3.307007 1.580311 2.635577
1750000 4.158364 1.648867 2.649419
1760000 4.438421 1.588311 2.543222
1770000 4.794862 1.580489 2.774442
1780000 4.971647 1.617110 2.555236
1790000 4.198061 1.525159 2.483218
1800000 5.006668 1.558609 2.662012
1810000 4.031410 1.504915 2.692390
1820000 3.246752 1.720146 2.504616
1830000 2.961480 1.645643 2.505512
1840000 3.451480 1.569537 2.641147
1850000 2.915498 1.615714 2.604005
1860000 2.275751 1.728620 2.560884
1870000 3.500517 1.543408 2.631971
1880000 3.152051 1.629604 2.568952
1890000 4.259362 1.401580 2.714573
1900000 4.715578 1.563420 2.580083
1910000 4.531380 1.563018 2.600794
1920000 4.951690 1.650231 2.517011
1930000 4.455933 1.717102 2.849320
1940000 3.988845 1.608408 2.487853
1950000 3.669662 1.525207 2.608872
1960000 3.462347 1.628793 2.600371
1970000 2.950616 1.716643 2.703380
1980000 3.785653 1.580605 2.634984
1990000 4.641132 1.635276 2.617065
2000000 3.446446 1.603869 2.668114
2010000 4.057778 1.560295 2.613896
2020000 3.055213 1.536464 2.586808
2030000 2.217824 1.596858 2.711692
2040000 2.644232 1.485283 2.554309
2050000 2.340641 1.570523 2.524992
2060000 2.021295 1.523992 2.617419
2070000 2.407559 1.459508 2.591325
2080000 2.603434 1.584823 2.678696
2090000 2.733857 1.581691 2.561729
2100000 2.344895 1.622870 2.641008
2110000 2.824645 1.607971 2.583006
2120000 3.523944 1.539823 2.624539
2130000 3.299560 1.506982 2.610328
2140000 4.571262 1.483892 2.566957
2150000 4.268673 1.388719 2.492219
2160000 3.588527 1.607340 2.682712
2170000 2.985168 1.619244 2.626336
2180000 2.960142 1.541463 2.532549
2190000 2.359492 1.511230 2.639024
2200000 2.171091 1.508896 2.787831
2210000 2.292974 1.674449 2.620371
2220000 2.012792 1.550004 2.535949
2230000 2.289473 1.594822 2.661071
2240000 1.678691 1.588922 2.562798
2250000 1.347269 1.617415 2.600786
2260000 1.554558 1.545252 2.650642
2270000 1.251277 1.543144 2.575468
2280000 1.088477 1.543933 2.595033
2290000 1.328595 1.807841 2.596885
2300000 0.929525 1.544781 2.715684
2310000 0.799666 1.605328 2.723422
2320000 0.960438 1.699184 2.730801
2330000 0.971547 1.520904 2.745833
2340000 1.101161 1.588105 2.557070
2350000 1.457633 1.617795 2.549856
2360000 1.247752 1.591656 2.516095
2370000 1.384782 1.606280 2.542920
2380000 1.525468 1.670818 2.643338
2390000 1.865919 1.510141 2.542075
2400000 1.640069 1.722526 2.572444
2410000 1.659234 1.573661 2.616233
2420000 1.813461 1.660325 2.498751
2430000 1.755172 1.366234 2.533691
2440000 1.674662 1.562563 2.602773
2450000 1.655262 1.563372 2.753839
2460000 2.711436 1.687852 2.610288
2470000 3.099583 1.559205 2.750161
2480000 3.502714 1.522002 2.585270
2490000 4.658151 1.549237 2.760755
2500000 4.918090 1.634523 2.627389
2510000 4.939401 1.446412 2.588294
2520000 4.770565 1.609962 2.610323
2530000 5.007615 1.729571 2.600045
2540000 4.256761 1.637768 2.621707
2550000 3.818164 1.663223 2.608128
2560000 2.894343 1.669544 2.602438
2570000 3.233345 1.496510 2.640010
2580000 3.013908 1.508984 2.503106
2590000 4.087302 1.504345 2.713242
2600000 3.678287 1.595836 2.582568
2610000 4.531699 1.711791 2.556497
2620000 4.561074 1.612104 2.598046
2630000 4.698274 1.525312 2.610151
2640000 4.089158 1.672809 2.610694
2650000 4.595915 1.616178 2.697131
2660000 4.256565 1.602030 2.542118
2670000 3.456568 1.676509 2.660451
2680000 4.174004 1.633221 2.705148
2690000 3.875878 1.552602 2.491743
2700000 3.213799 1.611605 2.579619
2710000 2.949066 1.575442 2.579641
2720000 4.015792 1.538605 2.688421
2730000 4.611262 1.558362 2.628522
2740000 4.591657 1.500188 2.688913
2750000 4.684847 1.609538 2.589090
2760000 4.942939 1.524868 2.675917
2770000 4.358755 1.477489 2.511108
2780000 2.730643 1.658273 2.718137
2790000 2.753603 1.599919 2.691530
2800000 2.162722 1.649437 2.535765
2810000 1.866203 1.609039 2.612343
2820000 1.797298 1.544235 2.631298
2830000 1.867516 1.686443 2.709557
2840000 2.428495 1.471214 2.533350
2850000 2.245816 1.441040 2.663592
2860000 2.409132 1.511209 2.697943
2870000 2.634839 1.598697 2.659469
2880000 3.223436 1.599075 2.725514
2890000 2.785863 1.458050 2.615071
2900000 3.808244 1.529559 2.668119
2910000 3.843289 1.629636 2.686325
2920000 4.096643 1.488827 2.496945
2930000 3.184071 1.477179 2.553934
2940000 3.452364 1.545993 2.460917
2950000 3.861716 1.563942 2.516311
2960000 3.373457 1.552583 2.577493
2970000 3.402347 1.541726 2.639488
2980000 3.796006 1.627175 2.641386
2990000 4.532949 1.615117 2.642073
3000000 4.728744 1.502678 2.792878
3010000 5.057361 1.628328 2.685799
3020000 4.055028 1.512946 2.562561
3030000 3.981190 1.540003 2.733641
3040000 4.521518 1.642157 2.631906
3050000 4.826085 1.555689 2.510704
3060000 4.567940 1.597047 2.631481
3070000 4.270065 1.501870 2.560174
3080000 4.320397 1.556249 2.538942
3090000 4.433389 1.488454 2.545075
3100000 4.513415 1.707946 2.532650
3110000 4.916920 1.575675 2.651335
3120000 4.934320 1.544272 2.491398
3130000 3.853149 1.575873 2.663309
3140000 2.892087 1.633875 2.633171
3150000 2.540009 1.585079 2.609235
3160000 2.045673 1.648739 2.484166
3170000 1.941820 1.543504 2.588960
3180000 2.109288 1.640479 2.689500
3190000 2.757084 1.508407 2.584920
3200000 2.282121 1.678165 2.515158
3210000 2.815549 1.571478 2.616384
3220000 3.030142 1.578382 2.550874
3230000 3.353803 1.554289 2.580249
3240000 3.393344 1.512861 2.474085
3250000 3.970245 1.538016 2.578272
3260000 3.646520 1.410869 2.696059
3270000 3.176571 1.780135 2.673498
3280000 4.123983 1.604526 2.560547
3290000 4.839022 1.684685 2.652922
3300000 4.476922 1.557148 2.511938
3310000 3.757319 1.487312 2.629645
3320000 3.676834 1.478379 2.523627
3330000 4.039899 1.437181 2.791100
3340000 4.540294 1.576474 2.672612
3350000 4.482831 1.556747 2.602169
3360000 4.720292 1.577847 2.549673
3370000 3.131983 1.535667 2.616994
3380000 3.666921 1.644236 2.686708
3390000 4.055666 1.525298 2.536472
3400000 2.797172 1.593227 2.548786
3410000 2.333173 1.669319 2.553385
3420000 2.214721 1.519019 2.626902
3430000 1.539876 1.609462 2.519367
3440000 1.282062 1.557223 2.763383
3450000 1.107397 1.663992 2.667960
3460000 0.522187 1.624998 2.684588
3470000 0.574112 1.736880 2.605816
3480000 0.687506 1.599452 2.677792
3490000 0.691563 1.643341 2.673498
3500000 0.793252 1.573997 2.621792
3510000 1.081966 1.644639 2.638823
3520000 1.108923 1.689133 2.794663
3530000 0.906841 1.625523 2.713012
3540000 0.859932 1.417189 2.524706
3550000 1.200904 1.454073 2.556842
3560000 1.189276 1.660272 2.514753
3570000 1.125522 1.491429 2.653177
3580000 1.248291 1.671149 2.573977
3590000 1.426421 1.744793 2.604410
3600000 1.282468 1.425044 2.674972
3610000 1.172903 1.621996 2.680203
3620000 1.301027 1.524467 2.710333
3630000 1.508772 1.632156 2.752339
3640000 1.529780 1.608194 2.566565
3650000 0.977136 1.597249 2.544513
3660000 1.026267 1.534698 2.402539
3670000 1.078475 1.520306 2.622196
3680000 1.139316 1.588546 2.645850
3690000 0.549162 1.504381 2.706894
3700000 0.701167 1.669062 2.615504
3710000 0.792663 1.644577 2.751821
3720000 0.736127 1.494666 2.666386
3730000 0.977913 1.654298 2.534164
3740000 0.996576 1.595115 2.531884
3750000 0.860587 1.697601 2.675602
3760000 1.056397 1.680537 2.601294
3770000 1.131764 1.574235 2.565140
3780000 1.562811 1.613950 2.739188
3790000 1.716012 1.598646 2.579429
3800000 1.703944 1.458445 2.681107
3810000 1.780824 1.528484 2.638437
3820000 1.669467 1.628280 2.604578
3830000 1.880411 1.440566 2.624151
3840000 1.885935 1.551137 2.555911
3850000 1.777106 1.564272 2.512551
3860000 1.581856 1.634730 2.623328
3870000 1.568689 1.576201 2.498461
3880000 1.436175 1.514113 2.450448
3890000 1.245372 1.513461 2.985897
3900000 1.498641 1.522988 2.620392
3910000 1.555306 1.640987 2.487299
3920000 1.944640 1.442310 2.653098
3930000 1.511085 1.704367 2.601472
3940000 1.241596 1.653865 2.623324
3950000 0.792152 1.576087 2.588558
3960000 0.873076 1.552789 2.740150
3970000 1.129818 1.604693 2.617632
3980000 0.798779 1.560200 2.640329
3990000 0.614273 1.506954 2.782915
4000000 0.609493 1.683038 2.695866
