100000 2.716228 -3.057480 -2.534161
110000 4.070681 -3.117707 -2.663174
120000 4.148634 -3.083297 -2.597148
130000 4.925148 3.099446 -2.651556
140000 4.031812 3.135447 -2.660465
150000 2.797347 -3.024899 -2.496736
160000 3.264713 3.029651 -2.725090
170000 2.445582 3.103100 -2.598247
180000 2.467905 3.120111 -2.681483
190000 2.204859 -3.078351 -2.611806
200000 4.783220 -3.087339 -2.532733
210000 4.080998 3.102357 -2.633150
220000 3.973890 -3.113670 -2.698407
230000 3.491340 -3.121892 -2.658427
240000 4.718651 3.021234 -2.497768
250000 4.121073 3.061740 -2.553071
260000 4.852614 3.121353 -2.564230
270000 4.462571 -3.095507 -2.740502
280000 3.819484 3.102339 -2.744882
290000 2.736423 3.129018 -2.605071
300000 3.135955 3.014968 -2.705925
310000 3.710526 3.101810 -2.653840
320000 2.212217 3.135371 -2.588591
330000 2.149035 3.108567 -2.732708
340000 2.481922 3.090930 -2.686417
350000 2.329362 3.060314 -2.656870
360000 1.596333 -3.135233 -2.646817
370000 1.580366 -3.086372 -2.614714
380000 2.916179 3.139402 -2.631771
390000 3.505865 -3.075050 -2.647536
400000 3.728904 3.134469 -2.635501
410000 4.585482 3.069913 -2.599397
420000 4.040833 -3.045116 -2.701155
430000 4.137489 3.068003 -2.617249
440000 3.876816 -3.109268 -2.641982
450000 3.556323 3.044055 -2.513945
460000 3.018512 -3.078214 -2.493228
470000 3.380750 -3.071496 -2.554291
480000 3.610182 -2.951577 -2.610380
490000 4.496305 3.140617 -2.591662
500000 3.950348 3.090934 -2.545972
510000 2.674269 3.126216 -2.682239
520000 2.241896 -3.127365 -2.551242
530000 2.008227 3.137849 -2.661850
540000 2.507179 -3.125958 -2.634360
550000 2.656946 3.138230 -2.656232
560000 3.029066 -3.001667 -2.631086
570000 4.261201 -3.126737 -2.554885
580000 4.461491 3.108895 -2.628899
590000 3.991081 -3.092713 -2.563213
600000 3.981178 2.962434 -2.718750
610000 3.406385 -3.088097 -2.554862
620000 2.908600 -3.076072 -2.721880
630000 1.646128 3.071292 -2.661436
640000 1.900927 -3.084768 -2.565807
650000 2.365320 3.016268 -2.610878
660000 1.933110 -3.128199 -2.623272
670000 1.285091 -3.073780 -2.574484
680000 0.884663 -3.063374 -2.559585
690000 0.678494 -3.053481 -2.667138
700000 1.109881 3.103620 -2.613522
710000 1.382769 2.995145 -2.710381
720000 1.439672 3.061936 -2.618432
730000 1.582019 2.993150 -2.575354
740000 1.009963 3.070890 -2.731920
750000 0.724022 -2.998529 -2.642212
760000 0.940016 -3.138982 -2.640990
770000 0.759724 3.112058 -2.607634
780000 0.640292 3.114166 -2.572036
790000 1.037165 -3.140686 -2.612864
800000 0.971217 3.140073 -2.813662
810000 1.277953 -3.124946 -2.463338
820000 1.332875 3.048132 -2.709867
830000 1.586997 3.118112 -2.675129
840000 1.756954 3.021082 -2.622959
850000 1.625354 3.119727 -2.704156
860000 1.935621 -3.120256 -2.533571
870000 2.570400 -3.030498 -2.602449
880000 3.224937 3.128403 -2.514463
890000 2.981672 3.075510 -2.753651
900000 3.126710 2.972922 -2.622244
910000 3.884887 -3.106344 -2.585385
920000 3.448408 3.128225 -2.669249
930000 4.022494 3.124578 -2.528808
940000 3.788105 -2.968446 -2.585824
950000 3.328984 3.108002 -2.637068
960000 2.939069 -3.085250 -2.701748
970000 2.531273 3.132232 -2.658757
980000 2.885030 -3.039255 -2.751142
990000 3.613288 3.015761 -2.575061
1000000 4.272330 -3.097883 -2.635018
1010000 4.739969 3.126330 -2.617014
1020000 4.683516 3.130705 -2.501322
1030000 5.044195 -3.011690 -2.484458
1040000 4.239955 2.966936 -2.622835
1050000 4.826908 3.124176 -2.568542
1060000 4.626148 -3.113261 -2.644061
1070000 3.719283 3.044125 -2.572495
1080000 3.653570 -3.138601 -2.753351
1090000 4.042461 -3.113040 -2.635646
1100000 4.278219 -3.089449 -2.518450
1110000 4.821735 -3.126894 -2.637187
1120000 4.356765 3.120377 -2.564255
1130000 3.834830 -3.092615 -2.654024
1140000 3.376374 -3.129204 -2.617672
1150000 3.993177 -3.101457 -2.635858
1160000 3.142953 3.101227 -2.638550
1170000 2.209766 -3.132555 -2.639599
1180000 2.758166 3.124304 -2.512421
1190000 2.919730 -3.070118 -2.560061
1200000 2.537061 3.109802 -2.514457
1210000 1.995546 -2.934741 -2.606846
1220000 1.440551 -3.089581 -2.573375
1230000 1.335544 3.075860 -2.681038
1240000 1.916010 3.016057 -2.566120
1250000 2.092205 -3.083677 -2.509655
1260000 2.228649 3.061350 -2.615313
1270000 2.639011 -3.066915 -2.687866
1280000 3.102220 3.115748 -2.722378
1290000 3.352214 -3.084267 -2.521784
1300000 3.289842 -3.033880 -2.586563
1310000 3.782717 3.090327 -2.616515
1320000 4.570590 -3.089652 -2.611614
1330000 4.196099 -3.078488 -2.642061
1340000 4.676200 3.081036 -2.469692
1350000 2.999961 3.066192 -2.565800
1360000 2.954574 3.069430 -2.693785
1370000 2.819585 -2.986468 -2.632870
1380000 4.177514 3.131666 -2.454929
1390000 4.387067 3.099855 -2.660891
1400000 4.270138 3.033152 -2.740072
1410000 4.558269 -3.102602 -2.756875
1420000 4.208804 -2.957532 -2.684461
1430000 3.370999 -3.139907 -2.669438
1440000 2.310115 -3.118811 -2.629651
1450000 1.961125 2.994790 -2.601482
1460000 1.737509 3.058113 -2.697761
1470000 2.284266 -3.081521 -2.655083
1480000 2.725008 -2.993436 -2.746095
1490000 3.246056 3.042301 -2.717398
1500000 2.248705 3.121692 -2.654460
1510000 2.097856 3.098901 -2.710469
1520000 1.708863 3.087422 -2.674361
1530000 2.138692 -3.138645 -2.570421
1540000 1.385903 3.079426 -2.477227
1550000 1.222701 3.110049 -2.641788
1560000 1.169036 -3.027488 -2.558529
1570000 1.301938 3.103606 -2.635657
1580000 0.858633 -3.038777 -2.589303
1590000 0.703773 2.951872 -2.599444
1600000 0.907714 3.139399 -2.548633
1610000 1.370329 -3.051886 -2.535808
1620000 0.850073 2.988569 -2.647463
1630000 0.959589 -3.039468 -2.616265
1640000 0.908754 -3.090774 -2.595041
1650000 1.046694 3.079278 -2.598574
1660000 1.256870 3.111542 -2.611439
1670000 1.328842 3.105278 -2.535196
1680000 1.474369 3.032553 -2.541245
1690000 1.553478 -3.106637 -2.648676
1700000 1.323637 3.094166 -2.664118
1710000 1.336032 3.086782 -2.477796
1720000 1.780768 3.084553 -2.546091
1730000 2.142018 3.046174 -2.630192
1740000 2.296747 -3.100283 -2.650686
1750000 2.376432 -3.101437 -2.504762
1760000 2.345323 -3.092983 -2.595269
1770000 2.795906 3.040393 -2.615979
1780000 3.128498 3.060212 -2.611005
1790000 4.308982 -3.030327 -2.755422
1800000 3.356566 -3.057219 -2.592935
1810000 3.006078 -3.089275 -2.684656
1820000 2.648687 3.112393 -2.515558
1830000 4.004428 -3.094369 -2.493780
1840000 4.787275 -3.138948 -2.559336
1850000 4.873645 -3.045814 -2.704499
1860000 4.847492 -3.119935 -2.767302
1870000 4.259187 -3.135276 -2.569825
1880000 3.536361 -2.957739 -2.597465
1890000 3.217667 3.041455 -2.663561
1900000 2.964063 3.110588 -2.658090
1910000 2.425578 -2.965336 -2.717375
1920000 2.618532 3.066329 -2.557372
1930000 2.119464 -3.105990 -2.673450
1940000 2.542911 3.125371 -2.652663
1950000 2.549310 3.070906 -2.718625
1960000 3.839565 -3.075471 -2.665330
1970000 3.270093 -3.125612 -2.616134
1980000 4.081443 3.037446 -2.520072
1990000 4.648238 -3.014148 -2.634786
2000000 4.953059 3.127683 -2.659804
2010000 4.521938 -3.086285 -2.525224
2020000 3.796493 3.095170 -2.624609
2030000 3.734310 -3.110761 -2.685155
2040000 3.852978 -3.118870 -2.560675
2050000 3.439845 3.127862 -2.593426
2060000 3.426779 3.029514 -2.668805
2070000 2.591731 -3.111076 -2.643929
2080000 2.232492 3.100330 -2.608103
2090000 1.782359 -3.052451 -2.576944
2100000 1.757243 -3.074408 -2.577983
2110000 1.913076 -3.078528 -2.564561
2120000 1.690967 -3.044716 -2.591496
2130000 1.794388 3.075308 -2.582156
2140000 2.270001 -3.091035 -2.413949
2150000 2.215479 -3.122880 -2.624865
2160000 1.945570 -3.061507 -2.670751
2170000 2.793416 -3.035680 -2.624008
2180000 2.881978 -3.039891 -2.569327
2190000 3.401676 3.022476 -2.528120
2200000 3.481099 3.120326 -2.543344
2210000 3.946892 -3.094440 -2.632821
2220000 4.570094 3.009599 -2.565324
2230000 4.261461 3.085940 -2.737811
2240000 4.504763 3.127103 -2.672383
2250000 4.714551 3.099350 -2.502719
2260000 4.804405 3.027437 -2.549277
2270000 3.909504 -3.075743 -2.572042
2280000 4.245542 3.011574 -2.672745
2290000 3.481126 -3.094559 -2.722267
2300000 3.208595 -3.040257 -2.584587
2310000 4.153562 3.019284 -2.654170
2320000 4.921260 3.109685 -2.623014
2330000 4.760127 -3.111401 -2.503807
2340000 5.052286 3.108768 -2.599931
2350000 4.906400 -3.093600 -2.709062
2360000 4.679588 -3.100692 -2.769842
2370000 4.645769 -3.096582 -2.564049
2380000 4.097329 3.101053 -2.586109
2390000 4.386358 3.074440 -2.460621
2400000 3.655114 3.129973 -2.547907
2410000 4.784329 3.118677 -2.741998
2420000 3.624653 3.037983 -2.747341
2430000 4.506738 3.105523 -2.769403
2440000 3.866531 -3.042902 -2.500211
2450000 2.583511 3.026584 -2.685737
2460000 2.860472 -3.100660 -2.720316
2470000 2.280137 -3.078707 -2.674540
2480000 2.617829 3.126218 -2.672155
2490000 3.208783 3.077778 -2.673582
2500000 3.328664 3.008790 -2.615971
2510000 2.817812 3.088603 -2.631857
2520000 2.359930 3.077106 -2.681904
2530000 2.219018 3.140442 -2.567061
2540000 1.970723 -3.107092 -2.655775
2550000 2.574743 -3.051772 -2.668386
2560000 2.729192 3.137265 -2.617705
2570000 3.082549 -3.110056 -2.665009
2580000 3.579274 -3.071038 -2.587691
2590000 3.640184 -3.045400 -2.703885
2600000 3.362698 -3.121092 -2.605237
2610000 3.637484 3.119276 -2.597453
2620000 2.878465 3.038861 -2.696154
2630000 2.514869 -3.060369 -2.508332
2640000 2.515913 3.063621 -2.586854
2650000 1.916186 -3.060528 -2.504986
2660000 2.242788 3.139686 -2.601484
2670000 1.732841 -3.013068 -2.634111
2680000 1.654714 3.088365 -2.655816
2690000 1.438478 3.076919 -2.639680
2700000 0.737008 3.085782 -2.611886
2710000 0.575483 -3.117460 -2.636178
2720000 0.545544 -3.139541 -2.843300
2730000 0.795248 3.097730 -2.700697
2740000 0.735669 3.008331 -2.626135
2750000 0.533434 3.109231 -2.591267
2760000 0.530039 3.136829 -2.543942
2770000 0.611900 -3.100026 -2.588610
2780000 0.892308 -3.078383 -2.616730
2790000 0.737852 3.052962 -2.603981
2800000 0.787651 -3.132462 -2.686184
2810000 0.914292 2.987864 -2.658293
2820000 0.981701 3.073465 -2.549760
2830000 1.143617 3.077739 -2.584865
2840000 1.148449 3.032933 -2.669553
2850000 1.159288 3.100649 -2.565092
2860000 1.190882 -3.134986 -2.728034
2870000 1.388269 -3.123003 -2.527460
2880000 1.041679 3.126810 -2.753422
2890000 1.019773 -3.109348 -2.609712
2900000 0.971495 3.072218 -2.570221
2910000 1.598609 3.055832 -2.685443
2920000 1.524527 3.050255 -2.779338
2930000 1.311536 -3.118844 -2.592487
2940000 1.309018 -3.065731 -2.651241
2950000 0.910970 3.124639 -2.661053
2960000 0.817820 3.125706 -2.676513
2970000 1.186822 -3.105601 -2.543079
2980000 1.463484 3.071548 -2.610886
2990000 1.414967 3.116022 -2.613896
3000000 1.701158 -3.021910 -2.584347
3010000 1.762253 -3.112067 -2.579903
3020000 2.021237 -3.129227 -2.614059
3030000 2.165242 -3.009505 -2.743136
3040000 1.832403 3.130663 -2.503716
3050000 2.269498 -2.981577 -2.620028
3060000 2.870327 -3.109066 -2.617852
3070000 4.326412 -3.095179 -2.612306
3080000 4.576435 3.020804 -2.678335
3090000 3.859071 -3.037433 -2.648733
3100000 4.287552 -3.098650 -2.700737
3110000 4.508842 3.072687 -2.742895
3120000 4.860670 3.121865 -2.576053
3130000 4.760766 -3.095961 -2.615500
3140000 3.400074 -3.062586 -2.559351
3150000 3.691263 -3.094681 -2.581181
3160000 3.237597 3.109193 -2.597611
3170000 4.016560 -3.136946 -2.600078
3180000 4.000273 3.071125 -2.693733
3190000 3.334164 3.110328 -2.601432
3200000 4.167418 -3.073086 -2.608231
3210000 4.719230 -3.061276 -2.599760
3220000 4.238791 3.102561 -2.667011
3230000 3.232329 -3.105871 -2.566702
3240000 3.050923 -3.001346 -2.713824
3250000 2.527536 3.120825 -2.649288
3260000 2.538947 3.125280 -2.699784
3270000 2.535544 3.069992 -2.442890
3280000 2.437385 -3.072705 -2.573483
3290000 2.759018 3.110764 -2.602583
3300000 3.247954 3.130597 -2.603257
3310000 3.582544 -3.062399 -2.599217
3320000 3.064917 3.104307 -2.567748
3330000 3.743751 -2.999864 -2.666635
3340000 4.784479 -3.078148 -2.566431
3350000 3.828807 3.039358 -2.771262
3360000 3.802751 3.035715 -2.523420
3370000 3.457096 3.014537 -2.504753
3380000 3.228594 2.816655 -2.672380
3390000 2.797949 3.085776 -2.522342
3400000 3.032645 3.096585 -2.617162
3410000 3.196227 3.114047 -2.529658
3420000 4.465345 3.079519 -2.611784
3430000 5.057310 -3.056978 -2.648954
3440000 4.901108 -3.121705 -2.682308
3450000 4.670619 3.084799 -2.552657
3460000 4.749673 -3.112303 -2.518032
3470000 3.855876 3.132174 -2.607322
3480000 4.680075 -3.127217 -2.585823
3490000 4.512954 -3.107977 -2.593061
3500000 4.396935 3.129008 -2.604179
3510000 4.257221 3.110054 -2.623372
3520000 3.739741 -3.111181 -2.601195
3530000 2.322952 3.106789 -2.615684
3540000 1.779678 -3.139047 -2.554490
3550000 1.794948 3.028998 -2.647056
3560000 1.957823 -3.118121 -2.583607
3570000 2.367270 -3.035432 -2.571608
3580000 2.821409 3.003439 -2.577982
3590000 2.788316 3.056417 -2.550481
3600000 2.024667 3.070561 -2.443357
3610000 2.005187 -3.135779 -2.545381
3620000 1.764943 -3.122136 -2.632214
3630000 1.551432 3.130648 -2.463233
3640000 1.692805 -3.135135 -2.641196
3650000 2.337239 3.135997 -2.503778
3660000 2.192766 3.056538 -2.590795
3670000 2.156503 -3.102611 -2.679606
3680000 1.739970 -3.068793 -2.677876
3690000 1.985802 -3.088473 -2.590991
3700000 2.129462 -3.069798 -2.545418
3710000 2.329903 3.072560 -2.657282
3720000 2.484279 -3.057249 -2.463935
3730000 3.320284 -3.047984 -2.643160
3740000 2.985400 -3.083996 -2.644207
3750000 2.767098 -3.102733 -2.588244
3760000 3.166554 3.015373 -2.713505
3770000 3.956340 -3.116748 -2.793658
3780000 4.257667 3.062359 -2.656108
3790000 4.306572 -3.094443 -2.737302
3800000 3.274927 -3.095043 -2.626870
3810000 3.868982 3.034270 -2.648965
3820000 3.297464 3.134837 -2.575148
3830000 2.673807 3.128966 -2.668941
3840000 2.815059 -3.118826 -2.589318
3850000 3.582443 -3.087028 -2.640090
3860000 3.979225 -3.093535 -2.438309
3870000 4.761076 -3.118040 -2.633219
3880000 4.306374 -3.120239 -2.745155
3890000 4.437098 -3.091599 -2.652483
3900000 4.894355 -3.059440 -2.635992
3910000 4.337057 3.109535 -2.526394
3920000 4.161592 3.119533 -2.513330
3930000 3.280062 3.100817 -2.562527
3940000 2.504449 -3.091726 -2.614373
3950000 3.156948 -3.096976 -2.665770
3960000 3.005836 -3.096059 -2.470937
3970000 3.506764 2.981180 -2.552559
3980000 3.767925 3.135122 -2.725324
3990000 4.408416 3.045743 -2.713855
4000000 3.835319 -3.141099 -2.611512
