100000 0.920349 1.466743 2.032227
110000 1.389108 1.524249 2.079173
120000 1.340012 1.487051 2.151514
130000 1.218042 1.589756 2.020521
140000 2.007246 1.531935 2.075055
150000 2.255450 1.520936 2.099183
160000 2.857857 1.572291 2.117077
170000 3.841730 1.613100 2.164797
180000 3.334119 1.573377 1.949059
190000 2.451520 1.434717 2.103446
200000 3.548776 1.522480 2.021567
210000 4.420060 1.496762 2.131628
220000 4.918540 1.652199 2.141798
230000 4.382822 1.529598 2.111525
240000 4.540511 1.576651 2.158404
250000 3.868054 1.705101 2.034813
260000 3.894630 1.494381 2.093224
270000 4.857922 1.718047 2.122437
280000 4.771385 1.555666 2.092354
290000 3.379318 1.627729 2.121740
300000 2.956221 1.555741 1.956272
310000 2.144176 1.444941 2.150332
320000 2.098589 1.477143 2.025358
330000 2.019282 1.451845 1.932384
340000 2.772731 1.530895 2.181350
350000 2.186257 1.526630 2.119805
360000 3.422746 1.468182 2.045162
370000 3.529480 1.492487 2.072574
380000 3.206692 1.535017 2.137938
390000 4.057806 1.488908 2.055444
400000 2.702649 1.568777 2.133491
410000 2.746333 1.533889 2.243291
420000 1.626538 1.775696 2.168120
430000 1.804404 1.622462 1.984393
440000 1.844391 1.474356 2.087240
450000 1.226334 1.638566 2.175692
460000 1.142961 1.457101 2.076886
470000 1.467048 1.592065 2.103955
480000 1.239642 1.571079 2.091425
490000 1.338591 1.510834 1.929228
500000 0.989808 1.495208 2.194483
510000 1.613499 1.648607 1.943380
520000 2.037733 1.468535 2.110277
530000 1.847709 1.532277 2.046376
540000 1.445860 1.604607 2.078115
550000 2.406240 1.412159 2.137747
560000 1.987168 1.586303 2.008094
570000 1.574221 1.625924 1.973948
580000 1.365329 1.708251 2.218309
590000 2.579112 1.533331 1.992417
600000 2.787144 1.569617 1.970073
610000 3.497695 1.474208 2.031923
620000 4.250781 1.535450 2.261734
630000 4.533563 1.672019 2.165451
640000 4.606493 1.435943 2.030795
650000 4.969306 1.551241 2.186255
660000 4.516497 1.653258 2.124725
670000 4.863456 1.611696 2.237363
680000 3.945981 1.605320 2.028548
690000 2.973879 1.601736 2.033898
700000 3.370813 1.588715 2.029717
710000 4.275486 1.714832 2.089499
720000 3.022079 1.581298 2.088995
730000 2.419836 1.692464 2.043689
740000 2.092031 1.653501 2.022679
750000 3.488084 1.620592 2.166742
760000 3.630673 1.600245 2.015804
770000 4.559274 1.557460 2.046718
780000 4.540440 1.687517 2.205611
790000 3.230467 1.570799 2.061390
800000 4.161041 1.499689 2.072050
810000 4.169121 1.549599 1.958124
820000 3.813012 1.582439 1.956105
830000 3.481317 1.413648 2.081882
840000 3.189568 1.548626 2.137945
850000 2.430961 1.371770 2.207960
860000 4.386652 1.577948 2.072403
870000 4.795429 1.626901 2.191646
880000 4.844259 1.500817 2.121862
890000 4.840435 1.651329 2.077504
900000 4.277267 1.584361 2.209254
910000 5.016372 1.485444 2.150675
920000 4.877075 1.660072 2.087335
930000 4.167682 1.592315 2.122227
940000 3.109120 1.581057 2.157305
950000 3.460625 1.581614 2.145995
960000 2.414638 1.525671 2.064132
970000 2.486314 1.646321 2.076989
980000 2.079100 1.543763 2.118463
990000 2.001667 1.507529 2.176793
1000000 1.761066 1.553479 2.144631
1010000 1.179024 1.601095 2.192014
1020000 0.836390 1.662509 2.150248
1030000 1.329872 1.508989 2.074944
1040000 1.051274 1.601061 2.060800
1050000 0.685536 1.652584 2.046741
1060000 0.877436 1.516447 2.199742
1070000 1.271970 1.533305 2.095122
1080000 1.550023 1.543008 2.162806
1090000 1.494916 1.622649 2.017690
1100000 2.295191 1.601372 2.067710
1110000 2.743357 1.517731 2.138156
1120000 3.019560 1.662232 2.100259
1130000 2.874843 1.690186 2.208593
1140000 2.362994 1.521685 2.094046
1150000 1.979727 1.490379 1.981445
1160000 2.961402 1.605726 2.030097
1170000 4.028100 1.650469 2.172584
1180000 3.934782 1.569622 2.038607
1190000 4.670326 1.567302 2.146137
1200000 4.199225 1.510170 2.191221
1210000 4.380264 1.577239 2.090304
1220000 3.115654 1.695057 2.140085
1230000 3.368258 1.575326 2.053392
1240000 3.277080 1.580345 2.195548
1250000 3.184228 1.556637 2.201563
1260000 4.349275 1.555864 2.113542
1270000 4.580233 1.705519 2.115875
1280000 4.149626 1.708024 2.064751
1290000 3.555285 1.685005 2.150972
1300000 2.778551 1.712201 2.039314
1310000 2.477673 1.545236 2.087358
1320000 2.101310 1.498420 2.091177
1330000 1.913137 1.500900 2.251052
1340000 2.317521 1.552562 2.107059
1350000 3.098294 1.659445 1.897480
1360000 3.728034 1.529798 2.126889
1370000 3.796709 1.582613 2.131518
1380000 3.934637 1.573194 2.118339
1390000 4.411275 1.571751 2.133725
1400000 4.179006 1.576044 2.085340
1410000 4.524968 1.524412 2.013183
1420000 3.671249 1.501536 2.045095
1430000 3.244377 1.656732 2.053181
1440000 3.061562 1.574524 2.029172
1450000 4.493035 1.528192 2.094018
1460000 4.528538 1.579380 2.149423
1470000 5.009829 1.558011 2.047100
1480000 3.999404 1.605300 2.067353
1490000 3.893571 1.677902 2.029219
1500000 4.750726 1.570738 2.056531
1510000 3.254949 1.621259 2.227899
1520000 4.401363 1.514969 2.085380
1530000 3.597432 1.544218 2.051915
1540000 2.886676 1.503575 2.052263
1550000 2.654196 1.662734 2.172090
1560000 2.420693 1.545048 2.201082
1570000 1.918830 1.500125 2.152937
1580000 1.858284 1.671526 2.019945
1590000 1.542200 1.530061 2.257454
1600000 1.339893 1.598253 2.054927
1610000 1.183864 1.570683 2.117763
1620000 0.935068 1.558877 2.270786
1630000 0.918292 1.708471 2.127266
1640000 1.149844 1.687287 2.024849
1650000 0.965844 1.547362 2.197088
1660000 1.351808 1.619056 2.079597
1670000 1.199014 1.682918 2.125381
1680000 1.330290 1.446004 2.027194
1690000 1.056960 1.556702 2.292020
1700000 1.323062 1.467405 1.970519
1710000 1.558260 1.492384 2.109565
1720000 1.631435 1.598669 2.006658
1730000 1.501014 1.638527 2.087318
1740000 1.114749 1.615182 2.249126
1750000 1.123435 1.538308 2.102760
1760000 1.273209 1.619716 2.140229
1770000 1.692726 1.526085 2.142759
1780000 1.951333 1.654956 2.107745
1790000 2.100880 1.514355 2.100841
1800000 2.633441 1.569196 2.072491
1810000 2.221424 1.577963 2.114213
1820000 2.023503 1.542359 2.207948
1830000 2.725856 1.474060 2.111457
1840000 2.772889 1.541302 1.997746
1850000 3.091251 1.590882 2.193392
1860000 2.905658 1.605067 1.969507
1870000 3.003391 1.647474 2.107637
1880000 3.363955 1.529933 1.906631
1890000 4.437051 1.627064 2.161246
1900000 3.908918 1.611049 2.212790
1910000 4.046324 1.545443 2.158453
1920000 4.534977 1.488104 2.100254
1930000 4.148649 1.597274 2.112540
1940000 3.672033 1.440448 2.121950
1950000 4.344177 1.422694 2.086200
1960000 2.606762 1.599127 2.145593
1970000 2.940376 1.520612 2.081746
1980000 3.529653 1.534737 2.106780
1990000 3.264501 1.638161 2.102760
2000000 2.909797 1.670188 2.155413
2010000 2.534934 1.642285 2.133977
2020000 2.315513 1.632004 2.024826
2030000 2.671740 1.494060 2.074408
2040000 2.383685 1.629462 2.123226
2050000 2.728079 1.624256 2.105260
2060000 2.628175 1.427720 2.114683
2070000 2.861338 1.553278 2.032823
2080000 3.441963 1.395902 2.114287
2090000 3.949689 1.585987 2.142844
2100000 4.415056 1.648617 2.080954
2110000 4.775020 1.486533 2.040414
2120000 4.498317 1.629804 2.082526
2130000 4.741066 1.624874 2.195303
2140000 4.157987 1.556845 2.020969
2150000 3.807595 1.597467 2.144496
2160000 3.823351 1.600759 2.064857
2170000 4.600291 1.540523 2.226844
2180000 4.454606 1.505487 2.044879
2190000 3.632931 1.372911 2.192009
2200000 3.715810 1.678056 2.240381
2210000 4.812957 1.647631 2.122388
2220000 4.835190 1.487133 2.074072
2230000 4.334058 1.638270 2.186864
2240000 4.831377 1.418154 1.838023
2250000 3.280555 1.580589 2.135036
2260000 3.413067 1.534487 2.168652
2270000 3.037586 1.534966 2.140621
2280000 2.193112 1.585934 2.068154
2290000 1.800732 1.602138 2.075480
2300000 1.602801 1.661457 2.095111
2310000 1.975242 1.489759 2.113391
2320000 1.980234 1.570437 2.253879
2330000 2.014645 1.577411 2.080416
2340000 1.603240 1.507442 2.094208
2350000 1.621546 1.677767 2.107870
2360000 1.506765 1.502708 2.174705
2370000 1.463487 1.620025 2.128562
2380000 1.402353 1.652922 2.188325
2390000 1.692910 1.497353 2.064781
2400000 1.825004 1.535788 2.085545
2410000 1.645742 1.495644 2.212427
2420000 1.855219 1.540865 2.142402
2430000 2.201679 1.600933 2.152162
2440000 2.218504 1.530141 2.193719
2450000 2.356942 1.587517 2.152263
2460000 2.411194 1.642242 1.989563
2470000 2.365003 1.530293 2.054114
2480000 1.957464 1.568282 2.090929
2490000 2.332226 1.652019 2.038104
2500000 3.047044 1.581225 2.088161
2510000 2.986845 1.570459 2.064450
2520000 3.506373 1.557436 2.149024
2530000 2.922563 1.662326 2.078406
2540000 2.399234 1.558734 2.093569
2550000 3.365646 1.568792 2.222746
2560000 2.706906 1.568945 1.998233
2570000 2.290774 1.503748 2.147613
2580000 1.850491 1.611596 2.011309
2590000 2.281454 1.541684 2.076306
2600000 2.863426 1.523409 2.268664
2610000 3.909160 1.566450 2.086416
2620000 3.868745 1.550084 2.071793
2630000 4.470635 1.497281 2.058280
2640000 3.946388 1.585995 2.144671
2650000 4.365717 1.537790 2.200342
2660000 4.830171 1.549789 2.011475
2670000 4.893213 1.557817 2.060077
2680000 5.017658 1.628678 2.066231
2690000 4.407150 1.595770 2.084973
2700000 4.890091 1.585837 2.240122
2710000 4.576605 1.643407 2.093007
2720000 4.383764 1.599013 2.110949
2730000 3.532810 1.644522 2.126018
2740000 3.434545 1.684715 2.012692
2750000 3.242720 1.513672 2.044189
2760000 3.808814 1.598917 2.123640
2770000 2.943143 1.683822 2.158164
2780000 2.902761 1.509009 2.014160
2790000 2.942811 1.527872 2.049056
2800000 3.649783 1.455714 2.186542
2810000 3.064304 1.610274 1.977052
2820000 2.675716 1.562330 2.100753
2830000 3.429172 1.584806 2.103454
2840000 4.072630 1.686009 2.117230
2850000 4.706328 1.466859 2.122265
2860000 3.928458 1.620163 2.184112
2870000 4.288900 1.435638 2.118879
2880000 4.186793 1.573317 2.095433
2890000 3.667584 1.726976 2.146720
2900000 3.429175 1.720895 1.994250
2910000 2.793775 1.564708 2.062177
2920000 2.072949 1.490693 2.088760
2930000 1.840320 1.459041 2.122121
2940000 2.218414 1.577844 2.032129
2950000 2.261767 1.656866 2.128490
2960000 2.753499 1.583586 2.076804
2970000 2.507192 1.569969 1.955983
2980000 2.803756 1.605175 2.119046
2990000 3.709617 1.538022 2.030569
3000000 4.385064 1.686878 2.093392
3010000 2.709063 1.580509 1.994592
3020000 2.786769 1.487451 1.981858
3030000 2.464119 1.469270 2.062352
3040000 2.105259 1.692445 2.158377
3050000 1.844707 1.526871 2.057767
3060000 1.448366 1.628721 2.100128
3070000 1.297513 1.628692 2.105680
3080000 1.650297 1.616335 1.935725
3090000 1.580732 1.591173 1.952825
3100000 1.772535 1.581071 1.840180
3110000 1.649321 1.646659 2.124371
3120000 1.038734 1.488610 2.132242
3130000 0.799421 1.525018 2.069957
3140000 0.942475 1.545095 2.079321
3150000 1.025605 1.616168 2.158814
3160000 1.238590 1.564214 2.182569
3170000 0.943649 1.742605 2.229911
3180000 1.061062 1.446188 2.419947
3190000 1.150208 1.637229 2.172585
3200000 1.412760 1.597414 2.046202
3210000 1.187644 1.627513 2.100429
3220000 1.177396 1.658494 1.995976
3230000 1.309876 1.682051 2.085333
3240000 1.072824 1.648583 2.075165
3250000 0.517656 1.442067 2.271885
3260000 0.611338 1.582582 2.239750
3270000 0.619678 1.582688 2.177502
3280000 0.574924 1.562960 2.268699
3290000 0.849807 1.578953 2.034051
3300000 0.511985 1.604438 2.284291
3310000 0.502253 1.692156 2.195348
3320000 0.597845 1.532919 2.215921
3330000 0.689667 1.487299 2.104108
3340000 1.233589 1.535460 2.083688
3350000 2.008081 1.437909 2.136422
3360000 2.424457 1.605656 2.095733
3370000 2.197225 1.557637 2.047423
3380000 1.836686 1.417585 2.031503
3390000 1.771493 1.549192 2.079750
3400000 1.955225 1.623647 2.166917
3410000 1.830492 1.558453 2.149247
3420000 1.994354 1.625342 2.011580
3430000 2.357031 1.713597 2.008244
3440000 2.910449 1.595552 2.026602
3450000 2.360655 1.517095 2.077235
3460000 2.816952 1.611353 2.091357
3470000 3.291801 1.577686 2.148044
3480000 4.597133 1.628844 2.074513
3490000 4.464371 1.485988 2.124880
3500000 4.999762 1.645108 1.968091
3510000 4.887798 1.591684 1.966199
3520000 4.750705 1.547113 2.145854
3530000 4.826526 1.541037 2.087050
3540000 4.935087 1.546283 2.099310
3550000 3.914808 1.585241 2.152303
3560000 4.220153 1.558109 2.184646
3570000 4.497178 1.494262 2.187674
3580000 3.487791 1.714096 2.057146
3590000 3.741396 1.522686 2.003616
3600000 3.755883 1.603661 2.039541
3610000 2.984817 1.573559 2.052728
3620000 3.966453 1.632361 2.065721
3630000 3.980537 1.488403 1.997624
3640000 3.720822 1.621362 2.113706
3650000 3.082576 1.465822 2.075189
3660000 2.951581 1.595199 2.059149
3670000 2.844479 1.545532 2.070388
3680000 2.831681 1.576085 2.067590
3690000 2.861210 1.543092 2.154496
3700000 2.552247 1.458986 1.976589
3710000 2.055313 1.598621 2.069190
3720000 2.229291 1.550973 2.080646
3730000 2.399798 1.509383 2.068706
3740000 2.716274 1.512460 2.088344
3750000 4.335690 1.486895 1.964638
3760000 4.981922 1.717177 2.163174
3770000 4.669204 1.677449 2.112829
3780000 4.655222 1.554304 2.058424
3790000 4.504242 1.680268 2.130147
3800000 4.198227 1.594991 2.103243
3810000 4.531645 1.489931 2.136399
3820000 4.140799 1.642608 2.139939
3830000 4.105392 1.560035 2.136993
3840000 3.601234 1.568497 1.878141
3850000 3.764349 1.472287 2.269599
3860000 3.530339 1.530952 2.135295
3870000 3.638634 1.459663 2.106865
3880000 4.148144 1.419994 2.132289
3890000 3.267391 1.614857 2.140210
3900000 3.970287 1.515650 2.108857
3910000 3.749222 1.725252 2.025037
3920000 4.262593 1.428397 2.161220
3930000 4.739787 1.563919 2.177262
3940000 4.366710 1.584330 2.179813
3950000 4.624840 1.691736 2.060165
3960000 4.153845 1.556920 2.068840
