100000 4.447994 1.466193 1.956934
110000 4.577749 1.447994 1.933134
120000 4.133049 1.544198 1.909378
130000 2.868888 1.583421 1.944198
140000 3.412269 1.651678 1.834281
150000 4.418025 1.502445 1.911134
160000 4.888418 1.584764 1.969753
170000 4.681746 1.643121 1.966400
180000 4.747650 1.519858 1.852710
190000 4.511576 1.569664 1.826644
200000 4.892075 1.576331 1.948473
210000 3.989496 1.474553 1.852382
220000 2.557837 1.668824 1.978567
230000 2.603397 1.603991 1.794709
240000 2.655399 1.561645 1.959045
250000 1.973965 1.640280 1.963219
260000 1.910723 1.598280 1.933661
270000 1.646465 1.673497 1.960967
280000 1.513839 1.649555 2.137193
290000 1.684718 1.724211 1.965042
300000 2.364697 1.656451 1.817343
310000 3.479046 1.557451 1.765162
320000 2.993581 1.684497 1.957698
330000 3.419156 1.529101 1.955806
340000 2.411295 1.592965 1.794339
350000 1.994520 1.634868 1.855941
360000 2.582964 1.484439 1.959796
370000 1.919278 1.580813 1.903695
380000 1.561897 1.728126 1.826099
390000 0.955207 1.589766 1.923044
400000 0.862169 1.660357 1.971101
410000 0.931682 1.614830 1.864073
420000 1.239438 1.566945 1.805328
430000 1.327597 1.638451 1.932869
440000 1.320405 1.720282 1.932722
450000 1.411979 1.571774 2.075534
460000 1.789991 1.586597 1.902037
470000 2.084203 1.593215 1.937900
480000 3.818330 1.515138 1.879036
490000 4.408611 1.519799 1.911305
500000 3.999165 1.433633 2.001534
510000 3.735488 1.536496 1.911437
520000 2.815465 1.636765 1.850926
530000 3.167534 1.628711 1.825438
540000 3.528351 1.509098 1.882382
550000 2.528209 1.556695 2.007988
560000 2.738491 1.732219 1.820070
570000 2.969418 1.557541 2.005168
580000 4.023900 1.629681 1.785651
590000 3.695258 1.567335 1.942519
600000 4.186653 1.517212 1.899405
610000 3.861638 1.640087 1.926361
620000 3.823714 1.552022 1.986978
630000 4.628764 1.650966 1.960078
640000 4.655927 1.513015 1.826894
650000 3.965938 1.671210 1.893748
660000 4.132264 1.514226 1.951942
670000 3.495993 1.575887 1.949808
680000 2.349161 1.526073 1.947576
690000 2.389855 1.653060 1.962252
700000 3.060652 1.604457 1.860244
710000 2.467902 1.643923 1.904878
720000 2.023140 1.423440 2.021526
730000 1.675381 1.656662 1.825874
740000 1.738287 1.622206 1.907432
750000 0.898440 1.587460 1.991843
760000 0.901526 1.522392 1.908917
770000 1.335312 1.622584 1.913472
780000 1.261433 1.581114 1.959042
790000 1.052116 1.576847 1.926676
800000 0.956992 1.594519 1.958235
810000 1.308044 1.622547 1.889475
820000 1.655137 1.748364 1.891443
830000 1.664644 1.623297 1.882119
840000 2.355609 1.633114 1.861104
850000 2.187558 1.558290 1.935588
860000 2.112894 1.562930 1.874418
870000 2.529400 1.646268 1.878568
880000 3.732327 1.463994 1.880898
890000 3.910703 1.658023 1.987863
900000 2.975155 1.614331 1.962592
910000 3.288528 1.548961 2.084232
920000 3.829080 1.600423 1.927379
930000 3.297503 1.543435 1.939302
940000 4.626351 1.511924 1.911902
950000 4.503339 1.507678 1.979238
960000 4.778388 1.581750 1.875030
970000 4.845836 1.509086 1.839202
980000 3.903849 1.586681 1.869213
990000 4.362113 1.551899 1.835123
1000000 4.735564 1.569553 2.042279
1010000 3.703995 1.567718 1.935726
1020000 2.881194 1.529740 1.937965
1030000 3.122912 1.607236 1.899768
1040000 2.493378 1.660291 1.913133
1050000 2.313437 1.568333 1.937733
1060000 2.913493 1.509506 1.937127
1070000 3.686032 1.580293 2.060285
1080000 4.367804 1.469989 1.911375
1090000 4.868515 1.591643 1.917339
1100000 3.589785 1.581256 2.000071
1110000 4.166130 1.580680 1.962005
1120000 3.972310 1.567429 1.900240
1130000 4.095732 1.549921 1.844902
1140000 4.893037 1.548626 1.887253
1150000 4.834087 1.586438 1.784012
1160000 5.028364 1.661318 1.948677
1170000 4.729580 1.685403 1.872422
1180000 4.924150 1.674036 1.895011
1190000 5.013612 1.516105 1.945404
1200000 4.919409 1.591541 1.884274
1210000 4.767090 1.628550 1.944993
1220000 4.813000 1.673071 1.918130
1230000 4.487861 1.639812 1.827403
1240000 3.458702 1.574280 1.975559
1250000 3.125244 1.498069 1.840317
1260000 4.447634 1.697972 1.963147
1270000 3.655779 1.465221 2.000377
1280000 2.840869 1.558694 1.838035
1290000 3.053136 1.547281 1.859765
1300000 2.731588 1.568421 1.805382
1310000 2.415282 1.564916 1.958807
1320000 3.630407 1.702198 1.928577
1330000 4.411755 1.664136 1.924384
1340000 4.380104 1.714856 1.813767
1350000 3.600501 1.659940 1.881765
1360000 4.693477 1.714021 1.928725
1370000 4.452300 1.640761 1.977403
1380000 4.750849 1.545042 2.018332
1390000 4.632365 1.593112 1.886426
1400000 4.324808 1.497815 1.934599
1410000 3.651185 1.579711 2.004543
1420000 3.155622 1.484215 1.995371
1430000 2.679155 1.533462 1.931666
1440000 2.136205 1.698387 1.884718
1450000 2.308655 1.638303 1.972756
1460000 1.940399 1.444344 1.887956
1470000 1.719724 1.583013 1.811623
1480000 1.467341 1.575587 1.986704
1490000 1.545025 1.498296 1.977044
1500000 1.768279 1.675929 1.850582
1510000 2.023584 1.512512 1.878573
1520000 1.715948 1.669192 1.863265
1530000 2.016313 1.547823 1.891636
1540000 1.281603 1.617863 1.797509
1550000 1.035524 1.457843 1.884265
1560000 0.667594 1.574485 1.987721
1570000 0.902501 1.550576 1.888559
1580000 0.893584 1.600702 2.018196
1590000 0.908870 1.448924 1.988022
1600000 1.412185 1.533429 2.032638
1610000 1.309748 1.654912 1.879299
1620000 1.665752 1.585042 1.874971
1630000 1.305968 1.570234 1.921047
1640000 1.159379 1.535786 1.893418
1650000 1.108793 1.711900 1.880483
1660000 1.257050 1.634404 1.861728
1670000 1.575405 1.595743 1.921728
1680000 1.601858 1.741874 1.866383
1690000 1.463581 1.607753 2.033076
1700000 1.500163 1.666195 1.892377
1710000 2.084410 1.511295 1.941196
1720000 2.267155 1.536535 1.870087
1730000 2.830867 1.538291 1.901372
1740000 2.568741 1.539466 1.863620
1750000 2.694474 1.551744 1.808253
1760000 3.195400 1.455109 1.872363
1770000 3.026301 1.546358 1.958757
1780000 3.559730 1.570372 1.851390
1790000 4.933538 1.464051 1.930339
1800000 4.415255 1.551516 1.902386
1810000 4.459814 1.663230 2.039157
1820000 3.692142 1.554427 1.827267
1830000 3.819075 1.550783 2.007428
1840000 4.348717 1.555926 1.848587
1850000 5.008292 1.507761 1.908212
1860000 5.002520 1.688727 2.124259
1870000 4.764260 1.579038 1.931710
1880000 3.577711 1.551499 1.955409
1890000 2.965232 1.566545 1.900829
1900000 2.267739 1.508478 1.871647
1910000 2.458987 1.624769 1.970840
1920000 2.453916 1.609037 1.968348
1930000 2.792174 1.616000 1.889038
1940000 3.452728 1.529811 1.910380
1950000 3.241820 1.501533 1.843447
1960000 4.041738 1.611655 2.023874
1970000 3.817744 1.456769 1.926706
1980000 4.263128 1.472308 1.914221
1990000 4.814482 1.494453 1.795840
2000000 4.553909 1.594107 2.048600
2010000 3.208046 1.625284 1.907802
2020000 2.827211 1.483319 1.885777
2030000 2.132421 1.588186 1.965423
2040000 2.037843 1.545825 1.909444
2050000 2.665231 1.442229 1.852537
2060000 2.271944 1.560583 1.953048
2070000 3.145013 1.557903 1.913317
2080000 3.723531 1.669139 1.798431
2090000 4.388906 1.596883 1.918109
2100000 4.653968 1.474349 2.064261
2110000 4.326528 1.438548 1.891979
2120000 3.801969 1.589790 1.986190
2130000 3.383069 1.480899 1.997877
2140000 4.190305 1.616040 2.045048
2150000 3.294004 1.639677 1.964643
2160000 3.500171 1.491188 1.767764
2170000 3.138990 1.610032 1.780455
2180000 3.493979 1.491851 1.941960
2190000 3.903509 1.440757 1.908489
2200000 4.695356 1.712572 1.873882
2210000 4.752235 1.457373 1.895427
2220000 4.276892 1.509029 1.849920
2230000 3.928044 1.536657 2.097676
2240000 4.249591 1.592375 2.021140
2250000 4.154251 1.496708 1.961790
2260000 4.180642 1.511613 1.921136
2270000 4.752177 1.544259 1.835844
2280000 4.613180 1.586184 1.961986
2290000 4.868350 1.438826 1.911438
2300000 3.905303 1.664235 2.055107
2310000 4.717819 1.504181 1.782189
2320000 4.145524 1.510382 1.924240
2330000 3.631834 1.496555 1.963483
2340000 3.666268 1.659641 1.959352
2350000 4.513654 1.547497 1.844860
2360000 5.032733 1.552261 1.911351
2370000 4.898091 1.602255 2.134466
2380000 4.739424 1.518321 1.960491
2390000 3.943747 1.415649 1.966078
2400000 2.679186 1.554761 1.930217
2410000 2.486523 1.549691 1.844416
2420000 2.591030 1.625337 2.002232
2430000 1.901800 1.626430 1.901531
2440000 2.191002 1.564820 1.917304
2450000 1.707301 1.705782 1.918098
2460000 1.599202 1.595706 1.946898
2470000 1.579581 1.540028 2.010688
2480000 1.496730 1.596102 1.883560
2490000 1.852197 1.578815 1.894029
2500000 1.150230 1.636621 2.011604
2510000 1.325518 1.534604 1.844789
2520000 1.336333 1.550418 1.839155
2530000 1.550818 1.606218 1.908664
2540000 2.425080 1.579128 1.829490
2550000 2.352385 1.663618 1.951274
2560000 2.647550 1.523544 1.949953
2570000 3.030600 1.708450 1.965077
2580000 3.075542 1.667127 1.850331
2590000 2.360268 1.574694 1.979997
2600000 2.137750 1.539656 1.887589
2610000 2.530907 1.552870 1.893720
2620000 2.826323 1.557190 1.926714
2630000 3.494909 1.586872 1.775349
2640000 3.056957 1.491291 2.023972
2650000 3.925547 1.317409 1.889435
2660000 4.140691 1.520573 1.987172
2670000 3.739377 1.531426 1.912921
2680000 3.186431 1.527888 1.909398
2690000 4.416803 1.549199 1.800865
2700000 4.995061 1.655834 1.840386
2710000 4.238345 1.604832 1.989566
2720000 4.694958 1.546455 2.064192
2730000 4.039831 1.591408 1.831227
2740000 2.814183 1.638645 2.028452
2750000 3.457712 1.464186 1.943953
2760000 3.934492 1.626390 1.917975
2770000 3.088114 1.478430 1.758382
2780000 1.934971 1.608191 1.941120
2790000 1.709765 1.617942 2.044229
2800000 2.456988 1.493639 1.925066
2810000 1.937147 1.587484 1.917992
2820000 2.522788 1.503026 1.984301
2830000 1.652247 1.454468 1.895129
2840000 1.587360 1.588401 1.704339
2850000 1.736577 1.588413 1.931954
2860000 1.825303 1.550755 1.821834
2870000 1.452681 1.704582 1.935627
2880000 1.440771 1.606648 2.101131
2890000 1.146143 1.669975 1.912385
2900000 1.320712 1.513118 1.980793
2910000 1.732893 1.542715 2.113190
2920000 2.073093 1.619989 1.954695
2930000 1.831519 1.636840 1.886061
2940000 1.959451 1.594631 1.846132
2950000 1.727675 1.602824 1.901961
2960000 1.755558 1.456274 1.895260
2970000 1.743039 1.629035 1.808125
2980000 1.953966 1.591132 1.915192
2990000 1.494038 1.558316 1.979026
3000000 1.340354 1.445932 2.028132
3010000 0.819047 1.603846 1.946905
3020000 0.851931 1.544698 1.966892
3030000 0.571295 1.692707 1.957515
3040000 0.852095 1.586639 1.964613
3050000 0.865872 1.574945 1.971782
3060000 0.992152 1.564317 1.954350
3070000 0.790188 1.630275 2.024459
3080000 0.672303 1.472488 1.902875
3090000 0.789515 1.572899 2.002721
3100000 1.085643 1.537497 2.024488
3110000 1.086282 1.666845 1.975905
3120000 1.112377 1.573118 1.923004
3130000 1.086558 1.509066 1.962247
3140000 0.958502 1.603986 1.987887
3150000 0.919774 1.565086 2.081508
3160000 0.947404 1.575128 1.859967
3170000 0.932753 1.725814 1.869001
3180000 0.946864 1.572017 2.040204
3190000 1.207661 1.616701 2.056534
3200000 1.175692 1.512399 2.007717
3210000 1.220605 1.498006 2.044533
3220000 1.532633 1.546659 1.933209
3230000 1.539396 1.471868 1.869126
3240000 1.616351 1.607423 1.902429
3250000 1.591783 1.563478 1.936101
3260000 1.820561 1.606832 1.908518
3270000 1.470261 1.576556 1.938199
3280000 2.203392 1.558384 1.848914
3290000 2.288882 1.480479 1.996730
3300000 2.721218 1.470949 1.882215
3310000 2.790316 1.588797 1.962941
3320000 2.975439 1.542174 1.990776
3330000 2.568813 1.473871 1.886158
3340000 2.543533 1.666198 1.891046
3350000 3.033555 1.764941 1.953924
3360000 3.427278 1.640065 1.934146
3370000 3.955423 1.551231 1.858998
3380000 3.907008 1.513647 1.817710
3390000 3.224811 1.609996 1.963675
3400000 2.352896 1.511108 1.863681
3410000 2.470689 1.504548 1.843474
3420000 2.362748 1.580347 1.894716
3430000 2.511020 1.513899 1.944859
3440000 2.604097 1.450097 1.884299
3450000 2.849820 1.615806 1.913896
3460000 3.019912 1.601759 1.903839
3470000 3.119582 1.528774 2.038005
3480000 4.801978 1.653287 2.008900
3490000 4.325637 1.536396 1.980989
3500000 4.290010 1.577303 1.790981
3510000 4.777733 1.478476 1.934284
3520000 4.044435 1.549195 1.859955
3530000 4.202322 1.524602 1.883171
3540000 4.704761 1.489714 1.970452
3550000 4.250559 1.627802 1.881867
3560000 4.513189 1.476691 1.810309
3570000 4.385551 1.537968 1.917246
3580000 3.938381 1.577025 1.919531
3590000 3.626973 1.489726 1.966392
3600000 3.401828 1.448701 1.964483
3610000 2.879343 1.560398 1.902973
3620000 3.722216 1.577254 1.867382
3630000 3.206439 1.671325 2.059626
3640000 3.161968 1.581851 1.798768
3650000 2.319420 1.518689 1.930633
3660000 2.518094 1.473742 1.916408
3670000 3.140564 1.504991 1.902959
3680000 2.702738 1.568315 1.855279
3690000 2.628190 1.749000 1.822083
3700000 2.638603 1.581006 1.956088
3710000 2.361141 1.515931 1.857158
3720000 2.080943 1.591542 1.932104
3730000 2.053505 1.505261 1.783568
3740000 1.975863 1.576209 1.921610
3750000 1.864846 1.577847 1.831369
3760000 2.287309 1.663418 1.808532
3770000 2.320513 1.379294 2.008234
3780000 2.741540 1.525562 1.983560
3790000 3.854451 1.628960 1.871926
3800000 2.894515 1.588814 1.805282
3810000 4.089926 1.607849 1.944235
3820000 3.997316 1.460599 1.905950
3830000 3.585440 1.550602 1.928027
3840000 3.396201 1.519502 1.956926
3850000 4.254691 1.659644 1.879967
3860000 3.635655 1.623493 1.928466
3870000 3.287117 1.530297 1.939307
3880000 3.529766 1.562948 1.964523
3890000 4.161097 1.327040 1.787174
3900000 4.603266 1.640289 1.940291
3910000 4.354281 1.538556 1.859575
3920000 3.816870 1.505444 1.882037
3930000 4.604686 1.603248 1.964514
3940000 4.652057 1.613266 1.935025
3950000 4.505731 1.540772 1.844890
3960000 5.001152 1.609469 1.801158
3970000 3.471391 1.518959 1.921643
3980000 3.621711 1.489957 1.861888
3990000 3.285564 1.638509 1.870550
4000000 4.042215 1.562339 1.949921
