100000 3.243165 1.535237 1.540747
110000 3.568227 1.645512 1.521167
120000 4.971450 1.570385 1.538202
130000 4.120605 1.613941 1.658218
140000 4.193654 1.646142 1.547309
150000 3.280181 1.578569 1.578315
160000 2.524401 1.530039 1.657015
170000 3.135341 1.686689 1.471403
180000 4.354203 1.559105 1.389166
190000 4.355110 1.498669 1.513724
200000 4.758878 1.573852 1.552470
210000 4.545295 1.622942 1.504447
220000 4.229027 1.554178 1.618041
230000 5.013618 1.598719 1.593421
240000 4.998823 1.598458 1.539824
250000 5.040357 1.588731 1.525103
260000 3.295826 1.548624 1.621433
270000 1.924019 1.635626 1.467681
280000 2.168466 1.603396 1.685895
290000 1.073277 1.516942 1.552261
300000 1.434211 1.657503 1.593345
310000 1.071894 1.667082 1.647820
320000 1.307731 1.505536 1.542837
330000 1.184396 1.543554 1.576646
340000 1.769697 1.449535 1.595821
350000 1.661702 1.595672 1.641784
360000 2.256821 1.536128 1.471819
370000 2.899370 1.607072 1.553458
380000 2.415427 1.474997 1.605212
390000 1.634241 1.505145 1.703267
400000 1.454274 1.542471 1.637244
410000 1.407034 1.563920 1.538632
420000 0.938689 1.581081 1.547610
430000 0.912013 1.696934 1.572757
440000 1.705271 1.583246 1.573433
450000 1.977002 1.733218 1.541537
460000 1.677163 1.586589 1.462312
470000 2.407995 1.464021 1.509326
480000 2.533454 1.515445 1.677016
490000 2.802443 1.609015 1.518420
500000 3.575590 1.682972 1.540949
510000 3.759422 1.571320 1.504848
520000 4.695515 1.650320 1.612545
530000 5.006507 1.676190 1.628908
540000 3.870722 1.512639 1.472835
550000 2.809154 1.635708 1.662087
560000 2.946039 1.528725 1.491241
570000 2.594461 1.611713 1.661251
580000 3.254870 1.635832 1.568697
590000 3.298905 1.578543 1.472157
600000 4.551550 1.565330 1.524434
610000 4.401511 1.596984 1.650170
620000 4.285699 1.605294 1.552832
630000 3.653812 1.530247 1.660820
640000 4.137939 1.606885 1.594529
650000 4.321697 1.492742 1.587382
660000 3.458333 1.745965 1.566854
670000 3.548593 1.549383 1.519619
680000 2.405390 1.606718 1.615077
690000 2.049527 1.501536 1.570382
700000 2.119890 1.626538 1.604312
710000 1.554064 1.526115 1.617627
720000 1.395680 1.562448 1.719161
730000 1.376329 1.514547 1.604323
740000 1.440254 1.459945 1.558952
750000 2.135142 1.541603 1.564173
760000 2.289450 1.528975 1.571808
770000 2.684509 1.562677 1.575400
780000 3.006583 1.542770 1.670222
790000 2.549665 1.541082 1.556793
800000 2.474480 1.541393 1.597405
810000 3.404486 1.392468 1.596000
820000 4.158557 1.580236 1.625496
830000 3.664898 1.525905 1.446775
840000 4.609007 1.341771 1.459569
850000 3.403279 1.626462 1.504076
860000 3.858522 1.555100 1.581247
870000 3.153773 1.585757 1.582269
880000 3.630764 1.674569 1.628547
890000 4.701183 1.548927 1.529236
900000 4.941480 1.441976 1.487746
910000 4.643643 1.615841 1.557317
920000 4.168275 1.548790 1.483625
930000 4.494468 1.637436 1.563422
940000 3.974197 1.639731 1.466636
950000 2.770549 1.471128 1.570813
960000 2.131264 1.560521 1.607920
970000 2.479585 1.631115 1.630035
980000 2.903243 1.475855 1.562998
990000 3.842277 1.568723 1.583334
1000000 4.626921 1.511063 1.545346
1010000 3.845226 1.599221 1.580882
1020000 4.065333 1.711477 1.535693
1030000 3.489193 1.567074 1.633479
1040000 2.220745 1.545204 1.523138
1050000 1.938906 1.501114 1.564846
1060000 1.643442 1.617390 1.548028
1070000 1.544419 1.574759 1.613362
1080000 2.265337 1.537108 1.475449
1090000 2.609908 1.542409 1.512609
1100000 2.405135 1.545345 1.388773
1110000 1.865245 1.466081 1.610253
1120000 1.600190 1.540172 1.399508
1130000 1.304927 1.528422 1.600005
1140000 1.225981 1.573038 1.596745
1150000 0.745673 1.540045 1.599616
1160000 0.850155 1.622523 1.510034
1170000 1.028138 1.631028 1.522808
1180000 0.844587 1.517288 1.559425
1190000 1.098969 1.525277 1.590074
1200000 1.305644 1.609358 1.598809
1210000 1.148656 1.598486 1.595333
1220000 1.397929 1.690156 1.535494
1230000 1.448449 1.522887 1.575111
1240000 1.278874 1.546139 1.565384
1250000 0.965869 1.616950 1.654250
1260000 0.839601 1.740762 1.447691
1270000 0.884705 1.569837 1.356331
1280000 1.142715 1.682917 1.633441
1290000 1.382520 1.577782 1.533318
1300000 1.640945 1.543893 1.617650
1310000 1.809804 1.564872 1.570912
1320000 1.775348 1.708002 1.507592
1330000 2.008141 1.528927 1.537919
1340000 1.667721 1.580107 1.540940
1350000 1.634901 1.756959 1.491596
1360000 1.398521 1.624536 1.570496
1370000 1.293560 1.606426 1.516061
1380000 1.653033 1.435666 1.550533
1390000 1.154562 1.504266 1.649392
1400000 0.901000 1.515705 1.524580
1410000 0.853790 1.712095 1.546704
1420000 0.755220 1.686327 1.595377
1430000 0.546476 1.715366 1.556246
1440000 0.541722 1.635470 1.691877
1450000 0.875244 1.589088 1.665140
1460000 0.744956 1.521543 1.713556
1470000 0.955282 1.504681 1.536007
1480000 0.994172 1.561337 1.507679
1490000 1.108990 1.593366 1.651972
1500000 0.947074 1.516925 1.543950
1510000 1.438640 1.657621 1.657220
1520000 1.607863 1.563105 1.590744
1530000 2.122401 1.557294 1.507276
1540000 2.383124 1.633702 1.556700
1550000 2.927704 1.560843 1.602496
1560000 2.946660 1.571670 1.485669
1570000 3.624262 1.706722 1.545779
1580000 3.253462 1.581216 1.644810
1590000 4.205526 1.570460 1.563790
1600000 4.549941 1.475869 1.683757
1610000 3.768577 1.615678 1.591331
1620000 4.363115 1.638595 1.636330
1630000 4.664270 1.453312 1.616903
1640000 4.998724 1.615392 1.528129
1650000 4.809994 1.446441 1.621630
1660000 4.925321 1.535234 1.427262
1670000 4.714484 1.540240 1.613406
1680000 4.119716 1.573500 1.580934
1690000 2.986541 1.563043 1.520744
1700000 2.792843 1.685535 1.497948
1710000 2.840237 1.593416 1.592232
1720000 2.310147 1.610412 1.533317
1730000 3.016981 1.616085 1.531135
1740000 3.172471 1.557039 1.617852
1750000 3.435326 1.566854 1.651384
1760000 4.036129 1.568694 1.597488
1770000 4.184157 1.588146 1.532500
1780000 4.521970 1.696730 1.522626
1790000 4.169132 1.549669 1.561498
1800000 3.664460 1.630729 1.468177
1810000 3.275250 1.611230 1.518343
1820000 3.169336 1.466412 1.710497
1830000 4.166658 1.641826 1.584732
1840000 3.963164 1.699652 1.490957
1850000 3.283045 1.723591 1.651910
1860000 3.853564 1.494643 1.424107
1870000 3.682817 1.567462 1.574916
1880000 4.362886 1.508048 1.534355
1890000 4.174997 1.569623 1.574593
1900000 4.727402 1.551672 1.597644
1910000 4.739160 1.578223 1.548695
1920000 4.777488 1.599935 1.489658
1930000 4.916746 1.581861 1.611501
1940000 4.910394 1.493025 1.674120
1950000 4.921191 1.522170 1.564611
1960000 4.786812 1.463919 1.595603
1970000 3.172603 1.513207 1.517136
1980000 2.739490 1.549425 1.688595
1990000 3.080318 1.616249 1.591829
2000000 3.008604 1.629238 1.538306
2010000 3.355704 1.630172 1.651925
2020000 3.328382 1.542327 1.685920
2030000 2.673046 1.617345 1.592381
2040000 2.515441 1.560241 1.572080
2050000 2.656259 1.626133 1.520138
2060000 2.443431 1.481632 1.544230
2070000 2.096545 1.494216 1.543004
2080000 1.975160 1.647643 1.643460
2090000 2.077063 1.532724 1.631833
2100000 1.956068 1.555305 1.519177
2110000 1.581495 1.557496 1.483719
2120000 1.586111 1.626942 1.580527
2130000 1.755361 1.416832 1.578152
2140000 2.553905 1.514429 1.523484
2150000 2.860299 1.590511 1.662848
2160000 3.089623 1.568398 1.584602
2170000 3.368495 1.629783 1.533817
2180000 3.637734 1.568402 1.727312
2190000 4.102224 1.769578 1.602746
2200000 3.768970 1.609240 1.544098
2210000 3.545963 1.513714 1.489642
2220000 4.297601 1.583815 1.694056
2230000 4.572997 1.517699 1.566577
2240000 4.077791 1.590583 1.521468
2250000 4.763899 1.533475 1.571104
2260000 4.356136 1.715619 1.604768
2270000 4.094922 1.530357 1.584293
2280000 3.779709 1.602572 1.580345
2290000 2.716516 1.701117 1.640040
2300000 3.186380 1.635696 1.580726
2310000 3.373970 1.429698 1.668524
2320000 3.302943 1.613863 1.461587
2330000 2.566633 1.635370 1.450411
2340000 2.463445 1.624877 1.596194
2350000 2.523526 1.494338 1.479162
2360000 3.001958 1.561995 1.594184
2370000 3.787922 1.499233 1.509293
2380000 3.875066 1.522378 1.614128
2390000 4.243591 1.546956 1.526708
2400000 3.483648 1.531114 1.624790
2410000 2.901948 1.600342 1.665900
2420000 2.502866 1.526244 1.592246
2430000 2.190058 1.575374 1.523092
2440000 1.822888 1.505408 1.488686
2450000 2.317380 1.465902 1.593595
2460000 2.754773 1.486027 1.612373
2470000 2.731341 1.533910 1.457821
2480000 2.367611 1.474425 1.563176
2490000 2.019972 1.381626 1.621298
2500000 2.444583 1.623899 1.539385
2510000 2.789851 1.564578 1.549554
2520000 3.190744 1.595353 1.552198
2530000 4.154662 1.645910 1.550566
2540000 4.877775 1.542530 1.505466
2550000 3.867252 1.636153 1.685395
2560000 3.529483 1.543206 1.564876
2570000 4.544716 1.582905 1.538399
2580000 4.803547 1.521584 1.581521
2590000 4.653789 1.502209 1.543597
2600000 4.837704 1.658974 1.655070
2610000 4.202324 1.602712 1.567453
2620000 2.920878 1.398810 1.671000
2630000 3.117508 1.513079 1.623234
2640000 3.023860 1.680120 1.707941
2650000 3.452098 1.511824 1.601526
2660000 3.265844 1.554648 1.598597
2670000 3.442208 1.672269 1.619136
2680000 2.751347 1.594574 1.569753
2690000 2.708323 1.505142 1.553810
2700000 2.263978 1.668611 1.465237
2710000 2.382505 1.497953 1.435509
2720000 1.769501 1.580046 1.445742
2730000 1.817379 1.670839 1.560926
2740000 1.834315 1.596504 1.582400
2750000 1.418532 1.629202 1.492568
2760000 1.493020 1.626377 1.488418
2770000 1.145405 1.491373 1.555266
2780000 1.139159 1.533652 1.359881
2790000 1.330321 1.553126 1.594201
2800000 1.508607 1.375953 1.559989
2810000 1.195024 1.484047 1.594597
2820000 1.105058 1.446513 1.606676
2830000 0.999671 1.521266 1.627000
2840000 1.368076 1.424808 1.428475
2850000 1.222159 1.567757 1.420037
2860000 1.283040 1.595995 1.520558
2870000 1.003915 1.554888 1.618215
2880000 0.824689 1.533859 1.621500
2890000 0.844460 1.592592 1.623145
2900000 0.744753 1.657614 1.558001
2910000 0.637585 1.567869 1.570164
2920000 0.683097 1.549683 1.606582
2930000 0.844772 1.594772 1.569990
2940000 0.815456 1.536844 1.610251
2950000 1.182783 1.396854 1.369773
2960000 1.090641 1.581725 1.522788
2970000 1.077936 1.454023 1.538968
2980000 1.045263 1.629558 1.546702
2990000 1.433457 1.425037 1.512627
3000000 1.567696 1.597858 1.619252
3010000 1.429567 1.472898 1.592438
3020000 1.942121 1.636532 1.565873
3030000 1.783079 1.675464 1.502543
3040000 1.731984 1.522624 1.526954
3050000 1.697299 1.658983 1.555907
3060000 2.349972 1.522632 1.584542
3070000 2.367804 1.545921 1.531894
3080000 3.269212 1.487664 1.623844
3090000 3.752729 1.668855 1.576741
3100000 4.530973 1.574308 1.533215
3110000 4.337211 1.512902 1.719462
3120000 4.398769 1.532897 1.482878
3130000 4.549267 1.607941 1.459835
3140000 4.534635 1.677407 1.504235
3150000 4.759423 1.573178 1.654889
3160000 3.889007 1.458710 1.546119
3170000 3.709286 1.441563 1.527204
3180000 4.848453 1.563400 1.500056
3190000 3.781921 1.602977 1.555215
3200000 5.013864 1.561464 1.548758
3210000 4.774365 1.457293 1.625640
3220000 3.782613 1.666361 1.466203
3230000 3.562073 1.477207 1.547602
3240000 3.864949 1.657672 1.544965
3250000 3.057311 1.662484 1.703398
3260000 3.098288 1.538256 1.632122
3270000 3.264000 1.539894 1.665075
3280000 3.349994 1.597744 1.579613
3290000 2.535087 1.761582 1.611788
3300000 3.133616 1.492305 1.528074
3310000 2.574781 1.504039 1.727151
3320000 2.193382 1.552552 1.442361
3330000 2.454331 1.546284 1.552862
3340000 2.352635 1.522848 1.531055
3350000 2.131757 1.520830 1.463836
3360000 2.412667 1.468088 1.585363
3370000 1.954632 1.620060 1.554297
3380000 1.656489 1.429846 1.602502
3390000 1.603587 1.593400 1.651120
3400000 1.807621 1.534749 1.540486
3410000 1.695862 1.588779 1.474200
3420000 1.408516 1.508959 1.615867
3430000 1.349704 1.620803 1.432003
3440000 1.545988 1.588502 1.606908
3450000 1.471841 1.576119 1.612130
3460000 2.147474 1.405905 1.482211
3470000 2.228770 1.599430 1.532566
3480000 2.174251 1.535948 1.484245
3490000 2.218480 1.573825 1.605074
3500000 1.603174 1.579929 1.530809
3510000 1.711025 1.627847 1.537206
3520000 1.835812 1.652676 1.664130
3530000 1.841368 1.531238 1.588206
3540000 1.925195 1.624754 1.676915
3550000 2.121470 1.510507 1.615341
3560000 3.439827 1.586819 1.533323
3570000 3.873155 1.621967 1.531317
3580000 5.038616 1.623565 1.605070
3590000 5.075257 1.592846 1.526824
3600000 4.481548 1.417429 1.603350
3610000 3.877587 1.530167 1.601333
3620000 3.583175 1.512748 1.713008
3630000 4.494171 1.650769 1.530262
3640000 4.875808 1.552327 1.591941
3650000 5.013846 1.532627 1.552895
3660000 4.395487 1.539355 1.404487
3670000 4.377244 1.613312 1.532895
3680000 3.415486 1.575206 1.671977
3690000 3.338417 1.550339 1.577550
3700000 3.504391 1.614992 1.699080
3710000 2.947990 1.556060 1.607686
3720000 3.387316 1.590640 1.543970
3730000 4.401018 1.507122 1.641946
3740000 4.535566 1.558417 1.648989
3750000 4.362890 1.610820 1.485286
3760000 4.586157 1.552615 1.526564
3770000 4.337657 1.530572 1.597090
3780000 4.927160 1.592750 1.605536
3790000 4.140721 1.544011 1.434030
3800000 4.467528 1.497673 1.498927
3810000 4.979183 1.619873 1.676213
3820000 3.534893 1.510494 1.549875
3830000 3.452950 1.578149 1.488404
3840000 3.890336 1.499048 1.565030
3850000 2.923007 1.653853 1.505683
3860000 3.363622 1.608445 1.631730
3870000 4.264281 1.634407 1.595065
3880000 3.289249 1.687418 1.624382
3890000 2.788367 1.453460 1.459212
3900000 3.028934 1.484723 1.634157
3910000 2.708742 1.441630 1.580107
3920000 2.444139 1.569402 1.477220
3930000 2.517093 1.656393 1.545421
3940000 2.302868 1.650380 1.574511
3950000 2.480385 1.614329 1.533010
3960000 2.604947 1.533463 1.525980
3970000 2.779398 1.482236 1.517144
3980000 2.865881 1.585427 1.619811
3990000 3.630576 1.581127 1.608011
4000000 4.216568 1.535929 1.366761
