100000 4.588953 1.513445 1.418524
110000 4.125158 1.552934 1.412530
120000 3.749834 1.598830 1.492460
130000 3.844157 1.479808 1.395003
140000 4.297188 1.640918 1.358532
150000 3.239068 1.471333 1.330273
160000 2.186674 1.633192 1.396226
170000 1.646644 1.599560 1.463628
180000 1.487715 1.558422 1.409487
190000 1.486263 1.708483 1.470646
200000 1.510990 1.526304 1.270766
210000 1.031253 1.665154 1.454155
220000 0.895452 1.564601 1.424683
230000 1.130099 1.495025 1.458919
240000 1.356508 1.513399 1.556942
250000 2.044567 1.559433 1.283129
260000 2.072957 1.637645 1.415242
270000 3.149430 1.699363 1.375081
280000 3.102910 1.522500 1.442522
290000 3.958013 1.639361 1.416199
300000 4.525413 1.580904 1.456078
310000 4.244070 1.537571 1.473700
320000 3.167549 1.548897 1.451159
330000 3.420924 1.695907 1.472236
340000 2.521499 1.681090 1.411355
350000 2.240696 1.650120 1.311983
360000 3.462533 1.541187 1.417800
370000 4.710874 1.617773 1.318306
380000 4.972944 1.677465 1.348427
390000 4.109332 1.550205 1.447032
400000 3.871493 1.655713 1.344534
410000 3.492543 1.549284 1.368504
420000 3.549347 1.543674 1.375363
430000 4.687068 1.608318 1.345653
440000 4.369209 1.384707 1.593065
450000 4.173924 1.565035 1.305021
460000 2.345319 1.633743 1.517813
470000 2.209831 1.604199 1.369414
480000 1.555272 1.699003 1.463205
490000 1.526693 1.538321 1.412746
500000 1.955265 1.507503 1.346592
510000 2.937430 1.584529 1.336179
520000 2.864142 1.742213 1.508661
530000 3.460164 1.442215 1.351516
540000 3.761379 1.572494 1.364024
550000 4.032531 1.616425 1.390240
560000 4.881610 1.712407 1.365628
570000 4.870102 1.552270 1.463904
580000 4.484167 1.486716 1.337078
590000 4.872244 1.537271 1.269862
600000 3.191384 1.671957 1.375411
610000 2.479255 1.654298 1.455070
620000 2.282768 1.388872 1.425794
630000 2.348758 1.461757 1.439251
640000 2.980009 1.606004 1.541631
650000 3.356416 1.551935 1.377637
660000 3.726906 1.526757 1.398216
670000 4.092142 1.727939 1.338395
680000 4.775886 1.606656 1.335188
690000 4.635378 1.458013 1.308922
700000 3.883639 1.653231 1.500154
710000 3.069993 1.601204 1.330282
720000 3.065684 1.419902 1.440569
730000 2.441357 1.718959 1.591185
740000 2.416019 1.634659 1.215265
750000 1.885753 1.616797 1.407975
760000 1.748908 1.510828 1.423089
770000 2.484100 1.620047 1.401863
780000 2.501748 1.557518 1.450568
790000 2.191343 1.495337 1.418024
800000 1.587387 1.513209 1.479497
810000 1.559368 1.492313 1.384124
820000 1.113848 1.453927 1.348813
830000 0.922831 1.795881 1.381539
840000 1.052970 1.590915 1.526789
850000 0.818988 1.519192 1.333789
860000 0.629062 1.654261 1.240658
870000 1.553159 1.492302 1.424704
880000 1.622829 1.514837 1.301938
890000 1.568879 1.598175 1.472175
900000 1.492053 1.504701 1.310307
910000 1.302544 1.469004 1.491979
920000 0.771986 1.521611 1.370327
930000 1.021078 1.462268 1.295818
940000 1.387142 1.518346 1.349740
950000 1.564236 1.556256 1.389693
960000 1.656077 1.556627 1.283756
970000 1.701066 1.496807 1.485463
980000 1.771670 1.411200 1.473315
990000 1.935900 1.523618 1.314041
1000000 2.599463 1.475621 1.334462
1010000 3.037699 1.504059 1.473974
1020000 3.295661 1.544594 1.483625
1030000 3.431247 1.529862 1.238662
1040000 3.615495 1.543144 1.438832
1050000 3.307020 1.617860 1.348346
1060000 4.347953 1.527368 1.433367
1070000 4.046968 1.620364 1.293185
1080000 4.027040 1.601161 1.317222
1090000 3.486951 1.581271 1.429489
1100000 2.454809 1.538630 1.267149
1110000 2.564653 1.553306 1.235925
1120000 2.807285 1.624742 1.414332
1130000 2.396959 1.582434 1.352178
1140000 2.141735 1.669181 1.430683
1150000 2.144959 1.627691 1.431623
1160000 2.307397 1.554363 1.366466
1170000 2.384389 1.536677 1.298269
1180000 1.815827 1.616361 1.415407
1190000 1.740030 1.604777 1.362076
1200000 1.668701 1.508434 1.618519
1210000 1.497242 1.663596 1.421576
1220000 1.590304 1.601472 1.386488
1230000 1.764098 1.608019 1.450970
1240000 2.021438 1.603336 1.471068
1250000 3.536667 1.618056 1.416548
1260000 3.934281 1.538568 1.387037
1270000 4.018481 1.528064 1.404278
1280000 4.197112 1.507100 1.349698
1290000 4.927077 1.604403 1.513727
1300000 3.949280 1.568519 1.330639
1310000 3.015134 1.550251 1.474968
1320000 3.563011 1.570251 1.354082
1330000 3.795167 1.493013 1.388218
1340000 2.718473 1.594822 1.413047
1350000 2.840291 1.659983 1.351373
1360000 3.471021 1.622549 1.371972
1370000 4.597642 1.538363 1.385434
1380000 4.909682 1.597822 1.405040
1390000 4.062025 1.528422 1.302569
1400000 3.993634 1.480357 1.479955
1410000 4.633058 1.514531 1.259624
1420000 4.546650 1.586470 1.347777
1430000 4.945855 1.568264 1.390085
1440000 4.902000 1.529798 1.365918
1450000 3.704855 1.785274 1.456828
1460000 2.890133 1.583144 1.387792
1470000 3.623479 1.577530 1.350910
1480000 3.118463 1.553670 1.534883
1490000 2.770582 1.624200 1.458017
1500000 2.585001 1.511406 1.406248
1510000 3.285708 1.544326 1.445367
1520000 2.987191 1.622608 1.509034
1530000 4.160952 1.641673 1.367701
1540000 3.982354 1.608106 1.351085
1550000 3.982082 1.586130 1.397667
1560000 4.846702 1.483179 1.331387
1570000 4.200928 1.585428 1.498522
1580000 5.026354 1.579146 1.334014
1590000 4.814721 1.601401 1.510781
1600000 4.943998 1.602549 1.426633
1610000 4.954308 1.657765 1.360863
1620000 3.767137 1.570440 1.318031
1630000 4.682567 1.737331 1.407568
1640000 3.129602 1.703137 1.400797
1650000 2.966884 1.510148 1.281352
1660000 2.763547 1.657987 1.347967
1670000 2.155989 1.536212 1.545894
1680000 1.989358 1.580848 1.316157
1690000 2.389303 1.491933 1.427496
1700000 3.085537 1.653452 1.367778
1710000 2.914924 1.581113 1.578944
1720000 3.630883 1.475369 1.378653
1730000 3.615849 1.646924 1.307283
1740000 4.745748 1.551305 1.340731
1750000 4.568590 1.547812 1.359803
1760000 3.329990 1.575356 1.357906
1770000 2.857918 1.478204 1.467791
1780000 2.359769 1.508778 1.295857
1790000 2.271465 1.592197 1.338990
1800000 2.718399 1.499311 1.343088
1810000 2.930996 1.470959 1.402566
1820000 3.152821 1.651020 1.505163
1830000 4.257935 1.584199 1.343987
1840000 4.059573 1.647262 1.426832
1850000 4.433201 1.579633 1.454988
1860000 4.893281 1.603426 1.428943
1870000 4.276249 1.568714 1.332148
1880000 4.096144 1.506831 1.391696
1890000 3.836045 1.487506 1.433619
1900000 2.741907 1.680652 1.461925
1910000 3.242726 1.619283 1.344010
1920000 2.460277 1.451860 1.392559
1930000 1.940251 1.527398 1.382560
1940000 2.019057 1.475005 1.486281
1950000 1.357666 1.585350 1.490504
1960000 1.536625 1.620294 1.483273
1970000 2.021655 1.549260 1.501077
1980000 2.128803 1.531098 1.323495
1990000 2.405014 1.628185 1.462276
2000000 2.787116 1.616219 1.366157
2010000 2.780935 1.605231 1.338112
2020000 1.291477 1.449336 1.456417
2030000 1.190388 1.662248 1.428404
2040000 1.328262 1.516074 1.286297
2050000 1.581039 1.635438 1.335142
2060000 1.901491 1.610157 1.334501
2070000 1.720224 1.748835 1.395556
2080000 1.945205 1.713321 1.466828
2090000 1.840607 1.452906 1.346011
2100000 1.783166 1.535757 1.330882
2110000 2.209762 1.629181 1.290989
2120000 2.155989 1.515685 1.269302
2130000 2.907759 1.520827 1.334853
2140000 3.103362 1.535879 1.316756
2150000 3.458485 1.496909 1.443329
2160000 3.278557 1.656198 1.501509
2170000 3.935362 1.505511 1.442495
2180000 4.317769 1.485127 1.407806
2190000 4.280255 1.458720 1.355325
2200000 4.029642 1.609195 1.412457
2210000 3.297962 1.494841 1.330265
2220000 3.375888 1.633462 1.411631
2230000 3.084387 1.614314 1.364623
2240000 2.812384 1.613385 1.390136
2250000 3.961736 1.587930 1.396066
2260000 4.560807 1.500166 1.405411
2270000 3.860980 1.544123 1.345378
2280000 4.442551 1.503153 1.432071
2290000 4.818076 1.538590 1.465739
2300000 4.071141 1.655325 1.419338
2310000 4.126090 1.475095 1.411196
2320000 2.720802 1.526990 1.420073
2330000 2.119289 1.544898 1.486924
2340000 2.161139 1.608294 1.444760
2350000 1.545739 1.583813 1.291949
2360000 1.598969 1.555144 1.375556
2370000 1.616712 1.727267 1.307590
2380000 1.037830 1.652696 1.519695
2390000 1.125775 1.539094 1.323851
2400000 1.157826 1.693481 1.358418
2410000 0.873059 1.570607 1.392409
2420000 0.707812 1.571418 1.453929
2430000 0.604890 1.698626 1.486410
2440000 0.953328 1.642029 1.519352
2450000 0.978444 1.733764 1.353904
2460000 1.189560 1.511112 1.368839
2470000 1.252623 1.608605 1.374081
2480000 0.913041 1.630082 1.399123
2490000 1.138663 1.669307 1.344519
2500000 1.130181 1.647156 1.326723
2510000 1.313845 1.620195 1.431920
2520000 1.427186 1.601616 1.459981
2530000 1.356507 1.594170 1.383356
2540000 1.469243 1.558982 1.383054
2550000 1.405653 1.466778 1.482037
2560000 1.458908 1.670824 1.449846
2570000 1.685379 1.597379 1.452515
2580000 1.599167 1.566996 1.383256
2590000 1.668299 1.606611 1.438241
2600000 1.756337 1.590755 1.246117
2610000 1.583860 1.552747 1.467366
2620000 1.667628 1.481158 1.470698
2630000 1.472752 1.597814 1.368794
2640000 2.006543 1.651468 1.439845
2650000 1.780681 1.499202 1.299103
2660000 1.878499 1.602776 1.363754
2670000 1.934039 1.608514 1.387885
2680000 2.578717 1.491819 1.301480
2690000 2.626211 1.555145 1.443830
2700000 3.240732 1.571361 1.408284
2710000 2.724163 1.537228 1.361621
2720000 2.463681 1.550645 1.507969
2730000 2.178239 1.557312 1.410801
2740000 3.032338 1.513893 1.450942
2750000 3.160401 1.580873 1.353623
2760000 3.450269 1.528742 1.433951
2770000 3.730816 1.644245 1.400015
2780000 4.222196 1.476364 1.434846
2790000 4.502954 1.635915 1.391354
2800000 3.788521 1.565122 1.328704
2810000 2.882148 1.458683 1.394443
2820000 3.722755 1.541487 1.327447
2830000 3.387527 1.590328 1.323890
2840000 4.810442 1.577316 1.489900
2850000 4.940616 1.662074 1.486647
2860000 4.745719 1.610138 1.286521
2870000 4.217027 1.522312 1.311266
2880000 4.538928 1.630546 1.327349
2890000 3.831337 1.688603 1.352958
2900000 3.412901 1.532086 1.355143
2910000 4.238317 1.635075 1.395969
2920000 4.742866 1.553585 1.460316
2930000 3.288958 1.510564 1.409509
2940000 3.227476 1.552406 1.338711
2950000 2.768671 1.544761 1.600618
2960000 3.210856 1.468388 1.269589
2970000 4.024710 1.518784 1.192530
2980000 2.673138 1.586383 1.448796
2990000 2.507414 1.502832 1.447171
3000000 2.682335 1.530790 1.318554
3010000 2.549526 1.542934 1.455272
3020000 3.131964 1.506271 1.534491
3030000 3.928719 1.433091 1.493974
3040000 4.129862 1.485123 1.244697
3050000 4.106430 1.619092 1.470762
3060000 4.550543 1.577458 1.400708
3070000 4.411770 1.560788 1.268499
3080000 4.284386 1.685581 1.354251
3090000 4.510953 1.530038 1.513869
3100000 4.397273 1.508395 1.250171
3110000 3.654650 1.627354 1.204128
3120000 3.449673 1.706227 1.510494
3130000 3.607982 1.695674 1.371509
3140000 4.077632 1.578615 1.352806
3150000 4.466118 1.676526 1.404201
3160000 3.789703 1.581171 1.471698
3170000 3.203362 1.652557 1.386920
3180000 3.364979 1.678411 1.314016
3190000 2.929050 1.622308 1.283735
3200000 2.616921 1.563361 1.418384
3210000 2.157827 1.520719 1.475882
3220000 2.475471 1.485748 1.302235
3230000 2.153091 1.522110 1.360729
3240000 1.882378 1.564823 1.440118
3250000 1.482256 1.548080 1.430325
3260000 1.829764 1.522666 1.381576
3270000 2.033268 1.636607 1.425151
3280000 2.082363 1.560665 1.405026
3290000 2.068658 1.525226 1.510893
3300000 1.994219 1.610438 1.438359
3310000 1.937061 1.568470 1.403053
3320000 2.233283 1.661808 1.407797
3330000 2.578632 1.426345 1.322310
3340000 2.572406 1.589306 1.428695
3350000 2.947406 1.530162 1.279267
3360000 3.340185 1.420342 1.428654
3370000 2.947609 1.670716 1.396252
3380000 3.371405 1.538952 1.387556
3390000 4.776782 1.500463 1.444247
3400000 4.906096 1.595487 1.407532
3410000 4.542072 1.618756 1.231665
3420000 4.123298 1.575227 1.404024
3430000 4.704341 1.567703 1.363733
3440000 4.984576 1.706071 1.356792
3450000 4.662675 1.510846 1.459441
3460000 4.398308 1.503189 1.468730
3470000 3.752345 1.507366 1.504630
3480000 3.548812 1.613581 1.447372
3490000 2.794018 1.465798 1.540398
3500000 2.529966 1.564854 1.414758
3510000 3.178718 1.613020 1.516131
3520000 3.012489 1.606451 1.365563
3530000 2.993776 1.625487 1.423218
3540000 3.481607 1.388180 1.318917
3550000 2.654567 1.679742 1.495520
3560000 2.634871 1.560668 1.447399
3570000 2.349431 1.567381 1.392212
3580000 2.841282 1.582283 1.314654
3590000 2.597858 1.648889 1.480987
3600000 1.888437 1.635392 1.403335
3610000 1.759318 1.507573 1.368660
3620000 1.479733 1.692035 1.463117
3630000 1.212682 1.601214 1.381219
3640000 1.226046 1.575540 1.366184
3650000 0.982309 1.622025 1.433300
3660000 0.793691 1.649603 1.422422
3670000 0.579837 1.550328 1.420259
3680000 0.664623 1.596671 1.475367
3690000 0.793025 1.508562 1.368408
3700000 0.631026 1.624579 1.344278
3710000 0.925757 1.624540 1.357344
3720000 1.046152 1.458208 1.522482
3730000 1.097327 1.605967 1.323059
3740000 1.020759 1.674855 1.349351
3750000 1.077778 1.601140 1.310970
3760000 1.109135 1.612399 1.466043
3770000 1.278499 1.558932 1.330416
3780000 1.368409 1.556037 1.494283
3790000 1.313984 1.616646 1.437001
3800000 1.386979 1.591291 1.341743
3810000 1.205844 1.500082 1.410762
3820000 1.279392 1.638780 1.287562
3830000 1.429839 1.599078 1.471364
3840000 1.751186 1.601073 1.475334
3850000 1.279705 1.593039 1.383853
3860000 1.353458 1.539105 1.431644
3870000 1.064501 1.630911 1.510011
3880000 0.908809 1.587308 1.433522
3890000 0.517616 1.506863 1.286303
3900000 0.685547 1.577812 1.432971
3910000 0.584532 1.410463 1.365007
3920000 0.810423 1.717790 1.375660
3930000 0.900987 1.645373 1.387872
3940000 0.862422 1.616266 1.322951
3950000 0.690690 1.625418 1.425381
3960000 1.003928 1.352022 1.403452
3970000 0.976288 1.472998 1.317741
3980000 0.923825 1.544793 1.387076
3990000 1.175882 1.661012 1.395762
4000000 1.233461 1.722342 1.400851
