100000 4.386183 1.745753 0.335943
110000 4.303206 1.573917 0.467599
120000 2.649946 1.558668 0.406938
130000 2.213628 1.726714 0.504605
140000 3.209859 1.618821 0.596294
150000 3.662154 1.485956 0.532811
160000 4.087455 1.559262 0.441787
170000 3.740729 1.582691 0.669452
180000 3.789022 1.627662 0.544550
190000 3.058177 1.504238 0.570247
200000 1.968925 1.549450 0.569670
210000 1.777063 1.610165 0.418370
220000 1.334185 1.390276 0.480598
230000 1.371672 1.431823 0.633563
240000 1.407365 1.572534 0.685584
250000 1.587408 1.516312 0.454226
260000 2.166041 1.492898 0.519915
270000 2.853104 1.692089 0.419522
280000 2.995408 1.569649 0.371905
290000 2.081016 1.659326 0.500091
300000 3.017373 1.433595 0.578247
310000 2.323067 1.522854 0.506699
320000 1.566876 1.508277 0.469119
330000 1.334057 1.476603 0.495629
340000 1.046333 1.581926 0.615807
350000 1.244989 1.520828 0.610799
360000 1.057873 1.535795 0.668241
370000 1.724793 1.587123 0.595435
380000 2.163902 1.423223 0.504618
390000 3.046410 1.698973 0.405881
400000 3.657918 1.539297 0.522622
410000 5.023990 1.582000 0.614641
420000 4.480572 1.631201 0.433134
430000 4.793219 1.631754 0.569299
440000 3.741900 1.591492 0.611492
450000 3.970841 1.541100 0.449008
460000 2.830687 1.587612 0.549228
470000 3.584017 1.571458 0.447019
480000 3.408728 1.513385 0.489039
490000 2.445725 1.551630 0.569675
500000 2.551729 1.399804 0.503346
510000 2.083194 1.479131 0.474433
520000 1.481846 1.651510 0.534154
530000 1.858979 1.597550 0.638758
540000 1.948759 1.498287 0.565755
550000 2.381013 1.634818 0.478744
560000 3.058438 1.614948 0.517262
570000 4.219076 1.616485 0.509124
580000 4.201590 1.624385 0.503772
590000 4.156035 1.633053 0.580988
600000 4.019320 1.461272 0.478944
610000 3.302045 1.573986 0.412690
620000 3.272404 1.630429 0.560921
630000 4.308465 1.455347 0.491254
640000 4.993034 1.617881 0.525276
650000 4.333639 1.651862 0.473734
660000 4.083865 1.744114 0.607547
670000 3.561927 1.396132 0.434213
680000 2.999280 1.421656 0.535231
690000 2.199776 1.568229 0.617096
700000 2.358846 1.668357 0.592211
710000 2.490313 1.511939 0.504523
720000 2.138205 1.550807 0.535958
730000 2.752376 1.615996 0.520942
740000 3.194187 1.446636 0.535853
750000 4.042034 1.565065 0.458945
760000 4.304456 1.634487 0.516258
770000 4.648794 1.606419 0.449203
780000 4.472530 1.618727 0.494287
790000 4.878504 1.563642 0.488130
800000 3.999009 1.658333 0.565683
810000 3.180881 1.487033 0.481962
820000 3.345028 1.710379 0.652270
830000 3.049746 1.464831 0.596793
840000 2.974886 1.571254 0.549968
850000 3.109047 1.572324 0.632175
860000 4.001521 1.406073 0.541144
870000 4.381714 1.593653 0.462751
880000 4.693534 1.441123 0.532343
890000 3.863350 1.458208 0.532948
900000 3.802612 1.490962 0.378681
910000 3.719615 1.598048 0.377659
920000 3.531906 1.621722 0.546498
930000 3.081249 1.608938 0.557984
940000 1.667320 1.605309 0.502429
950000 1.356564 1.674202 0.526997
960000 1.865988 1.649528 0.404718
970000 2.770306 1.621998 0.590100
980000 3.469362 1.548937 0.494563
990000 2.378936 1.373886 0.444056
1000000 2.626723 1.680155 0.440085
1010000 2.949697 1.540006 0.557559
1020000 1.982882 1.528426 0.617574
1030000 2.010287 1.492900 0.503323
1040000 1.738904 1.538726 0.508311
1050000 1.490870 1.604125 0.543603
1060000 1.204182 1.640379 0.402125
1070000 1.210535 1.560434 0.596507
1080000 1.114886 1.575616 0.546476
1090000 1.175717 1.545635 0.637059
1100000 1.974935 1.518033 0.587239
1110000 2.060253 1.484849 0.481461
1120000 2.702612 1.502911 0.569900
1130000 3.378376 1.552578 0.403431
1140000 4.454307 1.532267 0.547527
1150000 4.177642 1.697175 0.594295
1160000 3.648074 1.685395 0.495182
1170000 4.789253 1.703459 0.503704
1180000 4.446914 1.405741 0.639475
1190000 3.982649 1.620406 0.450481
1200000 3.856085 1.552333 0.559027
1210000 4.893640 1.637888 0.565066
1220000 4.206470 1.507849 0.458816
1230000 4.987590 1.650392 0.493830
1240000 3.580954 1.589166 0.535549
1250000 3.104739 1.535221 0.423589
1260000 2.846507 1.516729 0.506421
1270000 3.175398 1.589090 0.512521
1280000 2.253977 1.694093 0.626087
1290000 2.330205 1.716766 0.399411
1300000 2.125657 1.514222 0.456638
1310000 2.077723 1.756783 0.435476
1320000 2.170019 1.564129 0.574605
1330000 2.523209 1.562202 0.368869
1340000 1.994023 1.644571 0.577137
1350000 1.617959 1.652182 0.535009
1360000 1.659872 1.600435 0.648142
1370000 1.475947 1.467166 0.572473
1380000 1.418680 1.625664 0.615210
1390000 1.270386 1.755742 0.357995
1400000 1.024003 1.591517 0.539369
1410000 1.036213 1.607553 0.518896
1420000 1.760430 1.568600 0.554741
1430000 2.124876 1.713509 0.584772
1440000 1.863476 1.535604 0.532077
1450000 1.673207 1.494472 0.500994
1460000 1.669932 1.571150 0.540987
1470000 1.857431 1.604691 0.577325
1480000 1.745085 1.567701 0.587610
1490000 1.395817 1.645119 0.554152
1500000 1.413724 1.540398 0.559676
1510000 2.305264 1.536441 0.409718
1520000 3.349126 1.493763 0.512574
1530000 4.878246 1.607167 0.471427
1540000 4.557486 1.694900 0.452009
1550000 4.328639 1.665764 0.557799
1560000 3.952625 1.575317 0.519023
1570000 4.845098 1.639620 0.433716
1580000 4.573375 1.642390 0.439124
1590000 3.778103 1.648076 0.506108
1600000 4.403543 1.739557 0.523726
1610000 5.015749 1.561443 0.600895
1620000 4.277300 1.585780 0.482007
1630000 4.099633 1.434623 0.621511
1640000 3.231690 1.538726 0.596729
1650000 2.828142 1.499465 0.580046
1660000 3.192529 1.362220 0.498089
1670000 3.307613 1.665509 0.461128
1680000 3.501650 1.550127 0.521663
1690000 3.581651 1.668284 0.600650
1700000 3.823956 1.758092 0.426874
1710000 4.530350 1.770579 0.427144
1720000 4.475214 1.583508 0.600409
1730000 4.890536 1.588114 0.583915
1740000 4.888988 1.496040 0.574182
1750000 3.415849 1.553387 0.641172
1760000 4.400686 1.546640 0.584894
1770000 4.153982 1.628526 0.570128
1780000 3.028700 1.690951 0.407114
1790000 2.441967 1.659611 0.482311
1800000 3.185875 1.552166 0.566233
1810000 2.885224 1.446614 0.426952
1820000 3.568439 1.631442 0.427906
1830000 3.586550 1.631984 0.510474
1840000 3.174306 1.608813 0.476757
1850000 2.516807 1.498315 0.431723
1860000 2.858023 1.524283 0.439045
1870000 2.910077 1.655569 0.501992
1880000 3.384755 1.581811 0.608740
1890000 3.470485 1.480860 0.561931
1900000 3.060048 1.488731 0.506835
1910000 2.681414 1.598991 0.486265
1920000 2.493545 1.559203 0.511977
1930000 4.062571 1.568349 0.490015
1940000 4.279011 1.624859 0.472282
1950000 4.089058 1.621919 0.548805
1960000 4.605330 1.462962 0.434346
1970000 4.466378 1.485648 0.498285
1980000 4.965012 1.643716 0.615000
1990000 4.869192 1.521314 0.408656
2000000 4.847609 1.504068 0.551756
2010000 4.721615 1.677013 0.535642
2020000 4.349406 1.571345 0.601088
2030000 3.623338 1.593263 0.436260
2040000 4.824285 1.613841 0.564229
2050000 4.508540 1.640421 0.485533
2060000 4.899900 1.575654 0.554914
2070000 3.652419 1.488909 0.500894
2080000 3.465758 1.455954 0.486847
2090000 2.657758 1.657843 0.647502
2100000 3.642699 1.561387 0.465606
2110000 3.289890 1.515034 0.491778
2120000 4.979049 1.569612 0.436714
2130000 4.810980 1.650537 0.443550
2140000 4.768090 1.611376 0.659494
2150000 4.550980 1.540180 0.461472
2160000 4.494109 1.599455 0.588707
2170000 3.714572 1.516498 0.637561
2180000 3.743299 1.674677 0.451120
2190000 3.912964 1.609103 0.581614
2200000 2.988205 1.652670 0.445550
2210000 3.398458 1.513006 0.452363
2220000 2.587666 1.714251 0.492336
2230000 2.246021 1.689574 0.590771
2240000 2.017477 1.700112 0.526460
2250000 2.615419 1.514974 0.427252
2260000 2.784371 1.578632 0.426839
2270000 2.755228 1.593832 0.530268
2280000 2.155766 1.457410 0.468986
2290000 2.261682 1.513041 0.442090
2300000 2.052309 1.620033 0.526710
2310000 2.125983 1.398264 0.461844
2320000 2.405590 1.587566 0.508849
2330000 2.830150 1.580251 0.558144
2340000 3.409687 1.563767 0.391944
2350000 4.678422 1.477161 0.498605
2360000 3.008938 1.589561 0.452256
2370000 3.233071 1.582909 0.563766
2380000 3.510866 1.492783 0.539207
2390000 4.309884 1.570303 0.482313
2400000 4.589494 1.539043 0.629298
2410000 4.790834 1.458300 0.522931
2420000 4.683421 1.539340 0.626278
2430000 4.959764 1.484899 0.595164
2440000 4.705992 1.321709 0.500461
2450000 4.107846 1.533243 0.501681
2460000 4.183577 1.624875 0.597931
2470000 4.254460 1.566361 0.574665
2480000 3.631621 1.611530 0.477332
2490000 3.899081 1.498162 0.466215
2500000 3.452857 1.595584 0.545274
2510000 3.522150 1.563471 0.547757
2520000 2.598063 1.526759 0.622774
2530000 1.842118 1.548796 0.515979
2540000 2.056815 1.416343 0.538298
2550000 2.233317 1.626335 0.609788
2560000 2.532553 1.456499 0.505395
2570000 2.605288 1.613192 0.503289
2580000 2.087314 1.581053 0.485899
2590000 2.478525 1.567394 0.508512
2600000 1.589546 1.667281 0.589749
2610000 2.027567 1.581214 0.489292
2620000 1.537849 1.575544 0.626416
2630000 1.001359 1.631226 0.583599
2640000 0.615418 1.631391 0.367438
2650000 0.745117 1.670683 0.438258
2660000 0.544768 1.623320 0.601033
2670000 0.825812 1.536189 0.338824
2680000 0.810467 1.463494 0.489777
2690000 0.803147 1.554926 0.572636
2700000 0.744637 1.585722 0.474361
2710000 0.675262 1.624725 0.588452
2720000 0.858134 1.574435 0.584927
2730000 0.940314 1.687941 0.439414
2740000 0.962048 1.623886 0.505509
2750000 0.986478 1.538484 0.517099
2760000 0.495700 1.645775 0.583847
2770000 0.761944 1.738161 0.555977
2780000 1.222633 1.410519 0.549473
2790000 1.171148 1.513188 0.493522
2800000 1.054665 1.497998 0.564672
2810000 1.053645 1.557322 0.520688
2820000 1.293052 1.575603 0.594309
2830000 1.137288 1.656197 0.634710
2840000 1.262053 1.610110 0.558651
2850000 1.026031 1.467965 0.490235
2860000 1.144916 1.598268 0.521846
2870000 1.009613 1.565320 0.478876
2880000 0.869650 1.532786 0.483764
2890000 1.138628 1.568869 0.508018
2900000 1.465839 1.638031 0.482773
2910000 1.470356 1.552357 0.600187
2920000 1.244242 1.609575 0.505282
2930000 0.860235 1.546676 0.463400
2940000 0.626090 1.650963 0.576622
2950000 0.793315 1.701058 0.504987
2960000 0.932968 1.611358 0.507779
2970000 0.877588 1.536825 0.427822
2980000 1.203931 1.524849 0.598344
2990000 1.123532 1.642246 0.643304
3000000 1.149966 1.738168 0.505733
3010000 1.046205 1.485775 0.467314
3020000 1.691269 1.477860 0.508070
3030000 1.701112 1.661278 0.555399
3040000 2.062628 1.527001 0.537726
3050000 2.357447 1.552121 0.631739
3060000 2.421997 1.541979 0.624496
3070000 2.788573 1.498608 0.516207
3080000 2.933036 1.626033 0.420096
3090000 2.855261 1.601450 0.550977
3100000 2.537869 1.678468 0.573731
3110000 2.193448 1.609365 0.505983
3120000 1.938012 1.611579 0.568758
3130000 2.060226 1.594836 0.491917
3140000 1.837921 1.595589 0.590038
3150000 1.858994 1.601725 0.605570
3160000 2.073351 1.600163 0.629887
3170000 2.566747 1.616143 0.660701
3180000 3.164486 1.504809 0.521245
3190000 2.977735 1.566152 0.543022
3200000 3.584469 1.555177 0.520410
3210000 4.619730 1.599346 0.451189
3220000 4.441531 1.560019 0.660607
3230000 4.396475 1.533618 0.411634
3240000 4.539640 1.619126 0.450837
3250000 4.953862 1.726276 0.434007
3260000 4.243457 1.558092 0.604414
3270000 3.835313 1.490573 0.594343
3280000 4.689266 1.587710 0.475418
3290000 4.710011 1.677944 0.581328
3300000 3.886167 1.750953 0.424367
3310000 4.895828 1.593727 0.509041
3320000 4.202107 1.567377 0.508339
3330000 4.674646 1.778232 0.532846
3340000 4.574576 1.546905 0.595111
3350000 4.557280 1.438735 0.536905
3360000 3.439637 1.586185 0.552624
3370000 3.670968 1.477720 0.579177
3380000 3.560235 1.453806 0.643336
3390000 2.855924 1.532890 0.512984
3400000 2.723001 1.591437 0.493220
3410000 2.598915 1.640551 0.512245
3420000 3.140445 1.543697 0.508599
3430000 2.841119 1.599383 0.480736
3440000 3.223345 1.611029 0.487492
3450000 4.085921 1.580531 0.505578
3460000 4.031116 1.647149 0.601738
3470000 3.995617 1.626250 0.423621
3480000 4.121803 1.626947 0.504334
3490000 3.155597 1.659004 0.334267
3500000 3.907920 1.593656 0.561085
3510000 3.168704 1.617000 0.532738
3520000 3.734426 1.507007 0.585961
3530000 3.737554 1.471720 0.534794
3540000 4.092190 1.596819 0.511748
3550000 3.518404 1.475816 0.505600
3560000 2.584408 1.633259 0.520448
3570000 2.390102 1.470475 0.581942
3580000 2.161283 1.484002 0.535124
3590000 2.266971 1.622128 0.426587
3600000 2.331744 1.640369 0.458346
3610000 2.947141 1.696653 0.486861
3620000 1.903175 1.612109 0.471327
3630000 1.694255 1.499434 0.578175
3640000 1.585631 1.522957 0.644127
3650000 1.423874 1.593558 0.509404
3660000 1.621292 1.557446 0.516842
3670000 2.055041 1.468367 0.544076
3680000 1.682218 1.634114 0.625486
3690000 1.764812 1.419127 0.338063
3700000 1.889435 1.607269 0.445838
3710000 1.711116 1.524410 0.471108
3720000 1.564997 1.596683 0.630089
3730000 2.445491 1.567416 0.521115
3740000 2.353602 1.543143 0.495329
3750000 3.848325 1.564288 0.647513
3760000 3.188327 1.602958 0.604976
3770000 3.015868 1.534978 0.580243
3780000 2.746240 1.573370 0.625324
3790000 2.795354 1.678251 0.535387
3800000 2.701943 1.625948 0.453327
3810000 3.417924 1.531522 0.518021
3820000 4.196446 1.617081 0.551055
3830000 4.975068 1.542788 0.554483
3840000 4.587489 1.451578 0.508601
3850000 4.935105 1.654507 0.515946
3860000 4.443974 1.653972 0.521071
3870000 4.849185 1.538892 0.597494
3880000 4.298247 1.633346 0.552881
3890000 4.388462 1.532599 0.428570
