100000 1.102150 1.506193 -0.064684
110000 1.301584 1.444427 -0.221572
120000 0.841757 1.440196 -0.248113
130000 1.172905 1.542436 -0.226051
140000 1.008880 1.573667 -0.187002
150000 1.776612 1.598284 -0.175423
160000 2.495941 1.616172 -0.155551
170000 3.882064 1.509666 -0.342858
180000 4.633349 1.443531 -0.216578
190000 4.873356 1.580854 -0.147826
200000 4.831550 1.622373 -0.311437
210000 4.077212 1.508718 -0.047548
220000 4.141899 1.621121 -0.190182
230000 4.247449 1.477442 -0.183441
240000 3.737563 1.532298 -0.145054
250000 2.387193 1.589798 -0.231352
260000 2.973099 1.522631 -0.165314
270000 2.048539 1.595385 -0.126753
280000 2.340075 1.643612 -0.000277
290000 2.022507 1.624514 -0.236673
300000 2.607243 1.615817 -0.012335
310000 3.067004 1.557292 -0.235089
320000 3.059110 1.590033 -0.234032
330000 3.588819 1.644818 -0.170983
340000 4.227911 1.704508 -0.169720
350000 3.558044 1.568118 -0.179484
360000 3.909708 1.572171 -0.249570
370000 3.314681 1.556271 -0.067764
380000 2.519123 1.483607 -0.184102
390000 2.780080 1.525571 -0.201474
400000 2.504426 1.492016 -0.160617
410000 1.759298 1.465153 -0.095115
420000 1.504839 1.537968 -0.294148
430000 1.531680 1.541435 -0.229304
440000 1.369282 1.493302 -0.147061
450000 2.076607 1.449648 -0.300063
460000 2.317421 1.571718 -0.065047
470000 3.641355 1.510668 -0.236429
480000 3.414296 1.564561 -0.129663
490000 4.435586 1.490079 -0.044678
500000 3.465625 1.584324 -0.077741
510000 4.290260 1.636784 -0.215618
520000 4.683715 1.434692 -0.313959
530000 4.671543 1.610725 -0.293718
540000 2.733873 1.605579 -0.211971
550000 2.602843 1.573432 -0.240240
560000 2.356717 1.595292 -0.238756
570000 3.195897 1.588541 -0.169991
580000 3.565229 1.527330 -0.315856
590000 3.889650 1.545091 -0.164057
600000 4.112403 1.523654 -0.167531
610000 4.340035 1.432264 -0.241841
620000 3.744190 1.515862 -0.226974
630000 3.177339 1.616494 -0.110938
640000 3.060201 1.510861 -0.199116
650000 2.491113 1.379827 -0.239719
660000 2.745433 1.578747 -0.095530
670000 1.848240 1.598583 -0.102994
680000 1.301928 1.585741 -0.240570
690000 1.395519 1.590871 -0.275552
700000 0.779199 1.672621 -0.104976
710000 1.298459 1.581423 -0.205232
720000 1.582254 1.525030 -0.059433
730000 2.225571 1.577958 -0.153532
740000 1.708050 1.614325 -0.107238
750000 1.556416 1.711681 -0.125897
760000 1.430270 1.652093 -0.311680
770000 1.435592 1.602657 -0.166183
780000 1.094253 1.466349 -0.269184
790000 1.144384 1.644353 -0.185875
800000 0.830255 1.662004 -0.053218
810000 0.792974 1.614941 -0.319956
820000 0.814207 1.553585 -0.211402
830000 1.371568 1.601946 -0.199434
840000 1.112158 1.699215 -0.391576
850000 1.001849 1.616928 -0.288259
860000 1.720793 1.588253 -0.253070
870000 2.472348 1.495477 -0.102171
880000 3.675874 1.521777 0.025845
890000 3.002241 1.676337 -0.186354
900000 2.834249 1.665850 -0.042091
910000 3.872447 1.396510 -0.076883
920000 4.633461 1.676864 -0.286796
930000 3.966886 1.526738 -0.124034
940000 4.877450 1.557804 -0.123126
950000 4.639530 1.724578 -0.195271
960000 4.374584 1.469735 -0.149074
970000 4.657691 1.546139 -0.242910
980000 4.266620 1.561379 -0.132962
990000 4.060733 1.492166 -0.187209
1000000 4.706744 1.599721 -0.121035
1010000 3.555529 1.498605 -0.075579
1020000 3.005384 1.506149 -0.229898
1030000 2.407351 1.494904 -0.231796
1040000 2.739113 1.499502 -0.262380
1050000 2.415695 1.615855 -0.097824
1060000 3.425724 1.564155 -0.169762
1070000 5.027667 1.467285 -0.149558
1080000 4.723663 1.462958 -0.322870
1090000 4.269944 1.504024 -0.164061
1100000 3.490959 1.619841 -0.258343
1110000 4.187859 1.528131 -0.147020
1120000 4.968856 1.654150 -0.182947
1130000 4.870419 1.570380 -0.038691
1140000 4.229640 1.581810 -0.274575
1150000 3.401784 1.659589 -0.116745
1160000 2.923683 1.525232 -0.249100
1170000 3.169918 1.583978 -0.236573
1180000 2.467658 1.552611 -0.133324
1190000 2.043926 1.597462 -0.203894
1200000 1.714118 1.611639 -0.310811
1210000 2.069120 1.428050 -0.080180
1220000 2.570784 1.515561 -0.120688
1230000 3.156248 1.517547 -0.219043
1240000 4.049831 1.574169 -0.212853
1250000 4.068192 1.406065 -0.113007
1260000 3.680305 1.578229 -0.160422
1270000 4.917371 1.704803 -0.016592
1280000 4.196680 1.562995 -0.223018
1290000 4.699268 1.569548 -0.272128
1300000 4.783893 1.551180 -0.191412
1310000 3.224000 1.621991 -0.224325
1320000 3.845328 1.509616 -0.096142
1330000 3.772031 1.758181 -0.141601
1340000 3.033965 1.594086 -0.129922
1350000 2.506470 1.544103 -0.159466
1360000 2.488085 1.505568 -0.112846
1370000 2.767379 1.566927 -0.051669
1380000 3.220725 1.564843 -0.130863
1390000 3.714963 1.564512 -0.069377
1400000 2.486188 1.642312 -0.170069
1410000 2.195425 1.666380 -0.174018
1420000 2.144633 1.717820 -0.220837
1430000 1.450967 1.514536 -0.261191
1440000 1.326209 1.508135 -0.323980
1450000 1.793593 1.604556 -0.323325
1460000 1.922369 1.608928 -0.194781
1470000 1.635957 1.708967 -0.234283
1480000 2.021236 1.518387 -0.140430
1490000 1.666892 1.538371 -0.171121
1500000 1.290884 1.663589 -0.052838
1510000 0.943021 1.466752 -0.238392
1520000 1.036233 1.656662 -0.262182
1530000 0.877454 1.646788 -0.214640
1540000 0.990397 1.543565 -0.112811
1550000 0.728369 1.551887 -0.118889
1560000 1.008234 1.633745 -0.126742
1570000 1.246020 1.613929 -0.186838
1580000 1.623386 1.421068 -0.073150
1590000 1.347206 1.595705 -0.238990
1600000 1.343649 1.706119 -0.231684
1610000 1.246092 1.552267 -0.314217
1620000 1.013879 1.602520 -0.218072
1630000 1.376473 1.504439 -0.105598
1640000 1.109872 1.568966 -0.165576
1650000 1.631049 1.624611 -0.150312
1660000 2.292602 1.647938 -0.061135
1670000 2.872828 1.578736 -0.187196
1680000 3.079340 1.651072 -0.240957
1690000 3.016820 1.607507 -0.209576
1700000 3.011570 1.559038 -0.239634
1710000 2.674195 1.733017 -0.282050
1720000 2.344692 1.626565 -0.163633
1730000 2.879415 1.481443 -0.136932
1740000 4.152569 1.615354 -0.090230
1750000 4.696255 1.657526 -0.211254
1760000 4.992187 1.625698 -0.098395
1770000 4.959609 1.492940 -0.185408
1780000 4.394200 1.475059 -0.172417
1790000 4.547317 1.491168 -0.151431
1800000 4.174338 1.620889 -0.216375
1810000 3.794165 1.432647 -0.194137
1820000 3.759144 1.552628 -0.293864
1830000 4.857188 1.545841 -0.282973
1840000 4.398654 1.518214 -0.076273
1850000 4.102711 1.515922 -0.159423
1860000 4.515727 1.556576 -0.108871
1870000 4.708850 1.580691 -0.224690
1880000 3.802223 1.559472 -0.230409
1890000 4.005764 1.460297 -0.262322
1900000 3.467575 1.461075 -0.088139
1910000 3.860697 1.592294 -0.205648
1920000 2.853364 1.694653 -0.106104
1930000 2.569447 1.509124 -0.162762
1940000 2.182737 1.632825 -0.140745
1950000 2.005940 1.673110 -0.199810
1960000 1.964269 1.562000 -0.205793
1970000 1.983657 1.565093 -0.168074
1980000 2.510281 1.596361 -0.107708
1990000 3.130109 1.594926 -0.168496
2000000 3.571683 1.636553 -0.149757
2010000 3.083097 1.425603 -0.126969
2020000 3.278865 1.497087 -0.104547
2030000 2.435996 1.644365 -0.199603
2040000 2.347130 1.604349 -0.171258
2050000 2.089685 1.672193 -0.262418
2060000 1.778608 1.538507 -0.181339
2070000 2.001239 1.490808 -0.295639
2080000 2.401426 1.628114 -0.150127
2090000 2.802022 1.631512 -0.181011
2100000 2.300786 1.562661 -0.157261
2110000 2.684000 1.608520 -0.167152
2120000 4.139214 1.572348 -0.112008
2130000 4.404500 1.626878 -0.092207
2140000 3.962439 1.590190 -0.217011
2150000 3.421177 1.571186 -0.190960
2160000 4.449305 1.561754 -0.171706
2170000 4.374486 1.490401 -0.232132
2180000 4.750346 1.512353 -0.172601
2190000 3.999067 1.521964 -0.132073
2200000 4.882957 1.482389 -0.138139
2210000 4.849781 1.632003 -0.109582
2220000 3.743415 1.408803 -0.263508
2230000 3.891936 1.508085 -0.220664
2240000 3.406663 1.581242 -0.130544
2250000 3.336399 1.598250 -0.034532
2260000 2.446283 1.483925 -0.135146
2270000 2.846021 1.493127 -0.173205
2280000 2.436319 1.605338 -0.172157
2290000 2.577425 1.494384 -0.206992
2300000 2.929198 1.523939 -0.139898
2310000 3.123098 1.479828 -0.241661
2320000 2.311485 1.589515 -0.189028
2330000 2.384992 1.538358 -0.229193
2340000 1.827624 1.549917 -0.336834
2350000 1.561612 1.538062 -0.158764
2360000 1.449285 1.479222 -0.329755
2370000 1.625525 1.515075 -0.170245
2380000 2.046178 1.573109 -0.318375
2390000 1.896446 1.483007 -0.185200
2400000 1.889629 1.522648 -0.141427
2410000 2.132784 1.614294 -0.184591
2420000 1.621720 1.669794 -0.236869
2430000 2.353275 1.537442 -0.219155
2440000 2.150547 1.609125 -0.309805
2450000 3.403982 1.470550 -0.261246
2460000 3.445737 1.523551 -0.085564
2470000 2.529628 1.603008 -0.150830
2480000 3.107006 1.597660 -0.192115
2490000 4.210149 1.414345 -0.134418
2500000 4.585716 1.596726 -0.151000
2510000 4.927712 1.617325 -0.185001
2520000 4.635496 1.634522 -0.229700
2530000 4.997191 1.583842 -0.281085
2540000 4.567747 1.610431 -0.196071
2550000 4.438431 1.532655 -0.151775
2560000 4.475990 1.537487 -0.173513
2570000 3.939096 1.623546 -0.067494
2580000 3.477521 1.474878 -0.049486
2590000 3.711218 1.553163 -0.215120
2600000 3.954224 1.484112 -0.220832
2610000 3.958940 1.615466 -0.140066
2620000 3.849479 1.568808 -0.157439
2630000 3.641837 1.586767 -0.168756
2640000 3.161786 1.579295 -0.096682
2650000 3.548296 1.647652 -0.097346
2660000 3.330250 1.676485 -0.130826
2670000 3.254721 1.546079 -0.122041
2680000 3.295615 1.577919 -0.040004
2690000 3.124057 1.504480 -0.178653
2700000 2.554604 1.440110 -0.186649
2710000 2.528757 1.589907 -0.150859
2720000 2.209030 1.507865 -0.091154
2730000 2.029154 1.672172 -0.075738
2740000 2.727585 1.568306 -0.169389
2750000 2.981288 1.469508 -0.085861
2760000 2.956292 1.509883 -0.178173
2770000 3.237840 1.506974 -0.141471
2780000 4.586189 1.496583 -0.197838
2790000 4.337468 1.562158 -0.189746
2800000 5.008305 1.653060 -0.150495
2810000 5.011774 1.589495 -0.223771
2820000 4.820390 1.644187 -0.149092
2830000 4.782724 1.600420 -0.299557
2840000 4.106028 1.537437 -0.134829
2850000 4.501005 1.546815 -0.216616
2860000 4.983828 1.586890 -0.203593
2870000 5.020877 1.566105 -0.106616
2880000 4.835680 1.511419 -0.189012
2890000 4.009340 1.663629 -0.104816
2900000 4.134492 1.458482 -0.148575
2910000 4.467893 1.410260 -0.178733
2920000 4.436161 1.479985 -0.337511
2930000 4.885386 1.551298 -0.067376
2940000 4.383375 1.515624 -0.085069
2950000 4.515743 1.412393 -0.097716
2960000 3.840104 1.456726 -0.191776
2970000 3.342585 1.479981 -0.152328
2980000 3.183396 1.558885 -0.113551
2990000 3.784124 1.516817 -0.229145
3000000 4.795159 1.597707 -0.112824
3010000 4.958651 1.647121 -0.200167
3020000 5.081252 1.590651 -0.189454
3030000 3.563819 1.476908 0.016450
3040000 3.038247 1.768279 -0.171947
3050000 2.483476 1.645084 -0.181283
3060000 3.613425 1.624979 -0.275732
3070000 3.135707 1.535912 -0.169964
3080000 2.823528 1.596216 -0.154526
3090000 2.404247 1.466153 -0.225633
3100000 2.180371 1.573437 -0.189630
3110000 1.715212 1.592109 -0.192462
3120000 1.488797 1.544166 -0.104730
3130000 1.341298 1.480633 -0.124089
3140000 1.320771 1.575020 -0.174594
3150000 1.221463 1.576015 -0.100956
3160000 0.858711 1.608404 -0.260606
3170000 0.742782 1.593212 -0.017290
3180000 0.645462 1.604467 -0.178009
3190000 0.802808 1.617495 -0.145793
3200000 1.091741 1.512099 -0.292897
3210000 1.037587 1.567278 -0.287194
3220000 0.999062 1.394119 -0.125004
3230000 1.171190 1.500776 -0.164378
3240000 1.467728 1.602073 -0.152820
3250000 1.426892 1.661195 -0.182792
3260000 1.258112 1.553025 -0.106222
3270000 1.271430 1.607313 -0.153058
3280000 1.421508 1.600282 -0.265773
3290000 1.511764 1.590160 -0.200557
3300000 1.147454 1.624832 -0.140085
3310000 1.386362 1.600362 -0.147922
3320000 1.616371 1.587625 -0.101453
3330000 1.649548 1.637252 -0.119347
3340000 1.756302 1.603729 -0.170811
3350000 1.477219 1.583884 -0.089829
3360000 0.974426 1.612800 -0.184309
3370000 0.976821 1.574219 -0.197463
3380000 0.980480 1.540759 -0.124303
3390000 1.021476 1.656090 -0.095726
3400000 1.155214 1.604942 -0.188566
3410000 1.203408 1.624297 -0.162524
3420000 1.046179 1.612368 -0.275899
3430000 1.526971 1.642262 -0.229991
3440000 1.453646 1.532559 -0.106279
3450000 1.309789 1.580559 -0.179327
3460000 1.178080 1.722658 -0.144954
3470000 0.902160 1.762733 -0.128019
3480000 1.095922 1.492685 -0.111679
3490000 1.052978 1.424161 -0.199220
3500000 1.142429 1.625637 -0.150738
3510000 1.084027 1.633887 -0.161295
3520000 1.217951 1.574016 -0.150118
3530000 1.470477 1.644309 -0.203010
3540000 1.453012 1.515859 -0.153475
3550000 1.627191 1.632948 -0.206688
3560000 1.655040 1.602717 -0.256661
3570000 1.879628 1.585003 -0.082632
3580000 1.966537 1.553491 -0.297064
3590000 1.795950 1.552138 -0.116322
3600000 1.732608 1.544049 -0.155404
3610000 2.107640 1.635499 -0.062683
3620000 2.155896 1.648931 -0.013128
3630000 2.649709 1.601220 -0.142829
3640000 4.100406 1.618758 -0.107842
3650000 4.208533 1.530325 -0.075848
3660000 4.461664 1.589517 -0.181803
3670000 4.188158 1.547738 -0.086943
3680000 4.430620 1.588130 -0.186463
3690000 3.498741 1.600429 -0.225018
3700000 3.456170 1.570617 -0.136094
3710000 2.721168 1.489779 -0.318407
3720000 2.971011 1.679351 -0.033502
3730000 3.114509 1.458078 -0.157495
3740000 2.504587 1.530577 -0.187694
3750000 2.963940 1.580397 -0.224335
3760000 2.141245 1.625632 -0.179279
3770000 2.294397 1.632638 -0.204682
3780000 1.911404 1.467720 -0.186113
3790000 1.942847 1.623177 -0.088327
3800000 2.694815 1.623223 -0.187033
3810000 2.555337 1.571629 -0.158933
3820000 2.477259 1.537857 -0.112155
3830000 2.577388 1.646922 -0.006853
3840000 2.592811 1.548784 -0.232938
3850000 2.473157 1.625303 -0.294771
3860000 2.524846 1.564372 -0.148660
3870000 3.531501 1.481403 -0.079468
3880000 3.377315 1.453481 -0.192011
3890000 3.622049 1.656474 -0.242367
3900000 3.659678 1.517880 -0.195422
3910000 5.011227 1.631137 -0.240129
3920000 4.857591 1.495700 -0.146241
3930000 4.769049 1.524950 -0.187235
3940000 4.052670 1.579133 -0.314148
3950000 4.986055 1.547865 -0.110740
3960000 4.655322 1.571661 -0.149824
3970000 3.642520 1.677150 -0.230879
3980000 4.025428 1.481933 -0.246142
3990000 3.275762 1.554867 -0.028282
4000000 3.114519 1.464934 -0.141939
