100000 2.728431 1.587844 -0.669635
110000 3.465600 1.542105 -0.744158
120000 4.202087 1.619388 -0.711829
130000 3.941940 1.533741 -0.740196
140000 3.684324 1.637578 -0.846169
150000 3.079910 1.467836 -0.680544
160000 4.114157 1.547330 -0.650733
170000 3.212916 1.625163 -0.731871
180000 4.454302 1.580287 -0.603632
190000 4.275549 1.513704 -0.656333
200000 4.107641 1.687196 -0.789977
210000 4.377461 1.482598 -0.652240
220000 2.770777 1.642186 -0.752651
230000 2.662929 1.615895 -0.610264
240000 1.648444 1.572331 -0.774280
250000 1.542419 1.639445 -0.654283
260000 1.266560 1.555398 -0.669284
270000 1.944995 1.520968 -0.689944
280000 1.833854 1.489240 -0.665360
290000 2.458888 1.551828 -0.743596
300000 3.129819 1.636417 -0.688823
310000 2.464282 1.622537 -0.757846
320000 2.135232 1.650555 -0.676646
330000 1.741411 1.516996 -0.616035
340000 2.145899 1.488064 -0.661818
350000 2.954843 1.596345 -0.802332
360000 3.664099 1.447715 -0.649975
370000 3.018919 1.573808 -0.730318
380000 3.564047 1.723539 -0.725308
390000 4.041796 1.636735 -0.702792
400000 4.845467 1.640367 -0.790920
410000 4.071196 1.621077 -0.679136
420000 4.356941 1.520658 -0.705155
430000 3.254435 1.564251 -0.646179
440000 4.972659 1.604118 -0.564600
450000 2.723817 1.527447 -0.682346
460000 2.847673 1.673442 -0.829487
470000 2.651609 1.492292 -0.624558
480000 2.191098 1.567463 -0.757765
490000 3.070037 1.628816 -0.731864
500000 3.150201 1.583123 -0.736684
510000 2.068785 1.551364 -0.659243
520000 2.219504 1.615842 -0.626938
530000 2.355161 1.609459 -0.627340
540000 3.425041 1.531010 -0.650465
550000 4.173364 1.627158 -0.542871
560000 4.438591 1.614975 -0.631171
570000 4.519770 1.426337 -0.756874
580000 4.296695 1.587910 -0.673733
590000 3.971671 1.544234 -0.754115
600000 3.205757 1.514301 -0.533257
610000 2.185026 1.479423 -0.629227
620000 1.710572 1.487056 -0.611281
630000 0.839730 1.546911 -0.617751
640000 1.076382 1.523415 -0.697776
650000 1.020720 1.689572 -0.738881
660000 0.665584 1.584668 -0.808183
670000 0.973378 1.452550 -0.670984
680000 1.317412 1.471411 -0.710800
690000 1.039102 1.600283 -0.878477
700000 0.934758 1.588954 -0.658589
710000 1.391966 1.566102 -0.828961
720000 1.205420 1.575102 -0.698287
730000 1.465536 1.590324 -0.615852
740000 1.733994 1.694302 -0.685745
750000 1.795759 1.621805 -0.640167
760000 2.046700 1.503012 -0.763736
770000 2.785509 1.566244 -0.715161
780000 3.229753 1.596674 -0.688292
790000 3.257131 1.412745 -0.796265
800000 2.374066 1.631849 -0.810388
810000 1.693097 1.520787 -0.788923
820000 2.266047 1.638858 -0.723244
830000 1.887426 1.630147 -0.621741
840000 1.412334 1.556836 -0.713919
850000 1.381012 1.468239 -0.673416
860000 1.022726 1.713793 -0.782485
870000 0.939692 1.594443 -0.641192
880000 1.119881 1.557784 -0.678465
890000 1.016191 1.672019 -0.686928
900000 1.315251 1.625727 -0.601739
910000 1.481073 1.521194 -0.749629
920000 1.552513 1.707440 -0.680473
930000 1.721673 1.536705 -0.664340
940000 1.933276 1.735965 -0.579854
950000 2.026959 1.558536 -0.821306
960000 2.968900 1.410939 -0.747140
970000 3.840512 1.592071 -0.694036
980000 4.024413 1.462560 -0.690612
990000 4.115642 1.579118 -0.757353
1000000 4.172316 1.548669 -0.696526
1010000 3.405542 1.621710 -0.730991
1020000 3.148441 1.624769 -0.843787
1030000 3.994266 1.604087 -0.701494
1040000 3.569756 1.461270 -0.765351
1050000 4.729789 1.603478 -0.681381
1060000 4.074902 1.553898 -0.718150
1070000 4.939725 1.627399 -0.731024
1080000 3.853787 1.449861 -0.666661
1090000 3.487501 1.534937 -0.731667
1100000 4.488966 1.426645 -0.760043
1110000 3.130169 1.617733 -0.788589
1120000 2.360650 1.557255 -0.702098
1130000 2.989015 1.524340 -0.825290
1140000 3.691233 1.598375 -0.776816
1150000 4.206082 1.565802 -0.699261
1160000 3.170719 1.540290 -0.746053
1170000 2.849562 1.613124 -0.748800
1180000 2.709549 1.586324 -0.786109
1190000 2.230700 1.551933 -0.632436
1200000 2.215496 1.702540 -0.531596
1210000 2.251485 1.577584 -0.764706
1220000 2.551128 1.648304 -0.711874
1230000 2.833653 1.511683 -0.745738
1240000 3.387897 1.580434 -0.785792
1250000 4.472188 1.639633 -0.625609
1260000 4.640971 1.530157 -0.694291
1270000 4.221594 1.537915 -0.838403
1280000 4.186720 1.615803 -0.700321
1290000 4.721445 1.534851 -0.663323
1300000 3.495642 1.643634 -0.732199
1310000 3.779827 1.559336 -0.684127
1320000 2.760601 1.555984 -0.653233
1330000 3.070575 1.531558 -0.632167
1340000 3.363545 1.654709 -0.668228
1350000 4.304328 1.575869 -0.742116
1360000 3.137090 1.508114 -0.594922
1370000 2.794473 1.590859 -0.589527
1380000 3.268386 1.514690 -0.761901
1390000 2.314860 1.459189 -0.819859
1400000 2.026813 1.553675 -0.636540
1410000 2.250214 1.550947 -0.616086
1420000 1.787849 1.591212 -0.677797
1430000 1.825303 1.620193 -0.626570
1440000 1.532447 1.662683 -0.647298
1450000 1.398394 1.628029 -0.735885
1460000 1.362211 1.613316 -0.670035
1470000 1.521011 1.644023 -0.834716
1480000 1.206360 1.601078 -0.558920
1490000 1.016308 1.561857 -0.725690
1500000 1.004920 1.678492 -0.662106
1510000 1.313621 1.644441 -0.576085
1520000 1.608818 1.610807 -0.736916
1530000 1.153070 1.755580 -0.608972
1540000 1.009463 1.553733 -0.724193
1550000 1.259560 1.518976 -0.726408
1560000 1.492174 1.598422 -0.674947
1570000 1.110071 1.503368 -0.700916
1580000 0.923076 1.583474 -0.821633
1590000 1.023787 1.625891 -0.725236
1600000 0.717526 1.648587 -0.716110
1610000 1.180000 1.720724 -0.732706
1620000 1.332740 1.606410 -0.639486
1630000 1.722013 1.555694 -0.629269
1640000 1.751867 1.543799 -0.550294
1650000 1.885513 1.522141 -0.686772
1660000 2.573145 1.509315 -0.632311
1670000 2.950812 1.589362 -0.823448
1680000 3.950050 1.680165 -0.657734
1690000 4.618281 1.596516 -0.755247
1700000 4.187547 1.566493 -0.845860
1710000 4.917318 1.637438 -0.715218
1720000 4.554024 1.620126 -0.824966
1730000 4.576253 1.589049 -0.691904
1740000 4.365653 1.575245 -0.714015
1750000 3.710044 1.444318 -0.604610
1760000 3.996598 1.579544 -0.727305
1770000 3.592811 1.575944 -0.672254
1780000 3.457999 1.609903 -0.692051
1790000 4.969135 1.502625 -0.742434
1800000 4.552586 1.593389 -0.721694
1810000 4.199208 1.504948 -0.639617
1820000 4.337414 1.655010 -0.651235
1830000 3.934739 1.554555 -0.606119
1840000 4.076255 1.588042 -0.635219
1850000 2.575710 1.550885 -0.667218
1860000 2.463851 1.533105 -0.675905
1870000 2.391942 1.495616 -0.694522
1880000 2.283584 1.494170 -0.881452
1890000 1.952988 1.558200 -0.641671
1900000 3.246051 1.526772 -0.615093
1910000 3.234424 1.318486 -0.657953
1920000 3.472235 1.582387 -0.675502
1930000 2.185410 1.553695 -0.639166
1940000 2.542248 1.771341 -0.735249
1950000 3.309736 1.692927 -0.705069
1960000 3.319187 1.544504 -0.736846
1970000 3.745397 1.380546 -0.740159
1980000 4.527784 1.613343 -0.643706
1990000 4.204689 1.601810 -0.648067
2000000 4.621942 1.640896 -0.670692
2010000 3.962934 1.405905 -0.672802
2020000 3.751150 1.620102 -0.584336
2030000 2.997544 1.435268 -0.792024
2040000 2.156055 1.540725 -0.591113
2050000 2.193077 1.643756 -0.751190
2060000 2.974023 1.443494 -0.628004
2070000 3.478631 1.548185 -0.700988
2080000 3.883391 1.519020 -0.608331
2090000 4.863338 1.686989 -0.709848
2100000 4.317256 1.587861 -0.671247
2110000 3.989229 1.577590 -0.645177
2120000 3.723192 1.585028 -0.724295
2130000 4.732537 1.586370 -0.762028
2140000 3.805508 1.641489 -0.752837
2150000 3.766857 1.479993 -0.747578
2160000 3.303428 1.610704 -0.620071
2170000 3.833617 1.497602 -0.746604
2180000 4.458590 1.615909 -0.795971
2190000 3.819396 1.653101 -0.592504
2200000 2.877139 1.552760 -0.579288
2210000 3.223124 1.559568 -0.645883
2220000 2.572736 1.591981 -0.643926
2230000 1.988640 1.684106 -0.657282
2240000 1.950270 1.463455 -0.787927
2250000 2.566616 1.671872 -0.741164
2260000 2.447216 1.616071 -0.619277
2270000 1.678958 1.515146 -0.674939
2280000 1.671320 1.532319 -0.709100
2290000 1.739114 1.733116 -0.675235
2300000 1.455161 1.557770 -0.814926
2310000 1.556264 1.770310 -0.738570
2320000 1.330717 1.605405 -0.836742
2330000 1.375857 1.450241 -0.762527
2340000 1.401024 1.569865 -0.780462
2350000 1.321131 1.673558 -0.898261
2360000 1.485488 1.587534 -0.658704
2370000 0.848510 1.718725 -0.649718
2380000 0.861238 1.648347 -0.846835
2390000 0.932687 1.709555 -0.689382
2400000 0.672713 1.556764 -0.703164
2410000 0.686554 1.772378 -0.741882
2420000 0.498423 1.452580 -0.780992
2430000 0.769753 1.591056 -0.673523
2440000 0.722127 1.496459 -0.752926
2450000 1.125303 1.517121 -0.621361
2460000 1.219128 1.595070 -0.686691
2470000 0.935808 1.603923 -0.691954
2480000 1.610058 1.551408 -0.592074
2490000 1.534940 1.477164 -0.681429
2500000 1.857391 1.459372 -0.758333
2510000 1.991121 1.594702 -0.655280
2520000 1.939087 1.604207 -0.655556
2530000 2.352184 1.601167 -0.657732
2540000 3.473202 1.578322 -0.627606
2550000 2.676207 1.576697 -0.571733
2560000 3.528451 1.493577 -0.767339
2570000 4.528983 1.546602 -0.764580
2580000 4.381226 1.647717 -0.659467
2590000 4.210436 1.601454 -0.538965
2600000 3.656331 1.437916 -0.732065
2610000 3.050875 1.557029 -0.643243
2620000 2.917003 1.549015 -0.634793
2630000 2.909665 1.483282 -0.573534
2640000 3.063270 1.468923 -0.707837
2650000 3.530960 1.647032 -0.619674
2660000 3.683836 1.467039 -0.575446
2670000 4.659621 1.572100 -0.769843
2680000 4.968749 1.668626 -0.690155
2690000 4.841671 1.611111 -0.609017
2700000 4.997036 1.630253 -0.673433
2710000 4.346618 1.595536 -0.617638
2720000 4.044577 1.558436 -0.754422
2730000 3.617521 1.429978 -0.711623
2740000 3.172192 1.390943 -0.726656
2750000 2.476982 1.544315 -0.677233
2760000 2.664086 1.491844 -0.599773
2770000 2.764440 1.605916 -0.672992
2780000 3.183131 1.562124 -0.689867
2790000 2.988949 1.536338 -0.742657
2800000 3.659347 1.691688 -0.674120
2810000 4.160313 1.698729 -0.537961
2820000 3.424808 1.657423 -0.564151
2830000 4.642726 1.515469 -0.719847
2840000 4.337001 1.601318 -0.534731
2850000 4.573126 1.463683 -0.657782
2860000 4.455049 1.455345 -0.640080
2870000 5.017475 1.550520 -0.683888
2880000 4.979381 1.476996 -0.635712
2890000 3.585608 1.654821 -0.646780
2900000 3.391529 1.589677 -0.712135
2910000 3.131592 1.543692 -0.572229
2920000 2.817584 1.604655 -0.744666
2930000 3.032288 1.576323 -0.716641
2940000 2.024708 1.500299 -0.602210
2950000 2.213757 1.457821 -0.798527
2960000 2.165315 1.528731 -0.869251
2970000 2.231838 1.508742 -0.679504
2980000 1.834810 1.647711 -0.764766
2990000 2.032520 1.596732 -0.664587
3000000 2.068340 1.535329 -0.681972
3010000 2.092687 1.547739 -0.713297
3020000 1.465228 1.446917 -0.713819
3030000 1.286391 1.626881 -0.729620
3040000 1.410702 1.641245 -0.693353
3050000 1.210872 1.467855 -0.771088
3060000 1.389426 1.521412 -0.799935
3070000 1.700289 1.519251 -0.716188
3080000 1.722106 1.530975 -0.767650
3090000 1.544118 1.517999 -0.738280
3100000 1.903711 1.612317 -0.700422
3110000 1.977572 1.509324 -0.764266
3120000 2.419001 1.544052 -0.716978
3130000 2.574456 1.511957 -0.655154
3140000 2.648912 1.585491 -0.787498
3150000 3.302982 1.585575 -0.612683
3160000 4.008253 1.442918 -0.597955
3170000 4.024590 1.540067 -0.661276
3180000 4.319159 1.546577 -0.763714
3190000 4.217886 1.513281 -0.766463
3200000 3.786599 1.396424 -0.680534
3210000 4.072697 1.668974 -0.671924
3220000 3.825714 1.717585 -0.610511
3230000 3.945612 1.573850 -0.712736
3240000 4.274441 1.538970 -0.823301
3250000 3.723051 1.470851 -0.627338
3260000 3.083034 1.634367 -0.850619
3270000 3.779390 1.574762 -0.662725
3280000 4.129375 1.520437 -0.686837
3290000 4.565430 1.488404 -0.716928
3300000 5.029168 1.565244 -0.709638
3310000 4.965895 1.538338 -0.735211
3320000 4.643862 1.493921 -0.725686
3330000 3.639846 1.659726 -0.765597
3340000 4.540420 1.528262 -0.658875
3350000 3.732626 1.597472 -0.612407
3360000 2.760694 1.550886 -0.829880
3370000 2.907670 1.623325 -0.658044
3380000 3.389891 1.481673 -0.751341
3390000 2.831695 1.616616 -0.793343
3400000 2.122548 1.618317 -0.735384
3410000 2.180021 1.626034 -0.606614
3420000 2.533312 1.669612 -0.656885
3430000 2.133740 1.623198 -0.698586
3440000 2.369669 1.525409 -0.820844
3450000 2.700826 1.613076 -0.814166
3460000 2.423671 1.434396 -0.638615
3470000 2.721216 1.578012 -0.604315
3480000 3.593512 1.602158 -0.678233
3490000 3.736377 1.610996 -0.618312
3500000 4.664415 1.589906 -0.619929
3510000 4.516467 1.557642 -0.780869
3520000 5.001844 1.489874 -0.725638
3530000 4.559002 1.606731 -0.691367
3540000 3.931612 1.629534 -0.657924
3550000 3.920276 1.604016 -0.764827
3560000 3.479847 1.465135 -0.669371
3570000 3.692271 1.573963 -0.791768
3580000 2.708809 1.545362 -0.466883
3590000 3.206491 1.651124 -0.842651
3600000 4.114908 1.595897 -0.773342
3610000 4.578330 1.573162 -0.618222
3620000 5.020523 1.524813 -0.621263
3630000 4.868455 1.548825 -0.697203
3640000 4.498832 1.678800 -0.630286
3650000 4.246570 1.686922 -0.698277
3660000 4.031495 1.551975 -0.612103
3670000 3.235597 1.550189 -0.688728
3680000 4.172426 1.613221 -0.662304
3690000 2.746248 1.448137 -0.644329
3700000 3.136211 1.629599 -0.694831
3710000 3.363691 1.633302 -0.705874
3720000 3.630967 1.521906 -0.703572
3730000 3.475676 1.571935 -0.613011
3740000 4.498139 1.606150 -0.660402
3750000 4.550450 1.507385 -0.673208
3760000 4.419632 1.512780 -0.699385
3770000 4.359461 1.575422 -0.685247
3780000 4.744954 1.728895 -0.596729
3790000 4.990327 1.553850 -0.677341
3800000 4.415237 1.448196 -0.677741
3810000 3.815758 1.587417 -0.744699
3820000 3.032774 1.552430 -0.729109
3830000 2.895795 1.749467 -0.715774
3840000 4.002807 1.511653 -0.722589
3850000 3.251953 1.631792 -0.703684
3860000 3.271222 1.623416 -0.677522
3870000 2.582216 1.535058 -0.828999
3880000 2.046410 1.487231 -0.731191
3890000 2.473473 1.673665 -0.729628
3900000 1.720238 1.547235 -0.602160
3910000 1.802488 1.540036 -0.676035
3920000 2.065363 1.617039 -0.792075
3930000 2.245155 1.462851 -0.599712
3940000 1.685628 1.607179 -0.803693
3950000 1.542482 1.606084 -0.642545
3960000 1.230863 1.599383 -0.743888
3970000 1.238860 1.588615 -0.740062
3980000 0.931051 1.591863 -0.720297
3990000 1.071973 1.582781 -0.682419
4000000 0.979608 1.639793 -0.727393
