100000 4.341412 1.468604 -2.302677
110000 3.776738 1.589469 -2.257927
120000 2.768280 1.593643 -2.292443
130000 2.405561 1.597007 -2.271890
140000 1.750127 1.535874 -2.371259
150000 1.569311 1.583021 -2.236672
160000 1.853640 1.545673 -2.213001
170000 1.162771 1.551474 -2.226457
180000 1.282963 1.608971 -2.218130
190000 0.936444 1.552419 -2.284550
200000 0.909820 1.518599 -2.297183
210000 1.391862 1.504412 -2.242765
220000 1.414626 1.472905 -2.396844
230000 0.652344 1.605687 -2.483179
240000 0.882477 1.589365 -2.277254
250000 1.054250 1.547022 -2.276594
260000 0.741791 1.642013 -2.387997
270000 1.424507 1.593259 -2.255189
280000 1.595251 1.544575 -2.295213
290000 1.827387 1.510383 -2.383419
300000 2.327625 1.461611 -2.299390
310000 2.420502 1.546461 -2.189151
320000 1.895437 1.624068 -2.271035
330000 3.034558 1.670210 -2.210094
340000 4.201384 1.474541 -2.356953
350000 4.294467 1.491110 -2.205492
360000 3.068224 1.659789 -2.184180
370000 2.937265 1.448789 -2.250848
380000 4.204745 1.494403 -2.241644
390000 4.989096 1.524009 -2.184104
400000 4.714713 1.629375 -2.244504
410000 3.970211 1.616322 -2.261265
420000 3.355797 1.609056 -2.298293
430000 2.332166 1.724356 -2.225319
440000 3.282257 1.621241 -2.328117
450000 3.210755 1.549843 -2.336434
460000 1.983476 1.603937 -2.359346
470000 2.496143 1.552351 -2.298847
480000 2.844224 1.475664 -2.234400
490000 3.523197 1.622218 -2.148316
500000 3.617467 1.478311 -2.332339
510000 4.943255 1.691987 -2.142034
520000 4.871570 1.643937 -2.253888
530000 4.689692 1.658454 -2.410026
540000 3.155544 1.530779 -2.130688
550000 2.937264 1.606653 -2.291199
560000 2.067647 1.549823 -2.215081
570000 1.894976 1.532872 -2.409234
580000 1.032180 1.596024 -2.342749
590000 1.302436 1.597547 -2.380090
600000 1.263262 1.591717 -2.300338
610000 1.407772 1.424849 -2.408499
620000 1.523210 1.597206 -2.315579
630000 1.689843 1.564195 -2.149985
640000 1.247265 1.595022 -2.282124
650000 0.980253 1.559923 -2.364963
660000 1.082725 1.686303 -2.357279
670000 0.747773 1.709171 -2.398449
680000 0.873021 1.616405 -2.301767
690000 0.577119 1.655363 -2.223032
700000 0.694543 1.619973 -2.366668
710000 0.575431 1.467633 -2.345358
720000 0.938679 1.555334 -2.244553
730000 0.488141 1.719713 -2.216508
740000 1.343118 1.492524 -2.269451
750000 0.907716 1.600812 -2.269491
760000 0.979348 1.576739 -2.273729
770000 1.473208 1.499328 -2.376865
780000 1.391208 1.544018 -2.251281
790000 1.382553 1.472564 -2.345209
800000 0.903009 1.666847 -2.293353
810000 0.787982 1.540675 -2.301649
820000 0.723263 1.709327 -2.301803
830000 1.241637 1.410546 -2.281746
840000 1.378411 1.588801 -2.277028
850000 1.568741 1.438532 -2.345428
860000 1.347435 1.624200 -2.451898
870000 1.212197 1.566947 -2.237871
880000 0.503417 1.741642 -2.381368
890000 0.497414 1.670745 -2.447073
900000 0.595484 1.649998 -2.364157
910000 0.677728 1.530500 -2.167351
920000 0.495795 1.538907 -2.298091
930000 0.601088 1.528130 -2.501957
940000 0.675638 1.550025 -2.394137
950000 0.602534 1.576273 -2.286392
960000 0.788658 1.586144 -2.426960
970000 1.296970 1.648967 -2.266488
980000 1.326090 1.608330 -2.181786
990000 2.245641 1.419579 -2.219126
1000000 2.964508 1.553114 -2.238183
1010000 3.420013 1.611231 -2.302055
1020000 4.851220 1.600694 -2.315864
1030000 4.735301 1.589460 -2.317504
1040000 3.836982 1.522421 -2.283982
1050000 4.412896 1.607085 -2.212894
1060000 4.085880 1.549792 -2.247568
1070000 3.275432 1.576736 -2.227329
1080000 3.219048 1.511564 -2.404068
1090000 4.457946 1.547041 -2.246943
1100000 4.504004 1.563307 -2.340887
1110000 4.956332 1.583341 -2.217804
1120000 4.409088 1.501635 -2.404321
1130000 4.622910 1.511558 -2.265802
1140000 3.297618 1.474212 -2.301423
1150000 3.755918 1.601647 -2.213176
1160000 3.370720 1.543316 -2.301155
1170000 4.375417 1.577984 -2.255937
1180000 4.626169 1.569559 -2.248958
1190000 5.013921 1.518468 -2.322137
1200000 4.858776 1.558791 -2.406996
1210000 4.045518 1.589673 -2.305684
1220000 3.214677 1.666745 -2.290866
1230000 2.423380 1.548049 -2.284690
1240000 2.827227 1.571628 -2.287071
1250000 3.042589 1.459293 -2.330178
1260000 2.412206 1.649168 -2.245256
1270000 2.451141 1.530959 -2.178381
1280000 2.235538 1.611219 -2.285533
1290000 3.457439 1.555551 -2.263427
1300000 3.490712 1.536511 -2.233122
1310000 4.843539 1.553069 -2.167400
1320000 3.854714 1.612722 -2.212652
1330000 4.174152 1.614751 -2.096988
1340000 2.693028 1.532454 -2.325127
1350000 3.214302 1.637421 -2.184128
1360000 4.145585 1.545021 -2.288354
1370000 4.194971 1.530063 -2.234727
1380000 4.610521 1.507142 -2.317353
1390000 3.852895 1.520965 -2.266478
1400000 3.987705 1.577292 -2.256525
1410000 4.413959 1.631023 -2.302011
1420000 4.372229 1.655490 -2.226515
1430000 4.865898 1.625522 -2.280764
1440000 4.729405 1.611680 -2.267061
1450000 4.893330 1.537374 -2.431354
1460000 3.802718 1.640046 -2.402885
1470000 3.920911 1.511711 -2.259389
1480000 2.640380 1.584946 -2.253488
1490000 2.418591 1.550135 -2.216410
1500000 2.046789 1.642667 -2.131509
1510000 2.385545 1.557518 -2.120267
1520000 2.821823 1.531319 -2.361081
1530000 3.502968 1.579721 -2.346976
1540000 3.990500 1.518159 -2.275103
1550000 3.467132 1.452605 -2.305137
1560000 3.364602 1.661190 -2.248426
1570000 2.806958 1.664124 -2.177683
1580000 3.143671 1.608929 -2.335888
1590000 2.063589 1.552354 -2.241832
1600000 1.838435 1.552062 -2.276786
1610000 2.212422 1.676178 -2.330113
1620000 1.881918 1.644936 -2.211667
1630000 2.782528 1.656861 -2.407869
1640000 2.261093 1.598372 -2.344463
1650000 1.949200 1.556762 -2.301167
1660000 2.503722 1.576080 -2.369876
1670000 2.768338 1.606461 -2.353068
1680000 3.010546 1.495770 -2.293841
1690000 4.253120 1.521921 -2.271266
1700000 4.032767 1.422021 -2.238746
1710000 4.460376 1.623202 -2.295199
1720000 3.643152 1.574997 -2.194027
1730000 2.648865 1.542189 -2.252380
1740000 2.304711 1.552423 -2.322823
1750000 2.277354 1.649219 -2.300757
1760000 1.661357 1.572192 -2.159630
1770000 1.589560 1.570463 -2.282425
1780000 2.207140 1.525704 -2.281726
1790000 1.566381 1.569136 -2.224158
1800000 1.651792 1.546454 -2.246887
1810000 1.237446 1.597948 -2.401138
1820000 1.331021 1.540732 -2.223270
1830000 1.787865 1.615305 -2.266849
1840000 2.238598 1.580217 -2.327488
1850000 2.672162 1.525576 -2.337150
1860000 3.197605 1.630738 -2.123376
1870000 3.530399 1.596282 -2.212208
1880000 3.883089 1.600758 -2.281988
1890000 4.066388 1.643407 -2.168680
1900000 4.474936 1.384859 -2.173389
1910000 4.823262 1.609621 -2.328914
1920000 4.168197 1.668802 -2.183726
1930000 3.882282 1.566023 -2.204192
1940000 3.461244 1.534184 -2.208865
1950000 3.203339 1.575456 -2.374344
1960000 2.521464 1.565915 -2.219927
1970000 1.918532 1.562968 -2.269625
1980000 1.641869 1.611813 -2.267638
1990000 1.852449 1.487435 -2.303602
2000000 1.827350 1.589840 -2.336339
2010000 2.567743 1.558050 -2.170989
2020000 3.484101 1.542361 -2.309432
2030000 3.419988 1.553414 -2.252691
2040000 3.905338 1.579927 -2.316780
2050000 4.601474 1.536825 -2.396630
2060000 4.905929 1.679770 -2.222127
2070000 4.103891 1.592451 -2.219314
2080000 2.651872 1.529036 -2.177261
2090000 2.253400 1.618976 -2.298858
2100000 3.115076 1.579342 -2.251839
2110000 4.150105 1.426094 -2.368932
2120000 4.442016 1.549580 -2.265177
2130000 4.109694 1.698884 -2.311267
2140000 3.883852 1.727331 -2.196500
2150000 3.827337 1.515145 -2.189680
2160000 4.552466 1.600737 -2.248724
2170000 3.887965 1.576965 -2.280827
2180000 4.313314 1.637921 -2.252079
2190000 4.599577 1.609861 -2.379922
2200000 4.079270 1.504281 -2.290757
2210000 3.708146 1.666524 -2.108974
2220000 2.781919 1.644129 -2.286273
2230000 2.465006 1.490959 -2.433635
2240000 2.225098 1.565504 -2.294385
2250000 2.136829 1.582375 -2.271861
2260000 1.725763 1.541590 -2.245058
2270000 1.474567 1.654249 -2.371246
2280000 2.113299 1.540318 -2.264212
2290000 2.752203 1.528430 -2.207762
2300000 3.060849 1.443267 -2.209949
2310000 2.746957 1.530646 -2.358393
2320000 3.073877 1.547026 -2.209485
2330000 3.705810 1.629118 -2.277730
2340000 3.906487 1.660148 -2.253468
2350000 4.994689 1.611001 -2.368190
2360000 4.593165 1.521048 -2.259052
2370000 4.817436 1.541277 -2.289021
2380000 4.726042 1.472235 -2.245400
2390000 3.378599 1.563153 -2.216822
2400000 2.987249 1.610041 -2.300595
2410000 3.828359 1.559783 -2.182016
2420000 3.963253 1.556707 -2.240396
2430000 4.132816 1.493896 -2.232621
2440000 4.158816 1.448446 -2.277863
2450000 3.420848 1.608946 -2.295997
2460000 2.616139 1.610452 -2.302597
2470000 2.530835 1.661155 -2.256993
2480000 3.033042 1.600384 -2.214460
2490000 4.937866 1.628282 -2.288136
2500000 4.720062 1.701754 -2.353408
2510000 4.422448 1.598994 -2.174429
2520000 4.713192 1.573723 -2.275954
2530000 4.492921 1.467076 -2.275977
2540000 4.851136 1.496814 -2.195226
2550000 4.768211 1.651012 -2.200761
2560000 5.005614 1.488018 -2.362877
2570000 3.565397 1.650535 -2.184254
2580000 3.207599 1.583404 -2.235169
2590000 3.201138 1.600501 -2.190247
2600000 3.759220 1.596626 -2.174016
2610000 3.700365 1.669737 -2.355763
2620000 4.210723 1.668355 -2.190277
2630000 4.498916 1.565166 -2.189241
2640000 4.099218 1.693715 -2.408909
2650000 3.380925 1.669042 -2.231161
2660000 2.316916 1.625148 -2.291491
2670000 2.591327 1.629712 -2.232921
2680000 1.844519 1.585241 -2.288542
2690000 1.447789 1.501186 -2.360326
2700000 1.635388 1.504385 -2.106363
2710000 1.570818 1.735218 -2.276645
2720000 1.007730 1.581774 -2.297841
2730000 0.996108 1.492921 -2.378182
2740000 0.845008 1.513312 -2.240459
2750000 0.955985 1.616544 -2.292709
2760000 0.899718 1.564449 -2.325683
2770000 0.954641 1.502799 -2.322831
2780000 1.164845 1.580626 -2.250090
2790000 0.721089 1.526825 -2.313065
2800000 0.745488 1.592491 -2.333671
2810000 0.660548 1.549592 -2.327844
2820000 1.271002 1.568260 -2.336933
2830000 1.496067 1.573835 -2.308569
2840000 1.077536 1.603649 -2.103633
2850000 1.196552 1.550144 -2.215606
2860000 1.137258 1.700170 -2.238201
2870000 1.233534 1.549361 -2.244906
2880000 0.959194 1.545195 -2.313545
2890000 1.095100 1.560013 -2.214194
2900000 1.366596 1.624398 -2.222379
2910000 1.561601 1.461312 -2.202400
2920000 1.510328 1.448738 -2.313232
2930000 1.054593 1.548771 -2.255342
2940000 0.970653 1.483472 -2.274084
2950000 0.881118 1.472395 -2.212538
2960000 0.734362 1.627227 -2.310199
2970000 0.488908 1.740859 -2.234151
2980000 0.500181 1.604820 -2.374205
2990000 0.494353 1.651507 -2.374609
3000000 0.634531 1.642892 -2.281353
3010000 0.588719 1.563356 -2.256713
3020000 0.573457 1.638496 -2.442158
3030000 0.493396 1.628622 -2.397440
3040000 0.696651 1.702206 -2.272896
3050000 0.731494 1.552444 -2.276875
3060000 0.496269 1.589419 -2.229751
3070000 0.500535 1.621708 -2.444029
3080000 0.720374 1.665728 -2.275636
3090000 0.852738 1.570718 -2.232928
3100000 0.890583 1.577825 -2.409523
3110000 1.606536 1.430547 -2.268108
3120000 1.736006 1.456678 -2.259308
3130000 1.824520 1.586037 -2.161108
3140000 2.497854 1.566242 -2.354878
3150000 2.541924 1.565186 -2.341399
3160000 2.932905 1.659457 -2.318781
3170000 3.166746 1.683620 -2.169330
3180000 2.986880 1.591880 -2.270139
3190000 3.534357 1.403326 -2.329999
3200000 4.890217 1.562365 -2.314386
3210000 4.468245 1.613891 -2.246607
3220000 4.809591 1.717019 -2.324030
3230000 4.915235 1.494060 -2.273131
3240000 4.295735 1.421425 -2.338086
3250000 3.879815 1.607665 -2.199094
3260000 4.399459 1.515989 -2.314454
3270000 3.705349 1.555573 -2.186958
3280000 4.620125 1.535281 -2.331395
3290000 4.643086 1.433305 -2.268175
3300000 4.973687 1.558053 -2.399150
3310000 4.985053 1.581954 -2.290137
3320000 4.617949 1.651544 -2.285445
3330000 4.603108 1.535795 -2.179990
3340000 3.633415 1.624571 -2.407307
3350000 3.081992 1.460572 -2.378822
3360000 3.217768 1.552335 -2.247710
3370000 2.856182 1.627721 -2.318912
3380000 3.001505 1.538666 -2.258189
3390000 2.238677 1.539621 -2.220232
3400000 1.978946 1.626791 -2.174495
3410000 2.108338 1.635243 -2.125501
3420000 2.502384 1.598888 -2.319692
3430000 2.320528 1.599248 -2.396276
3440000 2.500533 1.590195 -2.146343
3450000 2.068315 1.536288 -2.198875
3460000 1.774461 1.605992 -2.224961
3470000 1.617271 1.553231 -2.377674
3480000 1.660883 1.512319 -2.271180
3490000 1.453462 1.650136 -2.321559
3500000 1.450765 1.654372 -2.234698
3510000 1.896978 1.597835 -2.223218
3520000 2.025980 1.552224 -2.251685
3530000 2.323072 1.534383 -2.199531
3540000 2.872681 1.494051 -2.351231
3550000 3.266763 1.567705 -2.332971
3560000 3.319083 1.546902 -2.270376
3570000 2.963562 1.575278 -2.322936
3580000 2.681214 1.506588 -2.213758
3590000 2.884877 1.673816 -2.268322
3600000 3.488725 1.553664 -2.289295
3610000 3.258599 1.463545 -2.137926
3620000 3.705435 1.551136 -2.346218
3630000 5.065356 1.510256 -2.204373
3640000 4.923942 1.426461 -2.147843
3650000 4.236250 1.520465 -2.128974
3660000 4.205961 1.561823 -2.144235
3670000 4.353314 1.469882 -2.314258
3680000 4.024862 1.495881 -2.375697
3690000 3.698245 1.435092 -2.262642
3700000 3.287440 1.521474 -2.329078
3710000 3.167501 1.595084 -2.181927
3720000 3.868521 1.618666 -2.222691
3730000 4.110295 1.423800 -2.254246
3740000 4.722816 1.560085 -2.326945
3750000 4.855095 1.548016 -2.325425
3760000 4.503031 1.572131 -2.180723
3770000 3.342345 1.518865 -2.201038
3780000 4.318869 1.636649 -2.350236
3790000 4.089929 1.497921 -2.197716
3800000 3.020673 1.583386 -2.258818
3810000 3.726751 1.458168 -2.170082
3820000 4.685086 1.422357 -2.283545
3830000 4.822568 1.466135 -2.257491
3840000 4.133967 1.548735 -2.279559
3850000 4.675489 1.581331 -2.246040
3860000 3.755481 1.705190 -2.317141
3870000 3.661089 1.655572 -2.457965
3880000 2.585515 1.552011 -2.381289
3890000 2.426479 1.612867 -2.222726
3900000 2.354210 1.671948 -2.193246
3910000 2.486952 1.515427 -2.412925
3920000 2.380163 1.700728 -2.370599
3930000 2.509098 1.487362 -2.349390
3940000 2.856644 1.670801 -2.413698
3950000 3.925648 1.587463 -2.308441
3960000 3.041810 1.711276 -2.277841
3970000 2.799830 1.460735 -2.258819
3980000 1.995457 1.646572 -2.237732
