100000 1.282263 1.418243 2.907363
110000 1.647703 1.492455 2.970466
120000 2.268626 1.430171 2.888416
130000 3.552728 1.372154 3.026011
140000 4.435203 1.386192 3.074847
150000 3.772961 1.448253 -3.113799
160000 4.087729 1.442384 2.950072
170000 2.770666 1.335984 2.966800
180000 2.495673 1.326319 2.889322
190000 1.831093 1.400108 2.952682
200000 0.895868 1.352526 3.038932
210000 1.012641 1.248750 3.013594
220000 0.740616 1.396797 2.948475
230000 1.041103 1.362716 3.009099
240000 0.968454 1.431557 3.029234
250000 0.986469 1.395093 3.031739
260000 1.881139 1.477368 3.035396
270000 2.160069 1.280831 3.022751
280000 2.716257 1.394283 3.074912
290000 3.555312 1.479910 2.956633
300000 4.872054 1.445085 3.028395
310000 4.240679 1.383853 2.923511
320000 4.725138 1.366036 2.952633
330000 3.902798 1.332684 3.067015
340000 3.713256 1.490632 2.949447
350000 2.870254 1.586228 2.937729
360000 3.440887 1.500681 2.973117
370000 2.223192 1.365761 2.900834
380000 3.385949 1.400111 2.969743
390000 4.079867 1.442095 2.908539
400000 4.790368 1.472715 3.105231
410000 4.451307 1.445213 3.012399
420000 4.101341 1.292636 2.932700
430000 3.529394 1.378346 3.082313
440000 2.546078 1.342694 2.904413
450000 2.133798 1.331140 3.014800
460000 3.081088 1.496614 2.992546
470000 3.860063 1.543493 2.985604
480000 3.828321 1.300078 2.911950
490000 4.412342 1.487695 2.872659
500000 3.221943 1.421382 3.006320
510000 2.970109 1.472011 3.008593
520000 2.639306 1.401787 2.966978
530000 2.022452 1.494079 2.987939
540000 1.552970 1.339065 2.911815
550000 1.472076 1.294608 3.038138
560000 1.554865 1.283644 2.879762
570000 1.683944 1.329886 2.952618
580000 1.965238 1.446820 2.960297
590000 2.134701 1.391178 2.848454
600000 1.696123 1.309689 3.023341
610000 1.337900 1.473448 3.000188
620000 0.870605 1.430176 2.966177
630000 0.628775 1.314879 2.880687
640000 0.981195 1.375697 2.883572
650000 0.986184 1.363644 3.004182
660000 1.107633 1.336299 3.085828
670000 1.405720 1.503733 2.959446
680000 1.133252 1.293940 2.985554
690000 1.021282 1.379461 2.965980
700000 1.418886 1.231880 3.062230
710000 1.150683 1.322104 3.007322
720000 0.881445 1.373085 2.956191
730000 1.568975 1.361724 3.027587
740000 2.098478 1.433554 2.982720
750000 2.262994 1.499315 2.975306
760000 2.418252 1.403741 2.931384
770000 2.229606 1.429464 2.921323
780000 4.292159 1.372290 2.899111
790000 4.358589 1.370951 2.848657
800000 3.122922 1.455648 2.833636
810000 3.771304 1.404105 2.960568
820000 4.636759 1.237029 2.915872
830000 4.002770 1.179049 3.009799
840000 3.677913 1.373081 2.983403
850000 2.940066 1.435774 2.929452
860000 3.193276 1.336979 2.876050
870000 4.214069 1.441305 3.041519
880000 4.494078 1.423761 3.000183
890000 4.273219 1.378265 2.847396
900000 4.505323 1.419696 3.077065
910000 4.674430 1.433502 2.991408
920000 4.435774 1.421949 2.849358
930000 3.745916 1.367201 2.797103
940000 4.092769 1.252543 2.974467
950000 3.285344 1.371653 3.058110
960000 2.595424 1.385972 3.064225
970000 2.729706 1.429463 3.072377
980000 2.239758 1.440204 2.901928
990000 2.074620 1.384658 3.073895
1000000 2.203164 1.256342 2.888846
1010000 2.330608 1.401206 2.945481
1020000 2.129977 1.338713 3.128239
1030000 1.803620 1.349988 2.913661
1040000 1.449853 1.361268 3.010928
1050000 1.747529 1.432174 2.866391
1060000 1.733261 1.371166 2.849763
1070000 1.466584 1.399522 3.006468
1080000 1.636626 1.461162 3.118354
1090000 1.244672 1.543718 2.980164
1100000 1.189603 1.379325 2.903878
1110000 1.762947 1.416030 2.999465
1120000 2.233117 1.384192 2.962735
1130000 3.132827 1.408052 2.991707
1140000 2.882723 1.397722 2.943554
1150000 4.263959 1.189190 2.942534
1160000 4.575475 1.320556 3.004502
1170000 4.343681 1.405291 3.028605
1180000 4.322198 1.298368 3.040107
1190000 3.845189 1.391007 3.043371
1200000 3.564016 1.277837 2.932248
1210000 4.528651 1.499679 3.001253
1220000 4.730675 1.363481 2.943929
1230000 4.238893 1.509262 2.943470
1240000 3.607912 1.464314 2.953724
1250000 3.645630 1.360187 2.995321
1260000 2.672575 1.369467 2.946202
1270000 3.451316 1.342059 2.998872
1280000 3.314003 1.373841 2.893042
1290000 2.683535 1.430223 3.081541
1300000 2.143097 1.390652 2.831296
1310000 1.962084 1.483092 3.031376
1320000 2.340639 1.330744 2.943718
1330000 2.831616 1.402083 3.020821
1340000 3.302931 1.379420 2.893653
1350000 3.623479 1.432569 2.918665
1360000 3.009693 1.470448 2.981868
1370000 4.087740 1.413092 2.911867
1380000 5.000437 1.365855 3.006137
1390000 4.981896 1.322159 2.885894
1400000 4.072826 1.373372 2.976596
1410000 3.056479 1.517574 2.813386
1420000 2.475802 1.404323 2.935424
1430000 2.830231 1.339913 2.908205
1440000 2.213229 1.419967 3.040093
1450000 2.114728 1.367147 2.915023
1460000 2.149359 1.370869 2.960357
1470000 2.205517 1.434483 2.914660
1480000 1.875634 1.324555 2.925623
1490000 2.082219 1.498451 2.987843
1500000 2.997881 1.512906 2.945120
1510000 3.397374 1.456343 2.990662
1520000 3.702774 1.351232 2.930499
1530000 4.396019 1.444793 2.902306
1540000 4.474470 1.412278 2.968174
1550000 4.420932 1.456942 2.944577
1560000 4.039363 1.359036 3.048110
1570000 3.507516 1.393490 2.906824
1580000 3.594093 1.405841 2.893325
1590000 2.867371 1.376263 2.880521
1600000 2.561902 1.371096 2.980934
1610000 2.536140 1.383805 2.891937
1620000 1.919125 1.528399 3.011379
1630000 1.858751 1.507168 2.964159
1640000 1.963792 1.349001 2.994681
1650000 1.740772 1.428566 2.917869
1660000 1.286480 1.367323 2.992764
1670000 1.075803 1.361368 2.931425
1680000 1.310818 1.411243 2.903539
1690000 1.200401 1.261855 2.919113
1700000 1.305375 1.302742 2.892722
1710000 1.027942 1.435709 2.893930
1720000 0.839756 1.302874 2.987872
1730000 0.896570 1.381471 3.072280
1740000 1.356311 1.270462 2.927034
1750000 1.601210 1.404604 2.911162
1760000 1.254110 1.249392 2.983032
1770000 0.711082 1.350231 3.070304
1780000 0.934820 1.312275 2.903954
1790000 1.199958 1.425225 3.054856
1800000 1.278988 1.417768 2.977296
1810000 1.005140 1.466227 2.978766
1820000 1.188633 1.345944 3.042325
1830000 1.746686 1.307176 2.851370
1840000 1.485753 1.366293 2.944267
1850000 1.920714 1.370136 2.963100
1860000 2.155693 1.400323 2.863071
1870000 2.571597 1.364845 2.973479
1880000 2.797804 1.364458 2.959547
1890000 3.473058 1.390896 2.966327
1900000 4.117808 1.380374 2.851277
1910000 4.168348 1.512870 2.948498
1920000 4.447637 1.486293 3.063252
1930000 4.947083 1.347100 3.004599
1940000 4.969841 1.466223 3.039939
1950000 4.623708 1.338894 2.836036
1960000 3.794083 1.492343 2.951045
1970000 3.672432 1.477331 2.958579
1980000 3.857142 1.377009 2.934426
1990000 4.921665 1.279016 3.027699
2000000 4.527065 1.316226 2.948624
2010000 4.757360 1.412943 3.066875
2020000 3.493815 1.309248 3.023192
2030000 3.413153 1.298134 3.086011
2040000 4.264263 1.432152 2.982169
2050000 4.322393 1.364026 3.050583
2060000 3.437550 1.302553 3.012967
2070000 3.269025 1.493352 2.918263
2080000 4.095876 1.380395 3.087407
2090000 4.321344 1.380515 3.090263
2100000 4.237025 1.406370 2.875336
2110000 3.920926 1.408984 2.956218
2120000 3.779139 1.397984 2.942092
2130000 3.874077 1.445498 3.054458
2140000 2.949628 1.303275 2.905808
2150000 2.683909 1.491046 2.907312
2160000 3.011124 1.477109 3.036760
2170000 2.450428 1.499139 2.973179
2180000 2.301615 1.380499 2.899851
2190000 3.150868 1.292648 2.953393
2200000 3.147530 1.361329 2.991081
2210000 3.246352 1.409621 3.036110
2220000 2.193415 1.383637 2.848202
2230000 2.340938 1.352083 2.924445
2240000 1.959007 1.273509 2.892694
2250000 1.574618 1.298578 2.868945
2260000 1.732857 1.326367 2.861753
2270000 2.436968 1.523510 2.934184
2280000 2.103197 1.351861 2.908204
2290000 2.908551 1.399120 2.973551
2300000 2.698455 1.556691 2.994310
2310000 3.169110 1.433072 2.838720
2320000 3.391238 1.367714 2.904253
2330000 4.465644 1.427211 2.849501
2340000 4.039293 1.399791 2.954399
2350000 3.934430 1.360085 2.977635
2360000 4.602069 1.393939 3.001025
2370000 4.592760 1.356215 2.940280
2380000 4.957955 1.410921 3.070119
2390000 4.844295 1.404082 2.984068
2400000 4.344030 1.360091 2.878637
2410000 3.195617 1.408559 2.992067
2420000 3.920410 1.309701 2.985419
2430000 4.801181 1.411932 2.976803
2440000 4.307092 1.478560 3.044685
2450000 3.988749 1.439767 3.015401
2460000 4.162861 1.377083 3.045198
2470000 4.036023 1.435606 2.826519
2480000 4.944843 1.244281 2.985042
2490000 4.627084 1.415615 2.989662
2500000 4.840764 1.413961 2.794855
2510000 4.650889 1.441705 3.046607
2520000 3.929590 1.431381 2.939880
2530000 3.313005 1.343881 3.026494
2540000 2.901670 1.471651 2.897018
2550000 3.458637 1.326563 2.871524
2560000 2.301128 1.419037 2.859133
2570000 2.053724 1.411209 2.831755
2580000 2.466782 1.428416 2.907430
2590000 2.936430 1.307123 2.918892
2600000 3.090072 1.390854 2.925249
2610000 3.143280 1.276192 2.928444
2620000 3.329628 1.412532 2.934732
2630000 3.847508 1.414611 2.869624
2640000 3.392778 1.449955 2.893368
2650000 3.922717 1.443929 3.021564
2660000 4.690481 1.561842 2.983179
2670000 4.959262 1.363758 2.948920
2680000 4.509299 1.290022 2.846572
2690000 3.961760 1.422051 3.061172
2700000 3.996417 1.408892 2.906258
2710000 3.398310 1.413708 2.884086
2720000 3.319280 1.379748 2.836950
2730000 3.271768 1.260938 3.073288
2740000 1.780581 1.274676 2.903846
2750000 1.336212 1.378312 2.971207
2760000 1.547517 1.296395 3.025292
2770000 1.269650 1.399009 3.052115
2780000 1.340395 1.362658 2.897146
2790000 1.396785 1.431497 3.077983
2800000 0.564607 1.410982 2.806967
2810000 0.511490 1.382345 3.024764
2820000 0.694066 1.334167 2.945453
2830000 0.615092 1.339166 2.991981
2840000 0.812888 1.334620 2.971493
2850000 0.818113 1.243804 2.973885
2860000 0.719539 1.381978 3.023725
2870000 0.726281 1.432911 2.890401
2880000 0.501123 1.237181 2.830075
2890000 0.762987 1.358320 3.093726
2900000 0.904807 1.308926 2.971128
2910000 0.956735 1.422119 2.969703
2920000 0.674918 1.503551 2.916375
2930000 0.768974 1.360629 2.989709
2940000 0.791935 1.383190 3.033244
2950000 1.044324 1.411887 2.960283
2960000 0.967491 1.369159 2.995022
2970000 0.972802 1.401976 2.972015
2980000 1.183999 1.348423 3.093083
2990000 0.914907 1.451628 2.956190
3000000 0.853207 1.513700 3.117127
3010000 0.840319 1.404371 2.965040
3020000 1.319774 1.244450 2.949762
3030000 1.058542 1.436698 3.019804
3040000 1.473764 1.400693 2.990318
3050000 1.459474 1.399553 2.952024
3060000 1.183131 1.404365 3.075315
3070000 1.830380 1.372886 2.968812
3080000 2.160804 1.337920 2.842991
3090000 2.660122 1.454541 3.024963
3100000 2.114135 1.457208 2.920901
3110000 1.973671 1.358152 2.843896
3120000 2.356677 1.388121 2.907328
3130000 2.364649 1.297283 3.071790
3140000 1.736441 1.408071 2.995226
3150000 1.783460 1.335402 2.913436
3160000 1.825960 1.414024 2.838805
3170000 2.094339 1.327927 2.966480
3180000 2.895419 1.484106 3.025568
3190000 3.453720 1.289674 2.868248
3200000 4.303451 1.362373 2.885891
3210000 4.891855 1.395425 2.842332
3220000 4.901034 1.459877 2.938500
3230000 4.680915 1.350453 3.027159
3240000 4.856559 1.504508 2.952008
3250000 4.892952 1.591515 2.980012
3260000 4.142915 1.401164 3.058911
3270000 3.839454 1.337495 3.104973
3280000 3.819224 1.465344 2.891430
3290000 4.275580 1.341594 2.984187
3300000 3.703884 1.411024 2.930894
3310000 3.289334 1.413984 2.912406
3320000 3.005215 1.549005 2.856065
3330000 2.476361 1.344243 2.891175
3340000 2.610281 1.429076 2.976348
3350000 2.510723 1.394717 2.802383
3360000 1.919672 1.461843 2.870761
3370000 1.949494 1.274667 2.981750
3380000 2.398807 1.275731 2.909924
3390000 2.621708 1.489085 3.097537
3400000 3.141678 1.435512 3.020725
3410000 2.744968 1.370105 2.978330
3420000 3.606804 1.324707 3.018556
3430000 4.310530 1.432828 3.083772
3440000 3.295009 1.336845 3.043877
3450000 3.979983 1.425220 2.922823
3460000 4.669819 1.371849 3.121232
3470000 4.666304 1.340783 2.969460
3480000 4.360922 1.259300 2.994915
3490000 4.893441 1.420635 3.035136
3500000 4.948998 1.507350 -3.104000
3510000 4.802940 1.373466 3.049216
3520000 4.722007 1.435829 -3.110360
3530000 4.889474 1.381798 2.955634
3540000 4.906692 1.382554 2.936513
3550000 4.099682 1.375541 2.962628
3560000 3.781632 1.363857 2.963514
3570000 3.994535 1.444785 2.949282
3580000 3.334886 1.291501 2.823842
3590000 2.623323 1.341450 3.056843
3600000 2.806226 1.398923 2.986316
3610000 2.625538 1.319876 2.997550
3620000 3.098155 1.391504 2.959556
3630000 2.195031 1.346044 2.884254
3640000 1.984936 1.386014 3.068610
3650000 3.216170 1.324111 3.029141
3660000 3.250615 1.303505 3.090016
3670000 2.510972 1.338817 2.953548
3680000 2.157504 1.412697 2.891034
3690000 2.284881 1.356607 3.040126
3700000 3.308947 1.347807 2.893325
3710000 3.923508 1.396444 3.063608
3720000 4.928946 1.380463 2.998628
3730000 4.313309 1.545859 2.902249
3740000 3.688818 1.204571 2.862430
3750000 3.426446 1.384682 2.926422
3760000 2.672584 1.301484 2.973933
3770000 2.333190 1.458689 2.976712
3780000 2.551906 1.321448 3.045724
3790000 3.476055 1.373315 3.086931
3800000 4.211571 1.383199 2.959865
3810000 4.477041 1.519281 2.914274
3820000 4.469899 1.449380 3.042023
3830000 4.940592 1.364968 2.884965
3840000 4.778553 1.335200 2.945484
3850000 4.139533 1.445232 2.923766
3860000 3.461329 1.423371 2.861899
3870000 3.930066 1.334873 3.038071
3880000 4.041493 1.464384 2.924220
3890000 4.444703 1.496986 3.059900
3900000 4.047951 1.412756 3.030307
3910000 4.240947 1.419416 2.933107
3920000 2.825645 1.442303 2.911303
3930000 2.986004 1.434484 2.981837
3940000 2.649588 1.444167 2.987465
3950000 1.576097 1.391061 2.847675
3960000 1.567319 1.397979 3.012901
3970000 1.998840 1.312025 3.047953
3980000 1.606550 1.454473 2.939007
3990000 1.586848 1.416604 3.024676
4000000 1.299114 1.453334 2.894241
