100000 3.688471 1.395099 2.445894
110000 4.578839 1.302529 2.369741
120000 3.432403 1.338052 2.501243
130000 2.865941 1.367878 2.483278
140000 3.060930 1.301953 2.450612
150000 4.052659 1.396317 2.364656
160000 2.879647 1.494264 2.545678
170000 2.468964 1.556102 2.499808
180000 2.893033 1.317932 2.352585
190000 3.159102 1.367967 2.520826
200000 2.893333 1.406159 2.458882
210000 1.907884 1.337951 2.403082
220000 1.665210 1.350533 2.433987
230000 1.950083 1.249287 2.502986
240000 2.035738 1.432906 2.433203
250000 2.607981 1.404173 2.420537
260000 4.251619 1.312343 2.425388
270000 4.666832 1.382656 2.503890
280000 4.892210 1.366683 2.290340
290000 3.800275 1.403925 2.420441
300000 4.180669 1.418168 2.245559
310000 3.354681 1.331248 2.417386
320000 2.899078 1.358173 2.386831
330000 2.061446 1.521396 2.496642
340000 1.297349 1.423118 2.497869
350000 0.903889 1.450116 2.559756
360000 0.831073 1.351861 2.474275
370000 0.740304 1.388871 2.421095
380000 0.989820 1.424488 2.572438
390000 1.153770 1.426966 2.520177
400000 1.441561 1.326484 2.422200
410000 1.170283 1.357911 2.488384
420000 1.352060 1.424151 2.522384
430000 1.502746 1.358369 2.460724
440000 1.432402 1.353335 2.365365
450000 1.830909 1.353753 2.469620
460000 1.921170 1.398104 2.424906
470000 1.789066 1.485590 2.459563
480000 2.164313 1.192870 2.458173
490000 2.345767 1.375487 2.458100
500000 3.100300 1.342598 2.460367
510000 4.642866 1.353578 2.359805
520000 4.494246 1.382243 2.457153
530000 4.093182 1.381399 2.545584
540000 3.549264 1.427530 2.353014
550000 4.429517 1.463637 2.384446
560000 4.018246 1.401172 2.452365
570000 5.036846 1.361112 2.489761
580000 4.572357 1.429228 2.525173
590000 4.594161 1.488819 2.427823
600000 4.040972 1.457527 2.529728
610000 3.136284 1.460448 2.392447
620000 3.458465 1.444557 2.438881
630000 2.392924 1.437947 2.426218
640000 3.602309 1.280934 2.386379
650000 3.426473 1.367318 2.554880
660000 3.809267 1.402015 2.494596
670000 4.674260 1.329413 2.533358
680000 3.244336 1.298995 2.374695
690000 2.990369 1.410032 2.470357
700000 2.655073 1.510591 2.420698
710000 2.495525 1.294191 2.400476
720000 2.507213 1.499503 2.406406
730000 2.110277 1.458739 2.403019
740000 2.606281 1.275321 2.407787
750000 3.241998 1.368029 2.393413
760000 3.425546 1.326856 2.604571
770000 4.025838 1.427921 2.478076
780000 4.515698 1.381363 2.463332
790000 4.762754 1.347661 2.544802
800000 4.402638 1.440357 2.562615
810000 3.950928 1.487618 2.444937
820000 3.689263 1.403763 2.339552
830000 3.695937 1.268186 2.383951
840000 3.267930 1.384864 2.485749
850000 4.899953 1.586288 2.488245
860000 4.245373 1.368600 2.256427
870000 4.082269 1.361818 2.380911
880000 4.185273 1.486933 2.449225
890000 4.501934 1.432683 2.513048
900000 4.071511 1.393608 2.450258
910000 3.380699 1.351918 2.458396
920000 2.843142 1.336101 2.503178
930000 2.441235 1.517423 2.406058
940000 1.957988 1.346483 2.607137
950000 2.529526 1.278518 2.465342
960000 2.210952 1.408661 2.494054
970000 1.646522 1.459266 2.495182
980000 1.360760 1.294304 2.560130
990000 1.298483 1.436220 2.382147
1000000 1.310589 1.471410 2.447231
1010000 1.135648 1.316121 2.478163
1020000 1.117334 1.283480 2.388342
1030000 0.710189 1.377559 2.552142
1040000 0.949598 1.500440 2.490234
1050000 0.717070 1.436927 2.642742
1060000 0.876132 1.486736 2.419664
1070000 1.365835 1.251970 2.498854
1080000 1.626655 1.343658 2.530103
1090000 2.362972 1.420378 2.441646
1100000 1.713523 1.455960 2.419793
1110000 2.169487 1.365899 2.467286
1120000 1.960106 1.340222 2.459173
1130000 2.747497 1.320030 2.479749
1140000 3.418608 1.381170 2.492562
1150000 3.333284 1.332724 2.554366
1160000 3.983546 1.436816 2.561970
1170000 3.910327 1.479384 2.267755
1180000 3.041297 1.364466 2.533838
1190000 2.686800 1.390627 2.400193
1200000 2.602785 1.377826 2.384647
1210000 3.489297 1.443214 2.550093
1220000 3.448795 1.319115 2.318939
1230000 3.417008 1.379786 2.420527
1240000 3.037837 1.404802 2.340774
1250000 3.958743 1.272373 2.549966
1260000 4.676154 1.413837 2.290109
1270000 4.226758 1.363665 2.448220
1280000 4.867637 1.442285 2.405941
1290000 3.738412 1.475694 2.479570
1300000 3.444259 1.334981 2.471163
1310000 2.626826 1.443522 2.428454
1320000 1.521642 1.409243 2.496570
1330000 1.435422 1.379054 2.477668
1340000 0.756262 1.455252 2.451509
1350000 1.124866 1.409386 2.519930
1360000 1.105503 1.463219 2.501015
1370000 1.096069 1.483848 2.482307
1380000 1.344953 1.431032 2.414692
1390000 1.495129 1.441796 2.409677
1400000 1.975998 1.337192 2.529907
1410000 2.671981 1.438785 2.486185
1420000 2.084154 1.279353 2.431098
1430000 1.871532 1.379209 2.479650
1440000 1.272025 1.518778 2.570887
1450000 2.098921 1.405220 2.540413
1460000 1.572438 1.416946 2.466560
1470000 1.231888 1.443840 2.471538
1480000 1.495139 1.384796 2.421689
1490000 1.538639 1.322114 2.461203
1500000 1.578376 1.420874 2.428900
1510000 1.542889 1.363508 2.444727
1520000 1.306393 1.665173 2.555222
1530000 1.217570 1.518699 2.445041
1540000 1.122935 1.412926 2.461339
1550000 1.107160 1.372763 2.383938
1560000 0.969258 1.487034 2.501129
1570000 1.575151 1.408526 2.401547
1580000 2.073862 1.315243 2.355909
1590000 2.347182 1.345663 2.541731
1600000 2.246666 1.381924 2.472222
1610000 2.632479 1.357105 2.307257
1620000 3.236012 1.353639 2.456901
1630000 2.556116 1.356275 2.589067
1640000 2.938138 1.559732 2.475238
1650000 3.904577 1.347846 2.459240
1660000 4.069305 1.420059 2.369081
1670000 4.097276 1.407932 2.393241
1680000 3.952503 1.421095 2.463112
1690000 4.343388 1.510975 2.426598
1700000 4.732285 1.409959 2.471815
1710000 4.435207 1.460899 2.369061
1720000 4.249740 1.537747 2.434958
1730000 4.404059 1.441747 2.434543
1740000 4.703846 1.463147 2.389800
1750000 4.687444 1.363102 2.464104
1760000 3.395593 1.448265 2.313917
1770000 3.240867 1.579335 2.381637
1780000 3.125909 1.365645 2.437089
1790000 3.142914 1.455303 2.425798
1800000 2.733648 1.375952 2.443877
1810000 2.467362 1.365702 2.375082
1820000 1.994309 1.373906 2.399623
1830000 2.229626 1.337255 2.264113
1840000 1.809056 1.381606 2.363345
1850000 2.439903 1.264358 2.386587
1860000 3.051391 1.365830 2.293986
1870000 4.543742 1.417310 2.515090
1880000 4.799760 1.475113 2.597205
1890000 4.418221 1.347838 2.341917
1900000 3.509303 1.453388 2.218006
1910000 3.506702 1.438641 2.415801
1920000 3.935989 1.406954 2.438502
1930000 4.366068 1.294674 2.408396
1940000 4.600879 1.392758 2.473599
1950000 4.624574 1.422022 2.500981
1960000 4.791843 1.388931 2.415484
1970000 3.860341 1.398542 2.464206
1980000 4.325322 1.452686 2.497221
1990000 3.415561 1.384121 2.513479
2000000 3.222898 1.462366 2.470582
2010000 2.726343 1.483763 2.465338
2020000 3.524417 1.425181 2.383028
2030000 4.230422 1.494864 2.496111
2040000 4.848394 1.370689 2.493537
2050000 4.781411 1.381560 2.390045
2060000 4.638324 1.395476 2.516589
2070000 3.300087 1.562753 2.484144
2080000 2.877498 1.422931 2.443243
2090000 2.429562 1.401144 2.399309
2100000 2.685108 1.425794 2.486631
2110000 2.684959 1.436667 2.599275
2120000 2.283700 1.366949 2.379296
2130000 1.978482 1.531404 2.375953
2140000 1.990335 1.443306 2.457410
2150000 1.612488 1.343565 2.271798
2160000 1.841577 1.298671 2.275786
2170000 2.058921 1.479410 2.484012
2180000 2.660658 1.413793 2.333013
2190000 3.359760 1.169238 2.478425
2200000 3.150197 1.462274 2.403932
2210000 2.575912 1.397697 2.459956
2220000 2.278136 1.443244 2.442894
2230000 2.836593 1.274485 2.496094
2240000 3.347385 1.312353 2.412641
2250000 4.456416 1.390832 2.381418
2260000 3.688114 1.536004 2.483476
2270000 4.765841 1.470487 2.445386
2280000 3.772809 1.305474 2.493734
2290000 4.545040 1.302274 2.498863
2300000 4.126757 1.488501 2.387887
2310000 3.372668 1.328360 2.314605
2320000 3.490907 1.382060 2.499975
2330000 3.097837 1.416330 2.414472
2340000 3.839569 1.287815 2.360441
2350000 4.609400 1.326047 2.455815
2360000 4.026086 1.450375 2.324939
2370000 3.000821 1.386807 2.372150
2380000 2.767761 1.361573 2.403082
2390000 3.281253 1.405812 2.514678
2400000 3.895492 1.436201 2.537066
2410000 4.843037 1.373297 2.395505
2420000 4.897902 1.491791 2.545735
2430000 4.342411 1.552131 2.522080
2440000 4.341207 1.301379 2.420795
2450000 4.120089 1.386211 2.341698
2460000 4.387522 1.444752 2.312112
2470000 4.317140 1.443704 2.546426
2480000 3.347950 1.308691 2.459687
2490000 2.625975 1.251957 2.469531
2500000 2.576375 1.297080 2.522110
2510000 2.904790 1.258515 2.458127
2520000 2.912951 1.436726 2.349813
2530000 3.462429 1.467864 2.394919
2540000 3.391854 1.297263 2.452931
2550000 4.099267 1.413148 2.512250
2560000 3.699212 1.423787 2.385932
2570000 2.977297 1.391559 2.462610
2580000 2.469787 1.368931 2.463021
2590000 1.865436 1.435028 2.559596
2600000 1.855023 1.460293 2.522395
2610000 1.858553 1.375345 2.434232
2620000 1.874992 1.345059 2.404329
2630000 1.426401 1.479344 2.495963
2640000 1.481720 1.371183 2.457709
2650000 1.659076 1.335896 2.416709
2660000 1.153312 1.444865 2.572763
2670000 0.732810 1.401452 2.452823
2680000 0.536119 1.497619 2.409863
2690000 0.744288 1.400892 2.483946
2700000 0.864842 1.335822 2.469588
2710000 0.894730 1.378081 2.467862
2720000 0.749632 1.421184 2.550866
2730000 0.785699 1.283693 2.366810
2740000 0.686227 1.308573 2.501630
2750000 0.506628 1.549694 2.499083
2760000 0.709466 1.413993 2.557956
2770000 0.943331 1.375778 2.512342
2780000 0.901256 1.364249 2.477098
2790000 0.999780 1.399161 2.422801
2800000 0.634595 1.399483 2.453826
2810000 0.992408 1.485779 2.524903
2820000 1.091637 1.280186 2.402796
2830000 1.377498 1.547603 2.526284
2840000 1.308465 1.341078 2.356990
2850000 1.108252 1.283046 2.403363
2860000 1.372200 1.328273 2.491670
2870000 1.452873 1.397063 2.409380
2880000 1.668688 1.365893 2.512675
2890000 0.973332 1.490418 2.425271
2900000 0.936961 1.343214 2.412822
2910000 0.883874 1.411132 2.595867
2920000 0.876974 1.414136 2.433667
2930000 1.049003 1.477024 2.461288
2940000 1.157236 1.229150 2.591738
2950000 1.354753 1.305607 2.411543
2960000 1.059337 1.524658 2.543731
2970000 0.506435 1.525743 2.485371
2980000 0.728526 1.346202 2.505976
2990000 0.686789 1.382237 2.540445
3000000 0.815258 1.355063 2.413121
3010000 0.655879 1.307859 2.610325
3020000 0.877063 1.308282 2.513686
3030000 0.780205 1.366337 2.300356
3040000 0.494778 1.464465 2.426479
3050000 0.571703 1.494532 2.432724
3060000 0.500606 1.439289 2.566993
3070000 0.500630 1.455596 2.578918
3080000 0.498642 1.452654 2.517878
3090000 0.626776 1.420350 2.592111
3100000 0.727841 1.431203 2.498045
3110000 0.894971 1.401883 2.587842
3120000 0.805526 1.407780 2.358771
3130000 1.071738 1.478315 2.407566
3140000 1.200564 1.300702 2.540745
3150000 1.002464 1.534385 2.496963
3160000 1.031964 1.309467 2.532574
3170000 1.579327 1.371681 2.423802
3180000 1.470015 1.353837 2.478901
3190000 1.883554 1.352861 2.520474
3200000 2.121230 1.368560 2.412509
3210000 2.445301 1.355056 2.574586
3220000 3.092819 1.414193 2.415250
3230000 4.251446 1.420019 2.526555
3240000 4.176675 1.337248 2.519446
3250000 4.645886 1.323395 2.510346
3260000 4.136383 1.467105 2.290098
3270000 3.953643 1.372856 2.499444
3280000 3.842315 1.387376 2.488520
3290000 4.480386 1.391840 2.513041
3300000 4.425863 1.580013 2.452345
3310000 4.822374 1.419855 2.476787
3320000 4.515416 1.445030 2.436142
3330000 3.342089 1.425574 2.500617
3340000 3.037130 1.359398 2.499470
3350000 2.250427 1.470615 2.313711
3360000 3.209296 1.331016 2.451043
3370000 4.186394 1.366082 2.475775
3380000 4.137180 1.520737 2.322815
3390000 2.985140 1.331516 2.341984
3400000 3.661687 1.469209 2.457076
3410000 4.423763 1.421986 2.369448
3420000 4.102988 1.479306 2.360162
3430000 4.572712 1.391419 2.380102
3440000 4.228648 1.439872 2.419230
3450000 4.515893 1.319637 2.395535
3460000 4.507542 1.442152 2.477591
3470000 4.039528 1.387345 2.428868
3480000 3.040721 1.337094 2.459749
3490000 2.588623 1.356063 2.476981
3500000 2.380775 1.373770 2.574222
3510000 2.596393 1.378005 2.332864
3520000 3.215468 1.488258 2.425788
3530000 2.928864 1.462223 2.434990
3540000 2.729481 1.438627 2.266787
3550000 3.433782 1.294517 2.514224
3560000 3.603448 1.412862 2.457433
3570000 3.144843 1.500614 2.395949
3580000 3.676973 1.343503 2.574663
3590000 3.361235 1.497403 2.454459
3600000 2.735021 1.315038 2.479973
3610000 2.839609 1.418817 2.466160
3620000 1.967411 1.353473 2.401600
3630000 2.329287 1.457768 2.351297
3640000 1.513750 1.371946 2.503888
3650000 1.692544 1.390857 2.407784
3660000 1.373985 1.478743 2.456431
3670000 1.427597 1.373924 2.566368
3680000 1.753385 1.391493 2.632021
3690000 1.906623 1.338687 2.323729
3700000 1.271356 1.418085 2.374398
3710000 1.420461 1.393853 2.416855
3720000 1.257562 1.378733 2.425698
3730000 1.925029 1.402137 2.439742
3740000 2.043914 1.344801 2.261785
3750000 2.180161 1.303185 2.415225
3760000 2.111094 1.301932 2.424951
3770000 2.083755 1.435861 2.440550
3780000 2.001746 1.412501 2.493519
3790000 2.228796 1.336075 2.418168
3800000 2.737531 1.436264 2.373094
3810000 2.524110 1.397181 2.430949
3820000 2.875250 1.356495 2.482442
3830000 2.723150 1.400644 2.301684
3840000 2.309252 1.451746 2.415356
3850000 2.038408 1.368132 2.536756
3860000 2.117953 1.218779 2.379753
3870000 1.835025 1.340493 2.337626
3880000 1.770147 1.368231 2.354922
3890000 1.892452 1.465289 2.478631
3900000 3.055527 1.339522 2.430061
3910000 2.134699 1.284627 2.457884
3920000 2.166711 1.283680 2.342836
3930000 2.077997 1.364930 2.528857
3940000 1.700134 1.389477 2.378245
3950000 1.984744 1.441373 2.308224
3960000 2.481593 1.405462 2.364700
3970000 4.053796 1.432583 2.498976
3980000 3.767868 1.400016 2.393010
3990000 4.632257 1.386304 2.366333
4000000 4.700243 1.339499 2.434848
