100000 4.508292 2.911029 2.872967
110000 4.212916 3.036423 3.031897
120000 4.861775 2.987453 2.913043
130000 4.885132 2.986242 3.024511
140000 2.914181 3.023423 2.869177
150000 2.927032 3.007446 3.011367
160000 3.369444 2.875753 3.011478
170000 4.326460 2.884245 2.948080
180000 3.187093 2.920346 3.099278
190000 2.540514 2.887587 3.033293
200000 2.246423 2.858662 2.933112
210000 2.890933 3.087863 3.120572
220000 3.900390 2.861209 2.925185
230000 3.510583 3.028184 3.006447
240000 4.272528 2.948890 2.956357
250000 3.930198 2.876456 2.954771
260000 4.474333 2.900323 3.028920
270000 3.653787 3.088194 3.062695
280000 2.749686 3.097649 2.894137
290000 3.217460 2.950929 2.880448
300000 2.002451 3.068436 2.981614
310000 2.339110 2.940434 2.951070
320000 1.469483 2.997091 2.886808
330000 1.705839 2.952614 2.973641
340000 1.459696 2.942235 2.926829
350000 1.150116 3.000111 2.988295
360000 1.079960 2.954455 2.995500
370000 1.057492 3.042641 2.946779
380000 1.374515 2.795736 2.929444
390000 0.955481 2.883266 2.983737
400000 0.953131 2.915698 3.072493
410000 0.594673 3.052289 3.001486
420000 0.910639 3.052931 2.922473
430000 1.536138 2.996365 2.996810
440000 1.859073 2.964106 2.941920
450000 2.317436 3.046602 3.139921
460000 1.923302 2.983520 3.130386
470000 1.404129 2.897729 3.083072
480000 1.701338 2.930048 2.947795
490000 2.724543 3.089464 2.960934
500000 3.726779 -3.140972 2.958762
510000 3.580792 2.963896 2.962021
520000 4.424348 2.980741 3.013252
530000 3.824118 3.031924 2.882634
540000 4.518981 2.997106 2.995319
550000 3.101915 2.874916 3.015188
560000 2.675811 2.954005 3.001680
570000 3.777562 3.064988 2.879404
580000 3.587497 2.903530 2.941758
590000 4.699843 2.846137 3.120287
600000 3.842853 2.969223 3.006807
610000 2.348922 2.981779 2.970463
620000 3.189632 3.024301 2.942692
630000 2.333676 3.015332 3.096607
640000 2.254373 2.903157 2.879961
650000 2.474276 2.984683 2.978698
660000 2.315868 2.892612 2.953430
670000 3.748606 3.018700 2.917260
680000 3.202899 2.897007 2.866125
690000 3.690892 2.999560 2.992200
700000 4.573411 2.993569 3.015536
710000 3.560699 3.020445 2.825359
720000 4.804543 2.803844 2.984073
730000 4.943478 3.054568 -3.044692
740000 4.486394 2.940315 3.071332
750000 4.498019 2.877339 3.122552
760000 5.027621 3.040507 2.911527
770000 3.480841 2.911232 3.017345
780000 3.048738 3.118642 2.942773
790000 2.521116 2.967609 2.946018
800000 2.405534 3.007805 3.040239
810000 1.909650 2.986972 2.957120
820000 2.041116 2.911810 2.876772
830000 1.856216 2.970280 3.001886
840000 2.007510 3.044438 2.986139
850000 2.258623 3.029840 2.924235
860000 2.864001 2.932650 2.873288
870000 3.283611 2.940230 2.992061
880000 3.495735 3.052051 2.907769
890000 2.316630 2.856064 2.980597
900000 4.148416 2.963831 2.980166
910000 4.798827 3.030411 2.988771
920000 4.760826 2.884035 2.996856
930000 4.224465 2.988638 2.913942
940000 4.806861 2.968096 3.070320
950000 4.931514 2.906193 3.021978
960000 4.240582 2.920670 2.899001
970000 3.399471 2.929266 2.882547
980000 3.167592 2.957248 2.997012
990000 3.267708 3.012467 2.869957
1000000 3.668674 2.868836 3.009663
1010000 4.458553 2.983354 2.871696
1020000 4.978801 2.952257 2.964456
1030000 3.845944 3.049795 2.847634
1040000 3.471691 2.974732 2.969932
1050000 2.605089 2.916113 3.064398
1060000 2.452826 2.933553 2.891589
1070000 3.960502 2.961331 2.982783
1080000 2.582510 2.966566 3.062098
1090000 4.003244 2.938868 2.905428
1100000 4.424643 2.959595 2.948570
1110000 3.519761 2.959245 3.058575
1120000 3.930503 2.930516 3.020356
1130000 2.807334 2.957949 2.867540
1140000 2.086442 3.108359 2.990653
1150000 1.874267 2.962274 3.110123
1160000 1.463269 3.016901 2.977197
1170000 1.193695 3.024595 2.944493
1180000 1.345635 2.932448 2.987855
1190000 1.374303 2.815607 3.010028
1200000 1.237422 3.090056 2.976489
1210000 1.072144 2.928107 2.906391
1220000 1.226603 2.908918 2.936718
1230000 1.161472 2.946688 2.942435
1240000 0.953517 2.953962 3.052932
1250000 0.658764 2.944730 2.993229
1260000 0.628518 2.874477 2.955767
1270000 0.613389 3.014521 3.054836
1280000 0.822725 3.008776 2.916195
1290000 1.104285 2.965199 2.828250
1300000 1.572117 2.982733 2.919585
1310000 1.400354 3.110405 2.958642
1320000 1.233919 3.068875 2.944834
1330000 0.978802 2.999929 2.888311
1340000 1.399293 2.922960 2.969298
1350000 1.801719 2.940369 2.904472
1360000 1.998498 2.945114 2.969507
1370000 1.820336 2.969776 2.995345
1380000 1.912909 2.977892 2.956889
1390000 2.120514 3.023749 2.900839
1400000 2.076096 2.918802 2.936872
1410000 1.480247 2.838616 2.894099
1420000 1.657931 2.957925 2.964272
1430000 0.995394 3.003904 2.909101
1440000 0.994208 2.974172 3.023315
1450000 0.900742 2.932247 2.816726
1460000 1.345179 2.980338 2.967190
1470000 1.218195 2.926622 2.908479
1480000 1.301130 3.106736 3.048486
1490000 1.501702 2.889533 3.038213
1500000 1.679116 2.906667 2.944220
1510000 2.098934 3.031687 2.959193
1520000 2.547036 2.835564 3.013793
1530000 2.512347 2.964216 3.001600
1540000 3.196401 2.871097 2.954853
1550000 4.243453 2.882373 2.952242
1560000 3.974157 2.893576 2.903280
1570000 4.722719 2.977030 2.928114
1580000 5.046683 3.022406 3.003602
1590000 4.951942 2.984810 3.062594
1600000 3.843055 3.017128 2.992355
1610000 4.956726 3.011093 2.962228
1620000 4.322571 2.981281 2.911320
1630000 3.654324 2.876786 2.883695
1640000 2.846792 3.008688 2.872884
1650000 3.935775 2.877616 2.973879
1660000 4.078141 2.930536 2.999403
1670000 4.530183 2.883819 2.947132
1680000 3.911709 2.814173 2.908220
1690000 2.974627 2.912792 2.968153
1700000 3.152634 3.037292 3.009680
1710000 2.770259 3.066397 3.053663
1720000 2.600785 3.028288 3.050362
1730000 2.938054 3.012371 3.097399
1740000 3.645060 2.916881 2.906056
1750000 3.784403 2.969132 2.959512
1760000 4.815026 2.936954 3.034263
1770000 4.624471 2.828145 2.935759
1780000 4.985642 2.997017 2.952197
1790000 4.582527 3.009389 2.872882
1800000 4.944026 3.008679 3.024742
1810000 4.541370 2.985901 3.113274
1820000 4.534305 3.008837 2.897060
1830000 4.965161 3.094375 3.018429
1840000 4.096918 2.956119 2.964907
1850000 4.987274 2.815193 3.009112
1860000 5.011519 2.998279 2.918480
1870000 3.821123 3.006447 2.872644
1880000 3.951433 3.046533 2.954938
1890000 3.385139 2.891635 2.981407
1900000 2.165831 2.933848 2.890300
1910000 2.335739 3.036110 3.052204
1920000 2.601197 2.914398 2.940070
1930000 2.532360 3.016984 3.015935
1940000 2.972153 2.888935 -3.131270
1950000 2.637834 3.021035 2.987846
1960000 2.077620 2.940055 3.000522
1970000 2.037830 2.993048 2.904817
1980000 2.514600 3.008036 3.041865
1990000 2.056244 2.973857 2.958597
2000000 1.749290 2.900112 3.022982
2010000 1.528666 2.894864 3.048372
2020000 1.879571 2.948815 2.865354
2030000 1.871858 3.063909 2.986574
2040000 2.876272 2.957453 3.076089
2050000 2.731797 2.905958 2.969081
2060000 3.367882 2.918777 2.877031
2070000 4.207069 2.990087 3.035352
2080000 4.802078 3.096082 2.972081
2090000 3.586639 2.963555 2.960449
2100000 3.703027 2.967932 3.050868
2110000 3.155810 2.802708 2.784914
2120000 2.917685 2.968649 2.947683
2130000 2.961787 3.005791 2.954725
2140000 4.339656 2.948432 3.063506
2150000 4.067457 2.956857 2.962193
2160000 4.364227 3.106037 2.895040
2170000 4.487982 2.946700 2.894030
2180000 3.852202 2.954788 2.945845
2190000 4.620764 2.982599 2.968733
2200000 4.889371 2.959385 2.799407
2210000 4.864037 2.928690 3.014344
2220000 4.760700 2.920267 3.024604
2230000 4.065426 3.091185 2.893646
2240000 3.209447 2.967180 2.990294
2250000 2.408092 3.089075 2.969158
2260000 2.752909 2.949155 2.956690
2270000 2.856156 2.948926 2.934131
2280000 3.552036 3.101222 3.009524
2290000 3.909234 2.895576 3.009849
2300000 4.616175 2.956778 2.867171
2310000 4.927082 2.879487 3.049867
2320000 4.673548 2.962543 2.998028
2330000 4.398981 3.086377 2.962402
2340000 4.919007 3.101712 2.857431
2350000 3.652098 2.949453 2.999524
2360000 3.353232 2.910053 2.973347
2370000 3.091074 2.953196 2.908147
2380000 3.609511 3.026058 3.022432
2390000 4.134214 2.942330 2.969654
2400000 3.727854 3.028865 2.911770
2410000 3.092501 2.835514 3.076158
2420000 4.780694 3.011370 2.848300
2430000 4.894269 2.910235 3.051768
2440000 4.125631 2.965409 2.959909
2450000 3.361478 2.958356 3.031762
2460000 3.384646 2.845969 3.010493
2470000 4.443470 2.825111 2.873301
2480000 2.856327 2.885463 2.912803
2490000 2.895905 3.024004 3.025559
2500000 2.553516 3.048037 2.983199
2510000 2.249041 2.918507 2.973001
2520000 1.908666 2.952097 2.980233
2530000 1.641316 2.954522 2.900065
2540000 1.877102 2.937876 2.889891
2550000 1.527696 3.011810 2.937072
2560000 1.443563 2.886562 3.132229
2570000 1.004282 2.926612 2.844607
2580000 1.293732 2.857483 2.797955
2590000 1.088161 2.818070 2.984720
2600000 0.992622 2.951934 3.021376
2610000 0.686650 2.937618 3.061008
2620000 0.505255 3.015208 2.977521
2630000 0.559164 3.031846 3.112655
2640000 0.659445 2.909120 3.028413
2650000 0.594368 2.937402 3.006325
2660000 0.609892 3.028217 2.953250
2670000 0.670951 2.944789 2.946066
2680000 1.098535 3.003551 3.022557
2690000 0.940016 2.960248 2.848379
2700000 0.793648 2.986498 2.908604
2710000 1.144312 2.983109 2.862551
2720000 1.155718 3.097398 2.928080
2730000 1.400605 2.778287 2.925013
2740000 1.539696 3.002320 2.968327
2750000 1.705541 2.934383 2.877554
2760000 2.261983 3.080400 2.925327
2770000 2.215735 2.980946 2.893421
2780000 1.658535 2.891486 2.949120
2790000 2.066458 2.980351 2.967552
2800000 2.314474 2.957921 2.838378
2810000 2.541530 2.965357 2.976890
2820000 2.573534 2.906690 2.869801
2830000 2.689939 2.917522 2.814537
2840000 3.011159 2.960484 3.045271
2850000 3.520653 2.961275 3.081787
2860000 2.698560 3.008776 3.089463
2870000 4.065881 3.031878 3.039850
2880000 4.286171 2.803553 3.054671
2890000 4.630771 2.923194 3.041321
2900000 3.983722 2.827304 2.931115
2910000 5.029163 2.972696 3.136276
2920000 4.789984 2.883827 2.943614
2930000 4.851507 2.931858 2.874360
2940000 4.639690 2.905157 2.847852
2950000 4.181155 3.027169 2.988303
2960000 3.408747 3.028355 3.030430
2970000 4.859773 2.918853 3.047546
2980000 4.910195 2.944309 2.997929
2990000 4.630765 3.052152 2.916779
3000000 4.980447 3.072292 2.906052
3010000 4.909109 3.011108 2.873928
3020000 4.275227 2.909979 2.914624
3030000 3.737584 2.940976 2.923438
3040000 2.691670 3.083669 2.928047
3050000 2.372920 2.862386 -3.116594
3060000 2.020104 2.967323 2.905393
3070000 2.220940 2.977701 2.917382
3080000 2.376337 3.010376 2.935566
3090000 3.189249 3.093483 3.017818
3100000 3.745168 2.887873 2.944268
3110000 2.859963 3.025460 2.804699
3120000 2.693550 2.956918 2.990892
3130000 4.000125 2.978029 2.861997
3140000 4.582348 2.962053 2.978173
3150000 3.441976 2.890508 2.954623
3160000 2.711732 2.920226 3.072240
3170000 1.599508 3.001393 3.061708
3180000 1.553789 3.034675 2.942578
3190000 1.933293 2.861938 2.887930
3200000 2.010548 3.121577 2.948821
3210000 1.389292 3.094624 3.012946
3220000 1.638752 2.953689 2.991564
3230000 1.269047 2.835209 3.043111
3240000 0.938326 3.056930 3.061776
3250000 0.753386 3.072580 2.938861
3260000 0.510087 2.977282 2.913955
3270000 0.498593 2.933026 2.886762
3280000 0.498272 3.115744 2.976730
3290000 0.793727 2.997876 3.101159
3300000 0.715848 3.010338 3.073396
3310000 0.831254 3.091095 2.988894
3320000 0.748815 3.026546 3.026354
3330000 0.686925 2.901897 3.005974
3340000 1.090442 2.928833 3.002353
3350000 1.137430 2.921275 3.035557
3360000 1.147820 2.936650 3.034946
3370000 1.163032 2.977574 2.795165
3380000 1.455156 3.034310 2.953470
3390000 1.426749 2.963967 2.938762
3400000 1.614705 2.925635 2.847840
3410000 1.923608 3.084116 2.941602
3420000 1.828206 2.948444 2.853701
3430000 1.849977 2.906567 2.959521
3440000 2.390610 2.974937 2.952005
3450000 3.706660 2.893230 2.963678
3460000 3.607542 2.872339 3.034537
3470000 4.580173 2.897455 2.933426
3480000 3.962145 3.031182 2.934283
3490000 3.588878 3.004145 2.920840
3500000 3.406004 3.040661 3.101166
3510000 4.367691 3.008383 2.940125
3520000 4.791759 3.063863 2.890743
3530000 4.258766 3.095880 3.000163
3540000 4.547091 2.839657 2.983228
3550000 3.156617 2.923223 3.023516
3560000 2.965182 3.050104 3.098985
3570000 2.547037 3.017748 2.993673
3580000 3.094656 2.976373 3.075108
3590000 4.279054 2.957797 3.009402
3600000 5.052771 3.037039 2.865317
3610000 5.043590 2.936718 2.984287
3620000 4.192332 2.869686 3.037759
3630000 4.205435 2.926431 2.952722
3640000 3.362982 3.071228 2.941596
3650000 3.707082 3.070824 2.882934
3660000 4.227690 2.997132 3.000427
3670000 4.799676 2.950268 2.946960
3680000 3.988189 2.897967 3.006707
3690000 4.033284 2.861537 2.985637
3700000 2.756486 2.868755 2.940557
3710000 2.401476 3.132398 2.999190
3720000 2.287522 3.008319 3.024568
3730000 2.996682 2.991846 3.029389
3740000 2.939314 3.009179 2.938653
3750000 2.675473 2.947513 2.918332
3760000 3.194452 2.968753 3.030112
3770000 2.002177 3.003090 2.959472
3780000 1.864069 2.968011 3.017525
3790000 2.520887 3.037860 3.057338
3800000 2.731746 3.023603 3.022447
3810000 1.988757 2.973696 2.893092
3820000 1.603955 2.948166 2.903970
3830000 1.989702 2.881045 2.911322
3840000 2.008714 2.972243 -3.120646
3850000 1.431330 2.970328 3.006740
3860000 1.930689 3.044170 3.049501
3870000 2.444078 3.049444 2.950836
3880000 3.192761 3.046236 2.969717
3890000 3.857628 3.053085 2.959047
3900000 3.306788 3.048178 2.963760
3910000 3.503785 2.972388 2.807646
3920000 2.866759 2.783897 3.051342
3930000 2.728059 3.019855 3.002067
3940000 2.184941 2.990428 2.968159
3950000 2.966491 2.923874 3.083741
3960000 3.774321 2.847703 3.010998
3970000 2.769052 2.998550 3.067740
3980000 3.251114 2.951918 2.980450
3990000 2.663838 2.984615 2.843117
4000000 2.382257 3.019738 2.965670
