100000 4.131327 1.339910 1.422799
110000 2.720746 1.436913 1.408984
120000 2.506911 1.465916 1.352602
130000 2.542972 1.365120 1.330144
140000 2.729591 1.375630 1.233399
150000 3.723899 1.429945 1.491268
160000 4.469390 1.421689 1.359808
170000 4.553888 1.371919 1.361670
180000 4.807171 1.426930 1.388849
190000 3.905993 1.492062 1.412690
200000 3.533822 1.352149 1.394439
210000 2.291848 1.432046 1.487193
220000 2.019480 1.557492 1.438596
230000 1.233951 1.533035 1.493395
240000 1.046046 1.249620 1.359075
250000 1.243741 1.510744 1.408832
260000 1.127369 1.443765 1.402516
270000 0.844480 1.520132 1.419413
280000 1.159498 1.424512 1.269277
290000 1.426316 1.351253 1.235388
300000 1.987405 1.481582 1.384429
310000 2.325441 1.278960 1.386295
320000 1.671539 1.500025 1.504447
330000 2.243919 1.492188 1.421068
340000 1.865493 1.303617 1.319907
350000 2.033686 1.344565 1.323047
360000 2.093479 1.434186 1.444003
370000 2.991502 1.424429 1.320760
380000 3.723887 1.499502 1.441972
390000 4.405949 1.407787 1.430782
400000 3.836895 1.363815 1.413688
410000 2.963972 1.377649 1.328977
420000 4.477489 1.405309 1.455286
430000 4.748038 1.457706 1.411299
440000 4.777071 1.308190 1.417237
450000 3.870562 1.377085 1.257869
460000 4.573385 1.281679 1.405979
470000 3.371847 1.480795 1.372142
480000 3.141473 1.412487 1.488995
490000 4.475821 1.365263 1.323219
500000 2.888750 1.308519 1.388078
510000 3.294906 1.361811 1.387420
520000 2.665445 1.374501 1.486149
530000 2.445441 1.524622 1.433493
540000 2.642969 1.520862 1.356586
550000 2.358755 1.396428 1.323039
560000 2.043086 1.324312 1.482624
570000 1.659452 1.542842 1.228061
580000 1.266330 1.444128 1.484408
590000 1.155341 1.305498 1.454264
600000 1.732151 1.396463 1.383266
610000 2.778880 1.345495 1.315286
620000 3.190012 1.442406 1.473032
630000 3.031110 1.370874 1.506004
640000 4.219288 1.490015 1.498544
650000 4.452394 1.248517 1.453292
660000 4.530451 1.440179 1.356741
670000 5.036573 1.348322 1.422368
680000 5.033677 1.418545 1.510974
690000 4.467118 1.325886 1.411171
700000 5.024063 1.555633 1.353284
710000 4.950058 1.497193 1.298381
720000 4.723815 1.443711 1.396963
730000 3.681366 1.436064 1.382295
740000 3.467752 1.403051 1.355528
750000 4.096742 1.384546 1.438634
760000 4.475937 1.367686 1.518548
770000 4.581448 1.249715 1.442816
780000 4.821707 1.416815 1.313929
790000 4.643526 1.484850 1.483609
800000 4.528139 1.381345 1.340579
810000 3.432514 1.378796 1.435132
820000 2.672492 1.411880 1.415500
830000 3.301160 1.363387 1.324258
840000 2.449461 1.465793 1.328518
850000 1.889514 1.395690 1.489263
860000 1.657635 1.424476 1.430401
870000 1.155200 1.359250 1.553218
880000 0.932680 1.343708 1.304738
890000 0.745202 1.290560 1.340150
900000 0.723158 1.360900 1.470878
910000 1.069284 1.476897 1.418096
920000 1.134818 1.525774 1.362100
930000 1.275796 1.426962 1.283510
940000 0.970184 1.435993 1.447610
950000 1.223984 1.299531 1.380276
960000 1.428621 1.353261 1.371730
970000 1.674429 1.490710 1.446935
980000 1.805706 1.498977 1.296770
990000 2.106714 1.315134 1.432323
1000000 2.157031 1.276691 1.412331
1010000 2.406326 1.337872 1.375943
1020000 2.554186 1.447237 1.491858
1030000 3.359721 1.532977 1.361438
1040000 3.492633 1.515587 1.444975
1050000 3.682266 1.378092 1.380232
1060000 5.012728 1.437720 1.334340
1070000 3.848119 1.407196 1.320740
1080000 4.377456 1.365773 1.512483
1090000 4.007388 1.313330 1.459364
1100000 3.183011 1.516632 1.439511
1110000 2.832215 1.368720 1.402253
1120000 2.337156 1.420884 1.437165
1130000 3.198367 1.386775 1.402727
1140000 3.126033 1.322283 1.454216
1150000 3.529188 1.448377 1.463585
1160000 4.381878 1.549356 1.391522
1170000 4.080619 1.340856 1.518405
1180000 4.538331 1.342291 1.293478
1190000 4.704657 1.295383 1.440304
1200000 4.176886 1.439777 1.429085
1210000 3.982175 1.475481 1.371727
1220000 2.970290 1.428191 1.414279
1230000 2.862580 1.481074 1.435643
1240000 3.485116 1.474855 1.447829
1250000 3.810727 1.382983 1.369441
1260000 3.951108 1.405820 1.359037
1270000 4.568778 1.427198 1.255321
1280000 4.859650 1.338610 1.423736
1290000 4.062431 1.484271 1.275245
1300000 3.887907 1.480393 1.360205
1310000 3.138783 1.502022 1.384212
1320000 2.601275 1.366049 1.482659
1330000 2.203643 1.459399 1.317390
1340000 2.249403 1.374281 1.376251
1350000 1.346105 1.454023 1.362636
1360000 1.379096 1.416261 1.365590
1370000 1.713957 1.364359 1.349305
1380000 1.266829 1.373361 1.318235
1390000 0.945681 1.364290 1.232929
1400000 0.885196 1.374000 1.406489
1410000 0.627791 1.490466 1.428567
1420000 0.525251 1.428702 1.406632
1430000 0.935170 1.528599 1.455199
1440000 1.195068 1.411281 1.425635
1450000 1.169958 1.505406 1.563480
1460000 1.420089 1.365990 1.376064
1470000 1.347702 1.459462 1.280051
1480000 1.307738 1.455592 1.320964
1490000 1.267809 1.384877 1.349789
1500000 1.322641 1.473773 1.341775
1510000 1.581314 1.330478 1.463894
1520000 1.662280 1.474837 1.233582
1530000 1.959951 1.316873 1.424952
1540000 1.880645 1.408278 1.345021
1550000 1.692862 1.317577 1.307420
1560000 2.013253 1.388237 1.357485
1570000 2.135340 1.400155 1.347038
1580000 1.961292 1.342461 1.425974
1590000 2.362428 1.453687 1.416403
1600000 2.307455 1.455450 1.459376
1610000 2.627032 1.371913 1.448112
1620000 2.819231 1.387835 1.466767
1630000 2.283819 1.422462 1.343522
1640000 2.977703 1.481345 1.469046
1650000 3.093497 1.321686 1.396932
1660000 3.634692 1.345726 1.522108
1670000 3.942225 1.418652 1.450758
1680000 3.607945 1.466236 1.368847
1690000 3.141588 1.335120 1.454700
1700000 2.887933 1.308718 1.495250
1710000 2.287902 1.344585 1.319270
1720000 2.210822 1.374911 1.377657
1730000 2.445499 1.403743 1.405100
1740000 2.607908 1.434617 1.337316
1750000 3.620411 1.265824 1.341013
1760000 3.958659 1.529376 1.337453
1770000 4.068367 1.439561 1.463173
1780000 4.604192 1.312969 1.324850
1790000 3.868124 1.481451 1.400301
1800000 4.749893 1.430455 1.312053
1810000 4.854032 1.456040 1.431403
1820000 4.882683 1.438277 1.384028
1830000 4.174792 1.374428 1.424152
1840000 3.788437 1.446457 1.332758
1850000 4.079848 1.358238 1.453969
1860000 3.514450 1.435364 1.338049
1870000 3.162184 1.363449 1.305328
1880000 2.801750 1.362668 1.410938
1890000 3.437767 1.528209 1.584030
1900000 2.832876 1.471945 1.313049
1910000 2.862026 1.354360 1.531638
1920000 3.381547 1.453586 1.422155
1930000 3.989591 1.395024 1.387148
1940000 4.133683 1.417966 1.320846
1950000 4.676084 1.341408 1.302749
1960000 4.835945 1.443383 1.459823
1970000 5.038655 1.339131 1.448550
1980000 3.393291 1.367673 1.482843
1990000 4.150954 1.429408 1.447228
2000000 4.404260 1.406396 1.411029
2010000 3.600319 1.367810 1.416639
2020000 4.022030 1.379206 1.379965
2030000 4.721366 1.401559 1.425984
2040000 4.507538 1.314738 1.391374
2050000 4.692787 1.368834 1.324077
2060000 4.171070 1.455331 1.452732
2070000 3.383929 1.451203 1.395138
2080000 3.162969 1.347114 1.415938
2090000 3.825224 1.464542 1.437145
2100000 3.947782 1.385429 1.378966
2110000 3.164798 1.327297 1.438436
2120000 2.816824 1.265711 1.386561
2130000 2.487346 1.379556 1.394996
2140000 2.125019 1.417849 1.460745
2150000 2.245669 1.401129 1.397897
2160000 1.830414 1.456337 1.553042
2170000 2.461642 1.361812 1.367387
2180000 2.938345 1.348976 1.414799
2190000 2.873763 1.529831 1.341718
2200000 2.818744 1.400269 1.423849
2210000 2.985000 1.376080 1.441976
2220000 2.379889 1.328972 1.463498
2230000 1.915910 1.489316 1.361617
2240000 2.392947 1.381813 1.481029
2250000 1.844047 1.292766 1.355182
2260000 1.753883 1.334015 1.301947
2270000 1.582825 1.342791 1.360531
2280000 1.443931 1.431492 1.472676
2290000 1.400959 1.374399 1.458116
2300000 1.422078 1.362785 1.403013
2310000 1.308965 1.425930 1.412779
2320000 1.669246 1.319372 1.435724
2330000 1.655731 1.395259 1.503715
2340000 1.733284 1.396578 1.434660
2350000 1.780723 1.443931 1.394216
2360000 1.549890 1.406916 1.499417
2370000 2.044199 1.376919 1.293301
2380000 1.723923 1.411848 1.415403
2390000 1.593752 1.472037 1.401486
2400000 2.225803 1.288821 1.443975
2410000 1.533147 1.473077 1.437248
2420000 1.125896 1.236389 1.470869
2430000 0.920029 1.438092 1.321309
2440000 1.198942 1.541526 1.523851
2450000 0.966932 1.424530 1.471628
2460000 1.270795 1.306260 1.442256
2470000 1.420376 1.304232 1.429844
2480000 1.186081 1.460116 1.406338
2490000 1.300740 1.382168 1.492770
2500000 1.602672 1.372714 1.415372
2510000 1.556260 1.315108 1.273522
2520000 1.587076 1.369510 1.514079
2530000 1.325115 1.603530 1.363559
2540000 0.972901 1.503206 1.470909
2550000 1.130762 1.304379 1.437592
2560000 1.296987 1.521039 1.516509
2570000 0.773764 1.432724 1.352032
2580000 0.890501 1.327192 1.420684
2590000 0.554508 1.352720 1.577670
2600000 0.627233 1.450423 1.390977
2610000 0.619135 1.458358 1.561799
2620000 0.954833 1.355425 1.310260
2630000 0.858481 1.467417 1.443870
2640000 0.660536 1.489957 1.427520
2650000 1.104620 1.407269 1.352214
2660000 1.401308 1.437990 1.338402
2670000 1.057928 1.434723 1.388135
2680000 1.074492 1.417261 1.425622
2690000 1.241804 1.309103 1.406825
2700000 1.037479 1.591500 1.574646
2710000 1.297330 1.333694 1.231089
2720000 1.253141 1.398440 1.540312
2730000 1.398375 1.337536 1.355326
2740000 1.452856 1.371131 1.455473
2750000 1.280125 1.325366 1.345287
2760000 1.394503 1.389004 1.329108
2770000 0.945910 1.424844 1.416726
2780000 1.004170 1.513200 1.530756
2790000 0.991387 1.362197 1.324738
2800000 1.236348 1.380181 1.433221
2810000 1.270972 1.523516 1.350163
2820000 1.983255 1.415898 1.237262
2830000 2.590953 1.358503 1.417253
2840000 2.511671 1.400296 1.378717
2850000 3.626182 1.319928 1.463556
2860000 3.399876 1.307227 1.414974
2870000 4.468047 1.289358 1.531273
2880000 4.348850 1.356832 1.480540
2890000 4.994602 1.396235 1.340959
2900000 4.805387 1.374785 1.258655
2910000 4.974855 1.441845 1.293465
2920000 4.400813 1.501944 1.499551
2930000 3.764055 1.348785 1.482650
2940000 3.854682 1.420295 1.521247
2950000 4.082276 1.457462 1.400352
2960000 4.110992 1.446621 1.417350
2970000 3.444887 1.385191 1.415602
2980000 2.881446 1.394358 1.613150
2990000 2.793318 1.376401 1.393133
3000000 3.394894 1.320166 1.300165
3010000 3.148659 1.340816 1.372195
3020000 4.269140 1.342186 1.384413
3030000 3.948301 1.408177 1.397908
3040000 4.199072 1.413948 1.461003
3050000 4.356080 1.497487 1.371316
3060000 3.834844 1.334157 1.416119
3070000 2.766471 1.410868 1.448102
3080000 2.225573 1.463787 1.424798
3090000 2.439447 1.304502 1.533551
3100000 2.564831 1.339682 1.421365
3110000 3.102048 1.418177 1.400577
3120000 2.811619 1.358768 1.393913
3130000 2.227287 1.382990 1.459054
3140000 2.180730 1.504172 1.274914
3150000 2.439321 1.328141 1.476193
3160000 1.853929 1.361352 1.433909
3170000 2.344845 1.286418 1.257490
3180000 2.571232 1.483678 1.402410
3190000 2.665930 1.436180 1.311014
3200000 3.584544 1.352895 1.403585
3210000 4.393488 1.309731 1.407140
3220000 3.793449 1.336304 1.254081
3230000 4.086506 1.348005 1.350263
3240000 4.716095 1.426699 1.539967
3250000 4.556971 1.516721 1.409217
3260000 4.916852 1.402943 1.398116
3270000 4.838272 1.397469 1.312321
3280000 4.755406 1.409124 1.277189
3290000 3.083657 1.384695 1.459435
3300000 3.429698 1.374814 1.460201
3310000 4.240568 1.493454 1.354635
3320000 3.757993 1.484543 1.427611
3330000 4.030439 1.417721 1.307919
3340000 3.770382 1.480743 1.503390
3350000 3.678682 1.278162 1.361504
3360000 2.709823 1.421360 1.447751
3370000 2.917810 1.408553 1.180237
3380000 2.171827 1.465020 1.457801
3390000 3.048044 1.351031 1.307740
3400000 3.674887 1.469856 1.440392
3410000 4.125448 1.425237 1.525345
3420000 4.048130 1.492204 1.387926
3430000 4.702938 1.360565 1.577406
3440000 4.072298 1.305778 1.369966
3450000 3.044484 1.383852 1.422298
3460000 3.797428 1.306390 1.398948
3470000 3.957936 1.358882 1.426665
3480000 3.292786 1.412669 1.285447
3490000 3.477985 1.374309 1.404563
3500000 4.503773 1.386037 1.411161
3510000 4.781096 1.532044 1.418821
3520000 4.018044 1.263661 1.397684
3530000 3.455826 1.348252 1.423120
3540000 3.851376 1.352868 1.432578
3550000 4.392946 1.334495 1.349365
3560000 4.339727 1.438074 1.424657
3570000 4.897494 1.432414 1.338075
3580000 3.514184 1.394801 1.490667
3590000 2.537974 1.430806 1.268380
3600000 3.452341 1.431102 1.311200
3610000 3.681845 1.502710 1.365059
3620000 3.160923 1.324098 1.320985
3630000 2.369875 1.408106 1.382580
3640000 2.654415 1.542807 1.457914
3650000 3.726850 1.404360 1.412312
3660000 4.604064 1.290511 1.288146
3670000 4.796499 1.443832 1.384919
3680000 5.011907 1.356725 1.458780
3690000 5.057776 1.372766 1.489165
3700000 4.967131 1.368841 1.278392
3710000 4.066238 1.534506 1.468402
3720000 3.961573 1.422246 1.298303
3730000 3.429386 1.520168 1.449280
3740000 2.804837 1.453482 1.449024
3750000 3.385353 1.275396 1.343572
3760000 2.818360 1.471037 1.313174
3770000 2.250800 1.496148 1.271836
3780000 2.152725 1.384610 1.389925
3790000 1.975491 1.353038 1.427361
3800000 2.155073 1.436728 1.282562
3810000 1.885262 1.447156 1.395919
3820000 1.897495 1.409349 1.457930
3830000 1.597187 1.459453 1.419490
3840000 1.509623 1.371029 1.399571
3850000 2.071089 1.444401 1.541563
3860000 2.475087 1.398019 1.285070
3870000 2.099012 1.421853 1.345388
3880000 2.358223 1.392189 1.514165
3890000 2.245811 1.384152 1.476178
3900000 2.799047 1.420632 1.367826
3910000 3.106039 1.456073 1.411060
3920000 2.662672 1.446535 1.374393
3930000 2.652027 1.302148 1.373664
3940000 3.667339 1.406023 1.395528
3950000 4.175729 1.402833 1.360026
3960000 4.719672 1.351165 1.276415
3970000 4.851489 1.466829 1.403936
3980000 4.405086 1.301955 1.446620
3990000 4.902638 1.408826 1.272294
4000000 4.934798 1.224677 1.326609
