100000 4.048579 1.328537 0.838093
110000 3.450246 1.289332 0.857501
120000 4.520729 1.363377 0.950891
130000 4.426658 1.395810 0.869200
140000 2.805792 1.375035 0.955578
150000 2.500268 1.389666 0.803798
160000 2.570108 1.486504 1.010849
170000 1.588557 1.453813 0.947827
180000 2.162044 1.429802 0.923527
190000 3.058358 1.378577 0.970720
200000 3.077298 1.366947 0.920706
210000 2.639989 1.448648 0.874049
220000 2.724880 1.458895 0.945209
230000 1.952476 1.457847 0.929533
240000 1.261461 1.605069 0.882488
250000 1.244665 1.442183 0.696321
260000 1.577114 1.474594 0.796244
270000 1.443237 1.486542 0.925042
280000 1.552180 1.286590 0.917827
290000 1.615342 1.300499 1.035364
300000 2.179760 1.430746 0.910207
310000 3.152618 1.354784 0.783621
320000 3.736628 1.490117 0.953825
330000 4.882575 1.353432 0.943182
340000 4.853884 1.502970 0.892586
350000 4.623984 1.284070 0.911299
360000 4.445332 1.419909 0.986318
370000 3.174620 1.445456 0.843480
380000 5.069488 1.378787 0.797433
390000 4.506221 1.403840 0.893391
400000 3.915401 1.360800 0.880295
410000 3.238290 1.441780 0.825291
420000 3.064516 1.360598 0.916344
430000 3.806498 1.421510 0.956247
440000 4.209763 1.394539 0.914376
450000 4.585040 1.383681 0.978170
460000 2.746387 1.269416 0.815697
470000 2.461384 1.380241 0.808691
480000 2.008527 1.308285 0.738593
490000 3.214694 1.407212 0.829581
500000 3.423312 1.421387 0.841146
510000 2.875947 1.410191 0.763028
520000 2.995206 1.471626 0.901584
530000 3.312224 1.441819 0.893264
540000 3.656586 1.330212 0.956421
550000 4.122580 1.240672 0.842794
560000 5.004567 1.455090 0.930132
570000 4.815702 1.300269 0.890713
580000 4.341303 1.399545 1.026175
590000 3.166818 1.403998 0.856399
600000 2.573759 1.465314 0.930409
610000 2.411438 1.433041 0.903838
620000 1.771206 1.340043 0.884868
630000 1.656012 1.364172 0.938695
640000 1.083369 1.516733 0.872925
650000 1.255185 1.430070 0.828918
660000 1.504459 1.577113 0.921016
670000 1.398390 1.376660 1.010319
680000 1.776597 1.478774 0.841419
690000 1.691791 1.334298 0.884192
700000 2.193497 1.356044 0.873321
710000 2.188483 1.519892 0.898510
720000 2.538818 1.306701 0.835253
730000 2.603865 1.351066 0.923822
740000 2.391057 1.222170 0.924290
750000 1.881189 1.497437 0.922236
760000 1.578493 1.447407 0.823176
770000 1.439485 1.338985 0.885284
780000 0.661381 1.382038 0.931944
790000 0.899766 1.339661 0.920114
800000 1.032453 1.485258 0.839361
810000 1.398250 1.393610 0.861983
820000 1.415700 1.289485 0.784769
830000 1.848925 1.349991 0.852477
840000 1.991200 1.495361 0.818644
850000 1.557851 1.345035 0.838811
860000 2.034511 1.449873 0.898294
870000 3.380498 1.454591 0.894454
880000 3.550372 1.333770 0.856143
890000 4.169276 1.408853 0.881447
900000 4.692828 1.370712 0.873964
910000 3.628915 1.440465 0.788827
920000 3.496853 1.396894 0.974678
930000 2.940209 1.409287 0.885242
940000 2.873390 1.396429 0.924804
950000 2.682595 1.389571 0.815809
960000 2.393217 1.361673 0.719196
970000 3.462201 1.390603 0.922290
980000 4.108814 1.356645 0.886435
990000 5.018555 1.415444 0.926807
1000000 4.909811 1.377233 0.914046
1010000 5.023674 1.399193 0.889210
1020000 5.040315 1.363931 0.933357
1030000 4.994006 1.669602 0.924905
1040000 4.466138 1.318230 0.719357
1050000 4.997123 1.368717 0.832278
1060000 4.410932 1.327615 0.925632
1070000 4.833693 1.382371 0.796630
1080000 4.781158 1.501586 0.729768
1090000 3.942879 1.332649 0.846265
1100000 3.571321 1.302644 0.836542
1110000 3.444651 1.419823 0.747740
1120000 3.868459 1.438500 0.837360
1130000 4.557377 1.350709 0.847905
1140000 3.538380 1.410605 0.937563
1150000 2.884209 1.525935 1.097301
1160000 2.653637 1.307050 0.858163
1170000 2.254918 1.488620 0.861984
1180000 3.011072 1.365808 0.899798
1190000 3.250956 1.279486 0.865983
1200000 3.148181 1.351867 0.859651
1210000 2.804839 1.372947 0.846400
1220000 2.077275 1.511126 0.955478
1230000 2.404881 1.362404 0.950578
1240000 2.233320 1.404528 0.926181
1250000 2.523568 1.277148 0.897576
1260000 3.482518 1.524471 0.895889
1270000 4.294842 1.181727 0.804782
1280000 3.884267 1.469390 0.829597
1290000 4.377326 1.465311 0.805670
1300000 3.769114 1.348711 0.784923
1310000 3.327944 1.364227 0.870863
1320000 4.122769 1.480934 0.898766
1330000 4.644647 1.351344 0.917896
1340000 3.613911 1.432698 0.890003
1350000 3.520235 1.266185 0.887848
1360000 3.928141 1.541242 0.943244
1370000 4.538138 1.393281 0.908104
1380000 4.354213 1.367116 0.866594
1390000 3.681701 1.550148 0.868622
1400000 3.424857 1.261359 0.921805
1410000 3.288992 1.375826 1.025247
1420000 2.864921 1.396499 0.864887
1430000 2.207118 1.350949 0.972555
1440000 2.523478 1.383823 0.861629
1450000 2.050527 1.476992 0.867948
1460000 2.461583 1.415874 0.842830
1470000 3.218053 1.360844 0.882781
1480000 2.440889 1.445951 0.838462
1490000 1.886547 1.452151 0.756505
1500000 1.681214 1.417393 0.766506
1510000 1.583034 1.418256 0.844762
1520000 1.356216 1.393669 0.842045
1530000 1.247635 1.325596 0.889589
1540000 1.020117 1.389781 0.906135
1550000 0.716065 1.464345 1.038757
1560000 0.948172 1.432779 0.901273
1570000 1.325291 1.420595 0.752483
1580000 1.159776 1.352229 0.768917
1590000 1.059001 1.380015 0.753693
1600000 1.261256 1.322395 0.874248
1610000 0.986362 1.347812 0.897242
1620000 1.381763 1.395835 0.799005
1630000 0.963385 1.446159 0.802502
1640000 1.677077 1.349274 0.799725
1650000 1.643009 1.423259 0.893769
1660000 1.478880 1.220371 0.906812
1670000 1.703813 1.374700 0.851013
1680000 2.060670 1.421925 0.898744
1690000 2.090285 1.425665 0.990629
1700000 2.404631 1.247068 0.838221
1710000 3.778169 1.531444 0.748185
1720000 4.684584 1.288129 0.906828
1730000 4.211376 1.352871 0.970120
1740000 3.939713 1.417465 0.921395
1750000 4.525372 1.399380 0.842097
1760000 4.882407 1.312509 0.904444
1770000 5.066441 1.453740 0.941949
1780000 4.805495 1.408870 0.870925
1790000 4.155363 1.352158 0.891636
1800000 3.474731 1.409479 1.025035
1810000 3.050309 1.295402 0.842815
1820000 2.718004 1.460724 0.852224
1830000 3.029629 1.350138 0.871994
1840000 3.302760 1.285211 0.802717
1850000 2.834934 1.326057 0.857174
1860000 4.478801 1.561450 0.719394
1870000 5.030761 1.552758 0.819881
1880000 3.867348 1.442900 0.892341
1890000 4.663504 1.437415 0.904948
1900000 3.877592 1.227191 0.938063
1910000 3.651854 1.324382 0.861569
1920000 3.157854 1.316189 0.853654
1930000 3.292256 1.500987 1.054781
1940000 3.433769 1.408984 0.943357
1950000 3.054088 1.339681 0.889145
1960000 2.653185 1.401181 0.807917
1970000 2.254081 1.411526 0.911081
1980000 2.530569 1.486746 0.894410
1990000 2.646037 1.316449 0.889970
2000000 2.497320 1.297144 0.900155
2010000 2.623467 1.428927 0.976923
2020000 2.860070 1.456656 0.882064
2030000 3.882735 1.275152 0.814634
2040000 4.765505 1.413718 0.882932
2050000 4.516972 1.366456 0.901575
2060000 4.598433 1.405201 0.771544
2070000 4.867063 1.450440 0.868746
2080000 4.439320 1.436277 0.822875
2090000 4.407538 1.283520 0.815136
2100000 4.685370 1.582311 0.852213
2110000 4.811286 1.485120 0.844658
2120000 4.324799 1.276281 0.840840
2130000 4.055106 1.423895 0.875783
2140000 4.442034 1.468021 0.794140
2150000 4.640463 1.444417 0.871478
2160000 4.965276 1.460634 0.778510
2170000 3.708479 1.415769 0.802288
2180000 2.937974 1.331324 0.813288
2190000 3.126467 1.427713 1.038423
2200000 2.620334 1.408600 0.813258
2210000 2.563858 1.447133 0.733449
2220000 2.757221 1.455062 0.779004
2230000 1.931559 1.278345 0.845217
2240000 1.860921 1.340990 0.800780
2250000 1.697881 1.329272 0.947618
2260000 2.158446 1.453513 0.850210
2270000 2.153432 1.411193 0.935437
2280000 2.001169 1.297131 0.928774
2290000 2.201806 1.355886 0.877789
2300000 2.516007 1.544274 0.970211
2310000 2.545851 1.291120 0.870444
2320000 2.142979 1.503819 1.031638
2330000 1.964485 1.403409 0.714656
2340000 1.631480 1.428065 0.903311
2350000 1.716995 1.466538 0.899439
2360000 1.628192 1.399796 0.895253
2370000 1.515276 1.469790 0.888935
2380000 1.391616 1.455624 0.856380
2390000 1.645382 1.305642 0.951988
2400000 1.316374 1.492016 0.723884
2410000 1.464963 1.414761 0.949204
2420000 1.030952 1.363388 0.954550
2430000 0.935128 1.519078 0.863487
2440000 1.513125 1.407423 1.034615
2450000 1.404385 1.367116 0.901554
2460000 1.439170 1.290378 0.948828
2470000 1.793823 1.294962 0.875005
2480000 1.639312 1.239519 0.881581
2490000 1.816924 1.646124 0.774206
2500000 1.732239 1.439824 0.775966
2510000 1.998854 1.360684 0.938971
2520000 2.388510 1.354735 0.986361
2530000 1.854243 1.374781 0.841853
2540000 2.585253 1.540687 0.909242
2550000 2.613544 1.441117 0.950213
2560000 3.149249 1.385961 0.925427
2570000 3.126282 1.337590 0.921876
2580000 3.332180 1.414322 0.792960
2590000 3.915741 1.367980 0.876064
2600000 4.813164 1.349310 0.806683
2610000 4.382685 1.364472 0.924683
2620000 4.691803 1.428608 0.775579
2630000 4.500209 1.490166 0.776447
2640000 4.963837 1.322642 0.867576
2650000 3.770519 1.289276 0.832431
2660000 3.329080 1.164104 0.859302
2670000 3.976870 1.346793 0.764216
2680000 5.056951 1.507119 0.903262
2690000 3.781980 1.504493 0.754391
2700000 4.928086 1.276862 0.819017
2710000 4.659059 1.429459 0.863547
2720000 4.575963 1.216795 0.852699
2730000 3.595838 1.539249 0.862471
2740000 3.520717 1.269259 0.922614
2750000 2.518128 1.403556 0.836522
2760000 2.919954 1.229290 0.721916
2770000 3.625603 1.358056 0.845847
2780000 2.938534 1.302602 0.894451
2790000 2.386680 1.465551 0.855825
2800000 2.745052 1.266312 0.892116
2810000 3.024014 1.339020 0.848374
2820000 4.047323 1.378692 0.964351
2830000 3.599200 1.431893 0.877315
2840000 3.195484 1.473414 0.922028
2850000 4.185251 1.344012 0.800775
2860000 3.659941 1.341194 0.861149
2870000 3.734111 1.435030 0.844664
2880000 3.835868 1.364099 0.867758
2890000 3.178264 1.350896 0.829332
2900000 2.462588 1.344906 0.765504
2910000 2.084998 1.332227 0.917324
2920000 1.931808 1.377205 1.054720
2930000 2.495040 1.403681 0.809559
2940000 2.307914 1.334181 0.886905
2950000 2.697385 1.507651 0.928839
2960000 2.053984 1.361013 0.791706
2970000 1.822913 1.403606 0.878676
2980000 2.031315 1.319131 0.850288
2990000 2.022446 1.260320 0.966257
3000000 2.315889 1.414514 0.898610
3010000 3.581494 1.299336 0.845860
3020000 4.123631 1.512740 0.887913
3030000 4.798522 1.317066 0.758713
3040000 4.856182 1.384819 0.954437
3050000 4.497331 1.474383 0.880589
3060000 3.069097 1.535895 0.888791
3070000 3.345927 1.347992 0.859235
3080000 3.018084 1.304776 0.877457
3090000 3.110012 1.386656 0.877584
3100000 4.579921 1.411313 0.926105
3110000 4.537331 1.328836 0.977000
3120000 3.610416 1.469660 0.877222
3130000 4.663416 1.358747 0.981556
3140000 4.891773 1.397607 0.886016
3150000 4.402087 1.420437 0.850012
3160000 3.945917 1.371702 0.847235
3170000 4.239215 1.376932 0.956298
3180000 4.960784 1.373746 0.896278
3190000 3.963805 1.351446 0.866772
3200000 3.979953 1.523733 0.919117
3210000 2.950441 1.359564 0.950239
3220000 2.974563 1.463426 1.020671
3230000 2.480411 1.481554 0.816515
3240000 2.641738 1.378572 0.903414
3250000 2.312973 1.538348 0.897787
3260000 2.777644 1.365805 0.870712
3270000 3.349224 1.469646 0.836738
3280000 3.810809 1.370008 0.858060
3290000 3.653883 1.357309 0.864356
3300000 4.435584 1.352410 0.864429
3310000 4.623647 1.354320 0.892125
3320000 3.885401 1.415730 0.959277
3330000 4.006789 1.252107 0.951913
3340000 2.705704 1.349975 0.809581
3350000 3.491696 1.439314 0.887542
3360000 3.310959 1.448101 0.899986
3370000 3.267621 1.531353 0.939376
3380000 3.449691 1.293708 0.806460
3390000 4.392829 1.288523 0.773403
3400000 4.960298 1.364343 0.884648
3410000 4.774461 1.206825 0.909943
3420000 3.866067 1.450460 0.808970
3430000 4.020103 1.475860 0.835303
3440000 3.943840 1.286956 0.780984
3450000 3.381651 1.229511 0.904123
3460000 2.287516 1.334615 0.944114
3470000 2.162172 1.409643 0.868213
3480000 1.556905 1.455410 0.955060
3490000 1.507977 1.329358 0.851381
3500000 1.172782 1.422033 0.940114
3510000 0.938584 1.398254 0.801457
3520000 1.041092 1.283271 1.031635
3530000 1.057162 1.446004 0.924920
3540000 1.404504 1.384183 0.810057
3550000 1.320769 1.417615 0.939804
3560000 1.315929 1.367899 0.744731
3570000 1.254397 1.350311 0.941872
3580000 1.507350 1.327809 0.792281
3590000 1.218261 1.369852 0.808176
3600000 1.517640 1.510648 0.794333
3610000 1.353988 1.436652 0.872242
3620000 1.226394 1.337700 0.925130
3630000 1.324624 1.411051 0.912605
3640000 1.579161 1.356622 0.950886
3650000 1.192237 1.300390 0.901316
3660000 1.639621 1.349059 0.846560
3670000 1.696277 1.346602 0.869687
3680000 1.874931 1.526181 0.843154
3690000 2.190273 1.365420 0.937656
3700000 1.977299 1.336530 0.917236
3710000 1.838193 1.419707 0.870295
3720000 2.168356 1.286081 0.751184
3730000 2.701579 1.329471 0.655359
3740000 2.940196 1.283953 0.913512
3750000 3.117365 1.358488 0.766300
3760000 3.216086 1.358697 0.867263
3770000 3.707913 1.381025 0.869227
3780000 4.009826 1.434246 0.804427
3790000 4.464383 1.386880 0.878946
3800000 4.714385 1.413830 1.004512
3810000 3.510176 1.447195 0.835014
3820000 3.105340 1.302249 0.657950
3830000 2.550341 1.305154 0.801069
3840000 2.773116 1.255155 0.877891
3850000 2.647399 1.428111 0.896759
3860000 2.606948 1.394762 0.870508
3870000 2.271513 1.296437 0.938605
3880000 1.872437 1.481795 0.864825
3890000 1.840417 1.408628 0.860032
3900000 2.227853 1.397436 0.834792
3910000 2.897285 1.448654 0.873026
3920000 2.852145 1.285474 0.924966
3930000 3.712942 1.468907 0.855664
3940000 3.808768 1.380646 0.921974
3950000 4.598257 1.515181 0.903460
3960000 4.271334 1.435072 0.890611
3970000 4.951424 1.455419 0.809677
3980000 3.590240 1.400172 0.978476
3990000 2.974354 1.410381 0.876518
4000000 3.865231 1.338688 0.990372
