100000 1.567508 1.366693 0.672024
110000 0.985996 1.408572 0.767950
120000 1.485839 1.427380 0.631514
130000 1.840374 1.228283 0.611325
140000 1.561813 1.494119 0.658602
150000 1.989407 1.414670 0.751569
160000 2.664966 1.532337 0.696651
170000 2.072504 1.422433 0.677949
180000 2.821534 1.334134 0.669413
190000 3.459445 1.426061 0.754067
200000 3.823647 1.456092 0.594480
210000 3.887546 1.518954 0.699596
220000 3.277630 1.384885 0.632703
230000 3.565316 1.449190 0.796030
240000 4.798892 1.347940 0.712860
250000 4.158696 1.483881 0.724803
260000 3.850747 1.355491 0.713847
270000 3.505553 1.317733 0.677054
280000 2.506513 1.478000 0.666475
290000 1.716927 1.355066 0.825114
300000 2.071292 1.335293 0.739546
310000 3.268231 1.515201 0.751092
320000 3.746164 1.527014 0.638257
330000 2.536123 1.430414 0.679927
340000 2.083915 1.419845 0.714717
350000 1.341437 1.272486 1.106646
360000 1.231626 1.473090 0.767804
370000 1.010893 1.314229 0.737412
380000 1.135118 1.521862 0.777151
390000 0.945323 1.392833 0.642426
400000 1.306949 1.315832 0.762039
410000 1.111443 1.298396 0.625513
420000 1.478603 1.382680 0.640031
430000 1.832360 1.275883 0.681822
440000 1.846368 1.402871 0.619643
450000 2.172382 1.379907 0.643029
460000 3.491460 1.375193 0.683859
470000 4.449489 1.540951 0.701051
480000 4.014971 1.388281 0.770425
490000 3.909738 1.362184 0.803162
500000 4.410370 1.434840 0.629593
510000 4.061009 1.429119 0.653616
520000 3.442370 1.342818 0.800057
530000 2.809112 1.512152 0.707540
540000 4.448290 1.391344 0.648363
550000 3.034681 1.422483 0.692434
560000 2.942291 1.278442 0.630230
570000 2.471007 1.379026 0.724686
580000 3.549336 1.438588 0.638167
590000 4.770225 1.455384 0.753827
600000 4.154864 1.490450 0.640154
610000 3.449604 1.393903 0.706906
620000 3.061550 1.283507 0.706809
630000 2.415454 1.377256 0.601300
640000 2.030299 1.341464 0.766348
650000 1.944958 1.285287 0.712689
660000 1.633829 1.393739 0.662001
670000 2.104521 1.362580 0.723574
680000 2.527976 1.476914 0.686314
690000 2.770336 1.462074 0.703321
700000 2.074572 1.428541 0.659506
710000 1.918467 1.412199 0.798960
720000 2.275953 1.393550 0.744664
730000 3.113586 1.411051 0.758933
740000 3.967363 1.282611 0.753252
750000 4.402794 1.461310 0.694946
760000 3.813593 1.304458 0.634412
770000 4.585191 1.482367 0.608201
780000 4.856278 1.502319 0.619231
790000 4.969430 1.332342 0.702092
800000 4.466613 1.324236 0.604433
810000 4.541426 1.315453 0.646280
820000 3.939745 1.288392 0.657550
830000 3.132995 1.295982 0.716521
840000 2.926864 1.370094 0.516244
850000 3.225310 1.294630 0.700749
860000 4.163792 1.460209 0.608753
870000 4.072851 1.432710 0.614511
880000 4.812056 1.422647 0.704182
890000 4.362847 1.280405 0.669936
900000 3.469468 1.372321 0.776811
910000 3.792575 1.406927 0.558201
920000 4.196898 1.407772 0.751787
930000 3.365301 1.385598 0.645133
940000 3.073788 1.337869 0.631240
950000 2.478045 1.377257 0.679745
960000 2.773638 1.310040 0.797370
970000 3.557838 1.322254 0.791573
980000 4.858197 1.343504 0.693931
990000 4.415146 1.372969 0.656527
1000000 4.848665 1.372767 0.656282
1010000 4.867678 1.417543 0.730399
1020000 3.460707 1.404025 0.746785
1030000 3.446058 1.542204 0.653037
1040000 1.911425 1.457200 0.594568
1050000 1.446301 1.353669 0.680405
1060000 1.844378 1.508226 0.718768
1070000 1.698474 1.326881 0.600589
1080000 1.307050 1.369434 0.674348
1090000 1.402821 1.418143 0.713643
1100000 1.658094 1.247546 0.720834
1110000 1.488360 1.390050 0.725094
1120000 2.255772 1.372874 0.746409
1130000 2.511749 1.465699 0.797168
1140000 2.425676 1.423840 0.846958
1150000 2.033861 1.348784 0.760496
1160000 1.894921 1.328819 0.731806
1170000 2.329943 1.482530 0.711141
1180000 1.999862 1.425519 0.750785
1190000 2.765827 1.537161 0.804225
1200000 2.676700 1.405363 0.563596
1210000 3.373677 1.454077 0.820707
1220000 3.874618 1.456115 0.749543
1230000 4.059289 1.406612 0.642123
1240000 4.814030 1.321785 0.745986
1250000 4.720722 1.440846 0.678619
1260000 3.988974 1.408322 0.691643
1270000 4.255711 1.410746 0.628493
1280000 4.729937 1.540692 0.740375
1290000 4.872946 1.435029 0.611708
1300000 4.656842 1.446204 0.646455
1310000 4.224162 1.402137 0.748487
1320000 3.102342 1.395501 0.729194
1330000 2.855903 1.373331 0.713796
1340000 3.017186 1.341483 0.653184
1350000 2.715138 1.341003 0.701426
1360000 3.433070 1.389110 0.732264
1370000 3.956558 1.371115 0.778650
1380000 4.587387 1.326072 0.707385
1390000 3.157044 1.525816 0.646250
1400000 3.814115 1.422429 0.706777
1410000 3.847714 1.327219 0.709380
1420000 4.347393 1.392091 0.566350
1430000 4.011348 1.242664 0.818664
1440000 4.716218 1.407421 0.615705
1450000 4.059966 1.320569 0.690407
1460000 3.019605 1.308726 0.692429
1470000 2.902079 1.395212 0.730062
1480000 2.947494 1.273858 0.702596
1490000 2.806213 1.428453 0.669217
1500000 3.103423 1.480633 0.658156
1510000 2.692999 1.410301 0.622069
1520000 1.841981 1.312010 0.766795
1530000 1.339865 1.462048 0.733719
1540000 1.944465 1.346948 0.869026
1550000 2.171314 1.460228 0.742940
1560000 1.930419 1.313766 0.611012
1570000 1.999817 1.408796 0.725071
1580000 2.704987 1.412799 0.679998
1590000 2.489403 1.356214 0.705245
1600000 3.202456 1.307596 0.590755
1610000 3.576993 1.423365 0.728205
1620000 3.898656 1.358141 0.690356
1630000 3.722075 1.275148 0.634620
1640000 3.104111 1.342640 0.671786
1650000 3.163307 1.360064 0.623197
1660000 3.577896 1.419343 0.694574
1670000 4.285221 1.423353 0.826477
1680000 4.455296 1.483046 0.785191
1690000 4.080245 1.408458 0.736580
1700000 4.129076 1.471540 0.720917
1710000 3.854147 1.458156 0.817519
1720000 2.992575 1.431505 0.586686
1730000 2.392038 1.534258 0.828868
1740000 2.374867 1.338049 0.722746
1750000 2.524568 1.295632 0.712169
1760000 2.962902 1.348912 0.826013
1770000 2.442921 1.496171 0.664959
1780000 2.880088 1.461023 0.656636
1790000 2.143958 1.424009 0.724189
1800000 1.384254 1.360568 0.739612
1810000 0.945167 1.467917 0.695425
1820000 1.038115 1.342659 0.698515
1830000 0.774156 1.484849 0.727626
1840000 1.247053 1.416826 0.626510
1850000 1.318048 1.351652 0.773054
1860000 1.237879 1.386414 0.733425
1870000 1.115321 1.562775 0.721123
1880000 1.207434 1.285426 0.712058
1890000 1.407549 1.416961 0.579600
1900000 1.723358 1.379186 0.577185
1910000 1.545306 1.441272 0.730464
1920000 1.770058 1.486711 0.601208
1930000 2.222795 1.464790 0.682289
1940000 1.232125 1.524434 0.711113
1950000 1.441582 1.369978 0.727579
1960000 1.679856 1.311687 0.868986
1970000 1.615702 1.379532 0.675890
1980000 1.665494 1.354063 0.715591
1990000 1.792395 1.335983 0.774952
2000000 1.688748 1.453102 0.747560
2010000 2.056227 1.324911 0.702981
2020000 2.450288 1.502721 0.673099
2030000 3.072661 1.395909 0.631559
2040000 4.010990 1.345736 0.762007
2050000 3.575807 1.426880 0.630903
2060000 3.554319 1.335262 0.701059
2070000 3.739275 1.263936 0.793405
2080000 4.104394 1.371111 0.679478
2090000 4.742147 1.151943 0.814313
2100000 4.385331 1.411705 0.859436
2110000 4.720745 1.388154 0.769055
2120000 4.076739 1.335652 0.672931
2130000 5.055374 1.469503 0.752550
2140000 4.921263 1.356605 0.737126
2150000 4.506183 1.522642 0.700416
2160000 4.571274 1.366395 0.642283
2170000 3.402470 1.306104 0.642470
2180000 3.433268 1.508476 0.746759
2190000 3.576833 1.393681 0.709829
2200000 3.726621 1.390457 0.699972
2210000 4.334082 1.423792 0.770263
2220000 3.219002 1.312862 0.715314
2230000 3.019172 1.469050 0.650757
2240000 2.739423 1.367310 0.769092
2250000 3.292156 1.374226 0.567757
2260000 3.834755 1.406795 0.511050
2270000 3.866065 1.533816 0.695382
2280000 3.197837 1.361738 0.810127
2290000 3.938017 1.244694 0.807938
2300000 4.396327 1.364550 0.611229
2310000 3.948801 1.461540 0.562186
2320000 4.319858 1.546403 0.729584
2330000 3.874601 1.480637 0.678275
2340000 2.657895 1.331198 0.681256
2350000 3.187477 1.363938 0.808443
2360000 2.764797 1.366393 0.727338
2370000 2.980599 1.416579 0.697318
2380000 2.785617 1.359034 0.723405
2390000 2.319948 1.438689 0.649569
2400000 2.642668 1.299194 0.682259
2410000 2.297423 1.461970 0.628987
2420000 2.117358 1.514812 0.739201
2430000 2.785293 1.482452 0.793392
2440000 1.750776 1.410054 0.566213
2450000 1.846090 1.445833 0.695813
2460000 1.786721 1.275010 0.577779
2470000 1.530891 1.500835 0.667462
2480000 1.292755 1.401940 0.770180
2490000 0.787249 1.480404 0.660720
2500000 0.866345 1.244947 0.648080
2510000 0.638271 1.489487 0.792329
2520000 0.666207 1.256433 0.746365
2530000 0.733261 1.445104 0.594295
2540000 0.786961 1.500843 0.756926
2550000 0.953379 1.354495 0.621308
2560000 0.924864 1.458271 0.781892
2570000 0.855550 1.380761 0.586826
2580000 1.030535 1.361133 0.746442
2590000 1.126781 1.415242 0.800089
2600000 1.354718 1.390090 0.781244
2610000 1.232493 1.444983 0.765510
2620000 1.091566 1.397890 0.670406
2630000 1.160253 1.493827 0.728496
2640000 1.367955 1.348680 0.664464
2650000 1.467186 1.435704 0.657859
2660000 1.644363 1.463421 0.684036
2670000 1.929821 1.300207 0.648035
2680000 2.030315 1.451645 0.719248
2690000 2.295763 1.361453 0.653153
2700000 2.671074 1.322879 0.627928
2710000 2.719336 1.454660 0.649182
2720000 3.155906 1.323098 0.680071
2730000 3.329744 1.352469 0.669405
2740000 3.302016 1.361359 0.697832
2750000 2.677087 1.365351 0.683958
2760000 3.366991 1.362516 0.830389
2770000 3.451531 1.407881 0.855732
2780000 4.330668 1.379977 0.769780
2790000 4.823458 1.329025 0.787672
2800000 4.695112 1.299286 0.677109
2810000 4.376193 1.415381 0.802864
2820000 4.327017 1.409787 0.649423
2830000 4.947549 1.374914 0.757065
2840000 4.689490 1.237342 0.704952
2850000 4.697445 1.389908 0.736818
2860000 4.093124 1.476769 0.644848
2870000 3.941121 1.471698 0.645853
2880000 4.737426 1.270364 0.710940
2890000 5.020391 1.347213 0.788869
2900000 4.511154 1.354943 0.560725
2910000 4.640281 1.401682 0.699211
2920000 4.136409 1.488050 0.729083
2930000 3.502522 1.380586 0.713004
2940000 3.474306 1.569208 0.838316
2950000 3.014649 1.356519 0.716063
2960000 2.523473 1.358098 0.733804
2970000 2.757482 1.339908 0.661904
2980000 1.808247 1.429853 0.745517
2990000 1.760049 1.528136 0.632251
3000000 2.336274 1.330703 0.741280
3010000 2.823206 1.446297 0.777292
3020000 3.393691 1.228295 0.688937
3030000 2.357673 1.489094 0.809708
3040000 2.495916 1.306620 0.822001
3050000 2.926611 1.337842 0.612889
3060000 3.347704 1.449047 0.677635
3070000 3.497369 1.443767 0.698259
3080000 3.876695 1.621302 0.708016
3090000 3.691248 1.320623 0.604715
3100000 4.098573 1.390936 0.569808
3110000 4.348090 1.467095 0.627928
3120000 3.463049 1.322139 0.787889
3130000 3.325465 1.351536 0.681218
3140000 4.038941 1.595228 0.813746
3150000 3.148609 1.339931 0.696323
3160000 3.893825 1.389089 0.597907
3170000 3.090881 1.378134 0.707899
3180000 3.155260 1.320502 0.815006
3190000 3.397850 1.286072 0.683042
3200000 2.796374 1.343969 0.655191
3210000 2.873341 1.386163 0.697269
3220000 2.447273 1.459997 0.673190
3230000 2.132847 1.478940 0.769207
3240000 1.734144 1.340353 0.654014
3250000 1.902988 1.399528 0.730690
3260000 1.389936 1.343880 0.855051
3270000 1.631960 1.488976 0.785923
3280000 1.263019 1.383033 0.671895
3290000 1.283268 1.509762 0.764752
3300000 1.479146 1.472637 0.806918
3310000 1.398580 1.384525 0.636313
3320000 1.560838 1.474673 0.688808
3330000 1.725912 1.398427 0.762855
3340000 1.646244 1.490465 0.635045
3350000 1.818580 1.347494 0.654667
3360000 1.754596 1.380819 0.713608
3370000 1.885735 1.541506 0.654647
3380000 2.108416 1.382985 0.652531
3390000 1.691505 1.439296 0.693798
3400000 2.201888 1.392926 0.772985
3410000 2.115240 1.379418 0.727849
3420000 2.300446 1.402634 0.698632
3430000 2.634198 1.351404 0.655455
3440000 2.635572 1.362543 0.784057
3450000 1.406637 1.463794 0.661593
3460000 1.064325 1.377108 0.618571
3470000 1.052550 1.405404 0.733095
3480000 1.406447 1.436814 0.528054
3490000 1.206628 1.444261 0.727418
3500000 1.540076 1.538839 0.871754
3510000 1.581555 1.402293 0.767187
3520000 1.769838 1.352588 0.664422
3530000 1.900037 1.277951 0.813546
3540000 2.038011 1.374877 0.561057
3550000 2.023148 1.410289 0.752444
3560000 2.157159 1.428428 0.610367
3570000 3.357597 1.461155 0.657382
3580000 4.543222 1.502483 0.684567
3590000 3.974678 1.575984 0.511363
3600000 4.608461 1.369086 0.724389
3610000 4.230719 1.341450 0.688635
3620000 4.336194 1.291559 0.668536
3630000 3.438857 1.323356 0.647766
3640000 3.701945 1.451026 0.801584
3650000 4.134215 1.309001 0.666681
3660000 4.247133 1.444795 0.797945
3670000 4.482881 1.384819 0.718911
3680000 4.464261 1.412668 0.722057
3690000 4.719195 1.517050 0.727409
3700000 3.288334 1.259149 0.714708
3710000 3.425761 1.408186 0.783711
3720000 3.530485 1.517822 0.772616
3730000 3.135989 1.390618 0.666364
3740000 2.436013 1.327307 0.728690
3750000 2.119033 1.464203 0.692973
3760000 2.462763 1.271126 0.607677
3770000 3.272188 1.396937 0.695778
3780000 3.004601 1.352643 0.807012
3790000 2.740527 1.365544 0.623009
3800000 3.622634 1.433454 0.725013
3810000 2.916187 1.388557 0.558656
3820000 3.486686 1.311467 0.720441
3830000 4.239477 1.454835 0.579467
3840000 4.693598 1.399638 0.667156
3850000 4.625140 1.438863 0.767884
3860000 4.670987 1.303522 0.680007
3870000 4.857550 1.440102 0.688123
3880000 4.780122 1.530550 0.800490
3890000 3.894937 1.393068 0.696353
3900000 4.822034 1.388121 0.717862
3910000 4.502992 1.401310 0.718043
3920000 2.965047 1.361401 0.659676
3930000 2.841189 1.493181 0.671968
3940000 2.909760 1.395906 0.625122
3950000 2.726497 1.424730 0.548449
3960000 3.009004 1.519779 0.791557
3970000 3.443293 1.432554 0.669348
3980000 4.348547 1.342341 0.666805
3990000 3.608867 1.391054 0.607947
4000000 4.076510 1.339809 0.628901
