100000 4.350051 1.356086 0.636215
110000 3.835301 1.408235 0.503775
120000 2.345160 1.363522 0.597404
130000 2.130157 1.345247 0.580548
140000 1.860796 1.553383 0.671222
150000 2.059318 1.445614 0.614934
160000 2.520538 1.430843 0.623043
170000 3.622845 1.433950 0.405212
180000 3.574124 1.361298 0.627562
190000 2.754675 1.263511 0.452439
200000 2.331838 1.490412 0.474674
210000 1.934378 1.324695 0.559859
220000 2.113433 1.351235 0.494534
230000 2.880535 1.338036 0.504413
240000 4.133428 1.421843 0.536381
250000 4.897082 1.318291 0.368977
260000 4.151584 1.359538 0.489983
270000 4.263233 1.508206 0.523531
280000 3.437056 1.448053 0.643344
290000 5.014823 1.370569 0.472716
300000 4.911076 1.397895 0.510546
310000 4.650380 1.293802 0.596764
320000 5.021005 1.478379 0.621544
330000 4.604846 1.449466 0.560263
340000 4.896276 1.412684 0.489295
350000 3.679906 1.436244 0.485304
360000 3.567247 1.419435 0.532975
370000 2.955981 1.503197 0.562973
380000 2.658287 1.365735 0.472631
390000 2.324121 1.496469 0.624826
400000 1.454401 1.450212 0.643511
410000 1.112786 1.496594 0.508160
420000 1.363724 1.351852 0.524950
430000 1.395237 1.379052 0.540535
440000 2.097462 1.493533 0.540975
450000 2.073809 1.349018 0.639354
460000 2.653723 1.406738 0.590672
470000 3.707243 1.410217 0.497362
480000 4.258540 1.363328 0.461330
490000 4.894022 1.317190 0.582184
500000 4.971956 1.554288 0.595476
510000 3.972527 1.481595 0.489550
520000 3.757104 1.418688 0.592151
530000 3.071789 1.430907 0.513057
540000 2.321017 1.359818 0.390110
550000 2.243926 1.428146 0.657790
560000 2.092958 1.375232 0.542956
570000 1.713511 1.368878 0.438552
580000 1.843804 1.442667 0.561198
590000 1.857974 1.376675 0.580684
600000 2.453578 1.267538 0.383925
610000 3.274575 1.331510 0.571485
620000 2.761679 1.422415 0.507282
630000 4.145030 1.439012 0.569207
640000 4.652603 1.491280 0.529898
650000 3.838815 1.330828 0.495205
660000 3.400876 1.385366 0.546419
670000 4.513994 1.293073 0.501742
680000 3.922515 1.354576 0.589581
690000 4.793373 1.345314 0.382340
700000 4.754943 1.394437 0.685107
710000 4.412894 1.411572 0.474013
720000 3.294809 1.379279 0.522126
730000 3.475680 1.313721 0.596402
740000 2.559804 1.396315 0.440279
750000 2.621752 1.326772 0.580592
760000 2.454422 1.465526 0.613886
770000 3.371475 1.359973 0.569341
780000 3.325689 1.388959 0.619365
790000 4.493764 1.417316 0.420705
800000 4.877035 1.399222 0.616202
810000 3.082232 1.519205 0.538181
820000 3.613051 1.412784 0.454684
830000 3.527403 1.426369 0.387955
840000 2.555853 1.398262 0.529321
850000 2.189088 1.497783 0.536109
860000 1.816536 1.445173 0.521541
870000 0.965335 1.389783 0.465681
880000 0.829778 1.439124 0.581570
890000 0.794686 1.456510 0.473286
900000 1.140688 1.462054 0.512332
910000 1.382611 1.390723 0.587296
920000 0.951960 1.419078 0.607857
930000 1.180812 1.400549 0.536982
940000 1.438819 1.373271 0.552411
950000 1.005537 1.559524 0.489046
960000 1.051530 1.191070 0.571678
970000 1.086687 1.521516 0.633537
980000 0.966793 1.436789 0.556531
990000 0.678073 1.353974 0.515406
1000000 1.494712 1.334703 0.586532
1010000 1.511437 1.422520 0.543813
1020000 1.685847 1.499797 0.429732
1030000 2.146537 1.338946 0.531464
1040000 2.302186 1.368976 0.527786
1050000 1.913871 1.488199 0.544583
1060000 2.516713 1.337660 0.519664
1070000 3.052154 1.488803 0.531876
1080000 2.351508 1.444395 0.357278
1090000 2.123767 1.458607 0.548008
1100000 2.970948 1.404670 0.594129
1110000 3.759876 1.406021 0.510039
1120000 4.598044 1.370108 0.612820
1130000 4.909593 1.341999 0.576638
1140000 3.929187 1.355918 0.598054
1150000 3.831031 1.366195 0.537633
1160000 3.325229 1.331955 0.419983
1170000 2.597069 1.410796 0.513605
1180000 3.201223 1.555965 0.505957
1190000 4.991524 1.420811 0.587296
1200000 3.588237 1.350902 0.550472
1210000 4.274776 1.401247 0.451373
1220000 4.575127 1.417080 0.532647
1230000 4.494937 1.373061 0.556463
1240000 3.613600 1.474167 0.448895
1250000 3.021824 1.435982 0.494447
1260000 3.445424 1.481254 0.595934
1270000 2.851101 1.280755 0.453605
1280000 2.602494 1.378897 0.567724
1290000 2.806228 1.507052 0.558430
1300000 4.373569 1.269531 0.567915
1310000 4.356551 1.423346 0.535794
1320000 4.515800 1.365219 0.519117
1330000 4.777765 1.404655 0.619805
1340000 3.741128 1.478477 0.426120
1350000 3.946952 1.367799 0.582950
1360000 3.678930 1.469041 0.503384
1370000 3.505371 1.346620 0.480698
1380000 3.361958 1.533671 0.592955
1390000 2.756212 1.468338 0.455941
1400000 2.038471 1.557229 0.490945
1410000 1.760855 1.462056 0.569424
1420000 1.558435 1.372088 0.512609
1430000 1.203945 1.424047 0.516977
1440000 1.389984 1.309885 0.513716
1450000 1.446372 1.342269 0.580785
1460000 1.292538 1.347158 0.456090
1470000 1.502576 1.437771 0.470439
1480000 1.764057 1.369653 0.555310
1490000 1.582726 1.385956 0.526519
1500000 1.654698 1.334609 0.377777
1510000 1.869914 1.200429 0.534140
1520000 1.477262 1.336509 0.501652
1530000 1.967170 1.329416 0.599011
1540000 1.733208 1.295208 0.499176
1550000 1.557129 1.383330 0.529987
1560000 1.316726 1.379034 0.498238
1570000 1.073407 1.292997 0.550319
1580000 0.851904 1.352421 0.536897
1590000 0.744549 1.341144 0.704181
1600000 0.862499 1.534609 0.450040
1610000 0.836939 1.227690 0.538668
1620000 0.741807 1.511603 0.458630
1630000 1.008131 1.390820 0.574556
1640000 1.041119 1.371095 0.594157
1650000 0.698761 1.489289 0.554066
1660000 1.102694 1.379942 0.665514
1670000 1.203244 1.353234 0.537331
1680000 1.388167 1.409402 0.528207
1690000 1.124904 1.329598 0.472744
1700000 1.352439 1.320733 0.588342
1710000 1.014853 1.273424 0.662468
1720000 1.120806 1.448244 0.400344
1730000 1.397419 1.455941 0.652436
1740000 1.543312 1.316940 0.615609
1750000 2.230418 1.438266 0.491578
1760000 2.192875 1.401072 0.544535
1770000 2.435768 1.437811 0.458028
1780000 2.798626 1.388865 0.587422
1790000 3.070361 1.350684 0.482564
1800000 2.933008 1.392178 0.616713
1810000 4.115307 1.374254 0.400776
1820000 4.193859 1.393185 0.489205
1830000 4.460118 1.511049 0.534861
1840000 4.416858 1.461188 0.619008
1850000 3.227117 1.301062 0.506178
1860000 3.357561 1.418223 0.478610
1870000 3.414915 1.408815 0.514715
1880000 3.673026 1.322257 0.541225
1890000 3.830885 1.398325 0.522445
1900000 4.063801 1.374321 0.568674
1910000 4.946692 1.397625 0.501421
1920000 4.465642 1.361855 0.524328
1930000 4.101248 1.436163 0.570838
1940000 4.926692 1.413771 0.576808
1950000 4.663520 1.393633 0.581053
1960000 4.508089 1.397537 0.540106
1970000 4.609262 1.502348 0.471012
1980000 3.544669 1.364606 0.456480
1990000 4.493469 1.370183 0.549803
2000000 3.906251 1.526013 0.518427
2010000 3.624776 1.408109 0.593582
2020000 2.854169 1.339734 0.475201
2030000 2.468524 1.342639 0.502954
2040000 2.057806 1.308621 0.408815
2050000 2.134424 1.535085 0.554047
2060000 1.730207 1.471440 0.602017
2070000 2.306957 1.415291 0.506942
2080000 2.368320 1.362124 0.443373
2090000 2.539248 1.331038 0.537146
2100000 2.929583 1.305631 0.429398
2110000 2.785684 1.438877 0.544499
2120000 3.372092 1.367842 0.462662
2130000 2.417071 1.531577 0.563112
2140000 2.200003 1.517002 0.406042
2150000 2.569074 1.284228 0.421557
2160000 2.654824 1.441493 0.535785
2170000 3.061992 1.379000 0.449848
2180000 2.353461 1.377653 0.409497
2190000 3.198508 1.434233 0.441041
2200000 3.267245 1.453728 0.526356
2210000 3.634681 1.358483 0.649018
2220000 3.819278 1.430969 0.543833
2230000 3.358653 1.296680 0.552348
2240000 4.765892 1.329572 0.586935
2250000 4.087685 1.379181 0.511282
2260000 4.810821 1.311235 0.439668
2270000 4.995336 1.431544 0.565167
2280000 4.178607 1.298228 0.652738
2290000 4.404777 1.397744 0.497278
2300000 4.170940 1.432071 0.605021
2310000 4.834143 1.319285 0.594877
2320000 4.609811 1.365735 0.501830
2330000 3.825649 1.378952 0.604255
2340000 3.310026 1.327209 0.550997
2350000 3.859034 1.529697 0.454925
2360000 2.878459 1.318276 0.491095
2370000 3.385134 1.358914 0.559112
2380000 2.899820 1.511549 0.422701
2390000 2.523905 1.534588 0.443903
2400000 2.017541 1.353827 0.639226
2410000 1.794956 1.451611 0.403380
2420000 1.838110 1.424801 0.516738
2430000 2.176107 1.329125 0.580073
2440000 1.592085 1.398637 0.452620
2450000 2.091685 1.351852 0.544144
2460000 2.538012 1.488330 0.591648
2470000 2.652960 1.467015 0.555418
2480000 3.302619 1.286958 0.561225
2490000 3.665987 1.421469 0.442963
2500000 4.187623 1.338578 0.429162
2510000 3.706520 1.397800 0.585524
2520000 4.752470 1.480459 0.534229
2530000 4.601351 1.327655 0.577389
2540000 3.983217 1.327163 0.575211
2550000 3.838504 1.477644 0.495780
2560000 3.375227 1.318112 0.423369
2570000 3.007352 1.381024 0.487142
2580000 2.412902 1.442693 0.557567
2590000 2.665445 1.391751 0.426337
2600000 2.774094 1.515361 0.490050
2610000 2.633082 1.437883 0.457760
2620000 3.190176 1.492772 0.531552
2630000 2.865637 1.408128 0.506305
2640000 3.715137 1.479902 0.503131
2650000 3.557020 1.317493 0.516520
2660000 3.870814 1.285754 0.453376
2670000 4.630507 1.398124 0.525648
2680000 4.989248 1.393684 0.537295
2690000 4.814045 1.459811 0.477620
2700000 4.896763 1.425061 0.481466
2710000 4.997509 1.382671 0.539962
2720000 4.967386 1.290555 0.366402
2730000 4.161424 1.412106 0.427609
2740000 4.367516 1.303914 0.578583
2750000 3.976882 1.480547 0.478120
2760000 4.731602 1.425734 0.548638
2770000 3.983523 1.383076 0.525211
2780000 4.188208 1.437799 0.486710
2790000 4.259946 1.534894 0.427961
2800000 2.974781 1.417625 0.486686
2810000 2.103709 1.351317 0.544720
2820000 2.315345 1.422759 0.504835
2830000 2.312844 1.291603 0.542600
2840000 1.894357 1.326752 0.474159
2850000 1.591595 1.391972 0.455685
2860000 1.539142 1.366218 0.501334
2870000 1.523671 1.424706 0.439408
2880000 1.659854 1.474663 0.566852
2890000 1.794175 1.369009 0.624781
2900000 1.588528 1.422226 0.439291
2910000 1.631860 1.407005 0.381484
2920000 1.671883 1.366547 0.420698
2930000 1.695524 1.348207 0.479962
2940000 1.464032 1.387253 0.571818
2950000 1.321836 1.586283 0.594191
2960000 1.260432 1.497766 0.363665
2970000 1.310844 1.454724 0.336201
2980000 1.263957 1.357680 0.459254
2990000 1.424603 1.428164 0.540428
3000000 1.449725 1.421749 0.433585
3010000 1.804231 1.367916 0.453592
3020000 2.032646 1.460180 0.501862
3030000 1.996990 1.411839 0.348576
3040000 2.055078 1.470634 0.631424
3050000 2.442160 1.459871 0.694594
3060000 2.853794 1.426336 0.410832
3070000 2.920409 1.249658 0.428415
3080000 4.072593 1.470809 0.496671
3090000 3.634470 1.374203 0.638061
3100000 3.157346 1.373128 0.599450
3110000 3.031298 1.269286 0.546521
3120000 2.906970 1.409020 0.509032
3130000 2.472296 1.381879 0.513640
3140000 2.789925 1.459960 0.578236
3150000 2.767704 1.463251 0.496690
3160000 3.495286 1.419094 0.652566
3170000 4.463987 1.399985 0.524973
3180000 4.197650 1.352839 0.612097
3190000 4.169779 1.337456 0.598856
3200000 4.941843 1.508608 0.527220
3210000 4.685534 1.339530 0.571226
3220000 4.659950 1.382099 0.435094
3230000 3.455121 1.391408 0.521533
3240000 3.569180 1.521285 0.535665
3250000 4.156070 1.236297 0.536028
3260000 3.505711 1.413581 0.450076
3270000 2.606169 1.453209 0.512939
3280000 3.245901 1.391338 0.509164
3290000 3.330575 1.490813 0.422348
3300000 2.187552 1.544537 0.469930
3310000 2.241841 1.394840 0.485936
3320000 2.281662 1.274949 0.450816
3330000 1.889540 1.502578 0.508198
3340000 2.158809 1.610263 0.552155
3350000 2.676462 1.104115 0.450256
3360000 2.526890 1.436372 0.601376
3370000 2.140763 1.283659 0.523960
3380000 2.475594 1.442480 0.478254
3390000 3.632183 1.441617 0.520764
3400000 4.761308 1.443835 0.566999
3410000 4.813521 1.478175 0.500053
3420000 5.008290 1.477661 0.584331
3430000 4.950593 1.455260 0.508127
3440000 4.618640 1.527910 0.405616
3450000 4.438108 1.438689 0.466464
3460000 4.578123 1.392304 0.524972
3470000 4.339990 1.440398 0.527249
3480000 4.068265 1.342780 0.575643
3490000 4.928781 1.402353 0.517782
3500000 4.884319 1.306497 0.489960
3510000 4.309796 1.419334 0.528126
3520000 4.799022 1.457160 0.331802
3530000 3.894501 1.528068 0.521037
3540000 4.281487 1.391230 0.526722
3550000 4.398620 1.446624 0.531565
3560000 4.046880 1.382627 0.508511
3570000 3.537361 1.411512 0.618384
3580000 4.914120 1.573868 0.579700
3590000 4.494258 1.344817 0.480927
3600000 3.287961 1.410576 0.470541
3610000 4.404332 1.339884 0.451632
3620000 4.522006 1.420253 0.499529
3630000 3.584448 1.288953 0.426847
3640000 3.274381 1.437845 0.444864
3650000 3.123825 1.333464 0.500337
3660000 3.054383 1.454610 0.555918
3670000 3.422665 1.411804 0.524267
3680000 3.629366 1.432293 0.480804
3690000 3.049827 1.426177 0.535997
3700000 2.922918 1.259491 0.511663
3710000 2.745202 1.390161 0.548983
3720000 2.290747 1.284931 0.496402
3730000 1.939903 1.528377 0.464605
3740000 1.847222 1.462272 0.426435
3750000 1.729059 1.427286 0.596240
3760000 1.544795 1.332998 0.602470
3770000 1.613441 1.415808 0.523248
3780000 1.610181 1.394921 0.543221
3790000 1.396038 1.310488 0.568058
3800000 1.657220 1.393193 0.688073
3810000 1.200670 1.304861 0.541951
3820000 1.187341 1.313857 0.641252
3830000 1.007493 1.427098 0.452030
3840000 0.950614 1.410644 0.524935
3850000 0.986960 1.340423 0.507678
3860000 1.251420 1.425573 0.530113
3870000 1.740863 1.400244 0.659471
3880000 1.736592 1.293715 0.570204
3890000 1.958266 1.537914 0.505655
3900000 1.958420 1.460511 0.548547
3910000 1.902473 1.355186 0.664765
3920000 2.222820 1.441917 0.524856
3930000 2.387949 1.217366 0.541218
3940000 2.511056 1.362523 0.662883
3950000 2.761230 1.431657 0.489108
3960000 2.788908 1.286873 0.534025
3970000 2.969144 1.388673 0.536979
3980000 3.185944 1.368985 0.554073
3990000 3.322653 1.423289 0.672515
4000000 3.098862 1.384053 0.519060
