100000 1.487768 1.314196 -0.446125
110000 1.924388 1.472771 -0.706721
120000 1.569992 1.334819 -0.444131
130000 1.854172 1.379180 -0.425192
140000 1.235023 1.421440 -0.502706
150000 1.287268 1.238828 -0.651522
160000 2.582966 1.366534 -0.409972
170000 3.702248 1.336758 -0.645137
180000 4.708062 1.328351 -0.666882
190000 4.952015 1.386933 -0.561600
200000 4.992361 1.493052 -0.551107
210000 3.473696 1.513080 -0.593373
220000 4.002423 1.391816 -0.444131
230000 4.501535 1.311990 -0.599295
240000 4.498848 1.338287 -0.493098
250000 2.714088 1.464550 -0.436652
260000 3.675116 1.466784 -0.471935
270000 2.289797 1.392634 -0.548801
280000 2.028351 1.396641 -0.474026
290000 3.025897 1.289507 -0.489354
300000 4.166651 1.380900 -0.595077
310000 4.553633 1.353385 -0.486240
320000 3.360716 1.585265 -0.476848
330000 4.313604 1.341634 -0.600045
340000 4.235730 1.279673 -0.435934
350000 3.756309 1.544003 -0.565850
360000 2.350657 1.483300 -0.616473
370000 3.124702 1.261070 -0.481330
380000 3.224165 1.326794 -0.545918
390000 4.185296 1.306641 -0.531681
400000 3.611678 1.351019 -0.582496
410000 2.780388 1.462658 -0.465054
420000 2.691669 1.403538 -0.572593
430000 2.131736 1.462379 -0.437806
440000 1.842729 1.421487 -0.651617
450000 2.245463 1.560322 -0.513224
460000 1.614162 1.460413 -0.636550
470000 2.001927 1.391721 -0.695565
480000 2.286945 1.531084 -0.531022
490000 3.046527 1.387764 -0.449048
500000 4.413139 1.464805 -0.493532
510000 4.837568 1.412061 -0.542724
520000 4.755075 1.340796 -0.587322
530000 4.285506 1.353927 -0.447057
540000 4.321265 1.402049 -0.480297
550000 5.004353 1.492727 -0.557718
560000 3.620343 1.401729 -0.574226
570000 3.323324 1.522712 -0.503532
580000 3.457445 1.439459 -0.590436
590000 4.503021 1.448537 -0.358612
600000 4.531813 1.256667 -0.524263
610000 4.385486 1.491286 -0.560388
620000 3.436102 1.607067 -0.636709
630000 2.894960 1.450120 -0.577155
640000 4.061225 1.446054 -0.489316
650000 3.352865 1.274399 -0.543139
660000 4.309618 1.363106 -0.560094
670000 4.783483 1.403129 -0.526701
680000 3.837294 1.428581 -0.502761
690000 4.626128 1.481120 -0.589754
700000 4.691254 1.397310 -0.645796
710000 4.812773 1.429826 -0.538713
720000 4.476965 1.380075 -0.537156
730000 3.217211 1.316023 -0.490834
740000 2.800863 1.286691 -0.517556
750000 2.137862 1.432501 -0.499755
760000 1.297129 1.424135 -0.535629
770000 1.295623 1.366685 -0.584855
780000 0.862841 1.501700 -0.564561
790000 0.996219 1.297193 -0.528831
800000 1.065171 1.496288 -0.505916
810000 1.538936 1.404119 -0.405803
820000 2.258817 1.411616 -0.521725
830000 1.801577 1.319697 -0.547257
840000 1.802736 1.474658 -0.514570
850000 1.475054 1.361790 -0.479122
860000 0.989534 1.386198 -0.587714
870000 1.220783 1.411469 -0.611856
880000 1.164846 1.496200 -0.603763
890000 1.442664 1.320864 -0.677123
900000 1.063754 1.431353 -0.504838
910000 1.095616 1.381139 -0.593175
920000 0.872295 1.359478 -0.686514
930000 0.941677 1.385972 -0.402025
940000 1.732911 1.548682 -0.519751
950000 1.495935 1.358841 -0.497046
960000 1.282414 1.435729 -0.537524
970000 1.326036 1.463833 -0.496625
980000 2.237005 1.328120 -0.453400
990000 2.471967 1.435544 -0.504935
1000000 3.188915 1.482158 -0.557990
1010000 3.097999 1.534988 -0.558830
1020000 4.060567 1.429237 -0.577975
1030000 4.969804 1.416007 -0.393423
1040000 4.852546 1.449542 -0.563577
1050000 4.124558 1.501014 -0.390438
1060000 4.739486 1.377094 -0.541123
1070000 3.931790 1.469783 -0.572147
1080000 3.494260 1.500188 -0.520369
1090000 3.045428 1.454425 -0.461286
1100000 2.202003 1.364602 -0.708770
1110000 1.954855 1.356140 -0.505374
1120000 2.541857 1.296175 -0.625576
1130000 2.936859 1.354533 -0.471217
1140000 3.356444 1.580484 -0.478648
1150000 2.576962 1.394546 -0.560492
1160000 3.172765 1.399248 -0.535467
1170000 4.059509 1.299143 -0.528735
1180000 4.816132 1.338480 -0.578035
1190000 4.592963 1.507988 -0.644782
1200000 4.213458 1.423077 -0.425944
1210000 3.888989 1.383108 -0.537769
1220000 3.576550 1.333842 -0.471344
1230000 3.956385 1.470315 -0.431264
1240000 4.103943 1.327527 -0.464533
1250000 4.452450 1.365763 -0.477345
1260000 4.403789 1.237011 -0.540396
1270000 4.450353 1.437927 -0.671312
1280000 3.659299 1.547772 -0.513265
1290000 2.802358 1.315473 -0.567154
1300000 2.407057 1.401164 -0.566397
1310000 1.987378 1.337448 -0.547018
1320000 2.379557 1.302945 -0.470089
1330000 1.881201 1.434776 -0.373170
1340000 1.798288 1.479120 -0.587627
1350000 2.338359 1.354385 -0.476966
1360000 2.518558 1.331976 -0.602598
1370000 2.279086 1.440657 -0.605008
1380000 1.987600 1.641979 -0.536066
1390000 2.055089 1.336409 -0.700048
1400000 1.589596 1.351537 -0.525958
1410000 1.531599 1.174411 -0.495639
1420000 1.407569 1.407268 -0.627491
1430000 1.732927 1.340005 -0.427464
1440000 1.288490 1.397051 -0.598582
1450000 1.241249 1.456325 -0.500048
1460000 1.348610 1.394199 -0.487700
1470000 1.337274 1.298385 -0.422803
1480000 1.684857 1.362808 -0.358206
1490000 2.502458 1.416676 -0.545083
1500000 2.519965 1.352987 -0.481618
1510000 2.837994 1.326068 -0.460274
1520000 3.209552 1.317793 -0.489516
1530000 3.324658 1.356798 -0.589498
1540000 3.688958 1.553211 -0.501907
1550000 4.124152 1.435384 -0.458586
1560000 4.646898 1.400352 -0.421241
1570000 4.282347 1.376370 -0.670607
1580000 3.227292 1.436400 -0.535300
1590000 3.668597 1.470596 -0.625337
1600000 4.735925 1.331969 -0.511537
1610000 4.889405 1.387997 -0.599455
1620000 3.798597 1.527979 -0.498231
1630000 3.710697 1.481481 -0.501015
1640000 3.072195 1.441262 -0.526007
1650000 2.578033 1.419499 -0.436311
1660000 2.420886 1.456825 -0.462270
1670000 3.440562 1.414325 -0.579581
1680000 3.711464 1.402924 -0.523245
1690000 3.586659 1.474703 -0.621920
1700000 3.921680 1.375404 -0.719889
1710000 4.279419 1.440072 -0.494615
1720000 4.392240 1.472402 -0.455470
1730000 4.045859 1.436603 -0.449693
1740000 3.762136 1.372058 -0.616708
1750000 2.799012 1.246464 -0.522473
1760000 2.526316 1.408459 -0.476139
1770000 2.152769 1.418307 -0.538455
1780000 2.844650 1.393062 -0.551004
1790000 3.504754 1.214956 -0.513800
1800000 3.828614 1.431976 -0.403300
1810000 3.695391 1.464054 -0.513683
1820000 2.955319 1.433698 -0.488632
1830000 3.281172 1.438277 -0.604933
1840000 3.523817 1.344997 -0.491633
1850000 3.525001 1.437634 -0.457710
1860000 5.025625 1.405182 -0.559364
1870000 4.358097 1.417553 -0.576295
1880000 4.908523 1.461845 -0.554152
1890000 4.185602 1.488974 -0.473918
1900000 4.046221 1.377125 -0.477293
1910000 4.925912 1.424855 -0.435516
1920000 4.004773 1.366711 -0.543526
1930000 3.568870 1.457415 -0.549944
1940000 4.067695 1.402744 -0.489491
1950000 4.565291 1.355526 -0.481751
1960000 4.518084 1.423596 -0.601963
1970000 4.851919 1.301476 -0.404992
1980000 4.669420 1.500406 -0.501649
1990000 3.653230 1.277582 -0.539954
2000000 4.560246 1.404520 -0.574640
2010000 3.582838 1.261012 -0.489556
2020000 4.114215 1.374856 -0.530648
2030000 3.911267 1.413503 -0.512132
2040000 2.818206 1.439550 -0.595782
2050000 1.872089 1.260852 -0.523860
2060000 2.061369 1.330046 -0.506444
2070000 1.663332 1.358387 -0.403246
2080000 2.096001 1.394921 -0.457227
2090000 1.627075 1.412748 -0.594848
2100000 1.642020 1.349911 -0.652743
2110000 2.040936 1.387508 -0.484838
2120000 2.037516 1.493923 -0.521483
2130000 2.621545 1.417376 -0.508605
2140000 2.522257 1.390717 -0.610470
2150000 2.483643 1.389503 -0.507860
2160000 2.467699 1.344433 -0.566515
2170000 2.104492 1.506360 -0.520785
2180000 2.812435 1.408404 -0.636803
2190000 2.899139 1.300570 -0.527312
2200000 2.293963 1.471471 -0.566120
2210000 3.294071 1.394763 -0.567429
2220000 2.936713 1.349244 -0.638773
2230000 3.377948 1.459227 -0.524488
2240000 3.346777 1.415178 -0.492360
2250000 2.792790 1.439854 -0.446093
2260000 2.121117 1.368813 -0.544630
2270000 2.000990 1.345617 -0.453132
2280000 1.733170 1.541983 -0.593921
2290000 1.802999 1.286912 -0.446005
2300000 1.601080 1.398015 -0.461483
2310000 1.362425 1.223727 -0.578124
2320000 0.719804 1.471409 -0.590209
2330000 0.843104 1.534939 -0.527922
2340000 0.849714 1.375557 -0.626861
2350000 1.010073 1.433382 -0.493417
2360000 0.940486 1.480320 -0.635870
2370000 1.116220 1.377152 -0.496036
2380000 1.130463 1.366276 -0.362475
2390000 0.962417 1.412310 -0.566984
2400000 0.605494 1.548210 -0.489178
2410000 0.749164 1.436463 -0.539820
2420000 0.523557 1.412631 -0.625242
2430000 0.991470 1.447687 -0.463939
2440000 1.260671 1.446747 -0.502362
2450000 1.051829 1.480396 -0.456361
2460000 1.099439 1.338571 -0.469895
2470000 1.029983 1.295433 -0.552810
2480000 1.334984 1.254518 -0.504755
2490000 1.233996 1.390560 -0.506895
2500000 1.454250 1.378972 -0.448519
2510000 1.444407 1.365153 -0.478811
2520000 1.694118 1.400358 -0.511995
2530000 1.621366 1.360195 -0.492186
2540000 1.567335 1.381291 -0.545091
2550000 1.434511 1.512731 -0.579595
2560000 1.772553 1.431609 -0.647405
2570000 2.084970 1.413511 -0.568679
2580000 2.305920 1.328257 -0.445201
2590000 2.822252 1.408147 -0.413390
2600000 3.555972 1.382749 -0.618161
2610000 3.427170 1.398307 -0.467101
2620000 4.293067 1.249782 -0.522799
2630000 4.375595 1.452603 -0.449770
2640000 4.014045 1.369799 -0.481078
2650000 4.660694 1.373260 -0.474913
2660000 3.472700 1.370718 -0.505324
2670000 2.583225 1.490905 -0.504001
2680000 3.144816 1.432395 -0.540357
2690000 3.580906 1.404740 -0.548827
2700000 4.544648 1.340393 -0.436493
2710000 4.431919 1.426436 -0.538274
2720000 4.120825 1.453241 -0.472635
2730000 3.718988 1.343832 -0.534411
2740000 3.354629 1.457593 -0.382573
2750000 2.965738 1.425572 -0.641187
2760000 2.318530 1.392991 -0.477219
2770000 2.214771 1.394695 -0.504861
2780000 2.664359 1.410589 -0.470891
2790000 3.003524 1.325512 -0.594035
2800000 2.039357 1.445616 -0.590536
2810000 1.849770 1.386252 -0.659294
2820000 2.152144 1.401017 -0.512451
2830000 2.377155 1.304788 -0.457273
2840000 2.783884 1.420861 -0.394512
2850000 3.128422 1.399613 -0.606543
2860000 2.901991 1.294753 -0.567546
2870000 3.395465 1.382170 -0.744470
2880000 4.560215 1.377764 -0.395009
2890000 5.023339 1.409423 -0.465046
2900000 5.047150 1.468793 -0.518616
2910000 4.577332 1.418854 -0.498670
2920000 4.486651 1.256245 -0.557391
2930000 4.083815 1.440214 -0.706165
2940000 4.905086 1.354419 -0.681932
2950000 4.872965 1.306341 -0.590334
2960000 4.294036 1.390193 -0.552760
2970000 3.269235 1.554573 -0.540543
2980000 3.887757 1.483068 -0.497031
2990000 2.322411 1.389279 -0.491444
3000000 3.004289 1.519178 -0.622562
3010000 3.229833 1.462462 -0.535177
3020000 4.735759 1.538328 -0.506315
3030000 4.010337 1.484670 -0.593681
3040000 5.058027 1.430962 -0.504731
3050000 4.618887 1.414136 -0.607742
3060000 4.105295 1.355302 -0.462083
3070000 4.999841 1.426985 -0.501622
3080000 4.059045 1.349310 -0.548525
3090000 3.296306 1.489608 -0.427429
3100000 2.610920 1.342453 -0.487106
3110000 2.669225 1.517847 -0.545561
3120000 3.793989 1.445344 -0.657003
3130000 3.954196 1.393497 -0.697349
3140000 3.398964 1.443886 -0.491875
3150000 3.696103 1.466619 -0.511218
3160000 2.780920 1.381943 -0.392614
3170000 3.455195 1.216372 -0.612357
3180000 4.237046 1.220148 -0.522541
3190000 4.079654 1.433330 -0.473145
3200000 4.072779 1.386917 -0.617003
3210000 4.916925 1.476527 -0.473942
3220000 4.707739 1.450195 -0.581353
3230000 4.725326 1.412699 -0.542088
3240000 4.720639 1.514006 -0.552904
3250000 4.625622 1.418067 -0.482907
3260000 4.283444 1.440695 -0.720928
3270000 3.825875 1.465129 -0.582376
3280000 3.481069 1.373215 -0.516221
3290000 2.275949 1.401446 -0.645141
3300000 1.858613 1.334980 -0.538179
3310000 1.848621 1.387452 -0.533536
3320000 2.227553 1.324013 -0.562864
3330000 2.004664 1.431805 -0.421437
3340000 1.935177 1.449233 -0.584419
3350000 1.519919 1.425139 -0.434713
3360000 1.694037 1.306909 -0.448858
3370000 1.352667 1.527436 -0.507082
3380000 1.389390 1.341029 -0.638239
3390000 1.106109 1.477248 -0.524755
3400000 1.487044 1.385053 -0.484022
3410000 1.483067 1.422551 -0.508584
3420000 1.184417 1.523620 -0.611508
3430000 1.243841 1.335176 -0.594791
3440000 1.228529 1.394796 -0.431726
3450000 1.231333 1.629240 -0.652815
3460000 0.939520 1.470051 -0.523699
3470000 0.740766 1.372749 -0.477093
3480000 0.769908 1.522711 -0.496435
3490000 0.823357 1.551651 -0.426492
3500000 0.687841 1.485310 -0.596699
3510000 1.061203 1.370113 -0.455226
3520000 0.998725 1.379480 -0.433699
3530000 0.968130 1.390953 -0.579254
3540000 1.049895 1.510318 -0.461699
3550000 0.924597 1.394779 -0.481461
3560000 1.002316 1.381751 -0.484530
3570000 1.128770 1.540568 -0.395184
3580000 0.855383 1.326032 -0.612829
3590000 0.770279 1.374940 -0.510106
3600000 1.233902 1.358385 -0.425265
3610000 1.223417 1.353358 -0.540052
3620000 1.514812 1.344883 -0.475409
3630000 1.101502 1.405781 -0.557084
3640000 1.565068 1.445349 -0.474880
3650000 1.374049 1.430098 -0.556044
3660000 1.123800 1.454986 -0.447338
3670000 1.172801 1.507938 -0.558403
3680000 0.960366 1.543607 -0.490656
3690000 1.022034 1.395076 -0.479257
3700000 1.516901 1.247800 -0.381108
3710000 1.462318 1.386160 -0.464437
3720000 1.594135 1.448797 -0.403201
3730000 1.977188 1.352576 -0.426405
3740000 1.972929 1.375299 -0.401277
3750000 1.657994 1.397493 -0.500399
3760000 2.031072 1.387528 -0.558175
3770000 2.145262 1.414876 -0.531318
3780000 2.135825 1.336117 -0.527920
3790000 2.489686 1.303813 -0.473231
3800000 2.587030 1.422700 -0.415133
3810000 3.243837 1.300334 -0.495411
3820000 2.745734 1.470395 -0.442341
3830000 2.357356 1.471806 -0.451952
3840000 2.377917 1.452338 -0.607015
3850000 2.952624 1.354386 -0.464216
3860000 2.747226 1.473233 -0.559087
3870000 2.803770 1.487396 -0.599234
3880000 2.581698 1.472891 -0.434794
3890000 2.263036 1.535982 -0.541799
3900000 2.414075 1.392478 -0.505165
3910000 2.556597 1.319264 -0.532830
3920000 2.424632 1.326676 -0.578021
3930000 2.004941 1.439452 -0.456272
3940000 2.406735 1.347103 -0.510858
3950000 2.274988 1.342367 -0.522155
3960000 2.147666 1.519224 -0.520634
3970000 2.300249 1.314396 -0.514478
3980000 1.741172 1.424290 -0.450717
3990000 2.263661 1.380124 -0.559701
4000000 1.838615 1.375684 -0.560663
