100000 1.387109 1.332245 -1.341541
110000 1.259194 1.360183 -1.345769
120000 0.861850 1.396161 -1.319739
130000 1.300586 1.404667 -1.217665
140000 2.031455 1.453167 -1.215730
150000 3.123173 1.420045 -1.157925
160000 2.499044 1.502405 -1.032597
170000 3.127198 1.209742 -1.196014
180000 4.580034 1.294837 -1.178945
190000 4.223873 1.362825 -1.115254
200000 3.157834 1.470007 -1.270930
210000 2.915450 1.338449 -1.209216
220000 3.404271 1.370114 -1.202814
230000 4.653412 1.433546 -1.304963
240000 5.002575 1.425837 -1.094989
250000 4.628115 1.453745 -1.295755
260000 4.572072 1.488266 -1.265239
270000 3.472811 1.370757 -1.202240
280000 2.417947 1.470297 -1.266131
290000 1.994350 1.454531 -1.179241
300000 1.570696 1.488760 -1.191600
310000 1.866811 1.508054 -1.172707
320000 1.339300 1.528746 -1.313384
330000 0.965506 1.454045 -1.294344
340000 1.199511 1.353601 -1.234102
350000 1.343756 1.308375 -1.280947
360000 2.340054 1.416577 -1.309143
370000 2.485166 1.420353 -1.263988
380000 2.334806 1.466210 -1.228120
390000 2.261482 1.462424 -1.241410
400000 2.903575 1.429754 -1.203803
410000 2.156927 1.248720 -1.157460
420000 1.644771 1.435680 -1.290336
430000 1.850117 1.408132 -1.128794
440000 2.248368 1.443064 -1.266678
450000 3.510768 1.255481 -1.113596
460000 4.270758 1.455653 -1.189562
470000 4.970658 1.364006 -1.322056
480000 4.311811 1.399227 -1.425751
490000 3.910708 1.307037 -1.115884
500000 4.518203 1.366968 -1.149598
510000 3.424404 1.510741 -1.199571
520000 3.363623 1.401876 -1.172151
530000 4.040406 1.375854 -1.234490
540000 5.025907 1.275820 -1.236923
550000 4.443624 1.351672 -1.291942
560000 3.673695 1.356364 -1.195895
570000 2.446468 1.420502 -1.309576
580000 3.143232 1.484060 -1.259406
590000 3.969832 1.441956 -1.262628
600000 3.017089 1.296294 -1.096577
610000 2.357139 1.396840 -1.266966
620000 1.792847 1.398025 -1.286884
630000 2.856970 1.419411 -1.300797
640000 3.344840 1.316709 -1.255254
650000 3.723131 1.470899 -1.171851
660000 3.179296 1.334994 -1.346293
670000 3.614265 1.368476 -1.363412
680000 4.480876 1.436444 -1.183234
690000 4.341647 1.487815 -1.157027
700000 4.380908 1.419676 -1.189558
710000 4.159786 1.314185 -1.171068
720000 4.853186 1.446384 -1.289406
730000 3.986486 1.382364 -1.271730
740000 3.825308 1.480413 -1.235069
750000 4.834822 1.391560 -1.373973
760000 3.562171 1.319140 -1.382904
770000 2.764539 1.360037 -1.164952
780000 2.422416 1.458720 -1.253763
790000 1.652294 1.567421 -1.229160
800000 0.814680 1.534248 -1.230252
810000 0.658025 1.374462 -1.394055
820000 1.083921 1.353205 -1.311497
830000 0.985764 1.405681 -1.292410
840000 1.396460 1.330315 -1.271462
850000 1.713460 1.432794 -1.152559
860000 1.524798 1.365322 -1.241732
870000 1.838648 1.464720 -1.009960
880000 1.347959 1.314088 -1.228628
890000 1.936267 1.364880 -1.031570
900000 1.525034 1.340804 -1.249127
910000 1.396341 1.415866 -1.152782
920000 1.390198 1.313054 -1.358835
930000 2.305718 1.438141 -1.354367
940000 3.215133 1.494250 -1.240600
950000 3.287040 1.408714 -1.327050
960000 3.666861 1.326531 -1.213011
970000 2.938613 1.272820 -1.244448
980000 4.059130 1.361181 -1.264817
990000 3.269109 1.505955 -1.275587
1000000 2.958272 1.392913 -1.350003
1010000 3.021159 1.415492 -1.216139
1020000 3.627414 1.416337 -1.184015
1030000 4.590625 1.377077 -1.198500
1040000 4.103516 1.395301 -1.294196
1050000 4.773499 1.578866 -1.264421
1060000 4.935821 1.295798 -1.274039
1070000 3.393466 1.252379 -1.315184
1080000 3.702797 1.371201 -1.130074
1090000 3.459496 1.423050 -1.317702
1100000 4.132689 1.377055 -1.312185
1110000 4.607422 1.436161 -1.217865
1120000 4.442172 1.499988 -1.194328
1130000 4.945948 1.364086 -1.442311
1140000 5.002318 1.416846 -1.236855
1150000 5.046926 1.346090 -1.212083
1160000 4.113313 1.344023 -1.188539
1170000 3.576174 1.321276 -1.171007
1180000 4.971171 1.462984 -1.218333
1190000 4.947714 1.539119 -1.345569
1200000 3.485391 1.373934 -1.190844
1210000 2.516657 1.335800 -1.141209
1220000 1.999782 1.320644 -1.273347
1230000 2.748614 1.533922 -1.286545
1240000 2.843132 1.422963 -1.054393
1250000 2.213016 1.484740 -1.361283
1260000 3.017635 1.319456 -1.232684
1270000 3.165977 1.374573 -1.220061
1280000 2.903667 1.334427 -1.081787
1290000 4.222193 1.378359 -1.160056
1300000 4.638425 1.453604 -1.146144
1310000 3.541473 1.450757 -1.273836
1320000 2.763724 1.328994 -1.289916
1330000 2.342387 1.401646 -1.276711
1340000 1.942112 1.398185 -1.254937
1350000 1.718093 1.511701 -1.213976
1360000 1.667494 1.368278 -1.181216
1370000 0.974506 1.526847 -1.222046
1380000 1.286137 1.419014 -1.213260
1390000 1.131923 1.485039 -1.339908
1400000 1.003022 1.362494 -1.258046
1410000 0.994311 1.492359 -1.309513
1420000 0.561713 1.604142 -1.306404
1430000 0.730325 1.475473 -1.280851
1440000 1.137537 1.270584 -1.122748
1450000 1.527347 1.410362 -1.271926
1460000 1.549768 1.374902 -1.186622
1470000 1.874371 1.269481 -1.215447
1480000 2.110677 1.273650 -1.225041
1490000 1.796096 1.323659 -1.275743
1500000 1.959383 1.483273 -1.204154
1510000 1.395360 1.448366 -1.341317
1520000 1.229987 1.458708 -1.256240
1530000 1.684721 1.394189 -1.207254
1540000 1.468013 1.515929 -1.150795
1550000 2.169622 1.200378 -1.136756
1560000 2.343434 1.480281 -1.311168
1570000 3.048942 1.347230 -1.287558
1580000 2.950232 1.417161 -1.215889
1590000 2.981213 1.472715 -1.222014
1600000 2.654907 1.474147 -1.291468
1610000 2.603661 1.401137 -1.251594
1620000 2.044221 1.327339 -1.150172
1630000 2.553716 1.485562 -1.384520
1640000 3.459303 1.337563 -1.326411
1650000 4.377197 1.474937 -1.301974
1660000 4.776056 1.353488 -1.255736
1670000 4.640166 1.357374 -1.066282
1680000 4.161908 1.472506 -1.196304
1690000 4.706123 1.359661 -1.257422
1700000 3.476173 1.293897 -1.278874
1710000 3.894797 1.317106 -1.203851
1720000 3.099483 1.296622 -1.147710
1730000 3.771278 1.451893 -1.302563
1740000 3.810221 1.395806 -1.132824
1750000 3.350485 1.346290 -1.292471
1760000 3.336834 1.401895 -1.194420
1770000 3.422965 1.418129 -1.137863
1780000 2.482023 1.319208 -1.049106
1790000 1.913394 1.305993 -1.290612
1800000 2.725330 1.392839 -1.249385
1810000 2.266715 1.305353 -1.310047
1820000 2.309075 1.452963 -1.089459
1830000 2.693585 1.423044 -1.324619
1840000 3.309207 1.290024 -1.257301
1850000 4.320650 1.439115 -1.221724
1860000 4.827933 1.380137 -1.188223
1870000 4.796087 1.484246 -1.123493
1880000 4.763968 1.330076 -1.238632
1890000 4.305262 1.361984 -1.270809
1900000 4.264710 1.412923 -1.160587
1910000 3.783313 1.302100 -1.307169
1920000 4.066210 1.415294 -1.155474
1930000 4.388042 1.548945 -1.299170
1940000 3.271641 1.365211 -1.258962
1950000 2.829120 1.392836 -1.301580
1960000 3.658037 1.186296 -1.145219
1970000 4.381322 1.429949 -1.162118
1980000 4.844781 1.401662 -1.227664
1990000 4.169190 1.398176 -1.199705
2000000 4.686157 1.196261 -1.165173
2010000 4.952909 1.256619 -1.306294
2020000 4.875080 1.345469 -1.220916
2030000 4.116425 1.557103 -1.225606
2040000 4.029724 1.422710 -1.231578
2050000 4.855726 1.541140 -1.098472
2060000 4.856851 1.420931 -1.264739
2070000 4.721907 1.334415 -1.218287
2080000 3.426477 1.415431 -1.239105
2090000 3.216752 1.404775 -1.173626
2100000 3.063340 1.349280 -1.274314
2110000 3.261687 1.514581 -1.124283
2120000 2.969706 1.428493 -1.230588
2130000 3.425108 1.344674 -1.082847
2140000 4.482050 1.389714 -1.297074
2150000 3.316796 1.380610 -1.200149
2160000 2.722251 1.417185 -1.074634
2170000 2.504455 1.473309 -1.375584
2180000 2.523884 1.357819 -1.256513
2190000 2.453995 1.427297 -1.260836
2200000 2.303846 1.395639 -1.165392
2210000 1.867820 1.400080 -1.167084
2220000 2.050842 1.428733 -1.231040
2230000 1.726645 1.363390 -1.246133
2240000 0.927145 1.392779 -1.240620
2250000 0.641484 1.295734 -1.292737
2260000 0.896881 1.279012 -1.231622
2270000 0.891034 1.371806 -1.183518
2280000 0.891029 1.396337 -1.180821
2290000 1.195691 1.416117 -1.165887
2300000 0.962530 1.378839 -1.309297
2310000 0.773915 1.327400 -1.220182
2320000 0.682397 1.404454 -1.270196
2330000 0.633617 1.523630 -1.271558
2340000 0.922381 1.473659 -1.165717
2350000 1.276282 1.416182 -1.112602
2360000 1.277943 1.276452 -1.167056
2370000 1.345287 1.404122 -1.244570
2380000 1.647838 1.442383 -1.317014
2390000 1.545455 1.486108 -1.289111
2400000 1.325571 1.401547 -1.315710
2410000 1.779552 1.392168 -1.282936
2420000 2.127689 1.537297 -1.250216
2430000 2.198687 1.291195 -1.211092
2440000 2.411197 1.387231 -1.161789
2450000 3.151052 1.454520 -1.280287
2460000 3.288188 1.388464 -1.204927
2470000 2.706617 1.420945 -1.183147
2480000 2.951980 1.520163 -1.196600
2490000 3.311088 1.429094 -1.126236
2500000 4.174986 1.411496 -1.257634
2510000 3.844924 1.345983 -1.143825
2520000 4.043596 1.332313 -1.286789
2530000 4.003166 1.395962 -1.199373
2540000 4.545084 1.383016 -1.123046
2550000 3.925003 1.374636 -1.121200
2560000 3.961996 1.362555 -1.226310
2570000 4.187221 1.449319 -1.296511
2580000 4.508371 1.389391 -1.187613
2590000 4.566215 1.392120 -1.345363
2600000 3.696728 1.332902 -1.237980
2610000 4.655404 1.405647 -1.200885
2620000 4.860506 1.368982 -1.293070
2630000 4.136374 1.433427 -1.322196
2640000 4.460073 1.416275 -1.234440
2650000 2.815435 1.499193 -1.113548
2660000 2.919025 1.524936 -1.216835
2670000 2.420502 1.374858 -1.223359
2680000 1.909295 1.399006 -1.316553
2690000 1.736785 1.365252 -1.187501
2700000 2.136120 1.287405 -1.217647
2710000 1.478509 1.345246 -1.245629
2720000 1.603563 1.346747 -1.225048
2730000 0.994750 1.380011 -1.096140
2740000 0.836190 1.472216 -1.319819
2750000 1.101661 1.427542 -1.120354
2760000 0.500660 1.600321 -1.343749
2770000 0.591540 1.442086 -1.286758
2780000 1.017234 1.323182 -1.233726
2790000 1.000094 1.410650 -1.311294
2800000 1.064592 1.458563 -1.194548
2810000 0.728599 1.411155 -1.194214
2820000 0.567018 1.482989 -1.373886
2830000 0.501968 1.474896 -1.305760
2840000 0.710599 1.299044 -1.299801
2850000 1.147546 1.485616 -1.084308
2860000 1.173266 1.321984 -1.249466
2870000 1.253386 1.286842 -1.126705
2880000 1.308474 1.265422 -1.137691
2890000 1.497646 1.318229 -1.171225
2900000 1.655692 1.344918 -1.162362
2910000 1.470771 1.479559 -1.272820
2920000 1.736490 1.363909 -1.268699
2930000 1.957803 1.383397 -1.170883
2940000 2.153710 1.346156 -1.171206
2950000 2.451414 1.429082 -1.221367
2960000 2.693228 1.446023 -1.184669
2970000 2.456739 1.477974 -1.114001
2980000 3.085758 1.384228 -1.191078
2990000 3.681677 1.354210 -1.214943
3000000 3.542177 1.477451 -1.324779
3010000 3.452791 1.433765 -1.187448
3020000 3.062094 1.524991 -1.242041
3030000 3.110244 1.381585 -1.192322
3040000 2.447840 1.322264 -1.243734
3050000 2.902516 1.543542 -1.194844
3060000 4.597033 1.435481 -1.222506
3070000 4.055556 1.352748 -1.230432
3080000 3.881467 1.433631 -1.269550
3090000 3.084027 1.446788 -1.237870
3100000 2.560649 1.462860 -1.270678
3110000 2.298898 1.478381 -1.227700
3120000 2.018412 1.332233 -1.399364
3130000 2.097503 1.372195 -1.232383
3140000 2.547875 1.237451 -1.136739
3150000 3.234289 1.417525 -1.084211
3160000 4.212438 1.244913 -1.167761
3170000 3.795345 1.423108 -1.262586
3180000 3.405961 1.436853 -1.267236
3190000 4.145241 1.266275 -1.243899
3200000 4.423030 1.310845 -1.242884
3210000 4.737062 1.425643 -1.278363
3220000 4.824278 1.368295 -1.238883
3230000 3.843703 1.459806 -1.172518
3240000 4.581783 1.424880 -1.195416
3250000 3.544078 1.404778 -1.139302
3260000 3.103997 1.408182 -1.325756
3270000 2.873949 1.416584 -1.303009
3280000 2.822671 1.450157 -1.217102
3290000 2.531210 1.484705 -1.146296
3300000 2.434447 1.255052 -1.139243
3310000 2.004050 1.422879 -1.223548
3320000 1.794405 1.298280 -1.274885
3330000 2.172135 1.328547 -1.140684
3340000 2.254298 1.378968 -1.230346
3350000 1.814890 1.452584 -1.155230
3360000 1.909679 1.489277 -1.220532
3370000 1.458320 1.478279 -1.240788
3380000 1.773616 1.530150 -1.281050
3390000 1.568566 1.440343 -1.216629
3400000 1.927108 1.526644 -1.189422
3410000 1.853612 1.464858 -1.207110
3420000 2.579466 1.398694 -1.233158
3430000 2.720452 1.453098 -1.316067
3440000 3.378816 1.464930 -1.254202
3450000 4.034140 1.544787 -1.252303
3460000 4.373215 1.595125 -1.201116
3470000 4.642321 1.523128 -1.243382
3480000 4.341538 1.283298 -1.265152
3490000 5.002266 1.574376 -1.239877
3500000 4.464504 1.469198 -1.346349
3510000 4.696326 1.354672 -1.200026
3520000 4.909289 1.449801 -1.154770
3530000 3.868976 1.522026 -1.354238
3540000 2.985618 1.520197 -1.303053
3550000 3.133865 1.383162 -1.231449
3560000 3.302961 1.468977 -1.240420
3570000 4.271350 1.385470 -1.195093
3580000 4.499030 1.292967 -1.268448
3590000 4.604512 1.323004 -1.218738
3600000 4.663990 1.431497 -1.332665
3610000 4.951463 1.379229 -1.232940
3620000 4.071315 1.510311 -1.246736
3630000 3.839413 1.385523 -1.446037
3640000 4.231380 1.597025 -1.346799
3650000 4.157817 1.466171 -1.215288
3660000 3.481284 1.380861 -1.271745
3670000 3.504681 1.354743 -1.280153
3680000 3.775751 1.380491 -1.215850
3690000 4.424170 1.465095 -1.184544
3700000 4.093537 1.443963 -1.132378
3710000 3.838347 1.198135 -1.318571
3720000 4.498635 1.401496 -1.215600
3730000 3.734836 1.264888 -1.273832
3740000 3.871482 1.491965 -1.121361
3750000 4.367104 1.347032 -1.170163
3760000 3.118732 1.433851 -1.282162
3770000 2.011959 1.427592 -1.196443
3780000 2.146463 1.460331 -1.171157
3790000 2.132507 1.280502 -1.201099
3800000 2.836726 1.377482 -1.270992
3810000 4.046836 1.397742 -1.257622
3820000 4.309023 1.224937 -1.198086
3830000 4.816464 1.438072 -1.147665
3840000 3.592047 1.370493 -1.133260
3850000 3.408475 1.456839 -1.320279
3860000 3.825693 1.483196 -1.253647
3870000 3.725389 1.457466 -1.239838
3880000 3.983812 1.446725 -1.198412
3890000 3.972294 1.493691 -1.205998
3900000 3.975200 1.337946 -1.218546
3910000 3.251409 1.453678 -1.264035
3920000 4.269457 1.348218 -1.098338
3930000 4.458840 1.415306 -1.208915
3940000 2.899565 1.290921 -1.187044
3950000 3.034548 1.304962 -1.297346
3960000 2.756737 1.344572 -1.164479
3970000 2.434895 1.388803 -1.346596
3980000 2.689769 1.410939 -1.254939
3990000 3.065246 1.378957 -1.146604
4000000 2.984724 1.410181 -1.296284
