100000 1.509319 1.295487 -1.706577
110000 3.257649 1.418472 -1.819819
120000 4.153866 1.317525 -1.794429
130000 4.009783 1.336755 -1.857489
140000 4.734177 1.444530 -1.709370
150000 4.696898 1.459460 -1.817038
160000 4.935510 1.443956 -1.804259
170000 4.933630 1.421836 -1.753911
180000 3.813148 1.496415 -1.809351
190000 3.714479 1.523054 -1.768276
200000 3.031136 1.321801 -1.696626
210000 2.386148 1.336836 -1.677876
220000 2.140188 1.437901 -1.620682
230000 2.733964 1.449492 -1.693311
240000 3.348438 1.389739 -1.759193
250000 3.676589 1.399507 -1.702058
260000 4.560769 1.438240 -1.857769
270000 4.619014 1.403856 -1.622948
280000 3.863289 1.356351 -1.755439
290000 2.930872 1.424143 -1.680608
300000 4.336847 1.412885 -1.740856
310000 5.068950 1.391028 -1.788007
320000 4.486745 1.434456 -1.670603
330000 4.223086 1.392417 -1.717550
340000 4.007345 1.403791 -1.673374
350000 2.707934 1.274400 -1.782116
360000 2.365633 1.467598 -1.694833
370000 2.297861 1.317224 -1.706254
380000 2.051954 1.430287 -1.546189
390000 2.297000 1.382427 -1.696863
400000 1.654425 1.397282 -1.756718
410000 1.881360 1.386089 -1.817643
420000 1.520771 1.335643 -1.850455
430000 2.455921 1.363810 -1.803833
440000 3.247136 1.488602 -1.780256
450000 3.291082 1.344618 -1.826597
460000 2.901160 1.374392 -1.776207
470000 2.703194 1.433786 -1.726843
480000 2.377766 1.313586 -1.773121
490000 3.708626 1.282574 -1.770949
500000 3.454986 1.328373 -1.776564
510000 4.174548 1.282213 -1.705622
520000 4.316435 1.224528 -1.678602
530000 2.762138 1.455779 -1.840733
540000 1.524023 1.345596 -1.583211
550000 0.950019 1.502753 -1.712201
560000 0.918459 1.330223 -1.948999
570000 1.254287 1.338728 -1.827634
580000 1.457902 1.351012 -1.723684
590000 2.016724 1.363322 -1.725556
600000 2.697984 1.422581 -1.711501
610000 3.605895 1.340594 -1.887647
620000 4.531086 1.375462 -1.600299
630000 4.246676 1.330861 -1.807146
640000 4.590637 1.335940 -1.822963
650000 3.090815 1.317577 -1.761628
660000 3.027959 1.438642 -1.667817
670000 2.282734 1.273946 -1.758104
680000 2.935975 1.410429 -1.582687
690000 3.754967 1.442288 -1.821980
700000 3.032907 1.293844 -1.732398
710000 1.790191 1.457742 -1.708143
720000 1.497788 1.471641 -1.869456
730000 1.011308 1.361803 -1.745522
740000 0.954999 1.411553 -1.748966
750000 0.635529 1.280876 -1.843777
760000 0.578271 1.424909 -1.727314
770000 0.643257 1.351092 -1.728437
780000 0.864014 1.393047 -1.736768
790000 0.509311 1.471646 -1.677079
800000 0.831721 1.394774 -1.666655
810000 1.056300 1.389517 -1.798704
820000 1.325881 1.453832 -1.725598
830000 1.987507 1.343013 -1.740116
840000 3.064330 1.450050 -1.744009
850000 4.699479 1.452517 -1.597544
860000 3.941716 1.466761 -1.727581
870000 3.467648 1.404531 -1.718433
880000 3.762744 1.344273 -1.721757
890000 4.434292 1.389917 -1.671392
900000 4.749445 1.377466 -1.671811
910000 4.739607 1.282912 -1.703501
920000 4.665215 1.466325 -1.770307
930000 3.917293 1.442145 -1.747340
940000 3.826944 1.351731 -1.823477
950000 4.400083 1.399489 -1.732580
960000 4.098833 1.316087 -1.711877
970000 3.725535 1.474170 -1.669842
980000 2.631575 1.323732 -1.754181
990000 2.807487 1.457311 -1.673862
1000000 2.354438 1.400000 -1.877662
1010000 2.068098 1.478060 -1.787933
1020000 2.410787 1.447705 -1.734733
1030000 1.826440 1.410107 -1.892847
1040000 2.747047 1.371461 -1.734868
1050000 2.766992 1.462136 -1.816077
1060000 2.471349 1.449069 -1.791415
1070000 2.603384 1.446087 -1.733395
1080000 2.998004 1.310545 -1.677201
1090000 4.039965 1.359383 -1.776718
1100000 4.474015 1.367672 -1.732233
1110000 3.886353 1.493225 -1.812653
1120000 4.433942 1.326833 -1.923564
1130000 4.944012 1.357620 -1.749793
1140000 4.341225 1.213288 -1.719695
1150000 3.823016 1.331312 -1.765868
1160000 3.884167 1.255282 -1.606221
1170000 4.659510 1.324308 -1.768778
1180000 4.526679 1.474811 -1.812451
1190000 3.942463 1.414803 -1.725839
1200000 4.118112 1.491553 -1.657735
1210000 4.308681 1.399692 -1.616878
1220000 3.239538 1.449576 -1.722236
1230000 3.506555 1.376743 -1.746025
1240000 2.224101 1.278674 -1.748256
1250000 1.944654 1.440844 -1.783684
1260000 1.540143 1.453062 -1.674810
1270000 1.837828 1.417267 -1.640025
1280000 2.023962 1.445717 -1.704742
1290000 2.333527 1.443357 -1.873926
1300000 1.970754 1.483328 -1.685182
1310000 2.139206 1.394296 -1.662297
1320000 2.636712 1.305368 -1.575885
1330000 2.745618 1.421919 -1.835887
1340000 3.580245 1.242250 -1.806412
1350000 3.858173 1.384101 -1.704516
1360000 2.886309 1.392626 -1.685979
1370000 3.252628 1.375835 -1.669791
1380000 3.170136 1.382806 -1.656641
1390000 2.360507 1.439875 -1.708431
1400000 2.231299 1.416876 -1.723460
1410000 1.472246 1.577325 -1.708037
1420000 1.537829 1.552264 -1.680963
1430000 1.216088 1.479689 -1.827608
1440000 1.243791 1.414974 -1.727133
1450000 1.064927 1.397200 -1.737055
1460000 1.093013 1.461774 -1.828687
1470000 1.265692 1.320982 -1.823264
1480000 1.509487 1.451793 -1.789965
1490000 1.307845 1.349809 -1.769608
1500000 0.939749 1.415185 -1.761523
1510000 0.868143 1.341616 -1.865789
1520000 0.869242 1.474204 -1.809892
1530000 0.761732 1.482572 -1.859056
1540000 0.940773 1.342836 -1.694623
1550000 0.789756 1.415154 -1.831674
1560000 1.007936 1.476010 -1.765965
1570000 0.805014 1.450205 -1.755338
1580000 1.236608 1.505509 -1.840855
1590000 1.627934 1.417847 -1.734478
1600000 1.444996 1.390039 -1.777001
1610000 1.312682 1.415541 -1.771473
1620000 1.760289 1.306305 -1.769925
1630000 1.897260 1.303072 -1.791126
1640000 2.108225 1.362100 -1.717533
1650000 2.059319 1.483508 -1.563197
1660000 2.438646 1.422474 -1.872527
1670000 2.270258 1.404692 -1.847718
1680000 3.345839 1.357943 -1.687334
1690000 2.476158 1.358129 -1.758562
1700000 2.008853 1.345652 -1.749289
1710000 1.870858 1.357411 -1.751343
1720000 2.043426 1.475051 -1.755581
1730000 1.781257 1.357126 -1.914910
1740000 1.786912 1.432099 -1.781358
1750000 2.246089 1.336575 -1.747138
1760000 2.213072 1.337350 -1.720496
1770000 1.695410 1.370800 -1.705465
1780000 2.091545 1.347349 -1.674148
1790000 1.599243 1.430259 -1.709595
1800000 1.730349 1.447315 -1.847735
1810000 1.569086 1.450815 -1.889482
1820000 1.935125 1.462321 -1.784987
1830000 3.031110 1.535290 -1.727444
1840000 3.317473 1.464709 -1.708410
1850000 4.196803 1.405588 -1.712415
1860000 4.625868 1.492950 -1.699845
1870000 4.990368 1.406298 -1.770540
1880000 4.825712 1.346003 -1.729066
1890000 5.046311 1.394392 -1.668521
1900000 4.654603 1.403151 -1.931415
1910000 3.858874 1.432468 -1.790064
1920000 4.567057 1.392800 -1.888874
1930000 4.433057 1.331440 -1.778793
1940000 4.061063 1.444321 -1.720623
1950000 3.776220 1.397211 -1.773808
1960000 3.160079 1.534431 -1.644667
1970000 3.049827 1.356746 -1.607899
1980000 4.213820 1.442814 -1.703614
1990000 4.007972 1.337075 -1.678276
2000000 4.891653 1.358268 -1.677454
2010000 4.367996 1.497313 -1.779184
2020000 4.503729 1.383317 -1.635571
2030000 3.619061 1.286525 -1.787255
2040000 3.099979 1.424311 -1.744309
2050000 2.726752 1.376718 -1.733592
2060000 3.124428 1.418264 -1.671076
2070000 3.230155 1.367042 -1.709359
2080000 3.872492 1.396086 -1.759260
2090000 4.451570 1.466911 -1.759705
2100000 4.756207 1.434116 -1.782525
2110000 4.148397 1.406341 -1.765492
2120000 4.695415 1.515084 -1.714997
2130000 4.812462 1.287082 -1.715244
2140000 3.274473 1.391450 -1.684950
2150000 3.546739 1.372266 -1.818036
2160000 2.730164 1.269613 -1.677366
2170000 3.358091 1.377979 -1.670397
2180000 3.889020 1.463674 -1.623983
2190000 4.533862 1.311235 -1.695649
2200000 4.723914 1.266069 -1.748575
2210000 4.701380 1.395340 -1.717293
2220000 4.546166 1.456879 -1.703589
2230000 4.164639 1.423689 -1.794148
2240000 4.692282 1.381315 -1.681546
2250000 4.337195 1.325594 -1.779528
2260000 4.587236 1.457684 -1.792747
2270000 4.172922 1.365270 -1.818224
2280000 3.360359 1.288363 -1.676522
2290000 2.693148 1.359030 -1.690316
2300000 2.504223 1.527121 -1.715692
2310000 2.850861 1.299814 -1.779026
2320000 3.217627 1.428126 -1.712063
2330000 2.336085 1.510947 -1.770511
2340000 2.992239 1.480047 -1.741845
2350000 3.854918 1.406150 -1.733576
2360000 3.842059 1.387900 -1.654790
2370000 3.681863 1.402419 -1.697851
2380000 3.970331 1.270977 -1.763365
2390000 3.887456 1.442958 -1.730560
2400000 4.016678 1.295349 -1.806151
2410000 3.101250 1.444022 -1.661928
2420000 2.796301 1.542685 -1.695643
2430000 2.261225 1.334290 -1.610780
2440000 2.368831 1.306545 -1.657737
2450000 2.174731 1.275744 -1.758559
2460000 2.058272 1.459321 -1.774103
2470000 2.399887 1.377346 -1.872527
2480000 2.482017 1.252812 -1.629898
2490000 3.223015 1.351414 -1.755236
2500000 3.359772 1.224626 -1.808681
2510000 3.163833 1.324399 -1.761855
2520000 3.618826 1.241834 -1.700553
2530000 4.434956 1.403621 -1.834501
2540000 4.423613 1.335176 -1.675664
2550000 4.584912 1.474704 -1.795636
2560000 3.819432 1.349451 -1.644247
2570000 4.414023 1.471399 -1.704748
2580000 4.703770 1.335158 -1.800329
2590000 4.399957 1.311427 -1.828492
2600000 5.002103 1.475678 -1.908419
2610000 3.487745 1.377481 -1.796711
2620000 4.504985 1.510989 -1.723063
2630000 3.680308 1.345112 -1.824247
2640000 3.766539 1.450858 -1.752435
2650000 2.900275 1.382687 -1.602424
2660000 2.529581 1.352390 -1.736353
2670000 2.711990 1.423577 -1.834816
2680000 2.545457 1.541246 -1.744909
2690000 2.479135 1.339757 -1.665166
2700000 2.082330 1.465996 -1.665381
2710000 2.077069 1.449913 -1.669925
2720000 1.881419 1.402915 -1.850259
2730000 2.000228 1.493239 -1.765269
2740000 2.126361 1.352919 -1.732251
2750000 2.753482 1.398493 -1.689300
2760000 2.552364 1.402508 -1.752235
2770000 2.741422 1.297233 -1.684607
2780000 2.651786 1.390058 -1.810740
2790000 3.220752 1.478144 -1.906346
2800000 3.479497 1.541923 -1.899113
2810000 3.970106 1.516423 -1.745358
2820000 4.016382 1.419996 -1.691542
2830000 3.012011 1.386416 -1.881427
2840000 3.328681 1.453559 -1.791274
2850000 2.815563 1.459811 -1.669899
2860000 2.308126 1.353171 -1.728637
2870000 2.243413 1.363318 -1.729435
2880000 2.437906 1.395082 -1.728368
2890000 2.756564 1.377653 -1.605100
2900000 4.127094 1.395259 -1.663404
2910000 4.260805 1.429861 -1.751286
2920000 4.204573 1.470581 -1.863540
2930000 4.410560 1.373075 -1.820357
2940000 4.604138 1.426689 -1.661378
2950000 4.024812 1.580059 -1.725100
2960000 4.714318 1.511225 -1.899455
2970000 4.561893 1.407535 -1.797133
2980000 4.437791 1.359219 -1.771805
2990000 3.640956 1.426664 -1.738678
3000000 3.435187 1.348858 -1.947193
3010000 3.233284 1.484397 -1.740054
3020000 3.064794 1.381121 -1.696216
3030000 3.986197 1.497061 -1.740712
3040000 3.895262 1.467109 -1.772809
3050000 3.900491 1.247293 -1.780940
3060000 3.563020 1.451646 -1.679024
3070000 3.414395 1.511217 -1.814501
3080000 3.427907 1.513788 -1.734248
3090000 3.454350 1.209306 -1.800148
3100000 3.060213 1.393327 -1.628826
3110000 2.406317 1.430609 -1.796015
3120000 2.160956 1.469941 -1.692234
3130000 2.634017 1.457766 -1.784996
3140000 2.291448 1.291748 -1.860721
3150000 1.751031 1.312385 -1.798851
3160000 1.526374 1.320291 -1.673257
3170000 1.390755 1.411889 -1.600457
3180000 1.293495 1.466483 -1.856452
3190000 1.214433 1.533791 -1.688645
3200000 1.373241 1.389386 -1.832928
3210000 1.021179 1.483448 -1.725688
3220000 1.170297 1.472130 -1.808831
3230000 1.010400 1.403633 -1.888086
3240000 0.615382 1.613359 -1.768693
3250000 0.648838 1.393497 -1.700074
3260000 0.593725 1.402097 -1.796850
3270000 0.605339 1.537428 -1.887589
3280000 0.790593 1.490018 -1.790870
3290000 0.826741 1.493656 -1.848473
3300000 0.594018 1.376501 -1.915868
3310000 0.920407 1.424336 -1.732836
3320000 0.958632 1.329227 -1.656175
3330000 1.009116 1.419370 -1.695812
3340000 0.608896 1.246608 -1.797486
3350000 0.506056 1.516330 -1.740369
3360000 0.890163 1.390313 -1.806278
3370000 1.159807 1.500137 -1.861783
3380000 0.965020 1.531118 -1.851273
3390000 1.207118 1.592203 -1.789889
3400000 0.887839 1.482942 -1.726255
3410000 1.229303 1.319255 -1.617833
3420000 1.585611 1.300391 -1.649437
3430000 1.667632 1.283568 -1.781250
3440000 1.398504 1.443009 -1.693201
3450000 1.635493 1.391856 -1.659439
3460000 1.472951 1.382255 -1.805209
3470000 1.771217 1.317462 -1.790528
3480000 1.400461 1.453937 -1.607376
3490000 1.273630 1.495477 -1.660615
3500000 1.385376 1.453108 -1.747973
3510000 1.239069 1.446305 -1.763487
3520000 1.233117 1.311674 -1.646243
3530000 1.009460 1.352173 -1.954822
3540000 1.125013 1.369696 -1.749387
3550000 0.991435 1.488548 -1.794976
3560000 0.796691 1.439650 -1.750203
3570000 0.983194 1.347597 -1.719748
3580000 1.339363 1.483226 -1.760891
3590000 1.207380 1.464587 -1.718552
3600000 1.765340 1.376755 -1.711613
3610000 1.857328 1.357149 -1.795616
3620000 2.097465 1.294007 -1.842076
3630000 1.834341 1.521938 -1.700569
3640000 2.298914 1.371123 -1.770851
3650000 2.236597 1.498951 -1.615452
3660000 1.920468 1.468804 -1.688098
3670000 1.651751 1.399675 -1.674455
3680000 1.645034 1.349096 -1.672270
3690000 1.789449 1.362279 -1.547318
3700000 1.909127 1.517063 -1.712234
3710000 2.094153 1.370310 -1.636670
3720000 2.911842 1.415365 -1.808479
3730000 2.676200 1.390847 -1.716414
3740000 3.091816 1.483040 -1.910108
3750000 3.314579 1.482335 -1.858147
3760000 4.437105 1.251255 -1.714324
3770000 4.924887 1.434188 -1.796660
3780000 4.930706 1.408532 -1.893795
3790000 4.869395 1.317911 -1.729499
3800000 4.703838 1.383370 -1.578463
3810000 4.195506 1.401145 -1.748056
3820000 4.889255 1.268396 -1.718550
3830000 4.621220 1.336916 -1.732959
3840000 4.878948 1.301334 -1.781838
3850000 4.943992 1.410244 -1.688843
3860000 4.943179 1.402961 -1.753981
3870000 4.362896 1.342141 -1.745308
3880000 4.927264 1.316778 -1.649020
3890000 4.391727 1.379979 -1.680817
3900000 4.246541 1.385632 -1.797546
3910000 4.967265 1.374987 -1.722488
3920000 4.978410 1.430758 -1.885422
3930000 4.470223 1.452772 -1.703836
3940000 4.026058 1.381698 -1.690730
3950000 3.809852 1.412047 -1.840378
3960000 3.850397 1.463015 -1.733161
3970000 4.452973 1.405895 -1.741677
3980000 4.166074 1.497542 -1.662257
3990000 3.866591 1.341741 -1.742177
4000000 3.956421 1.350991 -1.686556
