100000 3.432303 1.433049 -2.027882
110000 3.396301 1.317863 -2.112162
120000 4.472962 1.441218 -2.035396
130000 4.766734 1.439971 -2.075802
140000 3.121467 1.427875 -2.034720
150000 3.809769 1.409751 -2.058202
160000 3.403406 1.387260 -2.022175
170000 1.938261 1.382100 -2.076186
180000 2.541793 1.352975 -1.946784
190000 2.617821 1.372368 -2.047948
200000 1.787839 1.494534 -2.036737
210000 1.647261 1.480382 -2.162529
220000 0.922185 1.329802 -2.049001
230000 1.267959 1.638339 -2.091470
240000 1.221234 1.373318 -2.147859
250000 1.425719 1.369857 -1.995585
260000 2.360071 1.321200 -2.107421
270000 2.907660 1.464171 -2.055520
280000 3.632694 1.393613 -2.135430
290000 4.946375 1.436628 -2.150910
300000 4.506627 1.406456 -2.219091
310000 4.640451 1.299887 -2.134058
320000 4.999572 1.327349 -1.946167
330000 3.850971 1.278106 -2.125198
340000 3.772543 1.344732 -2.136646
350000 4.061222 1.456680 -2.112743
360000 3.453116 1.355294 -2.079167
370000 2.697848 1.398044 -2.167399
380000 3.241835 1.283194 -2.144694
390000 4.386386 1.506500 -2.041500
400000 4.132489 1.408745 -2.104089
410000 4.113965 1.429750 -2.017768
420000 3.128011 1.348411 -2.269713
430000 2.380878 1.354862 -2.009534
440000 2.444591 1.366189 -2.012368
450000 1.815091 1.390816 -2.054701
460000 2.666362 1.446577 -2.011188
470000 2.398762 1.557801 -2.190191
480000 2.941794 1.376841 -2.118533
490000 2.407765 1.474317 -2.030854
500000 3.232615 1.428483 -2.123699
510000 3.843557 1.278762 -2.176354
520000 4.807171 1.412610 -2.009766
530000 4.027253 1.257778 -2.070429
540000 3.473447 1.416359 -2.007616
550000 3.485895 1.462630 -2.127618
560000 3.768734 1.465190 -2.096178
570000 4.706954 1.505183 -2.128578
580000 4.310366 1.416568 -2.191117
590000 3.593858 1.418598 -2.238972
600000 3.802107 1.306576 -2.066853
610000 3.146751 1.518851 -1.980128
620000 2.246332 1.405397 -2.079166
630000 2.808641 1.487188 -2.112822
640000 3.062631 1.251021 -2.107195
650000 4.145572 1.423701 -2.006003
660000 4.829609 1.326096 -2.100272
670000 3.749181 1.365573 -2.121204
680000 4.657410 1.368256 -2.160128
690000 4.037408 1.340241 -2.174055
700000 4.829990 1.426127 -2.127447
710000 5.047576 1.353760 -2.160622
720000 3.484834 1.450111 -2.097452
730000 3.098078 1.444550 -2.180124
740000 3.259110 1.511796 -2.124207
750000 2.343660 1.337510 -2.149155
760000 1.529737 1.449152 -2.142558
770000 1.595086 1.396827 -2.020854
780000 1.004194 1.356496 -2.116358
790000 1.284083 1.307045 -2.158999
800000 1.154197 1.267203 -2.164133
810000 0.710167 1.299291 -2.092951
820000 0.868902 1.378132 -2.137566
830000 0.893216 1.494889 -2.069098
840000 1.209995 1.322775 -2.019218
850000 1.392283 1.390749 -2.037430
860000 1.430992 1.314926 -2.134123
870000 1.975388 1.349673 -2.038362
880000 1.809205 1.409752 -2.077454
890000 1.574326 1.303954 -2.141506
900000 1.380244 1.411574 -2.087384
910000 1.584762 1.397991 -2.040059
920000 1.746650 1.356303 -2.098675
930000 2.148117 1.235748 -2.073644
940000 2.496243 1.197962 -2.032473
950000 1.797557 1.335691 -2.105804
960000 2.586645 1.535817 -2.177411
970000 2.665228 1.325666 -2.149539
980000 2.364698 1.428928 -2.100814
990000 2.754190 1.356449 -2.084031
1000000 2.082429 1.546692 -2.118741
1010000 2.318410 1.333421 -1.983747
1020000 2.570552 1.470432 -2.064800
1030000 3.274979 1.330096 -2.160564
1040000 3.615747 1.340765 -2.041621
1050000 2.948743 1.350204 -2.053308
1060000 4.085107 1.462092 -2.134885
1070000 4.554068 1.274379 -1.918040
1080000 5.024231 1.500200 -2.107193
1090000 4.803369 1.394570 -2.073053
1100000 4.847399 1.443326 -2.231523
1110000 4.538128 1.489702 -2.020391
1120000 3.561340 1.253934 -2.150854
1130000 3.237040 1.480012 -2.092968
1140000 3.284737 1.272862 -2.047320
1150000 3.718460 1.385169 -2.029721
1160000 3.360381 1.378826 -2.036952
1170000 3.764914 1.279810 -1.991617
1180000 4.279516 1.336253 -2.165346
1190000 4.075143 1.329001 -2.035190
1200000 3.133640 1.324425 -2.063113
1210000 3.224785 1.390385 -2.109170
1220000 4.177197 1.561911 -2.034772
1230000 3.816312 1.334979 -2.007316
1240000 3.695495 1.346592 -2.093850
1250000 4.372461 1.395198 -2.134667
1260000 5.020038 1.444120 -2.014966
1270000 4.191492 1.418457 -2.143054
1280000 4.221915 1.362372 -2.194982
1290000 4.349906 1.338092 -2.111685
1300000 3.099376 1.384868 -2.105007
1310000 2.516742 1.414192 -2.109626
1320000 3.057991 1.400296 -2.150910
1330000 3.367989 1.532035 -2.148915
1340000 4.573441 1.397912 -2.089441
1350000 4.788259 1.373723 -2.091654
1360000 3.836852 1.418492 -2.116139
1370000 4.553429 1.312060 -2.040915
1380000 4.818211 1.298166 -2.096019
1390000 4.419552 1.374524 -2.072392
1400000 3.086716 1.449865 -1.869894
1410000 2.892464 1.394357 -2.139982
1420000 2.586519 1.398367 -2.032457
1430000 1.910086 1.377426 -2.084734
1440000 1.745745 1.379325 -2.149330
1450000 1.330821 1.407867 -2.196833
1460000 1.594189 1.420510 -2.182231
1470000 2.081199 1.485446 -2.157273
1480000 0.982804 1.489895 -2.232944
1490000 1.039473 1.445827 -2.120042
1500000 1.207012 1.417095 -1.981709
1510000 0.992510 1.459208 -2.097530
1520000 0.572234 1.590624 -2.186086
1530000 0.873677 1.507028 -2.151550
1540000 0.767046 1.513517 -2.306092
1550000 0.981086 1.291487 -2.046619
1560000 1.390296 1.413908 -2.042351
1570000 1.394492 1.326927 -2.057269
1580000 1.123019 1.459998 -2.085892
1590000 1.575961 1.387878 -2.102972
1600000 1.566984 1.424712 -2.059589
1610000 1.572445 1.367160 -2.147083
1620000 1.318570 1.492915 -2.186386
1630000 1.391881 1.365142 -2.168706
1640000 0.705008 1.434200 -2.253680
1650000 0.566469 1.562391 -2.062474
1660000 0.509387 1.573577 -2.149233
1670000 0.808628 1.524206 -2.130532
1680000 1.000857 1.464194 -2.130808
1690000 1.165340 1.308472 -2.190810
1700000 1.098816 1.415707 -2.018238
1710000 0.915041 1.484034 -2.101740
1720000 0.873102 1.401742 -2.124238
1730000 1.358972 1.321640 -2.069289
1740000 1.790725 1.500004 -2.138942
1750000 2.079814 1.399136 -2.032712
1760000 1.862617 1.404024 -2.065703
1770000 1.815293 1.455960 -2.201473
1780000 2.272717 1.413346 -2.107261
1790000 2.322477 1.426950 -2.044791
1800000 2.205778 1.463045 -2.132947
1810000 2.469593 1.223099 -2.215910
1820000 2.833904 1.555852 -2.173295
1830000 2.481107 1.297981 -2.139091
1840000 3.279471 1.396475 -2.059698
1850000 3.341304 1.365569 -2.044912
1860000 3.425050 1.414460 -2.155158
1870000 3.750899 1.424009 -2.254687
1880000 3.064420 1.508240 -2.165646
1890000 2.812557 1.442219 -2.059663
1900000 3.066025 1.389383 -2.118148
1910000 4.658168 1.501516 -2.097351
1920000 3.797245 1.375495 -2.011310
1930000 4.091091 1.368385 -2.228086
1940000 3.561902 1.415365 -2.175627
1950000 3.472709 1.500218 -2.161914
1960000 4.447797 1.531229 -2.137005
1970000 4.510774 1.398106 -2.063431
1980000 4.823020 1.386003 -1.910068
1990000 4.916295 1.351241 -2.113065
2000000 4.804696 1.473995 -2.017939
2010000 3.984687 1.509438 -1.904620
2020000 2.932114 1.381287 -2.163128
2030000 2.430219 1.391944 -2.049789
2040000 2.378815 1.392960 -2.171441
2050000 1.602724 1.534017 -2.060360
2060000 2.074174 1.376395 -2.041538
2070000 1.583223 1.309339 -2.079332
2080000 2.243606 1.457810 -2.130558
2090000 3.116454 1.362228 -2.155015
2100000 2.859231 1.420267 -2.143309
2110000 2.826720 1.510940 -1.969323
2120000 2.907996 1.355890 -2.193471
2130000 4.136436 1.324507 -2.104753
2140000 3.853199 1.221703 -2.264169
2150000 5.016820 1.356678 -2.085360
2160000 4.972362 1.261284 -2.134451
2170000 4.861013 1.467468 -2.072974
2180000 3.925920 1.434240 -2.185685
2190000 4.178133 1.398410 -2.030679
2200000 3.866470 1.369926 -2.099956
2210000 3.537767 1.419089 -2.157650
2220000 3.097836 1.589182 -2.187757
2230000 3.623138 1.391773 -2.035902
2240000 2.672685 1.463539 -2.132051
2250000 2.492758 1.399641 -2.210811
2260000 2.389191 1.339061 -2.156375
2270000 1.893977 1.398724 -2.146755
2280000 1.728542 1.329057 -2.266698
2290000 1.600660 1.359463 -2.115992
2300000 1.675843 1.383849 -2.017224
2310000 2.024370 1.349919 -2.034243
2320000 1.763744 1.458858 -2.155587
2330000 2.447683 1.358242 -1.935220
2340000 2.291394 1.455840 -2.160975
2350000 2.588402 1.319130 -2.157195
2360000 3.054724 1.525442 -2.178807
2370000 2.324718 1.381430 -1.975509
2380000 2.369438 1.489062 -2.125471
2390000 2.828878 1.410963 -2.074673
2400000 3.696544 1.396410 -2.142281
2410000 3.846295 1.434151 -2.191815
2420000 4.853694 1.422721 -2.252604
2430000 4.773969 1.349220 -1.952985
2440000 4.422419 1.394168 -2.190601
2450000 3.438078 1.427329 -2.105556
2460000 3.421612 1.420529 -1.972716
2470000 3.259222 1.374303 -2.134837
2480000 3.720141 1.455846 -2.011141
2490000 4.429659 1.384664 -2.053050
2500000 4.888036 1.333840 -2.107168
2510000 5.040433 1.303894 -2.151691
2520000 4.168455 1.462352 -2.099759
2530000 3.058694 1.309483 -2.097137
2540000 2.550568 1.411240 -2.185694
2550000 3.802440 1.375732 -2.026804
2560000 4.157126 1.312760 -2.101285
2570000 4.823376 1.418087 -2.027403
2580000 4.978866 1.324403 -2.060282
2590000 3.959507 1.332186 -2.013571
2600000 3.693405 1.565600 -2.190929
2610000 2.629967 1.455091 -2.143024
2620000 2.189918 1.240695 -2.111979
2630000 1.852105 1.393711 -2.150340
2640000 2.059714 1.443587 -2.084452
2650000 1.661056 1.291762 -2.117900
2660000 1.435840 1.377663 -2.163542
2670000 1.767958 1.379739 -2.157990
2680000 2.123695 1.309898 -2.084895
2690000 2.858911 1.353883 -2.139306
2700000 3.639430 1.339630 -2.148570
2710000 2.817130 1.420140 -2.139292
2720000 3.025055 1.377582 -2.084167
2730000 2.441830 1.332889 -1.985957
2740000 2.291761 1.211066 -2.031910
2750000 2.026316 1.456115 -2.036775
2760000 1.471042 1.394057 -2.155234
2770000 1.431998 1.363879 -2.028852
2780000 0.909964 1.513937 -2.106718
2790000 1.071130 1.455837 -2.092478
2800000 1.199311 1.449634 -2.125768
2810000 0.850627 1.527764 -2.189622
2820000 0.852814 1.574442 -2.063953
2830000 0.595344 1.599656 -2.182654
2840000 0.490732 1.503894 -2.071293
2850000 0.787122 1.356572 -2.325318
2860000 0.908539 1.466017 -2.124540
2870000 0.979204 1.491559 -2.127109
2880000 1.174664 1.401600 -2.110895
2890000 1.374535 1.353039 -2.019288
2900000 1.344837 1.353623 -1.960574
2910000 1.390459 1.444229 -2.063408
2920000 1.449557 1.248797 -1.997639
2930000 1.156183 1.450380 -2.052878
2940000 1.403934 1.341960 -2.102207
2950000 1.298548 1.395726 -2.260884
2960000 1.369467 1.419741 -2.047066
2970000 1.154473 1.314221 -2.182817
2980000 1.562040 1.355182 -2.128992
2990000 1.218254 1.423931 -2.092021
3000000 0.919169 1.399315 -2.153452
3010000 1.140522 1.359264 -2.075898
3020000 0.844071 1.395281 -2.171535
3030000 0.794774 1.414306 -2.228199
3040000 0.749871 1.391178 -2.013558
3050000 0.791819 1.427791 -2.218780
3060000 0.619866 1.471331 -2.049646
3070000 0.619566 1.484643 -2.074487
3080000 1.034961 1.293894 -2.038884
3090000 1.167504 1.381737 -2.181360
3100000 1.183158 1.331945 -2.047401
3110000 1.048641 1.424045 -2.118848
3120000 0.691543 1.411458 -2.151647
3130000 0.602654 1.367189 -2.181418
3140000 0.662246 1.419978 -2.071993
3150000 0.503783 1.548035 -2.158789
3160000 0.802691 1.421138 -1.987566
3170000 0.839726 1.378249 -2.076164
3180000 1.043677 1.252354 -2.042917
3190000 1.004238 1.379176 -2.132529
3200000 1.095713 1.467569 -2.115256
3210000 1.602031 1.413924 -2.179256
3220000 2.260522 1.329747 -1.992338
3230000 3.563707 1.515805 -2.085845
3240000 4.606647 1.446163 -2.015707
3250000 4.318515 1.406790 -2.052791
3260000 4.614508 1.318780 -2.136019
3270000 3.800418 1.357727 -2.104372
3280000 3.820852 1.437080 -2.022751
3290000 4.202685 1.441719 -1.979758
3300000 4.080317 1.461502 -2.126747
3310000 3.514589 1.280517 -2.072247
3320000 3.056878 1.449406 -2.110009
3330000 2.891388 1.502024 -2.171138
3340000 3.725017 1.394749 -2.111511
3350000 4.272936 1.445323 -2.159887
3360000 4.647505 1.371292 -2.162937
3370000 4.983207 1.339053 -2.114481
3380000 3.977917 1.442913 -2.120100
3390000 3.320350 1.468294 -2.124280
3400000 3.283085 1.380710 -2.150884
3410000 2.733069 1.336336 -1.924087
3420000 2.168332 1.411186 -2.137475
3430000 2.698907 1.371566 -2.264689
3440000 2.666591 1.337101 -1.991928
3450000 3.477203 1.367491 -2.106186
3460000 3.465533 1.360627 -2.006608
3470000 2.865042 1.460661 -2.182418
3480000 3.296362 1.385291 -2.147630
3490000 2.970433 1.476792 -2.013153
3500000 3.731562 1.411125 -2.100826
3510000 4.256584 1.336384 -2.085362
3520000 4.476357 1.369673 -2.095928
3530000 4.370413 1.369922 -2.111368
3540000 4.737600 1.323385 -2.124376
3550000 4.651324 1.391708 -2.029132
3560000 3.701967 1.416386 -2.109766
3570000 4.007429 1.398014 -2.168118
3580000 3.713725 1.423014 -2.175539
3590000 4.273786 1.433900 -2.088727
3600000 4.744107 1.333300 -2.069034
3610000 4.472130 1.469872 -1.987724
3620000 3.451469 1.576802 -1.925086
3630000 2.643118 1.473111 -2.125623
3640000 2.116876 1.285881 -2.070846
3650000 2.505325 1.454337 -2.264377
3660000 1.935563 1.454980 -2.090858
3670000 1.646569 1.416510 -2.132231
3680000 1.918968 1.452597 -2.113581
3690000 1.870124 1.384058 -2.125879
3700000 1.605564 1.374666 -2.226530
3710000 1.549721 1.367778 -2.198269
3720000 2.147666 1.322301 -2.034690
3730000 2.915350 1.386670 -2.134042
3740000 1.935035 1.400272 -2.088928
3750000 2.287433 1.385010 -2.077747
3760000 2.834120 1.467469 -2.156279
3770000 2.615956 1.415906 -2.097933
3780000 3.271708 1.367375 -2.081321
3790000 3.155964 1.279745 -2.132205
3800000 2.516857 1.376229 -2.070085
3810000 2.408730 1.472716 -2.034827
3820000 2.276549 1.404228 -2.098390
3830000 1.520398 1.284033 -2.019993
3840000 1.797270 1.410674 -2.033577
3850000 2.498921 1.382272 -2.099278
3860000 2.590571 1.422783 -2.005928
3870000 2.937352 1.369691 -2.129439
3880000 3.787106 1.468092 -2.183670
3890000 3.511326 1.371786 -2.144606
3900000 4.293777 1.399155 -2.052021
3910000 4.573888 1.335343 -2.047539
3920000 4.556409 1.412330 -2.040809
3930000 3.516000 1.473650 -2.139912
3940000 3.592343 1.412636 -2.125310
3950000 3.960235 1.323545 -2.083917
3960000 4.712309 1.410780 -1.990751
3970000 3.655201 1.409748 -2.241392
3980000 4.165703 1.452469 -2.141634
3990000 4.282757 1.398207 -2.090668
4000000 4.442519 1.428038 -2.104127
