100000 4.258282 1.296356 -2.257499
110000 3.516956 1.235096 -2.220139
120000 2.992870 1.362614 -2.372121
130000 4.285432 1.410920 -2.297154
140000 3.451068 1.552092 -2.328562
150000 1.916236 1.439762 -2.173896
160000 3.191336 1.323615 -2.408223
170000 3.237698 1.410596 -2.401778
180000 2.145176 1.479431 -2.187473
190000 4.174989 1.404508 -2.267132
200000 4.427712 1.377434 -2.405379
210000 4.954007 1.408401 -2.206186
220000 4.054007 1.329727 -2.199923
230000 3.968925 1.474971 -2.329055
240000 4.733059 1.420941 -2.244360
250000 4.639998 1.505527 -2.299358
260000 4.512540 1.504665 -2.293144
270000 4.905278 1.347468 -2.373934
280000 4.396177 1.452261 -2.344042
290000 3.922082 1.436049 -2.276501
300000 3.612409 1.348921 -2.271338
310000 4.157906 1.362729 -2.222993
320000 4.017193 1.365347 -2.198916
330000 2.957885 1.363077 -2.292890
340000 2.776557 1.433628 -2.307997
350000 1.982976 1.375376 -2.345043
360000 1.050926 1.386675 -2.337810
370000 0.852910 1.439025 -2.445536
380000 1.262917 1.557857 -2.280323
390000 1.529969 1.513077 -2.127313
400000 1.181011 1.331222 -2.291416
410000 0.748744 1.515725 -2.351520
420000 1.100425 1.441609 -2.335075
430000 1.130205 1.332987 -2.344194
440000 1.805145 1.365022 -2.376609
450000 3.129160 1.321464 -2.182379
460000 2.784801 1.456746 -2.372664
470000 3.447444 1.367492 -2.321154
480000 4.140838 1.459507 -2.369937
490000 4.604683 1.330836 -2.335025
500000 2.918863 1.297424 -2.249194
510000 3.573219 1.425743 -2.231692
520000 4.634033 1.404384 -2.432141
530000 4.338800 1.347103 -2.324383
540000 3.233312 1.427122 -2.231930
550000 2.779078 1.332710 -2.250186
560000 1.760150 1.383811 -2.133381
570000 2.312644 1.354274 -2.217049
580000 2.168434 1.463976 -2.256132
590000 1.475364 1.298065 -2.366318
600000 1.208336 1.473073 -2.344295
610000 1.124637 1.367799 -2.276829
620000 0.857679 1.502312 -2.319853
630000 0.652660 1.437896 -2.297145
640000 0.739066 1.453766 -2.329624
650000 0.862075 1.392222 -2.319279
660000 1.360699 1.509492 -2.117718
670000 1.588907 1.585217 -2.169183
680000 1.775639 1.335664 -2.351482
690000 1.827517 1.337441 -2.383840
700000 2.692563 1.451294 -2.190608
710000 3.076317 1.451212 -2.444750
720000 2.663055 1.350782 -2.348718
730000 4.173739 1.307995 -2.334256
740000 4.404620 1.537353 -2.306039
750000 3.249459 1.382745 -2.266664
760000 2.378940 1.294070 -2.243760
770000 2.895135 1.263960 -2.257724
780000 2.074418 1.418808 -2.297719
790000 2.351217 1.481095 -2.262058
800000 2.753713 1.339564 -2.315565
810000 3.578515 1.413988 -2.232169
820000 4.417999 1.459842 -2.355469
830000 4.855788 1.418231 -2.357581
840000 3.839780 1.381639 -2.244195
850000 2.957627 1.378951 -2.237022
860000 2.504103 1.295344 -2.258039
870000 3.196631 1.439036 -2.162077
880000 3.198531 1.461304 -2.264890
890000 4.320243 1.377401 -2.336209
900000 4.466559 1.428125 -2.272699
910000 3.951768 1.347517 -2.136890
920000 4.472243 1.628828 -2.341424
930000 4.962343 1.440529 -2.332517
940000 4.679524 1.408547 -2.175180
950000 4.475316 1.395777 -2.220662
960000 3.757865 1.286055 -2.275406
970000 2.893093 1.378709 -2.356518
980000 3.292771 1.419802 -2.336407
990000 2.345337 1.511954 -2.314611
1000000 2.557875 1.220842 -2.235256
1010000 1.881081 1.330400 -2.253147
1020000 1.563994 1.259983 -2.329129
1030000 1.423116 1.393888 -2.355754
1040000 1.341789 1.364710 -2.381009
1050000 1.343680 1.410723 -2.325932
1060000 1.858507 1.452121 -2.245693
1070000 2.725062 1.486044 -2.277557
1080000 2.590072 1.429552 -2.369870
1090000 2.122434 1.427933 -2.213475
1100000 2.099803 1.407093 -2.289905
1110000 2.058944 1.424197 -2.307383
1120000 3.353262 1.379549 -2.087311
1130000 3.912744 1.393318 -2.298849
1140000 3.776739 1.462965 -2.202073
1150000 2.701179 1.272683 -2.353014
1160000 3.065180 1.352049 -2.454636
1170000 3.680259 1.384178 -2.159142
1180000 4.842507 1.411279 -2.135463
1190000 4.054457 1.427308 -2.350195
1200000 3.600095 1.434296 -2.222047
1210000 4.118185 1.384367 -2.310381
1220000 4.720229 1.345349 -2.287562
1230000 3.903624 1.251694 -2.293674
1240000 3.004761 1.343757 -2.280941
1250000 2.679460 1.432470 -2.109223
1260000 2.335301 1.438426 -2.137113
1270000 2.192767 1.368081 -2.216495
1280000 2.437175 1.394696 -2.282377
1290000 1.779533 1.364328 -2.293681
1300000 1.777437 1.255605 -2.301883
1310000 1.810170 1.389576 -2.227556
1320000 3.341092 1.372269 -2.376016
1330000 3.435450 1.326401 -2.321870
1340000 3.085968 1.367491 -2.298559
1350000 3.411812 1.349066 -2.251491
1360000 2.820610 1.327484 -2.181839
1370000 2.928273 1.420582 -2.142100
1380000 2.114174 1.375718 -2.241865
1390000 1.477605 1.401958 -2.217862
1400000 0.876482 1.319151 -2.294036
1410000 0.857175 1.409812 -2.276322
1420000 0.786827 1.298938 -2.208784
1430000 0.918066 1.284502 -2.219485
1440000 1.023040 1.315312 -2.192952
1450000 0.948392 1.380568 -2.215897
1460000 0.589703 1.455295 -2.205720
1470000 0.604115 1.359465 -2.207072
1480000 0.870710 1.422134 -2.210408
1490000 1.212904 1.282263 -2.107137
1500000 1.312009 1.409002 -2.234243
1510000 1.374736 1.479122 -2.286341
1520000 1.061218 1.454577 -2.297835
1530000 1.198756 1.292549 -2.254755
1540000 0.953253 1.443109 -2.305467
1550000 1.385430 1.362369 -2.189231
1560000 1.009675 1.459911 -2.256235
1570000 1.538725 1.392129 -2.233565
1580000 1.777645 1.409759 -2.421818
1590000 1.494284 1.342999 -2.343357
1600000 1.824691 1.367722 -2.246639
1610000 1.788993 1.333371 -2.241536
1620000 2.186653 1.346569 -2.369956
1630000 2.036799 1.479793 -2.210188
1640000 2.554333 1.191615 -2.274115
1650000 3.164331 1.362634 -2.275678
1660000 3.839850 1.380066 -2.312123
1670000 4.300207 1.359940 -2.206116
1680000 4.316437 1.331196 -2.252719
1690000 4.243582 1.317802 -2.243216
1700000 4.010714 1.361391 -2.357288
1710000 3.776032 1.408107 -2.365487
1720000 3.316982 1.373464 -2.447732
1730000 3.112919 1.565436 -2.291797
1740000 4.334316 1.395296 -2.212072
1750000 4.993111 1.392823 -2.235943
1760000 4.741372 1.307849 -2.287668
1770000 4.747643 1.364362 -2.166564
1780000 3.669418 1.524256 -2.323810
1790000 3.255965 1.454260 -2.391983
1800000 2.873452 1.297470 -2.293019
1810000 3.017777 1.366584 -2.233631
1820000 3.158608 1.410428 -2.222972
1830000 4.699559 1.376759 -2.131870
1840000 3.789169 1.366735 -2.225585
1850000 2.880716 1.392518 -2.258553
1860000 1.948269 1.241052 -2.153681
1870000 1.926665 1.373994 -2.308222
1880000 1.320800 1.434015 -2.354810
1890000 1.434117 1.366031 -2.143664
1900000 1.798015 1.403726 -2.204010
1910000 1.573926 1.319838 -2.305599
1920000 1.405067 1.361075 -2.113114
1930000 1.172169 1.384537 -2.259572
1940000 0.937725 1.557430 -2.251326
1950000 1.206763 1.423861 -2.179294
1960000 1.336263 1.296159 -2.350340
1970000 1.222556 1.429987 -2.337332
1980000 1.384182 1.470095 -2.259310
1990000 1.410363 1.495536 -2.189735
2000000 2.272024 1.370590 -2.259289
2010000 2.228371 1.478126 -2.334225
2020000 2.337926 1.524208 -2.181532
2030000 2.515534 1.250105 -2.244445
2040000 1.881447 1.313414 -2.261545
2050000 2.560988 1.470328 -2.325894
2060000 3.468087 1.472361 -2.274316
2070000 4.116109 1.402509 -2.295080
2080000 3.323210 1.479577 -2.231504
2090000 3.874560 1.428431 -2.353596
2100000 4.216941 1.295765 -2.195251
2110000 4.217898 1.527481 -2.253411
2120000 4.645522 1.342077 -2.269142
2130000 4.143487 1.454648 -2.190478
2140000 4.505205 1.392996 -2.288050
2150000 5.001807 1.375166 -2.257562
2160000 3.840540 1.380074 -2.289131
2170000 3.498624 1.340461 -2.288539
2180000 3.859030 1.463052 -2.168249
2190000 3.738442 1.534747 -2.244722
2200000 3.927492 1.323359 -2.340009
2210000 3.215744 1.412943 -2.310938
2220000 2.921979 1.421610 -2.419497
2230000 3.298563 1.427755 -2.222143
2240000 2.947575 1.277243 -2.334545
2250000 2.629647 1.361211 -2.357325
2260000 2.487470 1.267885 -2.315542
2270000 2.095383 1.221532 -2.284748
2280000 2.688631 1.577784 -2.327926
2290000 3.243069 1.412856 -2.249055
2300000 3.416062 1.420237 -2.313058
2310000 4.388735 1.396330 -2.264020
2320000 4.265387 1.464236 -2.290621
2330000 3.905433 1.420464 -2.189349
2340000 3.481641 1.334516 -2.445303
2350000 3.987168 1.325099 -2.260570
2360000 4.491537 1.349901 -2.169178
2370000 4.681442 1.422766 -2.306070
2380000 4.871274 1.454367 -2.082187
2390000 4.149277 1.335820 -2.249262
2400000 4.759386 1.391777 -2.167858
2410000 4.495800 1.382256 -2.288266
2420000 4.708939 1.384684 -2.281649
2430000 3.876115 1.357191 -2.268348
2440000 3.051440 1.507970 -2.430382
2450000 3.375431 1.403672 -2.310549
2460000 3.857335 1.346293 -2.321673
2470000 3.102177 1.364348 -2.323058
2480000 2.509123 1.455647 -2.256177
2490000 1.952837 1.518457 -2.210132
2500000 1.690459 1.384493 -2.210153
2510000 1.876551 1.377114 -2.215934
2520000 2.358793 1.394268 -2.252525
2530000 2.657197 1.357002 -2.218555
2540000 3.802763 1.166135 -2.339478
2550000 2.996640 1.330541 -2.251457
2560000 2.442480 1.422735 -2.244798
2570000 1.989331 1.321490 -2.197553
2580000 1.694942 1.407735 -2.137693
2590000 1.673089 1.322472 -2.368210
2600000 2.303565 1.517855 -2.248015
2610000 2.990579 1.464142 -2.283905
2620000 2.817306 1.433873 -2.203380
2630000 3.629209 1.332904 -2.336128
2640000 4.036390 1.355933 -2.417947
2650000 4.172202 1.520585 -2.242679
2660000 3.878394 1.403762 -2.235440
2670000 3.927267 1.497797 -2.325786
2680000 4.405695 1.387839 -2.257270
2690000 4.265097 1.412363 -2.163827
2700000 4.562430 1.416064 -2.281602
2710000 3.194367 1.507315 -2.265285
2720000 3.956306 1.450250 -2.359626
2730000 2.317182 1.351141 -2.241602
2740000 2.056066 1.455623 -2.249543
2750000 1.642343 1.516558 -2.322919
2760000 2.083180 1.428174 -2.226091
2770000 1.376817 1.231611 -2.264820
2780000 1.305838 1.302234 -2.284729
2790000 1.475819 1.396199 -2.294563
2800000 1.685087 1.392583 -2.258067
2810000 1.957339 1.424802 -2.275759
2820000 1.990429 1.414626 -2.286208
2830000 1.994319 1.396743 -2.268605
2840000 2.576358 1.358045 -2.277840
2850000 2.408595 1.440724 -2.254670
2860000 3.231804 1.428372 -2.357017
2870000 4.412306 1.355301 -2.247727
2880000 4.813260 1.461227 -2.189172
2890000 4.380560 1.436304 -2.236290
2900000 4.975396 1.347122 -2.349392
2910000 4.451348 1.452567 -2.179074
2920000 4.354790 1.506392 -2.254416
2930000 4.147336 1.456588 -2.292908
2940000 3.011515 1.416055 -2.296451
2950000 2.558236 1.436102 -2.194143
2960000 1.997553 1.418584 -2.187180
2970000 2.135265 1.408918 -2.113634
2980000 2.584259 1.503139 -2.203967
2990000 3.136717 1.415836 -2.256777
3000000 3.327457 1.403414 -2.344326
3010000 3.432989 1.398460 -2.238939
3020000 2.821088 1.391783 -2.314960
3030000 3.091726 1.302222 -2.259917
3040000 4.092576 1.497876 -2.332551
3050000 4.179597 1.461018 -2.230988
3060000 3.755706 1.312543 -2.188192
3070000 3.784535 1.262344 -2.279458
3080000 3.595815 1.337438 -2.212020
3090000 3.440805 1.438576 -2.239248
3100000 4.400453 1.393085 -2.100020
3110000 4.405789 1.367070 -2.266543
3120000 4.411028 1.442930 -2.333605
3130000 4.324123 1.278365 -2.256322
3140000 4.316102 1.348891 -2.458329
3150000 4.965158 1.438419 -2.287616
3160000 3.696085 1.478223 -2.291892
3170000 3.811019 1.414878 -2.336448
3180000 2.755579 1.383456 -2.241873
3190000 2.739708 1.336453 -2.248080
3200000 1.430023 1.500824 -2.352619
3210000 1.381675 1.356859 -2.097929
3220000 1.703251 1.431114 -2.314249
3230000 1.567592 1.442751 -2.237385
3240000 1.105838 1.453109 -2.321179
3250000 0.737069 1.441018 -2.329066
3260000 0.852581 1.479639 -2.313746
3270000 0.903413 1.404647 -2.256898
3280000 0.671725 1.486114 -2.418371
3290000 0.692967 1.433863 -2.255883
3300000 0.767049 1.278777 -2.362257
3310000 0.608990 1.461847 -2.294478
3320000 0.615220 1.429148 -2.399363
3330000 0.868233 1.312220 -2.243304
3340000 0.874277 1.348898 -2.320154
3350000 0.717296 1.377106 -2.342703
3360000 1.012955 1.434578 -2.361072
3370000 0.989554 1.414337 -2.308821
3380000 1.206545 1.424120 -2.205289
3390000 1.325449 1.483400 -2.237592
3400000 1.028351 1.277292 -2.285023
3410000 1.073979 1.415383 -2.232592
3420000 1.053744 1.384122 -2.299928
3430000 1.284018 1.293512 -2.298306
3440000 1.468927 1.389976 -2.365879
3450000 1.450424 1.360243 -2.403195
3460000 1.618413 1.329407 -2.289433
3470000 1.205449 1.420823 -2.411150
3480000 1.270332 1.462375 -2.211803
3490000 1.507211 1.361022 -2.223109
3500000 1.202830 1.298515 -2.265552
3510000 1.307715 1.357925 -2.160774
3520000 1.215633 1.468320 -2.232044
3530000 1.272504 1.355697 -2.270897
3540000 1.685783 1.462528 -2.264084
3550000 1.500122 1.429809 -2.179167
3560000 1.949223 1.394935 -2.332141
3570000 2.581386 1.499954 -2.313285
3580000 2.006257 1.372280 -2.312258
3590000 2.713287 1.394363 -2.322554
3600000 3.842743 1.375028 -2.303505
3610000 4.187726 1.329666 -2.273490
3620000 3.063255 1.249850 -2.237746
3630000 2.565809 1.367482 -2.273267
3640000 3.083193 1.301991 -2.255330
3650000 3.252525 1.424813 -2.282964
3660000 1.953403 1.405886 -2.087179
3670000 2.415924 1.418178 -2.349809
3680000 2.787430 1.307612 -2.350417
3690000 2.609017 1.272756 -2.216191
3700000 3.267645 1.483453 -2.303467
3710000 4.653063 1.270868 -2.160430
3720000 4.946376 1.212152 -2.187192
3730000 4.055387 1.450884 -2.171095
3740000 4.061014 1.449713 -2.268619
3750000 4.770809 1.441031 -2.238927
3760000 4.874426 1.398438 -2.199700
3770000 4.983890 1.363512 -2.247622
3780000 4.870410 1.367170 -2.243617
3790000 4.841856 1.396981 -2.231721
3800000 3.843757 1.314626 -2.410342
3810000 3.828540 1.331405 -2.267442
3820000 3.803573 1.342807 -2.232870
3830000 3.563604 1.357485 -2.260919
3840000 4.542679 1.363320 -2.314192
3850000 4.613179 1.339920 -2.271862
3860000 4.404576 1.421623 -2.210038
3870000 4.322528 1.475839 -2.344667
3880000 4.956453 1.408852 -2.215798
3890000 4.892307 1.403809 -2.349405
3900000 5.022376 1.456944 -2.163627
3910000 4.682900 1.335707 -2.172791
3920000 3.923040 1.418558 -2.399940
3930000 3.916467 1.410769 -2.294657
3940000 3.811901 1.353761 -2.106654
3950000 3.078487 1.455448 -2.284733
3960000 3.267729 1.406250 -2.191517
3970000 3.233856 1.325317 -2.132205
3980000 2.572850 1.369025 -2.322006
3990000 2.161468 1.352762 -2.343629
4000000 1.712199 1.448687 -2.269966
