100000 4.396618 1.447568 -2.831687
110000 3.329634 1.477729 -2.821878
120000 2.885455 1.403704 -2.711523
130000 3.236454 1.314282 -2.910222
140000 3.602215 1.389702 -2.785252
150000 4.581581 1.360567 -2.790202
160000 4.179770 1.335982 -2.733803
170000 4.632789 1.511885 -2.710085
180000 4.915807 1.295933 -2.788210
190000 4.976642 1.355326 -2.868904
200000 3.909931 1.473908 -2.760274
210000 2.438077 1.445248 -2.765194
220000 1.202421 1.285856 -2.686853
230000 0.927747 1.363545 -2.793712
240000 1.188811 1.378530 -2.728213
250000 1.325334 1.334417 -2.811817
260000 1.288224 1.430057 -2.844585
270000 1.964924 1.263319 -2.874694
280000 1.766905 1.390360 -2.758205
290000 1.660703 1.389673 -2.749535
300000 1.266878 1.369694 -2.816310
310000 1.030317 1.462653 -2.895266
320000 1.181524 1.347795 -2.768605
330000 0.804601 1.361405 -2.877597
340000 1.353929 1.403075 -2.871394
350000 1.549558 1.327336 -2.971035
360000 2.151184 1.345864 -2.926334
370000 2.803405 1.372843 -2.973508
380000 2.386076 1.333302 -2.770156
390000 3.403824 1.333639 -2.827164
400000 3.306743 1.422673 -2.704525
410000 3.715321 1.440559 -2.821039
420000 4.280694 1.266907 -2.793796
430000 3.763749 1.377530 -2.793544
440000 4.610796 1.317379 -2.844380
450000 3.794441 1.408130 -2.771352
460000 4.563518 1.547283 -2.745578
470000 4.954690 1.321252 -2.832937
480000 4.484921 1.142466 -2.778041
490000 4.979503 1.450291 -2.882755
500000 3.682582 1.357108 -2.780911
510000 2.932728 1.267785 -2.774629
520000 2.490763 1.425440 -2.824564
530000 2.657890 1.420667 -2.819931
540000 2.891522 1.505578 -2.779033
550000 2.159583 1.397715 -2.788861
560000 1.918024 1.508718 -2.813845
570000 1.894546 1.407528 -2.835243
580000 1.525012 1.442158 -2.718828
590000 1.038675 1.441157 -2.730680
600000 0.767180 1.418413 -2.862415
610000 0.902874 1.413001 -2.854302
620000 0.806005 1.424223 -2.831737
630000 1.245843 1.397534 -2.842396
640000 0.897430 1.385927 -2.655395
650000 0.990392 1.382712 -2.865997
660000 1.277464 1.414249 -2.667123
670000 1.539741 1.415248 -2.881916
680000 1.945695 1.481299 -2.802969
690000 2.216824 1.447043 -2.757487
700000 3.398463 1.286745 -2.856524
710000 2.871866 1.479658 -2.656740
720000 3.671087 1.430020 -2.791424
730000 4.146057 1.364689 -2.762070
740000 4.169345 1.256176 -2.762501
750000 2.965155 1.454813 -2.792452
760000 2.909426 1.257633 -2.818088
770000 3.510598 1.365681 -2.641292
780000 2.295216 1.494460 -2.689856
790000 2.617752 1.322648 -2.724182
800000 4.151146 1.261052 -2.807581
810000 4.549736 1.346275 -2.697250
820000 4.525810 1.291256 -2.683404
830000 4.146962 1.319829 -2.872935
840000 3.853381 1.360073 -2.822896
850000 3.424372 1.432612 -2.882795
860000 2.067629 1.404946 -2.790093
870000 2.117001 1.478171 -2.737161
880000 2.557631 1.425088 -2.748551
890000 3.395521 1.347851 -2.904283
900000 2.717686 1.484775 -2.800414
910000 2.425213 1.448303 -2.786906
920000 3.723036 1.382462 -2.740567
930000 4.865098 1.411795 -2.756532
940000 4.348979 1.327551 -2.877031
950000 3.572986 1.341010 -2.827295
960000 3.018433 1.430917 -2.661089
970000 3.741249 1.449403 -2.795400
980000 3.037653 1.460506 -2.759014
990000 2.562030 1.388936 -2.828021
1000000 2.165205 1.427869 -2.796853
1010000 2.030021 1.431631 -2.934622
1020000 2.266943 1.499001 -2.784890
1030000 1.732941 1.309324 -2.921147
1040000 1.186204 1.312622 -2.976040
1050000 1.476661 1.396798 -2.691105
1060000 1.530963 1.290890 -2.853824
1070000 1.080529 1.394006 -2.954153
1080000 1.493820 1.359946 -2.900338
1090000 1.498065 1.365151 -2.878602
1100000 1.886515 1.297989 -2.782069
1110000 2.164971 1.276499 -2.817082
1120000 1.534117 1.339745 -2.735385
1130000 2.047001 1.349649 -2.785173
1140000 2.452735 1.324476 -2.785978
1150000 3.050999 1.290582 -2.791335
1160000 4.041462 1.392242 -2.745696
1170000 4.251811 1.427817 -2.810347
1180000 3.799552 1.329186 -2.805205
1190000 3.976734 1.447180 -2.850598
1200000 4.369106 1.461478 -2.823751
1210000 4.989322 1.417406 -2.995989
1220000 4.815218 1.311530 -2.891518
1230000 4.469057 1.449221 -2.727014
1240000 3.474849 1.460528 -2.828396
1250000 5.058045 1.331547 -2.735497
1260000 3.588346 1.364372 -2.746304
1270000 3.409013 1.300703 -2.841874
1280000 3.609021 1.496435 -2.929821
1290000 2.290783 1.568667 -2.782605
1300000 2.954743 1.380687 -2.564091
1310000 3.940954 1.466259 -2.791076
1320000 3.749131 1.407619 -2.756620
1330000 4.661805 1.424112 -2.645141
1340000 4.057744 1.433381 -2.635701
1350000 3.838741 1.336036 -2.757634
1360000 4.160220 1.339223 -2.676471
1370000 4.564433 1.495007 -2.719602
1380000 3.923329 1.378141 -2.895728
1390000 4.968331 1.435101 -2.787776
1400000 3.430313 1.372217 -2.768485
1410000 2.252360 1.385779 -2.863136
1420000 2.584827 1.411552 -2.742504
1430000 2.093804 1.416652 -2.827551
1440000 2.367078 1.261508 -2.746324
1450000 2.633879 1.346822 -2.841807
1460000 2.568262 1.401055 -2.836056
1470000 2.506180 1.489060 -2.828530
1480000 2.287858 1.403323 -2.839858
1490000 2.127374 1.435280 -2.717621
1500000 2.665328 1.479322 -2.737355
1510000 3.226691 1.414248 -2.818512
1520000 2.649165 1.316031 -2.859916
1530000 4.696839 1.452443 -2.683471
1540000 4.806847 1.359885 -2.840547
1550000 4.896111 1.365489 -2.850273
1560000 4.101725 1.399988 -2.690923
1570000 3.500683 1.232891 -2.781521
1580000 3.209121 1.304432 -2.806139
1590000 3.445690 1.525185 -2.708106
1600000 4.008361 1.382035 -2.810437
1610000 4.458615 1.402155 -2.796978
1620000 4.476347 1.393479 -2.799472
1630000 4.945749 1.477849 -2.785402
1640000 4.691761 1.289694 -2.790055
1650000 3.628862 1.384037 -2.583130
1660000 2.814884 1.383462 -2.763059
1670000 2.046913 1.439539 -2.840350
1680000 1.463995 1.407981 -2.878253
1690000 1.145234 1.341373 -2.797278
1700000 1.216968 1.524945 -2.803816
1710000 0.958731 1.419357 -2.770403
1720000 0.505618 1.461657 -2.673521
1730000 0.898549 1.480190 -2.608385
1740000 1.042680 1.496939 -2.829036
1750000 0.780098 1.513946 -2.700400
1760000 0.659105 1.535991 -2.959624
1770000 1.187445 1.331963 -2.825681
1780000 1.440919 1.390051 -2.732873
1790000 1.402500 1.355346 -2.693087
1800000 1.649753 1.398521 -2.819605
1810000 1.800902 1.422318 -2.894150
1820000 1.564287 1.336113 -2.777485
1830000 1.309338 1.457951 -2.780542
1840000 1.971468 1.456787 -2.789744
1850000 1.831314 1.396257 -2.723047
1860000 2.546345 1.420492 -2.752918
1870000 2.812836 1.287943 -2.735698
1880000 3.259324 1.471363 -2.790691
1890000 3.804870 1.476082 -2.795274
1900000 4.220977 1.447903 -2.917706
1910000 4.304894 1.308848 -2.781467
1920000 3.099808 1.344193 -2.803592
1930000 3.853044 1.307816 -2.692536
1940000 4.743514 1.272523 -2.815383
1950000 4.753099 1.394868 -2.762977
1960000 4.820245 1.531017 -2.747120
1970000 4.944573 1.418179 -2.972720
1980000 4.912134 1.333338 -2.732649
1990000 4.027671 1.381388 -2.783457
2000000 3.485017 1.393427 -2.846866
2010000 2.427983 1.375654 -2.777963
2020000 2.135611 1.440165 -2.878780
2030000 2.419619 1.412705 -2.843042
2040000 3.153327 1.437544 -2.858398
2050000 3.524873 1.381442 -2.801733
2060000 4.602034 1.432797 -2.805703
2070000 4.021537 1.483655 -2.712979
2080000 3.858622 1.315089 -2.705779
2090000 3.701043 1.383829 -2.890725
2100000 4.210861 1.234775 -2.853134
2110000 3.243967 1.373194 -2.751814
2120000 2.506316 1.398780 -2.835962
2130000 1.945602 1.412318 -2.885947
2140000 1.483483 1.316012 -2.918138
2150000 1.756617 1.363246 -2.788151
2160000 0.841262 1.401291 -2.712788
2170000 0.991202 1.436983 -2.940428
2180000 1.123472 1.398734 -2.865939
2190000 0.941225 1.396724 -2.746059
2200000 0.645764 1.473626 -2.785734
2210000 0.495972 1.522645 -2.813577
2220000 0.995729 1.396847 -2.798679
2230000 1.340076 1.569305 -2.700970
2240000 1.153919 1.251359 -2.824404
2250000 1.240363 1.462246 -2.773245
2260000 1.394313 1.243838 -2.915326
2270000 1.303158 1.480252 -2.876053
2280000 0.983707 1.350691 -2.787694
2290000 0.877726 1.465974 -2.732487
2300000 0.891169 1.340276 -2.809296
2310000 0.954211 1.369854 -2.751510
2320000 1.064018 1.324252 -2.730116
2330000 0.764762 1.425295 -2.822678
2340000 0.840864 1.445345 -2.878273
2350000 0.694383 1.437017 -2.828090
2360000 0.641590 1.397745 -2.802144
2370000 0.659327 1.523918 -2.866680
2380000 1.653010 1.344496 -2.774910
2390000 1.169868 1.282071 -2.814094
2400000 1.174256 1.344506 -2.821831
2410000 1.555301 1.468270 -2.818658
2420000 1.553948 1.355193 -2.729876
2430000 1.943326 1.468883 -2.874168
2440000 1.928986 1.371888 -2.829265
2450000 1.666240 1.417526 -2.749961
2460000 1.867723 1.333656 -2.724289
2470000 1.550057 1.279699 -2.761210
2480000 1.327650 1.435495 -2.848490
2490000 1.509737 1.295053 -2.866443
2500000 1.431850 1.371912 -2.843126
2510000 1.075479 1.434225 -2.921236
2520000 1.317554 1.332704 -2.836023
2530000 1.013925 1.385982 -2.759503
2540000 0.946592 1.267149 -2.784532
2550000 0.851792 1.396755 -2.789181
2560000 1.136394 1.316689 -2.715801
2570000 0.630761 1.348592 -2.938923
2580000 0.569820 1.475340 -2.682312
2590000 0.621903 1.464294 -2.856660
2600000 0.965611 1.450022 -2.770798
2610000 0.796338 1.352528 -2.794098
2620000 0.685489 1.434319 -2.808475
2630000 0.941358 1.291861 -2.804041
2640000 1.144940 1.345305 -2.726105
2650000 1.191732 1.540387 -2.895304
2660000 1.544741 1.355446 -2.751888
2670000 1.780049 1.434719 -2.708204
2680000 2.387377 1.437882 -2.811837
2690000 2.523315 1.334839 -2.716601
2700000 2.934857 1.486871 -2.764661
2710000 3.214845 1.419151 -2.804177
2720000 3.758818 1.385436 -2.847644
2730000 4.031407 1.499669 -2.915061
2740000 3.765000 1.353977 -2.719588
2750000 4.640939 1.382837 -2.645573
2760000 4.271899 1.288475 -2.759786
2770000 3.972337 1.344079 -2.857221
2780000 4.431304 1.473922 -2.608739
2790000 5.105850 1.399677 -2.854614
2800000 3.549501 1.460236 -2.802917
2810000 2.966296 1.464980 -2.750344
2820000 3.318197 1.331734 -2.707833
2830000 2.886686 1.312390 -2.727082
2840000 2.339481 1.575002 -2.770212
2850000 2.396829 1.425053 -2.788282
2860000 2.351349 1.368387 -2.679603
2870000 2.145602 1.368030 -2.726421
2880000 3.157201 1.444431 -2.889106
2890000 3.068264 1.473364 -2.809448
2900000 3.322875 1.285968 -2.824157
2910000 3.420335 1.497739 -2.774721
2920000 4.095349 1.532286 -2.782682
2930000 4.975732 1.335905 -2.810811
2940000 4.142511 1.467879 -2.849463
2950000 3.580779 1.291091 -2.754253
2960000 4.142248 1.422809 -2.792065
2970000 4.138862 1.319040 -2.798234
2980000 3.659622 1.343611 -2.875442
2990000 3.382994 1.476121 -2.769539
3000000 2.944318 1.363327 -2.850169
3010000 2.833793 1.269463 -2.815944
3020000 3.794427 1.322854 -2.792531
3030000 3.996757 1.356742 -2.685320
3040000 4.221226 1.320580 -2.781207
3050000 5.035218 1.352846 -2.841879
3060000 4.302123 1.337070 -2.787893
3070000 4.060209 1.441292 -2.878644
3080000 3.516959 1.447519 -2.775058
3090000 4.034027 1.413884 -2.797163
3100000 4.363150 1.320479 -2.832233
3110000 4.822870 1.467146 -2.786118
3120000 3.290605 1.444335 -2.866689
3130000 2.558749 1.349568 -2.812445
3140000 2.190993 1.281521 -2.762895
3150000 1.960189 1.502012 -2.836251
3160000 2.482622 1.472308 -2.772199
3170000 2.398974 1.415500 -2.734150
3180000 2.257155 1.318017 -2.779074
3190000 3.092672 1.275695 -2.744644
3200000 3.218093 1.197131 -2.712495
3210000 2.963913 1.410865 -2.807541
3220000 3.219417 1.492752 -2.792112
3230000 3.527476 1.318525 -2.867025
3240000 4.423895 1.554875 -2.720624
3250000 3.533852 1.470631 -2.715779
3260000 2.725913 1.354857 -2.653997
3270000 2.355094 1.382031 -2.785275
3280000 1.889026 1.314129 -2.810682
3290000 2.037912 1.341308 -2.677605
3300000 2.339715 1.201209 -2.739689
3310000 2.650876 1.317565 -2.815973
3320000 2.056140 1.447113 -2.675855
3330000 2.583917 1.292065 -2.802296
3340000 3.192352 1.512806 -2.718759
3350000 3.422683 1.487412 -2.746067
3360000 4.582333 1.350426 -2.847028
3370000 4.623688 1.312053 -2.732091
3380000 5.029493 1.435860 -2.733727
3390000 4.398464 1.371271 -2.709910
3400000 4.758563 1.376570 -2.763510
3410000 4.503273 1.360271 -2.802013
3420000 4.097690 1.358354 -2.821947
3430000 3.812430 1.341581 -2.808515
3440000 4.298344 1.502740 -2.846578
3450000 4.424352 1.332445 -2.916556
3460000 3.558954 1.287778 -2.899250
3470000 3.684858 1.346775 -2.808876
3480000 4.399982 1.421022 -2.686667
3490000 4.711515 1.453656 -2.789087
3500000 3.935237 1.406911 -2.797414
3510000 3.917604 1.279251 -2.902169
3520000 3.233163 1.412176 -2.725338
3530000 3.487374 1.415706 -2.747309
3540000 4.646576 1.400067 -2.726743
3550000 4.739611 1.418964 -2.792002
3560000 4.455707 1.415292 -2.898654
3570000 4.251235 1.376548 -2.795488
3580000 4.920233 1.437916 -2.647070
3590000 4.792883 1.432517 -2.743950
3600000 4.993530 1.369497 -2.844568
3610000 3.506760 1.461968 -2.836404
3620000 3.493961 1.372602 -2.813121
3630000 2.715172 1.352175 -2.867719
3640000 2.644268 1.403545 -2.854778
3650000 1.849405 1.363361 -2.709816
3660000 1.634758 1.384971 -2.758213
3670000 1.489675 1.404353 -2.768211
3680000 1.488305 1.300038 -2.819418
3690000 1.722439 1.446597 -2.921321
3700000 1.370123 1.430261 -2.898885
3710000 1.213695 1.299772 -2.737456
3720000 1.006464 1.529819 -2.767627
3730000 1.032878 1.465228 -2.886983
3740000 0.841106 1.446605 -2.710599
3750000 0.919267 1.257111 -2.781025
3760000 0.880944 1.356409 -2.723740
3770000 0.812472 1.290596 -2.807600
3780000 1.275952 1.493947 -2.772132
3790000 1.248188 1.459842 -2.790748
3800000 1.494024 1.428303 -2.747519
3810000 1.490236 1.428822 -2.863594
3820000 1.769773 1.391218 -2.686498
3830000 1.743231 1.420779 -2.688473
3840000 1.617468 1.436364 -2.915767
3850000 1.634680 1.438807 -2.825887
3860000 1.937535 1.382612 -2.636185
3870000 2.191127 1.369107 -2.645404
3880000 2.404441 1.371554 -2.800301
3890000 2.581323 1.331573 -2.808811
3900000 2.161154 1.290697 -2.806219
3910000 2.098991 1.347311 -2.744979
3920000 2.039609 1.346554 -2.834980
3930000 2.387598 1.373302 -2.828195
3940000 2.243678 1.409736 -2.709754
3950000 3.021994 1.360310 -2.801527
3960000 3.108509 1.402883 -2.706905
3970000 3.251139 1.467602 -2.913836
3980000 2.679480 1.295984 -2.790487
3990000 2.077444 1.394205 -2.899139
4000000 2.267865 1.396955 -2.663112
