100000 1.758645 3.105680 2.571688
110000 2.677143 -3.018880 2.413725
120000 1.855328 3.091776 2.523040
130000 1.746058 3.100266 2.439917
140000 3.099522 3.047049 2.440692
150000 3.940345 3.105021 2.422885
160000 4.826482 3.130074 2.476806
170000 4.858805 -3.098100 2.456412
180000 4.351114 3.121037 2.482360
190000 3.994986 -3.042716 2.330334
200000 3.834054 3.121684 2.505491
210000 4.566111 3.062994 2.467468
220000 4.322412 3.140669 2.465585
230000 3.058030 -3.092005 2.532096
240000 3.875777 -3.081939 2.408352
250000 3.063894 -3.115189 2.544301
260000 3.559747 3.022579 2.370224
270000 4.430867 -3.082526 2.402684
280000 4.666638 -3.082849 2.313914
290000 3.455549 3.074493 2.428552
300000 2.238312 -3.140635 2.437802
310000 2.579101 -3.078145 2.491891
320000 2.499240 3.076905 2.448545
330000 2.714544 3.006799 2.420418
340000 3.758500 -3.059530 2.498104
350000 4.502257 -3.057972 2.457228
360000 3.882182 -3.105260 2.389684
370000 3.113167 3.062329 2.382009
380000 2.659306 -3.081468 2.316714
390000 2.224753 2.982203 2.394831
400000 1.749725 3.108961 2.399387
410000 1.426757 -3.112005 2.345154
420000 0.991087 3.086534 2.300532
430000 1.432210 -3.120266 2.438831
440000 0.991271 3.139470 2.500925
450000 1.086739 3.036285 2.445506
460000 0.943626 2.950070 2.423139
470000 1.195079 2.993501 2.478881
480000 1.715327 3.132741 2.388706
490000 1.154439 -3.134604 2.428648
500000 1.943729 -3.100127 2.405372
510000 2.113366 3.109327 2.472255
520000 2.283975 3.023440 2.382469
530000 2.024365 3.139314 2.270903
540000 2.081954 3.072246 2.414227
550000 2.852177 3.101315 2.350586
560000 4.464501 3.129238 2.540794
570000 3.986213 -3.066936 2.526739
580000 2.896378 3.097376 2.432655
590000 3.461107 -3.095887 2.547436
600000 4.312046 -3.132584 2.400949
610000 4.745135 -3.099680 2.496393
620000 4.054812 -3.119049 2.497449
630000 4.985666 3.026933 2.439179
640000 4.744821 3.053984 2.395342
650000 4.891052 -3.053617 2.423442
660000 4.976911 3.091267 2.399957
670000 4.078104 3.110872 2.471286
680000 4.249519 3.082253 2.445822
690000 4.117017 -3.140800 2.374353
700000 2.507047 -3.113553 2.408443
710000 1.827031 -3.135974 2.368256
720000 1.807824 -3.093767 2.494702
730000 1.408855 3.093879 2.423212
740000 1.352751 3.103069 2.486032
750000 0.614575 3.137789 2.489296
760000 0.862933 3.019809 2.557930
770000 0.846594 -3.066351 2.563504
780000 0.780380 3.098235 2.488087
790000 1.119208 3.099260 2.492150
800000 1.121991 3.020920 2.486937
810000 0.935187 -3.079617 2.512841
820000 1.260283 3.113232 2.466499
830000 1.093992 3.102792 2.472592
840000 1.259824 -3.115071 2.400133
850000 1.734144 -3.066428 2.440710
860000 1.288147 -3.117955 2.383630
870000 1.432296 -3.111498 2.316845
880000 2.098696 -3.001739 2.453781
890000 2.856540 -3.127404 2.345369
900000 3.077788 3.083351 2.242018
910000 3.334744 2.992763 2.392342
920000 3.040299 3.124190 2.424876
930000 3.137140 3.098426 2.443583
940000 3.578052 -3.140497 2.309162
950000 2.595752 -3.111861 2.287858
960000 2.799950 3.072786 2.493213
970000 4.636164 3.111892 2.475350
980000 3.787139 3.136843 2.446298
990000 4.769351 -3.070478 2.523689
1000000 4.106099 -3.134567 2.458764
1010000 4.586262 -3.025544 2.488279
1020000 2.871938 3.108934 2.600976
1030000 2.257424 -3.076002 2.536379
1040000 2.160881 -3.124162 2.494825
1050000 2.604936 2.996155 2.481896
1060000 1.706335 -3.133415 2.447098
1070000 1.609553 3.121800 2.497945
1080000 1.808264 -3.072580 2.446976
1090000 2.794360 3.100318 2.383927
1100000 3.452317 -3.135594 2.392792
1110000 4.031232 3.117585 2.520508
1120000 3.411995 -3.051793 2.463194
1130000 3.185859 -3.028270 2.483156
1140000 2.557751 3.094802 2.365341
1150000 2.207819 3.131226 2.416871
1160000 3.036146 3.126022 2.368329
1170000 3.871418 3.084910 2.452515
1180000 4.405747 -3.120293 2.501893
1190000 5.021572 -2.972322 2.536219
1200000 4.855631 3.044543 2.424492
1210000 4.653211 3.076350 2.355523
1220000 3.403443 3.021866 2.448731
1230000 4.347476 -3.137217 2.351340
1240000 3.726629 3.125122 2.539097
1250000 2.902378 -3.059496 2.506094
1260000 2.378314 3.050605 2.421540
1270000 2.994427 -3.025901 2.601349
1280000 3.456038 3.038609 2.467641
1290000 4.590031 3.098395 2.531596
1300000 4.844644 3.074932 2.433549
1310000 3.718423 -3.123400 2.408705
1320000 2.601037 -3.133783 2.386925
1330000 1.926987 3.115928 2.423040
1340000 2.605445 3.088146 2.492356
1350000 2.058501 -3.108938 2.364144
1360000 1.969481 -3.105932 2.472157
1370000 0.864851 3.098409 2.472905
1380000 1.025800 -3.049487 2.396870
1390000 0.864707 3.098940 2.466865
1400000 1.025064 -3.124434 2.471783
1410000 0.710237 -3.125030 2.386280
1420000 0.565882 -2.984041 2.552981
1430000 0.640546 -2.977809 2.618478
1440000 0.934750 3.100333 2.446730
1450000 1.155012 2.975444 2.508327
1460000 1.248634 -3.117610 2.456480
1470000 1.414260 -3.080885 2.426080
1480000 1.292849 3.108927 2.501381
1490000 1.196448 3.117714 2.362921
1500000 1.057900 -2.957820 2.492198
1510000 0.860928 -3.106874 2.521146
1520000 0.809954 -2.957485 2.428022
1530000 0.503394 2.991620 2.378973
1540000 0.576020 -3.070608 2.390417
1550000 0.603344 3.037648 2.460040
1560000 0.821409 -3.054179 2.365713
1570000 0.790920 -3.001043 2.441092
1580000 0.977548 -3.098926 2.378960
1590000 0.902816 3.140367 2.526710
1600000 0.582349 -3.091054 2.367715
1610000 0.645609 -3.058970 2.401206
1620000 0.614689 -2.997598 2.383941
1630000 1.069444 3.106861 2.562167
1640000 1.257577 -3.095996 2.472126
1650000 0.802075 -3.115089 2.473245
1660000 0.915608 -2.988163 2.384620
1670000 0.708341 -3.133962 2.585182
1680000 0.548673 3.074923 2.329038
1690000 0.505457 -3.003551 2.491924
1700000 0.583835 3.132601 2.409587
1710000 0.724923 -3.121472 2.565561
1720000 1.438801 -3.065710 2.431205
1730000 1.552006 3.059942 2.367127
1740000 1.331970 -2.983231 2.522658
1750000 1.767933 -3.091882 2.494311
1760000 1.284321 3.007262 2.360796
1770000 1.327551 -3.087836 2.568185
1780000 1.612450 -3.138493 2.500693
1790000 2.114353 3.115831 2.396161
1800000 2.846042 3.133852 2.558817
1810000 1.976510 -3.083960 2.500380
1820000 2.660071 3.064514 2.399993
1830000 3.146414 3.131088 2.412175
1840000 2.773513 -3.123266 2.379154
1850000 3.447914 -3.047310 2.360445
1860000 4.202811 3.087166 2.458035
1870000 3.800668 -3.137312 2.433516
1880000 4.304190 -3.024333 2.339912
1890000 4.745013 3.026362 2.468853
1900000 4.745988 3.129899 2.464884
1910000 4.880249 -3.084444 2.468728
1920000 5.007030 3.076401 2.446128
1930000 4.967943 -3.052886 2.271214
1940000 4.725601 -3.087986 2.429249
1950000 3.692029 3.090065 2.373199
1960000 2.912975 3.042573 2.436976
1970000 3.789169 -3.092669 2.354902
1980000 3.882151 3.126277 2.438590
1990000 2.676029 -3.020286 2.518501
2000000 2.249238 2.873207 2.398379
2010000 2.414152 -3.097143 2.390432
2020000 3.475265 -3.124281 2.485888
2030000 4.493221 -3.129802 2.570004
2040000 4.694848 -3.137885 2.442856
2050000 4.403502 3.012634 2.512682
2060000 4.247664 -3.132986 2.370080
2070000 3.221339 -3.117952 2.440289
2080000 3.476238 3.096669 2.416826
2090000 2.895692 3.049414 2.440692
2100000 4.336655 -3.005142 2.452910
2110000 4.352506 -3.112511 2.387786
2120000 4.501819 3.076664 2.431317
2130000 4.248588 -3.129693 2.347359
2140000 4.661574 -3.048628 2.286175
2150000 3.000440 -3.009090 2.419440
2160000 3.277318 -3.091497 2.440291
2170000 2.166161 -3.069077 2.398169
2180000 2.539734 3.134089 2.511217
2190000 3.294863 3.088140 2.381642
2200000 3.599303 -3.081792 2.380763
2210000 3.663723 -3.054239 2.429724
2220000 4.319738 -3.115973 2.555856
2230000 3.022211 -3.117891 2.456729
2240000 4.196279 -3.106277 2.489834
2250000 4.059898 -3.137073 2.449938
2260000 4.123056 -3.019311 2.448340
2270000 3.801604 3.089534 2.484867
2280000 4.231774 -3.137973 2.403858
2290000 4.447186 3.133699 2.552081
2300000 4.594379 -3.097970 2.345444
2310000 4.686074 -3.092413 2.400256
2320000 4.692826 3.100937 2.461915
2330000 4.962882 -3.125855 2.476313
2340000 3.491168 -3.089331 2.420188
2350000 3.116259 -3.060832 2.395712
2360000 2.266956 3.055794 2.388980
2370000 2.986718 3.128313 2.474546
2380000 3.347714 3.115523 2.417781
2390000 3.528543 3.120138 2.518818
2400000 2.022286 3.051078 2.407955
2410000 1.622903 -2.993033 2.445551
2420000 1.740221 3.104010 2.385345
2430000 1.900537 -3.089734 2.469638
2440000 2.289737 3.114714 2.481460
2450000 1.662906 -3.117517 2.385677
2460000 1.379677 -3.108796 2.348084
2470000 1.296193 2.929608 2.520961
2480000 1.583444 3.136760 2.449298
2490000 1.162953 -3.102592 2.586997
2500000 1.265520 3.004701 2.429018
2510000 1.627272 -3.006010 2.566323
2520000 1.092119 3.100184 2.384398
2530000 1.457096 -3.054363 2.493407
2540000 1.885996 -3.132682 2.505630
2550000 1.904844 -3.119718 2.516611
2560000 2.049466 2.951052 2.407631
2570000 1.805201 2.993265 2.396029
2580000 1.693530 -3.125458 2.443082
2590000 1.711469 -3.101259 2.374194
2600000 2.051397 -3.107218 2.411790
2610000 1.004855 -3.110270 2.366218
2620000 1.276994 -3.113157 2.394601
2630000 1.127948 3.119837 2.547222
2640000 1.355472 -3.031913 2.399422
2650000 1.692122 3.027927 2.429864
2660000 1.514984 -3.112354 2.431548
2670000 2.313136 -3.140194 2.397196
2680000 2.257009 3.131516 2.522535
2690000 2.804729 3.107675 2.452898
2700000 2.812505 3.073156 2.569927
2710000 2.805777 3.014136 2.525128
2720000 2.588856 3.124741 2.430476
2730000 2.866414 -3.062058 2.375154
2740000 3.753359 3.030343 2.496088
2750000 4.218663 -3.024037 2.457814
2760000 4.110853 3.114282 2.512495
2770000 4.018155 3.107918 2.278758
2780000 4.570262 3.097804 2.452624
2790000 4.727207 2.991757 2.370467
2800000 4.411936 3.083637 2.433363
2810000 4.600419 3.135506 2.430816
2820000 4.963116 3.083718 2.422120
2830000 4.478293 3.136327 2.545395
2840000 3.829766 -3.085684 2.400817
2850000 3.562536 -3.138525 2.357809
2860000 2.829453 -3.083184 2.435612
2870000 2.711770 -3.041038 2.463724
2880000 2.821910 -3.133082 2.420639
2890000 3.174822 -2.999975 2.451892
2900000 3.313700 -3.119655 2.320505
2910000 4.029662 -3.137620 2.272156
2920000 4.493849 -3.109215 2.345216
2930000 4.559832 3.023856 2.388686
2940000 3.190686 3.090585 2.357966
2950000 2.342784 3.103998 2.390175
2960000 2.512546 3.065221 2.450177
2970000 2.294473 3.043640 2.490320
2980000 2.108171 3.060374 2.403009
2990000 2.306019 -3.027190 2.398025
3000000 3.079470 -3.083033 2.351032
3010000 3.525523 -3.112503 2.265927
3020000 3.609572 3.114583 2.529126
3030000 3.713020 3.090632 2.403600
3040000 4.492086 3.127413 2.362502
3050000 3.678094 -3.032924 2.323923
3060000 3.439051 -3.129521 2.467037
3070000 4.041026 3.076408 2.486528
3080000 3.803182 3.082477 2.437723
3090000 3.688560 -3.112487 2.388707
3100000 4.591982 -3.097689 2.493318
3110000 3.656812 3.089798 2.478132
3120000 2.878861 -3.130818 2.480030
3130000 2.540527 3.098812 2.467153
3140000 2.342725 -3.086138 2.567418
3150000 1.959521 -3.092142 2.313941
3160000 2.325778 -3.093136 2.438683
3170000 2.316091 -3.140123 2.520832
3180000 2.887345 -2.996392 2.445113
3190000 3.779786 3.033663 2.471387
3200000 3.265778 3.105082 2.394491
3210000 2.890324 3.103639 2.424492
3220000 2.175602 3.059928 2.416453
3230000 2.618494 -3.051773 2.508059
3240000 2.666373 3.115847 2.399957
3250000 2.593733 -3.012388 2.296548
3260000 1.960897 -3.101695 2.439403
3270000 1.670167 3.036078 2.646526
3280000 1.737925 3.015481 2.412888
3290000 1.835720 -3.082765 2.409719
3300000 1.628224 -3.044909 2.550371
3310000 1.106288 3.122702 2.401214
3320000 1.325776 3.118242 2.383399
3330000 1.010487 -3.055533 2.454580
3340000 0.982489 -3.124840 2.533356
3350000 1.029121 -3.036049 2.350710
3360000 0.977461 3.092362 2.481795
3370000 1.169259 -3.069627 2.528259
3380000 0.798423 -3.072629 2.567482
3390000 1.297127 3.096287 2.441434
3400000 0.804263 -3.134893 2.427090
3410000 0.997244 2.959335 2.487564
3420000 0.695158 3.123323 2.554821
3430000 1.391354 3.081816 2.393934
3440000 1.434390 3.110247 2.438068
3450000 1.516384 3.041103 2.467098
3460000 1.543091 3.132582 2.478356
3470000 2.232584 3.103029 2.516871
3480000 2.360511 -2.992590 2.445869
3490000 3.124675 -3.106458 2.550388
3500000 3.039353 3.068707 2.462818
3510000 3.845999 3.060834 2.483271
3520000 4.484994 -3.122117 2.528963
3530000 4.825602 -3.094750 2.494082
3540000 3.971757 -3.002254 2.344753
3550000 3.915531 3.085446 2.445370
3560000 4.194759 -2.996494 2.347971
3570000 3.835158 3.103014 2.347646
3580000 3.053909 3.136795 2.558788
3590000 2.751414 -3.044207 2.345717
3600000 2.448931 -3.064899 2.476551
3610000 2.245875 -3.126711 2.477158
3620000 2.190355 3.137543 2.521778
3630000 2.318573 3.130689 2.411268
3640000 1.862009 -3.107854 2.437727
3650000 1.953325 3.008064 2.438868
3660000 3.074131 -3.087518 2.332082
3670000 4.158636 3.126999 2.444306
3680000 3.502578 -3.091297 2.447241
3690000 2.692898 3.014036 2.576615
3700000 3.758635 3.119208 2.458523
3710000 3.248871 3.064751 2.386818
3720000 4.065557 -3.112633 2.493443
3730000 4.653333 -3.042217 2.283341
3740000 4.618952 -3.102219 2.419559
3750000 4.625018 -3.100376 2.507785
3760000 4.117611 -3.128589 2.533454
3770000 4.611997 -3.107367 2.345203
3780000 4.096599 -3.068401 2.406225
3790000 4.523413 3.056285 2.533787
3800000 4.724661 3.121390 2.412384
3810000 3.984258 -3.088293 2.506107
3820000 3.749149 -2.994593 2.504964
3830000 3.939450 3.080198 2.511754
3840000 4.087855 3.052177 2.446406
3850000 4.357972 -3.127649 2.503893
3860000 4.781950 -3.121180 2.410120
3870000 4.755962 3.005226 2.467723
3880000 3.684047 3.030705 2.472791
3890000 3.048860 3.104488 2.361839
3900000 4.189948 3.114779 2.266431
3910000 3.083426 3.124598 2.357917
3920000 2.631575 -3.127864 2.359826
3930000 4.663507 2.968712 2.494188
3940000 4.593513 3.076900 2.443789
3950000 4.933786 -3.082921 2.544630
3960000 3.960143 3.016023 2.422983
3970000 3.145882 3.119269 2.476421
3980000 2.994630 3.141362 2.352759
3990000 2.419772 3.107100 2.481975
4000000 3.364563 -3.070419 2.486648
