100000 3.002393 3.024970 2.381413
110000 3.962927 3.029165 2.407089
120000 2.190979 2.988527 2.484097
130000 2.471317 2.948701 2.420759
140000 1.483509 3.108820 2.468284
150000 1.343612 2.954061 2.350608
160000 1.165610 2.856565 2.429674
170000 1.025566 2.938365 2.317449
180000 1.476763 3.043083 2.496171
190000 1.706992 2.949869 2.443442
200000 2.275547 3.011732 2.517601
210000 2.654654 2.985314 2.505740
220000 2.714499 3.045604 2.403570
230000 3.340578 2.832367 2.468470
240000 4.338271 2.917178 2.590394
250000 4.541521 3.078751 2.389514
260000 4.203826 3.020546 2.513510
270000 4.763723 3.075071 2.454477
280000 3.378365 3.059293 2.469703
290000 2.689252 3.042345 2.457481
300000 2.453496 3.045853 2.531597
310000 2.863992 2.994139 2.481033
320000 2.997154 2.923334 2.556855
330000 1.717414 2.948676 2.445773
340000 2.761686 3.017683 2.422040
350000 2.318975 2.997240 2.405261
360000 1.414397 2.926351 2.561295
370000 1.312656 2.900214 2.509725
380000 0.714073 3.075311 2.526305
390000 0.870433 2.928546 2.439893
400000 1.130108 3.020234 2.521187
410000 0.828290 3.045708 2.512945
420000 1.350842 2.962408 2.532499
430000 2.033215 2.995429 2.345611
440000 1.629343 2.822232 2.621417
450000 1.670824 2.852892 2.509419
460000 1.358223 2.813584 2.358790
470000 0.978757 2.934885 2.541985
480000 0.815895 3.006035 2.491097
490000 0.673517 3.075502 2.480316
500000 1.270886 2.989092 2.329881
510000 1.448630 2.887748 2.310074
520000 0.883213 3.050852 2.431542
530000 1.038776 2.960040 2.394545
540000 1.899419 2.973021 2.460537
550000 2.793808 2.919669 2.525240
560000 4.360984 2.924514 2.526668
570000 3.593504 2.987165 2.273815
580000 3.510587 2.926537 2.377904
590000 2.831890 3.019577 2.506701
600000 4.187105 2.941743 2.365987
610000 4.789366 2.993472 2.482133
620000 4.100376 3.107997 2.477238
630000 4.072336 2.960950 2.404640
640000 3.429480 2.932222 2.480797
650000 4.468107 3.013284 2.430594
660000 2.675083 2.949153 2.335475
670000 2.308676 2.860018 2.515803
680000 2.599946 2.911929 2.415417
690000 2.273076 2.838417 2.550185
700000 2.855564 3.062551 2.560461
710000 3.664680 2.877983 2.509938
720000 3.513262 2.880471 2.538252
730000 2.933328 2.888974 2.505864
740000 4.350138 3.108241 2.362460
750000 4.212401 3.004839 2.470469
760000 4.445559 2.845195 2.399978
770000 4.564162 2.932087 2.341744
780000 4.089358 2.895448 2.528891
790000 3.818460 3.041747 2.530579
800000 3.414541 2.981376 2.473498
810000 4.142012 3.001568 2.524498
820000 4.836792 2.976468 2.390633
830000 4.551128 2.916506 2.338683
840000 5.013206 2.964377 2.582188
850000 3.357565 2.967217 2.558329
860000 2.123661 3.007333 2.312180
870000 1.954118 3.067609 2.421372
880000 2.717473 2.933797 2.355495
890000 2.009358 3.036913 2.374851
900000 1.681704 2.958587 2.450030
910000 1.812002 2.943861 2.493184
920000 1.483198 2.969958 2.512622
930000 2.079879 2.941035 2.427734
940000 3.346064 2.938761 2.446195
950000 3.481496 2.999739 2.459375
960000 3.186571 2.833300 2.385000
970000 2.178742 3.027721 2.421248
980000 2.663556 2.961100 2.563150
990000 3.276751 3.007070 2.449411
1000000 4.444376 2.883610 2.413853
1010000 3.392654 2.933104 2.440869
1020000 2.976172 3.043762 2.344654
1030000 2.839913 2.897738 2.430759
1040000 2.485005 2.995771 2.517709
1050000 2.047177 2.874350 2.445216
1060000 1.833639 2.863656 2.418334
1070000 1.442082 2.929592 2.509552
1080000 1.124819 2.940409 2.561836
1090000 1.421029 2.990511 2.270971
1100000 1.080586 2.828647 2.376364
1110000 1.157257 2.990110 2.331828
1120000 0.902365 2.945564 2.546698
1130000 0.594935 2.954927 2.464165
1140000 0.817564 3.044649 2.492606
1150000 0.747494 3.103282 2.412609
1160000 1.091705 3.027768 2.498939
1170000 0.918623 2.997060 2.490806
1180000 1.220099 2.968829 2.452278
1190000 1.237445 3.034149 2.397943
1200000 1.563461 2.965379 2.468479
1210000 1.452931 2.982322 2.510469
1220000 2.281858 2.933673 2.459504
1230000 2.357005 3.022611 2.432402
1240000 2.475215 2.878376 2.524286
1250000 3.894451 3.045091 2.322422
1260000 3.849007 2.888402 2.367751
1270000 3.996415 2.938806 2.464252
1280000 4.502750 2.960923 2.421525
1290000 4.644702 2.921878 2.335930
1300000 4.669705 3.042359 2.525371
1310000 4.368517 2.955137 2.463992
1320000 2.884862 2.994094 2.463835
1330000 2.461270 3.038311 2.337180
1340000 3.814817 2.922717 2.401237
1350000 3.384278 2.934743 2.530738
1360000 4.652175 2.800108 2.430020
1370000 4.961021 2.945854 2.359178
1380000 4.318141 2.929911 2.338701
1390000 4.245330 2.983883 2.604496
1400000 3.487426 2.913484 2.469950
1410000 2.274407 3.000749 2.493472
1420000 2.349312 3.047634 2.388252
1430000 3.861027 2.915820 2.414253
1440000 2.651328 2.952584 2.417530
1450000 2.110067 2.960284 2.468143
1460000 2.266579 2.969764 2.497768
1470000 1.833823 2.934577 2.380084
1480000 1.899373 3.065026 2.472408
1490000 2.458390 2.968343 2.457118
1500000 3.265247 3.017558 2.410485
1510000 4.117099 3.109561 2.419048
1520000 4.234896 3.100513 2.440477
1530000 4.425782 2.883911 2.471544
1540000 3.136352 2.899834 2.507723
1550000 3.137234 3.008379 2.359796
1560000 4.068235 3.104346 2.455320
1570000 3.439638 2.881621 2.349869
1580000 4.016601 2.948000 2.458018
1590000 4.128800 3.010935 2.371001
1600000 4.444748 2.988158 2.316797
1610000 4.792899 2.998713 2.460344
1620000 3.893036 3.012396 2.548732
1630000 3.682588 2.898484 2.476434
1640000 3.999261 2.872596 2.459995
1650000 2.866807 3.029299 2.341725
1660000 2.550985 3.014670 2.520213
1670000 2.169209 2.910036 2.458698
1680000 2.301583 3.009260 2.324985
1690000 1.962767 2.939056 2.474579
1700000 1.430328 -3.106893 2.384492
1710000 1.439678 2.870236 2.451628
1720000 1.183524 3.002458 2.441855
1730000 1.044002 3.005363 2.522642
1740000 1.384046 2.896877 2.463034
1750000 1.004824 3.060928 2.509555
1760000 1.303841 2.920432 2.423991
1770000 1.755054 3.036303 2.363306
1780000 1.864633 2.874244 2.328654
1790000 2.212349 2.893344 2.491468
1800000 1.672345 2.940393 2.403134
1810000 1.659761 3.026582 2.448357
1820000 2.417246 2.784930 2.433136
1830000 2.816865 2.934766 2.476400
1840000 2.506732 3.021859 2.455039
1850000 2.841065 3.043964 2.417223
1860000 2.557451 2.973594 2.486298
1870000 3.209292 2.929625 2.397156
1880000 3.522518 3.021712 2.595495
1890000 2.462367 3.044941 2.399580
1900000 2.135018 3.037894 2.502043
1910000 2.670086 3.032808 2.509566
1920000 3.467616 2.985084 2.499939
1930000 4.155425 2.894189 2.513552
1940000 4.373111 2.908197 2.490546
1950000 4.962707 2.940854 2.421787
1960000 3.621110 2.888466 2.537538
1970000 4.512726 2.959306 2.474661
1980000 3.585135 2.847589 2.487124
1990000 3.368473 2.998149 2.413116
2000000 3.675406 3.001517 2.336118
2010000 2.833259 2.923914 2.433112
2020000 2.907578 3.081064 2.314879
2030000 3.300395 3.054827 2.480589
2040000 4.049832 3.028756 2.393059
2050000 4.640238 2.892518 2.452480
2060000 4.918663 3.023701 2.438936
2070000 4.165769 2.984407 2.567230
2080000 4.169995 2.935864 2.394538
2090000 4.579215 3.020747 2.450237
2100000 4.291675 2.941811 2.490527
2110000 4.453449 2.918513 2.359838
2120000 4.837813 2.914256 2.382816
2130000 4.740862 2.817890 2.504407
2140000 4.672486 3.074926 2.457826
2150000 3.155370 2.909167 2.332428
2160000 3.336672 3.012684 2.421578
2170000 3.442619 2.829842 2.495834
2180000 3.069838 2.927821 2.550951
2190000 2.590181 2.959671 2.363016
2200000 2.648185 2.954837 2.483567
2210000 3.239712 2.918494 2.403301
2220000 4.125961 2.856568 2.400497
2230000 3.411260 2.852188 2.294375
2240000 4.398277 2.980041 2.468896
2250000 4.988182 2.840749 2.459677
2260000 4.790968 2.957625 2.389734
2270000 4.262755 3.121967 2.364657
2280000 4.835586 3.085009 2.374334
2290000 4.852875 2.983203 2.412957
2300000 4.400588 2.863783 2.380237
2310000 3.966107 2.932719 2.487880
2320000 3.970745 3.013445 2.454943
2330000 4.430430 2.974657 2.365331
2340000 3.871842 3.068530 2.322546
2350000 3.688242 2.924458 2.462921
2360000 4.386584 2.930879 2.519502
2370000 4.537841 2.860063 2.403009
2380000 3.701250 2.965972 2.434084
2390000 2.814677 2.954157 2.383222
2400000 2.493767 2.925374 2.432852
2410000 1.943357 2.929206 2.365148
2420000 1.398476 3.111520 2.452064
2430000 1.251685 2.988904 2.333133
2440000 0.831910 3.029874 2.436078
2450000 0.502357 2.895002 2.664047
2460000 0.491594 3.078490 2.472719
2470000 0.804034 3.101962 2.492778
2480000 0.731107 2.990139 2.403274
2490000 0.649497 3.063433 2.427630
2500000 0.604186 3.054785 2.573227
2510000 0.956374 2.963868 2.505995
2520000 0.872354 2.954327 2.558499
2530000 0.882779 2.925046 2.588296
2540000 0.851844 2.965163 2.574173
2550000 1.411647 3.013415 2.420282
2560000 1.702823 2.960015 2.388192
2570000 1.142089 2.898593 2.484230
2580000 1.264957 2.887159 2.380195
2590000 1.213481 3.063044 2.455383
2600000 1.494147 2.959717 2.331382
2610000 1.292026 2.901187 2.413184
2620000 1.466637 2.863872 2.462782
2630000 1.667217 2.873742 2.430389
2640000 1.107723 2.973679 2.425013
2650000 1.129522 2.810402 2.418123
2660000 1.011149 3.049901 2.384130
2670000 0.675713 -3.087157 2.421148
2680000 0.732059 3.087990 2.535284
2690000 0.741935 3.084554 2.375328
2700000 1.010057 2.941868 2.425102
2710000 1.228470 2.918509 2.513626
2720000 1.140569 3.068965 2.410501
2730000 1.297984 2.928978 2.379359
2740000 1.457683 2.953244 2.364833
2750000 1.837715 2.921424 2.304338
2760000 2.048889 2.957934 2.491800
2770000 2.161947 2.915091 2.472574
2780000 2.412257 2.855039 2.474693
2790000 1.951482 -3.084984 2.236446
2800000 2.912230 2.949110 2.497286
2810000 2.724734 2.975621 2.554266
2820000 2.994245 2.862655 2.257981
2830000 2.744114 3.130655 2.397199
2840000 2.059425 2.866222 2.365223
2850000 1.715195 2.852603 2.446073
2860000 1.660342 3.028683 2.358651
2870000 1.698925 2.909971 2.228289
2880000 1.452407 2.870080 2.415296
2890000 1.788545 2.994052 2.533866
2900000 1.640107 2.993971 2.426732
2910000 1.807757 2.890903 2.432594
2920000 1.884300 2.911871 2.417778
2930000 2.364683 2.928841 2.436931
2940000 2.884734 2.891393 2.408242
2950000 2.748907 3.042127 2.404568
2960000 3.600200 2.986230 2.446245
2970000 3.019630 3.133630 2.451199
2980000 4.065027 2.969768 2.449452
2990000 3.171653 2.942021 2.454230
3000000 3.908620 2.993225 2.494013
3010000 3.494764 2.921208 2.522686
3020000 3.771168 2.888834 2.261493
3030000 3.531727 2.882489 2.431570
3040000 4.154877 2.817038 2.489737
3050000 3.546658 2.980699 2.444468
3060000 3.073916 3.014031 2.382393
3070000 3.308542 2.958144 2.394528
3080000 4.349159 3.022649 2.447145
3090000 4.578143 2.908568 2.498016
3100000 4.229628 2.963303 2.498803
3110000 4.305549 2.976754 2.448687
3120000 4.838877 2.961633 2.330926
3130000 4.510278 2.940727 2.523128
3140000 4.576350 2.869992 2.519064
3150000 4.281233 2.982325 2.432427
3160000 3.849521 2.942931 2.489290
3170000 4.348971 2.989282 2.428569
3180000 3.662387 2.879815 2.371578
3190000 2.725405 3.027291 2.292807
3200000 2.701009 3.025257 2.433857
3210000 3.072203 3.076266 2.477891
3220000 2.298443 3.047488 2.396352
3230000 1.697669 2.964149 2.410128
3240000 2.259160 2.759379 2.335654
3250000 2.469854 3.010152 2.378745
3260000 2.278206 2.942718 2.416844
3270000 2.679822 2.934886 2.492030
3280000 2.715600 2.875067 2.532468
3290000 2.780464 3.044215 2.520934
3300000 2.993544 2.941016 2.267708
3310000 4.195292 2.882982 2.498875
3320000 4.901070 2.987072 2.373047
3330000 4.362856 3.024291 2.355077
3340000 4.996788 2.883436 2.355107
3350000 4.889246 3.012863 2.476839
3360000 3.371615 2.971218 2.462231
3370000 3.669375 2.830003 2.457150
3380000 4.333045 -3.135353 2.459586
3390000 3.089599 2.932367 2.451687
3400000 3.508211 3.022751 2.370060
3410000 3.145967 3.043196 2.536799
3420000 1.985634 2.907143 2.459652
3430000 2.353237 2.904574 2.470490
3440000 2.288112 3.050114 2.386204
3450000 1.788800 2.950281 2.299901
3460000 1.562180 2.963576 2.382085
3470000 1.292002 2.868120 2.478486
3480000 1.390363 2.918366 2.542188
3490000 1.304061 2.834467 2.422087
3500000 1.176066 2.946889 2.441990
3510000 1.123892 2.904279 2.393902
3520000 1.204450 2.924090 2.419080
3530000 0.963727 3.049196 2.549409
3540000 0.849640 2.888855 2.473204
3550000 0.728467 3.000534 2.594522
3560000 0.750609 3.028901 2.463048
3570000 0.904829 2.871216 2.404049
3580000 0.856019 2.841708 2.355721
3590000 0.566196 3.036921 2.560174
3600000 0.704609 3.110832 2.448903
3610000 0.740309 3.043440 2.490170
3620000 0.700916 2.959900 2.472425
3630000 1.105993 2.909688 2.377719
3640000 0.801859 3.010957 2.451443
3650000 0.857285 3.126755 2.547482
3660000 1.261769 2.920870 2.434785
3670000 1.632270 2.895308 2.530610
3680000 1.311306 2.913596 2.326130
3690000 1.510911 3.008945 2.475177
3700000 1.868406 2.868137 2.374639
3710000 1.780569 2.891572 2.454420
3720000 2.092127 2.895428 2.434356
3730000 1.719179 2.967596 2.545069
3740000 1.734048 2.922570 2.369609
3750000 2.197415 2.993594 2.545380
3760000 2.226139 2.939711 2.426194
3770000 2.329091 2.979333 2.448593
3780000 2.290956 3.007566 2.465411
3790000 2.572771 2.983257 2.457163
3800000 3.577782 2.901313 2.377682
3810000 4.528344 2.806389 2.454070
3820000 4.502428 2.952077 2.550264
3830000 4.528620 2.999393 2.428257
3840000 4.830683 2.916834 2.359351
3850000 5.017799 3.062112 2.396788
3860000 5.018088 3.117442 2.306040
3870000 4.530838 2.864136 2.526721
3880000 3.855075 2.980059 2.480058
3890000 4.539739 2.946546 2.393702
3900000 4.042229 2.961923 2.316701
3910000 3.555698 2.976728 2.409548
3920000 4.053261 2.885994 2.491044
3930000 2.964876 3.077899 2.375459
3940000 3.479066 2.849269 2.534663
3950000 3.165730 3.065924 2.413733
3960000 3.643182 2.872319 2.472937
3970000 2.758612 3.043384 2.311532
3980000 2.967389 3.021546 2.480114
3990000 2.820584 3.128842 2.420343
4000000 2.639354 3.137086 2.432191
