100000 4.201195 1.167508 2.348460
110000 3.333122 1.306746 2.348145
120000 2.880959 1.187966 2.211779
130000 1.865087 1.115245 2.242093
140000 1.146046 1.188775 2.224183
150000 1.351629 1.261989 2.116023
160000 1.323520 1.217170 2.273355
170000 1.760654 1.211559 2.169591
180000 1.874704 1.286832 2.096329
190000 2.356728 1.151533 2.351763
200000 1.975458 1.187761 2.162503
210000 2.097853 1.220506 2.286220
220000 2.683396 1.243025 2.245267
230000 3.506156 1.314254 2.352238
240000 4.727809 1.167954 2.230201
250000 4.641891 1.255443 2.294414
260000 3.714040 1.089107 2.271816
270000 4.250017 1.181089 2.176849
280000 3.728470 1.198199 2.368641
290000 3.373443 1.201809 2.323095
300000 4.043558 1.240351 2.240876
310000 3.784718 1.249670 2.259113
320000 2.850389 1.294668 2.180616
330000 2.411825 1.154348 2.347811
340000 2.674404 1.231783 2.248536
350000 2.318716 1.366589 2.263498
360000 3.320482 1.397793 2.447393
370000 3.544840 1.312993 2.195441
380000 3.194084 1.210353 2.192331
390000 3.276413 1.285389 2.379614
400000 4.578305 1.139897 2.248184
410000 5.003508 1.248545 2.273851
420000 4.877929 1.221216 2.149154
430000 4.290362 1.090512 2.258903
440000 3.932562 1.241834 2.240006
450000 3.984132 1.277298 2.211996
460000 2.746159 1.168021 2.338629
470000 3.241545 1.281342 2.057948
480000 3.726890 1.176320 2.345094
490000 3.398360 1.143062 2.299111
500000 4.664304 1.125576 2.378088
510000 4.038201 1.357748 2.299818
520000 4.507400 1.128234 2.290276
530000 4.006336 1.185649 2.351704
540000 3.398977 1.173703 2.384983
550000 2.546146 1.120860 2.143089
560000 1.570825 1.368024 2.325956
570000 0.843192 1.122338 2.413924
580000 0.879817 1.190660 2.246447
590000 0.978842 1.292826 2.167400
600000 1.148885 1.312471 2.172644
610000 0.730451 1.271430 2.274184
620000 1.354436 1.154259 2.288037
630000 1.461822 1.295482 2.231960
640000 0.834275 1.317278 2.261964
650000 1.512429 1.349651 2.400209
660000 1.697947 1.330318 2.169442
670000 1.427826 1.124913 2.154527
680000 1.540202 1.178219 2.174974
690000 1.067060 1.377849 2.404702
700000 1.312656 1.139103 2.102159
710000 1.717669 1.189742 2.355707
720000 1.876498 1.187961 2.259713
730000 2.020773 1.307238 2.222012
740000 2.220030 1.188835 2.270957
750000 2.129178 1.132106 2.277194
760000 2.362349 1.173533 2.388187
770000 2.161319 1.152637 2.190477
780000 2.700923 1.336051 2.308383
790000 2.639614 1.193461 2.216990
800000 3.216615 1.310191 2.279814
810000 3.879360 1.280447 2.139902
820000 4.116464 1.265508 2.145087
830000 4.120908 1.211420 2.380709
840000 3.900970 1.197887 2.269144
850000 4.555251 1.135488 2.312176
860000 4.438924 1.161696 2.291337
870000 4.603567 1.077511 2.354630
880000 4.976076 1.303144 2.298503
890000 4.745623 1.246602 2.260090
900000 4.615776 1.316951 2.217843
910000 4.922395 1.116031 2.234636
920000 3.252284 1.254116 2.295408
930000 3.205394 1.161774 2.226998
940000 2.367912 1.195380 2.272372
950000 2.512937 1.231178 2.180704
960000 1.890480 1.162871 2.406548
970000 1.734498 1.086190 2.317365
980000 1.900525 1.218708 2.272654
990000 2.148783 1.202636 2.512106
1000000 2.855290 1.249652 2.207339
1010000 2.234887 1.138565 2.264914
1020000 3.662707 1.279394 2.334734
1030000 3.833879 1.149103 2.228630
1040000 3.513957 1.242759 2.291152
1050000 4.143172 1.247143 2.256562
1060000 4.177018 1.245739 2.227340
1070000 4.191931 1.332868 2.319120
1080000 3.241259 1.227523 2.346386
1090000 2.766119 1.294231 2.244625
1100000 3.044745 1.170515 2.237882
1110000 2.772967 1.296006 2.264314
1120000 1.972611 1.185399 2.401084
1130000 1.900825 1.190138 2.346887
1140000 1.523618 1.175625 2.261183
1150000 1.075266 1.201043 2.314320
1160000 1.095613 1.034420 2.410424
1170000 1.109984 1.143185 2.262491
1180000 0.701998 1.116653 2.273920
1190000 1.379245 1.391822 2.139244
1200000 1.122453 1.065027 2.369219
1210000 0.912176 1.249412 2.380135
1220000 1.319376 1.240315 2.280952
1230000 1.263526 1.254437 2.328623
1240000 1.851069 1.196354 2.285205
1250000 2.143532 1.380803 2.184578
1260000 2.764200 1.035318 2.295613
1270000 3.806266 1.283942 2.201353
1280000 3.662762 1.271874 2.317651
1290000 4.772854 1.229119 2.251200
1300000 4.682752 1.138151 2.350678
1310000 5.006136 1.370351 2.327620
1320000 4.906316 1.293132 2.226412
1330000 4.347423 1.245139 2.329620
1340000 4.533111 1.277394 2.263068
1350000 4.052040 1.089949 2.285540
1360000 3.191044 1.320209 2.251018
1370000 2.763609 1.285908 2.282593
1380000 2.494844 1.270498 2.274121
1390000 2.096039 1.262767 2.215699
1400000 2.208295 1.205575 2.306177
1410000 1.852899 1.148802 2.265866
1420000 1.724173 1.189949 2.281488
1430000 1.754097 1.212225 2.261014
1440000 1.477549 1.226425 2.205242
1450000 1.575104 1.260659 2.312019
1460000 1.904814 1.176947 2.207338
1470000 2.059005 1.161884 2.229255
1480000 2.487655 1.197335 2.232075
1490000 2.832373 1.061525 2.180924
1500000 2.743440 1.104352 2.171063
1510000 3.540827 1.246146 2.304641
1520000 3.390924 1.309379 2.174929
1530000 3.740500 1.038131 2.258003
1540000 3.580740 1.187128 2.211210
1550000 2.684166 1.102381 2.200807
1560000 3.011388 1.130010 2.146678
1570000 4.257692 1.118955 2.180665
1580000 4.933616 1.105108 2.189734
1590000 5.015727 1.115822 2.234768
1600000 4.663557 1.257969 2.299089
1610000 3.784920 1.249599 2.346431
1620000 3.908582 1.228820 2.060031
1630000 4.428046 1.195364 2.231526
1640000 4.730156 1.186260 2.277342
1650000 4.982211 1.246521 2.217216
1660000 4.083755 1.225734 2.225887
1670000 3.932823 1.196471 2.233009
1680000 4.225217 1.254707 2.225905
1690000 3.951142 1.144635 2.211332
1700000 3.253814 1.114393 2.372429
1710000 2.672169 1.208752 2.239716
1720000 2.372648 1.156914 2.354445
1730000 2.381877 1.116997 2.251488
1740000 2.947347 1.227155 2.179373
1750000 3.707272 1.171769 2.189776
1760000 4.450493 1.119354 2.455507
1770000 4.462978 1.236664 2.249022
1780000 3.640572 1.175176 2.197579
1790000 2.978552 1.280647 2.296672
1800000 2.697135 1.274128 2.295763
1810000 2.270567 1.057652 2.220285
1820000 1.847453 1.199200 2.262876
1830000 2.312417 1.361320 2.124307
1840000 2.625590 1.239280 2.156552
1850000 2.183476 1.212235 2.419601
1860000 3.454472 1.272580 2.298072
1870000 3.237514 1.260962 2.217115
1880000 3.521430 1.171988 2.278297
1890000 4.047386 1.195342 2.278409
1900000 3.521779 1.133062 2.289416
1910000 3.450958 1.255491 2.230499
1920000 3.273407 1.158253 2.357697
1930000 3.986890 1.265168 2.223720
1940000 4.816866 1.313957 2.234991
1950000 4.442244 1.275576 2.248351
1960000 4.780529 1.152478 2.289227
1970000 4.593995 1.357309 2.255258
1980000 4.762720 1.326408 2.200713
1990000 4.544929 1.164828 2.289006
2000000 3.972400 1.240143 2.237212
2010000 3.806173 1.229537 2.271996
2020000 4.583230 1.123784 2.326393
2030000 4.320418 1.168262 2.308699
2040000 3.424434 1.433165 2.314676
2050000 2.875345 1.111471 2.221596
2060000 2.089980 1.279803 2.220972
2070000 2.220521 1.123687 2.301645
2080000 2.582111 1.155077 2.213581
2090000 2.537953 1.226664 2.359062
2100000 3.234267 1.392685 2.225562
2110000 3.393272 1.221688 2.312314
2120000 3.570864 1.245875 2.182577
2130000 3.165194 1.220080 2.347831
2140000 3.766307 1.285019 2.256670
2150000 3.727194 1.197484 2.337583
2160000 4.724433 1.229450 2.362279
2170000 4.946581 1.144877 2.352291
2180000 4.856629 1.301420 2.285405
2190000 4.777168 1.193887 2.373490
2200000 4.144180 1.274483 2.202447
2210000 2.880439 1.367626 2.272834
2220000 2.215536 1.237664 2.286148
2230000 1.731057 1.173497 2.335508
2240000 1.462014 1.195798 2.240333
2250000 1.328071 1.135704 2.205015
2260000 1.047658 1.214109 2.264556
2270000 1.101054 1.303702 2.264811
2280000 1.407305 1.187473 2.267512
2290000 1.290611 1.206226 2.184226
2300000 1.606506 1.222414 2.282389
2310000 1.095849 1.219087 2.237036
2320000 1.282728 1.279210 2.306622
2330000 1.533348 1.098683 2.279083
2340000 1.573200 1.142184 2.200007
2350000 1.618664 1.244134 2.254833
2360000 1.797406 1.235933 2.217819
2370000 1.645552 1.193590 2.280215
2380000 1.810747 1.282426 2.237347
2390000 2.011732 1.119098 2.316115
2400000 2.086835 1.235840 2.355479
2410000 1.161511 1.190593 2.214537
2420000 0.976552 1.171939 2.308339
2430000 1.047437 1.173778 2.365362
2440000 1.136067 1.232775 2.224664
2450000 1.147291 1.328466 2.329124
2460000 1.198442 1.240415 2.246045
2470000 1.383264 1.198307 2.346999
2480000 1.296338 1.182507 2.241924
2490000 1.518425 1.176965 2.313303
2500000 1.514463 1.205432 2.353586
2510000 1.537169 1.158946 2.215160
2520000 1.632147 1.121161 2.341629
2530000 1.972325 1.328448 2.211625
2540000 1.953551 1.174812 2.246449
2550000 1.932990 1.241282 2.172534
2560000 2.161609 1.210257 2.307963
2570000 2.531898 1.130554 2.273960
2580000 2.817062 1.181346 2.229691
2590000 3.168521 1.177949 2.225263
2600000 2.866500 1.224426 2.341668
2610000 3.186613 1.257559 2.368028
2620000 2.787947 1.155782 2.306707
2630000 2.350747 1.288044 2.229398
2640000 2.560616 1.257304 2.193956
2650000 2.929555 1.303041 2.116529
2660000 3.682743 1.226264 2.105182
2670000 4.080683 1.162636 2.305430
2680000 5.016668 1.166092 2.299599
2690000 4.811733 1.231514 2.211506
2700000 4.264992 1.299043 2.174902
2710000 5.007513 1.185749 2.306364
2720000 4.181398 1.251087 2.280201
2730000 3.839139 1.146591 2.300440
2740000 3.565190 1.091919 2.095657
2750000 4.158436 1.199750 2.382697
2760000 3.891287 1.179019 2.310244
2770000 4.184986 1.151929 2.280737
2780000 4.144981 1.373882 2.370778
2790000 3.429034 1.176760 2.197096
2800000 3.323086 1.325474 2.241540
2810000 2.436006 1.131155 2.370402
2820000 2.202243 1.221742 2.272094
2830000 2.119181 1.187206 2.272674
2840000 2.122891 1.206452 2.252978
2850000 2.520005 1.278671 2.251332
2860000 3.795231 1.229707 2.273242
2870000 4.472107 1.229256 2.378627
2880000 4.604568 1.311555 2.217597
2890000 3.811695 1.228550 2.329367
2900000 3.867769 1.315618 2.238201
2910000 4.809539 1.251983 2.314918
2920000 4.721060 1.225797 2.307889
2930000 4.518060 1.200991 2.284064
2940000 3.640598 1.225855 2.346363
2950000 3.620574 1.231506 2.227713
2960000 4.071163 1.138757 2.124485
2970000 4.529214 1.228843 2.299117
2980000 4.491193 1.229086 2.324117
2990000 4.679897 1.272908 2.318625
3000000 4.673609 1.248377 2.304940
3010000 4.485828 1.055456 2.267111
3020000 3.792919 1.227276 2.337215
3030000 3.851984 1.350428 2.269862
3040000 3.314271 1.259959 2.259209
3050000 2.688312 1.216227 2.293923
3060000 2.957922 1.167996 2.255500
3070000 3.218531 1.227113 2.250759
3080000 2.912704 1.246070 2.174601
3090000 2.318180 1.230047 2.275028
3100000 2.338506 1.240562 2.314338
3110000 2.927323 1.081400 2.373737
3120000 3.073457 1.122995 2.323473
3130000 3.410210 1.291656 2.326809
3140000 3.031191 1.238758 2.293096
3150000 3.516527 1.121137 2.374964
3160000 4.096604 1.289954 2.199850
3170000 4.561940 1.272775 2.207129
3180000 4.321589 1.167903 2.202940
3190000 4.896535 1.367967 2.399073
3200000 4.372307 1.223555 2.203756
3210000 4.946643 1.191702 2.220368
3220000 4.051135 1.251208 2.326528
3230000 3.966204 1.182420 2.209931
3240000 3.046979 1.279809 2.235433
3250000 2.784684 1.131258 2.306269
3260000 2.662366 1.086517 2.157489
3270000 1.429263 1.273756 2.286131
3280000 1.235477 1.265748 2.286424
3290000 0.836131 1.258377 2.331949
3300000 0.865579 1.155393 2.278224
3310000 0.956219 1.208959 2.261225
3320000 1.022945 1.133492 2.245828
3330000 1.303859 1.327023 2.191280
3340000 1.589353 1.121590 2.261992
3350000 1.948564 1.279657 2.323007
3360000 1.918137 1.186963 2.132250
3370000 1.990572 1.212110 2.356049
3380000 2.319502 1.193770 2.196090
3390000 2.433882 1.197213 2.390225
3400000 1.778043 1.211328 2.329212
3410000 1.592865 1.120682 2.118580
3420000 1.864561 1.107040 2.246745
3430000 1.572640 1.294005 2.296670
3440000 1.305442 1.314162 2.248847
3450000 0.775677 1.351061 2.376840
3460000 0.744585 1.276986 2.404030
3470000 0.637736 1.166045 2.307389
3480000 0.811985 1.103935 2.401709
3490000 1.028588 1.089296 2.377338
3500000 0.749158 1.203424 2.437543
3510000 0.664208 1.233940 2.249412
3520000 0.889187 1.239283 2.392346
3530000 1.021043 1.133100 2.304208
3540000 0.531972 1.271686 2.286280
3550000 0.622475 1.265674 2.372706
3560000 0.576912 1.132344 2.193503
3570000 0.710341 1.184212 2.271430
3580000 0.725459 1.258882 2.350491
3590000 0.794078 1.164095 2.218008
3600000 0.906119 1.209482 2.306189
3610000 1.218361 1.231656 2.219180
3620000 1.612548 1.231013 2.385312
3630000 1.520842 1.252587 2.291633
3640000 1.536775 1.246135 2.213907
3650000 1.464228 1.225689 2.183647
3660000 1.372893 1.171264 2.330927
3670000 1.149456 1.240248 2.458250
3680000 1.088023 1.253214 2.340769
3690000 1.031763 1.254872 2.268348
3700000 1.281662 1.273422 2.324693
3710000 1.488564 1.160728 2.195712
3720000 2.088172 1.253817 2.231047
3730000 2.328876 1.272366 2.378022
3740000 2.438981 1.117335 2.380829
3750000 2.524183 1.180848 2.222114
3760000 3.419506 1.166445 2.210332
3770000 2.418612 1.170608 2.278357
3780000 2.707188 1.320472 2.364568
3790000 4.600738 1.206631 2.248741
3800000 4.849415 1.143177 2.289278
3810000 3.450631 1.123344 2.164492
