100000 1.111103 1.197487 1.012042
110000 1.461713 1.241230 1.099628
120000 1.653906 1.169357 1.014349
130000 1.288733 1.163226 1.003426
140000 1.734843 1.169533 1.143495
150000 2.760620 1.262103 1.096164
160000 3.432879 1.166151 1.060475
170000 3.670250 1.150223 0.920451
180000 4.306858 1.229426 1.063185
190000 3.757262 1.300869 0.917942
200000 4.504922 1.169955 1.028234
210000 3.224405 1.232876 1.110707
220000 2.793544 1.289614 1.051896
230000 2.529558 1.271109 0.915922
240000 3.426442 1.252491 0.970559
250000 2.647607 1.398418 1.021761
260000 3.542798 1.355622 0.923643
270000 4.935669 1.228289 0.958973
280000 4.883128 1.098396 1.154726
290000 3.273090 1.098785 1.078484
300000 4.305027 1.248770 1.028340
310000 3.544948 1.289049 1.041152
320000 3.624754 1.103959 1.069672
330000 4.585632 1.193219 0.987554
340000 3.466353 1.203859 0.991169
350000 4.689828 1.189865 0.987213
360000 4.654706 1.365969 1.215613
370000 3.418545 1.197171 1.110636
380000 2.318048 1.232615 1.112132
390000 2.607039 1.257527 1.082974
400000 2.343854 1.193121 1.061451
410000 2.056775 1.217097 1.003780
420000 2.328227 1.199577 0.913938
430000 2.769655 1.044380 1.003951
440000 3.036036 1.214715 1.094480
450000 2.768443 1.262203 0.983790
460000 2.003343 1.348944 1.072350
470000 3.395218 1.339501 0.950977
480000 3.918195 1.215528 1.136598
490000 3.373825 1.179832 1.082095
500000 3.470622 1.198827 1.146451
510000 2.967970 1.148057 0.972990
520000 1.655409 1.245180 0.919302
530000 1.580039 1.281392 1.058265
540000 1.141017 1.222636 1.131560
550000 0.993845 1.196855 1.085500
560000 0.839009 1.247883 1.072434
570000 1.451877 1.261639 0.979282
580000 0.969626 1.210099 1.074983
590000 0.931959 1.220733 1.151507
600000 1.483373 1.320991 0.997130
610000 1.606310 1.133424 1.050150
620000 1.619386 1.225983 1.025470
630000 2.137776 1.238559 1.074581
640000 2.040656 1.233686 1.133022
650000 1.371904 1.201642 1.037667
660000 2.021681 1.208566 1.011523
670000 2.229355 1.019687 0.992947
680000 2.061411 1.152417 1.110474
690000 2.083672 1.232986 1.125790
700000 3.267548 1.337802 1.016878
710000 4.450432 1.292547 1.063433
720000 4.266741 1.224996 0.951315
730000 4.663430 1.189864 1.004425
740000 3.476813 1.160287 1.012736
750000 3.505885 1.246781 1.047381
760000 3.908637 1.103886 1.080353
770000 4.691974 1.170379 0.975235
780000 4.072098 1.287020 1.011278
790000 2.821840 1.231451 1.113360
800000 2.512915 1.326338 1.043570
810000 2.869768 1.196950 1.025237
820000 3.690713 1.192158 1.032911
830000 3.860147 1.238530 0.917086
840000 3.325358 1.155435 1.030456
850000 2.896891 1.201055 1.022142
860000 2.341699 1.072039 1.210692
870000 2.428388 1.170272 0.988957
880000 1.734339 1.208069 1.060099
890000 2.851693 1.335920 1.056030
900000 3.976212 1.186741 1.012692
910000 4.503459 1.276043 0.923879
920000 5.058906 1.310911 1.051068
930000 4.316028 1.220095 1.068438
940000 4.472647 1.199545 1.030441
950000 3.718941 1.223039 1.082668
960000 3.800020 1.248016 1.115911
970000 3.269314 1.128884 1.114300
980000 2.676623 1.107479 1.054397
990000 3.802578 1.200263 1.135579
1000000 4.442682 1.139913 1.137984
1010000 4.305199 1.264759 0.893338
1020000 4.921347 1.257758 1.094008
1030000 4.267842 1.232073 1.156475
1040000 3.732112 1.214182 1.136845
1050000 3.824813 1.180799 1.071390
1060000 2.588671 1.220228 1.161239
1070000 2.033951 1.170270 1.171476
1080000 2.694793 1.124016 1.088320
1090000 2.352734 1.155591 0.956093
1100000 1.899953 1.167849 0.935865
1110000 2.418424 1.104133 0.935609
1120000 1.688283 1.154238 1.189427
1130000 1.359770 1.295436 1.030849
1140000 1.133222 1.204403 1.052578
1150000 1.552712 1.067072 0.980140
1160000 1.407522 1.352382 1.127559
1170000 0.945355 1.374188 1.131816
1180000 0.990208 1.089557 1.011996
1190000 1.417790 1.134595 1.059862
1200000 1.800001 1.279256 1.031938
1210000 2.409109 1.106252 0.909818
1220000 3.682379 1.254103 1.103367
1230000 4.204756 1.336691 1.050560
1240000 3.151349 1.201335 1.132928
1250000 2.798934 1.094851 1.100358
1260000 3.264348 1.233860 1.011060
1270000 4.437811 1.253249 1.012409
1280000 5.045637 1.180445 1.113115
1290000 4.855806 1.248151 1.005786
1300000 4.713322 1.221147 1.068204
1310000 3.971871 1.201204 1.112450
1320000 3.987726 1.315479 1.122646
1330000 5.025772 1.249999 1.162375
1340000 4.358462 1.169565 1.023214
1350000 3.565489 1.309370 1.110500
1360000 2.691060 1.138124 1.099864
1370000 3.027280 1.360922 1.011566
1380000 3.543969 1.132506 1.010414
1390000 3.734141 1.233199 1.043072
1400000 3.985555 1.138392 1.156338
1410000 4.771095 1.169932 1.066845
1420000 4.624229 1.269747 1.171979
1430000 4.893334 1.134614 1.006175
1440000 4.396758 1.397197 0.976893
1450000 4.206912 1.252220 1.150833
1460000 3.420572 1.384337 1.033549
1470000 3.196701 1.319612 1.032678
1480000 2.306770 1.147412 1.111585
1490000 2.437729 1.148453 1.073249
1500000 2.145474 1.253129 1.059200
1510000 2.271367 1.336769 1.072540
1520000 3.821469 1.075191 0.929109
1530000 4.446482 1.312770 1.063752
1540000 3.277137 1.223276 1.009779
1550000 3.267548 1.180272 0.992043
1560000 2.628129 1.258673 1.090883
1570000 2.836036 1.381977 1.003119
1580000 3.338683 1.139887 0.940042
1590000 2.414428 1.147900 1.086691
1600000 1.931077 1.212698 1.013793
1610000 1.787955 1.170870 1.036257
1620000 1.701553 1.290156 1.012675
1630000 1.544237 1.312521 0.995335
1640000 1.567629 1.318244 1.096056
1650000 1.610961 1.331015 1.121686
1660000 1.697607 1.208796 1.043422
1670000 1.478674 1.240500 1.070641
1680000 1.484777 1.273286 0.996479
1690000 1.593048 1.153938 1.125297
1700000 2.270467 1.151819 0.967070
1710000 2.408062 1.254597 1.007998
1720000 2.152530 1.302814 1.052830
1730000 1.871393 1.286320 1.113978
1740000 2.057245 1.231274 1.118849
1750000 1.952128 1.186341 1.017915
1760000 2.912235 1.322793 0.932532
1770000 3.956507 1.186455 1.189950
1780000 3.816986 1.264451 1.127931
1790000 4.606735 1.207215 0.989894
1800000 3.222286 1.135032 0.981900
1810000 4.245782 1.264739 1.061957
1820000 4.573524 1.235167 1.194368
1830000 4.214152 1.155469 1.059610
1840000 4.479462 1.217680 0.971639
1850000 4.652731 1.150549 1.026670
1860000 3.722735 1.258612 0.950668
1870000 3.620039 1.443521 1.096113
1880000 4.380240 1.225087 1.045737
1890000 4.900664 1.251962 1.055044
1900000 4.785105 1.154733 1.106538
1910000 3.971042 1.251344 1.090610
1920000 3.140106 1.229182 1.060184
1930000 2.983826 1.385880 1.066590
1940000 3.436478 1.282458 1.024218
1950000 2.928864 1.216677 1.065893
1960000 2.481819 1.236618 1.049384
1970000 2.641127 1.285562 1.191298
1980000 3.528904 1.224091 1.079011
1990000 3.041865 1.299481 1.120750
2000000 2.183547 1.186086 1.127607
2010000 2.749458 1.087031 1.015852
2020000 3.033107 1.261456 0.938564
2030000 3.404566 1.169046 1.095029
2040000 2.969605 1.224330 1.037992
2050000 2.895326 1.192483 1.006765
2060000 2.594112 1.229188 1.082813
2070000 2.570026 1.211315 1.139939
2080000 2.213903 1.127337 1.048271
2090000 2.443364 1.405540 1.113481
2100000 2.531468 1.053513 1.069497
2110000 2.897782 1.198805 1.199081
2120000 3.634647 1.156243 1.113703
2130000 4.206831 1.322470 1.074565
2140000 3.911772 1.169782 1.017753
2150000 4.401160 1.347641 0.953055
2160000 4.213618 1.202240 1.039176
2170000 3.572641 1.280451 0.926279
2180000 3.377662 1.174014 0.998471
2190000 3.573300 1.246039 1.069592
2200000 4.376567 1.251264 1.059827
2210000 4.988206 1.229597 1.089324
2220000 4.312493 1.257323 0.967422
2230000 3.545636 1.110129 1.006057
2240000 3.046634 1.215681 1.056447
2250000 2.549605 1.227413 1.052593
2260000 3.131037 1.270850 1.047454
2270000 4.414565 1.408780 1.095111
2280000 3.935197 1.205620 0.981138
2290000 3.130213 1.184547 1.035189
2300000 2.318670 1.187738 1.065222
2310000 2.278577 1.251433 0.980257
2320000 2.087018 1.201075 1.142346
2330000 1.626094 1.214298 0.927135
2340000 1.362720 1.251478 1.151375
2350000 1.166424 1.180772 1.185628
2360000 1.232240 1.367023 1.082114
2370000 0.976819 1.125246 1.079480
2380000 0.846447 1.263693 0.961424
2390000 0.934072 1.295059 1.061308
2400000 1.021217 1.147615 1.064600
2410000 1.100452 1.223086 1.103259
2420000 1.409401 1.125494 1.125344
2430000 1.560660 1.207520 1.078028
2440000 1.808043 1.182459 1.124496
2450000 1.695914 1.155999 1.124716
2460000 1.544939 1.315158 0.957879
2470000 1.496190 1.192109 1.114891
2480000 1.739244 1.246351 1.131670
2490000 1.861027 1.129439 0.774694
2500000 1.649737 1.133541 1.181306
2510000 2.095694 1.212746 0.998344
2520000 1.942323 1.063562 0.979513
2530000 2.185413 1.234203 1.057270
2540000 2.833208 1.227000 0.934953
2550000 3.218562 1.176499 1.012009
2560000 3.433213 1.278574 0.917496
2570000 4.089802 1.347851 1.077424
2580000 5.066237 1.255385 1.001846
2590000 4.946638 1.158001 1.022277
2600000 4.663548 1.209354 1.066896
2610000 4.625651 1.259141 1.003724
2620000 3.953147 1.240425 1.062112
2630000 3.269119 1.253846 1.009697
2640000 3.440948 1.202379 0.995995
2650000 4.032469 1.225346 0.992699
2660000 3.791537 1.194941 1.025547
2670000 4.757174 1.175329 0.971363
2680000 4.687025 1.110989 1.068022
2690000 4.473965 1.195440 1.172515
2700000 4.760792 1.252920 1.043039
2710000 4.297407 1.238695 1.032426
2720000 3.889742 1.120939 1.092454
2730000 3.472285 1.264172 1.076779
2740000 3.118097 1.265653 1.000602
2750000 3.019305 1.202689 1.023566
2760000 2.291644 1.319037 1.018341
2770000 2.997736 1.234144 1.052302
2780000 3.584641 1.069821 1.009720
2790000 3.906817 1.262322 1.140898
2800000 4.405709 1.181620 1.109653
2810000 4.138654 1.188479 1.169258
2820000 3.337543 1.083621 1.050978
2830000 4.034074 1.082071 1.021983
2840000 4.568353 1.180727 1.017228
2850000 4.794285 1.412795 1.104298
2860000 4.557378 1.348695 1.220263
2870000 4.850105 1.241192 1.103406
2880000 4.610272 1.291048 1.074942
2890000 4.166950 1.252258 1.034558
2900000 4.692115 1.182559 1.041215
2910000 3.730267 1.238409 1.123764
2920000 3.637385 1.100268 1.035387
2930000 2.707081 1.250025 0.900148
2940000 2.447669 1.206076 1.052106
2950000 2.435726 1.258067 1.033111
2960000 2.844892 1.273829 0.994255
2970000 3.583697 1.226560 1.039540
2980000 2.988829 1.244860 1.097645
2990000 2.229511 1.203365 1.000201
3000000 2.094361 1.160988 1.073703
3010000 1.505878 1.211054 0.990138
3020000 1.701705 1.338403 1.045133
3030000 1.302638 1.313856 1.029381
3040000 1.319316 1.177491 1.019531
3050000 1.115864 1.110955 1.008337
3060000 1.078340 1.259005 0.904049
3070000 1.009935 1.230193 1.009719
3080000 1.132073 1.083347 0.998506
3090000 1.077224 1.258804 0.944260
3100000 1.302774 1.218095 0.979428
3110000 0.513877 1.169660 0.996905
3120000 1.175478 1.182300 1.073920
3130000 0.972524 1.384930 1.006759
3140000 0.821295 1.172036 1.103197
3150000 1.230225 1.231603 1.004006
3160000 1.274962 1.219885 1.030934
3170000 1.363759 1.051898 0.946223
3180000 1.274490 1.137482 1.140823
3190000 1.172396 1.144162 1.119728
3200000 1.676635 1.192281 1.026970
3210000 1.438316 1.007009 1.055879
3220000 1.608048 1.164229 1.024807
3230000 1.586350 1.232991 1.183970
3240000 1.596522 1.246650 1.155881
3250000 1.776037 1.240342 1.156937
3260000 2.037450 1.193444 0.941202
3270000 2.247520 1.152177 0.946655
3280000 2.188034 1.139379 0.964469
3290000 2.417262 1.081313 1.033371
3300000 2.347581 1.352805 1.062967
3310000 2.841245 1.282840 0.919850
3320000 2.536786 1.239952 1.100252
3330000 3.000660 1.261625 0.972604
3340000 2.685972 1.246498 1.148322
3350000 2.652808 1.128798 1.056047
3360000 3.175568 1.254024 1.025923
3370000 3.843961 1.221302 1.022467
3380000 3.992863 1.142115 0.898258
3390000 3.471787 1.293580 1.118900
3400000 3.210071 1.081061 1.077524
3410000 3.887322 1.068295 0.980831
3420000 4.261213 1.182613 1.184159
3430000 4.638264 1.288306 1.135225
3440000 4.301426 1.247449 1.190442
3450000 4.087071 1.221691 1.047875
3460000 3.592869 1.198364 1.004623
3470000 4.236307 1.233989 1.283245
3480000 4.379355 1.132519 1.054045
3490000 3.683636 1.216060 1.115373
3500000 3.074259 1.246146 0.965788
3510000 2.674591 1.279505 1.067281
3520000 2.282836 1.224519 1.202256
3530000 1.965888 1.169566 1.061137
3540000 1.579633 1.145589 1.206724
3550000 1.892781 1.223550 1.093333
3560000 1.847523 1.203110 0.978392
3570000 1.865163 1.224607 1.060584
3580000 1.917162 1.143772 0.994958
3590000 1.582843 1.269708 1.029257
3600000 1.659057 1.353018 1.104655
3610000 1.412104 1.259973 1.074864
3620000 1.628603 1.269666 1.057188
3630000 1.462170 1.272653 1.132362
3640000 1.469360 1.227366 1.021147
3650000 1.747960 1.242704 1.068366
3660000 2.215362 1.160821 1.013115
3670000 2.552411 1.157437 1.093165
3680000 2.867166 1.229632 1.111603
3690000 3.050661 1.347195 1.065588
3700000 3.203121 1.185543 1.070599
3710000 4.126950 1.209336 1.119121
3720000 4.345197 1.347651 0.932067
3730000 4.972648 1.142225 1.106290
3740000 4.936592 1.220328 1.102040
3750000 4.403663 1.172986 1.076525
3760000 4.201855 1.163956 1.058085
3770000 4.645309 1.125313 0.990023
3780000 4.307256 1.374804 1.060543
3790000 5.003186 1.236025 0.981661
3800000 4.891168 1.263607 0.977094
3810000 4.979693 1.190971 1.084613
3820000 4.580620 1.265414 1.103576
3830000 4.027875 1.273483 1.149027
3840000 4.421654 1.229041 0.892676
3850000 4.593589 1.240859 1.074063
3860000 4.852392 1.132303 0.995082
3870000 3.548539 1.296441 1.088046
3880000 3.531601 1.196124 0.908830
3890000 3.418326 1.096375 1.095060
3900000 3.516038 1.271834 0.977388
3910000 3.796619 1.250723 0.914607
3920000 3.713605 1.258083 1.118622
3930000 3.631399 1.230587 1.000304
3940000 2.711417 1.281536 1.037662
3950000 3.150499 1.244467 0.982036
3960000 2.095346 1.235041 0.986558
3970000 2.262577 1.238347 1.099056
3980000 2.567736 1.127265 0.986926
3990000 2.443854 1.240166 1.037526
4000000 2.375364 1.177063 0.929241
