100000 3.051377 1.240273 0.896218
110000 2.093562 1.279111 0.971411
120000 1.927531 1.169026 0.923105
130000 2.777503 1.267341 0.851678
140000 2.357024 1.261779 1.027117
150000 3.760077 1.133257 0.918708
160000 4.226634 1.208401 0.990406
170000 3.874015 1.297417 0.907119
180000 3.242079 1.340987 0.786306
190000 4.059535 1.308526 0.856264
200000 4.476936 1.201137 0.781215
210000 4.629780 1.259765 0.974347
220000 4.825113 1.124172 0.886778
230000 3.625043 1.326040 0.876803
240000 2.549408 1.240627 0.742201
250000 1.495709 1.160192 0.903892
260000 1.889171 1.126803 0.904175
270000 1.318839 1.179972 0.844252
280000 1.216457 1.201227 0.883083
290000 1.140758 1.292029 0.848541
300000 1.141813 1.177707 0.815735
310000 1.974940 1.283049 0.885853
320000 2.698639 1.210061 0.857597
330000 2.828220 1.277448 0.950192
340000 2.573161 1.282438 0.945992
350000 1.980168 1.233009 0.864415
360000 1.456345 1.231310 0.953422
370000 1.069526 1.235024 0.957631
380000 1.078781 1.257019 0.899017
390000 1.358175 1.215461 0.798078
400000 1.434502 1.201031 0.784953
410000 2.046958 1.184858 0.835388
420000 2.623645 1.174471 0.928669
430000 3.173736 1.171394 0.836252
440000 3.270258 1.315800 0.962765
450000 2.989946 1.287823 0.901815
460000 2.372170 1.314491 0.741065
470000 3.108327 1.255339 0.854826
480000 3.764735 1.266608 0.903475
490000 4.512586 1.293656 1.030809
500000 4.586348 1.285531 0.817038
510000 4.119271 1.276741 0.960079
520000 3.845969 1.178478 0.828070
530000 3.412744 1.219938 0.918175
540000 3.921835 1.285002 0.858516
550000 4.998811 1.060863 0.959050
560000 4.342594 1.387956 0.887434
570000 4.097283 1.191131 0.858082
580000 4.329625 1.204815 0.960117
590000 4.133448 1.244357 0.803083
600000 4.545910 1.180965 0.969395
610000 4.413560 1.080844 0.880742
620000 3.185424 1.073096 1.041056
630000 3.215912 1.311075 0.818617
640000 2.370861 1.120163 0.933421
650000 2.109447 1.125005 0.875172
660000 1.712805 1.276577 0.799105
670000 1.974615 1.262760 0.946978
680000 2.507383 1.185204 0.863102
690000 2.542813 1.260624 0.891041
700000 1.659530 1.269282 0.842450
710000 1.382386 1.167853 0.879985
720000 1.706478 1.201671 0.876035
730000 1.942070 1.275002 0.908871
740000 2.193672 1.151409 0.890898
750000 2.046100 1.139159 0.995247
760000 2.492102 1.097221 0.799766
770000 2.893110 1.200039 0.869531
780000 3.459386 1.227695 0.723768
790000 3.513338 1.172153 0.932344
800000 4.435662 1.135411 0.723633
810000 3.692456 1.292937 0.887936
820000 4.265673 1.133271 0.947788
830000 4.096113 1.132983 0.791117
840000 4.464812 1.144818 0.901924
850000 4.983370 1.240720 0.772434
860000 3.469683 1.304625 0.816819
870000 3.626206 1.247875 0.828574
880000 4.060124 1.280600 1.030724
890000 3.491576 1.326722 0.908221
900000 2.828134 1.175761 1.000215
910000 2.623745 1.196644 0.861158
920000 2.582668 1.146302 0.751591
930000 3.407795 1.247354 0.808633
940000 4.331805 1.218409 0.941128
950000 4.894976 1.145278 1.058314
960000 4.372431 1.265588 0.869610
970000 4.793309 1.189385 0.805711
980000 4.762561 1.243689 0.835269
990000 4.433553 1.317505 0.877657
1000000 3.730035 1.251495 0.885752
1010000 2.992617 1.071976 0.953799
1020000 2.426692 1.215738 0.701264
1030000 2.304803 1.183122 0.868221
1040000 2.228982 1.134596 0.796590
1050000 2.402111 1.204978 0.871793
1060000 3.320202 1.239401 0.761704
1070000 3.384594 1.087637 0.782768
1080000 3.712840 1.190535 0.877961
1090000 4.766356 1.286875 0.884303
1100000 4.454737 1.202296 0.953190
1110000 4.120593 1.332461 0.870485
1120000 3.605216 1.220531 0.870824
1130000 3.019007 1.227192 0.857334
1140000 3.517244 1.196737 0.652230
1150000 4.917701 1.227338 0.904587
1160000 4.012005 1.257299 0.863310
1170000 2.900200 1.140531 0.952980
1180000 2.736468 1.146342 0.957474
1190000 2.427481 1.251263 0.784185
1200000 1.956845 1.307532 0.815969
1210000 1.792247 1.263023 0.935553
1220000 1.495530 1.260784 0.894443
1230000 1.838023 1.300920 0.985915
1240000 0.947011 1.264765 0.944872
1250000 0.951055 1.278084 0.814997
1260000 1.170273 1.198192 0.724908
1270000 1.231080 1.117266 0.917067
1280000 0.710641 1.162781 0.941922
1290000 0.661590 1.157046 0.818179
1300000 0.891220 1.173437 0.872008
1310000 1.264786 1.291165 0.855273
1320000 1.161929 1.206236 0.785430
1330000 1.508189 1.458276 0.889757
1340000 1.466495 1.273073 0.828417
1350000 1.116904 1.183216 0.852150
1360000 1.014534 1.398065 0.831682
1370000 1.141081 1.346105 0.713605
1380000 1.616516 1.268900 0.792939
1390000 1.481651 1.224084 0.733632
1400000 0.870421 1.209778 0.841146
1410000 0.667209 1.207281 0.890187
1420000 0.829524 1.139608 0.896886
1430000 0.989427 1.289074 1.001708
1440000 1.316521 1.214580 0.885511
1450000 1.654462 1.223601 0.760652
1460000 2.054947 1.275651 0.889266
1470000 1.864880 1.399924 0.885537
1480000 1.689199 1.285853 0.852412
1490000 1.882826 1.135592 0.823818
1500000 2.480797 1.208806 0.935729
1510000 2.333871 1.225937 0.875252
1520000 2.278911 1.108423 0.808516
1530000 2.066866 1.154306 0.907486
1540000 2.167172 1.194564 1.022478
1550000 2.916312 1.271392 0.865373
1560000 3.299055 1.324848 0.905272
1570000 3.661668 1.189886 0.861479
1580000 3.284923 1.181359 0.830698
1590000 4.262047 1.139451 0.926456
1600000 3.350938 1.231453 0.902929
1610000 2.808309 1.247015 0.904783
1620000 2.889597 1.281046 0.898930
1630000 2.765829 1.373274 0.898621
1640000 3.007881 1.201125 0.894787
1650000 3.822528 1.263142 0.851051
1660000 3.965106 1.187592 0.871530
1670000 3.886281 1.189540 0.832214
1680000 3.420441 1.127542 0.834827
1690000 3.818041 1.235130 0.766792
1700000 4.404416 1.093267 0.854674
1710000 4.831738 1.245709 0.699276
1720000 4.344521 1.180187 0.886738
1730000 3.815454 1.234577 0.854430
1740000 4.657596 1.250471 0.854134
1750000 3.224266 1.317247 0.824323
1760000 3.326643 1.271534 0.812322
1770000 2.531956 1.287256 0.879763
1780000 2.309875 1.240426 0.748855
1790000 2.192977 1.213729 0.833807
1800000 1.762050 1.312496 0.938439
1810000 1.470394 1.188080 0.952083
1820000 1.920101 1.205632 0.892581
1830000 1.221840 1.166646 0.896640
1840000 1.454835 1.162808 0.868223
1850000 2.255868 1.180599 0.900255
1860000 2.527972 1.348495 0.946687
1870000 2.237096 1.279935 0.930051
1880000 2.422450 1.148685 0.814962
1890000 2.173157 1.174628 0.833720
1900000 2.667793 1.214016 0.980811
1910000 1.840114 1.215463 0.852360
1920000 1.696366 1.299503 0.855041
1930000 1.787115 1.291030 0.903049
1940000 2.367476 1.302749 0.921746
1950000 2.421290 1.196977 0.866513
1960000 2.876939 1.310277 0.866011
1970000 3.317467 1.375097 0.861513
1980000 4.311942 1.290536 0.711902
1990000 3.825682 1.237338 0.853917
2000000 4.259250 1.216145 0.875066
2010000 4.207726 1.198817 0.961274
2020000 4.496003 1.283558 0.906391
2030000 3.735221 1.138675 0.940698
2040000 2.931950 1.307676 0.880635
2050000 2.613488 1.239063 0.921283
2060000 3.808808 1.289283 0.969580
2070000 4.587548 1.294474 0.889362
2080000 4.357928 1.295763 0.862507
2090000 4.209801 1.158976 0.833387
2100000 4.546462 1.200935 0.850566
2110000 4.323065 1.339848 0.828919
2120000 3.971691 1.266946 0.644272
2130000 3.200146 1.354354 0.847848
2140000 3.246270 1.360352 0.758031
2150000 3.061075 1.284052 0.743163
2160000 3.139974 1.247572 0.827577
2170000 3.912731 1.117258 0.922797
2180000 4.677722 1.092447 0.942172
2190000 4.664800 1.176711 0.759377
2200000 4.082713 1.074703 0.863958
2210000 4.305859 1.119610 0.849027
2220000 4.000183 1.238775 0.880006
2230000 3.189277 1.133068 0.822939
2240000 3.756621 1.291187 0.852024
2250000 4.389887 1.255610 0.872341
2260000 4.671996 1.030057 0.886924
2270000 4.759973 1.172920 0.894970
2280000 4.618915 1.221298 0.802839
2290000 3.610648 1.260723 0.759630
2300000 4.205164 1.206263 0.850653
2310000 3.984686 1.195971 1.028684
2320000 3.203106 1.221756 0.869252
2330000 2.937988 1.085971 0.773090
2340000 2.552898 1.192605 1.033008
2350000 2.431979 1.223583 0.916880
2360000 2.087222 1.257292 1.048973
2370000 2.146768 1.217728 0.944913
2380000 1.851014 1.329929 0.822830
2390000 1.675051 1.254278 0.947611
2400000 1.678867 1.156422 0.874863
2410000 1.211240 1.296069 0.908617
2420000 1.059902 1.177878 0.904744
2430000 1.402681 1.211132 0.898217
2440000 1.713047 1.223427 0.827442
2450000 1.174677 1.252821 0.985403
2460000 1.444716 1.253009 0.850205
2470000 1.435993 1.219467 0.842839
2480000 1.056660 1.148257 0.861453
2490000 0.992117 1.183261 0.975244
2500000 1.100464 1.236439 0.797374
2510000 1.147317 1.322767 0.988505
2520000 0.614031 1.230189 0.741997
2530000 0.586632 1.177022 0.828841
2540000 0.812939 1.249330 0.736845
2550000 0.752490 1.289488 0.847091
2560000 0.875595 1.230451 0.859530
2570000 1.376128 1.395020 0.756195
2580000 1.216976 1.276267 0.802258
2590000 0.960782 1.203690 0.845389
2600000 1.177088 1.271068 0.898821
2610000 1.315271 1.235216 0.903748
2620000 1.145843 1.186540 0.963313
2630000 0.806850 1.224226 0.977457
2640000 1.088072 1.153332 0.884515
2650000 1.458306 1.140622 0.947433
2660000 1.453839 1.179781 0.760745
2670000 1.496773 1.143775 1.096207
2680000 1.745301 1.303511 0.832032
2690000 1.702649 1.151117 0.839029
2700000 1.970948 1.204325 0.825362
2710000 2.339340 1.178861 0.799404
2720000 2.647444 1.239049 0.898144
2730000 2.775419 1.247387 0.755330
2740000 2.538372 1.260105 0.860578
2750000 2.845390 1.240483 0.780346
2760000 2.674190 1.249055 0.917256
2770000 2.724576 1.195366 0.976131
2780000 2.600405 1.320963 0.781706
2790000 3.014825 1.191390 0.916751
2800000 3.397614 1.300236 0.844580
2810000 3.860815 1.186090 0.953796
2820000 3.772036 1.144033 0.816788
2830000 4.762197 1.281584 0.938996
2840000 4.346870 1.164279 0.815765
2850000 4.905701 1.312760 0.952584
2860000 4.065014 1.100086 0.915296
2870000 3.388975 1.236777 0.860161
2880000 3.675384 1.131191 0.832356
2890000 4.743124 1.385464 0.903165
2900000 5.055366 1.175454 0.895023
2910000 3.629312 1.272225 0.829969
2920000 3.778819 1.210186 0.925192
2930000 4.147866 1.139467 0.847141
2940000 4.189108 1.154791 0.972527
2950000 4.794372 1.221896 0.857990
2960000 4.234476 1.221216 0.849800
2970000 5.015078 1.145551 0.858141
2980000 4.925881 1.052301 0.972069
2990000 4.472412 1.097862 0.755182
3000000 3.550366 1.342842 0.899762
3010000 4.085197 1.174304 0.897662
3020000 4.301666 1.198485 0.880240
3030000 4.486201 1.207942 0.818357
3040000 4.982232 1.171533 0.884122
3050000 3.249324 1.242022 0.766027
3060000 2.911368 1.290712 1.018205
3070000 2.728969 1.261415 0.838804
3080000 3.341896 1.260771 0.938908
3090000 4.417053 1.331098 0.856470
3100000 5.036902 1.174133 0.877739
3110000 4.066246 1.225343 0.948793
3120000 3.354773 1.337093 0.899569
3130000 4.058597 1.269103 0.968478
3140000 3.508906 1.178798 0.875308
3150000 2.693374 1.394026 0.851245
3160000 2.702936 1.210759 0.757433
3170000 2.285400 1.157927 0.883780
3180000 2.399212 1.340236 0.727503
3190000 2.216885 1.198580 0.870126
3200000 1.864230 1.281772 1.008412
3210000 1.950736 1.324624 0.746412
3220000 2.230915 1.072550 0.895776
3230000 2.569852 1.388054 0.916100
3240000 2.754616 1.176283 0.791259
3250000 2.903736 1.226262 0.769709
3260000 3.468143 1.284428 0.911080
3270000 3.631935 1.026498 0.716699
3280000 3.680054 1.202584 0.894043
3290000 3.517112 1.122064 0.891148
3300000 3.796909 1.259207 0.798798
3310000 4.781775 1.221694 0.838332
3320000 3.881737 1.238950 0.959367
3330000 4.157707 1.169465 0.770213
3340000 4.441161 1.375509 0.931203
3350000 4.663547 1.314155 0.923294
3360000 4.642619 1.329599 0.942466
3370000 4.575961 1.196321 0.905436
3380000 3.473901 1.200681 1.033681
3390000 2.658170 1.134383 0.897111
3400000 2.500838 1.208382 0.799389
3410000 2.256651 1.202878 0.978932
3420000 2.059196 1.278558 0.865678
3430000 1.691585 1.297587 0.851620
3440000 1.970326 1.180651 0.803215
3450000 2.001952 1.230954 0.866065
3460000 1.939548 1.197258 0.835673
3470000 1.877619 1.164506 0.737321
3480000 2.030446 1.225418 0.844531
3490000 1.791239 1.125688 0.741757
3500000 1.588334 1.253899 0.892257
3510000 1.420295 1.265961 0.909753
3520000 1.520605 1.249711 0.820107
3530000 1.289854 1.122470 0.764396
3540000 1.467707 1.261576 0.940749
3550000 1.505949 1.282684 0.840745
3560000 1.468994 1.217489 0.880784
3570000 1.142703 1.122477 0.795833
3580000 1.792932 1.110006 0.819770
3590000 2.083395 1.149201 0.880375
3600000 2.282868 1.185657 0.841047
3610000 2.470452 1.191150 0.956798
3620000 2.440477 1.059699 0.914424
3630000 2.770301 1.183830 0.926986
3640000 2.762764 1.245476 0.937895
3650000 3.410380 1.196535 0.750478
3660000 3.585779 1.205724 0.930141
3670000 3.500538 1.246521 0.832255
3680000 3.377091 1.230731 0.974640
3690000 3.531041 1.245645 0.871098
3700000 3.502484 1.161784 0.881852
3710000 4.562081 1.299662 0.778102
3720000 4.475725 1.228363 1.005308
3730000 4.104645 1.408590 1.038954
3740000 4.105154 1.258030 0.865111
3750000 3.967403 1.207330 0.933064
3760000 4.783632 1.217024 0.846915
3770000 3.421707 1.278020 0.892389
3780000 4.238216 1.193264 0.823473
3790000 3.116693 1.304145 0.875323
3800000 2.769649 1.235502 0.988861
3810000 3.135103 1.259262 1.006575
3820000 3.518703 1.147310 0.946246
3830000 3.936220 1.174416 0.775102
3840000 3.461139 1.202748 0.956720
3850000 3.259244 1.126306 0.918895
3860000 3.852726 1.239878 0.884299
3870000 3.807814 1.265262 0.753707
3880000 4.974202 1.298373 0.789412
3890000 4.302180 1.207480 0.815963
3900000 4.973047 1.300843 0.890170
3910000 4.907595 1.246786 0.925311
3920000 4.288396 1.134773 0.916453
3930000 4.746974 1.253459 0.796672
3940000 4.713218 1.194907 0.888004
3950000 4.740044 1.169400 0.874528
3960000 4.208540 1.340815 0.900859
3970000 4.917707 1.264764 0.993568
3980000 3.591690 1.158316 0.796390
3990000 2.782904 1.156466 0.917498
4000000 2.465663 1.264592 0.953098
