100000 4.457571 1.131071 0.358481
110000 4.261562 1.290904 0.554691
120000 3.869851 1.146732 0.298382
130000 3.190097 1.255898 0.268508
140000 3.015920 1.233937 0.340105
150000 3.900600 1.317780 0.272551
160000 3.495545 1.236208 0.366720
170000 5.054468 1.158463 0.431389
180000 4.385080 1.311537 0.381205
190000 4.199267 1.340316 0.336568
200000 4.892604 1.245404 0.471202
210000 2.961868 1.177043 0.477745
220000 4.021636 1.220366 0.223574
230000 2.584066 1.082938 0.276476
240000 3.121144 1.124514 0.284974
250000 2.577989 1.250272 0.331379
260000 1.659062 1.100984 0.404517
270000 2.120246 1.207642 0.391110
280000 1.666520 1.131168 0.254096
290000 1.413942 1.245051 0.375969
300000 2.406752 1.214559 0.331203
310000 1.765460 1.287572 0.352711
320000 1.586214 1.222777 0.377169
330000 1.359860 1.266137 0.223772
340000 1.341465 1.193140 0.424805
350000 1.118407 1.192502 0.346228
360000 1.256533 1.030489 0.317598
370000 1.981664 1.128879 0.349685
380000 2.607827 1.078089 0.319467
390000 2.942482 1.344883 0.440087
400000 3.719443 1.267325 0.384128
410000 4.281682 1.370714 0.362815
420000 4.204950 1.273356 0.346997
430000 3.558905 1.259902 0.365044
440000 2.998662 1.219030 0.276188
450000 2.537908 1.288284 0.520311
460000 2.084436 1.239766 0.292352
470000 3.158490 1.132497 0.250616
480000 4.584453 1.382352 0.259912
490000 4.035958 1.123087 0.452555
500000 3.961158 1.142987 0.429918
510000 3.132703 1.296948 0.310855
520000 3.142318 1.178718 0.304623
530000 4.487924 1.214369 0.261266
540000 4.870475 1.269400 0.296282
550000 4.606569 1.182129 0.392160
560000 4.955704 1.230219 0.338913
570000 4.713438 1.308960 0.451809
580000 4.396637 1.252124 0.311613
590000 3.444326 1.218959 0.413171
600000 3.627117 1.175863 0.279652
610000 3.674278 1.294356 0.356443
620000 5.030327 1.208222 0.353866
630000 4.202472 1.237208 0.381883
640000 3.369509 1.143041 0.293572
650000 2.804430 1.081458 0.302735
660000 2.912842 1.151506 0.261801
670000 2.207040 1.259097 0.520191
680000 3.093776 1.161945 0.366285
690000 3.694419 1.144004 0.426694
700000 4.215243 1.061677 0.371728
710000 4.781956 1.171040 0.454468
720000 4.132510 1.402517 0.402150
730000 3.311689 1.208915 0.317687
740000 1.756830 1.235247 0.388183
750000 1.659309 1.165291 0.289425
760000 2.040287 1.053401 0.220540
770000 1.997888 1.253152 0.276980
780000 2.525971 1.254184 0.305936
790000 2.910846 1.247607 0.292164
800000 2.236082 1.202475 0.350006
810000 1.616330 1.168821 0.272179
820000 1.646453 1.179500 0.361361
830000 1.127465 1.363098 0.415920
840000 1.236405 1.229140 0.420359
850000 1.030912 1.281281 0.242645
860000 0.906290 1.229166 0.407135
870000 1.430990 1.222351 0.293522
880000 2.211503 1.077136 0.272843
890000 2.260853 1.090365 0.387032
900000 2.425480 1.226195 0.393538
910000 2.777768 1.103629 0.311372
920000 3.657205 1.200057 0.397881
930000 3.585047 1.225650 0.308113
940000 2.714994 1.161596 0.394939
950000 3.671088 1.228179 0.433628
960000 4.466130 1.370021 0.255808
970000 4.633516 1.137528 0.346927
980000 4.573637 1.218680 0.311634
990000 4.349017 1.042737 0.343979
1000000 4.110879 1.266748 0.435612
1010000 4.332452 1.248476 0.273944
1020000 4.883428 1.217821 0.382461
1030000 4.569207 1.159539 0.439646
1040000 4.141892 1.185454 0.369655
1050000 3.596872 1.193917 0.244627
1060000 2.628189 1.197637 0.297534
1070000 2.380093 1.192519 0.181310
1080000 3.058062 1.177538 0.216580
1090000 3.468995 1.195704 0.320117
1100000 4.299017 1.078564 0.415650
1110000 4.770523 1.219574 0.343948
1120000 4.591375 1.154488 0.406077
1130000 4.020329 1.236275 0.266655
1140000 4.399024 1.193503 0.377624
1150000 4.572998 1.181166 0.277040
1160000 4.037983 1.224160 0.355244
1170000 3.411653 1.294840 0.359260
1180000 2.718926 1.236097 0.467393
1190000 2.853076 1.115038 0.239483
1200000 3.631321 1.237343 0.292801
1210000 2.606742 1.281375 0.301967
1220000 2.260184 1.256945 0.400451
1230000 2.906133 1.236828 0.359124
1240000 2.251418 1.323907 0.338389
1250000 2.262884 1.196226 0.436894
1260000 1.667934 1.243346 0.286699
1270000 1.758730 1.207284 0.293675
1280000 1.814604 1.100798 0.303333
1290000 1.633143 1.225287 0.345519
1300000 1.738981 1.340080 0.478515
1310000 1.866634 1.087369 0.476118
1320000 2.482388 1.152753 0.276499
1330000 2.596826 1.002255 0.226271
1340000 3.658539 1.136292 0.331254
1350000 4.152282 1.010663 0.320843
1360000 4.561342 1.218142 0.458484
1370000 3.853150 1.182163 0.308177
1380000 4.682277 1.330856 0.206830
1390000 4.861521 1.277847 0.315605
1400000 4.587065 1.269654 0.275936
1410000 4.544076 1.286096 0.286791
1420000 3.795022 1.217121 0.233354
1430000 3.469336 1.181681 0.357017
1440000 3.273380 1.139536 0.202785
1450000 3.525010 1.117456 0.247368
1460000 3.155486 1.232301 0.455062
1470000 4.389172 1.306304 0.412166
1480000 4.684587 1.175262 0.341957
1490000 3.501984 1.327660 0.144342
1500000 3.417730 1.323410 0.412486
1510000 2.894701 1.113017 0.317286
1520000 2.427131 1.073093 0.428019
1530000 2.304753 1.259784 0.442120
1540000 1.929455 1.384754 0.462081
1550000 1.722657 1.112759 0.238804
1560000 1.013507 1.190791 0.399048
1570000 1.071128 1.217641 0.389784
1580000 1.065805 1.218477 0.378275
1590000 0.873415 1.151066 0.407598
1600000 1.365255 1.227779 0.438663
1610000 1.436198 1.358468 0.365863
1620000 1.379066 1.177087 0.431176
1630000 1.494983 1.175562 0.156423
1640000 0.609018 1.261949 0.343045
1650000 1.217111 1.231672 0.280241
1660000 1.112131 1.277884 0.501584
1670000 1.157651 1.267442 0.327455
1680000 1.551373 1.269624 0.267452
1690000 1.640532 1.397501 0.384331
1700000 2.011591 1.215929 0.249951
1710000 2.637391 1.236419 0.290546
1720000 2.362607 1.148039 0.402511
1730000 1.915240 1.339848 0.475663
1740000 2.697077 1.187808 0.344265
1750000 2.940374 1.098285 0.319879
1760000 2.657656 1.130844 0.432640
1770000 2.198086 1.213456 0.383038
1780000 2.254648 1.123063 0.447764
1790000 2.787883 1.246443 0.412393
1800000 3.885428 1.213129 0.419768
1810000 3.825943 1.147581 0.324549
1820000 4.706651 1.309403 0.286367
1830000 4.717411 1.271782 0.340718
1840000 4.570642 1.250544 0.420853
1850000 4.491752 1.198502 0.378012
1860000 4.914045 1.235308 0.367939
1870000 4.631956 1.268854 0.315451
1880000 3.976129 1.181966 0.377628
1890000 3.694432 1.253700 0.494209
1900000 4.012477 1.439810 0.485758
1910000 3.546597 1.045307 0.248672
1920000 4.103338 1.226483 0.238027
1930000 3.862959 1.462761 0.401491
1940000 4.573608 1.296479 0.252860
1950000 4.200737 1.226673 0.344410
1960000 3.758645 1.134666 0.315637
1970000 3.148595 1.247244 0.369281
1980000 3.460306 1.227431 0.257146
1990000 3.729718 1.293962 0.528037
2000000 3.658001 1.094688 0.278373
2010000 2.829361 1.352317 0.410705
2020000 2.924888 1.297211 0.355937
2030000 4.219990 1.070482 0.358381
2040000 4.697258 1.156745 0.460007
2050000 4.904183 1.153821 0.454583
2060000 4.716837 1.142809 0.298539
2070000 3.455464 1.342607 0.312436
2080000 3.248135 1.240337 0.394285
2090000 2.747892 1.220704 0.390836
2100000 2.246804 1.266754 0.530556
2110000 2.578405 1.288875 0.339086
2120000 2.843063 1.256068 0.376980
2130000 3.014540 1.266079 0.470116
2140000 2.666539 1.241726 0.462633
2150000 2.075287 1.314264 0.276125
2160000 2.446230 1.368762 0.303831
2170000 2.995690 1.170191 0.499332
2180000 3.499284 1.223716 0.402075
2190000 2.512805 1.176260 0.388306
2200000 1.841599 1.244519 0.216555
2210000 1.717886 1.258028 0.322866
2220000 1.678969 1.290409 0.288986
2230000 1.586682 1.236975 0.315158
2240000 1.651647 1.311209 0.329485
2250000 1.668036 1.216612 0.238452
2260000 1.473923 1.149093 0.341837
2270000 1.406683 1.294732 0.352872
2280000 1.443044 1.222537 0.407313
2290000 1.486040 1.230140 0.338957
2300000 1.460718 1.243732 0.258203
2310000 1.268356 1.235229 0.298729
2320000 0.631985 1.210782 0.332417
2330000 0.731635 1.246164 0.265622
2340000 0.970488 1.337683 0.308323
2350000 0.761894 1.142740 0.253277
2360000 0.972189 1.245390 0.385226
2370000 1.050003 1.082203 0.440022
2380000 0.591684 1.229556 0.413720
2390000 0.930433 1.218061 0.346407
2400000 0.741281 1.184340 0.354066
2410000 1.253837 1.197063 0.296874
2420000 0.993344 1.204763 0.333773
2430000 1.105235 1.300716 0.430430
2440000 1.064417 1.237459 0.195813
2450000 1.445383 1.191694 0.422253
2460000 1.640253 1.243779 0.272859
2470000 1.786625 1.204267 0.454190
2480000 1.701418 1.157616 0.360629
2490000 1.881282 1.254557 0.389361
2500000 2.231655 1.297428 0.389946
2510000 3.193177 1.145731 0.408628
2520000 3.984014 1.242650 0.266324
2530000 4.615675 1.218757 0.359105
2540000 4.364775 1.275716 0.379467
2550000 4.055927 1.192912 0.330111
2560000 3.647804 1.194285 0.357452
2570000 4.867037 1.189931 0.423614
2580000 4.265891 1.348631 0.451308
2590000 4.622445 1.218654 0.333720
2600000 5.006858 1.253171 0.336947
2610000 3.924977 1.182008 0.335311
2620000 3.296488 1.374911 0.398397
2630000 2.934174 1.238076 0.374052
2640000 2.611463 1.211539 0.465242
2650000 3.331167 1.241091 0.233950
2660000 2.859914 1.090692 0.287682
2670000 3.928857 1.242169 0.450313
2680000 2.829582 1.232023 0.296554
2690000 2.469826 1.247521 0.303559
2700000 2.858951 1.238592 0.322940
2710000 3.267154 1.271516 0.325340
2720000 3.403818 1.261968 0.402019
2730000 3.945139 1.169839 0.375203
2740000 4.903900 1.212666 0.277001
2750000 4.500832 1.201117 0.412476
2760000 4.175720 1.159341 0.355245
2770000 3.921376 1.164053 0.468249
2780000 3.682609 1.401933 0.319155
2790000 4.630681 1.184460 0.253145
2800000 5.000782 1.128084 0.385795
2810000 4.882993 1.032412 0.473058
2820000 4.536367 1.198587 0.413022
2830000 3.517033 1.269779 0.253214
2840000 4.813674 1.163698 0.312638
2850000 5.059427 1.131437 0.306486
2860000 4.938991 1.196607 0.400583
2870000 5.010078 1.264247 0.400446
2880000 4.815820 1.307033 0.461740
2890000 4.304550 1.274185 0.308198
2900000 3.282788 1.225720 0.413649
2910000 3.251429 1.254586 0.279645
2920000 3.379579 1.149461 0.283325
2930000 3.906032 1.150381 0.245214
2940000 4.519105 1.172131 0.379495
2950000 4.489317 1.265029 0.414976
2960000 3.441651 1.261069 0.271822
2970000 4.241498 1.088396 0.406648
2980000 4.915157 1.211733 0.316405
2990000 4.685400 1.128512 0.354247
3000000 3.680491 1.160033 0.368788
3010000 2.186228 1.205244 0.251370
3020000 2.767155 1.259942 0.279616
3030000 3.255519 1.261150 0.342056
3040000 3.205048 1.172379 0.300719
3050000 2.995617 1.367678 0.361615
3060000 3.787731 1.179630 0.243020
3070000 3.773099 1.291733 0.512365
3080000 3.937710 1.316132 0.210386
3090000 4.188808 1.213232 0.363556
3100000 4.133640 1.235595 0.296417
3110000 4.518915 1.162663 0.277483
3120000 4.652822 1.309143 0.328297
3130000 4.579254 1.224929 0.416565
3140000 3.362040 1.114928 0.318783
3150000 2.699009 1.246643 0.251068
3160000 2.227077 1.154634 0.331840
3170000 1.998682 1.254272 0.342030
3180000 2.509363 1.261475 0.337512
3190000 2.144691 1.167362 0.263246
3200000 1.629496 1.279635 0.254317
3210000 1.362695 1.326672 0.344611
3220000 1.164965 1.369469 0.324561
3230000 1.071279 1.316795 0.360297
3240000 1.148296 1.374974 0.262709
3250000 1.029119 1.214343 0.427032
3260000 1.404351 1.300779 0.341188
3270000 1.083120 1.309642 0.407265
3280000 1.479816 1.162014 0.393128
3290000 1.014790 1.157163 0.388027
3300000 1.467586 1.157857 0.433291
3310000 1.165217 1.185905 0.348193
3320000 1.020045 1.228446 0.271694
3330000 0.950792 1.146942 0.312547
3340000 0.898645 1.230192 0.298813
3350000 1.808497 1.156018 0.375289
3360000 1.499773 1.134236 0.229763
3370000 1.953083 1.139891 0.403489
3380000 2.298999 1.116767 0.369074
3390000 2.210914 1.174663 0.496958
3400000 2.359962 1.273200 0.406588
3410000 2.881929 1.164645 0.166150
3420000 2.538016 1.219543 0.292365
3430000 3.864806 1.174724 0.303827
3440000 4.883264 1.215082 0.464146
3450000 4.638312 1.194012 0.276073
3460000 4.685380 1.316658 0.359316
3470000 4.648822 1.200332 0.389024
3480000 4.651246 1.225969 0.268295
3490000 4.973320 1.213243 0.420473
3500000 3.444070 1.166875 0.376865
3510000 2.890499 1.334318 0.547799
3520000 2.507048 1.073971 0.391557
3530000 2.428455 1.279934 0.443471
3540000 2.101853 1.219637 0.307165
3550000 2.102734 1.217151 0.387482
3560000 2.383218 1.391744 0.291770
3570000 2.641827 1.189313 0.398316
3580000 2.831146 1.318859 0.342680
3590000 2.249904 1.254545 0.392587
3600000 3.299847 1.239262 0.402270
3610000 2.493683 1.260952 0.295252
3620000 2.116541 1.174501 0.335138
3630000 2.096281 1.255166 0.241486
3640000 2.017918 1.225152 0.431288
3650000 1.565913 1.179308 0.477359
3660000 1.614685 1.169314 0.443395
3670000 1.757561 1.277967 0.439404
3680000 1.465832 1.129009 0.384384
3690000 1.477003 1.240758 0.415783
3700000 1.211660 1.227210 0.339255
3710000 1.233319 1.260494 0.385565
3720000 0.802596 1.369760 0.332882
3730000 0.871806 1.326023 0.291756
3740000 0.841809 1.297405 0.326744
3750000 0.989245 1.181058 0.374503
3760000 1.051172 1.223709 0.430600
3770000 1.168604 1.373359 0.462326
3780000 1.392660 1.055571 0.408665
3790000 1.325435 1.298741 0.403652
3800000 1.482723 1.142385 0.262375
3810000 1.452405 1.237888 0.268696
3820000 1.621434 1.155622 0.359453
3830000 1.772769 1.241823 0.402264
3840000 1.821564 1.197103 0.235295
3850000 2.468013 1.272870 0.367286
3860000 2.564059 1.149951 0.323776
3870000 3.195274 1.045644 0.435554
3880000 3.483337 1.124711 0.259139
3890000 3.566237 1.266104 0.297009
3900000 4.271976 1.262959 0.276014
3910000 4.171463 1.180562 0.367607
3920000 4.599957 1.259316 0.264240
3930000 4.757803 1.180995 0.277694
3940000 4.042642 1.240722 0.478526
3950000 3.613721 1.281762 0.368002
3960000 4.274973 1.106659 0.364415
3970000 4.584123 1.201764 0.257456
3980000 3.367292 1.435860 0.230691
3990000 2.847133 1.086432 0.225755
4000000 2.898563 1.300057 0.311734
