100000 1.649955 1.168550 -0.166969
110000 2.190874 1.122414 -0.280244
120000 2.331976 1.217281 -0.034789
130000 1.493998 1.290518 -0.172937
140000 1.751736 1.405446 -0.236131
150000 1.220260 1.213385 -0.119597
160000 1.182602 1.228709 -0.122477
170000 0.862902 1.315018 -0.229964
180000 1.236970 1.173435 -0.151727
190000 1.302890 1.252879 -0.118098
200000 2.044080 1.130326 -0.215395
210000 3.035799 1.268626 -0.200804
220000 3.585463 1.165544 -0.163772
230000 3.304014 1.185515 -0.235879
240000 2.843733 1.234801 -0.180820
250000 4.128886 1.233915 -0.161002
260000 2.443418 1.025730 -0.208018
270000 3.109398 1.220070 -0.161967
280000 4.626924 1.221144 -0.058302
290000 3.842430 1.151008 -0.216400
300000 4.163359 1.304326 -0.126105
310000 4.057384 1.139990 -0.053445
320000 3.322207 1.119430 -0.209121
330000 3.858464 1.066712 -0.210360
340000 3.084355 1.278630 -0.154052
350000 2.073447 1.141060 -0.197887
360000 2.414478 1.264418 -0.350017
370000 1.871302 1.215648 -0.123196
380000 2.863131 1.277406 -0.325190
390000 4.574401 1.247779 -0.016499
400000 4.180432 1.181902 -0.046268
410000 3.246366 1.188875 -0.175959
420000 3.852787 1.159580 -0.050476
430000 3.056250 1.196210 -0.275675
440000 2.595735 1.146767 -0.214740
450000 2.337597 1.213423 -0.119602
460000 1.912593 1.179281 -0.254356
470000 1.859833 1.191327 -0.253920
480000 1.271804 1.128927 -0.113629
490000 1.198297 1.241120 -0.249638
500000 0.864543 1.277858 -0.294080
510000 1.080655 1.084027 -0.134024
520000 0.965493 1.235957 -0.227283
530000 1.423649 1.150038 -0.077931
540000 1.286288 1.152943 -0.224117
550000 1.921655 1.162161 -0.056359
560000 2.056986 1.257639 -0.060205
570000 1.169574 1.186451 -0.335866
580000 0.819798 1.200763 -0.158575
590000 1.234070 1.166845 -0.175958
600000 1.557548 1.251108 -0.116402
610000 1.479766 1.273706 -0.227018
620000 2.584622 1.302138 -0.249496
630000 2.327905 1.199814 -0.125395
640000 2.275177 1.153686 -0.135332
650000 4.611649 1.197691 -0.186649
660000 4.312388 1.294201 -0.177127
670000 4.858215 1.214589 -0.076402
680000 4.861624 1.229485 -0.162622
690000 3.729339 1.293870 -0.127923
700000 4.315435 1.166489 -0.146370
710000 4.211937 1.152175 -0.119747
720000 3.389332 1.152697 -0.160118
730000 2.995498 1.183229 -0.211606
740000 2.493728 1.274031 -0.187353
750000 2.955643 1.174919 -0.141819
760000 3.524821 1.276062 -0.212755
770000 5.017823 1.169038 -0.139723
780000 4.333932 1.279408 -0.195573
790000 3.652202 1.281765 -0.037687
800000 3.841613 1.233471 -0.323319
810000 2.894730 1.303388 -0.213299
820000 2.448165 1.291606 -0.271286
830000 2.246992 1.212159 -0.277840
840000 2.036419 1.238420 -0.106480
850000 1.996924 1.256059 -0.189105
860000 3.132626 1.256718 -0.213333
870000 3.966802 1.316626 -0.177864
880000 4.965121 1.191090 -0.308849
890000 4.900592 1.314510 -0.158841
900000 4.227360 1.280436 -0.049626
910000 4.968984 1.181692 -0.233555
920000 4.121817 1.321236 -0.101402
930000 2.681797 1.186616 -0.348495
940000 2.627298 1.271289 -0.084575
950000 2.559919 1.105296 -0.070569
960000 3.486646 1.235593 -0.203893
970000 2.541671 1.244355 -0.101434
980000 3.816493 1.165134 -0.201049
990000 3.917129 1.293057 -0.171332
1000000 4.642946 1.173803 -0.158544
1010000 4.972315 1.232580 -0.224209
1020000 3.652240 1.258649 -0.287406
1030000 4.117563 1.230464 -0.304210
1040000 4.984983 1.162232 -0.089164
1050000 5.002101 1.342037 -0.273972
1060000 4.814231 1.232342 -0.269657
1070000 3.625437 1.212023 -0.220074
1080000 4.087098 1.329606 -0.183178
1090000 4.005102 1.237169 -0.208063
1100000 3.374323 1.244036 -0.134104
1110000 2.489830 1.205113 -0.168252
1120000 2.124040 1.231570 -0.190719
1130000 2.644717 1.265872 -0.144267
1140000 3.237225 1.081793 -0.152649
1150000 4.577171 1.367579 -0.095490
1160000 3.555268 1.373209 -0.130731
1170000 2.376477 1.278534 -0.229340
1180000 1.578070 1.281674 -0.261179
1190000 1.919530 1.252882 -0.172722
1200000 1.737866 1.161674 -0.141662
1210000 1.575830 1.311987 -0.190680
1220000 1.379988 1.212953 -0.203007
1230000 1.383957 1.292963 -0.187053
1240000 1.618925 1.350416 -0.056848
1250000 1.111810 1.239665 -0.166514
1260000 0.655778 1.307774 -0.309218
1270000 0.967308 1.151284 -0.161560
1280000 0.952766 1.252100 -0.209971
1290000 1.254201 1.120672 -0.120222
1300000 1.123605 1.246602 -0.175683
1310000 1.309567 1.295773 -0.192296
1320000 1.651304 1.294781 -0.245861
1330000 1.648444 1.148474 -0.138956
1340000 1.624925 1.264039 -0.052604
1350000 2.081888 1.153751 -0.094449
1360000 2.207912 1.300803 -0.087373
1370000 2.168709 1.351665 -0.361545
1380000 2.641914 1.177184 -0.150348
1390000 3.037795 1.134693 -0.162828
1400000 2.704487 1.244655 -0.151514
1410000 3.226078 1.256203 -0.261481
1420000 3.997852 1.265354 -0.300679
1430000 4.344754 1.066071 -0.077129
1440000 4.246555 1.256864 -0.253675
1450000 4.927799 1.219481 -0.233536
1460000 3.976462 1.315781 -0.237648
1470000 3.408669 1.269639 -0.240863
1480000 3.251074 1.091218 -0.155525
1490000 3.739410 1.273051 -0.134284
1500000 3.792243 1.188779 -0.176079
1510000 3.213089 1.126301 -0.236367
1520000 2.331336 1.277252 -0.209136
1530000 2.686277 1.181342 -0.160067
1540000 2.475699 1.231435 -0.233972
1550000 2.273729 1.261095 -0.239511
1560000 1.889728 1.209304 -0.189601
1570000 1.847995 1.174814 -0.158405
1580000 2.728871 1.264587 -0.187152
1590000 3.044086 1.160126 -0.236829
1600000 3.274923 1.183574 -0.166368
1610000 4.162846 1.305062 -0.142831
1620000 4.516963 1.196804 -0.200147
1630000 5.017899 1.300507 -0.144259
1640000 3.754090 1.296178 -0.310169
1650000 3.630911 1.179124 -0.220113
1660000 2.970406 1.275699 -0.210688
1670000 4.388136 1.239468 -0.125137
1680000 4.441667 1.192282 -0.106207
1690000 4.701102 1.143029 -0.257053
1700000 4.427342 1.123235 -0.089147
1710000 4.870481 1.233403 -0.219301
1720000 4.629125 1.286664 -0.226018
1730000 4.256622 1.355227 -0.140124
1740000 4.212187 1.231420 -0.245206
1750000 3.536187 1.257992 -0.061405
1760000 3.216341 1.201298 -0.194799
1770000 2.229067 1.338289 -0.105987
1780000 2.210963 1.084916 -0.052279
1790000 2.038299 1.210416 -0.201469
1800000 1.445806 1.129058 -0.258389
1810000 1.641678 1.307315 -0.208468
1820000 1.823807 1.262875 -0.099308
1830000 1.878473 1.277139 -0.284979
1840000 1.365697 1.230305 -0.272421
1850000 0.870988 1.241196 -0.315166
1860000 0.931977 1.256957 -0.309557
1870000 0.821027 1.077565 -0.307222
1880000 0.929598 1.303634 -0.186747
1890000 1.148235 1.147990 -0.095313
1900000 0.926953 1.178665 -0.177247
1910000 1.256677 1.246498 -0.131182
1920000 1.388926 1.188472 -0.155026
1930000 1.198874 1.118522 -0.036308
1940000 1.492148 1.313793 -0.214613
1950000 1.716343 1.197749 -0.171353
1960000 1.713863 1.178028 -0.173675
1970000 1.765521 1.150015 -0.228727
1980000 2.633585 1.245370 -0.138489
1990000 2.700751 1.190377 -0.205943
2000000 3.289330 1.296937 -0.208514
2010000 4.300359 1.382159 -0.209942
2020000 4.158068 1.134430 -0.162134
2030000 5.016969 1.195427 -0.248160
2040000 4.660753 1.248324 -0.268022
2050000 5.008409 1.278382 -0.136791
2060000 4.761652 1.195597 -0.189155
2070000 3.998485 1.093626 -0.256501
2080000 3.627324 1.331072 -0.270623
2090000 3.683458 1.335492 -0.161328
2100000 3.240777 1.089640 -0.193381
2110000 2.404440 1.240390 -0.142379
2120000 2.068276 1.349141 -0.173511
2130000 2.204442 1.341940 -0.228984
2140000 3.303752 1.242919 -0.192473
2150000 2.621613 1.217422 -0.282923
2160000 3.339752 1.279471 -0.213989
2170000 3.264731 1.297867 -0.214072
2180000 2.766715 1.170409 -0.117747
2190000 3.922177 1.287453 -0.124571
2200000 4.805553 1.325826 -0.099024
2210000 4.021653 1.337349 -0.252476
2220000 4.337471 1.277058 -0.164342
2230000 3.999522 1.233399 -0.082759
2240000 3.837601 1.339056 -0.070614
2250000 4.372593 1.238186 -0.136139
2260000 3.756960 1.230331 -0.090673
2270000 3.217879 1.198602 -0.249986
2280000 2.053134 1.213268 -0.205380
2290000 2.517874 1.217358 -0.238978
2300000 2.501918 1.192566 -0.147923
2310000 3.037646 1.073180 -0.265656
2320000 3.611729 1.175919 -0.146736
2330000 3.980433 1.241956 -0.127251
2340000 4.485163 1.157048 -0.052078
2350000 3.284586 1.307676 -0.295141
2360000 3.631727 1.210666 -0.228176
2370000 4.330068 1.345172 -0.198963
2380000 3.433946 1.169881 -0.289376
2390000 2.805031 1.254081 -0.224202
2400000 3.117681 1.216236 -0.386670
2410000 2.384142 1.145800 -0.087760
2420000 2.862426 1.175880 -0.105539
2430000 3.066624 1.318617 -0.184963
2440000 4.949087 1.277965 -0.217034
2450000 3.844916 1.278073 0.005060
2460000 4.501557 1.351617 -0.103365
2470000 3.717261 1.248468 -0.059269
2480000 3.818325 1.168881 -0.219407
2490000 4.792690 1.179892 -0.284073
2500000 4.487443 1.200114 -0.054434
2510000 4.685644 1.274088 -0.207617
2520000 4.725749 1.330990 -0.144901
2530000 4.104356 1.205625 -0.096575
2540000 3.072664 1.200408 -0.269556
2550000 4.327962 1.299336 -0.222677
2560000 3.009488 1.317156 -0.222045
2570000 2.235404 1.208219 -0.232468
2580000 2.085161 1.091244 -0.063659
2590000 1.968151 1.281340 -0.124898
2600000 1.736525 1.342492 -0.133295
2610000 2.357579 1.313812 -0.291910
2620000 2.675749 1.160089 -0.102490
2630000 3.083398 1.258133 -0.108357
2640000 3.656815 1.211324 -0.252825
2650000 2.490113 1.322124 -0.212777
2660000 2.086849 1.224772 -0.226245
2670000 2.594981 1.160443 -0.144495
2680000 3.012355 1.155197 -0.067933
2690000 3.365443 1.128008 -0.152356
2700000 3.279727 1.225210 -0.152538
2710000 3.497443 1.112501 -0.028745
2720000 4.265887 1.294215 -0.230442
2730000 4.140595 1.266840 -0.193603
2740000 3.757907 1.189289 -0.200690
2750000 3.249414 1.291985 -0.215282
2760000 3.166863 1.204402 -0.277157
2770000 2.657457 1.153701 -0.147266
2780000 1.923694 1.228545 -0.116594
2790000 1.432773 1.241172 -0.195123
2800000 1.361171 1.218446 -0.219399
2810000 1.569248 1.186697 -0.231352
2820000 1.729028 1.215530 0.027534
2830000 1.806523 1.266595 -0.194206
2840000 1.883303 1.151692 -0.187756
2850000 1.646399 1.358578 -0.254521
2860000 1.487884 1.065540 -0.266977
2870000 1.524587 1.196473 -0.201845
2880000 2.011619 1.105578 -0.191317
2890000 1.852377 1.319222 -0.096031
2900000 1.901423 1.283063 -0.203716
2910000 1.872482 1.329626 -0.189251
2920000 2.123172 1.201383 -0.128024
2930000 2.408999 1.233447 -0.205079
2940000 2.849126 1.256334 -0.071341
2950000 2.105592 1.226662 -0.128180
2960000 3.084153 1.276189 -0.155668
2970000 2.962258 1.306477 -0.124771
2980000 3.165212 1.304902 -0.163473
2990000 2.502611 1.172893 -0.225367
3000000 2.395369 1.210979 -0.131149
3010000 2.815790 1.311989 -0.162651
3020000 3.515868 1.189795 -0.144573
3030000 4.136263 1.145044 -0.184027
3040000 4.580753 1.265204 -0.134106
3050000 4.964380 1.170149 -0.221725
3060000 5.002915 1.106712 -0.218970
3070000 4.774513 1.236018 -0.203961
3080000 4.746392 1.177727 -0.188485
3090000 4.661011 1.263852 -0.349554
3100000 4.483200 1.327979 -0.105359
3110000 3.919950 1.171256 -0.304809
3120000 3.866343 1.125621 -0.161527
3130000 3.873612 1.178532 -0.162233
3140000 4.204655 1.210634 -0.171675
3150000 4.903951 1.242614 -0.086561
3160000 4.463813 1.337403 -0.197927
3170000 3.166268 1.177197 -0.239153
3180000 4.594834 1.242536 -0.109906
3190000 3.837097 1.175853 -0.183985
3200000 4.583486 1.200127 -0.188090
3210000 4.662066 1.203019 -0.235180
3220000 5.043272 1.243016 -0.156678
3230000 4.273996 1.242883 -0.328735
3240000 3.738084 1.248423 -0.203428
3250000 3.637920 1.210509 -0.112523
3260000 4.024800 1.296483 -0.303717
3270000 3.792542 1.133675 0.004691
3280000 3.117524 1.278490 -0.061419
3290000 3.706284 1.191638 -0.377229
3300000 3.628500 1.208765 -0.145199
3310000 3.243078 1.223304 -0.172868
3320000 2.641470 1.119345 -0.241608
3330000 3.258888 1.171829 -0.048672
3340000 3.024710 1.148886 -0.050553
3350000 2.484716 1.211652 -0.135061
3360000 2.377387 1.104940 -0.076993
3370000 2.855798 1.231979 -0.212369
3380000 2.560568 1.244981 -0.176106
3390000 3.083415 1.238889 0.013629
3400000 3.010597 1.255139 -0.234252
3410000 2.531101 1.145165 -0.117735
3420000 1.827005 1.219804 -0.303319
3430000 1.450595 1.330893 -0.237088
3440000 1.359866 1.208545 -0.210139
3450000 1.632443 1.273224 -0.136620
3460000 1.784124 1.254382 -0.103030
3470000 1.489054 1.363608 -0.210197
3480000 1.784166 1.226671 -0.173269
3490000 1.971670 1.287191 -0.214028
3500000 2.163099 1.234488 -0.181924
3510000 2.296347 1.255306 -0.315555
3520000 2.635966 1.352374 -0.175217
3530000 2.061291 1.162104 -0.156347
3540000 2.032312 1.110821 -0.174420
3550000 2.549047 1.210723 -0.208548
3560000 1.680759 1.220020 -0.198259
3570000 1.466528 1.155893 -0.274284
3580000 1.829357 1.099318 -0.163241
3590000 1.675285 1.281470 -0.133521
3600000 1.872402 1.129942 -0.174454
3610000 1.754659 1.284752 -0.080128
3620000 1.717702 1.250518 -0.245031
3630000 1.473397 1.245606 -0.165352
3640000 1.533966 1.235492 -0.210185
3650000 1.827396 1.174324 -0.130271
3660000 1.796015 1.281854 0.010057
3670000 2.173637 1.298254 -0.007955
3680000 2.611359 1.203138 -0.112680
3690000 3.316160 1.254074 -0.145958
3700000 3.426476 1.188880 -0.207151
3710000 3.719363 1.172438 -0.227697
3720000 4.280950 1.148545 -0.174812
3730000 4.568392 1.342250 -0.163688
3740000 4.738348 1.134659 -0.096054
3750000 4.206658 1.257311 -0.093433
3760000 4.734374 1.103879 -0.081121
3770000 4.142668 1.191362 -0.198682
3780000 3.515490 1.198195 -0.166519
3790000 3.467248 1.194756 -0.076128
3800000 3.273204 1.325428 -0.178275
3810000 3.083519 1.224542 -0.202135
3820000 2.878018 1.306639 -0.080946
3830000 3.374467 1.276965 -0.189731
3840000 4.055722 1.148252 -0.201421
3850000 4.389486 1.189140 -0.211588
3860000 4.246913 1.276126 -0.199303
3870000 3.553264 1.251006 -0.134959
3880000 3.691797 1.292644 -0.341606
3890000 2.741975 1.352054 -0.158257
3900000 3.376669 1.323427 -0.152819
3910000 3.872021 1.199974 -0.054821
3920000 3.212398 1.206865 -0.195023
3930000 2.687085 1.327565 -0.144002
3940000 2.526744 1.273909 -0.308547
3950000 2.460845 1.107473 -0.261917
3960000 3.506519 1.253537 -0.157230
3970000 4.610941 1.261369 -0.135330
3980000 4.669753 1.214886 -0.224501
3990000 4.858069 1.132284 -0.249419
4000000 4.679219 1.322379 -0.144724
