100000 3.568713 1.248035 -0.580944
110000 4.335603 1.133390 -0.452552
120000 4.910609 1.282027 -0.593624
130000 4.525096 1.268368 -0.348034
140000 2.445406 1.228998 -0.530188
150000 1.629887 1.258808 -0.640089
160000 2.208019 1.170735 -0.552137
170000 1.698811 1.235753 -0.506886
180000 2.653327 1.134361 -0.426891
190000 3.633433 1.247016 -0.303585
200000 3.913278 1.299784 -0.401422
210000 4.871913 1.196027 -0.450675
220000 4.098360 1.124014 -0.546566
230000 4.465324 1.286412 -0.537458
240000 3.295371 1.238749 -0.441173
250000 4.025161 1.217168 -0.566444
260000 3.469377 1.263099 -0.423925
270000 4.316116 1.299127 -0.536718
280000 4.772898 1.163796 -0.588128
290000 4.332328 1.130701 -0.596383
300000 4.264013 1.234241 -0.494311
310000 2.731211 1.226489 -0.556733
320000 3.385094 1.199219 -0.598559
330000 2.677710 1.181184 -0.538475
340000 1.487723 1.207049 -0.397677
350000 1.595893 1.074666 -0.537163
360000 1.755214 1.339522 -0.527450
370000 2.132214 1.200846 -0.696543
380000 1.204773 1.174058 -0.531474
390000 1.015393 1.150070 -0.585722
400000 0.952916 1.167617 -0.434730
410000 1.020297 1.267165 -0.517494
420000 1.128300 1.242308 -0.595044
430000 0.692002 1.253930 -0.522786
440000 1.313059 1.239368 -0.650789
450000 1.171943 1.221935 -0.332611
460000 1.586877 1.235209 -0.509745
470000 2.068140 1.198561 -0.369112
480000 2.492409 1.149253 -0.510413
490000 2.753089 1.138893 -0.495257
500000 1.962429 1.177811 -0.506653
510000 1.919259 1.240224 -0.535747
520000 1.597388 1.249343 -0.424603
530000 0.947256 1.372498 -0.539211
540000 1.153460 1.213608 -0.558037
550000 1.158806 1.210780 -0.424661
560000 1.172139 1.137022 -0.397604
570000 1.030330 1.205442 -0.610455
580000 1.736412 1.238104 -0.638353
590000 1.177564 1.151503 -0.586313
600000 1.109576 1.270478 -0.378505
610000 1.343560 1.065728 -0.550995
620000 2.353732 1.230276 -0.386567
630000 3.592592 1.251501 -0.674271
640000 4.481478 1.311732 -0.540470
650000 4.255767 1.098318 -0.544013
660000 3.889778 1.244194 -0.482737
670000 2.881153 1.278485 -0.543377
680000 3.055093 1.285063 -0.517798
690000 3.116580 1.276158 -0.563761
700000 3.322456 1.182425 -0.709569
710000 4.442773 1.248767 -0.539911
720000 4.058894 1.209741 -0.562708
730000 4.557893 1.247333 -0.578784
740000 4.524174 1.212245 -0.566334
750000 3.913133 1.162566 -0.492786
760000 3.672984 1.181151 -0.524323
770000 3.355238 1.249859 -0.592574
780000 2.014228 1.185997 -0.642577
790000 2.446653 1.209501 -0.300010
800000 2.990362 1.225239 -0.564706
810000 3.492379 1.191028 -0.673843
820000 4.107073 1.158582 -0.670349
830000 4.328108 1.230631 -0.451018
840000 4.895353 1.187094 -0.405177
850000 5.062262 1.272483 -0.476684
860000 4.617564 1.285305 -0.630125
870000 3.291447 1.216901 -0.634431
880000 2.697834 1.241628 -0.540549
890000 3.549852 1.227483 -0.575936
900000 3.214190 1.181471 -0.617286
910000 4.824907 1.072278 -0.515416
920000 4.470144 1.224537 -0.511136
930000 4.872850 1.257467 -0.611569
940000 4.239320 1.191984 -0.634620
950000 4.024010 1.114765 -0.510867
960000 3.263433 1.230024 -0.640038
970000 3.570672 1.125326 -0.566663
980000 2.170027 1.233301 -0.518755
990000 2.262775 1.238427 -0.664245
1000000 2.368868 1.313254 -0.491020
1010000 2.857088 1.204511 -0.469442
1020000 3.903366 1.358809 -0.509411
1030000 3.804873 1.152522 -0.652829
1040000 3.985898 1.165761 -0.389696
1050000 3.930584 1.272253 -0.493694
1060000 2.038508 1.291554 -0.526134
1070000 1.733939 1.056076 -0.510977
1080000 1.775085 1.169510 -0.406924
1090000 1.894041 1.288019 -0.593759
1100000 2.164604 1.168092 -0.592627
1110000 2.204203 1.144328 -0.542654
1120000 2.447987 1.201945 -0.544376
1130000 2.425709 1.141791 -0.502868
1140000 3.485471 1.199364 -0.560322
1150000 5.013394 1.175970 -0.455991
1160000 4.274991 1.187567 -0.622346
1170000 4.716374 1.239470 -0.412374
1180000 5.043525 1.214448 -0.572324
1190000 4.681197 1.066744 -0.546219
1200000 3.768974 1.250391 -0.597613
1210000 3.898348 1.216984 -0.432280
1220000 2.650049 1.227351 -0.498373
1230000 2.923766 1.204273 -0.572316
1240000 3.232384 1.131918 -0.554784
1250000 3.329312 1.187716 -0.519648
1260000 2.913401 1.230216 -0.631970
1270000 1.870944 1.218241 -0.490766
1280000 1.699107 1.329565 -0.524086
1290000 1.913844 1.147564 -0.521216
1300000 2.339297 1.316526 -0.471863
1310000 1.509639 1.244177 -0.576709
1320000 1.515437 1.228261 -0.535277
1330000 1.437862 1.189970 -0.412864
1340000 1.640076 1.361424 -0.485862
1350000 1.749969 1.312434 -0.651691
1360000 2.704990 1.212994 -0.408998
1370000 2.330223 1.247043 -0.491938
1380000 2.527980 1.158949 -0.464777
1390000 2.333176 1.330324 -0.735109
1400000 2.002993 1.294537 -0.592560
1410000 2.026502 1.107792 -0.513632
1420000 2.007338 1.186062 -0.544724
1430000 2.000157 1.157912 -0.575757
1440000 2.996071 1.137151 -0.470237
1450000 2.460155 1.226246 -0.665070
1460000 2.309871 1.230301 -0.587175
1470000 3.013994 1.195138 -0.631984
1480000 3.222726 1.169401 -0.609792
1490000 4.877766 1.163011 -0.568560
1500000 4.463291 1.191766 -0.700437
1510000 4.446947 1.313227 -0.581061
1520000 3.569427 1.328593 -0.635041
1530000 3.845922 1.236460 -0.487609
1540000 4.661044 1.191941 -0.573696
1550000 4.734395 1.168421 -0.576020
1560000 3.997575 1.216330 -0.588627
1570000 3.365529 1.198418 -0.469096
1580000 4.233851 1.232067 -0.569794
1590000 3.978917 1.271128 -0.471796
1600000 4.165065 1.200728 -0.608036
1610000 4.535944 1.121312 -0.431525
1620000 3.245505 1.175186 -0.550956
1630000 3.406301 1.285723 -0.515385
1640000 2.723661 1.114017 -0.580906
1650000 3.200686 1.066435 -0.570838
1660000 3.714112 1.170553 -0.507381
1670000 4.116220 1.173467 -0.556603
1680000 4.553971 1.256955 -0.479915
1690000 3.735410 1.353714 -0.502673
1700000 3.388283 1.185207 -0.408975
1710000 3.041342 1.190821 -0.459240
1720000 2.597246 1.331533 -0.490397
1730000 2.899256 1.169934 -0.395582
1740000 2.527319 1.200615 -0.459263
1750000 3.606250 1.201243 -0.568125
1760000 3.573968 1.194990 -0.523227
1770000 4.446190 1.265189 -0.520792
1780000 4.031280 1.190274 -0.541394
1790000 4.308528 1.115928 -0.675376
1800000 4.864323 1.269645 -0.459060
1810000 3.818044 1.244195 -0.448734
1820000 4.400272 1.261386 -0.580510
1830000 4.891053 1.277686 -0.594625
1840000 4.076171 1.115887 -0.659436
1850000 4.073758 1.248300 -0.470761
1860000 4.899165 1.227037 -0.513356
1870000 4.966619 1.213688 -0.476862
1880000 4.008224 1.187259 -0.475771
1890000 3.566726 1.136959 -0.452937
1900000 3.712971 1.237994 -0.509016
1910000 2.696659 1.118896 -0.500574
1920000 2.900990 1.287811 -0.552797
1930000 1.689579 1.226071 -0.467829
1940000 1.541802 1.105907 -0.539651
1950000 1.552471 1.212225 -0.552990
1960000 1.593121 1.324032 -0.524782
1970000 1.593273 1.104550 -0.610157
1980000 1.942871 1.202918 -0.548519
1990000 1.795279 1.185161 -0.564066
2000000 1.282827 1.240238 -0.469377
2010000 0.646483 1.196607 -0.630992
2020000 0.798639 1.161099 -0.498797
2030000 0.755368 1.321290 -0.578460
2040000 0.752589 1.277172 -0.585075
2050000 0.717027 1.039377 -0.467448
2060000 0.944681 1.228149 -0.531748
2070000 0.993639 1.224572 -0.413036
2080000 0.891124 1.208770 -0.532816
2090000 1.178327 1.219339 -0.548173
2100000 0.915592 1.197966 -0.461243
2110000 1.033233 1.177102 -0.579573
2120000 0.699749 1.309078 -0.558947
2130000 0.513704 1.137128 -0.501502
2140000 0.845101 1.200953 -0.575172
2150000 1.044298 1.355156 -0.413520
2160000 1.450022 1.136096 -0.567195
2170000 1.326495 1.169975 -0.443262
2180000 1.812567 1.250556 -0.539627
2190000 2.326559 1.138034 -0.360373
2200000 2.175757 1.353219 -0.541874
2210000 2.692402 1.267640 -0.490043
2220000 2.214963 1.267983 -0.408321
2230000 2.252111 1.288504 -0.548842
2240000 2.181543 1.124706 -0.614164
2250000 1.843038 1.247148 -0.645851
2260000 1.727858 1.237201 -0.506333
2270000 1.490082 1.165768 -0.604559
2280000 1.877044 1.249637 -0.587665
2290000 1.662325 1.162103 -0.501245
2300000 2.392281 1.296284 -0.657351
2310000 3.200052 1.267360 -0.628697
2320000 3.052007 1.357067 -0.568745
2330000 3.926288 1.215618 -0.493169
2340000 3.190467 1.134149 -0.541651
2350000 3.360752 1.179146 -0.634820
2360000 2.681834 1.439877 -0.433440
2370000 2.571184 1.144454 -0.435342
2380000 2.281588 1.296905 -0.579264
2390000 3.543330 1.197701 -0.462467
2400000 4.395356 1.165039 -0.540973
2410000 3.759142 1.223935 -0.547649
2420000 4.246341 1.227290 -0.449721
2430000 3.865385 1.276131 -0.586224
2440000 4.798426 1.276954 -0.565429
2450000 4.503698 1.167881 -0.553829
2460000 5.032579 1.312137 -0.672112
2470000 4.396260 1.293208 -0.632904
2480000 3.455329 1.222770 -0.549150
2490000 3.191929 1.122615 -0.462141
2500000 3.759157 1.140971 -0.526635
2510000 4.409778 1.211641 -0.606589
2520000 4.714564 1.269233 -0.595525
2530000 4.728899 1.316983 -0.512486
2540000 4.428758 1.148335 -0.440786
2550000 3.782270 1.096089 -0.595785
2560000 2.231913 1.230476 -0.554478
2570000 2.167897 1.356476 -0.547390
2580000 2.098890 1.209170 -0.596278
2590000 1.979894 1.257305 -0.532360
2600000 2.524537 1.211518 -0.444554
2610000 2.490754 1.265971 -0.347401
2620000 3.108545 1.192917 -0.388923
2630000 3.761686 1.212811 -0.468412
2640000 3.922009 1.094287 -0.655391
2650000 4.356356 1.218605 -0.421722
2660000 4.007247 1.268227 -0.473428
2670000 4.527673 1.368430 -0.459864
2680000 4.582481 1.129629 -0.564166
2690000 4.492120 1.324034 -0.571431
2700000 4.109753 1.179594 -0.304495
2710000 3.991502 1.249261 -0.422379
2720000 3.194595 1.174539 -0.537305
2730000 2.293744 1.285076 -0.444683
2740000 3.457767 1.228037 -0.622866
2750000 3.432759 1.192059 -0.305674
2760000 2.934702 1.332761 -0.479015
2770000 2.641466 1.313054 -0.506951
2780000 1.881536 1.241582 -0.608579
2790000 1.604796 1.244898 -0.504369
2800000 1.595183 1.263858 -0.585900
2810000 2.107878 1.412915 -0.563818
2820000 1.904255 1.389272 -0.597682
2830000 2.191849 1.241119 -0.601772
2840000 2.595187 1.201384 -0.682073
2850000 2.805581 1.075969 -0.422471
2860000 2.624913 1.250887 -0.512223
2870000 2.801235 1.242745 -0.553409
2880000 2.869464 1.274212 -0.624967
2890000 2.554125 1.264235 -0.602609
2900000 1.475253 1.299462 -0.515712
2910000 1.338499 1.200144 -0.601759
2920000 1.136512 1.245520 -0.507649
2930000 0.923622 1.256528 -0.542761
2940000 0.958279 1.212582 -0.511528
2950000 1.100383 1.263317 -0.524479
2960000 1.347092 1.297640 -0.649995
2970000 1.126657 1.368304 -0.479702
2980000 0.762533 1.247740 -0.467452
2990000 1.267555 1.103266 -0.667233
3000000 1.340433 1.067524 -0.532859
3010000 1.141052 1.239365 -0.451167
3020000 1.096127 1.216975 -0.532307
3030000 1.046475 1.260492 -0.399186
3040000 1.135119 1.116938 -0.499793
3050000 1.596133 1.323820 -0.389006
3060000 1.796171 1.258267 -0.582597
3070000 2.283175 1.180079 -0.522979
3080000 2.313276 1.227132 -0.575405
3090000 1.928634 1.439915 -0.637044
3100000 1.875246 1.300443 -0.606391
3110000 1.847650 1.288240 -0.569256
3120000 2.076017 1.306841 -0.602678
3130000 2.432725 1.269163 -0.546179
3140000 3.311216 1.308964 -0.575316
3150000 3.729823 1.350338 -0.578818
3160000 4.204049 1.375572 -0.487842
3170000 3.412241 1.206895 -0.583197
3180000 4.597038 1.212636 -0.326772
3190000 4.769258 1.294982 -0.513796
3200000 4.743173 1.067539 -0.550058
3210000 4.530754 1.218490 -0.578051
3220000 4.517157 1.289725 -0.506890
3230000 4.626407 1.211863 -0.558103
3240000 4.688206 1.220211 -0.613499
3250000 4.461814 1.147313 -0.465397
3260000 4.725724 1.221820 -0.464656
3270000 4.201840 1.144579 -0.432635
3280000 4.197586 1.230840 -0.547989
3290000 4.831984 1.223297 -0.415217
3300000 3.953059 1.208159 -0.572198
3310000 3.365446 1.255624 -0.504112
3320000 3.297652 1.294069 -0.586117
3330000 3.514450 1.236392 -0.488600
3340000 2.669999 1.176350 -0.614025
3350000 2.704954 1.174517 -0.603155
3360000 3.769993 1.204303 -0.547317
3370000 3.545200 1.295222 -0.371032
3380000 4.235681 1.301735 -0.542948
3390000 4.902270 1.247858 -0.507208
3400000 3.104561 1.283023 -0.402687
3410000 3.365578 1.229180 -0.454269
3420000 3.429799 1.196347 -0.452742
3430000 3.944994 1.324387 -0.446606
3440000 4.942559 1.191387 -0.565106
3450000 4.831572 1.259503 -0.534490
3460000 4.585336 1.225399 -0.555938
3470000 4.955323 1.251369 -0.440893
3480000 4.527689 1.277207 -0.565901
3490000 4.627567 1.269090 -0.532143
3500000 4.326707 1.186639 -0.659428
3510000 3.912814 1.140868 -0.526677
3520000 4.506946 1.230582 -0.667074
3530000 4.656397 1.242874 -0.414340
3540000 4.869973 1.231971 -0.387875
3550000 4.002778 1.249887 -0.577221
3560000 4.420339 1.131330 -0.391377
3570000 3.371565 1.191595 -0.495850
3580000 2.550744 1.249112 -0.571300
3590000 2.339119 1.223180 -0.536780
3600000 2.868850 1.152354 -0.594919
3610000 2.776067 1.257702 -0.301077
3620000 3.330364 1.136088 -0.557384
3630000 3.228643 1.278999 -0.414623
3640000 2.816847 1.103035 -0.502496
3650000 3.108424 1.234823 -0.624189
3660000 3.654908 1.304363 -0.521998
3670000 3.280263 1.209507 -0.599577
3680000 2.968577 1.292023 -0.593088
3690000 3.578515 1.256754 -0.584850
3700000 4.682349 1.414970 -0.507986
3710000 4.911766 1.219981 -0.522923
3720000 4.739935 1.249504 -0.552021
3730000 4.296870 1.231722 -0.492353
3740000 3.786693 1.312086 -0.565906
3750000 2.985698 1.191132 -0.457148
3760000 2.711438 1.210872 -0.537585
3770000 2.681468 1.246784 -0.606024
3780000 2.323843 1.244152 -0.406639
3790000 2.049863 1.339281 -0.591915
3800000 1.621281 1.452965 -0.561944
3810000 1.623239 1.180103 -0.596296
3820000 1.959273 1.263842 -0.538275
3830000 1.692806 1.284485 -0.554375
3840000 1.814857 1.273608 -0.736188
3850000 2.322111 1.217967 -0.572302
3860000 2.557268 1.180076 -0.510216
3870000 2.374986 1.093626 -0.583993
3880000 2.318940 1.170498 -0.589316
3890000 2.006933 1.192940 -0.591383
3900000 2.445709 1.234666 -0.493807
3910000 2.459877 1.200772 -0.540615
3920000 2.821007 1.086457 -0.563507
3930000 3.160960 1.174889 -0.405311
3940000 4.124262 1.201041 -0.512732
3950000 3.568302 1.237062 -0.537708
3960000 3.102723 1.251769 -0.415473
3970000 3.073572 1.179294 -0.574168
3980000 3.527247 1.170786 -0.551982
3990000 3.398341 1.249782 -0.512052
4000000 4.484088 1.232809 -0.659457
