100000 2.735644 1.181462 -1.124190
110000 3.655534 1.394016 -1.002865
120000 4.339224 1.217368 -1.140757
130000 4.995348 1.246651 -0.865166
140000 4.296876 1.139161 -1.028226
150000 4.456671 1.213385 -1.052314
160000 3.557058 1.223438 -1.000550
170000 3.010556 1.141042 -0.997505
180000 2.307855 1.306031 -0.975620
190000 2.712218 1.295367 -0.971595
200000 2.584525 1.136847 -1.093665
210000 3.158326 1.263133 -1.078401
220000 3.903610 1.143840 -1.113984
230000 4.801206 1.243801 -0.988477
240000 4.650465 1.297349 -1.081952
250000 4.177492 1.114250 -1.080659
260000 3.057120 1.056986 -1.039103
270000 2.895684 1.280021 -1.071361
280000 3.259977 1.271985 -1.021544
290000 4.390939 1.234549 -1.064246
300000 4.380524 1.172005 -1.095708
310000 4.730683 1.119577 -1.047262
320000 3.189374 1.335540 -1.020492
330000 2.944639 1.218431 -0.976061
340000 4.030957 1.192862 -1.045355
350000 4.475615 1.177941 -0.989041
360000 3.747816 1.183601 -1.160650
370000 2.358594 1.156335 -0.964359
380000 1.568157 1.242246 -1.098917
390000 1.310524 1.296591 -1.054048
400000 0.826534 1.211272 -1.065506
410000 0.976653 1.145774 -1.061376
420000 1.249307 1.222717 -1.057534
430000 2.196128 1.253528 -1.145841
440000 2.166395 1.214853 -1.093905
450000 3.232345 1.072783 -0.983823
460000 2.888118 1.231863 -1.128550
470000 3.816468 1.175242 -0.961253
480000 4.872681 1.149206 -1.031608
490000 4.707353 1.209746 -1.109564
500000 5.007377 1.298566 -1.074044
510000 3.638569 1.266437 -1.078571
520000 4.134568 1.082704 -0.993198
530000 2.704945 1.191156 -1.166911
540000 2.994670 1.262457 -1.035806
550000 1.937130 1.278244 -1.093153
560000 2.556920 1.295952 -1.009459
570000 2.766108 1.298759 -0.908642
580000 2.512988 1.135276 -0.930983
590000 1.859949 1.218257 -1.096630
600000 1.519595 1.307886 -1.002274
610000 1.295256 1.139709 -1.092350
620000 1.906272 1.138411 -1.112595
630000 1.771080 1.240403 -1.225478
640000 1.932117 1.235764 -1.112358
650000 2.407480 1.074128 -0.943103
660000 2.811273 1.274519 -1.131864
670000 3.122230 1.139057 -1.045368
680000 3.291910 1.318013 -0.896896
690000 3.199515 1.221004 -0.963083
700000 3.310517 1.272965 -1.059795
710000 4.054743 1.237882 -1.102933
720000 3.820680 1.223559 -0.993286
730000 4.899124 1.221303 -1.011830
740000 4.882758 1.203989 -1.126262
750000 4.633671 1.123465 -1.041411
760000 4.521584 1.321295 -0.994491
770000 4.706451 1.265794 -1.016861
780000 4.131463 1.254541 -1.031354
790000 4.040395 1.160552 -1.181163
800000 2.681170 1.378743 -0.983845
810000 3.327065 1.118734 -0.930141
820000 3.425872 1.242534 -1.024360
830000 2.262603 1.153588 -1.131801
840000 2.006666 1.176444 -1.026265
850000 2.288083 1.284090 -1.105624
860000 1.736170 1.122906 -0.842178
870000 1.464793 1.239488 -1.010545
880000 1.056176 1.219339 -1.048738
890000 0.971221 1.315287 -1.031094
900000 0.821436 1.283155 -1.095478
910000 0.678229 1.247003 -0.997981
920000 0.943467 1.220409 -1.014046
930000 1.037433 1.259378 -1.013800
940000 0.887832 1.214118 -1.096230
950000 1.145789 1.295430 -1.080969
960000 1.408915 1.218015 -1.028923
970000 1.378857 1.228644 -1.174038
980000 1.663531 1.183221 -1.119273
990000 1.424933 1.318829 -0.925237
1000000 1.808010 1.395975 -1.037942
1010000 2.576928 1.229026 -0.982233
1020000 3.503229 1.241295 -1.188826
1030000 2.912494 1.420427 -1.064128
1040000 2.584677 1.313066 -1.116965
1050000 2.898296 1.186524 -1.128475
1060000 4.551454 1.174724 -1.093917
1070000 4.261969 1.282162 -1.109132
1080000 3.564329 1.336054 -1.103867
1090000 3.761087 1.196136 -1.004611
1100000 4.223829 1.162257 -1.058654
1110000 4.190390 1.169993 -1.048401
1120000 3.907935 1.144703 -1.106717
1130000 3.034456 1.137991 -1.115189
1140000 2.062083 1.224232 -1.117421
1150000 2.350042 1.253437 -1.107761
1160000 2.065348 1.278844 -1.017507
1170000 1.812916 1.310782 -0.987268
1180000 1.590682 1.168038 -1.226367
1190000 1.564049 1.230089 -1.041347
1200000 1.639159 1.185328 -1.130945
1210000 1.251748 1.201676 -0.846544
1220000 1.206764 1.244072 -1.025003
1230000 0.789315 1.124510 -1.029642
1240000 0.876577 1.147035 -1.045428
1250000 0.878206 1.291481 -1.184606
1260000 0.593509 1.253841 -1.049705
1270000 0.577168 1.370815 -1.178371
1280000 0.956764 1.126183 -1.043541
1290000 1.261829 1.277275 -1.060630
1300000 1.489056 1.110310 -1.090267
1310000 1.468382 1.306895 -1.050470
1320000 1.810144 1.244693 -0.951812
1330000 1.849669 1.106756 -1.035060
1340000 2.505524 1.250427 -1.160003
1350000 2.809085 1.217243 -1.027593
1360000 3.126161 1.184178 -1.132960
1370000 3.928309 1.184589 -1.132555
1380000 4.556379 1.228089 -1.031864
1390000 4.156943 1.155966 -1.166194
1400000 4.542607 1.321218 -1.149960
1410000 3.213419 1.358379 -1.109921
1420000 2.984868 1.240594 -0.981521
1430000 3.156747 1.180020 -1.066868
1440000 3.365095 1.250561 -1.102828
1450000 2.995200 1.195649 -1.001708
1460000 3.925764 1.182442 -1.083856
1470000 4.518525 1.187259 -1.003324
1480000 4.919792 1.297763 -1.050246
1490000 4.600283 1.103759 -1.091921
1500000 4.841379 1.215104 -1.032916
1510000 4.050172 1.240326 -1.079130
1520000 4.652751 1.246310 -1.002876
1530000 3.910105 1.318577 -0.996265
1540000 3.609710 1.127271 -1.030567
1550000 3.839313 1.357444 -1.033809
1560000 4.443553 1.198549 -1.129564
1570000 3.053154 1.148212 -1.007233
1580000 3.593711 1.291482 -0.980800
1590000 3.203594 1.450795 -1.020855
1600000 4.650720 1.290621 -0.992791
1610000 4.387813 1.268259 -1.160237
1620000 4.483584 1.239154 -0.990346
1630000 3.945664 1.334742 -1.114553
1640000 4.803073 1.205758 -1.066044
1650000 4.921722 1.244159 -1.040391
1660000 4.267304 1.254336 -0.930260
1670000 4.438614 1.240758 -1.065611
1680000 4.949403 1.282567 -0.958375
1690000 4.560257 1.233689 -1.109456
1700000 3.661639 1.285868 -1.124106
1710000 2.889364 1.208219 -1.024042
1720000 2.497730 1.280093 -0.947284
1730000 1.946008 1.213270 -1.010415
1740000 2.317585 1.337893 -1.207570
1750000 2.620553 1.289355 -1.128735
1760000 2.249133 1.263936 -0.990023
1770000 1.852924 1.201450 -0.847213
1780000 2.047425 1.171902 -0.958663
1790000 2.896587 1.273010 -0.989293
1800000 2.877226 1.021034 -1.048929
1810000 3.218635 1.110495 -1.048753
1820000 3.423708 1.142693 -1.005151
1830000 4.018165 1.387808 -1.162633
1840000 4.052796 1.221921 -1.091145
1850000 3.443847 1.243182 -1.046516
1860000 3.039589 1.301855 -1.082990
1870000 2.510713 1.301589 -1.115422
1880000 2.155510 1.228903 -0.949723
1890000 2.681507 1.358597 -1.048304
1900000 2.788297 1.157046 -1.118213
1910000 2.409021 1.217587 -0.914305
1920000 3.400906 1.095060 -1.038466
1930000 3.281296 1.115031 -1.040980
1940000 2.682444 1.253797 -1.166590
1950000 2.374012 1.163520 -1.060009
1960000 2.368605 1.223603 -1.133542
1970000 2.278730 1.225367 -1.107901
1980000 2.486977 1.163797 -0.935130
1990000 1.722133 1.208385 -1.142542
2000000 1.873367 1.292812 -1.055379
2010000 1.629554 1.173977 -1.164745
2020000 1.474889 1.194919 -1.074658
2030000 1.415201 1.125841 -1.217005
2040000 1.293284 1.292781 -1.003922
2050000 1.247453 1.285727 -1.163846
2060000 1.822702 1.266469 -0.996059
2070000 1.669513 1.115954 -1.061376
2080000 1.732847 1.238916 -1.138469
2090000 2.078314 1.218095 -1.104623
2100000 1.890707 1.169383 -1.058060
2110000 2.620999 1.170381 -1.051985
2120000 3.631752 1.232312 -1.121715
2130000 3.198895 1.274163 -1.108494
2140000 3.565066 1.225081 -0.952845
2150000 4.541812 1.218221 -1.046350
2160000 4.582199 1.278938 -1.084116
2170000 3.941623 1.218370 -1.009392
2180000 3.365722 1.369332 -0.957883
2190000 3.026258 1.330733 -0.983373
2200000 2.930488 1.271572 -1.126215
2210000 4.564558 1.359332 -1.061315
2220000 4.811949 1.261801 -1.052039
2230000 4.457014 1.238010 -0.854772
2240000 3.948311 1.206347 -1.181875
2250000 4.975404 1.136649 -1.038731
2260000 4.922508 1.176700 -1.122837
2270000 3.909077 1.270118 -1.066958
2280000 3.783527 1.062725 -1.085574
2290000 4.742540 1.217074 -0.988457
2300000 4.890142 1.153102 -1.088210
2310000 4.788718 1.373263 -1.106958
2320000 4.553690 1.199538 -1.108173
2330000 3.860845 1.189045 -1.053717
2340000 4.092760 1.144661 -1.063105
2350000 3.655911 1.209447 -1.029154
2360000 4.493341 1.266490 -1.092424
2370000 3.468642 1.246157 -1.027305
2380000 3.167869 1.181886 -1.143262
2390000 3.015834 1.217484 -1.039619
2400000 2.582730 1.184625 -1.120974
2410000 2.910685 1.320981 -0.983886
2420000 3.338247 1.090571 -1.030940
2430000 3.273394 1.161887 -1.116543
2440000 2.297443 1.106659 -1.062315
2450000 1.718231 1.148858 -0.931707
2460000 2.259926 1.224386 -0.965550
2470000 1.561109 1.189594 -0.958952
2480000 1.473623 1.261898 -1.100610
2490000 1.099528 1.262841 -1.157171
2500000 1.063824 1.301721 -1.079739
2510000 1.196312 1.308181 -1.074308
2520000 1.103653 1.219009 -1.259535
2530000 0.982268 1.146721 -1.063285
2540000 1.251797 1.088639 -1.074335
2550000 1.459457 1.291045 -1.031513
2560000 1.454858 1.127983 -1.060040
2570000 1.620113 1.328844 -1.052214
2580000 2.032666 1.204163 -1.127974
2590000 1.964308 1.301179 -0.934953
2600000 2.492029 1.326980 -1.140766
2610000 2.289506 1.288119 -1.011119
2620000 2.307002 1.169247 -1.096662
2630000 2.101247 1.182745 -1.119443
2640000 3.304750 1.225543 -1.120843
2650000 4.236978 1.255927 -1.011280
2660000 4.443895 1.251415 -1.019004
2670000 3.071624 1.170250 -1.103515
2680000 2.524410 1.246869 -1.001124
2690000 3.223437 1.369423 -1.164845
2700000 3.741158 1.368263 -1.165952
2710000 4.713002 1.153291 -1.126058
2720000 4.983929 1.329433 -0.971441
2730000 4.560820 1.310226 -1.067715
2740000 4.821972 1.277956 -1.023593
2750000 4.367090 1.215506 -1.007179
2760000 4.940910 1.246729 -1.003179
2770000 3.858787 1.240305 -1.019639
2780000 3.675171 1.299037 -1.021430
2790000 3.592981 1.079532 -1.045282
2800000 3.455530 1.193029 -1.214423
2810000 2.845391 1.330635 -1.081625
2820000 3.184303 1.334479 -0.976226
2830000 2.742509 1.261978 -1.083465
2840000 2.670534 1.085710 -1.025517
2850000 2.940718 1.265829 -0.999082
2860000 3.424578 1.201808 -1.085583
2870000 4.397248 1.229404 -1.008942
2880000 4.587779 1.365675 -1.057487
2890000 4.980169 1.212488 -1.117970
2900000 4.619215 1.233359 -1.119902
2910000 4.071146 1.224002 -1.034821
2920000 4.237895 1.309984 -1.283398
2930000 3.740103 1.091044 -0.941019
2940000 3.295772 1.161654 -1.010960
2950000 3.451779 1.440723 -1.088947
2960000 4.240113 1.223185 -1.130946
2970000 3.930672 1.276051 -0.982702
2980000 4.566325 1.321036 -0.998143
2990000 4.989476 1.197384 -0.977957
3000000 4.717863 1.298744 -1.140984
3010000 4.562959 1.188353 -1.006072
3020000 4.714730 1.312468 -1.084422
3030000 4.364856 1.293406 -1.041268
3040000 3.940202 1.244945 -1.039732
3050000 3.621929 1.174144 -1.111499
3060000 2.690066 1.199845 -1.157351
3070000 2.162169 1.413349 -0.983199
3080000 3.253759 1.160895 -1.064516
3090000 2.903218 1.161121 -1.186953
3100000 3.103199 1.296600 -1.015345
3110000 2.879128 1.169813 -0.942532
3120000 2.914655 1.253279 -1.090362
3130000 2.567455 1.172836 -0.899238
3140000 2.276193 1.135943 -0.979927
3150000 1.994145 1.141751 -1.109456
3160000 1.790336 1.114465 -1.077279
3170000 2.392346 1.286933 -1.170925
3180000 2.672754 1.223103 -1.132000
3190000 2.400013 1.265096 -1.088433
3200000 2.717167 1.113760 -1.048014
3210000 1.817543 1.173147 -1.040212
3220000 1.548568 1.265856 -1.119269
3230000 1.188477 1.308057 -1.057175
3240000 1.218401 1.096052 -1.142512
3250000 1.158942 1.157534 -1.150333
3260000 1.166016 1.290830 -1.058336
3270000 1.112737 1.126768 -1.189989
3280000 1.107938 1.183592 -1.073348
3290000 0.619781 1.240931 -1.053051
3300000 0.663966 1.184634 -1.072102
3310000 0.843112 1.245750 -1.020113
3320000 0.909965 1.238267 -0.947710
3330000 0.577664 1.368099 -1.088023
3340000 0.702934 1.291376 -1.148530
3350000 0.861918 1.253555 -1.087900
3360000 0.713495 1.264612 -1.219268
3370000 0.956603 1.167528 -1.064773
3380000 0.924817 1.357932 -1.113494
3390000 0.786704 1.287505 -1.083388
3400000 0.708348 1.278332 -1.014972
3410000 1.042853 1.203708 -1.020161
3420000 1.147292 1.226656 -1.043859
3430000 0.965448 1.258071 -1.117061
3440000 1.228997 1.318718 -0.927179
3450000 1.791694 1.371116 -1.049760
3460000 1.855124 1.279910 -0.977801
3470000 1.894753 1.244144 -1.122880
3480000 2.290369 1.219830 -1.000458
3490000 3.316591 1.229099 -0.977608
3500000 3.238514 1.278878 -0.991140
3510000 3.554131 1.245613 -1.056660
3520000 4.147708 1.221870 -1.053345
3530000 4.249112 1.352550 -0.946466
3540000 3.697260 1.332198 -1.107451
3550000 4.431475 1.166401 -1.134234
3560000 4.624100 1.103763 -1.016122
3570000 4.344775 1.209996 -1.092530
3580000 4.733262 1.256433 -1.055922
3590000 4.809572 1.175474 -1.104152
3600000 3.597873 1.340519 -1.001930
3610000 4.160023 1.190833 -1.061975
3620000 3.491698 1.117703 -1.063107
3630000 2.959710 1.228853 -1.128654
3640000 3.368950 1.365562 -1.018175
3650000 3.593333 1.172947 -0.927680
3660000 3.163574 1.312382 -1.095527
3670000 3.097268 1.188639 -0.991574
3680000 3.315268 1.283080 -1.088335
3690000 4.224346 1.242164 -1.031970
3700000 2.966253 1.148144 -1.056133
3710000 3.030472 1.244159 -1.134444
3720000 2.424053 1.144693 -1.080892
3730000 2.566858 1.188768 -1.047620
3740000 3.145758 1.324571 -1.050137
3750000 4.459120 1.217029 -1.089521
3760000 3.643123 1.302816 -0.973437
3770000 4.329628 1.235949 -1.143371
3780000 2.980173 1.321453 -1.149021
3790000 4.136617 1.213964 -1.045871
3800000 4.390258 1.268282 -0.922216
3810000 4.424383 1.278984 -0.986478
3820000 4.777418 1.246097 -1.123005
3830000 3.820959 1.222724 -1.135507
3840000 3.379312 1.248109 -1.102893
3850000 3.606629 1.224328 -1.010898
3860000 4.821500 1.124843 -1.063405
3870000 4.839746 1.230765 -1.047413
3880000 4.647800 1.178576 -0.972365
3890000 3.544404 1.169298 -1.080719
3900000 2.754247 1.252374 -1.072065
3910000 1.646488 1.275601 -1.118109
3920000 1.490530 1.067932 -1.064621
3930000 1.460956 1.266066 -1.016002
3940000 1.352017 1.262228 -1.069161
3950000 1.358007 1.252917 -1.085524
3960000 1.564385 1.195699 -1.067292
3970000 1.016183 1.146834 -1.002111
3980000 1.083811 1.319451 -1.086427
3990000 0.796401 1.291435 -1.094328
4000000 1.085638 1.273780 -1.053717
