100000 3.165212 1.262461 -1.162549
110000 2.559922 1.147612 -1.124332
120000 1.521137 1.258207 -1.396038
130000 1.304895 1.278886 -1.265665
140000 1.633277 1.309207 -1.315084
150000 1.808101 1.235514 -1.245610
160000 2.045888 1.076839 -1.257194
170000 1.739307 1.364849 -1.091870
180000 1.796873 1.274683 -1.307836
190000 3.124841 1.206293 -1.235297
200000 3.344535 1.243603 -1.231950
210000 4.680486 1.168129 -1.254691
220000 4.719967 1.157362 -1.188481
230000 4.368704 1.208952 -1.174556
240000 3.278149 1.316007 -1.227073
250000 2.851335 1.145966 -1.348918
260000 2.529244 1.258373 -1.274177
270000 3.376852 1.256388 -1.296129
280000 4.288507 1.178074 -1.301092
290000 4.159423 1.289796 -1.286428
300000 4.622463 1.224849 -1.381077
310000 3.556923 1.121897 -1.198108
320000 2.771986 1.232755 -1.224534
330000 4.159794 1.246430 -1.238790
340000 4.602995 1.360125 -1.291409
350000 3.634121 1.244240 -1.347133
360000 4.627348 1.312307 -1.127747
370000 3.356452 1.298383 -1.321465
380000 2.381742 1.200766 -1.202286
390000 2.437876 1.164687 -1.026357
400000 1.883204 1.211392 -1.177161
410000 1.005160 1.208330 -1.223331
420000 0.961541 1.278058 -1.177408
430000 1.133333 1.161839 -1.301084
440000 0.904685 1.256765 -1.304233
450000 0.868973 1.250288 -1.200812
460000 1.320564 1.296745 -1.178652
470000 1.504167 1.210479 -1.221184
480000 1.596328 1.345144 -1.200126
490000 1.884097 1.227647 -1.103645
500000 1.239003 1.186898 -1.151483
510000 0.795683 1.279492 -1.244392
520000 1.012818 1.132061 -1.199107
530000 0.876177 1.234413 -1.224513
540000 1.403604 1.269442 -1.221112
550000 1.172449 1.283731 -1.180569
560000 1.344696 1.210245 -1.205617
570000 1.934977 1.150940 -1.210675
580000 2.217397 1.251268 -1.272336
590000 3.058550 1.112812 -1.265605
600000 3.287267 1.364342 -1.326795
610000 2.272295 1.248420 -1.193918
620000 3.468300 1.313568 -1.357328
630000 5.021009 1.149499 -1.179742
640000 4.421551 1.233466 -1.310186
650000 4.699458 1.079053 -1.245392
660000 4.119214 1.182181 -1.225621
670000 4.804602 1.140558 -1.285153
680000 4.924543 1.201932 -1.249972
690000 4.275320 1.258503 -1.256800
700000 3.974548 1.260786 -1.279300
710000 4.294945 1.269127 -1.278115
720000 4.127021 1.252003 -1.339688
730000 3.453576 1.089161 -1.134718
740000 2.767720 1.296836 -1.225072
750000 2.492851 1.092129 -1.126511
760000 2.113270 1.313100 -1.259052
770000 2.653762 1.160812 -1.248912
780000 2.951475 1.334120 -1.366713
790000 3.799641 1.245514 -1.314881
800000 3.706969 1.271847 -1.361971
810000 3.198745 1.215298 -1.282050
820000 2.218964 1.174804 -1.381143
830000 1.963447 1.327748 -1.261232
840000 2.012598 1.273394 -1.052168
850000 2.561909 1.230466 -1.126353
860000 2.725927 1.208231 -1.267437
870000 1.735518 1.169004 -1.438369
880000 1.563989 1.162255 -1.096921
890000 2.328484 1.187873 -1.201216
900000 2.317234 1.346093 -1.242645
910000 2.599572 1.194487 -1.224542
920000 3.361231 1.307651 -1.256102
930000 4.648598 1.223819 -1.191869
940000 4.926586 1.152611 -1.195295
950000 3.585337 1.042961 -1.244756
960000 3.848871 1.282958 -1.202826
970000 4.974291 1.170575 -1.296477
980000 4.002231 1.137713 -1.212507
990000 4.977529 1.344010 -1.175111
1000000 3.990232 1.133939 -1.315805
1010000 3.865592 1.168450 -1.166485
1020000 4.606434 1.167436 -1.341517
1030000 4.455320 1.202672 -1.103775
1040000 4.999523 1.209975 -1.248262
1050000 4.061068 1.173681 -1.131586
1060000 3.767741 1.233634 -1.098614
1070000 3.844132 1.233116 -1.235211
1080000 4.954762 1.272966 -1.075668
1090000 3.779044 1.251475 -1.286556
1100000 2.979321 1.271149 -1.237430
1110000 2.578300 1.311226 -1.256022
1120000 3.158919 1.094756 -1.352917
1130000 3.724854 1.327205 -1.296657
1140000 3.489442 1.157806 -1.270882
1150000 2.340778 1.226609 -1.075299
1160000 2.270340 1.254753 -1.111438
1170000 1.880695 1.149044 -1.287470
1180000 1.382495 1.285792 -1.181729
1190000 1.162413 1.222971 -1.159396
1200000 1.263248 1.197360 -1.144409
1210000 1.528696 1.325093 -1.215902
1220000 1.452424 1.182073 -1.096729
1230000 1.283505 1.223742 -1.152565
1240000 0.773989 1.107344 -1.203309
1250000 1.099366 1.209549 -1.154786
1260000 1.484793 1.169164 -1.217557
1270000 0.953778 1.194963 -1.346689
1280000 0.746248 1.378161 -1.358243
1290000 0.996860 1.349866 -1.206403
1300000 1.594553 1.286831 -1.202761
1310000 1.652212 1.213040 -1.243852
1320000 2.046428 1.235621 -1.209137
1330000 2.457756 1.218253 -1.208966
1340000 2.018440 1.241670 -1.157395
1350000 1.714962 1.209387 -1.254605
1360000 2.562720 1.243449 -1.212737
1370000 3.347179 1.103290 -1.240990
1380000 2.522215 1.195693 -1.165315
1390000 3.102590 1.124914 -1.195224
1400000 3.044756 1.251506 -1.125791
1410000 2.735697 1.210761 -1.247140
1420000 3.157977 1.229682 -1.202954
1430000 3.826804 1.242311 -1.170084
1440000 4.192844 1.333637 -1.144404
1450000 3.866565 1.305539 -1.224299
1460000 3.720677 1.192927 -1.183865
1470000 3.514144 1.293846 -1.214093
1480000 2.552924 1.289576 -1.218371
1490000 2.161617 1.233344 -1.196557
1500000 2.266598 1.179594 -1.363194
1510000 3.204446 1.130935 -1.195616
1520000 4.001814 1.304926 -1.183133
1530000 4.646040 1.055737 -1.224891
1540000 4.420901 1.234074 -1.133147
1550000 4.679377 1.123955 -1.065464
1560000 4.874923 1.316040 -1.287886
1570000 4.570552 1.124075 -1.204318
1580000 4.513376 1.231465 -1.226157
1590000 4.195262 1.088144 -1.180501
1600000 4.685359 1.194754 -1.171293
1610000 3.360147 1.171600 -1.254246
1620000 3.164221 1.245496 -1.236244
1630000 3.429703 1.312267 -1.296848
1640000 4.225524 1.307217 -1.205524
1650000 4.788550 1.202297 -1.184386
1660000 4.555858 1.210505 -1.286469
1670000 4.909442 1.148927 -1.303477
1680000 4.449789 1.251107 -1.131729
1690000 3.973598 1.333577 -1.111138
1700000 2.887449 1.272760 -1.117033
1710000 2.988877 1.329345 -1.319095
1720000 2.786279 1.169810 -1.198032
1730000 2.105057 1.290418 -1.276625
1740000 1.771497 1.308672 -1.293177
1750000 1.428515 1.164970 -1.386811
1760000 1.254744 1.211698 -1.324319
1770000 1.202370 1.129626 -1.227392
1780000 1.081811 1.208431 -1.172455
1790000 1.171123 1.167926 -1.162224
1800000 1.324416 1.200736 -1.199100
1810000 1.619620 1.193421 -1.167986
1820000 1.671197 1.151956 -1.293128
1830000 1.481048 1.164344 -1.216434
1840000 1.424694 1.235049 -1.263627
1850000 0.747264 1.267192 -1.291530
1860000 0.881467 1.360023 -1.225705
1870000 0.913552 1.182342 -1.183412
1880000 0.834814 1.341858 -1.362923
1890000 0.594940 1.332420 -1.254757
1900000 0.510963 1.342636 -1.238768
1910000 0.785754 1.156608 -1.149195
1920000 0.805384 1.288225 -1.408064
1930000 0.705514 1.214174 -1.187146
1940000 1.111365 1.132949 -1.135329
1950000 1.308836 1.309318 -1.264305
1960000 1.217324 1.187330 -1.222780
1970000 1.393646 1.122705 -1.191347
1980000 1.710524 1.202570 -1.158901
1990000 2.268388 1.178230 -1.122477
2000000 2.278366 1.198438 -1.359018
2010000 2.660880 1.284127 -1.357347
2020000 2.813181 1.192574 -1.157812
2030000 2.756540 1.219986 -1.310264
2040000 3.465991 1.301890 -1.123584
2050000 3.779721 1.219991 -1.234596
2060000 4.449163 1.071139 -1.080951
2070000 2.708092 1.231024 -1.255426
2080000 2.232078 1.280233 -1.139320
2090000 2.059122 1.362853 -1.262596
2100000 2.261892 1.101965 -1.208832
2110000 1.862742 1.194667 -1.247605
2120000 2.247064 1.235402 -1.365758
2130000 3.255376 1.193000 -1.194358
2140000 4.227603 1.178627 -1.259662
2150000 4.692935 1.339696 -1.396416
2160000 4.834493 1.088968 -1.309045
2170000 4.244956 1.165575 -1.328023
2180000 4.866631 1.243371 -1.261740
2190000 3.593427 1.203486 -1.109295
2200000 3.605046 1.236170 -1.334653
2210000 2.991577 1.166262 -1.168347
2220000 2.886836 1.201232 -1.108893
2230000 2.717774 1.211325 -1.130425
2240000 2.472450 1.240540 -1.129947
2250000 3.237075 1.124205 -1.146947
2260000 3.845553 1.158868 -1.232915
2270000 4.422593 1.162849 -1.186665
2280000 4.714844 1.289077 -1.180943
2290000 4.922764 1.316527 -1.144502
2300000 4.696250 1.186118 -1.182382
2310000 4.767353 1.289396 -1.165500
2320000 4.330936 1.155785 -1.322792
2330000 4.808805 1.345859 -1.393949
2340000 4.936560 1.334011 -1.270300
2350000 4.433682 1.262320 -1.178985
2360000 3.907353 1.238147 -1.207613
2370000 3.897269 1.209808 -1.129611
2380000 3.252359 1.286694 -1.277811
2390000 3.067291 1.193861 -1.208632
2400000 3.053264 1.119294 -1.319418
2410000 3.202666 1.261432 -1.178881
2420000 4.173472 1.169118 -1.221370
2430000 3.950967 1.204953 -1.285125
2440000 4.751815 1.166622 -1.238594
2450000 4.267172 1.154809 -1.205944
2460000 4.566984 1.263522 -1.257754
2470000 4.751576 1.264402 -1.188912
2480000 4.859418 1.205012 -1.233349
2490000 3.216659 1.211738 -1.321241
2500000 2.556812 1.163310 -1.146240
2510000 1.974969 1.091059 -1.211565
2520000 1.773645 1.165913 -1.205807
2530000 1.793200 1.335105 -1.216029
2540000 2.084488 1.140317 -1.110793
2550000 2.067830 1.245818 -1.183963
2560000 3.342716 1.177747 -1.278297
2570000 2.165568 1.298108 -1.303173
2580000 1.943763 1.336383 -1.173492
2590000 2.056113 1.301490 -1.156498
2600000 1.995341 1.250741 -1.296631
2610000 2.853413 1.218748 -1.165513
2620000 3.897326 1.289695 -1.323819
2630000 4.245654 1.193319 -1.281060
2640000 4.566862 1.206355 -1.170221
2650000 4.408827 1.303485 -1.127121
2660000 3.989736 1.171122 -1.232799
2670000 3.724305 1.255002 -1.111418
2680000 3.780414 1.265701 -1.349414
2690000 3.407711 1.128024 -1.365761
2700000 2.990615 1.320275 -1.302873
2710000 3.283231 1.188947 -1.170544
2720000 2.614182 1.150206 -1.254378
2730000 3.250927 1.237449 -1.275472
2740000 3.708049 1.219547 -1.234079
2750000 3.780647 1.253817 -1.321565
2760000 4.568965 1.193259 -1.091999
2770000 4.380285 1.228510 -1.187409
2780000 5.019883 1.243251 -1.287684
2790000 4.999028 1.266752 -1.220888
2800000 4.837191 1.180468 -1.169022
2810000 3.838309 1.226542 -1.139718
2820000 3.684043 1.214246 -1.229389
2830000 2.742388 1.168267 -1.248074
2840000 3.478392 1.287399 -1.209952
2850000 2.410271 1.050144 -1.308392
2860000 2.464785 1.326960 -1.277824
2870000 2.824971 1.236778 -1.302251
2880000 3.646498 1.296580 -1.142193
2890000 2.816478 1.290284 -1.278185
2900000 2.485040 1.203393 -1.288152
2910000 2.118048 1.220422 -1.213577
2920000 1.946107 1.223908 -1.171918
2930000 1.507229 1.237168 -1.219525
2940000 1.479610 1.157592 -1.279996
2950000 1.601166 1.188573 -1.240066
2960000 1.752994 1.156479 -1.219482
2970000 1.968784 1.256167 -1.268366
2980000 2.351486 1.256261 -1.340799
2990000 2.326253 1.314274 -1.131858
3000000 2.962686 1.171293 -1.081736
3010000 3.037552 1.088918 -1.299323
3020000 3.915664 1.183733 -1.315420
3030000 3.413379 1.248976 -1.250749
3040000 3.365580 1.178701 -1.305228
3050000 3.928545 1.192030 -1.077112
3060000 4.363744 0.975669 -1.352524
3070000 4.389088 1.226983 -1.216541
3080000 4.168915 1.131862 -1.382056
3090000 4.385100 1.127178 -1.179610
3100000 3.310745 1.276617 -1.214628
3110000 3.884481 1.364170 -1.241509
3120000 3.955234 1.320931 -1.215435
3130000 2.575619 1.172606 -1.229865
3140000 3.029938 1.228686 -1.173717
3150000 2.885662 1.317027 -1.116459
3160000 2.814568 1.377255 -1.208324
3170000 2.415898 1.156101 -1.292856
3180000 3.424838 1.196718 -1.327875
3190000 4.837399 1.122729 -1.284424
3200000 4.778501 1.219153 -1.270308
3210000 4.780145 1.108923 -1.240720
3220000 4.965325 1.236661 -1.200907
3230000 4.350657 1.267285 -1.255499
3240000 4.577456 1.209745 -1.305042
3250000 4.052017 1.360783 -1.266751
3260000 4.087118 1.336441 -1.200611
3270000 4.397936 1.200055 -1.202754
3280000 4.425273 1.231837 -1.234150
3290000 3.462294 1.210914 -1.212905
3300000 3.502289 1.024480 -1.210128
3310000 2.854196 1.263567 -1.283059
3320000 2.323042 1.214214 -1.277003
3330000 1.891616 1.199739 -1.233196
3340000 1.535311 1.209574 -1.275483
3350000 1.513952 1.077502 -1.264070
3360000 1.362731 1.148247 -1.168406
3370000 0.924917 1.334243 -1.290337
3380000 0.976946 1.237264 -1.272205
3390000 0.880959 1.172295 -1.095888
3400000 0.579825 1.361375 -1.376420
3410000 0.695184 1.265388 -1.204007
3420000 0.779702 1.413905 -1.215573
3430000 0.812741 1.240063 -1.209661
3440000 0.676762 1.236302 -1.208552
3450000 0.668527 1.217546 -1.260617
3460000 0.806889 1.197069 -1.270919
3470000 0.970534 1.179493 -1.253684
3480000 1.106193 1.156408 -1.176807
3490000 1.149516 1.449487 -1.141567
3500000 1.016884 1.195626 -1.207986
3510000 1.135415 1.103421 -1.243358
3520000 1.313887 1.257416 -1.126654
3530000 1.179042 1.205810 -1.230700
3540000 1.145252 1.081709 -1.192144
3550000 0.763990 1.342978 -1.281002
3560000 0.704895 1.157975 -1.183101
3570000 0.883140 1.210657 -1.269197
3580000 1.025311 1.119881 -1.315959
3590000 1.158448 1.207995 -1.152175
3600000 1.112646 1.242028 -1.163723
3610000 0.936776 1.192281 -1.317912
3620000 1.248061 1.077699 -1.104048
3630000 1.508238 1.248097 -1.310886
3640000 1.496558 1.245149 -1.252684
3650000 1.890049 1.143200 -1.208584
3660000 1.892922 1.168011 -1.196795
3670000 2.098428 1.201102 -1.063971
3680000 1.860737 1.176910 -1.228673
3690000 1.863253 1.278611 -1.091671
3700000 1.905744 1.214645 -1.231112
3710000 2.416678 1.157639 -1.291245
3720000 2.780295 1.224394 -1.179650
3730000 2.634586 1.239034 -1.280754
3740000 2.299657 1.207367 -1.365156
3750000 1.987405 1.280506 -1.278296
3760000 1.672505 1.217667 -1.116719
3770000 1.576329 1.247388 -1.435172
3780000 1.558939 1.324517 -1.172134
3790000 1.402279 1.284238 -1.225359
3800000 1.727386 1.263480 -1.284531
3810000 1.747053 1.180920 -1.177176
3820000 2.264085 1.332918 -1.116517
3830000 3.415319 1.308352 -1.213412
3840000 3.443668 1.168550 -1.142982
3850000 3.128387 1.311942 -1.198185
3860000 3.547746 1.272943 -1.256998
3870000 3.799719 1.218254 -1.328761
3880000 4.163456 1.221339 -1.319970
3890000 3.100044 1.218058 -1.190938
3900000 3.516394 1.232920 -1.167196
3910000 4.452304 1.282922 -1.182026
3920000 4.701224 1.133794 -1.347280
3930000 3.633724 1.311839 -1.287785
3940000 3.959407 1.209852 -1.163157
3950000 4.170641 1.242330 -1.307637
3960000 4.639254 1.253304 -1.210172
3970000 3.943865 1.290208 -1.192342
3980000 4.745572 1.263713 -1.174781
3990000 3.069465 1.222680 -1.191808
4000000 3.166980 1.273371 -1.166078
