100000 4.324187 1.361634 -2.168636
110000 3.029177 1.215039 -2.058606
120000 3.396272 1.262648 -2.214167
130000 4.034167 1.307676 -2.099593
140000 4.953890 1.187424 -2.142834
150000 4.106970 1.168966 -2.115116
160000 3.004868 1.225364 -2.221955
170000 2.320498 1.273880 -1.937107
180000 2.405638 1.184517 -2.091741
190000 3.483811 1.274326 -2.116815
200000 3.863815 1.198734 -2.091025
210000 3.292889 1.284375 -2.062058
220000 1.726557 1.236900 -2.152961
230000 1.699640 1.168839 -2.053210
240000 2.048194 1.103423 -2.176499
250000 2.047127 1.214394 -1.996266
260000 2.369499 1.175076 -1.994599
270000 3.151316 1.232510 -2.149685
280000 4.533214 1.238322 -2.062789
290000 4.949473 1.259758 -2.070721
300000 4.702265 1.142761 -1.974241
310000 3.624027 1.239454 -2.193334
320000 4.230933 1.153231 -2.100031
330000 4.304891 1.253662 -2.132465
340000 4.096088 1.219354 -2.265053
350000 4.582125 1.144081 -2.176182
360000 2.879263 1.245556 -2.247713
370000 3.248782 1.248645 -2.054111
380000 3.568505 1.204280 -2.076614
390000 3.390146 1.217821 -2.095054
400000 3.707418 1.342930 -2.025966
410000 4.194608 1.223249 -2.036434
420000 2.274298 1.225419 -2.114360
430000 2.127496 1.124019 -2.143425
440000 2.777730 1.210451 -2.078870
450000 1.667380 1.136087 -2.139140
460000 1.449498 1.322057 -2.031632
470000 1.455967 1.241767 -2.064664
480000 1.690112 1.241933 -2.135434
490000 0.966555 1.222727 -2.064743
500000 1.149438 1.225041 -2.180129
510000 1.680072 1.256549 -2.132911
520000 1.930402 1.265087 -2.122506
530000 1.671274 1.264052 -2.142253
540000 2.370451 1.325277 -2.064805
550000 3.406235 1.037460 -2.134381
560000 4.178841 1.244655 -1.918497
570000 2.696579 1.196172 -2.049279
580000 2.660975 1.215646 -1.982255
590000 2.410946 1.113886 -2.078940
600000 2.964785 1.308967 -1.962566
610000 3.953339 1.256429 -2.071486
620000 4.603271 1.241543 -2.316129
630000 4.747327 1.324802 -2.199525
640000 4.773911 1.162418 -2.074439
650000 4.718516 1.222125 -2.147058
660000 3.738084 1.271758 -2.268575
670000 3.839111 1.238649 -2.080829
680000 4.791814 1.206272 -2.037980
690000 4.710261 1.175604 -2.049288
700000 3.709644 1.159618 -2.051470
710000 3.655199 1.116576 -1.911910
720000 4.423928 1.065694 -2.136002
730000 4.924859 1.260557 -2.121576
740000 3.463188 1.186837 -2.270282
750000 2.227908 1.221056 -2.095764
760000 2.301379 1.245937 -2.226793
770000 1.772099 1.123896 -2.049829
780000 1.306903 1.229272 -2.163506
790000 0.827520 1.103502 -2.196587
800000 1.001995 1.321464 -2.048445
810000 0.975744 1.198078 -2.100543
820000 1.348333 1.179753 -2.011359
830000 0.682056 1.249214 -2.208540
840000 0.802737 1.225577 -2.111760
850000 0.799977 1.264936 -2.285353
860000 1.579105 1.046391 -2.045078
870000 1.460087 1.212695 -2.113573
880000 2.047522 1.206602 -2.045986
890000 1.685738 1.194758 -2.043244
900000 1.840469 1.198393 -2.059432
910000 2.818224 1.159954 -2.096721
920000 2.840695 1.226897 -1.994484
930000 4.249293 1.196560 -2.116163
940000 4.543470 1.265941 -2.078506
950000 4.942236 1.132658 -2.116734
960000 3.348153 1.157908 -2.072391
970000 3.427932 1.159209 -2.061357
980000 4.604674 1.202738 -2.211432
990000 4.415364 1.333875 -2.115663
1000000 3.690000 1.245209 -2.190075
1010000 4.195713 1.298568 -1.968092
1020000 3.439221 1.213740 -2.102455
1030000 3.954784 1.390605 -2.095182
1040000 2.866803 1.245900 -2.116377
1050000 2.385100 1.156653 -2.079572
1060000 2.131150 1.173108 -2.041736
1070000 1.888744 1.163729 -2.137475
1080000 2.472401 1.198130 -2.057409
1090000 2.018344 1.245156 -2.148391
1100000 1.347552 1.273535 -2.187765
1110000 1.052598 1.252152 -2.070336
1120000 0.988954 1.357625 -2.027368
1130000 0.654990 1.359681 -2.199699
1140000 0.848350 1.182056 -2.145695
1150000 0.933855 1.224182 -2.045682
1160000 0.686028 1.355045 -2.100171
1170000 0.562175 1.362113 -2.192856
1180000 0.727211 1.352955 -2.047554
1190000 1.210005 1.195838 -2.136876
1200000 1.002717 1.126060 -2.106485
1210000 1.162616 1.253667 -1.966368
1220000 1.476281 1.380044 -1.940071
1230000 1.487325 1.258958 -2.073375
1240000 1.473698 1.311991 -2.177182
1250000 1.377549 1.260823 -2.010461
1260000 1.921623 1.167081 -1.951078
1270000 2.281058 1.117633 -2.116025
1280000 3.013460 1.232341 -2.049359
1290000 3.612219 1.253050 -2.178914
1300000 4.487488 1.233040 -2.254725
1310000 4.572480 1.236042 -2.035686
1320000 3.534787 1.186201 -2.058452
1330000 4.072454 1.254795 -2.092830
1340000 3.919257 1.273984 -1.993535
1350000 3.289304 1.108102 -2.089262
1360000 3.324467 1.092108 -1.999114
1370000 4.497505 1.276751 -2.083927
1380000 4.369779 1.280693 -2.127359
1390000 5.014938 1.137114 -1.896645
1400000 5.070848 1.291042 -2.097752
1410000 4.166738 1.231987 -2.063743
1420000 4.777845 1.294983 -2.127968
1430000 4.311313 1.276165 -2.065988
1440000 3.518435 1.197242 -2.055248
1450000 3.427563 1.295938 -2.161680
1460000 2.739199 1.194951 -2.134543
1470000 3.290509 1.124396 -2.037045
1480000 3.560347 1.096479 -1.922686
1490000 4.643649 1.156631 -2.170935
1500000 4.383148 1.352659 -2.085465
1510000 4.436484 1.311555 -2.046202
1520000 3.538050 1.257749 -2.147593
1530000 2.701958 1.097263 -2.070339
1540000 2.552417 1.189761 -1.932256
1550000 1.966595 1.209402 -2.109923
1560000 2.398576 1.225692 -2.192574
1570000 1.796915 1.277598 -2.131146
1580000 2.076951 1.209061 -2.157436
1590000 2.711708 1.194635 -2.072506
1600000 1.745069 1.229819 -2.062483
1610000 1.675191 1.254508 -2.134069
1620000 1.568667 1.135302 -2.168830
1630000 2.091214 1.188067 -2.049908
1640000 2.620709 1.156221 -2.173263
1650000 3.134041 1.189581 -2.038788
1660000 3.168991 1.124163 -2.090402
1670000 2.786593 1.267621 -2.020921
1680000 3.314190 1.318936 -2.089070
1690000 4.021972 1.185577 -2.112456
1700000 4.277904 1.150483 -2.159113
1710000 4.904800 1.330369 -2.078816
1720000 3.616428 1.249985 -2.175601
1730000 3.033766 1.170913 -2.225938
1740000 2.963533 1.193534 -2.229763
1750000 3.845182 1.175153 -2.084301
1760000 3.684877 1.309186 -1.975825
1770000 3.111079 1.274319 -2.062037
1780000 2.231068 1.328969 -2.112392
1790000 2.629817 1.096081 -2.196006
1800000 2.206958 1.286778 -2.172731
1810000 2.123364 1.219162 -2.104816
1820000 1.487283 1.294231 -2.105630
1830000 1.257020 1.287440 -2.071793
1840000 1.366696 1.340625 -2.005929
1850000 1.036846 1.258562 -2.151579
1860000 1.258740 1.137200 -2.157610
1870000 1.387025 1.205237 -2.144761
1880000 0.940999 1.192656 -2.118246
1890000 0.818536 1.322109 -2.062668
1900000 1.057369 1.189577 -2.019052
1910000 1.112241 1.203805 -2.228530
1920000 1.116006 1.293165 -2.118578
1930000 1.241204 1.160461 -2.180136
1940000 1.476251 1.270354 -2.062247
1950000 1.569577 1.094744 -2.123227
1960000 1.625912 1.097305 -2.126833
1970000 1.866463 1.109372 -1.987740
1980000 1.878658 1.318148 -2.146266
1990000 2.714767 1.279797 -2.180384
2000000 2.038458 1.244963 -2.072219
2010000 1.719959 1.320771 -2.005158
2020000 2.966347 1.139961 -1.984589
2030000 3.150201 1.184384 -2.064367
2040000 3.640674 1.193988 -2.010320
2050000 4.052214 1.131488 -2.063131
2060000 4.305978 1.322156 -2.235193
2070000 3.356393 1.257932 -2.142624
2080000 3.011552 1.232480 -2.078735
2090000 2.480024 1.246361 -2.122490
2100000 2.323815 1.099742 -2.116435
2110000 2.197055 1.166650 -2.070149
2120000 2.552635 1.142550 -2.091562
2130000 2.810009 1.100344 -2.085877
2140000 4.168308 1.277427 -2.098400
2150000 4.323709 1.197094 -2.065341
2160000 4.488522 1.186774 -2.177721
2170000 4.642285 1.243465 -2.135887
2180000 4.718500 1.176037 -2.130870
2190000 4.510072 1.173343 -1.944790
2200000 4.722583 1.126002 -2.132181
2210000 4.379499 1.286249 -2.275371
2220000 3.459214 1.216453 -1.952902
2230000 4.530120 1.055679 -2.144084
2240000 4.358225 1.140955 -2.095430
2250000 4.814110 1.182945 -2.203414
2260000 4.868109 1.223634 -1.977743
2270000 4.156135 1.291118 -2.152811
2280000 3.155572 1.256799 -1.873127
2290000 2.758606 1.411776 -2.111048
2300000 3.762346 1.297669 -2.187558
2310000 3.289437 1.266041 -2.120430
2320000 3.094340 1.291279 -1.969400
2330000 2.851191 1.291895 -2.076559
2340000 1.965490 1.171496 -2.195138
2350000 1.907453 1.267135 -1.918944
2360000 1.921447 1.121851 -1.974354
2370000 1.604344 1.219310 -2.094129
2380000 1.758118 1.068222 -2.011657
2390000 2.572089 1.137977 -2.033135
2400000 2.783459 1.213516 -2.118838
2410000 2.633002 1.205665 -2.138951
2420000 1.974744 1.195198 -2.069324
2430000 2.444147 1.235166 -2.075869
2440000 2.864579 1.233252 -2.072876
2450000 3.333730 1.265034 -2.006370
2460000 3.679996 1.232111 -2.192124
2470000 3.803421 1.207091 -2.039300
2480000 4.158055 1.272310 -2.072209
2490000 4.566699 1.151710 -2.017642
2500000 4.796874 1.270996 -2.019657
2510000 4.978439 1.318898 -1.975836
2520000 4.099028 1.246301 -2.125154
2530000 4.706728 1.420219 -2.137894
2540000 4.551812 1.291089 -2.065410
2550000 4.139264 1.282628 -2.151344
2560000 3.064826 1.265291 -2.135612
2570000 2.904128 1.140480 -2.119141
2580000 2.478559 1.217751 -2.110348
2590000 3.460641 1.220414 -1.945650
2600000 3.880650 1.269950 -2.103061
2610000 4.505788 1.270711 -2.038337
2620000 4.686872 1.304534 -2.048070
2630000 3.175307 1.303941 -2.118927
2640000 4.242274 1.279173 -2.066413
2650000 4.937171 1.373266 -2.117819
2660000 4.324102 1.301879 -2.110438
2670000 4.082429 1.150415 -2.118843
2680000 3.461600 1.330636 -2.168361
2690000 3.135794 1.211543 -2.181463
2700000 3.992071 1.289626 -2.072195
2710000 4.085967 1.111256 -1.991279
2720000 3.980878 1.083109 -2.048179
2730000 2.746877 1.259594 -2.159151
2740000 3.285124 1.271291 -2.268774
2750000 3.147172 1.287588 -2.149970
2760000 2.143088 1.330401 -2.071711
2770000 1.967142 1.156689 -2.105867
2780000 2.606978 1.362803 -2.160408
2790000 3.352116 1.308649 -2.072591
2800000 3.830251 1.242695 -2.008974
2810000 3.293229 1.271975 -2.098398
2820000 3.539443 1.215000 -2.215199
2830000 4.157479 1.225912 -2.102202
2840000 4.081942 1.224021 -2.098044
2850000 3.345058 1.223608 -1.965449
2860000 2.865733 1.221808 -2.064116
2870000 3.276085 1.278949 -2.207606
2880000 1.865020 1.391867 -2.050477
2890000 2.398063 1.156240 -2.078660
2900000 3.524485 1.341307 -2.019959
2910000 3.523955 1.204926 -2.093733
2920000 3.053308 1.206786 -1.998753
2930000 2.320417 1.133823 -2.067456
2940000 2.238212 1.150589 -2.075893
2950000 1.354032 1.210136 -2.228990
2960000 1.360151 1.201892 -2.151914
2970000 1.141894 1.262539 -2.119653
2980000 1.118839 1.276221 -2.154583
2990000 1.296908 1.214772 -2.135394
3000000 1.300202 1.273065 -2.095307
3010000 1.274997 1.252851 -2.085800
3020000 1.523476 1.224808 -2.149447
3030000 1.331158 1.263647 -2.131941
3040000 1.380211 1.115979 -2.140553
3050000 1.815846 1.217071 -2.084549
3060000 1.775652 1.208164 -1.954642
3070000 2.008236 1.283725 -2.045521
3080000 1.958329 1.281350 -2.110740
3090000 2.051376 1.199894 -2.033307
3100000 2.190044 1.169846 -2.112793
3110000 2.531605 1.153456 -2.034145
3120000 3.043681 1.256157 -2.001194
3130000 3.622857 1.086640 -2.287911
3140000 2.753963 1.238274 -2.174717
3150000 2.752849 1.141931 -2.152741
3160000 2.904163 1.281453 -2.078637
3170000 2.439894 1.200818 -2.120753
3180000 3.047909 1.307764 -2.242616
3190000 2.038029 1.286106 -2.026677
3200000 1.990087 1.361920 -2.011743
3210000 1.594158 1.230413 -2.102353
3220000 1.141292 1.281289 -2.063139
3230000 0.689344 1.158667 -2.201805
3240000 0.502885 1.334107 -2.216584
3250000 0.607476 1.219032 -2.121621
3260000 0.897164 1.159809 -2.068010
3270000 0.875345 1.160572 -2.087772
3280000 0.950984 1.084971 -2.290065
3290000 1.057666 1.294416 -2.068742
3300000 1.058731 1.159126 -1.899245
3310000 0.737391 1.062997 -2.119754
3320000 0.753994 1.212719 -2.155207
3330000 1.108571 1.225755 -2.014308
3340000 0.880415 1.276939 -2.069750
3350000 0.625782 1.290602 -2.066596
3360000 0.954897 1.182178 -2.099877
3370000 0.928653 1.242953 -2.182959
3380000 0.939461 1.224647 -2.061199
3390000 0.762724 1.154192 -2.145965
3400000 0.804096 1.194605 -2.133769
3410000 1.272857 1.103709 -2.180349
3420000 1.261872 1.231094 -2.096400
3430000 1.376420 1.103921 -2.246008
3440000 1.329977 1.143513 -2.041338
3450000 1.073690 1.247399 -2.058479
3460000 1.096406 1.117025 -2.181794
3470000 1.179360 1.204696 -2.060189
3480000 1.332997 1.140216 -2.182445
3490000 1.434686 1.196072 -2.157480
3500000 1.323600 1.258194 -2.086549
3510000 1.224810 1.285000 -2.163647
3520000 1.448389 1.238612 -2.030372
3530000 1.219628 1.161560 -2.099110
3540000 1.664227 1.280581 -2.055666
3550000 1.882581 1.159902 -2.179066
3560000 1.661251 1.249223 -2.184937
3570000 2.477044 1.195790 -2.196566
3580000 2.806769 1.297353 -1.972757
3590000 2.101611 1.249989 -2.204749
3600000 2.913506 1.167309 -2.127982
3610000 3.156580 1.302347 -2.171808
3620000 3.702332 1.181104 -2.035548
3630000 4.200362 1.390744 -2.158268
3640000 4.919103 1.124259 -2.042517
3650000 4.500741 1.168994 -2.038883
3660000 3.829092 1.080061 -2.008754
3670000 4.216105 1.120115 -2.257178
3680000 4.465559 1.340152 -2.133816
3690000 3.747026 1.224103 -2.081420
3700000 3.405248 1.254165 -1.985768
3710000 2.339892 1.147822 -2.060719
3720000 2.082998 1.126437 -2.154334
3730000 1.874054 1.229626 -2.112152
3740000 2.307119 1.241954 -2.038454
3750000 2.013305 1.228038 -2.137110
3760000 2.170838 1.224181 -1.918328
3770000 1.994697 1.173272 -2.030720
3780000 1.999716 1.167732 -2.182528
3790000 2.474825 1.164301 -2.120829
3800000 2.958141 1.123359 -2.117973
3810000 2.671040 1.189905 -2.199607
3820000 2.187592 1.227947 -2.060586
3830000 2.522821 1.210830 -2.088003
3840000 2.970178 1.321741 -2.011808
3850000 3.835624 1.171974 -2.118081
3860000 3.889964 1.199410 -2.062200
3870000 4.329357 1.189049 -2.070432
3880000 4.462769 1.206226 -2.182872
3890000 4.843206 1.396539 -2.107296
3900000 4.728187 1.197162 -1.963319
3910000 4.784465 1.159387 -2.009896
3920000 4.115253 1.238692 -2.064193
3930000 4.276855 1.227904 -1.998077
3940000 4.993234 1.278063 -2.119591
3950000 4.378686 1.142309 -2.049861
3960000 4.552498 1.132448 -1.976973
3970000 4.682351 1.069065 -2.062346
3980000 4.925501 1.080969 -2.061991
3990000 4.818457 1.193004 -2.078911
4000000 3.447795 1.176274 -1.994076
