100000 4.766154 1.205842 -2.498757
110000 4.975254 1.114514 -2.541700
120000 5.006346 1.260006 -2.476506
130000 4.366731 1.310838 -2.480473
140000 4.668878 1.095610 -2.433989
150000 2.436629 1.239326 -2.469576
160000 1.902242 1.175899 -2.554257
170000 1.349169 1.262648 -2.398497
180000 1.196828 1.257253 -2.441765
190000 0.937466 1.337331 -2.352218
200000 0.739661 1.416805 -2.486007
210000 1.174543 1.183527 -2.499431
220000 1.729734 1.177223 -2.517107
230000 1.377611 1.127509 -2.496992
240000 2.287251 1.110726 -2.526405
250000 3.284656 1.161067 -2.361869
260000 3.241100 1.235017 -2.474886
270000 4.015480 1.140836 -2.598158
280000 2.473274 1.248905 -2.366199
290000 2.145369 1.238426 -2.504544
300000 2.293467 1.104653 -2.534953
310000 2.761515 1.148542 -2.402270
320000 1.816873 1.250591 -2.316479
330000 1.388266 1.208618 -2.448021
340000 1.240267 1.328931 -2.363595
350000 2.152763 1.184374 -2.489674
360000 3.581333 1.240484 -2.302303
370000 3.944835 1.295215 -2.476751
380000 3.863197 1.263728 -2.473977
390000 2.971986 1.266686 -2.577147
400000 3.049893 1.252328 -2.432412
410000 2.425188 1.315090 -2.461317
420000 3.470565 1.207756 -2.474906
430000 4.722212 1.144364 -2.579616
440000 3.536223 1.197062 -2.545308
450000 3.663031 1.329668 -2.430255
460000 4.122077 1.224500 -2.701273
470000 3.162403 1.174926 -2.461926
480000 2.766452 1.287087 -2.366701
490000 2.255871 1.270426 -2.231346
500000 1.786551 1.327979 -2.437650
510000 2.133843 1.088201 -2.554507
520000 3.202541 1.311204 -2.431998
530000 4.443671 1.199776 -2.390923
540000 4.700656 1.240364 -2.404334
550000 4.990876 1.264079 -2.343836
560000 5.035373 1.174167 -2.438948
570000 4.948908 1.257871 -2.394591
580000 3.657708 1.207418 -2.421831
590000 3.372179 1.239742 -2.466914
600000 4.200417 1.240308 -2.379871
610000 4.551749 1.180234 -2.472677
620000 4.624787 1.351774 -2.546516
630000 3.742973 1.265171 -2.492614
640000 3.778426 1.156223 -2.298696
650000 2.773730 1.149234 -2.529614
660000 2.383765 1.209671 -2.470585
670000 2.031983 1.249367 -2.452240
680000 1.458642 1.148209 -2.668566
690000 1.315310 1.230916 -2.428795
700000 1.542806 1.340388 -2.517701
710000 0.752046 1.395179 -2.463520
720000 0.711681 1.272352 -2.399010
730000 0.844583 1.209555 -2.478538
740000 1.297533 1.255673 -2.311105
750000 1.612374 1.186561 -2.491836
760000 1.167337 1.192119 -2.455842
770000 0.803971 1.258329 -2.319720
780000 0.769889 1.310557 -2.550141
790000 1.363541 1.177396 -2.456548
800000 1.495870 1.208692 -2.532062
810000 1.638053 1.437165 -2.441850
820000 1.334926 1.252834 -2.393502
830000 1.046467 1.261627 -2.445900
840000 1.260802 1.343208 -2.604329
850000 1.344531 1.186095 -2.380298
860000 1.526957 1.304657 -2.496155
870000 1.788499 1.231705 -2.385173
880000 2.459234 1.362159 -2.457161
890000 2.216064 1.277935 -2.415549
900000 2.266818 1.183113 -2.375216
910000 2.609249 1.288273 -2.462036
920000 3.070403 1.252650 -2.351473
930000 3.758788 1.307142 -2.401059
940000 4.997086 1.288506 -2.401238
950000 4.845012 1.166833 -2.473443
960000 4.704763 1.098583 -2.470402
970000 4.023965 1.231677 -2.430630
980000 3.713826 1.253556 -2.604456
990000 3.655109 1.326395 -2.450917
1000000 3.446422 1.314021 -2.464634
1010000 2.563275 1.117195 -2.574459
1020000 2.224964 1.155552 -2.469014
1030000 3.348239 1.136633 -2.540807
1040000 2.821922 1.159828 -2.487223
1050000 1.777874 1.198468 -2.481495
1060000 2.223093 1.110844 -2.413742
1070000 2.273672 1.244977 -2.390843
1080000 4.189832 1.322299 -2.531224
1090000 3.816218 1.268601 -2.423075
1100000 4.417603 1.302622 -2.403400
1110000 4.679652 1.183292 -2.514124
1120000 4.439137 1.353029 -2.576401
1130000 4.789022 1.278333 -2.418725
1140000 4.508414 1.110216 -2.431588
1150000 3.990160 1.300346 -2.469576
1160000 4.082101 1.224229 -2.412350
1170000 3.181919 1.278782 -2.389246
1180000 2.749711 1.220337 -2.428301
1190000 2.694801 1.185856 -2.447244
1200000 2.584081 1.216347 -2.381111
1210000 3.922715 1.228796 -2.416918
1220000 2.677834 1.184645 -2.348617
1230000 2.137743 1.163537 -2.457284
1240000 1.957597 1.227884 -2.443582
1250000 2.303320 1.164787 -2.374556
1260000 3.346837 1.250223 -2.488887
1270000 3.701001 1.168580 -2.562734
1280000 4.217207 1.220717 -2.398607
1290000 4.739726 1.199005 -2.382454
1300000 4.847318 1.273068 -2.385254
1310000 4.450926 1.153555 -2.478215
1320000 4.351127 1.198954 -2.440030
1330000 4.303476 1.081367 -2.412345
1340000 4.659890 1.181430 -2.479381
1350000 4.849623 1.129991 -2.441091
1360000 4.445717 1.140755 -2.562672
1370000 2.965761 1.161173 -2.415132
1380000 3.412343 1.322274 -2.427938
1390000 3.276498 1.151614 -2.496678
1400000 3.401797 1.189001 -2.595346
1410000 3.893189 1.046732 -2.500787
1420000 3.152651 1.196133 -2.457056
1430000 2.459278 1.090981 -2.337116
1440000 3.255442 1.163327 -2.393027
1450000 3.284784 1.171708 -2.448912
1460000 2.321889 1.228488 -2.524833
1470000 1.823514 1.186014 -2.262085
1480000 1.717376 1.185645 -2.429650
1490000 1.910913 1.372693 -2.504124
1500000 2.036130 1.136338 -2.510825
1510000 1.952729 1.232483 -2.529692
1520000 1.810438 1.253801 -2.420266
1530000 1.592048 1.088221 -2.372442
1540000 0.848922 1.221711 -2.499387
1550000 1.082749 1.175963 -2.514833
1560000 1.268168 1.166084 -2.466186
1570000 0.632405 1.217911 -2.503098
1580000 0.874221 1.103292 -2.354349
1590000 0.594367 1.256865 -2.573102
1600000 0.862150 1.176241 -2.476138
1610000 0.515929 1.282345 -2.535628
1620000 0.509080 1.426399 -2.579924
1630000 0.633550 1.251060 -2.452082
1640000 1.011143 1.094662 -2.517265
1650000 0.670154 1.258262 -2.538328
1660000 0.488919 1.199271 -2.536132
1670000 0.842773 1.223047 -2.347188
1680000 0.502792 1.239884 -2.559787
1690000 0.809224 1.143460 -2.393319
1700000 1.062815 1.290712 -2.478387
1710000 1.355453 1.121843 -2.476444
1720000 1.349764 1.147813 -2.447306
1730000 1.186768 1.269601 -2.441594
1740000 1.411817 1.147491 -2.565492
1750000 1.556234 1.137288 -2.307110
1760000 1.317023 1.277201 -2.438997
1770000 1.033046 1.182877 -2.419814
1780000 1.114109 1.277133 -2.430905
1790000 0.974929 1.195617 -2.505241
1800000 1.134934 1.289775 -2.367438
1810000 1.006950 1.205837 -2.520174
1820000 1.311145 1.112939 -2.420814
1830000 1.365800 1.148125 -2.496208
1840000 0.901980 1.208150 -2.476727
1850000 1.160149 1.122352 -2.436827
1860000 0.937746 1.198066 -2.557179
1870000 0.843083 1.341576 -2.433076
1880000 1.005616 1.249359 -2.442129
1890000 1.710181 1.258885 -2.367965
1900000 1.818974 1.257119 -2.409308
1910000 2.051651 1.295179 -2.520394
1920000 2.473654 1.251830 -2.537805
1930000 2.727709 1.250620 -2.555753
1940000 2.932718 1.253756 -2.493501
1950000 3.852865 1.262246 -2.462717
1960000 4.151933 1.213393 -2.299303
1970000 3.943687 1.187740 -2.415165
1980000 5.002860 1.133395 -2.434471
1990000 4.787729 1.295459 -2.446069
2000000 4.183579 1.196149 -2.392703
2010000 4.506164 1.072920 -2.484656
2020000 4.324910 1.116378 -2.520128
2030000 4.989001 1.195412 -2.351092
2040000 4.522388 1.219052 -2.462476
2050000 3.978915 1.356404 -2.374748
2060000 3.426745 1.200919 -2.385568
2070000 3.679671 1.377999 -2.412239
2080000 3.803299 1.172919 -2.419879
2090000 2.896062 1.309398 -2.435566
2100000 3.434282 1.275657 -2.370220
2110000 2.762721 1.313242 -2.385412
2120000 2.214166 1.258942 -2.399614
2130000 2.314759 1.139192 -2.354368
2140000 2.240106 1.209560 -2.571822
2150000 2.806643 1.329294 -2.335273
2160000 3.199268 1.208582 -2.463501
2170000 3.605913 1.275881 -2.341832
2180000 3.465866 1.084199 -2.395804
2190000 4.436514 1.208988 -2.436289
2200000 4.988665 1.319880 -2.452832
2210000 4.856445 1.185279 -2.352343
2220000 4.306262 1.245350 -2.487945
2230000 3.793123 1.201637 -2.497992
2240000 4.653434 1.146659 -2.446094
2250000 4.760504 1.238663 -2.402166
2260000 4.076817 1.156989 -2.292445
2270000 3.667329 1.229700 -2.453139
2280000 3.394887 1.143559 -2.399148
2290000 3.285095 1.265854 -2.615286
2300000 4.329097 1.230857 -2.407178
2310000 4.554433 1.196353 -2.556932
2320000 4.037904 1.250060 -2.483813
2330000 3.982651 1.294971 -2.384914
2340000 3.052820 1.213141 -2.523307
2350000 2.553431 1.093773 -2.427531
2360000 2.246502 1.136101 -2.578189
2370000 2.061238 1.143583 -2.377416
2380000 1.761941 1.386735 -2.459149
2390000 2.801918 1.180799 -2.443281
2400000 3.328377 1.304100 -2.522298
2410000 3.291553 1.275698 -2.439225
2420000 2.867521 1.252238 -2.435292
2430000 3.335800 1.249147 -2.440330
2440000 3.708766 1.190376 -2.491946
2450000 4.067859 1.211067 -2.491030
2460000 4.801648 1.164542 -2.382160
2470000 2.752575 1.229091 -2.441298
2480000 3.593253 1.224736 -2.422378
2490000 3.584452 1.250327 -2.445570
2500000 3.200292 1.268753 -2.509085
2510000 4.391609 1.194935 -2.457184
2520000 4.933117 1.321640 -2.501283
2530000 4.225376 1.323472 -2.463000
2540000 4.434454 1.285010 -2.457430
2550000 2.823843 1.068517 -2.438306
2560000 1.993594 1.144932 -2.436723
2570000 1.764206 1.248007 -2.438630
2580000 1.994696 1.279809 -2.370121
2590000 1.663414 1.327216 -2.292502
2600000 1.321369 1.273591 -2.499927
2610000 1.356998 1.267045 -2.339597
2620000 1.347442 1.335527 -2.368711
2630000 1.707212 1.181796 -2.447909
2640000 1.397593 1.195989 -2.444536
2650000 1.297866 1.269361 -2.372819
2660000 1.796936 1.107164 -2.429038
2670000 1.778273 1.074296 -2.357999
2680000 1.997670 1.237927 -2.447044
2690000 2.129764 1.144572 -2.419565
2700000 2.409876 1.165883 -2.469411
2710000 2.550669 1.261898 -2.443297
2720000 2.301085 1.209500 -2.367945
2730000 3.246146 1.125682 -2.392491
2740000 2.871600 1.325616 -2.524133
2750000 4.046164 1.278239 -2.499947
2760000 4.821570 1.305494 -2.427950
2770000 4.103266 1.299097 -2.444812
2780000 4.881355 1.215669 -2.398647
2790000 4.658802 1.250905 -2.414178
2800000 4.910375 1.278627 -2.383107
2810000 4.664152 1.280508 -2.255396
2820000 4.409389 1.164990 -2.392161
2830000 3.626444 1.252410 -2.423562
2840000 3.368937 1.399323 -2.392141
2850000 2.781442 1.192746 -2.438906
2860000 2.581713 1.230441 -2.533104
2870000 2.610447 1.252786 -2.423778
2880000 2.070178 1.383909 -2.421225
2890000 2.128294 1.232189 -2.400475
2900000 2.381049 1.230720 -2.539846
2910000 1.684753 1.100228 -2.396416
2920000 2.112606 1.125981 -2.464875
2930000 3.013601 1.213874 -2.359162
2940000 3.834733 1.363780 -2.509755
2950000 3.373919 1.166820 -2.343044
2960000 3.671313 1.201181 -2.360886
2970000 2.832742 1.196025 -2.536707
2980000 3.813067 1.257392 -2.412175
2990000 3.924595 1.310303 -2.446620
3000000 3.786305 1.170991 -2.341561
3010000 2.453387 1.247837 -2.529621
3020000 2.061791 1.298296 -2.436137
3030000 2.174737 1.255708 -2.455880
3040000 2.937201 1.269661 -2.402570
3050000 3.396047 1.270039 -2.433431
3060000 2.884012 1.204500 -2.501111
3070000 3.249986 1.131267 -2.455392
3080000 4.455945 1.273554 -2.388677
3090000 4.626182 1.198883 -2.512500
3100000 4.613069 1.215092 -2.377814
3110000 4.416782 1.162788 -2.366527
3120000 4.931100 1.273359 -2.490571
3130000 4.532773 1.127905 -2.430362
3140000 4.024995 1.236140 -2.493080
3150000 4.277655 1.285507 -2.401594
3160000 3.437672 1.290459 -2.408166
3170000 4.360888 1.260460 -2.384440
3180000 3.958760 1.274009 -2.451635
3190000 4.238876 1.213758 -2.385633
3200000 4.573574 1.158461 -2.515995
3210000 2.902715 1.241459 -2.531438
3220000 2.383526 1.202712 -2.366421
3230000 2.791134 1.142875 -2.333996
3240000 3.398208 1.135933 -2.490452
3250000 3.907587 1.207956 -2.430197
3260000 2.723736 1.216032 -2.452585
3270000 1.699955 1.322276 -2.485792
3280000 1.609034 1.254297 -2.477556
3290000 1.919493 1.260585 -2.347485
3300000 1.902485 1.189458 -2.373353
3310000 1.573280 1.268998 -2.441872
3320000 1.872480 1.172398 -2.481258
3330000 1.441252 1.143175 -2.529766
3340000 1.400212 1.245771 -2.386646
3350000 1.256467 1.300512 -2.514846
3360000 1.465398 1.206489 -2.460889
3370000 1.110279 1.289264 -2.394164
3380000 1.211477 1.445118 -2.355857
3390000 1.231393 1.193291 -2.430337
3400000 1.570097 1.228595 -2.288226
3410000 1.746554 1.125794 -2.503180
3420000 2.118037 1.210942 -2.421052
3430000 2.225583 1.189483 -2.561578
3440000 2.218499 1.348921 -2.421409
3450000 3.098391 1.196052 -2.523490
3460000 3.305969 1.230262 -2.585691
3470000 2.777164 1.203749 -2.315211
3480000 2.915493 1.194232 -2.425644
3490000 2.678879 1.151015 -2.629157
3500000 3.547728 1.321447 -2.328694
3510000 4.719581 1.189889 -2.522011
3520000 4.799445 1.225924 -2.501452
3530000 4.803004 1.213703 -2.453777
3540000 4.636519 1.265269 -2.390680
3550000 4.797623 1.293319 -2.495595
3560000 4.112601 1.183730 -2.456365
3570000 3.940090 1.117367 -2.404201
3580000 3.803308 1.225953 -2.403402
3590000 3.237258 1.351326 -2.560203
3600000 2.957709 1.261997 -2.399695
3610000 2.928028 1.394477 -2.516232
3620000 2.908009 1.263550 -2.455797
3630000 3.219299 1.448530 -2.390890
3640000 3.492254 1.129734 -2.406839
3650000 3.869460 1.242972 -2.465586
3660000 4.553298 1.077112 -2.355576
3670000 4.981321 1.243751 -2.517172
3680000 5.004136 1.252379 -2.384894
3690000 5.029951 1.264284 -2.427470
3700000 5.021525 1.304391 -2.513284
3710000 4.802542 1.189769 -2.561719
3720000 4.583144 1.241404 -2.442386
3730000 5.062069 1.182529 -2.450285
3740000 4.068385 1.152204 -2.435740
3750000 3.540010 1.094147 -2.438012
3760000 3.495859 1.232057 -2.479434
3770000 3.836364 1.146455 -2.428953
3780000 2.735812 1.202954 -2.429933
3790000 2.542166 1.226196 -2.440658
3800000 2.266364 1.239724 -2.479279
3810000 2.388233 1.194156 -2.402905
3820000 2.048500 1.322240 -2.397658
3830000 2.235295 1.277664 -2.467143
3840000 2.168946 1.252038 -2.425713
3850000 2.362031 1.261503 -2.563454
3860000 1.928562 1.174188 -2.398296
3870000 2.015654 1.210439 -2.538306
3880000 1.869520 1.103115 -2.461577
3890000 1.826031 1.127503 -2.405850
3900000 1.793883 1.098643 -2.542409
3910000 1.530898 1.221026 -2.483635
3920000 1.557009 1.285886 -2.490415
3930000 1.627912 1.263025 -2.447318
3940000 1.250568 1.203076 -2.495845
3950000 0.896159 1.221381 -2.442208
3960000 0.698871 1.198170 -2.505919
3970000 0.915048 1.199597 -2.545201
3980000 0.763635 1.170080 -2.432649
3990000 0.712196 1.272230 -2.553968
4000000 0.908500 1.150776 -2.491804
