100000 3.689549 0.993934 2.289458
110000 4.683571 1.086648 2.333692
120000 4.891659 1.031657 2.232840
130000 4.877800 1.133170 2.123908
140000 4.780308 1.048611 2.319780
150000 4.984754 1.047043 2.245493
160000 3.983866 1.072377 2.255815
170000 4.720260 0.943924 2.222879
180000 2.673570 1.014618 2.315129
190000 2.261548 1.005112 2.260407
200000 3.264824 1.032882 2.276144
210000 2.958278 1.114066 2.275002
220000 1.715111 1.127478 2.282011
230000 1.214467 1.011570 2.269718
240000 1.044963 1.014642 2.210462
250000 1.692816 1.118549 2.282113
260000 1.214758 1.042230 2.278762
270000 1.425258 1.124254 2.278338
280000 1.703305 1.047413 2.271499
290000 2.091612 0.986422 2.352912
300000 2.373449 0.947045 2.285733
310000 3.141529 1.038620 2.238396
320000 2.095395 0.985740 2.309831
330000 2.361322 1.124580 2.270177
340000 3.419112 1.062607 2.302621
350000 3.733299 1.021893 2.230596
360000 3.793765 1.003958 2.292579
370000 4.049385 0.980859 2.079403
380000 4.958493 1.064951 2.240613
390000 4.917991 1.099178 2.243089
400000 3.593774 0.913372 2.294235
410000 4.105204 1.114127 2.228285
420000 2.698711 1.067303 2.214676
430000 2.673297 0.991962 2.363320
440000 3.636178 1.178194 2.298713
450000 3.275327 1.147629 2.334986
460000 3.184720 0.955904 2.351500
470000 2.024269 0.953646 2.184685
480000 1.540751 0.998370 2.322795
490000 1.849126 1.133785 2.134018
500000 1.245475 0.926554 2.228679
510000 1.536444 0.979530 2.153902
520000 1.844618 1.092108 2.224227
530000 2.223573 0.928631 2.111907
540000 3.144980 1.004873 2.257952
550000 3.134146 1.259534 2.207359
560000 3.570189 1.060429 2.274537
570000 4.323631 1.000810 2.400039
580000 3.618266 1.052034 2.152266
590000 4.886834 1.105102 2.312129
600000 4.028985 1.101281 2.247717
610000 5.021315 1.220644 2.314635
620000 4.314783 1.139025 2.240907
630000 4.702815 1.074276 2.224535
640000 4.338244 1.081452 2.310624
650000 3.620505 0.930778 2.380068
660000 3.265828 1.057495 2.380753
670000 3.704419 1.051061 2.222501
680000 2.616904 0.990892 2.208827
690000 2.371173 0.994782 2.430393
700000 1.896651 1.111175 2.264229
710000 1.937188 1.035332 2.329558
720000 2.185027 0.967247 2.261809
730000 2.431857 1.091287 2.276752
740000 3.536996 0.970483 2.231976
750000 3.068282 1.051613 2.216108
760000 3.622168 1.046451 2.270662
770000 4.160119 1.137913 2.281435
780000 3.988195 0.952581 2.195739
790000 2.993092 0.942545 2.274123
800000 1.981205 1.138990 2.299996
810000 2.650103 1.007767 2.315186
820000 2.223583 0.966782 2.368964
830000 3.023845 1.169824 2.174943
840000 3.331189 1.075963 2.238841
850000 4.435307 0.924230 2.345151
860000 4.702082 1.136889 2.417443
870000 3.937348 1.128184 2.135386
880000 3.236702 1.125433 2.226314
890000 3.369259 0.925799 2.257064
900000 2.620609 1.201010 2.195999
910000 1.692051 1.027549 2.284992
920000 1.351710 0.970934 2.317038
930000 1.179120 1.129679 2.442270
940000 1.067203 1.035045 2.147997
950000 1.248377 1.008775 2.153379
960000 1.453931 0.999041 2.083519
970000 1.926844 0.867600 2.101069
980000 2.077360 1.032999 2.258586
990000 1.485256 1.119855 2.393925
1000000 1.300632 0.990047 2.436608
1010000 1.489672 1.031044 2.427115
1020000 1.092061 0.963344 2.235832
1030000 1.294635 1.060888 2.244706
1040000 1.145006 1.020240 2.123081
1050000 1.276378 1.056698 2.120345
1060000 1.725700 1.026604 2.287569
1070000 2.186224 1.168689 2.403986
1080000 2.165274 1.234247 2.208462
1090000 1.808804 1.036101 2.248370
1100000 2.524471 1.130422 2.299899
1110000 2.858168 1.032470 2.189657
1120000 2.857432 1.060646 2.104487
1130000 2.331349 1.069657 2.230133
1140000 2.340437 1.054358 2.294730
1150000 1.902375 1.059825 2.306441
1160000 1.767819 1.071253 2.276597
1170000 1.337014 1.064490 2.322309
1180000 0.855633 1.070939 2.432616
1190000 1.404585 0.990586 2.254960
1200000 1.460894 0.997017 2.167064
1210000 1.159636 0.968295 2.261823
1220000 1.794437 0.994373 2.299265
1230000 1.682524 1.120864 2.196739
1240000 1.917149 1.026216 2.218858
1250000 2.473283 1.075883 2.168350
1260000 2.859954 1.017982 2.347577
1270000 2.683899 1.091526 2.078134
1280000 4.089005 1.110879 2.092983
1290000 4.420061 1.047931 2.286933
1300000 4.867544 0.942239 2.214743
1310000 5.015660 1.125591 2.279057
1320000 4.300920 1.024143 2.230072
1330000 3.771421 0.943802 2.253394
1340000 3.964562 0.949618 2.366156
1350000 4.338999 1.048770 2.275810
1360000 4.733597 1.128450 2.401919
1370000 4.867848 0.982554 2.300751
1380000 4.685432 1.018046 2.208561
1390000 3.776176 1.266993 2.266808
1400000 4.404672 1.062411 2.224403
1410000 4.774371 1.232703 2.278525
1420000 3.488322 1.092368 2.255943
1430000 3.669592 1.096143 2.236276
1440000 2.843472 0.996204 2.239014
1450000 3.483108 1.152492 2.235855
1460000 3.156055 1.174699 2.343053
1470000 3.838590 0.986104 2.269686
1480000 4.218236 1.001629 2.276481
1490000 4.077479 1.006100 2.032937
1500000 2.920865 1.083714 2.187845
1510000 3.036632 0.904894 2.318848
1520000 3.060962 1.055429 2.240585
1530000 2.770678 1.092544 2.292764
1540000 3.370712 0.977709 2.255239
1550000 4.573802 1.042690 2.362706
1560000 4.736884 1.070486 2.203179
1570000 4.477259 1.076825 2.302771
1580000 4.829534 1.085654 2.302272
1590000 4.042878 1.067191 2.300322
1600000 3.551190 1.097621 2.163584
1610000 3.309556 1.094540 2.240125
1620000 3.800744 1.137730 2.283254
1630000 4.219322 0.881836 2.217877
1640000 3.919417 1.040121 2.358176
1650000 4.854738 1.017327 2.190716
1660000 4.698309 1.005797 2.209624
1670000 4.549697 1.077607 2.231200
1680000 2.378828 1.022440 2.299383
1690000 2.527311 1.031414 2.398476
1700000 2.549845 0.970503 2.189102
1710000 1.964015 0.924309 2.303795
1720000 2.179121 0.989328 2.249997
1730000 2.622840 1.012646 2.290904
1740000 2.816001 0.901103 2.203517
1750000 2.990414 1.277769 2.249410
1760000 3.531439 1.208610 2.294905
1770000 4.249593 0.924578 2.278133
1780000 3.560971 1.084658 2.262799
1790000 4.643075 1.067533 2.363261
1800000 5.047044 1.122875 2.254608
1810000 4.853237 1.081625 2.205553
1820000 4.131803 1.089915 2.284129
1830000 4.349808 1.094711 2.311111
1840000 4.261636 0.940584 2.155487
1850000 3.692779 1.072253 2.292141
1860000 3.177994 1.024328 2.241258
1870000 2.928137 1.081838 2.314614
1880000 2.112374 1.128937 2.290923
1890000 2.382309 1.007057 2.206418
1900000 1.687227 1.117614 2.358485
1910000 1.774269 1.201224 2.283443
1920000 1.517410 1.035608 2.418264
1930000 1.378034 1.003448 2.270049
1940000 1.120925 1.068132 2.437864
1950000 0.898324 1.061576 2.222052
1960000 0.665850 1.188876 2.341491
1970000 0.696313 1.054054 2.399192
1980000 0.567960 1.097344 2.498708
1990000 0.982868 1.177680 2.343069
2000000 0.940671 1.091193 2.322258
2010000 1.340994 0.981376 2.359370
2020000 1.487025 1.184638 2.299744
2030000 1.761988 1.102935 2.272958
2040000 1.494837 1.047228 2.292983
2050000 1.615996 1.100638 2.350742
2060000 2.077694 1.032278 2.245661
2070000 2.032712 1.005785 2.236344
2080000 1.682554 1.111109 2.215155
2090000 1.316074 1.047816 2.321893
2100000 1.215223 0.991503 2.321272
2110000 1.354336 1.022742 2.263035
2120000 1.365568 1.080177 2.307275
2130000 1.363754 1.064097 2.312512
2140000 1.901555 1.083830 2.424648
2150000 1.946664 1.046675 2.246964
2160000 2.642147 1.053577 2.192271
2170000 2.672799 1.025154 2.268288
2180000 2.960778 1.049886 2.380175
2190000 3.737136 0.993427 2.331693
2200000 4.899190 1.189964 2.240266
2210000 3.564011 1.164234 2.273875
2220000 3.034916 1.117568 2.363095
2230000 3.986862 1.100583 2.266517
2240000 3.472987 1.082952 2.126207
2250000 4.527224 1.016040 2.271673
2260000 4.921651 1.061908 2.279032
2270000 4.884806 0.969628 2.216074
2280000 4.884942 1.020289 2.289600
2290000 4.354603 0.867030 2.216131
2300000 4.869855 1.161747 2.456526
2310000 4.570554 1.049875 2.309515
2320000 4.468424 0.924212 2.340685
2330000 3.730883 1.125739 2.208607
2340000 3.989633 1.167986 2.293944
2350000 3.917876 1.095530 2.256074
2360000 3.265023 1.113791 2.325572
2370000 2.900860 0.994938 2.271651
2380000 2.811109 1.116547 2.350315
2390000 2.564565 0.929360 2.305566
2400000 2.581166 0.987128 2.286694
2410000 3.236206 1.076232 2.297194
2420000 2.818895 1.049317 2.252709
2430000 2.543507 1.076684 2.410441
2440000 2.770896 1.001574 2.196974
2450000 2.624148 1.053325 2.266144
2460000 3.300081 1.136648 2.199225
2470000 4.110956 0.975740 2.184507
2480000 4.902781 0.913590 2.223940
2490000 3.802371 0.946928 2.250088
2500000 3.938987 1.223261 2.346181
2510000 3.799744 1.034534 2.201057
2520000 4.229197 0.957706 2.258757
2530000 4.894122 1.059929 2.233692
2540000 4.247532 1.003463 2.242275
2550000 5.046199 1.132929 2.290126
2560000 4.603889 1.130693 2.362880
2570000 4.274073 1.128013 2.226690
2580000 4.001753 1.168670 2.276017
2590000 3.468683 1.097136 2.192024
2600000 2.989061 1.092218 2.263477
2610000 2.209723 1.078892 2.223319
2620000 2.139109 1.067770 2.253909
2630000 2.325065 1.145576 2.184713
2640000 2.090645 0.975679 2.215167
2650000 2.669140 0.958105 2.228120
2660000 1.939429 1.114012 2.376501
2670000 1.841448 1.021142 2.355846
2680000 2.248164 0.971735 2.252185
2690000 2.386234 1.110016 2.285571
2700000 2.893947 1.014451 2.339479
2710000 3.022894 1.074825 2.121904
2720000 3.318473 0.857978 2.357936
2730000 3.599346 1.010081 2.271978
2740000 4.194082 1.141824 2.411537
2750000 3.678525 0.979903 2.448204
2760000 4.455021 0.959857 2.345445
2770000 4.929260 1.216597 2.272180
2780000 4.537527 0.931475 2.194847
2790000 3.703089 1.019397 2.323298
2800000 3.305453 0.979368 2.254007
2810000 3.437163 1.041419 2.362864
2820000 2.806661 1.012189 2.373399
2830000 3.180778 0.961635 2.335381
2840000 3.364440 1.054346 2.325319
2850000 2.501864 1.086734 2.230805
2860000 2.454130 0.938571 2.319857
2870000 2.882496 0.980978 2.233730
2880000 3.945346 1.059762 2.261017
2890000 3.940663 1.021043 2.265413
2900000 4.852610 0.999356 2.258948
2910000 3.814144 1.020000 2.254740
2920000 3.755308 0.920658 2.239921
2930000 4.244372 1.018535 2.261424
2940000 4.872606 1.094916 2.196705
2950000 3.945381 1.075025 2.230960
2960000 3.017091 0.930584 2.265248
2970000 2.620961 1.104843 2.294362
2980000 2.658744 1.010899 2.258253
2990000 2.472556 1.064492 2.278899
3000000 1.555653 1.021245 2.432037
3010000 1.057068 1.030498 2.364913
3020000 1.288161 1.067931 2.333865
3030000 1.376771 1.055445 2.271404
3040000 1.549912 1.008323 2.386718
3050000 1.397768 1.022246 2.208029
3060000 1.694265 1.054569 2.196247
3070000 1.533385 1.207982 2.267449
3080000 1.740633 0.950597 2.302697
3090000 1.567566 1.038422 2.373258
3100000 1.832559 1.028577 2.231084
3110000 2.143320 1.014660 2.177918
3120000 2.054606 1.071589 2.188314
3130000 1.594773 0.934263 2.295848
3140000 1.779852 1.080695 2.223411
3150000 2.051039 1.132624 2.300825
3160000 2.573029 0.997482 2.304935
3170000 2.553477 1.040181 2.316109
3180000 2.391415 1.143276 2.312478
3190000 2.651600 1.161389 2.185744
3200000 2.439011 0.964251 2.280505
3210000 2.485222 1.164988 2.237868
3220000 2.756397 1.059801 2.366578
3230000 3.631603 1.180279 2.270884
3240000 3.575497 1.033707 2.201700
3250000 4.673146 0.991070 2.298328
3260000 4.978610 1.155753 2.311539
3270000 4.793024 1.095461 2.069941
3280000 4.443788 0.979052 2.247443
3290000 4.002031 1.024558 2.151750
3300000 4.698199 1.141311 2.310987
3310000 4.982747 0.950281 2.228092
3320000 4.937034 1.217320 2.325901
3330000 4.858502 1.115741 2.182223
3340000 4.743556 1.030363 2.228139
3350000 4.900725 1.030427 2.291124
3360000 4.358802 0.995011 2.261463
3370000 4.516344 0.992761 2.235792
3380000 4.834573 1.162618 2.273881
3390000 3.996893 1.075017 2.317560
3400000 3.890063 1.040941 2.258926
3410000 3.730085 0.982736 2.241478
3420000 3.928337 1.083965 2.280830
3430000 4.382761 1.015402 2.274985
3440000 3.440552 1.028487 2.254083
3450000 3.569264 1.037147 2.397296
3460000 3.195017 1.001818 2.293746
3470000 2.955646 1.046140 2.295910
3480000 2.901197 1.072461 2.323305
3490000 3.512351 0.999468 2.307805
3500000 3.872032 1.021939 2.358014
3510000 4.428973 1.030273 2.211504
3520000 3.552890 0.973810 2.219208
3530000 2.595433 1.120093 2.131238
3540000 3.100732 1.107838 2.171640
3550000 2.138453 1.091804 2.233364
3560000 2.159792 1.029568 2.171315
3570000 2.165701 1.083643 2.238691
3580000 1.966025 1.038656 2.212139
3590000 1.994343 0.992836 2.154185
3600000 1.632696 0.950256 2.187539
3610000 1.612145 0.978918 2.351103
3620000 1.564355 1.041605 2.279117
3630000 1.783966 1.072091 2.294894
3640000 1.610421 1.145931 2.263025
3650000 1.600702 1.180811 2.180915
3660000 1.451464 0.922039 2.234944
3670000 1.510818 0.993407 2.355525
3680000 0.880083 1.095902 2.341234
3690000 0.880453 1.218435 2.228693
3700000 0.951470 1.076386 2.186509
3710000 1.076573 1.022009 2.323306
3720000 1.019842 1.014026 2.285222
3730000 0.964073 1.085503 2.349157
3740000 1.064870 1.018539 2.233186
3750000 1.095567 1.061161 2.370366
3760000 1.135521 1.097431 2.231487
3770000 1.185146 1.006586 2.329423
3780000 1.155085 1.067388 2.266975
3790000 1.317025 0.975853 2.209830
3800000 1.313237 1.075333 2.315671
3810000 1.302737 1.111447 2.196229
3820000 1.269281 0.993325 2.229331
3830000 1.356908 1.108912 2.333108
3840000 1.210992 1.012300 2.370267
3850000 1.265465 1.141522 2.184351
3860000 1.107494 1.095801 2.385597
3870000 1.138735 0.909088 2.241877
3880000 0.959231 0.982064 2.355866
3890000 0.992383 1.043995 2.361564
3900000 1.336487 1.075565 2.227601
3910000 1.107078 0.967930 2.386184
3920000 1.066157 0.947867 2.253386
3930000 1.242669 0.994852 2.317506
3940000 0.951071 1.017088 2.370605
3950000 1.002177 0.972730 2.281286
3960000 0.598718 1.061025 2.496642
3970000 0.833110 1.052457 2.294566
3980000 0.858889 1.062138 2.192840
3990000 0.820290 1.104051 2.367948
4000000 0.902859 1.021078 2.161752
