100000 3.182065 1.064302 0.911699
110000 4.303678 1.061845 0.820310
120000 3.715594 1.054612 0.858934
130000 3.941077 0.989855 0.804738
140000 3.897400 0.979628 0.895819
150000 2.717840 0.955927 0.960392
160000 2.094170 1.014802 0.914290
170000 1.473175 0.960914 0.928828
180000 1.593213 1.013144 0.914715
190000 1.124862 1.125988 0.891860
200000 1.123032 1.178973 0.909180
210000 1.004504 1.099763 0.883452
220000 1.032392 0.989147 0.885203
230000 1.225908 1.047537 1.072318
240000 2.041461 1.101350 0.933066
250000 2.523553 0.965908 0.808417
260000 2.601141 1.072349 0.895337
270000 3.012185 1.041935 0.817963
280000 3.525458 1.061038 0.980771
290000 4.317218 1.119659 0.868521
300000 3.785819 0.886360 0.849276
310000 3.015641 0.979554 0.938142
320000 1.948716 1.028941 0.909980
330000 2.140554 1.095499 0.832508
340000 2.239868 1.001117 0.893342
350000 2.083864 1.134472 0.916317
360000 2.582699 1.065724 0.940994
370000 3.148839 1.033867 0.718755
380000 3.096330 1.140583 0.903955
390000 3.770599 1.084871 0.871768
400000 4.801464 1.088884 0.986723
410000 4.492591 0.990165 0.853941
420000 4.307491 1.062384 0.915203
430000 3.721363 1.084915 0.958872
440000 4.753262 1.132920 0.938347
450000 3.494200 1.023675 0.941475
460000 3.863903 1.057613 0.927146
470000 3.593740 0.939505 0.897668
480000 2.568928 0.952414 0.802476
490000 3.210886 0.996876 1.008515
500000 2.909582 1.108777 0.931427
510000 3.078586 1.045698 0.784427
520000 2.101491 1.209118 1.012194
530000 1.580442 1.172876 0.813614
540000 1.776775 0.966800 1.012481
550000 1.365932 1.106682 0.925783
560000 1.998359 1.061612 0.917958
570000 2.389709 1.125298 0.880078
580000 3.347819 1.222365 0.846390
590000 4.610335 0.975977 0.923192
600000 3.490871 1.147108 1.103746
610000 4.315060 0.969235 0.838499
620000 3.841986 1.094574 0.826186
630000 4.703177 0.959334 0.961020
640000 3.755248 1.037983 0.955020
650000 4.614931 1.083447 0.903796
660000 3.704000 1.125371 0.894388
670000 2.692028 1.058236 0.957691
680000 2.959819 1.162346 0.942312
690000 3.506924 1.067637 0.837907
700000 4.186607 1.004426 0.865217
710000 4.626666 1.070333 0.745480
720000 4.759318 0.993826 0.984641
730000 4.037984 1.082058 0.896569
740000 4.693269 0.907474 0.745233
750000 4.877069 1.015935 0.917196
760000 3.717464 1.173569 0.827605
770000 2.586622 1.146564 0.838137
780000 2.138164 1.000867 0.834687
790000 2.435978 0.955874 0.835519
800000 2.041336 1.054887 0.896251
810000 2.506820 1.118400 0.795190
820000 2.749072 1.109402 0.847846
830000 2.894124 1.031386 0.950736
840000 3.127237 1.023958 1.008355
850000 3.739862 1.051239 0.877875
860000 3.880958 1.089147 0.794923
870000 4.576575 1.033837 0.869605
880000 4.518129 0.985866 0.854318
890000 4.442743 0.947904 0.858366
900000 4.004865 1.026901 0.845993
910000 3.414514 0.966803 0.911390
920000 2.759308 1.063571 0.921996
930000 1.869728 1.038696 0.899538
940000 1.777588 1.011451 0.828875
950000 1.543215 1.002895 0.987275
960000 2.089569 1.004909 0.922939
970000 2.143716 1.026857 0.714255
980000 2.761711 1.138384 0.948382
990000 3.498584 1.065481 0.909425
1000000 4.242588 1.115575 0.869704
1010000 3.948759 1.065996 0.852960
1020000 4.487239 0.960520 0.880038
1030000 4.996164 1.103878 0.937036
1040000 4.189048 1.205808 0.838771
1050000 4.949216 1.077382 0.888121
1060000 4.810260 1.014613 0.928987
1070000 3.562423 1.166255 0.857281
1080000 3.328374 1.074778 0.803822
1090000 3.036000 1.058700 0.865367
1100000 2.757941 0.965605 0.775722
1110000 2.198344 0.930860 0.830791
1120000 1.492376 1.034891 0.886086
1130000 1.715312 1.006676 0.935569
1140000 1.638167 1.007688 0.835204
1150000 1.899475 1.166580 0.830890
1160000 1.945525 1.110309 0.907446
1170000 1.983060 1.075956 0.737930
1180000 2.148698 0.983988 0.814462
1190000 2.775888 1.110958 0.919742
1200000 2.621375 1.049776 1.030089
1210000 3.155658 1.039771 0.804323
1220000 3.001734 0.958671 0.888038
1230000 3.822381 1.119250 0.972396
1240000 3.386973 1.135708 0.916754
1250000 3.318720 0.949621 0.865587
1260000 3.942815 1.138410 0.818496
1270000 4.148362 1.029390 0.830522
1280000 2.751779 1.153760 0.851417
1290000 2.920489 1.001789 0.845317
1300000 3.094129 1.163021 0.872507
1310000 3.358620 1.143878 0.866177
1320000 4.731525 1.031733 0.868264
1330000 4.253026 1.143531 0.805643
1340000 3.592099 1.015774 0.825234
1350000 4.503863 1.025616 0.867328
1360000 3.565850 1.084086 0.792548
1370000 3.669823 1.029492 0.936067
1380000 2.691310 1.011175 0.809758
1390000 1.820778 1.014820 0.940658
1400000 0.820242 0.987686 0.931608
1410000 0.939572 1.198386 0.941857
1420000 1.238498 1.001294 0.888667
1430000 1.328933 0.979394 0.868489
1440000 0.868588 1.016359 0.893780
1450000 1.086243 0.957304 0.837080
1460000 1.069222 1.079624 0.862553
1470000 1.346835 1.116969 0.855673
1480000 1.447876 0.898641 0.808233
1490000 1.198554 1.063740 0.810969
1500000 1.552780 1.122974 0.917868
1510000 1.558521 0.961212 0.878352
1520000 1.640210 1.162232 0.862601
1530000 1.737313 1.122873 0.913081
1540000 2.001732 0.935094 0.955623
1550000 2.248428 1.006664 0.914305
1560000 2.525562 0.920243 0.883912
1570000 2.803135 0.911583 0.853659
1580000 2.704126 1.072875 0.856716
1590000 2.919054 1.161864 0.949226
1600000 2.347484 0.985569 0.913769
1610000 2.530947 1.091745 0.898587
1620000 2.581172 1.026344 0.874946
1630000 3.330093 1.094836 0.801378
1640000 3.722159 1.039223 0.923926
1650000 4.009445 1.084964 0.939571
1660000 5.028312 1.023991 0.853625
1670000 4.695448 0.984567 0.876162
1680000 4.711643 1.050537 0.800700
1690000 4.826897 1.035086 0.784566
1700000 4.905480 1.136640 0.853696
1710000 4.044705 1.171294 0.821226
1720000 4.510691 1.071527 0.906693
1730000 4.314196 1.076175 0.823181
1740000 3.763953 1.020918 0.964651
1750000 2.783927 0.975312 0.829823
1760000 3.680180 0.952862 0.825444
1770000 3.510542 1.014137 0.819301
1780000 2.779991 1.094865 0.875630
1790000 2.128591 1.209070 0.871485
1800000 2.358267 0.956657 0.722672
1810000 1.703335 1.049159 0.912929
1820000 1.960162 1.062988 0.889053
1830000 1.458815 1.074578 0.907488
1840000 1.106747 1.083593 0.922066
1850000 0.985553 0.984398 0.890932
1860000 1.233126 1.068557 0.852865
1870000 1.177608 1.015363 0.897217
1880000 1.474454 1.135759 0.892338
1890000 1.746963 1.090066 0.943216
1900000 1.833115 1.065743 0.892714
1910000 2.127719 0.995907 1.007896
1920000 1.807068 1.066087 1.067557
1930000 2.118371 1.120974 0.916408
1940000 1.950449 0.979300 0.825476
1950000 1.574609 1.107801 0.757343
1960000 2.160969 1.053463 0.864037
1970000 2.448861 1.164014 0.878360
1980000 2.708254 1.197069 0.722746
1990000 2.885316 1.134397 0.884993
2000000 4.005656 1.085963 0.918418
2010000 4.601429 0.949352 0.663277
2020000 4.093837 1.128157 0.874764
2030000 4.739081 1.059673 0.801032
2040000 4.253410 0.964321 0.937239
2050000 4.551290 1.048155 0.948719
2060000 4.761927 0.960370 0.764228
2070000 4.884967 1.025754 1.019803
2080000 4.999475 1.113364 0.767538
2090000 4.163642 0.949608 0.886259
2100000 4.538222 0.930426 0.875706
2110000 2.968644 1.073989 0.874200
2120000 3.697516 0.988050 0.992045
2130000 3.011205 0.989676 0.888223
2140000 4.343616 0.998273 0.834453
2150000 4.072058 1.231126 0.949335
2160000 4.923390 1.144462 0.817310
2170000 4.563426 1.009206 0.828175
2180000 4.263977 1.095332 0.909442
2190000 3.888269 1.017631 0.855025
2200000 2.926328 0.933199 0.834509
2210000 2.765243 0.961274 0.826551
2220000 2.429934 1.001560 0.867984
2230000 3.329475 1.113511 0.828699
2240000 2.824002 0.963025 0.920215
2250000 2.313062 0.841050 0.922138
2260000 2.989153 1.071753 0.893328
2270000 3.882476 1.008876 0.692727
2280000 3.611652 1.037552 0.991543
2290000 3.165549 1.076774 0.973376
2300000 3.307233 1.078872 0.710939
2310000 4.588572 1.058360 0.770002
2320000 4.487887 1.035091 0.881133
2330000 4.479199 1.085157 0.844480
2340000 3.590885 1.147513 0.809619
2350000 4.575512 1.089815 0.875586
2360000 4.517675 0.967067 0.963290
2370000 4.755422 1.042227 0.946393
2380000 4.451927 1.010456 0.838257
2390000 4.829389 1.009233 0.883176
2400000 4.773559 1.005551 0.820171
2410000 4.384847 1.024199 0.825671
2420000 3.875817 1.043467 0.791829
2430000 3.062850 1.060890 0.902271
2440000 2.404627 0.989443 0.843937
2450000 3.070329 1.027710 0.730199
2460000 3.144516 0.999820 0.906927
2470000 2.161226 1.094735 0.855375
2480000 1.942710 1.013152 0.949625
2490000 1.348773 1.172791 0.890475
2500000 1.368794 1.164699 1.021312
2510000 1.490047 1.111790 0.846631
2520000 1.616223 1.116147 0.917555
2530000 1.391166 1.173251 0.922852
2540000 1.224403 1.247464 0.851182
2550000 1.601459 1.042063 0.870224
2560000 1.404647 1.179566 0.923621
2570000 1.880605 1.200145 0.869155
2580000 1.931797 1.080002 0.957159
2590000 1.770004 1.059396 0.828230
2600000 1.745680 0.979150 0.781685
2610000 1.290283 1.065421 0.965867
2620000 1.197758 1.052871 0.944239
2630000 0.628777 1.032336 0.942950
2640000 1.052631 1.080920 0.856365
2650000 0.575163 1.098811 0.859083
2660000 0.749981 1.001339 1.056618
2670000 0.882329 0.928812 0.961048
2680000 1.037884 1.058626 0.840981
2690000 1.087278 1.158799 0.896753
2700000 0.919269 1.122520 0.878751
2710000 0.915230 1.067798 0.907390
2720000 0.977074 1.133429 0.810265
2730000 1.161953 0.997551 0.879201
2740000 0.615757 0.997179 0.909614
2750000 0.543150 1.111438 0.759416
2760000 0.611261 1.024337 0.816948
2770000 0.731829 1.043534 1.023619
2780000 0.739058 1.069707 0.899441
2790000 0.827615 1.048526 0.779204
2800000 0.877251 0.961034 0.914386
2810000 1.263311 1.005665 0.800730
2820000 1.314187 0.968608 0.801323
2830000 1.040717 0.992128 0.878848
2840000 1.332296 1.024616 0.860977
2850000 1.614924 0.955426 0.847758
2860000 1.747744 1.078188 0.769222
2870000 1.912065 1.069923 0.794095
2880000 1.953611 1.197581 0.795727
2890000 2.399272 1.037257 0.818836
2900000 2.181088 1.006826 0.850235
2910000 2.321352 1.036368 0.994707
2920000 3.861236 0.998132 0.927414
2930000 3.640843 1.070649 0.788644
2940000 3.683531 1.062997 0.757859
2950000 2.812457 1.049965 0.776376
2960000 2.898600 1.025267 0.983162
2970000 2.240526 1.089539 0.988543
2980000 3.300605 0.928177 0.907613
2990000 3.467401 1.197284 0.767524
3000000 3.954636 1.080563 1.093288
3010000 4.320271 1.035250 0.915092
3020000 3.700118 1.021012 0.989971
3030000 4.394678 1.081360 0.859654
3040000 5.010244 1.106980 0.923027
3050000 4.868779 0.969261 0.739183
3060000 4.903849 1.027560 0.853116
3070000 4.710087 1.162405 0.941354
3080000 4.892372 0.999607 0.874371
3090000 4.988687 0.975642 0.992146
3100000 4.806254 1.076918 0.755020
3110000 4.945307 1.023201 0.889765
3120000 4.207342 1.135029 0.881929
3130000 3.339953 1.084326 0.931236
3140000 3.034254 0.987066 0.916111
3150000 3.677951 1.044332 0.728559
3160000 3.657959 1.004394 1.053866
3170000 2.618232 1.056568 0.960186
3180000 2.994556 1.037298 0.817554
3190000 3.628037 1.070102 0.901994
3200000 2.936912 1.162056 0.885089
3210000 2.723545 1.128006 0.750454
3220000 2.661717 0.960769 0.919130
3230000 3.021402 1.043659 0.935762
3240000 3.848347 0.912503 0.797784
3250000 4.439960 1.030037 0.836730
3260000 4.909092 1.035614 0.866181
3270000 4.976325 0.989292 0.910821
3280000 4.845636 1.116472 0.856311
3290000 4.706844 1.180996 0.788248
3300000 4.064212 0.956509 0.959313
3310000 4.487632 1.105596 0.902439
3320000 4.987526 1.075478 0.872622
3330000 4.715464 1.120889 0.864938
3340000 4.244059 1.125321 0.974742
3350000 3.583847 1.066020 0.962211
3360000 2.967639 1.083708 0.760268
3370000 3.124110 1.010689 0.988829
3380000 2.105457 1.127501 0.828873
3390000 2.416901 1.042536 0.948079
3400000 2.691657 0.998438 0.897660
3410000 4.002266 0.991199 0.895586
3420000 4.224856 1.091248 0.872799
3430000 3.901978 1.052176 0.856714
3440000 3.719755 1.041283 0.746429
3450000 4.180350 1.065901 0.916088
3460000 3.275825 1.005159 0.831713
3470000 2.527811 0.936391 0.987724
3480000 2.192255 1.012310 0.893565
3490000 1.945600 1.036553 0.767726
3500000 2.652502 0.977081 0.824390
3510000 2.129715 1.082661 0.817849
3520000 2.080182 1.031277 0.890179
3530000 1.805850 1.077239 0.883274
3540000 2.130792 0.958082 0.900372
3550000 2.183824 0.971161 0.826201
3560000 2.730812 1.100603 0.951918
3570000 3.169531 1.001426 0.788527
3580000 3.626488 1.079324 0.932667
3590000 2.817575 0.986664 0.909926
3600000 2.990468 1.050995 0.842187
3610000 2.903941 1.040257 0.848814
3620000 3.076685 1.087294 0.883189
3630000 2.386199 1.009982 0.895771
3640000 2.240357 1.041979 0.894006
3650000 2.249804 1.090698 0.989270
3660000 2.094458 1.069981 0.847086
3670000 1.843899 1.112144 0.995249
3680000 1.461977 1.055518 0.951973
3690000 1.278675 1.043958 0.715240
3700000 1.232135 1.213183 0.913702
3710000 1.350589 0.989177 1.020086
3720000 1.240651 1.029978 1.009279
3730000 1.646170 1.054831 0.806433
3740000 1.939526 0.924562 0.975933
3750000 2.216176 1.127223 0.816849
3760000 1.847365 1.016203 0.928083
3770000 2.119318 1.118138 0.831943
3780000 2.514682 0.953824 0.700550
3790000 3.352945 1.079086 0.865862
3800000 3.354461 1.129482 0.944357
3810000 4.221932 1.148181 0.840901
3820000 4.181695 1.010604 0.855267
3830000 4.559567 0.936600 0.881611
3840000 4.545571 1.018953 0.896046
3850000 3.750424 1.189452 0.843241
3860000 4.264289 1.153795 0.797981
3870000 4.470782 1.073128 0.848763
3880000 3.183066 1.086601 0.950494
3890000 4.141748 1.015367 1.019964
3900000 3.732946 1.001150 0.954151
3910000 4.444917 1.080397 0.765992
3920000 4.597648 1.057612 0.779122
3930000 4.640498 1.022100 0.852747
3940000 5.023737 1.079746 0.911627
3950000 4.396564 0.899226 0.813125
3960000 2.988561 1.013028 0.811095
3970000 2.420398 1.084212 0.778232
