100000 1.196500 0.949037 0.754362
110000 1.538042 1.066903 0.480860
120000 1.389102 1.224741 0.575105
130000 1.173385 1.184898 0.686093
140000 1.829837 1.053634 0.742300
150000 2.105310 1.061756 0.697217
160000 3.388010 0.989637 0.583617
170000 4.491725 1.022457 0.708231
180000 3.601047 1.028999 0.671811
190000 2.861615 1.092264 0.761521
200000 2.520759 0.953321 0.832332
210000 4.482353 1.048367 0.762777
220000 4.522193 1.074387 0.674583
230000 3.777674 1.060029 0.597068
240000 4.421649 1.104114 0.597875
250000 4.431060 0.985566 0.653931
260000 3.267459 1.120789 0.736114
270000 3.046522 1.101949 0.561698
280000 2.226791 1.051961 0.636834
290000 2.747571 1.077355 0.711128
300000 2.315192 1.094786 0.673879
310000 3.013619 1.193852 0.717893
320000 3.262307 1.023713 0.685072
330000 2.639966 1.013645 0.690155
340000 2.049432 1.012544 0.670381
350000 1.756535 1.060865 0.703461
360000 2.277096 0.930070 0.723972
370000 1.974060 1.185981 0.664409
380000 1.245707 1.116619 0.736926
390000 1.795913 1.028033 0.750164
400000 1.948419 0.998239 0.735102
410000 2.223441 0.960042 0.755688
420000 2.714152 0.973642 0.632719
430000 3.714756 1.004349 0.799132
440000 4.171359 1.082838 0.635061
450000 4.074259 1.037092 0.665810
460000 4.722004 1.081883 0.689161
470000 4.439748 1.086693 0.740181
480000 3.762501 1.120642 0.726066
490000 3.637572 1.137883 0.599163
500000 3.102966 0.997134 0.643927
510000 2.230675 1.138388 0.646518
520000 1.946232 1.167548 0.660753
530000 2.676533 0.979355 0.712299
540000 4.156665 1.027230 0.650815
550000 4.384760 1.134268 0.760538
560000 4.511197 1.160215 0.625839
570000 4.344765 1.072531 0.652191
580000 3.526541 1.115251 0.739660
590000 4.346766 1.054881 0.678684
600000 3.666103 0.994135 0.530180
610000 4.064295 1.090341 0.645382
620000 4.641883 0.997494 0.725484
630000 4.646421 1.052115 0.847136
640000 4.691929 0.959937 0.633610
650000 3.812095 1.054580 0.649103
660000 3.336000 1.069698 0.700471
670000 2.930785 1.091017 0.795881
680000 2.684166 1.080802 0.742639
690000 2.610041 1.019750 0.719913
700000 3.328354 1.110500 0.661329
710000 2.972904 1.092584 0.741431
720000 3.807110 1.114609 0.753912
730000 4.763957 1.012027 0.763007
740000 2.689320 1.047685 0.647817
750000 2.458348 1.010100 0.773346
760000 0.900028 1.085416 0.752144
770000 1.155359 0.983729 0.686609
780000 0.783353 1.010622 0.637172
790000 1.177409 1.154912 0.717795
800000 1.171706 1.026156 0.626793
810000 0.970846 1.047084 0.840980
820000 1.223875 1.123372 0.666157
830000 1.387593 1.019312 0.724780
840000 1.648053 1.090752 0.639126
850000 1.653703 1.104601 0.741925
860000 1.975731 1.146728 0.722494
870000 1.253827 0.958813 0.649084
880000 1.386495 1.055082 0.733447
890000 1.122676 1.096819 0.744618
900000 0.739990 1.047810 0.732096
910000 0.707450 1.133749 0.611024
920000 1.481192 1.003362 0.835270
930000 2.085714 1.050870 0.568856
940000 1.771502 0.991738 0.674403
950000 2.045587 0.983019 0.942298
960000 2.323297 1.084214 0.620195
970000 2.638006 0.976780 0.545850
980000 2.938972 0.831538 0.532795
990000 3.316951 1.137217 0.670137
1000000 4.096370 0.952489 0.700009
1010000 4.762921 1.139895 0.563603
1020000 3.658428 1.140541 0.635223
1030000 3.847659 1.026680 0.762114
1040000 4.327848 1.132767 0.628615
1050000 3.059356 1.114693 0.592678
1060000 3.437353 1.054718 0.708097
1070000 3.921308 1.111016 0.759533
1080000 4.600313 1.003141 0.811051
1090000 4.670509 1.067333 0.825433
1100000 4.768411 1.019017 0.625491
1110000 4.615066 1.125846 0.701398
1120000 4.790885 1.016714 0.620197
1130000 3.273591 0.986972 0.848180
1140000 3.631562 1.003169 0.645678
1150000 2.927652 0.977382 0.755181
1160000 2.587704 1.017244 0.752514
1170000 2.061008 1.119263 0.703114
1180000 2.481307 1.072735 0.608105
1190000 3.148086 1.050344 0.830717
1200000 2.759800 1.123050 0.730688
1210000 3.015953 1.156673 0.710782
1220000 3.092914 0.923824 0.686082
1230000 3.884815 1.044569 0.670637
1240000 3.434713 1.071102 0.717649
1250000 3.136774 1.053588 0.719759
1260000 2.714654 1.019457 0.643092
1270000 2.950812 1.051622 0.622459
1280000 2.027695 1.077065 0.776001
1290000 2.048055 1.002028 0.656925
1300000 1.639519 1.069287 0.774850
1310000 1.254034 0.942520 0.733199
1320000 1.123551 1.129017 0.709286
1330000 1.428751 0.943330 0.644847
1340000 0.946204 1.110752 0.796016
1350000 0.639847 1.055624 0.683505
1360000 1.560841 1.061181 0.618443
1370000 1.833209 0.999112 0.640400
1380000 2.032531 1.018045 0.851260
1390000 1.860417 0.948459 0.693396
1400000 2.047122 1.116788 0.850738
1410000 1.630496 1.142674 0.663785
1420000 1.234700 0.986829 0.840500
1430000 1.156642 0.983702 0.664307
1440000 1.622773 1.134117 0.745083
1450000 1.676472 1.109755 0.683268
1460000 1.429980 1.061765 0.592105
1470000 1.730319 1.114962 0.682572
1480000 2.344722 1.226757 0.773657
1490000 2.618756 0.859391 0.686392
1500000 3.276160 0.979340 0.745416
1510000 2.865942 1.104276 0.666834
1520000 4.367460 1.098289 0.654874
1530000 4.055918 1.034997 0.518353
1540000 4.928645 1.049163 0.567551
1550000 4.608328 1.017046 0.750360
1560000 3.799487 1.059737 0.738093
1570000 4.741482 1.000204 0.637769
1580000 4.069454 1.113481 0.770142
1590000 4.547678 1.047056 0.731804
1600000 4.260904 0.982644 0.693185
1610000 3.611510 1.034820 0.607154
1620000 4.815137 1.134157 0.698973
1630000 3.521263 0.956155 0.678653
1640000 3.214244 0.944757 0.817995
1650000 3.021984 1.101243 0.786064
1660000 3.316963 0.921023 0.705116
1670000 4.176748 1.040791 0.740201
1680000 3.756971 1.040358 0.682556
1690000 3.773226 1.112991 0.715966
1700000 2.996322 1.005007 0.698242
1710000 2.317658 1.109028 0.620315
1720000 2.294923 1.040000 0.712908
1730000 2.445113 0.933575 0.685674
1740000 2.510059 1.032212 0.652524
1750000 2.517662 1.047295 0.771308
1760000 2.099591 1.003954 0.705915
1770000 2.608645 1.103096 0.616742
1780000 3.039748 1.057907 0.609436
1790000 3.472683 1.061208 0.577812
1800000 4.495715 0.875146 0.819246
1810000 4.558477 0.988534 0.627533
1820000 4.362109 1.044256 0.736219
1830000 4.233200 0.990077 0.626167
1840000 4.853890 1.095263 0.660368
1850000 4.986707 1.111865 0.810405
1860000 4.124284 1.094184 0.796634
1870000 3.866404 1.048036 0.665386
1880000 4.774964 1.051461 0.740172
1890000 4.763550 1.083683 0.655755
1900000 4.362099 1.051165 0.654299
1910000 4.202204 1.121341 0.685100
1920000 3.597309 1.091457 0.636097
1930000 3.316755 1.044980 0.570607
1940000 3.274781 1.077797 0.718493
1950000 2.774129 1.158465 0.758103
1960000 3.286887 1.068841 0.663478
1970000 3.364415 0.992522 0.611035
1980000 4.169831 1.143105 0.619981
1990000 3.324486 1.034557 0.552672
2000000 3.001787 0.865856 0.616463
2010000 2.519949 1.075334 0.681469
2020000 3.167791 1.155090 0.628520
2030000 2.413070 0.999856 0.614996
2040000 2.858021 1.131358 0.704781
2050000 3.435699 1.039852 0.627820
2060000 3.243963 1.129742 0.639907
2070000 2.958325 0.989547 0.710584
2080000 4.101555 0.946656 0.660077
2090000 4.993909 1.038395 0.745656
2100000 4.936907 1.064469 0.670145
2110000 4.182556 1.125795 0.622655
2120000 4.420838 1.140008 0.772230
2130000 4.558630 0.942519 0.638191
2140000 3.807074 0.875829 0.648736
2150000 4.557096 1.002314 0.632145
2160000 4.220234 1.079265 0.684170
2170000 3.648866 1.132863 0.694035
2180000 3.263817 1.033167 0.680086
2190000 3.663883 1.103136 0.662065
2200000 4.163927 1.142354 0.741346
2210000 4.851015 0.982484 0.775978
2220000 3.715660 1.003533 0.649336
2230000 3.966925 1.211198 0.658732
2240000 4.209264 0.911709 0.838958
2250000 4.854964 1.031451 0.709219
2260000 3.802489 1.034033 0.605315
2270000 4.495314 1.075361 0.625864
2280000 3.719444 1.197329 0.751103
2290000 3.751533 1.075239 0.658498
2300000 3.234441 0.993326 0.639115
2310000 4.337522 1.066452 0.797810
2320000 3.638754 0.888439 0.689995
2330000 2.761481 1.067842 0.785587
2340000 2.371895 0.926071 0.644683
2350000 1.787575 1.067878 0.481708
2360000 1.499414 1.034065 0.647350
2370000 1.661016 0.974427 0.814995
2380000 1.988611 1.075313 0.767749
2390000 1.917238 1.018808 0.748014
2400000 1.529422 1.076484 0.592701
2410000 1.968301 0.992322 0.731450
2420000 1.370453 1.103983 0.873261
2430000 1.471560 0.999461 0.626462
2440000 2.313836 1.072440 0.734560
2450000 2.274893 1.083073 0.634792
2460000 2.063918 0.923360 0.674699
2470000 2.038281 1.001812 0.716573
2480000 2.279234 1.049781 0.749824
2490000 2.294800 1.080423 0.693040
2500000 2.884488 1.002240 0.744065
2510000 2.699186 0.927838 0.685046
2520000 2.648584 1.008781 0.638531
2530000 2.947624 1.197535 0.738561
2540000 2.629703 1.011387 0.725302
2550000 2.655525 1.036922 0.570620
2560000 3.274855 0.896141 0.690593
2570000 3.726169 0.965540 0.610486
2580000 3.027486 1.055199 0.707041
2590000 3.581915 1.059178 0.715695
2600000 3.570733 1.077120 0.623504
2610000 4.523934 1.016038 0.715618
2620000 4.220776 1.016245 0.868736
2630000 3.884850 1.005019 0.821968
2640000 4.441829 0.969868 0.597763
2650000 4.796886 1.136189 0.581227
2660000 4.829047 1.040125 0.613827
2670000 4.266742 0.964001 0.605393
2680000 3.924941 1.029771 0.747578
2690000 4.614347 1.099339 0.784095
2700000 3.731493 1.009205 0.703768
2710000 2.923279 0.951383 0.623047
2720000 2.600933 1.060258 0.790415
2730000 2.017824 1.036097 0.624322
2740000 2.138537 1.117583 0.744851
2750000 1.819705 1.068947 0.702593
2760000 1.984361 1.113860 0.826031
2770000 1.465043 1.149553 0.739892
2780000 1.463913 1.029867 0.669386
2790000 1.907075 0.999674 0.820902
2800000 1.015681 1.020284 0.652410
2810000 0.990079 1.108188 0.677141
2820000 1.082586 1.025920 0.672545
2830000 1.079659 1.147361 0.796515
2840000 1.364359 0.860525 0.752776
2850000 1.493190 1.078498 0.708500
2860000 1.398207 1.049375 0.752835
2870000 1.150334 1.014426 0.672786
2880000 1.269297 1.040494 0.738903
2890000 2.170887 1.003771 0.803126
2900000 2.528489 1.156782 0.683516
2910000 2.266838 1.054315 0.701607
2920000 2.113626 0.958565 0.714023
2930000 2.361282 1.039841 0.622476
2940000 2.900237 0.973090 0.635982
2950000 2.437741 1.140912 0.678075
2960000 3.241289 1.105049 0.799934
2970000 3.078892 1.162478 0.714174
2980000 3.321568 1.077676 0.657878
2990000 4.310285 1.028130 0.719632
3000000 4.700241 1.071277 0.810552
3010000 3.688429 1.102089 0.833853
3020000 3.694182 1.106902 0.737465
3030000 3.284599 1.133105 0.699866
3040000 3.044013 1.085679 0.742219
3050000 3.496412 0.956930 0.628848
3060000 3.169032 1.108473 0.748812
3070000 3.807471 0.960336 0.548961
3080000 4.678204 0.963826 0.737038
3090000 4.477855 1.069869 0.733761
3100000 4.083997 1.043142 0.659670
3110000 3.977425 1.158309 0.781250
3120000 3.732643 1.042269 0.657419
3130000 4.391282 0.984757 0.722080
3140000 4.811410 1.028553 0.663836
3150000 4.739894 1.061249 0.787710
3160000 4.726831 1.011479 0.666684
3170000 4.848248 0.994471 0.678119
3180000 4.002445 0.966157 0.614683
3190000 3.718552 1.039421 0.818852
3200000 2.817160 0.911186 0.664589
3210000 2.162490 1.037241 0.784419
3220000 1.891476 0.972041 0.708089
3230000 1.605910 0.981238 0.739334
3240000 1.549257 1.076121 0.763925
3250000 1.175780 1.134371 0.762921
3260000 0.980465 1.183165 0.695869
3270000 0.917503 0.946334 0.843267
3280000 0.928447 1.031696 0.701268
3290000 1.265985 1.052804 0.741254
3300000 1.216338 1.109195 0.709407
3310000 1.007492 1.156762 0.576535
3320000 1.288521 0.986930 0.727035
3330000 1.156310 1.064512 0.588123
3340000 1.096956 1.045420 0.817948
3350000 1.240405 1.108032 0.622139
3360000 1.513085 0.930023 0.890164
3370000 1.022721 1.124292 0.684520
3380000 1.003721 1.172290 0.553775
3390000 1.028718 1.032016 0.657127
3400000 1.008093 1.066194 0.633313
3410000 1.153646 0.920751 0.673461
3420000 1.353170 0.951441 0.699036
3430000 1.302368 1.039381 0.691718
3440000 1.247258 1.056312 0.723540
3450000 1.479269 1.127936 0.793509
3460000 1.380496 1.122308 0.685536
3470000 1.515642 0.951433 0.620243
3480000 1.811079 1.058259 0.739313
3490000 1.406598 1.040168 0.760231
3500000 1.530866 1.074607 0.847597
3510000 1.470458 1.177178 0.809237
3520000 1.409632 1.001227 0.670016
3530000 1.761696 1.092561 0.663946
3540000 1.724696 1.094271 0.621825
3550000 1.407780 1.020456 0.679649
3560000 1.638057 0.966996 0.668860
3570000 1.722505 1.009132 0.709829
3580000 1.736426 0.989955 0.662710
3590000 1.673714 1.046346 0.769761
3600000 1.387435 1.161729 0.699604
3610000 1.445578 0.985013 0.746398
3620000 1.948355 0.941180 0.628763
3630000 1.884764 1.087886 0.615329
3640000 1.931797 0.856010 0.697451
3650000 2.133401 0.988061 0.732286
3660000 2.325159 1.002668 0.693766
3670000 2.405959 1.162400 0.729696
3680000 2.549544 1.078012 0.658857
3690000 2.386081 0.907844 0.766098
3700000 2.340199 1.061779 0.687995
3710000 2.143345 0.922884 0.697548
3720000 1.870139 1.082956 0.617904
3730000 1.982098 1.086306 0.860251
3740000 1.967411 1.082049 0.660114
3750000 2.726724 1.004446 0.702540
3760000 2.740411 0.958880 0.751481
3770000 2.701622 1.084062 0.748769
3780000 3.715312 1.068966 0.702544
3790000 3.242532 1.026639 0.777962
3800000 2.963112 1.067282 0.841540
3810000 3.708162 1.021308 0.745329
3820000 3.792458 1.139981 0.736882
3830000 4.801693 1.008808 0.769984
3840000 3.763673 0.929004 0.782318
3850000 4.858600 1.090198 0.594736
3860000 4.743161 1.050819 0.607315
3870000 4.060663 1.087447 0.608662
3880000 4.421010 1.118616 0.704565
3890000 4.502442 1.099177 0.814236
3900000 3.628592 1.100205 0.592107
3910000 3.496754 1.026921 0.860201
