100000 3.038756 1.044154 0.588337
110000 4.976368 0.975208 0.466735
120000 4.626864 1.002795 0.489618
130000 4.693256 1.056283 0.547701
140000 3.816261 1.007013 0.543282
150000 3.458569 1.034938 0.528125
160000 4.091395 0.949914 0.535109
170000 4.891647 1.054318 0.632150
180000 2.868406 1.086625 0.505373
190000 1.778603 1.104811 0.499118
200000 3.063792 1.003562 0.478382
210000 3.354713 1.105165 0.569095
220000 3.175855 0.976649 0.551320
230000 2.864426 1.052050 0.513626
240000 4.670760 1.165032 0.602560
250000 3.930748 1.003394 0.432401
260000 3.474205 1.027200 0.614891
270000 2.276040 0.954237 0.534059
280000 2.188057 0.909292 0.639703
290000 2.879959 1.021434 0.541633
300000 2.827160 1.133995 0.525771
310000 3.320159 1.036452 0.542299
320000 4.437357 0.942416 0.656228
330000 4.051524 1.002214 0.597671
340000 4.594625 1.022239 0.469843
350000 4.883172 0.988004 0.426604
360000 4.096925 1.003372 0.515872
370000 3.828195 1.147017 0.606822
380000 3.062496 0.993069 0.528268
390000 1.956665 1.136429 0.563736
400000 1.666291 1.085256 0.443644
410000 1.930769 1.078718 0.533997
420000 2.692460 0.918504 0.629664
430000 3.253099 1.127768 0.542880
440000 4.165585 1.011726 0.530606
450000 4.024111 0.939310 0.575190
460000 3.193243 1.076774 0.417488
470000 2.386860 1.076333 0.535183
480000 1.921727 1.015594 0.451226
490000 2.366421 1.033999 0.523528
500000 2.996754 1.019776 0.552227
510000 3.339833 1.061525 0.559660
520000 2.568124 1.110818 0.422798
530000 4.201949 1.123445 0.526679
540000 4.226115 1.106395 0.512449
550000 4.187373 1.205811 0.499882
560000 4.518348 1.052361 0.612980
570000 4.648154 1.036212 0.566088
580000 4.237216 1.016525 0.645577
590000 3.491581 1.148194 0.509234
600000 3.189978 1.170490 0.443443
610000 2.472071 1.165543 0.406341
620000 1.649094 0.991321 0.526202
630000 2.040661 1.187267 0.542112
640000 2.958502 1.162696 0.493432
650000 3.424993 1.103885 0.595086
660000 3.998826 1.052088 0.489803
670000 4.462324 1.098497 0.535709
680000 3.528825 0.980611 0.628778
690000 3.535824 1.181958 0.489423
700000 4.116271 1.062762 0.548482
710000 4.097990 0.975174 0.521605
720000 4.507999 0.974532 0.517326
730000 4.638893 1.082709 0.721797
740000 4.347724 1.241344 0.455439
750000 4.982169 1.006519 0.465686
760000 5.106644 0.997598 0.581125
770000 4.509191 1.113228 0.509061
780000 4.305772 1.052398 0.624346
790000 4.911798 0.899475 0.546347
800000 3.101135 1.088656 0.472316
810000 2.648127 1.049559 0.467463
820000 2.561467 1.066588 0.549711
830000 2.269921 1.049268 0.387989
840000 2.715495 1.111952 0.470642
850000 3.524145 1.036603 0.447979
860000 3.972766 0.961595 0.556501
870000 3.383969 1.146585 0.461317
880000 2.348930 1.036779 0.517672
890000 1.818689 0.984137 0.582624
900000 1.066328 1.074456 0.507146
910000 1.026813 0.998106 0.536244
920000 1.084242 1.145111 0.557689
930000 1.104289 1.108179 0.508147
940000 1.319841 1.057991 0.447400
950000 0.973259 1.160748 0.447351
960000 0.760263 1.072917 0.528057
970000 0.797078 1.058389 0.511330
980000 1.032670 1.033130 0.508238
990000 1.068895 1.041406 0.576651
1000000 1.442898 1.097367 0.661719
1010000 1.461401 1.028557 0.580463
1020000 1.172449 1.095747 0.627791
1030000 1.272507 0.975458 0.532118
1040000 1.713484 1.058512 0.442912
1050000 1.792406 1.064959 0.468193
1060000 1.685872 1.079083 0.450096
1070000 1.903457 1.180042 0.563144
1080000 2.106360 1.031004 0.525942
1090000 1.624793 1.006282 0.533844
1100000 1.621702 1.009037 0.585773
1110000 2.086391 1.115637 0.511705
1120000 2.169347 1.008766 0.432962
1130000 2.451841 0.974254 0.470635
1140000 2.547789 1.153855 0.492457
1150000 2.222217 1.013522 0.526504
1160000 3.115911 1.181515 0.500920
1170000 3.506899 1.155701 0.606558
1180000 3.873428 0.931740 0.553743
1190000 4.631680 1.094499 0.473821
1200000 4.134790 1.064490 0.545587
1210000 4.523371 1.142553 0.519674
1220000 4.078938 1.064397 0.595130
1230000 3.569245 0.956110 0.498896
1240000 3.567004 0.997266 0.503090
1250000 3.029931 1.051887 0.582120
1260000 2.642965 1.002721 0.704496
1270000 3.059522 1.025927 0.551809
1280000 3.172281 1.121877 0.466181
1290000 3.466789 1.063206 0.453153
1300000 3.955767 1.081054 0.513479
1310000 3.563158 1.078548 0.627399
1320000 3.415281 1.052672 0.573652
1330000 2.954567 1.124405 0.602631
1340000 3.848907 1.071486 0.588267
1350000 4.533206 1.040806 0.514006
1360000 4.757980 1.051595 0.460324
1370000 4.496053 1.067722 0.511622
1380000 4.759392 1.055180 0.611668
1390000 4.861139 1.067453 0.603976
1400000 5.015127 1.016607 0.517462
1410000 4.266152 1.094753 0.562124
1420000 4.981527 1.073383 0.510277
1430000 4.541543 0.949845 0.526525
1440000 4.257624 1.127474 0.532767
1450000 3.695498 1.015322 0.479530
1460000 3.574069 1.047515 0.483373
1470000 2.726859 0.995322 0.512567
1480000 2.400444 0.924730 0.507746
1490000 3.014029 0.984785 0.557189
1500000 2.695165 1.039951 0.508189
1510000 2.336101 1.238221 0.577975
1520000 2.001433 1.124350 0.454890
1530000 1.953242 1.131441 0.453701
1540000 2.174166 0.997764 0.486894
1550000 1.869385 1.075943 0.550610
1560000 2.178190 1.083705 0.597257
1570000 2.503115 1.060012 0.512476
1580000 2.525201 1.050818 0.541981
1590000 3.060634 1.070328 0.549846
1600000 3.644729 1.069978 0.476418
1610000 2.495270 1.103317 0.481343
1620000 2.967902 1.044622 0.433602
1630000 4.404722 1.104568 0.517176
1640000 4.952673 1.128599 0.515426
1650000 4.056776 1.006849 0.464500
1660000 3.728436 1.042312 0.517048
1670000 3.808861 1.059004 0.564810
1680000 4.194755 1.021101 0.493811
1690000 4.233447 0.977340 0.511528
1700000 4.640130 1.162532 0.549926
1710000 4.340567 0.985339 0.547932
1720000 4.500557 1.128284 0.601306
1730000 3.621169 0.984265 0.510009
1740000 3.909876 1.055841 0.531451
1750000 5.021035 0.969043 0.423031
1760000 3.571290 1.085605 0.701997
1770000 3.350887 1.056777 0.518578
1780000 3.097434 0.988238 0.613531
1790000 2.703153 0.969177 0.586945
1800000 3.266857 1.080126 0.551666
1810000 4.384156 1.111928 0.489784
1820000 3.972691 0.997054 0.549953
1830000 3.378237 1.045416 0.451280
1840000 3.289624 1.000428 0.589711
1850000 2.504402 1.065196 0.506282
1860000 2.300979 1.051303 0.442698
1870000 2.181909 1.133774 0.567687
1880000 2.036654 0.983013 0.534138
1890000 1.631208 0.895977 0.703584
1900000 1.541420 1.107467 0.562580
1910000 1.302676 1.002433 0.505560
1920000 1.158608 1.077931 0.445091
1930000 1.255242 1.042170 0.727581
1940000 1.708554 1.145848 0.582697
1950000 1.508197 1.111475 0.462495
1960000 1.592872 1.063922 0.586566
1970000 1.790063 1.065353 0.469764
1980000 1.772845 1.081865 0.589456
1990000 0.947419 1.105174 0.503395
2000000 0.841895 1.103182 0.491419
2010000 0.834775 0.989437 0.496678
2020000 0.850835 1.048861 0.603233
2030000 1.071837 0.995438 0.529896
2040000 1.242106 1.022212 0.567700
2050000 1.422896 1.184606 0.541019
2060000 1.071477 0.967859 0.572438
2070000 1.086835 1.057289 0.464933
2080000 0.925091 1.029515 0.657408
2090000 1.319661 0.999136 0.451121
2100000 0.933996 1.107657 0.444099
2110000 1.225402 1.059968 0.605503
2120000 1.216691 1.140249 0.525719
2130000 1.605190 1.046895 0.456686
2140000 1.856086 1.004597 0.432673
2150000 2.376550 1.083931 0.512692
2160000 2.742973 1.078315 0.587934
2170000 2.533167 1.114075 0.455065
2180000 3.031108 1.014049 0.496123
2190000 3.307521 1.119413 0.595384
2200000 2.774496 1.008908 0.527039
2210000 2.411917 0.981966 0.569669
2220000 2.537422 1.181992 0.563089
2230000 2.183430 1.029093 0.490481
2240000 1.918380 1.002270 0.452949
2250000 1.750807 1.089895 0.600098
2260000 1.599030 1.138520 0.468550
2270000 1.846966 1.161780 0.462963
2280000 1.653953 1.017459 0.719940
2290000 2.413762 0.943138 0.538372
2300000 2.975900 0.995476 0.554119
2310000 3.845977 1.101503 0.486521
2320000 4.841260 1.038398 0.451048
2330000 5.013207 1.025387 0.470957
2340000 4.408624 1.053909 0.512897
2350000 3.541674 1.027977 0.419368
2360000 3.507827 0.933088 0.569627
2370000 4.547488 1.034808 0.635404
2380000 5.034099 1.164389 0.415818
2390000 4.644809 0.985141 0.683775
2400000 4.225265 1.031249 0.541230
2410000 4.336298 1.123284 0.408727
2420000 3.605710 0.976312 0.584653
2430000 3.395895 1.157651 0.521408
2440000 3.483683 1.061635 0.489081
2450000 4.103995 1.193520 0.497522
2460000 3.570976 1.003510 0.398063
2470000 3.291713 0.976600 0.566239
2480000 3.183329 1.105479 0.509648
2490000 2.107424 0.988112 0.440537
2500000 2.825611 1.117927 0.616638
2510000 2.592883 1.044687 0.474730
2520000 2.025680 1.165188 0.516889
2530000 2.091998 1.027916 0.542577
2540000 2.031577 1.014295 0.596017
2550000 2.382077 1.061757 0.458681
2560000 1.831363 1.042875 0.588024
2570000 2.935977 0.962178 0.517119
2580000 4.542043 1.013574 0.513649
2590000 4.718985 1.085923 0.561510
2600000 4.510883 1.033971 0.383990
2610000 4.633229 1.055449 0.463918
2620000 4.676426 1.054193 0.551590
2630000 4.464217 1.203477 0.464871
2640000 4.486654 1.095519 0.598566
2650000 3.540693 0.972620 0.560778
2660000 3.370903 1.017839 0.409291
2670000 2.783355 1.111867 0.411289
2680000 2.794760 0.961369 0.509499
2690000 3.221504 0.996401 0.552858
2700000 4.272266 1.001258 0.631835
2710000 4.712249 1.121905 0.619955
2720000 3.230032 0.999063 0.555567
2730000 3.626113 0.888648 0.651422
2740000 3.863676 1.062689 0.454697
2750000 3.795813 1.031415 0.566865
2760000 4.443434 0.991135 0.559675
2770000 4.758676 1.046132 0.495450
2780000 4.982391 1.063738 0.626947
2790000 3.536920 0.960036 0.397445
2800000 2.548129 1.105916 0.578960
2810000 2.445123 0.962868 0.570189
2820000 2.673793 1.110646 0.529176
2830000 1.983450 1.052285 0.605527
2840000 2.689544 1.092537 0.598572
2850000 2.532013 1.060849 0.450263
2860000 2.143902 1.007663 0.595518
2870000 2.528751 1.051193 0.547319
2880000 1.595453 0.964276 0.567193
2890000 1.652797 1.115278 0.596788
2900000 1.317766 1.076718 0.564596
2910000 1.388026 1.036536 0.584812
2920000 1.333473 1.132935 0.554730
2930000 1.571446 1.134006 0.528589
2940000 1.799275 1.125477 0.450313
2950000 1.964579 1.052125 0.518892
2960000 1.828820 1.003338 0.553703
2970000 1.913412 1.001179 0.484624
2980000 1.843593 1.119750 0.571965
2990000 1.611426 1.113081 0.517829
3000000 2.712633 0.964069 0.466636
3010000 2.465232 1.016537 0.639332
3020000 3.328850 1.125171 0.415679
3030000 4.650282 1.008896 0.414624
3040000 3.960276 1.028593 0.599536
3050000 5.055720 1.022463 0.474389
3060000 4.755844 1.049622 0.537565
3070000 4.986405 1.115241 0.469387
3080000 4.702751 1.096889 0.482101
3090000 4.876269 1.009007 0.525933
3100000 5.003825 1.181716 0.575822
3110000 4.636834 1.049594 0.469954
3120000 4.814306 1.073061 0.547238
3130000 4.122655 1.177752 0.432165
3140000 3.730925 1.057775 0.477719
3150000 3.427151 1.142906 0.581619
3160000 3.723301 0.987619 0.524239
3170000 3.014008 1.214429 0.475597
3180000 2.684193 1.097350 0.444694
3190000 3.332936 1.105640 0.667982
3200000 4.019418 0.955677 0.477270
3210000 3.738327 1.035369 0.523879
3220000 2.768223 0.991759 0.514675
3230000 3.134148 1.118800 0.453621
3240000 4.026675 0.958942 0.467520
3250000 4.090126 1.166005 0.541353
3260000 3.321855 1.202663 0.376033
3270000 3.398268 1.006758 0.489371
3280000 4.663985 1.119194 0.419301
3290000 4.517866 0.977693 0.514155
3300000 3.910752 1.153550 0.593816
3310000 2.712372 1.032983 0.556047
3320000 3.490952 1.005951 0.549890
3330000 2.422179 1.067079 0.627807
3340000 2.396176 0.945410 0.431092
3350000 2.843120 1.171105 0.626335
3360000 3.258406 0.977260 0.487282
3370000 3.925001 1.107555 0.544156
3380000 3.529004 1.030007 0.496890
3390000 4.886256 1.097194 0.610431
3400000 4.933258 0.970684 0.579402
3410000 4.473260 1.108480 0.549388
3420000 4.853682 0.917034 0.559981
3430000 4.381996 1.003439 0.595178
3440000 5.013248 1.072935 0.455046
3450000 4.830829 1.075808 0.427450
3460000 4.425244 1.027104 0.447986
3470000 3.768960 1.018366 0.491801
3480000 4.536650 1.060336 0.430226
3490000 3.789494 1.122106 0.604843
3500000 3.431916 0.941659 0.477267
3510000 3.923319 1.002869 0.633412
3520000 4.125037 1.072802 0.635282
3530000 4.641800 1.045564 0.550251
3540000 4.364446 0.926778 0.370053
3550000 3.029344 1.053080 0.368762
3560000 3.357424 0.992815 0.482197
3570000 2.741932 1.037043 0.500038
3580000 2.771377 1.020317 0.463494
3590000 2.243505 1.135749 0.642616
3600000 2.212844 1.072895 0.672813
3610000 1.870773 1.031876 0.400907
3620000 2.200634 0.937410 0.444846
3630000 2.433790 1.109604 0.539272
3640000 2.238092 1.001009 0.542139
3650000 2.911058 1.058748 0.495971
3660000 4.430163 0.974608 0.432023
3670000 4.321186 1.093234 0.524009
3680000 4.472560 1.022423 0.549681
3690000 3.963827 1.063781 0.509805
3700000 3.984247 0.995852 0.706974
3710000 4.712020 0.996237 0.528171
3720000 3.810824 1.032762 0.612738
3730000 2.958564 1.017384 0.508960
3740000 3.219927 1.074225 0.567499
3750000 3.341723 1.098072 0.556872
3760000 2.743708 1.073762 0.452989
3770000 2.519138 1.031409 0.627857
3780000 2.871267 1.172840 0.515062
3790000 2.032943 1.001853 0.653385
3800000 2.358959 1.059197 0.621017
3810000 1.992361 0.939776 0.562518
3820000 1.707821 0.965581 0.637782
3830000 1.468988 0.984412 0.598103
3840000 1.696101 1.060248 0.554465
3850000 1.768362 1.145173 0.445008
3860000 1.310955 1.119047 0.390953
3870000 1.545367 1.091867 0.613643
3880000 1.980862 0.993145 0.526954
3890000 1.735914 1.092545 0.392280
3900000 2.000774 1.138503 0.635020
3910000 3.089028 1.073204 0.546807
3920000 3.157623 1.154116 0.475184
3930000 2.292340 1.123384 0.613894
3940000 2.739960 1.141673 0.478028
3950000 2.910846 1.057743 0.585741
