100000 0.998717 2.888063 1.578901
110000 1.488955 2.898662 1.570032
120000 1.207699 2.950728 1.660283
130000 2.013022 3.032570 1.573725
140000 3.408092 2.854730 1.635878
150000 3.193568 3.061057 1.563082
160000 4.324848 3.019356 1.569932
170000 4.141249 2.926573 1.600746
180000 3.650984 3.031686 1.526822
190000 2.693105 2.987548 1.376306
200000 2.788359 2.928488 1.603880
210000 1.973972 2.983113 1.436231
220000 1.796712 2.951577 1.579202
230000 1.660508 3.030220 1.633870
240000 2.044636 2.891936 1.583488
250000 3.036687 3.052865 1.550148
260000 4.184810 2.892510 1.609619
270000 4.159431 3.067872 1.581217
280000 4.747182 2.882264 1.605947
290000 3.614272 3.095799 1.719802
300000 2.945208 3.043088 1.560312
310000 3.873000 3.003095 1.689033
320000 4.602759 2.955679 1.610678
330000 4.776046 2.830465 1.693710
340000 4.928913 2.967359 1.580084
350000 3.508907 3.066306 1.588884
360000 3.217117 2.905673 1.592606
370000 2.345468 2.866281 1.529031
380000 2.518195 3.016941 1.590583
390000 2.876576 -3.086925 1.667852
400000 4.084020 2.958698 1.550671
410000 3.572106 3.036538 1.569018
420000 4.580033 3.014578 1.598817
430000 3.906565 2.930438 1.578116
440000 4.029444 3.030662 1.453646
450000 2.594885 3.039338 1.585764
460000 2.186869 3.046779 1.520814
470000 1.749877 3.049209 1.527458
480000 0.825700 2.930874 1.618663
490000 0.835411 2.940372 1.586835
500000 0.776117 3.101404 1.615517
510000 1.173301 3.001667 1.585434
520000 0.908326 3.001547 1.688112
530000 1.334217 2.969742 1.503129
540000 1.902965 3.048278 1.679081
550000 2.671017 2.958029 1.490671
560000 3.169793 2.927332 1.657697
570000 3.433645 2.932309 1.590898
580000 3.210979 3.040216 1.611805
590000 4.834824 2.844998 1.544753
600000 3.248135 2.910590 1.629747
610000 2.417513 2.912469 1.602873
620000 3.601682 2.943538 1.529975
630000 4.292150 2.894638 1.619663
640000 4.670916 3.079124 1.475572
650000 4.038457 2.907789 1.690022
660000 3.360826 2.892405 1.555281
670000 3.084807 2.821407 1.692259
680000 2.183910 3.124243 1.683892
690000 2.253606 2.866219 1.548115
700000 2.645373 2.907199 1.539817
710000 1.799092 2.916017 1.565489
720000 1.442443 2.883280 1.636168
730000 1.299014 2.916370 1.609647
740000 0.897762 3.117609 1.657888
750000 0.784726 3.049028 1.528976
760000 0.810418 2.997875 1.507387
770000 1.443775 3.057106 1.655065
780000 1.880307 2.941884 1.471761
790000 1.750277 3.010699 1.529289
800000 1.752686 2.882853 1.547857
810000 1.368046 2.989899 1.635523
820000 1.312266 2.936292 1.616843
830000 1.171972 2.945930 1.602191
840000 1.778397 2.951153 1.521610
850000 1.714168 2.919240 1.579325
860000 2.467289 3.006891 1.681713
870000 2.455197 2.918683 1.554671
880000 2.486084 2.942684 1.486477
890000 2.514575 2.984701 1.529427
900000 2.840346 2.807690 1.561855
910000 2.643382 3.083175 1.483174
920000 3.651681 2.851828 1.551217
930000 4.320864 2.961126 1.627155
940000 4.668223 2.956237 1.458064
950000 3.859937 2.904848 1.519609
960000 4.766622 3.003582 1.740125
970000 4.192369 3.000755 1.702409
980000 4.572748 3.067434 1.576434
990000 4.357004 3.064194 1.601955
1000000 3.380279 2.931273 1.510581
1010000 3.127849 3.004495 1.607483
1020000 2.411687 3.019688 1.542413
1030000 2.361379 3.056198 1.433642
1040000 1.955392 2.879090 1.730332
1050000 1.539115 2.987135 1.678318
1060000 2.157238 3.029356 1.586937
1070000 3.091497 2.845566 1.566809
1080000 3.477727 2.949241 1.578651
1090000 4.312481 2.957189 1.575693
1100000 4.377668 2.868395 1.544682
1110000 4.560616 3.092295 1.643637
1120000 4.937197 3.007440 1.485462
1130000 4.747426 2.854661 1.656068
1140000 5.019517 2.949493 1.570728
1150000 3.258838 2.928844 1.618690
1160000 3.684912 2.975185 1.622754
1170000 3.539674 2.903734 1.577965
1180000 2.475888 2.923384 1.530237
1190000 2.172707 2.853738 1.539801
1200000 2.766113 3.009223 1.484419
1210000 3.893446 3.030283 1.606923
1220000 4.614443 -3.125488 1.587306
1230000 4.148224 2.961774 1.587393
1240000 4.278110 3.039395 1.685978
1250000 4.752810 2.959981 1.533306
1260000 4.975991 2.856954 1.501855
1270000 4.193214 2.912858 1.603387
1280000 4.910572 2.976072 1.504741
1290000 4.849586 2.896570 1.645412
1300000 3.355180 2.900807 1.443797
1310000 4.318383 2.884888 1.517035
1320000 5.076360 2.903715 1.528243
1330000 3.817512 2.956796 1.485967
1340000 3.002992 2.850294 1.705875
1350000 2.792669 2.972667 1.633362
1360000 2.060242 2.827117 1.609893
1370000 2.131980 2.980705 1.554631
1380000 2.212576 2.913152 1.579510
1390000 2.139059 2.905282 1.599751
1400000 2.931278 2.914327 1.473401
1410000 3.272042 3.054614 1.629465
1420000 3.248624 2.953608 1.566188
1430000 3.876096 2.948847 1.530665
1440000 4.946304 2.752344 1.533981
1450000 4.975170 2.868276 1.595633
1460000 4.929681 2.890958 1.611630
1470000 4.178687 2.957467 1.495452
1480000 3.643796 2.978662 1.567645
1490000 3.201581 2.905018 1.495408
1500000 3.763975 2.951985 1.592947
1510000 4.472295 2.994558 1.566233
1520000 4.101275 2.997638 1.577762
1530000 4.219824 2.858858 1.615638
1540000 4.576069 2.957188 1.675232
1550000 3.245361 2.961349 1.614749
1560000 2.830498 2.976060 1.561287
1570000 2.840164 2.887309 1.704689
1580000 3.940249 2.928374 1.598051
1590000 4.165592 3.034899 1.492778
1600000 3.433068 3.090265 1.604980
1610000 2.723810 3.062320 1.600533
1620000 2.518701 2.964530 1.590463
1630000 2.265892 2.915994 1.518397
1640000 2.004697 3.038419 1.601466
1650000 1.761767 2.857148 1.592236
1660000 1.656082 3.044150 1.535910
1670000 1.451098 2.964774 1.526512
1680000 0.791924 3.110992 1.646443
1690000 1.075903 3.111111 1.565370
1700000 0.608079 2.997496 1.674513
1710000 0.578287 2.963795 1.526609
1720000 0.887726 2.977442 1.601650
1730000 0.687662 2.959427 1.589970
1740000 0.935720 2.910949 1.545864
1750000 1.079982 2.972422 1.613371
1760000 1.734424 2.843544 1.668977
1770000 1.271206 2.951084 1.637961
1780000 0.902477 2.912314 1.638070
1790000 1.223695 3.009706 1.519613
1800000 0.929588 3.043669 1.580565
1810000 0.786996 2.981703 1.594600
1820000 0.552536 2.989371 1.691339
1830000 0.616347 2.968364 1.575974
1840000 0.596916 3.072651 1.594439
1850000 0.754493 3.036669 1.601112
1860000 0.953494 3.024589 1.483061
1870000 0.976444 2.921894 1.398747
1880000 1.019033 2.916085 1.430434
1890000 1.337599 2.832088 1.505435
1900000 1.140445 3.014626 1.623908
1910000 1.461670 2.923026 1.486063
1920000 1.260503 2.993560 1.463406
1930000 1.672249 2.997494 1.643987
1940000 1.707612 2.846258 1.464520
1950000 1.575325 2.989988 1.657513
1960000 1.726469 3.057000 1.529283
1970000 1.430120 2.916855 1.546896
1980000 1.859383 2.974211 1.571266
1990000 2.068423 2.986747 1.583691
2000000 2.245997 3.129492 1.593755
2010000 1.806648 2.982431 1.620148
2020000 1.337280 2.948494 1.653262
2030000 2.054824 2.929651 1.599964
2040000 2.180369 2.826067 1.383512
2050000 3.042025 2.923801 1.560440
2060000 3.119759 2.990955 1.528043
2070000 3.002234 2.942741 1.433304
2080000 3.344255 3.046651 1.669583
2090000 2.789109 2.902250 1.658892
2100000 4.052507 3.124119 1.545710
2110000 4.759978 2.913741 1.564769
2120000 4.714382 2.907995 1.537118
2130000 5.044457 3.022195 1.482716
2140000 4.146704 2.951929 1.617304
2150000 3.479846 2.979405 1.633596
2160000 4.803765 2.943922 1.531860
2170000 3.664730 2.963844 1.660860
2180000 4.765580 2.959646 1.539200
2190000 4.260357 2.948210 1.573739
2200000 3.972046 2.921199 1.568121
2210000 4.369955 2.985095 1.539789
2220000 4.016268 3.020619 1.590599
2230000 3.767466 2.942166 1.604895
2240000 3.696007 3.016013 1.585417
2250000 3.116278 2.958107 1.487564
2260000 2.478098 2.981050 1.587884
2270000 2.427581 3.133771 1.560918
2280000 2.473406 2.958984 1.668896
2290000 1.892241 2.932352 1.575802
2300000 1.932530 2.976114 1.627369
2310000 2.477502 2.831009 1.506672
2320000 2.790121 3.104535 1.379777
2330000 3.183376 3.002471 1.607987
2340000 2.663036 2.971550 1.533981
2350000 2.535578 2.983781 1.473407
2360000 1.811103 2.988073 1.588136
2370000 1.671327 2.910719 1.733438
2380000 1.589903 2.882238 1.467540
2390000 1.078117 3.045333 1.536498
2400000 1.190280 2.970568 1.617327
2410000 1.249535 2.845989 1.460197
2420000 1.337284 2.993237 1.594504
2430000 1.473179 2.942176 1.620565
2440000 1.447196 2.891060 1.536315
2450000 1.393597 2.815488 1.598237
2460000 1.697263 3.000042 1.668578
2470000 1.752738 2.945588 1.435127
2480000 1.570839 2.723175 1.626496
2490000 1.860823 3.025962 1.473996
2500000 2.021676 2.921224 1.549294
2510000 2.323891 3.000689 1.495788
2520000 2.360633 3.045503 1.570547
2530000 3.056416 3.125779 1.431915
2540000 3.396570 3.094948 1.537712
2550000 4.588280 2.944976 1.595305
2560000 4.240571 2.985009 1.589811
2570000 3.404179 2.977439 1.709726
2580000 2.926164 2.868902 1.530845
2590000 3.542345 2.995736 1.601055
2600000 4.734038 2.911395 1.504694
2610000 4.431938 3.062700 1.590975
2620000 4.798834 3.070027 1.573628
2630000 4.980306 2.982007 1.677493
2640000 3.853943 2.828581 1.588866
2650000 3.638036 3.113446 1.613316
2660000 4.170813 2.917458 1.641371
2670000 4.686228 3.129368 1.647140
2680000 4.088635 3.036384 1.584263
2690000 4.519344 2.975059 1.622732
2700000 4.777699 2.976101 1.564219
2710000 3.485538 2.925656 1.594682
2720000 3.423265 2.923237 1.548112
2730000 2.792693 2.998273 1.604560
2740000 2.726016 2.948179 1.649407
2750000 2.718810 2.941658 1.604927
2760000 3.117903 2.996287 1.686507
2770000 2.671545 3.045661 1.568477
2780000 2.314787 2.894281 1.637037
2790000 2.122214 3.090988 1.556147
2800000 2.037951 2.949402 1.537906
2810000 3.876366 2.954400 1.559310
2820000 4.359179 2.919328 1.515676
2830000 3.948780 2.958468 1.560174
2840000 3.381445 2.885700 1.610576
2850000 3.723764 2.952457 1.569500
2860000 3.583377 2.810736 1.478077
2870000 2.888179 2.842697 1.530741
2880000 3.034778 2.890444 1.708256
2890000 3.787861 2.919488 1.572361
2900000 3.026961 2.951670 1.555831
2910000 3.407842 2.920987 1.627414
2920000 2.246834 2.932641 1.593424
2930000 2.907987 2.995442 1.634408
2940000 2.081414 3.102851 1.648266
2950000 1.914292 2.970170 1.654260
2960000 1.941163 3.018483 1.516535
2970000 2.050091 3.005907 1.481277
2980000 2.216493 2.986291 1.548367
2990000 1.585192 2.954174 1.602740
3000000 1.774750 2.932863 1.617651
3010000 2.350703 2.952307 1.494823
3020000 2.663300 2.997094 1.481712
3030000 2.521799 3.075343 1.630085
3040000 3.031006 2.995691 1.569892
3050000 3.877017 3.026667 1.550651
3060000 4.895813 2.931642 1.669358
3070000 4.072532 3.027871 1.550120
3080000 4.165001 2.981108 1.654128
3090000 3.738569 3.051313 1.493505
3100000 4.816996 2.973949 1.645385
3110000 4.749643 2.902572 1.484016
3120000 4.340616 2.892743 1.635251
3130000 3.770955 2.999303 1.491651
3140000 4.409466 2.943955 1.728138
3150000 4.331771 3.036078 1.510553
3160000 3.956047 2.929468 1.630283
3170000 3.516871 2.939568 1.719727
3180000 3.765132 2.880230 1.454074
3190000 4.622465 3.098803 1.518460
3200000 4.701458 2.903543 1.644814
3210000 4.495104 3.043945 1.590771
3220000 5.013492 2.891594 1.556078
3230000 3.438696 3.002554 1.572694
3240000 3.051003 2.991894 1.596000
3250000 2.952013 3.003474 1.615735
3260000 2.257265 3.001934 1.624798
3270000 2.439627 2.902429 1.572348
3280000 2.268730 3.012792 1.552673
3290000 1.879470 3.060861 1.571625
3300000 2.271880 2.998691 1.599683
3310000 2.850603 3.028915 1.606128
3320000 3.650470 2.979231 1.560983
3330000 3.366810 3.033290 1.625613
3340000 3.455446 3.048691 1.600388
3350000 2.782661 2.975109 1.505316
3360000 3.359427 2.914815 1.598757
3370000 5.066872 3.053656 1.527316
3380000 4.628063 3.028348 1.555111
3390000 4.062533 3.005340 1.639093
3400000 3.044773 2.990425 1.542879
3410000 3.126023 3.074232 1.523057
3420000 3.028464 2.852529 1.656161
3430000 3.797115 3.016139 1.547212
3440000 3.099798 2.963661 1.679816
3450000 3.789184 2.970486 1.690475
3460000 4.066634 3.015519 1.441313
3470000 4.681724 2.889593 1.599909
3480000 4.711274 2.953349 1.454922
3490000 4.160057 2.968595 1.547315
3500000 3.883259 3.051376 1.595461
3510000 4.407575 3.029524 1.533391
3520000 4.360151 3.095184 1.604081
3530000 4.823589 3.046431 1.534258
3540000 4.984397 2.994402 1.501061
3550000 4.455698 3.033823 1.592911
3560000 4.073082 3.013948 1.491798
3570000 4.541212 2.955340 1.492966
3580000 4.461718 2.886236 1.630507
3590000 3.518752 2.916745 1.417809
3600000 4.877256 3.020556 1.650605
3610000 4.311401 2.998121 1.756292
3620000 4.083854 2.968511 1.680755
3630000 3.326670 2.971964 1.594662
3640000 4.116552 2.977609 1.482756
3650000 3.138788 2.994117 1.560414
3660000 2.948877 2.917484 1.630717
3670000 2.479147 2.857157 1.648558
3680000 2.394965 2.958547 1.646506
3690000 1.588527 2.811285 1.686437
3700000 1.556475 2.875027 1.520519
3710000 1.210857 3.031970 1.578901
3720000 1.486203 3.116886 1.694661
3730000 0.968036 3.119639 1.732339
3740000 0.997999 2.956118 1.592930
3750000 1.032041 2.976063 1.424149
3760000 1.031540 3.003502 1.593335
3770000 1.027822 3.085347 1.683265
3780000 1.098059 2.931953 1.524294
3790000 0.760734 3.013668 1.626576
3800000 0.850638 2.923426 1.518985
3810000 1.047784 2.931681 1.578725
3820000 1.202481 2.768560 1.643000
3830000 1.205917 2.910852 1.524331
3840000 1.325981 2.928207 1.521276
3850000 1.551389 2.952159 1.574766
3860000 1.400875 2.970004 1.590387
3870000 1.374607 2.825674 1.513160
3880000 1.940483 2.943904 1.460351
3890000 1.759213 2.918015 1.658665
3900000 1.824735 2.831673 1.500257
3910000 1.894745 3.078735 1.538586
3920000 1.936041 2.961213 1.546792
3930000 1.972714 2.891766 1.529296
3940000 1.309303 2.867919 1.475235
3950000 1.480746 2.866499 1.537968
3960000 1.181630 2.767537 1.641850
3970000 0.719487 3.010818 1.735796
3980000 0.676736 3.035128 1.560723
3990000 0.504230 3.049041 1.594216
4000000 0.905143 2.934933 1.570128
