100000 2.997837 1.066171 -2.743099
110000 4.178497 1.094606 -2.905478
120000 4.409261 1.117535 -2.784754
130000 2.965371 1.107459 -2.811405
140000 1.543125 1.117059 -2.832851
150000 1.328823 1.212848 -2.861049
160000 2.126503 1.082560 -2.856870
170000 1.662127 1.014215 -2.874821
180000 1.126556 1.054370 -2.822233
190000 1.041543 1.049824 -2.886180
200000 0.937515 1.082410 -2.871122
210000 1.235196 0.862466 -2.834065
220000 0.877167 0.978295 -2.745927
230000 1.060365 1.113845 -2.766977
240000 1.730453 1.136250 -2.748573
250000 1.476018 1.191867 -2.786220
260000 1.908938 0.953129 -2.799153
270000 1.198456 1.023616 -2.922943
280000 2.134712 1.020517 -2.858390
290000 2.654180 0.966775 -2.786428
300000 3.168799 0.970324 -2.865906
310000 2.294627 1.015500 -2.834309
320000 1.928138 1.003915 -2.805430
330000 2.516526 1.054251 -2.803292
340000 4.026488 0.956078 -2.699662
350000 3.752503 1.001394 -2.988472
360000 2.990382 1.052173 -2.841080
370000 4.608200 1.023719 -2.855704
380000 4.828940 0.978659 -2.942454
390000 4.319983 1.079059 -2.753662
400000 4.658741 1.075911 -2.760308
410000 3.706586 1.107774 -2.862197
420000 3.462769 1.012586 -2.804783
430000 3.173106 1.178210 -2.879583
440000 4.132891 0.965537 -2.684137
450000 4.367995 1.048448 -2.770831
460000 4.573648 0.993816 -2.824503
470000 4.710799 0.988202 -2.664669
480000 4.779120 1.087894 -2.896592
490000 3.783499 1.054393 -2.782323
500000 3.300629 0.965763 -2.803061
510000 3.078423 1.059845 -2.721263
520000 2.505179 1.033287 -2.841471
530000 1.809075 1.050035 -2.865216
540000 1.761507 1.152211 -2.729436
550000 1.365627 1.011491 -2.761613
560000 1.009960 0.930666 -2.856870
570000 0.896167 0.956389 -2.847231
580000 1.055816 1.173550 -2.845504
590000 1.169135 0.953206 -2.687687
600000 1.434444 1.212636 -2.839210
610000 1.097184 1.152213 -2.851358
620000 1.094698 1.097646 -2.843124
630000 1.875099 1.036658 -2.785412
640000 1.704059 0.964280 -2.856237
650000 1.245677 1.121297 -2.813033
660000 1.107409 0.952981 -2.703962
670000 0.701846 1.057319 -2.899617
680000 0.611888 1.010473 -2.900314
690000 0.804211 0.992618 -2.814437
700000 1.216038 1.221409 -2.877794
710000 1.541419 0.932448 -2.798384
720000 2.097847 1.126847 -2.871690
730000 1.989643 1.053830 -2.692024
740000 3.109119 0.950640 -2.724448
750000 3.635981 1.081505 -2.674446
760000 3.384449 1.042181 -2.761617
770000 2.512268 1.133045 -2.782125
780000 3.437939 1.124025 -2.748487
790000 3.920104 1.060198 -2.821928
800000 3.627327 1.090333 -2.962417
810000 4.467565 1.160003 -2.741276
820000 3.813841 1.122617 -2.754081
830000 2.946536 1.124845 -2.775156
840000 3.142042 1.093834 -2.865955
850000 3.021778 1.076407 -2.806778
860000 2.328110 1.088857 -2.711449
870000 2.871061 0.972515 -2.832011
880000 4.818279 1.009252 -2.677398
890000 4.675278 1.108450 -2.770103
900000 4.414274 0.931111 -2.811424
910000 4.192761 1.023207 -2.769540
920000 3.731126 1.041367 -2.716009
930000 2.702583 1.192180 -2.786712
940000 2.254283 1.028357 -2.665615
950000 2.247746 1.025438 -2.850036
960000 2.533775 1.064474 -2.793274
970000 3.768432 1.123677 -2.822645
980000 4.119646 1.233005 -2.897632
990000 4.177363 1.028546 -2.680644
1000000 3.471034 1.002665 -2.789372
1010000 2.794822 1.009319 -2.767563
1020000 3.094364 1.066672 -2.786059
1030000 4.373636 1.130126 -2.754387
1040000 4.579824 1.095520 -2.814816
1050000 4.714749 1.135098 -2.818994
1060000 3.803737 0.882651 -2.658890
1070000 4.254853 1.053097 -2.731580
1080000 5.001785 1.146952 -2.858109
1090000 4.862774 1.001486 -2.893522
1100000 4.376701 1.127760 -2.766637
1110000 3.371923 1.000508 -2.739452
1120000 4.547625 1.135028 -2.979313
1130000 3.303264 1.122428 -2.816485
1140000 2.548031 0.940412 -2.931946
1150000 2.074415 1.065721 -2.838762
1160000 1.639543 1.050708 -2.809818
1170000 2.187747 1.009556 -2.779249
1180000 2.134311 1.012599 -2.849025
1190000 2.682101 0.996746 -2.785095
1200000 1.989058 1.145203 -2.876367
1210000 2.916215 1.091277 -2.800908
1220000 3.943518 1.229124 -2.746019
1230000 3.205260 1.122493 -2.685980
1240000 2.861928 1.064115 -2.871486
1250000 3.156856 0.904765 -2.838007
1260000 3.016125 1.077656 -2.743071
1270000 2.441960 1.000597 -2.784143
1280000 1.693381 1.082902 -2.771630
1290000 1.332239 1.115147 -2.944478
1300000 0.722484 1.059009 -2.802133
1310000 0.916770 1.081307 -2.808322
1320000 0.498622 1.050986 -2.810034
1330000 0.631757 1.157881 -2.800862
1340000 1.175736 0.986310 -2.790788
1350000 1.047392 1.067175 -2.810430
1360000 1.003825 1.057318 -2.754255
1370000 1.052262 1.081076 -2.800689
1380000 1.269205 0.982986 -2.806827
1390000 0.897105 1.013170 -2.715784
1400000 0.828590 0.944417 -2.770096
1410000 1.013475 1.009426 -2.872553
1420000 1.388299 1.043753 -2.789370
1430000 1.339983 0.937022 -2.956715
1440000 1.978731 1.061943 -2.848525
1450000 1.601678 1.116944 -2.895874
1460000 1.636030 1.141513 -2.839866
1470000 2.085522 1.135538 -2.735806
1480000 2.636859 1.030961 -2.870049
1490000 2.584682 1.028566 -2.710665
1500000 2.006656 1.003065 -2.743762
1510000 1.926725 1.192503 -2.824191
1520000 4.050838 1.054707 -2.638321
1530000 3.783469 0.942341 -2.801075
1540000 5.000928 1.040362 -2.779434
1550000 4.230586 1.045138 -2.941899
1560000 4.002356 0.987209 -2.677138
1570000 4.413269 1.050077 -2.657029
1580000 4.332895 1.200617 -2.643662
1590000 5.015220 1.001449 -2.855105
1600000 4.996965 1.164425 -2.904402
1610000 4.974898 1.139032 -2.685797
1620000 4.715427 1.130197 -2.748302
1630000 3.673426 1.046633 -2.794711
1640000 3.666978 1.097020 -2.818245
1650000 4.514541 1.044624 -2.728918
1660000 4.486258 0.928257 -2.687618
1670000 3.125775 1.031978 -2.797751
1680000 3.845102 1.037600 -2.749120
1690000 3.532737 0.992974 -2.792753
1700000 3.245012 0.979296 -2.826252
1710000 3.334772 1.133855 -2.829640
1720000 3.704934 1.003980 -2.641853
1730000 3.652839 1.092691 -2.728243
1740000 4.174955 1.032128 -2.827285
1750000 2.434431 1.027246 -2.803846
1760000 2.727278 1.168726 -2.797643
1770000 2.984628 1.005677 -2.783359
1780000 2.674146 0.996328 -2.892448
1790000 2.814483 1.039531 -2.773103
1800000 2.405916 1.234350 -2.869758
1810000 1.820656 1.119658 -2.756994
1820000 2.104462 0.967396 -2.632840
1830000 1.759989 1.038507 -2.813377
1840000 1.524361 1.005209 -2.844316
1850000 1.794777 1.106433 -2.747038
1860000 1.599391 0.949200 -2.741892
1870000 2.048682 1.022402 -2.707725
1880000 2.174130 0.934356 -2.715543
1890000 2.393693 1.055946 -2.880951
1900000 1.862759 0.920433 -2.839523
1910000 2.041566 1.127891 -2.932278
1920000 2.691549 1.149039 -2.832195
1930000 3.044339 1.112832 -2.873066
1940000 3.568363 1.151646 -2.658207
1950000 4.770563 1.112470 -2.882820
1960000 5.004551 1.095049 -2.882312
1970000 4.823553 1.010418 -2.708740
1980000 3.873239 0.909203 -2.803670
1990000 3.595689 0.983277 -2.753311
2000000 3.160713 1.203984 -2.766484
2010000 3.428107 1.159940 -2.862116
2020000 3.424380 1.010566 -2.845367
2030000 4.706667 1.073358 -2.784340
2040000 4.816132 1.094985 -2.725525
2050000 4.590416 1.014607 -2.765769
2060000 4.610319 1.048025 -2.677177
2070000 3.552279 1.139163 -2.875453
2080000 4.529729 1.051598 -2.801977
2090000 3.557942 0.984154 -2.887282
2100000 2.984581 0.852494 -2.742724
2110000 2.944255 1.036600 -2.868358
2120000 3.295585 1.001163 -2.854104
2130000 2.946722 1.065010 -2.771413
2140000 4.189883 1.039020 -2.689395
2150000 3.753054 1.122163 -2.818544
2160000 3.334573 1.044478 -2.937916
2170000 2.950284 0.921839 -2.773792
2180000 2.945556 1.014967 -2.758715
2190000 2.674750 0.987415 -2.884970
2200000 2.202634 1.053444 -2.760196
2210000 1.957346 0.858057 -2.753936
2220000 1.719706 1.085395 -2.806581
2230000 1.347766 1.115865 -2.822523
2240000 1.293093 1.037412 -2.802603
2250000 1.206221 1.117453 -2.917039
2260000 1.028177 1.060952 -2.757898
2270000 1.116928 0.942805 -2.769479
2280000 1.088573 1.010206 -2.836001
2290000 1.389036 1.105237 -2.795725
2300000 1.416122 0.948286 -2.603063
2310000 1.076584 1.001754 -2.783300
2320000 0.774732 1.100896 -2.867666
2330000 0.919183 0.973604 -2.755347
2340000 1.506744 1.052888 -2.704393
2350000 1.475594 1.065456 -2.771607
2360000 1.578479 1.058161 -2.659325
2370000 1.322966 1.092839 -2.867229
2380000 0.886702 1.034746 -2.819994
2390000 1.112758 1.032100 -2.790981
2400000 1.599344 0.999479 -2.883653
2410000 2.025251 0.988087 -2.773198
2420000 1.685385 0.954053 -2.734059
2430000 1.828993 1.145867 -2.774149
2440000 2.516839 1.017323 -2.796567
2450000 2.707278 1.102074 -2.819615
2460000 2.618651 1.045303 -2.882049
2470000 3.015127 1.043268 -2.814479
2480000 3.986154 1.210543 -2.758872
2490000 4.527175 0.976039 -2.898357
2500000 4.276422 1.055152 -2.691771
2510000 3.130775 1.017679 -2.889277
2520000 2.838619 1.061269 -2.853028
2530000 3.676757 1.020211 -2.749503
2540000 4.946628 1.021160 -2.828350
2550000 4.344045 1.109901 -2.758813
2560000 4.113178 0.947854 -2.747949
2570000 3.488498 1.011868 -2.696815
2580000 4.414348 1.078825 -2.758695
2590000 4.915795 1.034564 -2.829258
2600000 3.635253 1.173542 -2.783400
2610000 4.139710 0.939944 -2.763521
2620000 4.579493 0.931217 -2.808841
2630000 4.080143 0.988705 -2.913397
2640000 3.055049 1.008200 -2.913616
2650000 3.378491 0.975098 -2.788596
2660000 2.384598 0.978265 -2.835234
2670000 2.105534 1.021884 -2.982550
2680000 2.025461 1.013130 -2.828613
2690000 2.051664 0.881053 -2.886960
2700000 2.365363 1.036432 -2.791595
2710000 2.862448 1.018267 -2.681830
2720000 2.991374 1.084926 -2.769184
2730000 3.042744 1.030098 -2.730743
2740000 2.268602 1.092816 -2.887071
2750000 2.284412 1.143804 -2.728519
2760000 2.442367 1.015251 -2.780897
2770000 2.560126 0.983376 -2.735466
2780000 4.186235 1.118417 -2.761027
2790000 3.475911 0.924188 -2.767011
2800000 4.894716 1.128709 -2.830322
2810000 4.857634 0.976778 -2.685056
2820000 4.536219 1.042705 -2.766933
2830000 3.971778 0.984275 -2.783245
2840000 3.650430 0.975377 -2.932080
2850000 5.014272 1.051269 -2.748931
2860000 4.859873 1.130159 -2.805317
2870000 3.888346 1.070017 -2.732635
2880000 4.244291 0.943477 -2.803541
2890000 3.339989 1.056078 -2.699936
2900000 4.870042 1.024713 -2.803570
2910000 4.665728 1.055196 -2.866005
2920000 4.475901 0.923162 -2.724890
2930000 4.868111 1.128359 -2.680202
2940000 3.259042 0.938520 -2.781966
2950000 3.872009 1.237214 -2.833976
2960000 4.630640 1.066132 -2.707943
2970000 3.652205 0.970196 -2.740855
2980000 3.100074 1.062913 -2.755698
2990000 3.207751 0.772625 -2.747578
3000000 2.842048 1.051157 -2.836261
3010000 3.179331 1.067063 -2.649364
3020000 2.813833 0.996062 -2.685384
3030000 2.599864 1.025031 -2.813068
3040000 2.066586 1.040249 -2.834735
3050000 2.077431 1.007917 -2.875083
3060000 1.797228 1.082434 -2.659567
3070000 1.629616 1.079271 -2.848324
3080000 1.748179 1.049465 -2.751522
3090000 1.433617 1.065228 -2.817588
3100000 1.462314 1.070058 -2.736061
3110000 1.325708 1.106292 -2.890251
3120000 1.128795 1.119832 -2.770196
3130000 0.773533 1.098638 -2.787242
3140000 0.577487 0.986403 -2.826161
3150000 0.725822 1.021906 -2.812257
3160000 0.712246 0.945427 -2.831429
3170000 0.832543 0.885789 -2.842571
3180000 0.646711 1.039405 -2.875802
3190000 0.975499 1.172450 -2.822593
3200000 0.983720 1.006969 -2.803210
3210000 1.132291 1.119797 -2.701046
3220000 1.324423 0.936870 -2.868143
3230000 1.111042 1.064892 -2.833867
3240000 1.435210 0.978890 -2.806762
3250000 1.426140 1.091530 -2.773727
3260000 1.279025 1.139321 -2.774432
3270000 1.252551 1.155848 -2.795745
3280000 1.483220 1.062395 -2.812252
3290000 1.857489 0.994451 -2.879997
3300000 2.081077 0.935447 -2.947285
3310000 2.139892 0.833136 -2.805688
3320000 2.273307 0.992076 -2.716317
3330000 2.256965 1.076803 -2.816335
3340000 2.410495 1.156669 -2.712405
3350000 2.432937 1.022834 -2.809540
3360000 2.427033 1.001436 -2.730307
3370000 1.748151 0.925617 -2.776775
3380000 2.132055 0.985462 -2.859768
3390000 1.917911 1.017630 -2.793673
3400000 1.766562 1.078226 -2.677191
3410000 1.887605 0.984839 -2.876353
3420000 2.659324 1.010530 -2.758533
3430000 3.488214 1.028833 -2.713751
3440000 3.959423 1.014508 -2.790929
3450000 4.106879 1.107085 -2.748782
3460000 4.018929 1.102893 -2.807358
3470000 4.101011 0.993704 -2.843173
3480000 3.499954 1.079156 -2.734156
3490000 4.738417 1.089511 -2.701674
3500000 4.689905 0.824629 -2.846043
3510000 4.112047 0.996874 -2.749694
3520000 3.323367 0.972787 -2.794082
3530000 3.759721 0.962702 -2.733623
3540000 3.321569 0.969844 -2.761938
3550000 3.109972 1.157312 -2.780387
3560000 3.067646 1.111395 -2.706905
3570000 3.414011 1.012715 -2.812613
3580000 2.821581 1.131737 -2.721680
3590000 2.305967 1.057736 -2.818340
3600000 2.839544 1.149500 -2.948355
3610000 4.434720 0.941829 -2.724682
3620000 4.298397 0.993239 -2.791536
3630000 4.589978 1.013197 -2.804948
3640000 3.775697 1.078590 -2.717964
3650000 4.496547 1.057334 -2.849009
3660000 4.668472 0.958869 -2.867219
3670000 4.120033 0.973476 -2.918235
3680000 2.999445 0.939467 -2.832016
3690000 3.658625 1.098380 -2.677235
3700000 2.751274 1.043560 -2.740411
3710000 3.081567 0.892285 -2.818742
3720000 2.803875 1.024234 -2.754952
3730000 2.783120 0.931965 -2.721854
3740000 2.424877 1.072031 -2.777554
3750000 2.046094 1.173005 -2.795087
3760000 2.259547 0.998571 -2.830706
3770000 2.661803 1.009985 -2.637594
3780000 2.484127 1.028906 -2.798555
3790000 2.965720 1.109793 -2.728934
3800000 2.054164 1.059094 -2.819914
3810000 1.898902 1.190185 -2.611396
3820000 1.947174 0.932280 -2.804563
3830000 1.799477 1.171214 -2.928259
3840000 1.494408 1.000761 -2.684761
3850000 1.389674 1.087469 -2.824170
3860000 1.138588 1.067756 -2.831710
3870000 0.500228 1.029198 -2.923277
3880000 0.552162 1.017330 -2.862111
3890000 0.501917 1.148069 -2.924871
3900000 0.888017 0.896972 -2.851428
3910000 0.782754 1.058478 -2.850390
3920000 0.495702 1.039514 -2.835304
3930000 0.616602 1.066295 -2.752256
3940000 0.853520 0.961258 -2.687613
3950000 0.678341 1.191070 -2.848532
3960000 0.709003 1.081990 -2.878661
3970000 0.998251 1.036929 -2.734842
3980000 1.035283 1.027681 -2.735259
3990000 1.046666 1.086622 -2.875629
4000000 0.853663 1.127491 -2.863538
