100000 1.601964 2.984387 1.284713
110000 1.760599 3.081944 1.096687
120000 1.554932 3.005890 1.207964
130000 2.793113 2.964541 1.237501
140000 4.145659 3.024373 1.239649
150000 4.307046 2.993526 1.219338
160000 4.604465 2.895796 1.293833
170000 3.169568 2.942103 1.291876
180000 3.678720 3.000678 1.149578
190000 2.449757 2.946461 1.183317
200000 2.886738 3.006347 1.174276
210000 1.714390 2.951972 1.158859
220000 2.331684 2.860604 1.222806
230000 2.488067 2.998483 1.202526
240000 3.852318 2.888340 0.999228
250000 4.628740 2.935387 1.267531
260000 4.888552 2.973199 1.252493
270000 3.996414 -3.131598 1.307396
280000 3.275933 3.005170 1.182911
290000 4.299171 2.894883 1.185740
300000 4.522844 2.886572 1.234026
310000 4.212165 3.070462 1.270158
320000 2.751520 2.985236 1.113664
330000 1.959793 2.945899 1.357678
340000 2.854394 2.945343 1.202096
350000 3.918444 2.946876 1.199587
360000 4.518392 3.055980 1.176668
370000 4.843075 2.831069 1.258472
380000 4.902681 3.017455 1.161008
390000 4.920146 2.994073 1.256112
400000 4.975989 2.847189 1.255900
410000 4.209402 2.944921 1.248804
420000 3.531626 2.922834 1.360440
430000 2.959268 2.957781 1.168676
440000 3.008781 2.992722 1.248552
450000 1.925260 2.992047 1.118700
460000 2.011921 3.001681 1.300756
470000 2.010801 2.930110 1.288446
480000 2.150873 2.960870 1.166965
490000 1.112088 2.992755 1.063218
500000 0.923171 2.977454 1.255815
510000 0.900676 2.921769 1.308047
520000 1.095830 3.067351 1.160511
530000 1.212344 2.899081 1.212588
540000 1.365709 2.994499 1.281367
550000 1.155656 2.966413 1.253853
560000 0.845953 3.003015 1.237129
570000 0.889194 2.903666 1.094176
580000 1.130221 2.909045 1.191539
590000 0.593883 2.776453 1.297569
600000 0.934646 3.107292 1.291376
610000 1.358182 2.955533 1.088455
620000 1.827588 3.027478 1.265706
630000 1.892196 2.846199 1.172363
640000 1.959379 2.903347 1.230088
650000 2.610341 2.858990 1.256783
660000 3.483513 2.958247 1.277630
670000 3.567129 2.997604 1.264501
680000 2.800685 3.042375 1.129273
690000 2.035452 2.953961 1.308462
700000 2.677563 2.903358 1.349158
710000 3.234157 3.079859 1.249877
720000 4.179112 2.939847 1.310661
730000 4.571363 2.921086 1.215774
740000 5.006544 2.876796 1.180751
750000 3.950226 2.829138 1.141083
760000 3.749549 2.953280 1.210200
770000 4.857491 2.823882 1.200300
780000 3.972776 2.789419 1.285127
790000 3.611929 2.915929 1.271861
800000 3.000466 3.057892 1.127093
810000 3.041058 2.905797 1.310837
820000 2.588268 3.134855 1.247697
830000 2.169778 2.994891 1.240241
840000 1.683259 2.979510 1.186583
850000 1.635936 2.943959 1.319017
860000 1.351253 2.985539 1.165535
870000 1.321957 2.962931 1.259820
880000 1.778206 3.013495 1.159106
890000 1.879284 2.991202 1.251732
900000 2.157047 2.947408 1.211054
910000 2.198499 2.952797 1.339575
920000 3.488795 3.106465 1.316726
930000 3.905205 2.959117 1.302270
940000 4.285296 2.992531 1.167905
950000 4.087380 2.977996 1.167397
960000 3.690254 2.990600 1.253351
970000 3.343843 2.980006 1.099052
980000 3.922918 2.944779 1.286387
990000 4.309520 3.046469 1.372416
1000000 4.557077 2.977939 1.288564
1010000 4.999082 3.038206 1.181690
1020000 4.974135 2.996335 1.277316
1030000 4.890045 2.978098 1.255642
1040000 4.181379 2.951837 1.278029
1050000 2.987213 2.957587 1.167526
1060000 2.740774 3.020133 1.269964
1070000 2.540233 2.984769 1.241155
1080000 2.907641 2.985718 1.217922
1090000 3.413590 2.980748 1.325744
1100000 3.017462 2.984061 1.219258
1110000 3.390041 2.782403 1.042063
1120000 3.003990 2.964642 1.276259
1130000 3.797298 3.006229 1.236289
1140000 4.577049 2.967471 1.195088
1150000 3.254524 2.958092 1.214796
1160000 3.121396 2.989005 1.146212
1170000 4.252017 3.015602 1.184734
1180000 3.212241 3.071550 1.198393
1190000 2.813327 2.988897 1.271598
1200000 4.623959 2.937280 1.318068
1210000 4.930089 3.008390 1.280420
1220000 4.620715 3.001245 1.227178
1230000 4.708654 2.906945 1.185995
1240000 4.604786 3.017047 1.254305
1250000 3.638930 2.998526 1.152074
1260000 4.600244 2.915277 1.317158
1270000 3.062544 3.106504 1.272360
1280000 2.362780 3.029563 1.303651
1290000 1.814615 3.072079 1.306030
1300000 1.657872 2.954563 1.188150
1310000 1.353785 3.043672 1.215055
1320000 1.194545 2.992950 1.130513
1330000 1.019454 2.898321 1.326144
1340000 0.620761 3.018797 1.243529
1350000 0.892553 2.940914 1.249120
1360000 0.661675 2.872252 1.276427
1370000 0.502335 2.977258 1.242009
1380000 0.674344 3.030889 1.138572
1390000 0.714690 2.991498 1.208801
1400000 0.730962 3.014179 1.357015
1410000 0.939678 2.899265 1.255645
1420000 1.120575 3.030044 1.080330
1430000 1.180830 2.839585 1.196239
1440000 1.180581 3.015729 1.278402
1450000 1.363637 2.993717 1.080857
1460000 1.000836 2.970169 1.083473
1470000 1.194724 3.033468 1.168072
1480000 1.192336 2.948205 1.245370
1490000 1.509440 3.006494 1.063006
1500000 1.655233 2.948179 1.129272
1510000 1.933423 2.956922 1.195177
1520000 2.505323 2.902772 1.186691
1530000 2.537155 2.899683 1.268711
1540000 2.388535 3.023908 1.222596
1550000 3.240440 3.008492 1.191225
1560000 1.885491 2.889862 1.352572
1570000 1.958145 3.052063 1.193063
1580000 2.415133 3.013869 1.206569
1590000 1.955101 2.951960 1.299493
1600000 1.626787 -3.121493 1.251115
1610000 1.549223 -3.140055 1.326775
1620000 1.577897 -3.063867 1.230003
1630000 1.974773 3.005540 1.165472
1640000 2.739979 2.952112 1.181899
1650000 2.744137 3.042823 1.250727
1660000 3.030434 2.982155 1.286033
1670000 3.015189 2.939138 1.344489
1680000 3.612295 3.042405 1.241055
1690000 3.843829 2.915234 1.300404
1700000 3.660505 3.091449 1.287470
1710000 4.347300 2.893731 1.077425
1720000 4.179244 2.985398 1.244266
1730000 3.757663 2.977970 1.220082
1740000 3.453249 2.941006 1.211264
1750000 2.638382 2.999580 1.251058
1760000 2.584974 2.863466 1.177145
1770000 2.012597 2.975529 1.317240
1780000 2.063326 2.998205 1.244990
1790000 1.724128 3.045795 1.136319
1800000 1.624395 2.919635 1.192668
1810000 1.733913 3.040313 1.204063
1820000 1.337192 2.788204 1.176302
1830000 1.544306 2.950796 1.250946
1840000 1.158161 3.049037 1.318520
1850000 1.185165 2.929641 1.293627
1860000 1.650190 2.985797 1.215920
1870000 1.618551 2.932011 1.283445
1880000 2.050729 2.981870 1.039276
1890000 2.395365 3.021986 1.215483
1900000 3.029125 2.947970 1.172088
1910000 3.496283 3.101207 1.205603
1920000 4.738259 2.966594 1.265581
1930000 4.271081 3.062784 1.204763
1940000 4.778677 3.036462 1.105746
1950000 4.607050 3.087308 1.317485
1960000 4.101023 2.902668 1.167475
1970000 3.573849 3.021418 1.219425
1980000 2.992524 3.040117 1.263826
1990000 3.163610 2.992640 1.281800
2000000 3.547865 2.912572 1.231543
2010000 4.274611 2.753279 1.278189
2020000 4.969116 2.994896 1.211842
2030000 4.161476 2.981615 1.135411
2040000 3.917809 2.980636 1.139556
2050000 3.727607 2.963025 1.283238
2060000 2.867771 2.978050 1.128882
2070000 2.421268 2.956270 1.218008
2080000 2.281475 2.864844 1.214588
2090000 2.550035 3.013603 1.085762
2100000 3.377730 2.970723 1.204368
2110000 3.633963 3.046103 1.166608
2120000 3.430417 2.926884 1.185930
2130000 3.725430 2.883154 1.254388
2140000 4.715926 2.879121 1.187746
2150000 4.837487 2.956348 1.175882
2160000 2.893358 2.903445 1.174821
2170000 2.374699 2.945643 1.367500
2180000 3.254771 2.862178 1.173154
2190000 4.247837 2.913620 1.278986
2200000 4.811380 2.807995 1.149302
2210000 4.430138 2.863570 1.275691
2220000 4.706801 3.049291 1.147797
2230000 3.663983 2.942125 1.268090
2240000 3.545631 3.010893 1.240481
2250000 2.704652 2.883221 1.329858
2260000 2.143966 2.990355 1.215005
2270000 1.863727 3.045620 1.201033
2280000 1.685333 3.122285 1.146620
2290000 1.310143 2.955833 1.364860
2300000 0.976121 3.130415 1.168800
2310000 1.159559 3.119451 1.313087
2320000 0.911617 3.045544 1.266223
2330000 1.060141 2.919509 1.218595
2340000 1.195122 3.047749 1.128884
2350000 1.297468 3.007629 1.196659
2360000 1.066182 3.105148 1.236662
2370000 1.420472 2.917173 1.082110
2380000 1.293132 3.024493 1.195462
2390000 1.576384 2.894815 1.234673
2400000 1.538001 3.023931 1.137221
2410000 2.001762 2.994195 1.150078
2420000 2.117984 2.919107 1.172807
2430000 1.878554 2.984116 1.292321
2440000 2.709055 2.877691 1.218654
2450000 2.767558 3.025341 1.297850
2460000 2.766005 3.038697 1.181610
2470000 3.256744 2.938686 1.272009
2480000 3.934532 2.886006 1.261595
2490000 4.436210 2.922189 1.253127
2500000 3.416830 2.961326 1.422547
2510000 2.874814 2.893256 1.270163
2520000 2.276503 2.994770 1.289154
2530000 2.255438 2.991148 1.327155
2540000 2.834159 3.007637 1.255984
2550000 2.323064 2.918755 1.237903
2560000 2.099904 3.026898 1.113424
2570000 1.937805 2.971239 1.146578
2580000 1.755884 2.835058 1.191351
2590000 2.268073 2.885046 1.279945
2600000 3.707216 2.901681 1.207376
2610000 3.689671 3.006619 1.157899
2620000 4.313696 2.918240 1.153465
2630000 4.558090 2.987956 1.296093
2640000 4.794552 2.922489 1.312364
2650000 4.758559 2.977070 1.279593
2660000 4.069731 2.860172 1.164018
2670000 3.230779 3.040586 1.173835
2680000 3.348766 3.006833 1.257173
2690000 4.995248 2.917032 1.230230
2700000 4.856336 3.052024 1.334470
2710000 3.859928 3.071412 1.346108
2720000 3.765553 2.912270 1.212859
2730000 3.681050 2.888252 1.290859
2740000 4.228369 2.931239 1.071680
2750000 5.002706 2.975100 1.184834
2760000 4.645969 2.900667 1.281386
2770000 3.305749 3.043458 1.182997
2780000 3.037837 2.727037 1.197777
2790000 2.699031 2.930512 1.262318
2800000 3.558708 3.001393 1.176801
2810000 3.556235 3.037429 1.283031
2820000 4.568830 2.792339 1.262072
2830000 4.492279 3.022864 1.130140
2840000 4.955124 3.053786 1.239037
2850000 4.715973 2.953867 1.334096
2860000 4.522183 2.976317 1.213041
2870000 5.057148 2.957975 1.107619
2880000 3.827653 2.864814 1.203534
2890000 4.653745 3.077227 1.239382
2900000 4.881379 2.971444 1.178630
2910000 4.569153 3.021336 1.267100
2920000 3.469092 3.036748 1.380317
2930000 3.293511 2.792881 1.123941
2940000 2.771701 2.932037 1.219213
2950000 2.968464 2.864599 1.178953
2960000 3.273515 3.023721 1.207818
2970000 3.915372 3.047362 1.360043
2980000 3.911304 3.026624 1.278517
2990000 3.738304 3.017272 1.267113
3000000 3.375005 3.004635 1.246570
3010000 2.573639 2.952933 1.247396
3020000 2.324835 3.011708 1.126072
3030000 1.992840 2.975786 1.099058
3040000 1.222404 3.066608 1.307985
3050000 1.709289 2.992914 1.152262
3060000 2.019824 2.927527 1.182838
3070000 1.839253 2.882101 1.227039
3080000 1.986244 3.062010 1.196138
3090000 1.341307 3.003909 1.261749
3100000 1.314490 2.865260 1.240916
3110000 1.280556 2.938392 1.218972
3120000 1.350450 2.916290 1.253537
3130000 1.525379 2.880296 1.273656
3140000 1.568226 2.974984 1.317880
3150000 1.728937 2.893722 1.097680
3160000 1.590194 2.923453 1.449955
3170000 1.583219 3.007901 1.255423
3180000 1.506118 2.902375 1.248796
3190000 1.461423 2.940190 1.199938
3200000 1.409038 3.068940 1.184992
3210000 1.324992 2.955749 1.255666
3220000 1.793406 2.922410 1.247365
3230000 2.098428 2.946580 1.151382
3240000 2.149017 3.031605 1.153346
3250000 2.119293 2.991334 1.288379
3260000 2.385076 2.882070 1.154286
3270000 3.118999 3.047122 1.237250
3280000 2.907167 2.913450 1.206229
3290000 2.641595 2.920785 1.193875
3300000 3.629038 3.034685 1.189166
3310000 4.687060 2.881141 1.300351
3320000 4.540205 2.843159 1.176371
3330000 3.447957 2.991208 1.185809
3340000 3.268700 3.072821 1.203253
3350000 4.058070 2.936936 1.135141
3360000 5.083299 2.889579 1.320451
3370000 5.041033 2.944016 1.122924
3380000 4.657025 2.992918 1.244164
3390000 3.637647 3.021986 1.290601
3400000 3.702723 2.923136 1.263481
3410000 4.724519 3.011686 1.183915
3420000 4.527248 2.936348 1.273281
3430000 4.750396 2.879172 1.279883
3440000 3.375255 3.019141 1.197119
3450000 4.255571 3.133532 1.334297
3460000 2.813593 3.020669 1.158344
3470000 2.564855 2.971378 1.319550
3480000 2.610075 2.966303 1.190041
3490000 2.577303 2.912297 1.112175
3500000 2.191465 2.977802 1.303901
3510000 2.145531 2.930997 1.366405
3520000 2.858243 3.111198 1.190848
3530000 2.440091 2.898720 1.104858
3540000 2.350516 3.027306 1.193480
3550000 2.834212 2.923943 1.224929
3560000 3.229913 2.984863 1.069624
3570000 2.769183 2.944039 1.237384
3580000 3.536520 2.933406 1.192931
3590000 3.164789 2.903861 1.197914
3600000 2.872715 3.131965 1.249847
3610000 3.578967 2.915311 1.150394
3620000 3.828705 2.968980 1.281984
3630000 3.646292 2.951596 1.174326
3640000 3.811742 2.977663 1.219749
3650000 3.437078 2.901427 1.334215
3660000 2.722506 3.026760 1.255801
3670000 2.660855 3.067555 1.218991
3680000 2.933696 2.924942 1.221105
3690000 2.798382 2.945364 1.229465
3700000 2.797813 2.933337 1.209336
3710000 2.975284 3.131961 1.258293
3720000 4.028389 2.987421 1.166286
3730000 4.533465 2.995580 1.229953
3740000 3.550683 2.946234 1.281460
3750000 3.695268 2.899968 1.192824
3760000 3.505270 2.877198 1.269125
3770000 3.723608 2.837344 1.265366
3780000 4.138068 2.855710 1.298151
3790000 4.866178 2.965267 1.204339
3800000 4.954145 2.966295 1.165722
3810000 4.345104 3.067086 1.186424
3820000 3.608753 3.096657 1.245778
3830000 3.765621 2.987564 1.159059
3840000 4.660509 2.964920 1.150046
3850000 4.699134 2.946413 1.236806
3860000 4.689912 2.915198 1.123237
3870000 4.460724 3.024794 1.102375
3880000 4.641289 3.012899 1.157618
3890000 4.793699 2.928272 1.248722
3900000 4.877987 2.839188 1.258736
3910000 4.067582 3.033791 1.232481
3920000 3.328649 2.887681 1.219957
3930000 2.639213 2.868980 1.434494
3940000 3.726210 2.968901 1.241009
3950000 3.928334 2.989620 1.203198
3960000 4.255003 3.120626 1.271836
3970000 4.479864 2.946635 1.129433
3980000 4.098673 3.005254 1.242136
3990000 3.833544 2.884325 1.158379
4000000 3.990416 3.017073 1.308361
