100000 3.956297 0.919902 2.606940
110000 3.543504 0.711520 2.776491
120000 2.051269 0.821713 2.610102
130000 1.632048 0.923525 2.645573
140000 1.298641 0.878717 2.630716
150000 0.952033 0.905350 2.524802
160000 1.190271 0.924008 2.659532
170000 1.415899 0.807901 2.482748
180000 1.830160 0.819103 2.391684
190000 2.678084 0.953995 2.650556
200000 2.174435 0.917666 2.602224
210000 2.697351 0.836810 2.846894
220000 3.394269 0.860129 2.570311
230000 5.037108 0.858124 2.553439
240000 5.029067 0.911142 2.603667
250000 4.645097 0.705551 2.692816
260000 4.169761 0.862298 2.556943
270000 2.763221 0.987776 2.715851
280000 2.752493 0.897656 2.604403
290000 2.927981 0.948640 2.582904
300000 4.465662 0.880536 2.571031
310000 3.597700 0.961063 2.682687
320000 3.909891 0.963574 2.660377
330000 4.163089 0.902697 2.594788
340000 4.826402 0.824366 2.635291
350000 4.391485 0.840957 2.550923
360000 4.772659 0.956400 2.647371
370000 4.307471 0.885114 2.442134
380000 1.961018 0.852625 2.666219
390000 1.762255 0.711927 2.643007
400000 1.557536 0.968678 2.540252
410000 1.401480 0.779471 2.582897
420000 0.940469 0.729192 2.718278
430000 0.866155 0.916651 2.652823
440000 1.107913 0.838977 2.532177
450000 1.298010 0.842517 2.646335
460000 2.004359 0.893638 2.627219
470000 2.399357 0.789340 2.537977
480000 2.510235 1.013039 2.524040
490000 2.881993 0.823321 2.617187
500000 3.524524 0.874533 2.625555
510000 3.796393 0.892524 2.586122
520000 3.520567 0.893877 2.634024
530000 2.264160 0.828504 2.571804
540000 2.252894 0.882236 2.642385
550000 2.273530 0.802345 2.528025
560000 2.036265 0.819237 2.660296
570000 1.659587 0.762627 2.489526
580000 1.566795 0.927452 2.797801
590000 1.495647 1.073388 2.675310
600000 1.353622 0.737893 2.526729
610000 1.220495 0.794623 2.680336
620000 1.348931 1.005604 2.413134
630000 1.766584 0.880939 2.637082
640000 2.350258 0.905841 2.563672
650000 2.749772 0.989915 2.677678
660000 3.197655 0.937005 2.634650
670000 3.670519 1.041270 2.637632
680000 4.076788 0.839172 2.701378
690000 4.291849 0.956197 2.628892
700000 4.142295 0.718598 2.643736
710000 4.553933 0.960606 2.573091
720000 4.508599 0.900096 2.602902
730000 3.718207 0.789959 2.629792
740000 3.106982 0.774772 2.566312
750000 2.641830 0.899257 2.538376
760000 2.724473 0.798285 2.603456
770000 3.506113 0.941446 2.656568
780000 2.345085 0.733162 2.675112
790000 3.175432 0.747722 2.697541
800000 3.346722 0.930038 2.692133
810000 2.566997 0.816186 2.568526
820000 2.147654 0.765523 2.600548
830000 1.775068 0.792727 2.572816
840000 2.232522 0.900197 2.602767
850000 2.807679 0.820740 2.508353
860000 1.505173 0.933927 2.501800
870000 1.757843 0.872509 2.641715
880000 2.458615 0.762643 2.575599
890000 4.073560 0.858060 2.463373
900000 4.087750 0.878120 2.705238
910000 3.514214 0.890839 2.673587
920000 3.489264 0.892513 2.545348
930000 4.726529 0.840124 2.449084
940000 4.687386 0.778019 2.552321
950000 4.145580 0.917790 2.666811
960000 4.326700 0.882480 2.581590
970000 4.173159 0.888605 2.699409
980000 3.622790 0.977180 2.611891
990000 4.004230 0.839420 2.552857
1000000 4.683339 0.839122 2.497335
1010000 4.352966 0.839735 2.611694
1020000 4.220824 0.877193 2.729015
1030000 3.652512 0.869661 2.677150
1040000 2.731531 0.839764 2.649597
1050000 3.036131 0.780867 2.602641
1060000 2.381303 0.856515 2.655413
1070000 2.256784 0.847876 2.571704
1080000 2.751296 0.924890 2.578040
1090000 2.017513 1.022151 2.628990
1100000 2.097704 0.855731 2.496945
1110000 2.299625 0.839341 2.724534
1120000 1.871242 0.866540 2.671408
1130000 1.597270 1.006543 2.510449
1140000 1.039696 0.702080 2.609198
1150000 1.239602 0.838827 2.578869
1160000 1.194114 0.998574 2.558280
1170000 1.340937 0.807020 2.533590
1180000 0.837646 0.789634 2.694017
1190000 1.032816 0.960985 2.633528
1200000 0.955266 0.965292 2.639538
1210000 0.999884 0.901573 2.673167
1220000 1.231618 0.868820 2.742942
1230000 1.582452 0.866437 2.633215
1240000 1.939539 0.916192 2.601401
1250000 1.506653 0.966896 2.585210
1260000 1.723871 0.841745 2.576183
1270000 1.815332 0.852042 2.435445
1280000 2.161933 0.814652 2.596038
1290000 2.770243 0.888860 2.626231
1300000 3.884633 0.860276 2.537047
1310000 3.426114 0.878014 2.542042
1320000 2.969657 0.763262 2.620239
1330000 4.430170 1.007391 2.598505
1340000 4.483134 0.888120 2.433024
1350000 4.723770 0.894067 2.468965
1360000 4.150035 1.053250 2.682615
1370000 4.548925 0.876166 2.618198
1380000 3.851312 0.840265 2.667619
1390000 4.667977 0.854991 2.584846
1400000 4.581685 0.870691 2.656323
1410000 3.703593 0.884253 2.603787
1420000 3.324022 0.811143 2.664315
1430000 3.645558 0.845141 2.648667
1440000 3.104910 0.825433 2.647796
1450000 4.278383 0.851407 2.588875
1460000 4.595401 0.770177 2.564477
1470000 3.685629 0.831402 2.544778
1480000 2.782929 0.818605 2.705570
1490000 2.230243 0.910785 2.701193
1500000 2.363028 0.962144 2.569339
1510000 2.500196 0.809173 2.616775
1520000 2.619852 0.923242 2.590179
1530000 3.117809 0.939185 2.575355
1540000 3.336204 0.791493 2.570844
1550000 3.927807 0.918149 2.545602
1560000 3.836469 0.808842 2.733781
1570000 3.979189 0.845012 2.521269
1580000 3.125091 0.978358 2.641301
1590000 2.696059 1.026132 2.698050
1600000 2.646745 0.814077 2.568520
1610000 3.318177 0.876097 2.755324
1620000 3.444432 0.989052 2.764217
1630000 4.547868 0.756253 2.616539
1640000 3.855972 0.869625 2.572348
1650000 4.559566 0.953181 2.594040
1660000 3.371619 0.876321 2.603970
1670000 4.585230 0.742777 2.749495
1680000 4.192048 0.847520 2.595164
1690000 4.181643 0.837464 2.707673
1700000 3.555992 0.928704 2.577590
1710000 3.454308 0.931603 2.576271
1720000 2.838020 0.741696 2.726312
1730000 2.056934 0.756180 2.564198
1740000 1.885864 0.887174 2.606990
1750000 2.359767 0.855189 2.658044
1760000 2.887427 0.898024 2.780095
1770000 2.698276 0.849460 2.543743
1780000 3.112501 0.944740 2.552759
1790000 2.982373 0.849724 2.671885
1800000 3.018978 0.927786 2.517950
1810000 3.585828 0.948579 2.626199
1820000 2.407116 0.882650 2.577645
1830000 1.747802 0.842340 2.583606
1840000 1.355194 0.885937 2.620365
1850000 0.632177 0.937772 2.708788
1860000 0.502181 0.954442 2.729566
1870000 0.781020 0.858774 2.649366
1880000 0.684712 1.026460 2.700565
1890000 0.800311 0.903690 2.700975
1900000 0.913369 0.718755 2.702662
1910000 0.692325 0.828728 2.653349
1920000 0.772735 0.887182 2.680815
1930000 1.003145 0.826145 2.686807
1940000 1.110508 0.963557 2.571908
1950000 1.235252 0.896948 2.532919
1960000 1.282256 0.789033 2.586475
1970000 0.992075 0.873597 2.543688
1980000 1.227073 0.892153 2.609234
1990000 1.346770 0.863096 2.630305
2000000 1.212359 0.796542 2.653819
2010000 1.103342 0.864060 2.670166
2020000 0.997283 0.893624 2.652950
2030000 0.774061 0.970364 2.721158
2040000 0.676517 0.730878 2.656709
2050000 0.938278 0.902649 2.664745
2060000 0.835697 0.837432 2.711877
2070000 0.997315 0.872337 2.612723
2080000 1.567365 0.944416 2.614793
2090000 1.748123 0.827023 2.614170
2100000 1.832017 0.946513 2.575528
2110000 1.999429 0.905496 2.525637
2120000 1.337332 0.836442 2.583842
2130000 1.499683 1.003533 2.618750
2140000 1.201345 0.898199 2.515564
2150000 1.254382 0.876800 2.672358
2160000 1.689069 0.975237 2.543260
2170000 1.744943 0.919407 2.598130
2180000 2.130724 0.846198 2.578119
2190000 2.135732 0.923741 2.649900
2200000 2.282194 0.847571 2.601688
2210000 1.907753 0.884607 2.547102
2220000 1.985481 0.907071 2.507929
2230000 2.075537 0.803272 2.624353
2240000 3.529798 0.716961 2.595716
2250000 2.572630 0.925445 2.676693
2260000 3.158746 0.936533 2.651527
2270000 2.766695 0.871168 2.685073
2280000 2.948088 0.927985 2.569305
2290000 2.642697 0.756074 2.675990
2300000 2.377110 0.984861 2.690780
2310000 2.665310 0.962030 2.616676
2320000 3.408482 0.842199 2.390805
2330000 3.737991 0.853434 2.690447
2340000 4.267655 0.859147 2.575155
2350000 4.373551 0.799041 2.721684
2360000 4.141036 0.782049 2.584147
2370000 4.256963 0.963164 2.692859
2380000 3.283020 0.883310 2.649273
2390000 4.628042 1.019809 2.586876
2400000 3.992557 0.892544 2.754451
2410000 3.741654 0.895098 2.853592
2420000 4.743652 0.930491 2.713326
2430000 4.929527 0.944587 2.456252
2440000 4.302719 0.826398 2.749158
2450000 4.931858 0.858573 2.548067
2460000 4.772003 0.824584 2.578313
2470000 4.771902 0.855510 2.594994
2480000 4.883749 0.839329 2.567048
2490000 4.480899 0.992162 2.495318
2500000 3.965941 1.022728 2.796546
2510000 3.551569 0.959832 2.584534
2520000 3.950249 1.011375 2.678301
2530000 3.878623 0.860764 2.538304
2540000 4.604800 0.903892 2.473323
2550000 4.901758 0.832145 2.494293
2560000 4.733611 1.041021 2.615105
2570000 2.916825 0.877093 2.615860
2580000 2.722322 0.867535 2.623121
2590000 3.578788 0.974568 2.553246
2600000 3.007377 0.888136 2.622828
2610000 2.630266 0.872684 2.642412
2620000 3.811447 0.912186 2.620651
2630000 3.856654 0.920646 2.680279
2640000 4.465643 0.908733 2.602334
2650000 3.669914 0.849946 2.554371
2660000 4.360900 0.772627 2.619948
2670000 3.843560 0.972585 2.604320
2680000 2.898340 0.941827 2.685381
2690000 2.904049 0.864775 2.625246
2700000 2.309607 0.890078 2.571465
2710000 2.236317 0.786288 2.590950
2720000 1.955121 1.012471 2.638158
2730000 1.511669 0.810707 2.627390
2740000 1.451395 0.838542 2.607436
2750000 1.318056 0.838445 2.462145
2760000 1.261189 0.885113 2.680468
2770000 1.053604 0.807567 2.765125
2780000 1.047355 0.867749 2.615057
2790000 0.928055 0.802756 2.621139
2800000 1.023291 0.940077 2.630802
2810000 0.974206 0.884838 2.617012
2820000 1.107370 0.908518 2.736504
2830000 1.136597 0.816343 2.679563
2840000 1.173415 0.904886 2.671409
2850000 1.239125 0.868532 2.619577
2860000 0.858618 1.002271 2.646485
2870000 1.159103 0.892523 2.629716
2880000 1.662483 0.833494 2.514165
2890000 1.459026 0.883904 2.687398
2900000 1.547425 0.782675 2.545073
2910000 1.701981 0.740582 2.672313
2920000 1.719760 0.797764 2.748728
2930000 1.775545 0.952200 2.637120
2940000 1.662674 0.823043 2.630243
2950000 1.378411 0.877007 2.699860
2960000 1.767705 0.865060 2.549621
2970000 1.871393 0.916597 2.500393
2980000 1.417563 0.828856 2.542339
2990000 1.256188 0.790653 2.547850
3000000 1.315519 0.945479 2.523313
3010000 1.510438 0.952102 2.537231
3020000 2.114428 0.842155 2.567272
3030000 2.532418 0.911799 2.522132
3040000 2.467055 0.894889 2.607653
3050000 2.638806 0.907081 2.549604
3060000 2.862495 0.976616 2.681692
3070000 3.191858 0.909405 2.614874
3080000 3.463254 0.874057 2.576215
3090000 3.948541 0.856208 2.496611
3100000 4.752566 0.965068 2.501619
3110000 4.121241 0.911270 2.689946
3120000 4.916339 0.906021 2.573692
3130000 3.632838 0.808877 2.518229
3140000 3.667414 0.928590 2.534485
3150000 4.077590 0.957371 2.651227
3160000 4.839480 0.932069 2.599617
3170000 4.164923 0.796541 2.527434
3180000 4.835852 0.742622 2.650917
3190000 3.890184 0.834510 2.636107
3200000 4.561999 0.903089 2.649366
3210000 3.854504 0.831260 2.710753
3220000 3.633970 0.799640 2.491928
3230000 2.667972 0.938535 2.621364
3240000 2.575629 0.821785 2.686701
3250000 2.268505 0.955685 2.517449
3260000 2.134385 0.930031 2.620882
3270000 1.910581 0.859955 2.644496
3280000 2.057830 0.887043 2.618047
3290000 1.973813 0.891339 2.493822
3300000 2.208814 0.869900 2.669640
3310000 2.976450 0.860629 2.630404
3320000 2.630374 0.813650 2.594986
3330000 2.474471 0.725576 2.571200
3340000 3.185186 0.983019 2.795941
3350000 3.647697 0.865667 2.630850
3360000 4.220530 0.777089 2.613952
3370000 4.359700 0.859459 2.614343
3380000 4.606323 0.952788 2.630651
3390000 4.670119 0.880349 2.602519
3400000 4.530688 0.809628 2.746095
3410000 3.910286 0.771890 2.474573
3420000 3.600350 0.914142 2.515145
3430000 3.023644 0.939309 2.638189
3440000 3.285889 0.971766 2.691307
3450000 2.488850 0.807421 2.662085
3460000 3.038926 0.961179 2.554803
3470000 3.615405 0.825040 2.531021
3480000 2.949327 0.865368 2.598702
3490000 3.843116 0.755664 2.582399
3500000 4.290561 0.938886 2.548139
3510000 4.831056 0.688289 2.552720
3520000 4.318842 0.795150 2.714738
3530000 4.347684 0.949123 2.594694
3540000 3.709602 0.871996 2.586653
3550000 4.028548 0.909961 2.673137
3560000 3.121819 0.953212 2.642360
3570000 2.417906 0.807101 2.585037
3580000 2.493998 0.899315 2.535243
3590000 1.811489 0.899685 2.528280
3600000 2.639658 0.936248 2.563282
3610000 2.849830 0.887195 2.587710
3620000 3.035323 0.844359 2.637058
3630000 2.767950 0.887900 2.602607
3640000 2.260285 0.801007 2.805896
3650000 2.594719 0.829053 2.711326
3660000 2.517435 0.927938 2.733643
3670000 2.849598 1.020379 2.544652
3680000 4.132682 0.983013 2.627502
3690000 3.310117 0.816987 2.510944
3700000 4.417384 0.907314 2.612069
3710000 4.023292 0.887749 2.607006
3720000 3.774941 0.908519 2.796041
3730000 2.218099 0.912131 2.529991
3740000 2.738404 0.923852 2.620585
3750000 3.072133 0.766484 2.631868
3760000 3.507066 0.772907 2.484657
3770000 3.564329 0.962340 2.615218
3780000 4.080124 0.830232 2.553494
3790000 4.344241 0.858859 2.601543
3800000 4.965772 0.927695 2.736202
3810000 4.219159 0.878212 2.671608
3820000 4.924629 0.858529 2.745860
3830000 5.062017 0.950388 2.686836
3840000 4.342584 0.844063 2.578524
3850000 3.836757 0.841911 2.478977
3860000 4.005542 0.903666 2.467034
3870000 3.651593 0.811938 2.682578
3880000 2.951829 0.958962 2.610080
3890000 2.112747 0.987258 2.725348
3900000 1.822863 0.903449 2.520323
3910000 1.697321 0.894232 2.766787
3920000 1.986714 0.911690 2.661814
3930000 1.629016 0.798445 2.699214
3940000 1.699730 0.965830 2.571877
3950000 1.285556 0.969194 2.518668
3960000 1.806716 0.772237 2.552340
3970000 1.997796 0.815946 2.511021
3980000 1.888409 0.758468 2.650606
3990000 1.842759 0.780927 2.471780
4000000 1.919699 0.912601 2.520006
