100000 2.671145 0.866952 1.839920
110000 3.114164 0.883230 1.918231
120000 3.471057 0.909257 1.912438
130000 2.854684 0.792581 1.789815
140000 4.318029 0.832393 1.957815
150000 4.948869 0.892382 2.049890
160000 4.933324 0.820174 1.988736
170000 4.048447 0.910588 1.778336
180000 4.552802 0.939629 1.850844
190000 3.645543 0.852545 1.852270
200000 4.318103 0.871143 1.944548
210000 4.543510 0.909660 1.869406
220000 3.327640 0.831088 1.954465
230000 2.925333 0.868154 1.993200
240000 1.955217 0.848198 1.935342
250000 2.174319 0.918755 1.955906
260000 1.841137 0.898027 1.938502
270000 2.683438 0.863855 2.061244
280000 3.121858 0.943037 1.779864
290000 2.523682 0.792787 1.994573
300000 2.548050 0.885057 1.918030
310000 3.720599 0.760446 2.031628
320000 4.037351 0.902797 2.076445
330000 3.961614 0.790482 1.869230
340000 4.234739 0.809041 1.854362
350000 4.523946 0.833895 1.794517
360000 4.422165 0.964419 1.961260
370000 3.800871 0.872060 1.980496
380000 3.095189 0.794045 2.072682
390000 2.631048 0.772775 1.810988
400000 3.444961 0.811030 1.942343
410000 2.894380 0.931849 1.939511
420000 1.612826 0.843188 1.950793
430000 1.649595 0.935764 2.028513
440000 1.553493 0.806980 2.114445
450000 2.085583 0.967396 1.881386
460000 2.475875 0.894761 1.821691
470000 4.070941 0.851234 2.005109
480000 4.987810 0.919231 2.003148
490000 4.855379 0.851689 1.938965
500000 4.937856 0.770668 1.888635
510000 4.955054 0.901041 1.927169
520000 4.662776 0.909980 1.932298
530000 4.243639 0.781586 1.980688
540000 3.278788 0.740564 1.927615
550000 3.426064 0.988318 1.886803
560000 2.822303 0.909378 1.819975
570000 3.361448 0.817856 1.935328
580000 4.226190 0.872173 1.873645
590000 4.633897 0.837651 1.781168
600000 3.781273 0.799882 1.950957
610000 5.010022 0.997654 1.955843
620000 4.529155 0.776382 1.944063
630000 4.206521 0.907749 1.950795
640000 4.993421 0.907813 2.022648
650000 4.532878 0.819637 1.953010
660000 2.702694 0.812820 1.814539
670000 1.808418 0.911001 1.915224
680000 2.344006 0.869229 1.960099
690000 2.728709 0.903329 1.901872
700000 3.375351 0.884918 1.926995
710000 3.799041 0.765708 1.945489
720000 4.357650 0.712102 2.016191
730000 3.270019 0.846132 1.994536
740000 2.496790 0.928465 1.969161
750000 1.686382 0.875824 1.939528
760000 1.124079 0.818389 2.031549
770000 1.148404 0.807379 1.912179
780000 1.384528 0.950705 1.967250
790000 1.445744 0.842698 1.883762
800000 1.413850 0.823745 1.883641
810000 1.611306 0.908049 1.847338
820000 1.748064 0.783848 1.765503
830000 2.201260 0.907350 1.921008
840000 1.995204 0.872758 1.842629
850000 2.449659 0.860872 1.869877
860000 2.152040 0.918604 1.856394
870000 1.741100 0.978676 1.938084
880000 1.978936 0.988690 1.862973
890000 1.995791 0.912718 1.913504
900000 3.028937 0.868091 2.010866
910000 3.133920 0.862101 1.978961
920000 3.837177 0.832086 1.926789
930000 4.174835 0.783409 1.927586
940000 2.779585 0.817130 1.969965
950000 2.420941 0.778784 1.895687
960000 1.949906 0.801112 1.929592
970000 2.954596 0.997079 2.000860
980000 3.506401 0.910285 1.968890
990000 3.562867 0.908396 1.988170
1000000 4.033294 0.844808 1.813764
1010000 4.864939 0.872645 1.948676
1020000 4.222748 0.903465 1.878923
1030000 4.490691 0.857882 1.936393
1040000 3.875701 0.866688 1.879575
1050000 3.496963 0.753178 1.958607
1060000 2.470826 0.733237 1.944763
1070000 1.362952 0.835992 2.000210
1080000 1.143619 0.939010 1.850838
1090000 1.744950 0.930636 1.926844
1100000 1.741749 0.786794 1.837437
1110000 1.555688 0.797855 1.959730
1120000 1.750884 0.880437 1.872461
1130000 1.453047 0.965622 1.996035
1140000 0.996602 0.712179 1.917377
1150000 0.661806 0.924884 1.933890
1160000 0.793002 0.978738 1.857451
1170000 0.800776 0.850623 1.958366
1180000 0.982772 0.926092 1.862286
1190000 0.880419 0.870918 1.923533
1200000 1.158863 0.953406 1.759267
1210000 0.998997 0.846715 1.961410
1220000 1.212960 0.891861 1.926711
1230000 1.092834 0.829543 1.922212
1240000 0.590414 0.747532 1.988628
1250000 0.840096 0.829929 2.004438
1260000 1.105176 0.694106 1.990378
1270000 0.853453 0.812543 1.957118
1280000 0.974697 0.927616 1.835017
1290000 1.275014 1.035011 1.935452
1300000 1.419802 0.858364 1.902033
1310000 1.437879 0.710780 1.914633
1320000 1.694032 0.849979 1.931280
1330000 2.038617 0.918768 1.855432
1340000 2.256162 0.978791 1.946082
1350000 2.545167 0.914508 1.883500
1360000 3.537148 0.918002 2.037913
1370000 2.964110 0.920229 2.065963
1380000 2.815161 0.899939 1.893400
1390000 2.477486 0.970972 1.952544
1400000 3.166665 0.756335 1.907203
1410000 4.126881 0.852888 1.863397
1420000 4.893365 0.798292 2.001436
1430000 4.422297 0.800881 1.917438
1440000 4.844395 0.860445 2.000363
1450000 4.907569 0.903474 1.875999
1460000 3.753478 0.928503 1.826400
1470000 3.217651 0.825170 1.842968
1480000 2.756343 0.937425 1.979047
1490000 2.432348 0.874152 1.989394
1500000 2.168341 0.829501 1.867923
1510000 3.100627 0.974970 1.857559
1520000 3.453324 0.808434 1.844892
1530000 3.046652 0.863985 1.735297
1540000 4.281690 0.931147 1.935286
1550000 4.837171 0.907680 1.867438
1560000 4.035220 0.843705 1.736776
1570000 5.006553 0.870529 1.891578
1580000 4.605201 0.985799 1.941824
1590000 4.391200 0.880121 1.791178
1600000 4.810596 0.891560 1.833287
1610000 4.208106 0.800473 1.725366
1620000 4.150511 0.771208 1.910849
1630000 3.041873 0.879494 1.903005
1640000 2.844044 0.910645 1.944817
1650000 2.041398 0.929358 1.982139
1660000 1.913426 0.809823 1.924023
1670000 1.809964 0.915222 1.809512
1680000 2.315247 0.801190 2.007151
1690000 3.713317 0.865057 1.777503
1700000 3.495973 0.893954 1.967843
1710000 3.655509 0.753781 1.932624
1720000 3.611723 0.900479 1.958983
1730000 4.309493 0.910342 1.988196
1740000 4.812276 0.827738 1.956154
1750000 4.782323 0.909908 1.973632
1760000 4.296952 0.846343 1.967311
1770000 3.371223 0.847271 1.925826
1780000 3.071454 0.829732 1.861823
1790000 3.478862 0.949013 1.896091
1800000 3.257685 0.971216 1.964558
1810000 4.372017 0.850012 1.817360
1820000 3.351814 0.924023 1.955928
1830000 3.230449 1.052265 1.936127
1840000 2.819639 0.839687 1.868557
1850000 2.531280 0.818698 1.953897
1860000 2.509903 0.917857 1.919758
1870000 2.758507 0.918906 1.916686
1880000 3.131753 0.794513 1.980029
1890000 3.846173 0.928758 1.982516
1900000 4.913771 0.942472 1.969264
1910000 4.630272 0.902880 2.001312
1920000 4.226877 0.759068 1.827353
1930000 3.278735 0.859261 1.946746
1940000 3.532126 0.899475 1.934486
1950000 4.173032 0.893445 1.834144
1960000 3.962626 0.803956 1.764621
1970000 4.285162 0.866091 1.906351
1980000 3.542001 0.809881 1.944223
1990000 3.552136 0.786123 1.773671
2000000 3.467280 0.776256 1.864283
2010000 4.058575 0.877807 1.893230
2020000 4.805601 0.911702 1.974491
2030000 3.765678 0.824807 1.976929
2040000 3.170062 0.856131 1.959636
2050000 2.516481 0.861969 2.100652
2060000 2.414769 0.997489 2.026827
2070000 2.161123 0.854143 1.824101
2080000 1.641412 0.855233 2.021735
2090000 1.290274 0.937733 1.944037
2100000 1.492967 0.797272 1.907351
2110000 1.817002 0.919455 1.862915
2120000 1.661786 0.920047 1.994222
2130000 1.823348 0.809938 1.864910
2140000 1.772336 0.906925 1.964941
2150000 1.546476 0.906140 1.871001
2160000 1.242227 0.838659 1.948916
2170000 1.036698 0.847788 2.017692
2180000 1.008923 0.954181 1.977525
2190000 0.980449 0.788713 1.995906
2200000 1.225018 0.813200 2.012574
2210000 1.514382 0.871510 1.930397
2220000 1.560192 0.798890 1.899781
2230000 1.709363 0.874180 1.818583
2240000 1.615412 0.897708 2.011126
2250000 2.266073 0.854062 1.944403
2260000 3.182596 0.912587 2.013985
2270000 2.430209 0.747588 1.923566
2280000 2.148182 0.888829 1.824973
2290000 2.850284 0.829673 1.935357
2300000 2.451204 0.901360 1.873736
2310000 2.875724 0.853376 1.835024
2320000 2.365299 0.983503 1.883075
2330000 1.967128 0.826830 1.858253
2340000 2.025246 0.940281 1.985756
2350000 2.698373 0.947114 1.967942
2360000 3.118203 0.867745 2.027950
2370000 2.702906 1.011596 1.924277
2380000 2.397741 0.877170 1.973610
2390000 4.351025 0.905629 1.917268
2400000 4.056700 0.917449 1.918084
2410000 4.853731 0.937770 1.914675
2420000 3.910317 0.865254 1.908105
2430000 3.105267 0.921628 1.902821
2440000 2.877932 0.941965 1.868575
2450000 2.846502 0.885513 1.881268
2460000 3.425682 0.884459 1.807831
2470000 3.904754 0.862133 1.916012
2480000 4.349596 0.796100 1.949930
2490000 4.966906 1.022256 1.864178
2500000 4.111845 0.790168 1.888621
2510000 4.842735 0.948621 1.949518
2520000 4.384875 0.867130 1.959408
2530000 3.648208 0.836995 1.928490
2540000 4.762852 0.894071 1.981491
2550000 4.349205 0.817092 1.832124
2560000 5.009550 0.820616 1.883381
2570000 3.659331 0.684256 2.021444
2580000 4.399409 0.898613 1.858136
2590000 3.657111 0.808339 1.895957
2600000 3.069199 0.867928 1.880930
2610000 3.645538 0.885364 1.817386
2620000 4.293049 0.894568 1.924493
2630000 4.611697 0.830496 1.780636
2640000 4.724194 0.868460 1.873287
2650000 4.872783 1.008406 1.845289
2660000 4.452523 0.711170 1.932302
2670000 4.173481 0.773281 1.995554
2680000 4.218113 0.932119 1.880443
2690000 3.815701 0.799664 1.916469
2700000 4.164410 0.798992 1.971774
2710000 3.336661 0.698347 1.937828
2720000 2.833023 0.875342 2.010774
2730000 3.974092 0.911442 2.024420
2740000 4.628863 0.925790 2.023654
2750000 4.307183 0.828120 1.855554
2760000 3.271112 0.889233 1.921831
2770000 2.674732 0.816879 1.961853
2780000 3.397489 0.998134 2.036970
2790000 2.410492 0.848480 1.909525
2800000 2.077094 0.885841 1.848498
2810000 1.681696 0.821093 1.939913
2820000 1.409697 0.843823 2.083152
2830000 1.299361 0.900521 1.955741
2840000 1.084511 0.871163 1.983263
2850000 1.044002 0.887658 2.065970
2860000 1.140024 0.760033 1.929098
2870000 0.845603 0.775893 1.892931
2880000 0.930178 0.821004 1.989113
2890000 0.816003 0.832179 2.049207
2900000 1.080534 0.803142 1.881283
2910000 1.108627 0.812065 1.902216
2920000 1.256224 0.906914 1.835637
2930000 1.473971 0.809909 1.955694
2940000 1.610786 0.684845 1.924990
2950000 1.350579 0.961403 1.948457
2960000 1.528866 0.792984 1.901555
2970000 1.242629 0.843777 1.859322
2980000 1.299170 0.941812 1.986392
2990000 0.501923 0.969096 2.094062
3000000 0.700398 0.904203 2.112345
3010000 0.498643 0.825135 2.091577
3020000 0.806255 0.823611 2.014639
3030000 1.066838 0.964770 1.847909
3040000 0.988470 0.871575 1.890758
3050000 1.126064 0.741700 1.940920
3060000 1.211791 0.844051 1.989848
3070000 1.020980 0.847802 1.892072
3080000 1.663833 1.013661 2.132528
3090000 1.541940 0.877633 1.984362
3100000 2.005136 0.828812 2.017586
3110000 1.676072 0.805899 1.778925
3120000 2.114582 0.736028 2.004215
3130000 1.963196 0.927280 2.030768
3140000 1.964440 1.060382 1.809391
3150000 2.166690 0.871891 1.920632
3160000 2.133117 0.794247 1.864069
3170000 2.338486 0.835357 1.896962
3180000 1.658722 0.852903 1.888843
3190000 1.601184 0.934568 2.014419
3200000 1.341842 0.966777 2.002206
3210000 1.767198 0.812472 1.945485
3220000 2.368722 1.019090 1.739694
3230000 2.507452 0.894162 1.882761
3240000 2.229507 1.021464 2.027634
3250000 2.221885 0.931370 1.828096
3260000 2.979254 0.866775 1.852809
3270000 2.610234 0.815532 1.873043
3280000 2.656557 0.931224 1.904158
3290000 2.232769 0.843000 1.831478
3300000 2.620232 0.901877 1.866135
3310000 3.064246 0.949005 1.926881
3320000 2.781959 0.927884 1.885459
3330000 2.902348 0.909698 2.036253
3340000 3.412074 0.842890 1.924305
3350000 4.295723 0.819801 1.922435
3360000 4.604449 0.853295 1.849329
3370000 4.801213 0.775580 1.970717
3380000 4.931733 0.819098 1.954439
3390000 4.395642 0.883386 1.828366
3400000 3.864720 0.742583 2.041678
3410000 4.098754 0.908324 1.898842
3420000 4.076203 0.980292 1.841505
3430000 3.350178 0.822524 1.913580
3440000 2.731375 0.722449 2.026962
3450000 2.421298 0.900656 1.857511
3460000 2.203115 0.963892 2.049050
3470000 2.432882 0.913509 1.912693
3480000 1.681538 0.804003 1.953965
3490000 1.629983 0.817521 1.983209
3500000 1.578482 0.958723 1.897348
3510000 1.631376 0.929429 1.784374
3520000 1.511011 0.861916 1.917384
3530000 1.377212 0.940462 1.959752
3540000 1.561059 0.929529 1.950749
3550000 1.664567 0.772050 1.822613
3560000 1.528971 0.908291 1.990972
3570000 2.186534 0.872786 1.929035
3580000 2.397356 0.907251 1.985620
3590000 3.382143 0.724043 1.961194
3600000 3.703083 1.060330 1.883908
3610000 3.879609 0.900094 1.849981
3620000 4.722219 0.872202 1.945220
3630000 5.032082 0.997644 1.910945
3640000 4.913248 0.757549 1.832720
3650000 4.652790 0.891514 1.773943
3660000 5.030055 0.852676 1.895361
3670000 4.271295 0.955122 1.881253
3680000 4.076595 0.823126 1.954719
3690000 4.632524 0.869633 1.817439
3700000 4.358599 0.889343 1.864796
3710000 3.439073 0.762788 1.946854
3720000 2.721451 0.817491 1.934704
3730000 3.729428 0.912959 1.887127
3740000 4.888980 0.722849 2.030590
3750000 5.055202 0.863193 1.737927
3760000 4.895364 0.966159 2.050051
3770000 4.360593 0.864558 1.863798
3780000 4.499225 0.882247 1.928082
3790000 3.984287 0.749208 1.899057
3800000 4.582419 0.942405 1.876962
3810000 4.684365 0.781110 1.917091
3820000 4.517980 0.854085 1.874352
3830000 4.037871 0.924684 1.883207
3840000 3.130303 0.942176 1.982107
3850000 3.371352 0.865359 1.911746
3860000 3.218732 0.954864 1.961681
3870000 2.549933 0.816158 1.941850
3880000 2.410117 0.937218 1.971940
3890000 2.578876 0.779630 1.927442
3900000 2.196559 0.820447 1.927256
3910000 2.447582 0.926638 1.933848
3920000 3.721839 0.912884 1.853935
3930000 3.418969 0.872091 1.867186
3940000 4.021097 0.716881 1.938621
3950000 3.620506 0.959192 1.862820
3960000 3.481664 0.818444 2.026742
3970000 2.976231 0.843816 1.860145
3980000 3.850825 0.952409 1.983279
3990000 3.849495 0.814280 1.920369
4000000 4.951414 0.923792 1.816000
