100000 4.844667 0.878113 0.457871
110000 3.797038 0.862896 0.502394
120000 4.603407 0.918827 0.466962
130000 4.791438 0.910977 0.602255
140000 4.661956 0.949243 0.528283
150000 3.309424 0.902155 0.468282
160000 2.851152 0.992979 0.444733
170000 3.335037 0.747673 0.618472
180000 2.409612 0.915168 0.528527
190000 2.562015 0.918063 0.559922
200000 1.449216 0.872482 0.484753
210000 1.301667 0.837993 0.583379
220000 1.542454 0.968034 0.416745
230000 1.695023 0.895461 0.453086
240000 1.334102 0.843041 0.526814
250000 1.486594 0.871280 0.547679
260000 2.105650 1.023656 0.655889
270000 3.057863 0.912967 0.603860
280000 2.097984 0.889361 0.546181
290000 2.835909 0.880134 0.592189
300000 1.926305 0.918513 0.458827
310000 2.176218 0.918404 0.469333
320000 3.277939 0.878250 0.482757
330000 4.043869 0.881555 0.463338
340000 4.762960 0.878603 0.546501
350000 4.425694 0.904623 0.462378
360000 3.557019 1.001219 0.527469
370000 3.956680 0.889086 0.593082
380000 3.646393 0.774512 0.503470
390000 3.769283 0.983548 0.480038
400000 2.926027 0.900838 0.391407
410000 2.777952 0.863054 0.528465
420000 2.409032 0.783718 0.625066
430000 1.745263 0.815123 0.543010
440000 2.995599 0.898301 0.281664
450000 3.766324 0.836114 0.574345
460000 4.746760 0.890697 0.564107
470000 4.671386 0.882487 0.477730
480000 4.710295 0.794142 0.557709
490000 3.708968 0.991583 0.430985
500000 4.102927 0.897885 0.555665
510000 4.604906 0.829903 0.460166
520000 3.984297 1.035704 0.570130
530000 2.990768 0.915904 0.533891
540000 3.704196 0.916291 0.780209
550000 3.361643 0.794377 0.587183
560000 2.379615 0.877126 0.540136
570000 3.005682 0.810780 0.648254
580000 3.415270 0.829975 0.642172
590000 2.638256 0.951575 0.396822
600000 2.121844 0.929090 0.461257
610000 2.031289 0.920896 0.600670
620000 2.852598 0.815845 0.599729
630000 2.116299 0.859341 0.603777
640000 1.696953 0.796339 0.560018
650000 1.774454 0.826056 0.559227
660000 1.881721 0.885250 0.441935
670000 0.903272 0.746405 0.532714
680000 0.761243 0.837160 0.670606
690000 1.150984 0.805421 0.592493
700000 1.598795 0.794141 0.498000
710000 1.333241 0.879895 0.572033
720000 1.782822 0.845780 0.530135
730000 1.807152 0.838541 0.508027
740000 2.404243 0.809557 0.507652
750000 2.187491 0.886901 0.536008
760000 3.961682 0.821077 0.583675
770000 4.923236 0.796689 0.480379
780000 4.930760 0.779706 0.784310
790000 4.842535 0.898209 0.524441
800000 4.933659 0.849109 0.485805
810000 4.972419 0.882289 0.474146
820000 3.895834 0.868697 0.533279
830000 4.730848 0.880870 0.524079
840000 3.954399 0.917191 0.592708
850000 4.056205 0.854754 0.566127
860000 3.041435 0.920345 0.541551
870000 3.585046 0.817413 0.570120
880000 2.697467 0.845245 0.579172
890000 3.394354 0.907821 0.629527
900000 4.444507 0.921456 0.446138
910000 2.976942 0.909365 0.547289
920000 3.169722 0.827630 0.484180
930000 2.354491 0.855257 0.404735
940000 1.955025 0.859955 0.629691
950000 2.820846 0.859036 0.502388
960000 2.118750 0.848275 0.523195
970000 1.738632 0.843110 0.479071
980000 1.598551 0.937872 0.561526
990000 1.516182 0.973334 0.545054
1000000 1.971122 0.907432 0.506371
1010000 2.003660 0.816308 0.536267
1020000 2.254015 0.846564 0.490698
1030000 2.473703 0.814815 0.613533
1040000 1.910483 0.791245 0.473213
1050000 1.593491 0.837140 0.530433
1060000 1.039727 0.845800 0.601656
1070000 0.808162 0.931951 0.448957
1080000 1.106509 0.911538 0.379504
1090000 0.900189 1.012038 0.419493
1100000 0.818254 0.801746 0.435842
1110000 1.402348 0.829445 0.534538
1120000 1.356222 1.058226 0.433633
1130000 1.103659 0.853850 0.509648
1140000 0.942863 0.791377 0.560516
1150000 1.105581 0.822283 0.712550
1160000 1.275464 0.813276 0.651159
1170000 0.805396 0.991093 0.619468
1180000 1.542529 0.860615 0.450207
1190000 1.398186 0.837409 0.485618
1200000 1.375862 0.833259 0.563333
1210000 1.585909 0.832370 0.420783
1220000 1.299420 0.788975 0.460165
1230000 1.898251 0.850185 0.489618
1240000 1.682549 0.978436 0.555920
1250000 2.097360 1.025817 0.403756
1260000 2.426162 0.913475 0.453945
1270000 3.428505 0.881784 0.605820
1280000 3.228242 0.837237 0.521951
1290000 3.666483 0.761682 0.588670
1300000 4.714969 0.864553 0.588251
1310000 4.094025 0.934994 0.527087
1320000 4.291076 0.867453 0.605119
1330000 3.780218 0.821267 0.583776
1340000 4.211241 0.802245 0.460792
1350000 4.737603 0.976191 0.691583
1360000 4.089499 0.964127 0.629774
1370000 3.255012 0.799715 0.576683
1380000 3.158634 0.903033 0.477444
1390000 2.885086 0.996659 0.530682
1400000 3.266029 0.841144 0.551083
1410000 2.902766 0.950104 0.435371
1420000 4.161552 0.953884 0.591059
1430000 4.352383 0.799244 0.547625
1440000 4.213591 0.748054 0.548723
1450000 3.752582 0.823043 0.459258
1460000 2.972138 0.865851 0.526073
1470000 3.170464 0.882693 0.496409
1480000 2.481340 0.916960 0.416189
1490000 3.222107 0.894781 0.566078
1500000 3.867451 0.882032 0.542310
1510000 3.974263 0.730391 0.479216
1520000 4.893533 0.878718 0.613715
1530000 4.856382 0.955618 0.675714
1540000 4.848762 0.886910 0.556556
1550000 4.852686 0.901424 0.469227
1560000 4.846936 0.809930 0.490601
1570000 3.954619 0.770443 0.480681
1580000 2.647931 0.822925 0.687417
1590000 2.579169 0.902598 0.410704
1600000 2.421234 0.809095 0.616584
1610000 2.560241 0.908992 0.491120
1620000 2.752775 0.962170 0.569978
1630000 3.145122 0.803534 0.476191
1640000 3.630536 0.930766 0.572278
1650000 4.156422 0.866629 0.705268
1660000 3.843409 0.785203 0.591915
1670000 4.190191 0.858916 0.495780
1680000 4.811458 0.851951 0.496585
1690000 4.831661 0.828575 0.622305
1700000 3.354511 0.806891 0.491593
1710000 4.114872 0.838769 0.560160
1720000 3.134044 0.776946 0.483258
1730000 2.386542 0.845141 0.417714
1740000 1.966296 0.807567 0.494000
1750000 1.666085 0.847322 0.597832
1760000 1.623470 0.797606 0.609880
1770000 1.442913 0.931680 0.674119
1780000 1.940268 0.837784 0.559666
1790000 2.306897 0.855575 0.560465
1800000 2.076980 0.681308 0.437210
1810000 2.301487 0.951298 0.470740
1820000 2.657117 0.868708 0.591247
1830000 2.601975 0.833832 0.743681
1840000 2.946207 0.902126 0.561855
1850000 3.618481 0.859622 0.462409
1860000 4.063451 0.859462 0.545201
1870000 4.915428 0.875665 0.524426
1880000 4.733586 0.941155 0.478317
1890000 4.129439 0.969767 0.435051
1900000 3.738860 0.703180 0.481582
1910000 3.742072 0.906254 0.517800
1920000 3.023352 0.749033 0.499621
1930000 2.510988 1.002968 0.397578
1940000 2.839890 1.000942 0.466415
1950000 3.124837 0.856991 0.568010
1960000 3.192263 0.978105 0.590382
1970000 3.187381 0.841885 0.608709
1980000 2.904746 0.974242 0.458224
1990000 4.441623 0.770519 0.384290
2000000 4.118986 0.885062 0.552324
2010000 4.090158 0.855496 0.512083
2020000 4.375985 0.777219 0.513392
2030000 3.578661 0.863179 0.479873
2040000 3.854984 0.933637 0.452188
2050000 4.381240 0.826698 0.412521
2060000 4.797944 0.962418 0.520076
2070000 4.997146 0.907371 0.496674
2080000 4.923684 0.918715 0.567261
2090000 4.335985 0.995144 0.464364
2100000 3.581719 0.855298 0.586148
2110000 4.096827 0.897663 0.519938
2120000 3.553790 0.860706 0.533017
2130000 4.704703 0.893754 0.457623
2140000 3.902456 0.980506 0.560966
2150000 3.418284 0.792053 0.547875
2160000 2.482508 0.848116 0.478016
2170000 2.828812 0.716638 0.489891
2180000 2.549761 0.925365 0.551556
2190000 2.326533 0.812707 0.498287
2200000 1.995651 0.972118 0.601532
2210000 1.823322 0.920974 0.597601
2220000 1.427745 0.856081 0.549427
2230000 1.698360 0.852726 0.569691
2240000 1.652624 0.783936 0.572026
2250000 1.939258 0.872843 0.512516
2260000 2.145540 0.934128 0.461761
2270000 1.797129 0.986970 0.534518
2280000 1.522590 0.862078 0.560550
2290000 1.731435 0.889705 0.467605
2300000 2.036947 0.929443 0.602082
2310000 2.027422 0.791001 0.520289
2320000 2.031905 0.951552 0.607835
2330000 3.062441 0.954727 0.546356
2340000 2.984986 0.791834 0.535968
2350000 2.808936 0.840453 0.391138
2360000 2.361982 0.952451 0.525307
2370000 2.308170 0.920898 0.543347
2380000 2.591428 0.900892 0.516628
2390000 3.576341 0.976466 0.458565
2400000 4.345845 0.788836 0.432829
2410000 4.249752 0.784227 0.534603
2420000 3.268956 0.744197 0.535551
2430000 3.180988 0.845449 0.602509
2440000 3.948329 0.782163 0.611294
2450000 4.423666 0.846319 0.424058
2460000 4.403353 0.820088 0.490934
2470000 4.871109 1.004733 0.607377
2480000 4.336860 0.970494 0.488864
2490000 4.443307 0.889814 0.527010
2500000 4.649130 0.875385 0.579322
2510000 4.933001 0.901213 0.568126
2520000 3.931818 0.856080 0.658512
2530000 3.296713 0.886998 0.442496
2540000 3.443008 0.875953 0.542402
2550000 3.183317 1.053681 0.495003
2560000 2.690918 0.859056 0.547903
2570000 2.597264 0.882166 0.443668
2580000 3.234870 0.920219 0.537918
2590000 3.277315 0.842968 0.568500
2600000 3.169581 0.921392 0.464717
2610000 4.136861 0.949034 0.441987
2620000 4.652796 0.830081 0.534522
2630000 4.115385 0.902111 0.577772
2640000 3.161486 0.897608 0.453580
2650000 3.083282 0.900574 0.455244
2660000 3.800581 0.929276 0.421652
2670000 4.480807 0.869678 0.494943
2680000 3.805771 0.814619 0.553354
2690000 3.668663 0.754035 0.534733
2700000 4.196270 0.903416 0.473604
2710000 4.337596 0.913379 0.424953
2720000 4.123038 0.867731 0.541109
2730000 4.958718 0.833778 0.380385
2740000 4.460703 0.949379 0.474291
2750000 4.870995 1.010052 0.517990
2760000 4.059024 0.831875 0.528006
2770000 4.820274 0.813708 0.447248
2780000 4.358954 0.884693 0.579698
2790000 2.952548 0.805902 0.507195
2800000 2.323289 0.864953 0.570792
2810000 2.281057 0.869264 0.401022
2820000 1.994662 0.921809 0.464562
2830000 1.725759 0.899834 0.461375
2840000 1.774532 0.873173 0.462565
2850000 1.631249 0.754813 0.590837
2860000 1.543739 0.986941 0.497109
2870000 1.029467 0.832651 0.490314
2880000 1.160895 0.819798 0.503865
2890000 1.006259 0.855638 0.469577
2900000 1.027719 0.762175 0.562161
2910000 1.057379 0.977494 0.544065
2920000 1.283466 0.872407 0.641405
2930000 1.268157 0.778586 0.482605
2940000 1.428503 0.829728 0.668034
2950000 1.369405 0.836386 0.431259
2960000 1.539480 0.880123 0.499876
2970000 1.400936 0.831039 0.496355
2980000 1.410543 0.788095 0.510213
2990000 1.107699 0.790599 0.453315
3000000 0.635419 0.831535 0.538545
3010000 0.751538 0.875719 0.429031
3020000 0.864338 0.883499 0.465103
3030000 1.156299 0.939343 0.438254
3040000 0.970907 0.816595 0.540895
3050000 1.335171 0.777251 0.613802
3060000 1.695045 0.831924 0.607441
3070000 1.537828 0.785937 0.456531
3080000 1.985941 0.921624 0.524642
3090000 2.780600 0.654232 0.611308
3100000 2.857067 0.852311 0.595448
3110000 3.382496 0.798004 0.580226
3120000 3.709965 0.982320 0.589839
3130000 3.965166 0.852169 0.527728
3140000 3.595347 0.715407 0.431756
3150000 3.201552 0.821167 0.444710
3160000 2.299923 0.872370 0.394089
3170000 2.292092 0.868947 0.509499
3180000 2.451789 0.846217 0.493035
3190000 2.843815 0.951734 0.539133
3200000 2.911436 0.721519 0.518212
3210000 4.238187 0.845962 0.483969
3220000 3.664372 0.869246 0.593342
3230000 4.057677 0.801683 0.530614
3240000 3.507077 0.898471 0.537386
3250000 2.829615 0.967767 0.554767
3260000 2.423884 0.931807 0.363478
3270000 3.347280 0.834401 0.542918
3280000 2.540905 0.814886 0.529498
3290000 3.325700 0.995395 0.518068
3300000 2.908036 0.741640 0.445196
3310000 2.371733 0.881315 0.488544
3320000 2.000630 0.824006 0.526154
3330000 1.768604 0.884947 0.475772
3340000 1.982667 0.895508 0.375437
3350000 1.944675 0.870462 0.644739
3360000 1.806950 0.973611 0.466516
3370000 1.675722 0.860433 0.562688
3380000 1.736174 0.907571 0.518644
3390000 1.884310 0.919946 0.625353
3400000 1.829332 0.928473 0.583129
3410000 1.773853 0.887889 0.454705
3420000 1.476535 0.904939 0.477560
3430000 1.508870 0.845947 0.589255
3440000 1.546134 1.006775 0.643360
3450000 1.525304 0.870426 0.506443
3460000 1.299040 0.935878 0.581960
3470000 1.172300 0.960268 0.616951
3480000 1.121085 1.029178 0.606482
3490000 1.172046 0.850754 0.355620
3500000 1.364073 0.975863 0.515575
3510000 1.216486 0.967432 0.454671
3520000 1.220352 0.956622 0.523754
3530000 1.132329 0.764035 0.642222
3540000 1.069480 0.905597 0.560535
3550000 1.215531 0.788627 0.481767
3560000 1.263127 0.956572 0.637049
3570000 1.649158 0.952211 0.483786
3580000 1.447343 0.858793 0.502009
3590000 1.705385 1.057640 0.620434
3600000 2.242428 0.928339 0.482472
3610000 2.521814 0.915642 0.623767
3620000 2.680449 0.919407 0.677454
3630000 2.174554 0.887915 0.466368
3640000 2.769284 0.999109 0.378395
3650000 2.368226 0.807609 0.479564
3660000 2.686077 0.889771 0.438751
3670000 3.306943 0.905818 0.460105
3680000 3.595868 0.961466 0.628151
3690000 3.570356 0.884053 0.422006
3700000 4.018443 1.045897 0.566022
3710000 4.484821 0.807691 0.552991
3720000 4.581869 0.834981 0.439520
3730000 3.941162 0.922638 0.548937
3740000 4.701427 0.871160 0.533314
3750000 4.596956 0.931858 0.496885
3760000 4.661405 0.929847 0.541727
3770000 4.306858 0.928324 0.474937
3780000 3.596834 0.854545 0.534912
