100000 3.591870 0.878822 0.437099
110000 3.475030 0.891451 0.302926
120000 2.310033 0.868204 0.310187
130000 2.445749 0.841783 0.370437
140000 2.296492 0.932846 0.298290
150000 2.941923 0.971881 0.320312
160000 3.028568 0.731834 0.339309
170000 2.373872 1.027047 0.372002
180000 2.620663 0.969124 0.387143
190000 1.169290 0.954215 0.340415
200000 1.290875 0.969089 0.329313
210000 1.193692 0.955720 0.401702
220000 1.072694 0.873336 0.320224
230000 1.079227 0.851735 0.277700
240000 0.865515 0.887700 0.475213
250000 1.165361 0.986488 0.332902
260000 1.646174 0.742052 0.368564
270000 1.682215 0.764396 0.390146
280000 1.444790 0.807020 0.416608
290000 1.304724 0.923968 0.308058
300000 0.981074 1.035895 0.243525
310000 1.052951 0.873665 0.371037
320000 0.951820 0.918907 0.179637
330000 2.114360 0.720270 0.341225
340000 2.356538 0.932835 0.276527
350000 3.334483 0.906535 0.386753
360000 4.098123 0.955444 0.336367
370000 4.732803 0.965520 0.296808
380000 3.974651 0.800497 0.349806
390000 3.541801 0.940566 0.325721
400000 3.342091 0.881737 0.388208
410000 4.580861 1.058639 0.417223
420000 4.437834 0.872361 0.419094
430000 4.281235 0.833004 0.367529
440000 4.564741 0.935174 0.473880
450000 3.350020 0.776499 0.293437
460000 2.968164 0.895623 0.316390
470000 3.256919 0.860206 0.326660
480000 4.159974 0.896176 0.437473
490000 3.214565 0.835914 0.349270
500000 2.490450 0.851452 0.371316
510000 2.690628 0.883190 0.424818
520000 2.334918 0.831744 0.293390
530000 2.458944 0.922524 0.435684
540000 1.884269 0.947950 0.361920
550000 1.617875 0.853225 0.181542
560000 1.942472 0.841552 0.395538
570000 3.242869 0.811216 0.246819
580000 2.988647 0.778844 0.420441
590000 4.195947 0.937793 0.279769
600000 4.209067 0.916213 0.475631
610000 4.070155 0.888659 0.298956
620000 4.247910 0.941582 0.402758
630000 3.614900 0.915466 0.235620
640000 3.509373 0.932425 0.483632
650000 3.003980 0.899732 0.237951
660000 3.073450 0.984653 0.429782
670000 3.588190 0.899711 0.241797
680000 2.633103 0.846523 0.451677
690000 2.452858 0.903229 0.269498
700000 2.735042 0.915178 0.373500
710000 3.403589 0.894178 0.381747
720000 3.693128 0.925561 0.425121
730000 4.419611 0.900261 0.366946
740000 4.252054 0.780410 0.360247
750000 4.020438 0.913786 0.423160
760000 4.407141 0.912068 0.288389
770000 4.190866 0.855303 0.358680
780000 3.342668 0.854649 0.236896
790000 2.815044 0.968706 0.338953
800000 2.342250 0.781122 0.409240
810000 3.149253 0.927129 0.480076
820000 1.858933 0.929308 0.397524
830000 2.208769 0.858678 0.331998
840000 1.479260 0.781929 0.235244
850000 1.878073 1.069905 0.352454
860000 2.058108 0.836556 0.292663
870000 2.194344 0.966050 0.276778
880000 2.562220 0.904595 0.280055
890000 3.269424 0.838978 0.271411
900000 3.659277 0.866530 0.216138
910000 4.825185 0.958370 0.295832
920000 4.943945 0.881252 0.507572
930000 4.833399 0.864864 0.353121
940000 4.833369 1.008890 0.455741
950000 3.843592 0.900614 0.310920
960000 4.272885 0.969791 0.216787
970000 4.768996 0.889641 0.336597
980000 3.496638 0.895896 0.285992
990000 3.272165 0.775527 0.432132
1000000 3.748441 0.843355 0.294307
1010000 3.641864 0.978246 0.357415
1020000 3.822183 0.772383 0.379067
1030000 2.761758 0.978661 0.251486
1040000 2.100820 0.824282 0.313197
1050000 1.797139 0.899908 0.443446
1060000 2.453435 0.960399 0.387601
1070000 3.312374 0.932131 0.289225
1080000 4.746895 0.913958 0.426006
1090000 3.343464 0.974791 0.341652
1100000 3.239618 0.809537 0.345302
1110000 2.558013 0.898415 0.365247
1120000 2.692276 0.909665 0.272713
1130000 2.622631 0.933321 0.358839
1140000 1.770608 0.999625 0.381134
1150000 1.467809 0.864477 0.314968
1160000 1.562727 0.905425 0.394034
1170000 1.726587 1.020299 0.400532
1180000 1.186680 1.069264 0.424761
1190000 1.981184 0.980069 0.344341
1200000 1.912603 0.954576 0.297775
1210000 2.811792 0.874006 0.258236
1220000 3.066082 0.946347 0.285077
1230000 3.851241 0.940446 0.386322
1240000 4.503547 0.896836 0.398166
1250000 3.880175 1.015710 0.428660
1260000 4.719133 0.896916 0.483632
1270000 3.974020 0.840629 0.267776
1280000 4.283951 0.992653 0.384056
1290000 3.751664 0.859807 0.364230
1300000 4.007086 0.869784 0.321346
1310000 4.627215 0.846033 0.401664
1320000 3.413253 0.904914 0.379896
1330000 3.853464 0.897845 0.266209
1340000 3.278606 0.932651 0.389097
1350000 3.022601 0.930401 0.313656
1360000 2.633890 0.857795 0.235723
1370000 3.193835 0.878942 0.315702
1380000 3.667877 0.869384 0.426709
1390000 3.625571 0.838969 0.286354
1400000 4.742563 0.767536 0.373954
1410000 4.095688 0.889457 0.287082
1420000 4.074691 0.829143 0.312809
1430000 2.212180 0.778644 0.361983
1440000 2.225066 0.776008 0.361004
1450000 1.649544 0.771673 0.400159
1460000 2.385985 0.842492 0.522553
1470000 1.997976 0.868080 0.324182
1480000 1.666978 0.900518 0.398949
1490000 1.724532 0.966480 0.460497
1500000 2.212546 0.780230 0.285250
1510000 1.819132 0.922229 0.212213
1520000 2.845077 0.903627 0.510342
1530000 3.092164 0.789442 0.514903
1540000 3.319594 0.968759 0.351796
1550000 4.296312 0.795100 0.466697
1560000 4.568110 0.883576 0.257261
1570000 4.920556 0.890647 0.409568
1580000 4.751416 0.892174 0.376483
1590000 4.800415 0.961410 0.289808
1600000 4.132836 0.771025 0.256054
1610000 4.772905 0.908472 0.247209
1620000 3.778765 0.928665 0.262252
1630000 3.963153 0.915961 0.239438
1640000 2.640998 0.784389 0.337686
1650000 2.780991 0.900446 0.429280
1660000 2.248587 0.690833 0.373683
1670000 2.406976 0.954846 0.356873
1680000 2.998530 0.887345 0.275095
1690000 3.438306 0.768174 0.262026
1700000 2.690834 0.930979 0.290626
1710000 2.453330 0.858958 0.448072
1720000 2.624057 0.771632 0.280558
1730000 1.895693 0.871160 0.264205
1740000 1.913837 0.971585 0.352785
1750000 1.722437 0.849767 0.273328
1760000 1.473114 0.925779 0.487799
1770000 1.648614 0.795200 0.413252
1780000 1.705792 0.847643 0.369667
1790000 1.975993 0.837493 0.314864
1800000 2.061990 0.838242 0.397567
1810000 2.909037 0.768330 0.366183
1820000 2.926132 0.814627 0.391748
1830000 3.685265 0.870447 0.308526
1840000 4.094649 0.912153 0.374845
1850000 4.070014 0.941219 0.279765
1860000 4.310989 0.891968 0.430677
1870000 3.410545 0.865351 0.280700
1880000 2.910996 0.888678 0.432599
1890000 2.903869 0.871358 0.266387
1900000 2.882974 0.942160 0.382964
1910000 2.490979 0.892240 0.383875
1920000 2.799647 0.940213 0.452197
1930000 3.014846 0.865153 0.257323
1940000 3.684264 0.772425 0.250649
1950000 4.785641 0.836148 0.394131
1960000 4.976693 0.848699 0.320510
1970000 3.830417 0.809313 0.340368
1980000 4.472916 0.722339 0.267517
1990000 4.707656 0.763431 0.344696
2000000 3.655937 0.829931 0.372073
2010000 3.275297 0.832368 0.293426
2020000 2.709268 0.761193 0.347632
2030000 2.614745 0.981722 0.361725
2040000 2.480413 0.758519 0.346655
2050000 3.084242 0.929732 0.370227
2060000 3.577267 0.825765 0.384087
2070000 3.844982 0.881071 0.415446
2080000 4.193553 0.980890 0.311802
2090000 4.967624 0.885470 0.270511
2100000 4.951372 0.861198 0.403825
2110000 4.130167 0.918675 0.395669
2120000 3.758640 0.865187 0.411762
2130000 4.016484 0.832312 0.306559
2140000 3.563468 0.912610 0.493398
2150000 3.079626 0.995573 0.234701
2160000 3.794873 0.843636 0.242413
2170000 3.430844 0.816947 0.222362
2180000 4.787287 0.938834 0.447335
2190000 4.585987 0.834859 0.365980
2200000 4.504950 0.798694 0.438684
2210000 4.801201 0.894688 0.382426
2220000 2.877960 0.820658 0.343951
2230000 3.195585 1.044412 0.405150
2240000 4.255728 0.992027 0.324316
2250000 4.371775 0.901955 0.421786
2260000 3.757117 0.889529 0.477411
2270000 3.395483 0.908023 0.326050
2280000 3.200170 0.975748 0.384023
2290000 4.543190 1.038303 0.281454
2300000 4.356698 0.768994 0.382042
2310000 3.935848 0.932427 0.282620
2320000 3.840657 0.937472 0.369009
2330000 2.751021 0.789726 0.436218
2340000 2.113305 0.828730 0.364024
2350000 2.536025 0.939968 0.271642
2360000 2.228253 0.823026 0.382204
2370000 2.599455 0.855777 0.276193
2380000 2.978188 0.826000 0.331703
2390000 2.706524 0.943119 0.375776
2400000 2.177848 0.922060 0.366655
2410000 2.522570 0.830546 0.434275
2420000 1.741962 0.867279 0.374375
2430000 0.867901 0.855652 0.322175
2440000 0.952062 0.825477 0.273791
2450000 0.926840 0.921942 0.287731
2460000 1.100562 0.847815 0.338027
2470000 1.237832 1.013790 0.341181
2480000 1.269202 0.930126 0.452983
2490000 1.200157 1.106285 0.346063
2500000 0.970642 0.848458 0.317233
2510000 1.316786 0.691816 0.381304
2520000 1.411911 0.852506 0.188975
2530000 1.510894 0.958035 0.340823
2540000 1.707158 0.927384 0.318255
2550000 1.679524 0.917143 0.322710
2560000 1.342761 0.938534 0.321276
2570000 1.754443 0.907509 0.386234
2580000 1.032581 0.870805 0.331422
2590000 0.982798 0.873983 0.271472
2600000 0.818118 0.896044 0.386895
2610000 0.857573 0.872757 0.367449
2620000 1.184357 0.940947 0.323041
2630000 1.209299 0.917706 0.364265
2640000 1.007423 0.928885 0.470855
2650000 1.263415 0.920848 0.375241
2660000 1.388905 0.754384 0.300902
2670000 0.602874 0.905630 0.339439
2680000 1.402185 0.765722 0.228445
2690000 1.767464 0.807708 0.280606
2700000 2.057777 0.928559 0.412993
2710000 2.538285 0.951099 0.366126
2720000 2.648202 0.828906 0.426641
2730000 3.018669 0.940131 0.311228
2740000 4.406931 0.948370 0.368197
2750000 4.526246 0.768539 0.451141
2760000 4.950648 0.827618 0.443138
2770000 4.962460 0.865736 0.163938
2780000 4.914765 0.999591 0.313543
2790000 4.144419 0.811204 0.312732
2800000 3.849630 0.831443 0.415581
2810000 4.689087 1.035759 0.313624
2820000 5.040956 0.841194 0.377668
2830000 4.770492 0.912429 0.216589
2840000 4.135729 0.784562 0.425708
2850000 3.464401 0.898638 0.306835
2860000 3.458149 0.951744 0.433493
2870000 4.882289 0.782370 0.267969
2880000 4.345818 0.813691 0.362297
2890000 3.888580 1.016615 0.474810
2900000 3.583393 0.834370 0.384470
2910000 3.196255 0.907906 0.311498
2920000 3.055058 0.829574 0.372386
2930000 2.546256 1.053843 0.435687
2940000 1.946913 0.969759 0.395124
2950000 2.042582 0.932104 0.441893
2960000 1.893456 0.789039 0.330758
2970000 1.707571 0.761720 0.347626
2980000 1.630823 0.925902 0.430694
2990000 1.834966 0.776630 0.345070
3000000 2.588897 0.702894 0.377513
3010000 2.546916 0.817842 0.318568
3020000 2.412295 0.881126 0.360553
3030000 3.081321 0.772209 0.377840
3040000 3.064245 0.922813 0.252902
3050000 2.479403 0.813183 0.327888
3060000 3.563951 0.860218 0.385290
3070000 3.537275 0.901295 0.464421
3080000 3.647960 1.006531 0.461298
3090000 3.191752 0.802540 0.315198
3100000 3.001377 0.877572 0.445315
3110000 3.338507 0.813380 0.346744
3120000 4.252880 0.958034 0.394136
3130000 4.991227 0.881699 0.277892
3140000 4.824613 0.957105 0.268109
3150000 4.769935 0.747303 0.397231
3160000 4.892344 0.749498 0.360862
3170000 4.212908 0.871054 0.324767
3180000 3.923842 0.890439 0.283532
3190000 3.506846 0.868538 0.349386
3200000 2.708936 0.877733 0.460528
3210000 2.511070 0.941587 0.482036
3220000 1.886633 0.921014 0.379543
3230000 2.068364 0.915724 0.372792
3240000 1.951867 0.923789 0.522399
3250000 1.947258 0.741057 0.379933
3260000 1.354479 0.772432 0.367935
3270000 1.338644 0.958437 0.204721
3280000 1.307804 1.007413 0.308410
3290000 1.613488 1.051668 0.317045
3300000 1.682113 1.017435 0.309427
3310000 1.710881 1.012432 0.271280
3320000 1.987335 0.918419 0.327533
3330000 2.070678 0.901144 0.364144
3340000 2.261168 0.917706 0.304753
3350000 2.057491 0.971816 0.216893
3360000 1.877802 0.934786 0.401841
3370000 1.498799 1.021515 0.285383
3380000 1.620975 0.932399 0.397682
3390000 1.621753 0.871535 0.303058
3400000 1.944138 0.836692 0.412349
3410000 1.747724 0.850818 0.399455
3420000 2.422648 0.917355 0.433823
3430000 2.695016 1.010703 0.287540
3440000 2.564271 0.868317 0.459354
3450000 2.524328 0.850618 0.427495
3460000 2.911304 0.958661 0.347606
3470000 4.383039 0.840072 0.465027
3480000 3.929397 0.985446 0.255396
3490000 4.131822 0.841418 0.107541
3500000 4.811226 0.967647 0.303848
3510000 4.972489 0.894260 0.415307
3520000 4.682129 0.851275 0.271481
3530000 4.886520 0.876244 0.362505
3540000 4.276979 0.913630 0.358643
3550000 4.304100 0.788611 0.472100
3560000 3.425692 0.876286 0.315424
3570000 3.951648 0.934393 0.447677
3580000 4.494170 0.920671 0.374192
3590000 3.190396 0.913615 0.323516
3600000 2.722595 1.004294 0.421882
3610000 3.128660 0.906145 0.500275
3620000 3.003437 0.853784 0.525262
3630000 3.129071 0.859854 0.488361
3640000 4.189374 0.891250 0.419585
3650000 3.425243 0.911526 0.270524
3660000 2.729537 1.029186 0.403750
3670000 3.615998 0.905680 0.227039
3680000 3.381750 0.771529 0.522240
3690000 2.522494 0.846832 0.439565
3700000 2.184140 0.835286 0.249392
3710000 2.560051 0.902558 0.207245
3720000 2.703557 0.825709 0.480927
3730000 3.376436 0.952275 0.280161
3740000 4.495244 0.959256 0.372447
3750000 5.027190 0.867939 0.502725
3760000 4.967184 0.870224 0.375968
3770000 4.735267 0.789537 0.252857
3780000 4.988709 0.947668 0.166939
3790000 4.183094 0.901924 0.327992
3800000 4.689390 0.904487 0.393860
3810000 4.256881 0.939849 0.292749
3820000 3.817226 0.956163 0.450132
3830000 3.623398 0.969063 0.279349
3840000 4.153438 0.909405 0.235632
3850000 3.751238 0.890862 0.386638
3860000 3.484799 0.828970 0.441789
3870000 3.222315 0.884613 0.370208
3880000 3.141466 0.768154 0.321581
3890000 4.134328 0.765624 0.362435
3900000 3.191873 0.822691 0.244861
3910000 3.304887 0.751450 0.400949
3920000 3.897561 0.807488 0.248377
3930000 4.471142 0.911252 0.256753
3940000 4.790251 0.891980 0.285536
