100000 3.607110 0.870521 0.161304
110000 3.691609 0.862788 0.122835
120000 3.508284 0.845143 0.172986
130000 3.570432 0.806362 0.130274
140000 4.213569 0.801612 0.193306
150000 4.573464 0.814606 0.253809
160000 5.009687 0.904278 0.283722
170000 3.438572 0.879074 0.206327
180000 3.706239 0.846172 0.001244
190000 4.340265 0.806419 0.222224
200000 2.546270 0.887296 0.122595
210000 1.997481 0.863213 0.242590
220000 2.561756 1.002122 0.258347
230000 4.062549 0.818053 0.172014
240000 3.872560 0.953842 0.246404
250000 4.284312 0.989326 0.207400
260000 4.035348 0.837078 0.187981
270000 2.930028 0.947365 0.117096
280000 4.271489 0.960106 0.355682
290000 4.112167 0.774086 0.123079
300000 4.367217 0.891064 0.203327
310000 3.729685 0.877532 0.128551
320000 2.749289 0.878826 0.125246
330000 2.234003 0.821341 0.354336
340000 1.999789 0.924544 0.072217
350000 2.934284 0.957298 0.257666
360000 2.987318 0.872095 0.153963
370000 4.268389 0.887783 0.114947
380000 4.181896 0.810635 0.164839
390000 4.092931 0.874033 0.197712
400000 3.473741 0.928381 0.050770
410000 4.491448 0.875893 0.171622
420000 4.207449 0.852742 0.200664
430000 4.985192 0.874446 0.291337
440000 2.821565 0.844180 0.220556
450000 3.307104 0.836600 0.163021
460000 3.109999 0.845162 0.143731
470000 3.573125 0.934556 0.200970
480000 3.647136 0.956807 0.186958
490000 4.026304 0.806787 0.296011
500000 3.456778 0.800780 0.334426
510000 2.606527 0.887553 0.166329
520000 1.843164 0.773948 0.147676
530000 0.878603 0.827006 0.217036
540000 0.782055 0.748239 0.137755
550000 1.121516 0.893943 0.037511
560000 1.253013 0.939489 0.195194
570000 1.549896 0.821936 0.314144
580000 1.678893 0.862727 0.221388
590000 1.716307 0.824664 0.180863
600000 1.285316 0.887468 0.160049
610000 0.720310 0.844062 0.224080
620000 1.017116 0.827776 0.142144
630000 1.293197 0.928752 0.014763
640000 0.959350 0.881609 0.113096
650000 1.405364 0.916164 0.255968
660000 1.270094 0.867030 0.174316
670000 0.910740 0.822162 0.203573
680000 0.945187 0.867340 0.180477
690000 1.192618 0.882406 0.048198
700000 1.272158 0.936330 0.173939
710000 1.558693 0.868561 0.111729
720000 1.806102 0.800318 0.160911
730000 2.220371 0.735489 0.230646
740000 2.896849 0.808379 0.201916
750000 2.374755 1.083088 0.185609
760000 1.740905 0.867591 0.152513
770000 2.032546 0.859640 0.137520
780000 2.818965 0.757087 0.161436
790000 3.144850 0.988933 0.209238
800000 3.544472 0.911842 0.223322
810000 4.382925 0.788427 0.214986
820000 4.606185 0.702502 0.192030
830000 4.258067 0.605215 0.273930
840000 4.679273 0.887187 0.039529
850000 4.776270 0.948619 0.071370
860000 4.062470 0.960823 0.142631
870000 3.614889 0.979305 0.275603
880000 2.770339 0.942393 0.346663
890000 2.015225 0.895953 0.298518
900000 2.221941 0.808554 0.185000
910000 2.285069 0.838791 0.182992
920000 2.655408 0.779764 0.100693
930000 2.784360 0.754599 0.098983
940000 3.012383 0.889546 0.124340
950000 4.160387 0.971369 -0.006636
960000 3.537173 1.008253 0.303567
970000 3.581137 0.852401 0.158607
980000 4.588957 0.930685 0.267380
990000 4.615816 0.867826 0.250629
1000000 3.783992 0.865266 0.069781
1010000 3.085542 0.915660 0.218825
1020000 3.518099 0.762676 0.188990
1030000 2.834949 0.718996 0.132907
1040000 3.409005 0.820762 0.152387
1050000 4.498049 0.738157 0.099877
1060000 3.975964 0.981622 0.094078
1070000 3.504357 0.992994 0.195117
1080000 4.139985 0.833740 0.072451
1090000 3.600451 0.860436 0.066732
1100000 2.530807 0.884789 0.156143
1110000 2.503311 0.916155 0.219137
1120000 2.600846 0.963645 0.140071
1130000 1.715575 0.766585 0.083112
1140000 1.583657 0.932705 0.138827
1150000 1.961394 0.823510 0.204686
1160000 1.393084 1.024580 0.227186
1170000 1.706990 0.896868 0.231493
1180000 1.219573 0.862971 0.105122
1190000 0.780437 0.879594 0.209478
1200000 0.986915 0.820814 0.151339
1210000 1.484397 0.869868 0.224334
1220000 1.853064 0.917506 0.232305
1230000 1.986819 0.896739 0.200499
1240000 1.921674 0.805321 0.148165
1250000 2.273491 0.859796 0.086466
1260000 3.121979 0.866448 0.053067
1270000 4.381519 0.981553 0.298283
1280000 4.567299 1.050483 0.033865
1290000 4.976105 0.906779 0.238815
1300000 4.195810 1.004985 0.118593
1310000 3.823243 0.983348 0.113139
1320000 4.441227 0.800885 0.189520
1330000 3.478703 0.772487 0.158533
1340000 3.034352 0.954252 0.122135
1350000 2.445797 0.904093 0.241223
1360000 2.303093 0.871448 -0.055815
1370000 3.455406 0.830765 0.059435
1380000 4.647417 0.707407 0.258368
1390000 4.837942 0.831750 0.127655
1400000 2.886872 0.980275 0.195097
1410000 2.886238 0.868510 0.140613
1420000 2.128252 0.911543 0.110037
1430000 1.477068 0.930107 0.296837
1440000 1.960430 0.919879 0.157857
1450000 2.560380 0.908114 0.201822
1460000 2.259327 0.804451 0.224070
1470000 2.520608 0.801864 0.254188
1480000 2.788366 0.820204 0.141229
1490000 2.783355 0.894382 -0.014310
1500000 4.627314 0.967429 0.139786
1510000 4.518646 0.884641 0.158702
1520000 4.462346 0.808153 0.148128
1530000 4.612955 0.867805 0.250659
1540000 4.719119 0.719947 0.168475
1550000 4.404527 0.876010 0.213891
1560000 3.094645 0.761612 0.226518
1570000 3.315251 0.912922 0.202363
1580000 2.758036 0.830150 0.241408
1590000 3.648385 0.788778 0.157977
1600000 3.838632 0.911779 0.127021
1610000 4.830464 0.891956 0.256469
1620000 4.557087 0.690639 0.168566
1630000 4.682373 0.930588 0.144345
1640000 3.913647 0.856396 0.147955
1650000 3.596161 0.827642 0.135765
1660000 3.602711 0.814385 0.188949
1670000 3.040278 1.028393 0.177999
1680000 2.296816 0.943519 0.089109
1690000 1.488880 0.948446 0.180417
1700000 1.603243 0.955247 0.214886
1710000 1.294916 0.855265 0.144613
1720000 1.119232 0.796442 0.132529
1730000 0.954787 0.830339 0.236039
1740000 1.032145 0.779263 0.286532
1750000 1.258067 0.954243 0.122368
1760000 1.019719 0.808024 0.270107
1770000 1.269025 0.937735 0.311084
1780000 1.102409 0.707573 0.235424
1790000 1.406808 0.920425 0.212494
1800000 1.707558 0.633875 0.292737
1810000 1.556688 0.901493 0.072233
1820000 1.788450 1.004639 0.125587
1830000 1.911884 0.741319 0.052256
1840000 1.317318 0.871449 0.270512
1850000 1.266420 0.930457 0.263172
1860000 1.351609 0.858944 0.228788
1870000 1.270195 0.893655 0.247165
1880000 1.614091 0.774455 0.309625
1890000 1.252309 0.823324 0.154125
1900000 1.094197 0.767309 0.113559
1910000 0.906980 0.894577 0.110262
1920000 1.225082 0.928576 0.208672
1930000 1.642257 0.891610 0.144641
1940000 2.190991 0.799190 0.346100
1950000 2.322441 0.906037 0.142715
1960000 2.384763 0.746251 0.150523
1970000 2.197291 0.920935 0.175350
1980000 2.441515 0.773422 0.110805
1990000 2.746661 0.898950 0.223590
2000000 2.312944 0.935154 0.183933
2010000 2.851538 0.930590 0.216106
2020000 3.409971 0.753917 0.113709
2030000 2.883287 0.886530 0.146116
2040000 3.576283 0.780342 0.208094
2050000 3.902233 0.866415 0.076243
2060000 4.287977 0.888737 0.215122
2070000 4.064738 0.884671 0.185877
2080000 4.467642 0.858770 0.115506
2090000 4.257156 0.738838 0.189764
2100000 4.536207 0.827610 0.113184
2110000 3.585766 0.885572 0.266009
2120000 2.997391 0.932727 0.178231
2130000 2.523044 0.918797 0.295526
2140000 2.169355 0.735387 0.088296
2150000 2.098671 0.779580 0.194608
2160000 1.891092 0.889943 0.164825
2170000 2.569892 0.895729 0.179201
2180000 3.102539 0.948264 0.225637
2190000 3.408620 0.834859 0.237486
2200000 2.421092 0.948001 0.459430
2210000 2.607445 0.842353 0.125288
2220000 3.664817 0.855812 0.251673
2230000 4.501485 0.872474 0.248950
2240000 4.247522 0.870397 0.108835
2250000 4.100135 0.854412 0.170760
2260000 3.549406 0.826474 0.208081
2270000 2.647053 0.992775 0.257039
2280000 3.350908 1.130310 0.221075
2290000 3.540698 1.044943 0.210208
2300000 4.374261 0.832819 0.292895
2310000 4.995162 0.894837 0.071060
2320000 4.230139 0.864319 0.151093
2330000 4.442354 0.835957 0.283127
2340000 4.248720 0.889058 0.243347
2350000 3.985615 0.919344 0.191461
2360000 4.990748 0.910237 0.043501
2370000 4.752524 0.857365 0.102648
2380000 3.406212 0.805678 0.178239
2390000 3.921970 0.976684 0.251421
2400000 3.840584 0.858309 0.318958
2410000 4.953638 0.871785 0.075370
2420000 4.781706 0.808232 0.142290
2430000 4.968629 0.750381 0.284037
2440000 5.089493 0.866223 0.144745
2450000 3.843319 0.846681 0.209705
2460000 3.593665 0.790817 0.093694
2470000 3.136688 0.825601 0.210085
2480000 2.774272 0.765476 0.161443
2490000 2.098497 0.843015 0.197421
2500000 2.363977 0.877159 0.118108
2510000 1.985539 0.870013 0.131460
2520000 2.335487 0.882062 -0.001313
2530000 3.164050 0.781664 0.122531
2540000 4.209209 0.876234 0.248783
2550000 4.894544 0.906234 0.225901
2560000 4.873759 0.790658 0.313915
2570000 4.696402 0.959965 0.229040
2580000 3.173866 0.864268 0.247605
2590000 3.463949 0.982462 -0.002161
2600000 3.515676 0.791937 0.168931
2610000 3.295017 0.843357 0.241450
2620000 2.579918 0.847910 0.212753
2630000 2.442285 0.850041 0.112529
2640000 1.949589 0.934707 0.204900
2650000 1.641377 0.926108 0.206481
2660000 1.627054 0.773496 0.191080
2670000 2.081190 0.836774 0.128092
2680000 2.220147 0.860337 0.209824
2690000 2.798412 0.822041 0.238569
2700000 2.875124 0.936019 0.215879
2710000 2.518283 0.806544 0.074112
2720000 2.410398 0.937441 0.198993
2730000 3.139532 0.958595 0.225670
2740000 3.452187 0.911175 0.271735
2750000 3.793320 0.759820 0.316989
2760000 4.165509 0.901684 0.135632
2770000 4.597557 0.868509 0.297700
2780000 4.958531 0.864361 0.044930
2790000 4.697914 0.718844 0.154507
2800000 4.864758 0.914498 0.199620
2810000 4.277319 0.874330 0.352647
2820000 3.556610 0.984199 0.256073
2830000 4.165369 0.795126 0.187537
2840000 3.452813 0.887109 0.154008
2850000 3.904546 0.916593 0.273192
2860000 4.563655 0.912591 0.172074
2870000 4.649320 0.893903 0.262044
2880000 4.826505 0.855461 0.107771
2890000 4.892208 0.844372 0.081056
2900000 4.178836 0.810613 0.164128
2910000 3.325284 0.870268 0.115131
2920000 3.224685 0.888739 0.095717
2930000 3.509489 0.852018 0.182743
2940000 4.346998 0.818465 0.038598
2950000 3.558122 1.000255 0.133135
2960000 2.582085 1.037057 0.258633
2970000 2.536818 0.966758 0.088916
2980000 2.835427 0.765397 0.350176
2990000 3.912192 1.033898 0.124042
3000000 4.658728 0.955520 0.173494
3010000 4.721609 0.827461 0.288278
3020000 4.942855 0.877941 0.183559
3030000 5.006780 1.011975 0.222211
3040000 5.054498 0.836928 0.128374
3050000 5.017708 0.773292 0.081591
3060000 5.008375 0.810634 0.144239
3070000 3.150124 0.909134 0.232186
3080000 1.796913 0.945832 0.251811
3090000 1.508611 0.832163 0.231194
3100000 1.247806 0.777779 0.085303
3110000 1.370455 0.883904 0.137602
3120000 1.731197 0.927423 0.155062
3130000 2.052827 0.892848 0.237387
3140000 2.107205 0.796664 0.130593
3150000 2.223886 0.900004 0.167938
3160000 1.727850 0.905248 0.133974
3170000 1.662709 0.905359 -0.003237
3180000 1.607681 0.938974 0.289496
3190000 1.826803 0.946830 0.194646
3200000 1.485700 0.876437 0.096381
3210000 1.478474 0.918142 0.111728
3220000 1.810455 0.921383 0.412758
3230000 1.913160 0.781622 0.216734
3240000 1.770564 0.912643 0.112238
3250000 1.245777 0.960187 0.129028
3260000 1.290845 0.940284 0.119602
3270000 1.414490 0.875021 0.110623
3280000 1.409797 0.831825 0.154444
3290000 1.157740 0.877886 0.195225
3300000 1.074323 0.936132 0.159463
3310000 1.082119 1.015655 0.230723
3320000 1.232960 0.937604 0.147340
3330000 1.223322 0.752160 0.166431
3340000 0.810943 0.897355 0.272382
3350000 0.965783 0.704913 0.053287
3360000 0.871521 0.744163 0.226246
3370000 0.909740 0.912979 0.332811
3380000 1.401270 0.839090 0.303212
3390000 1.327180 0.943290 0.193385
3400000 1.298110 0.918497 0.107730
3410000 1.271751 0.885917 0.098348
3420000 1.995844 0.831406 0.254440
3430000 1.911707 0.725303 0.398417
3440000 2.094497 0.897664 0.172970
3450000 2.141496 0.897472 0.216971
3460000 2.190636 0.941371 0.212826
3470000 1.637340 0.841164 0.155162
3480000 1.607207 0.862314 0.209665
3490000 1.504088 0.901703 0.128811
3500000 1.582794 0.894780 0.112441
3510000 2.139121 0.875345 -0.020496
3520000 2.239259 0.994481 0.201189
3530000 2.212867 0.750184 0.216317
3540000 2.338448 0.812097 0.237675
3550000 2.064067 1.108670 0.099379
3560000 2.636726 0.921033 0.096921
3570000 3.345244 0.952365 0.125484
3580000 3.518122 0.732072 0.228844
3590000 3.922361 0.790230 0.200163
3600000 4.442646 0.986387 0.268008
3610000 4.583988 0.907671 0.234732
3620000 4.352884 0.953972 0.030449
3630000 4.781445 0.916024 0.066297
3640000 4.981886 1.043918 0.046062
3650000 4.403780 0.995274 0.221878
3660000 4.919287 0.994216 0.107197
3670000 4.964102 0.821864 0.100791
3680000 3.675162 0.989276 0.230923
3690000 2.702057 0.967524 0.177333
3700000 3.621376 0.878097 0.315042
3710000 3.580523 0.858242 0.217675
3720000 3.992555 0.842143 0.156696
3730000 3.668670 0.906721 0.206162
3740000 3.457899 0.778927 0.183328
3750000 2.908338 0.906806 0.162458
3760000 2.741093 0.919302 0.294102
3770000 3.102882 0.882091 0.062082
3780000 2.847407 0.814122 0.112729
3790000 2.496274 0.746085 0.199740
3800000 2.569181 0.877414 0.126155
3810000 2.521134 0.888570 0.190324
3820000 3.273308 0.941541 0.179323
3830000 3.559688 1.096331 0.064995
