100000 3.826582 0.937138 -1.005513
110000 4.456367 0.872944 -1.010284
120000 4.414601 0.958162 -1.081429
130000 4.070087 0.876296 -0.985191
140000 3.136336 0.853653 -1.106934
150000 3.460307 0.851788 -1.165296
160000 2.830221 0.946270 -1.012497
170000 3.332701 0.900312 -1.104715
180000 3.762203 0.916781 -1.004863
190000 3.266007 0.905661 -0.903921
200000 3.053931 0.899953 -0.954812
210000 3.561235 0.845801 -1.057875
220000 2.513867 0.803298 -0.919869
230000 2.406923 0.808373 -1.049157
240000 2.592690 0.874072 -1.156061
250000 2.390611 0.830651 -1.167247
260000 4.401902 1.012028 -1.022757
270000 3.743780 0.950491 -1.183948
280000 3.474934 0.793461 -0.947727
290000 4.229407 0.910621 -0.993717
300000 4.901666 0.892753 -1.010122
310000 4.710930 0.952535 -0.964456
320000 4.622142 0.818497 -0.969769
330000 3.749895 0.840598 -1.058564
340000 4.367278 0.846179 -1.165218
350000 3.208413 0.767008 -1.154039
360000 2.942393 0.830269 -1.105817
370000 2.582067 0.807932 -0.923868
380000 2.562131 0.839796 -1.002567
390000 2.075758 0.931074 -1.086421
400000 2.296126 0.847702 -1.047948
410000 1.709768 0.846477 -1.013929
420000 0.972044 0.795954 -1.052827
430000 1.273555 0.960437 -1.048424
440000 1.434432 0.975756 -1.015490
450000 1.876522 0.924345 -0.994613
460000 2.349599 0.785405 -1.091591
470000 2.090001 0.891201 -1.122599
480000 1.883883 0.755677 -1.082175
490000 3.639902 0.833337 -0.959675
500000 3.844113 0.836704 -0.984232
510000 4.801903 1.032459 -1.106082
520000 4.918924 0.810050 -1.202212
530000 4.236073 0.863606 -0.966308
540000 4.526508 0.791420 -1.023048
550000 3.599570 0.836793 -0.989998
560000 2.837175 0.900194 -1.083368
570000 4.340422 0.804903 -1.065020
580000 3.845150 0.919943 -1.071049
590000 4.746095 0.868441 -1.040734
600000 2.558083 0.697027 -0.941055
610000 3.084447 0.976850 -1.031337
620000 3.708455 0.804931 -1.111907
630000 3.656571 0.909610 -1.094447
640000 3.938091 0.914113 -0.975735
650000 3.237717 0.936877 -0.913783
660000 2.677933 0.783088 -1.007011
670000 3.734467 0.883736 -1.212566
680000 4.659121 0.934762 -0.985850
690000 4.212427 0.940181 -0.898045
700000 4.271945 0.978024 -1.097127
710000 3.930813 0.873531 -1.083292
720000 3.352000 0.879487 -1.089245
730000 2.447084 0.887115 -0.941322
740000 2.152068 0.857182 -1.122235
750000 1.852660 0.724521 -1.162978
760000 2.547922 0.807410 -1.064397
770000 2.818588 0.887014 -0.977364
780000 3.260152 0.995591 -1.000928
790000 3.153417 1.006997 -1.076777
800000 2.606309 0.996613 -1.093171
810000 2.342517 0.874523 -1.030463
820000 2.731531 0.728390 -0.909269
830000 3.075567 0.905847 -0.980767
840000 3.705613 0.898649 -1.009361
850000 3.799498 0.867420 -1.014249
860000 4.430524 0.755070 -1.019117
870000 4.628216 0.921979 -0.904893
880000 4.016178 0.882637 -0.988596
890000 4.494494 0.919387 -1.171083
900000 4.706920 0.749011 -0.974064
910000 3.271607 0.850237 -0.965471
920000 2.534694 0.960103 -1.034578
930000 3.469105 1.005730 -1.136181
940000 3.573338 0.937654 -1.172010
950000 2.879987 0.876235 -1.058844
960000 3.485887 0.942084 -0.992892
970000 3.785701 0.812917 -1.087646
980000 3.525979 0.897784 -1.014975
990000 3.556019 0.913560 -1.125033
1000000 3.093132 0.840183 -1.123861
1010000 1.521384 0.900606 -1.092383
1020000 0.851969 0.804942 -1.073276
1030000 1.178624 0.952221 -1.118784
1040000 0.761741 0.831637 -1.064608
1050000 0.786062 0.910764 -1.032897
1060000 1.290010 0.956822 -0.992460
1070000 1.242703 0.758254 -1.101514
1080000 1.446042 0.869787 -1.118691
1090000 1.705966 0.770135 -1.122901
1100000 1.962047 0.873398 -1.105988
1110000 1.389685 0.898579 -0.981368
1120000 1.192107 0.816063 -1.021150
1130000 1.012670 0.897345 -1.119972
1140000 1.038351 0.945702 -1.005356
1150000 1.338540 0.835600 -1.036978
1160000 1.389462 0.860734 -0.939032
1170000 1.646435 0.849748 -1.086591
1180000 1.919482 0.854212 -1.024523
1190000 1.796907 0.953559 -1.036723
1200000 2.244993 1.008991 -1.001111
1210000 1.544554 0.723536 -1.100368
1220000 1.775947 0.915695 -0.997669
1230000 2.372346 0.898260 -0.965400
1240000 1.452914 0.858420 -1.051244
1250000 1.461985 0.925377 -1.087717
1260000 1.298445 0.768719 -1.045824
1270000 1.752972 0.711853 -1.090229
1280000 1.453263 0.741165 -1.061848
1290000 2.028678 0.899426 -1.082076
1300000 2.344357 0.895641 -0.863425
1310000 2.701060 0.918127 -1.136526
1320000 3.487933 0.807528 -1.083189
1330000 3.948932 0.944761 -1.060055
1340000 4.397509 0.744872 -1.018193
1350000 3.594239 1.000616 -1.063165
1360000 4.800415 0.979118 -0.976574
1370000 4.457819 0.751842 -1.021494
1380000 4.520135 0.840371 -0.997521
1390000 3.881657 0.817175 -1.030886
1400000 4.307978 0.874139 -0.881300
1410000 3.658984 0.811595 -1.027359
1420000 3.303353 0.913974 -0.976568
1430000 2.364887 0.756918 -1.096733
1440000 2.695807 0.949662 -0.957824
1450000 2.410641 0.964449 -1.004728
1460000 2.812767 0.903641 -1.062434
1470000 3.822692 1.018856 -1.096596
1480000 3.454810 0.856933 -0.992866
1490000 4.495072 0.974854 -1.280671
1500000 3.433358 0.970705 -1.106123
1510000 4.253856 0.866112 -1.088361
1520000 4.726749 0.969008 -1.118691
1530000 4.817975 0.893819 -1.054140
1540000 4.822854 0.854577 -0.979790
1550000 4.597115 0.874747 -1.053306
1560000 3.815340 0.832820 -1.054311
1570000 3.258557 0.907428 -1.037401
1580000 3.090399 0.846798 -0.998581
1590000 1.932308 0.762826 -0.999778
1600000 2.129567 0.834650 -1.028734
1610000 1.701406 0.911558 -1.022450
1620000 1.978311 0.856574 -1.040135
1630000 2.580689 0.848169 -0.965067
1640000 2.885254 0.979031 -1.033037
1650000 3.535598 0.872835 -1.023043
1660000 4.404283 0.943643 -0.929967
1670000 3.398930 0.869017 -1.109401
1680000 3.852757 0.930278 -1.080723
1690000 4.774059 0.988574 -1.098548
1700000 4.360080 0.876098 -0.994011
1710000 3.312436 0.893980 -1.044637
1720000 2.877888 0.798727 -1.076607
1730000 3.921259 0.797472 -1.028364
1740000 2.735894 0.823101 -1.006029
1750000 2.117310 1.001300 -1.127712
1760000 1.600783 0.896876 -1.136225
1770000 2.324650 0.744469 -1.093706
1780000 1.849743 0.946014 -1.021376
1790000 1.013745 0.933981 -1.199239
1800000 0.701367 0.775838 -1.088465
1810000 0.752072 0.784346 -1.024621
1820000 0.916270 0.793745 -1.064727
1830000 0.822997 0.713982 -1.173647
1840000 0.979896 0.900744 -1.048333
1850000 1.062864 0.907254 -1.155110
1860000 1.130446 0.773139 -0.957632
1870000 0.881297 0.996887 -0.966738
1880000 0.799402 0.859338 -1.255586
1890000 1.231815 0.909490 -1.105348
1900000 1.161243 0.775440 -1.065002
1910000 1.232636 0.787243 -0.961596
1920000 1.242144 0.912715 -1.131289
1930000 0.687110 0.776605 -1.143113
1940000 0.688568 0.993040 -1.084677
1950000 0.840907 0.782005 -1.259118
1960000 0.862631 0.889809 -1.127476
1970000 1.604281 0.831930 -0.938988
1980000 1.352746 0.910333 -1.071591
1990000 1.446668 0.855335 -0.999804
2000000 1.707035 0.709276 -0.946106
2010000 2.459577 0.812581 -0.988351
2020000 2.833624 0.860004 -0.995603
2030000 3.168433 0.861953 -0.988706
2040000 3.849178 0.809392 -1.047316
2050000 4.615639 0.907775 -1.070754
2060000 4.466069 0.665479 -1.005801
2070000 4.995523 0.781278 -1.047148
2080000 5.033415 0.934229 -1.211173
2090000 4.486295 0.778676 -1.078382
2100000 4.967286 0.856851 -1.017345
2110000 3.671044 0.932493 -1.096070
2120000 4.003696 0.941602 -1.182369
2130000 4.725197 0.830164 -1.150198
2140000 4.400276 0.928444 -0.893358
2150000 3.810073 0.929895 -1.042395
2160000 4.988915 0.805443 -0.971720
2170000 4.791582 0.840089 -0.961265
2180000 4.735787 1.060500 -1.151169
2190000 3.148715 0.852279 -1.181795
2200000 3.273680 0.840658 -1.165355
2210000 2.431750 1.005514 -1.067448
2220000 2.188996 0.700806 -1.061146
2230000 2.131497 0.939549 -1.032418
2240000 2.619195 0.808153 -0.950184
2250000 2.599586 0.825409 -1.156565
2260000 3.199674 0.969402 -1.056137
2270000 2.388354 0.872246 -0.999660
2280000 2.425828 0.669719 -0.965556
2290000 2.181072 0.914215 -1.068945
2300000 2.630213 0.959355 -1.145793
2310000 3.528103 0.872718 -1.167867
2320000 2.881338 0.891435 -0.949184
2330000 2.515257 0.896519 -1.063414
2340000 2.860674 0.932453 -1.103780
2350000 3.752465 0.794339 -0.989680
2360000 4.048348 0.837679 -0.975263
2370000 4.213289 0.909401 -1.165666
2380000 4.422103 0.771282 -0.874825
2390000 4.031415 0.905427 -0.953371
2400000 4.222645 0.908077 -1.092374
2410000 4.194257 0.854100 -1.011715
2420000 4.652146 0.916917 -1.067217
2430000 4.671634 0.799642 -1.042096
2440000 4.643673 0.891351 -1.002697
2450000 3.275220 1.044664 -1.201305
2460000 3.080233 0.809727 -1.037427
2470000 3.822707 0.837160 -0.970165
2480000 3.997321 0.953675 -1.097157
2490000 4.215671 0.893065 -0.855314
2500000 4.094459 0.858849 -1.225919
2510000 3.472912 0.912501 -1.019006
2520000 3.537366 0.854577 -0.991843
2530000 4.145755 0.878424 -1.010856
2540000 4.641637 0.891702 -1.086666
2550000 4.502237 0.898453 -0.936553
2560000 4.951643 0.752299 -1.009119
2570000 4.438178 0.812676 -0.921134
2580000 4.045609 0.796785 -1.005166
2590000 3.224715 0.855088 -1.024715
2600000 2.919198 0.983936 -1.056748
2610000 1.798485 0.817512 -1.130938
2620000 1.584722 0.856844 -1.052248
2630000 1.477695 0.896649 -0.989228
2640000 1.421725 1.072938 -1.158852
2650000 1.370006 0.836892 -1.065835
2660000 1.731708 0.717225 -1.034265
2670000 2.077935 0.820087 -1.097006
2680000 2.384775 0.933760 -1.213739
2690000 1.876865 0.888334 -1.077662
2700000 2.019559 0.951774 -1.020729
2710000 1.855575 0.996555 -1.000986
2720000 2.332638 0.900123 -1.088771
2730000 2.621423 0.841073 -1.031520
2740000 3.175471 0.898089 -1.121420
2750000 3.783564 0.885471 -1.026506
2760000 3.079453 1.024928 -1.011542
2770000 2.258851 0.893162 -1.145453
2780000 2.157336 0.817029 -1.000928
2790000 2.250796 0.880097 -1.076545
2800000 3.256976 0.825838 -1.157693
2810000 2.897309 0.704835 -1.104292
2820000 2.028503 0.837916 -1.004209
2830000 2.024975 0.990774 -0.850083
2840000 1.769526 1.011805 -0.995270
2850000 1.485680 0.884465 -0.980535
2860000 1.408039 0.890704 -0.968485
2870000 1.118770 0.868621 -0.962415
2880000 0.923102 0.815144 -1.167004
2890000 0.876756 0.850633 -1.015908
2900000 0.850951 0.765617 -1.118461
2910000 1.254162 0.957595 -0.942780
2920000 1.174540 0.765993 -1.138751
2930000 1.763677 0.793007 -1.046184
2940000 3.688191 0.926239 -0.956526
2950000 3.477160 0.903594 -1.033980
2960000 3.853489 0.789711 -1.041981
2970000 3.482998 0.893456 -1.109059
2980000 4.196938 0.966805 -1.079705
2990000 4.361217 0.743512 -1.114010
3000000 4.868714 0.844278 -0.996902
3010000 3.675772 0.799941 -1.050868
3020000 4.584121 0.872631 -1.008683
3030000 4.161843 0.752336 -1.031483
3040000 2.741583 0.900889 -1.005524
3050000 2.304606 0.957409 -1.191499
3060000 2.786787 0.851173 -1.030489
3070000 2.991532 0.792760 -1.086446
3080000 3.017585 0.829463 -1.028099
3090000 3.856067 0.916987 -1.005955
3100000 3.696892 0.921697 -1.173352
3110000 2.939544 0.790923 -1.071270
3120000 3.587620 0.877726 -1.087672
3130000 4.262296 0.816357 -1.036262
3140000 3.242371 0.765985 -1.184999
3150000 3.132255 0.794961 -1.003723
3160000 2.669298 0.799569 -1.060262
3170000 3.213514 0.866051 -1.068431
3180000 2.393621 0.880867 -1.007625
3190000 3.316243 0.971994 -1.017797
3200000 3.285447 0.809412 -1.138128
3210000 2.947501 0.900417 -1.059562
3220000 3.070556 0.885631 -1.044280
3230000 3.752659 0.946519 -1.159610
3240000 3.775756 1.052126 -0.914873
3250000 3.889256 0.946784 -1.076480
3260000 4.022034 0.844503 -0.966635
3270000 4.133148 0.900506 -0.982364
3280000 4.696742 0.870733 -0.964489
3290000 4.988926 0.869748 -1.074379
3300000 4.629214 0.849058 -1.008652
3310000 4.457871 0.928908 -1.256223
3320000 4.153746 0.892964 -1.021370
3330000 4.732980 0.933956 -0.916429
3340000 4.939797 0.838355 -1.025116
3350000 4.972047 1.003631 -0.967888
3360000 3.436075 0.885564 -1.012051
3370000 3.472815 0.903049 -1.084343
3380000 4.918852 0.912091 -1.109953
3390000 5.018936 0.884136 -0.976400
3400000 4.861762 0.915272 -0.870905
3410000 4.919630 0.860967 -1.020034
3420000 4.874790 0.923043 -0.953148
3430000 4.146780 0.867561 -1.147500
3440000 3.880972 0.798821 -1.077767
3450000 5.035801 0.825188 -1.101789
3460000 4.749636 0.944091 -1.034444
3470000 4.837340 0.865485 -0.912055
3480000 4.353556 0.800291 -1.069925
3490000 4.649056 0.983122 -0.942343
3500000 4.634118 0.747602 -0.948892
3510000 3.588690 0.947789 -1.014494
3520000 2.422350 0.880474 -1.042893
3530000 2.066213 0.997087 -1.078524
3540000 1.903216 0.967190 -0.999132
3550000 1.858276 0.952946 -1.006710
3560000 1.662992 0.990326 -1.082857
3570000 1.417595 0.869833 -1.125334
3580000 1.221021 0.884266 -1.074428
3590000 1.313642 0.873495 -0.996783
3600000 1.209154 0.851252 -1.029377
3610000 1.006523 0.949231 -1.065646
3620000 0.941154 0.825529 -1.105386
3630000 0.811135 0.901505 -1.016294
3640000 0.666399 0.914148 -1.115631
3650000 0.690073 0.910691 -1.147738
3660000 0.595252 0.975530 -1.058115
3670000 0.702509 0.741533 -1.097920
3680000 0.598994 0.974403 -1.054723
3690000 0.994587 0.876995 -1.023269
3700000 1.153371 0.906589 -1.126085
3710000 1.266510 0.983550 -1.054805
3720000 0.927991 0.925461 -1.087457
3730000 0.659429 0.800532 -1.075626
3740000 0.878500 0.944804 -0.929136
3750000 1.412138 0.814144 -1.062230
3760000 1.048351 0.803514 -1.127996
3770000 1.559876 0.740494 -0.967931
3780000 1.481359 0.964166 -1.015218
3790000 1.373140 0.841508 -1.058726
3800000 1.129292 0.848254 -0.976649
3810000 0.944435 0.955036 -1.117375
3820000 0.940914 0.769337 -1.077467
3830000 1.111626 0.786210 -1.050169
3840000 1.108912 0.802087 -1.004403
3850000 1.381335 0.911251 -0.918395
3860000 1.338309 0.747769 -1.073268
3870000 1.274888 0.978047 -0.945782
3880000 1.356657 0.684359 -1.096109
3890000 1.934354 0.728100 -1.196012
3900000 1.812538 0.842123 -1.034787
3910000 2.138554 0.870782 -1.055803
3920000 2.241292 0.880523 -0.979521
3930000 2.556774 0.892396 -1.046551
3940000 2.638405 0.716312 -1.038731
3950000 2.771913 0.879981 -1.133332
3960000 2.650061 0.782981 -1.171534
3970000 3.262057 0.892962 -0.913865
3980000 2.125194 0.930256 -1.172199
3990000 2.137263 0.859415 -0.969146
4000000 2.098777 1.007112 -1.027880
