100000 2.101386 0.879858 -2.256404
110000 1.802748 0.921465 -2.223552
120000 1.275525 0.887466 -2.381351
130000 1.560346 0.860547 -2.232182
140000 2.584580 0.842058 -2.129158
150000 3.311544 0.855572 -2.277919
160000 4.411121 0.807234 -2.317164
170000 3.135379 0.783074 -2.282329
180000 2.991209 0.874050 -2.192045
190000 3.348952 1.049470 -2.270478
200000 1.886735 0.992326 -2.338709
210000 3.316957 0.889096 -2.371628
220000 4.495221 0.894233 -2.165407
230000 3.603691 0.912788 -2.392455
240000 4.350362 0.769576 -2.377531
250000 4.195399 0.915385 -2.213127
260000 3.390175 0.875929 -2.387942
270000 2.885220 0.717078 -2.153738
280000 2.050506 1.001182 -2.360295
290000 1.732413 0.724331 -2.200253
300000 1.996691 0.781338 -2.287374
310000 1.771157 0.845332 -2.164527
320000 1.207952 0.927477 -2.440133
330000 1.076919 0.956040 -2.239831
340000 0.844192 0.942636 -2.293311
350000 1.013253 0.939179 -2.160182
360000 1.188600 0.795901 -2.281493
370000 1.519971 0.710574 -2.225729
380000 1.215819 0.876735 -2.254494
390000 0.954239 0.856587 -2.347274
400000 0.832450 0.921492 -2.277864
410000 0.697179 0.989505 -2.257340
420000 0.968373 0.752404 -2.395672
430000 1.302436 0.928331 -2.472299
440000 1.248000 0.960733 -2.255289
450000 1.743696 0.882245 -2.152988
460000 2.176592 0.803277 -2.232362
470000 2.786859 0.925641 -2.437991
480000 3.975401 0.718645 -2.281760
490000 4.313286 0.983898 -2.323789
500000 4.744647 0.776737 -2.302331
510000 3.154999 0.926282 -2.301847
520000 3.618983 0.793194 -2.190588
530000 3.991709 0.882962 -2.194851
540000 4.763489 0.772100 -2.312840
550000 3.231819 0.800537 -2.350775
560000 2.836790 0.972739 -2.305351
570000 3.563572 0.749672 -2.117882
580000 2.094566 0.875343 -2.223681
590000 2.445212 0.859610 -2.352075
600000 2.005185 0.905918 -2.173166
610000 2.184347 0.986842 -2.333674
620000 2.184649 1.027725 -2.319094
630000 1.458668 0.805282 -2.266995
640000 1.472291 0.804008 -2.378012
650000 1.402591 0.888582 -2.237684
660000 1.211440 1.028693 -2.203541
670000 0.786548 0.873545 -2.163324
680000 0.619694 0.950199 -2.418134
690000 0.728655 0.970399 -2.297551
700000 1.013841 0.948060 -2.304086
710000 1.057315 0.854344 -2.452439
720000 0.874911 0.873973 -2.303713
730000 0.895950 0.967218 -2.336399
740000 1.597975 0.831768 -2.278272
750000 2.713307 0.814276 -2.123514
760000 2.609962 0.962227 -2.176879
770000 3.098145 0.827127 -2.133243
780000 3.381616 0.874781 -2.259985
790000 4.637947 0.804452 -2.291012
800000 4.359580 0.955410 -2.388540
810000 4.394826 1.035358 -2.242288
820000 4.034450 0.899722 -2.317304
830000 4.228102 0.887431 -2.314110
840000 3.518033 0.877100 -2.388083
850000 3.137208 0.900528 -2.296684
860000 2.646436 0.850690 -2.266791
870000 2.652089 0.820064 -2.357853
880000 2.424942 0.848698 -2.046376
890000 1.998725 0.992139 -2.338412
900000 1.701341 0.827758 -2.294725
910000 1.683015 0.952934 -2.247111
920000 3.201624 0.863349 -2.382393
930000 2.995070 0.789872 -2.281040
940000 4.446962 0.776926 -2.305646
950000 4.434120 0.855328 -2.203251
960000 2.888582 0.957279 -2.296959
970000 3.574814 0.906798 -2.223125
980000 4.272425 0.863420 -2.256980
990000 4.501142 0.893420 -2.065141
1000000 4.816924 0.789313 -2.227175
1010000 4.823518 0.892998 -2.287921
1020000 4.212289 1.094592 -2.361186
1030000 3.774434 0.826592 -2.242337
1040000 4.085922 0.988894 -2.326875
1050000 4.692955 0.943203 -2.172774
1060000 4.862967 0.986864 -2.288157
1070000 3.415907 0.822282 -2.234646
1080000 2.968507 0.870910 -2.321703
1090000 2.881493 0.882135 -2.273089
1100000 3.290541 0.892717 -2.347397
1110000 2.415154 0.821383 -2.257585
1120000 2.267734 0.807969 -2.164914
1130000 2.267318 0.915471 -2.311950
1140000 3.315759 0.771665 -2.326911
1150000 4.292896 0.930412 -2.310928
1160000 3.635689 0.897634 -2.254022
1170000 3.915163 0.982300 -2.305447
1180000 3.798519 0.749018 -2.222274
1190000 4.636115 0.832060 -2.217765
1200000 4.855765 0.956119 -2.304877
1210000 4.189275 0.822269 -2.221041
1220000 3.648101 0.840400 -2.271190
1230000 3.113427 1.040053 -2.203459
1240000 2.310990 0.726437 -2.391891
1250000 3.815237 0.843402 -2.359961
1260000 3.330886 0.950470 -2.299112
1270000 2.044035 1.021483 -2.377612
1280000 1.449134 0.922173 -2.278878
1290000 1.612576 0.924632 -2.342178
1300000 1.420104 0.750236 -2.261695
1310000 1.844028 0.829965 -2.231533
1320000 1.962471 0.944846 -2.175954
1330000 1.733193 0.789797 -2.253711
1340000 1.751155 0.897878 -2.351347
1350000 2.200022 0.961777 -2.326046
1360000 2.501093 0.728987 -2.350762
1370000 2.308585 0.877069 -2.393080
1380000 1.922159 0.814845 -2.337095
1390000 1.718593 0.954328 -2.267122
1400000 2.825350 0.954091 -2.369332
1410000 3.249569 0.860005 -2.254654
1420000 3.472724 0.818955 -2.186767
1430000 3.807392 0.800141 -2.176919
1440000 4.174718 0.872298 -2.233172
1450000 3.903760 0.880596 -2.244300
1460000 4.714751 0.895891 -2.222086
1470000 3.382009 0.962423 -2.235370
1480000 3.457924 0.889214 -2.283454
1490000 4.328279 0.728840 -2.107953
1500000 3.038124 0.783795 -2.112290
1510000 3.422470 0.804122 -2.156683
1520000 2.646186 0.936012 -2.192001
1530000 2.812277 0.747856 -2.220843
1540000 3.044012 0.841617 -2.341260
1550000 2.589663 0.944895 -2.377768
1560000 2.296057 0.790308 -2.292800
1570000 2.404033 0.800530 -2.209730
1580000 2.297347 0.792749 -2.229919
1590000 2.047182 0.824975 -2.344210
1600000 2.155115 0.767206 -2.304161
1610000 2.739508 0.807135 -2.266413
1620000 3.433665 0.770698 -2.146107
1630000 4.376780 0.886083 -2.180264
1640000 4.610512 0.855824 -2.273246
1650000 4.427647 0.787133 -2.235069
1660000 3.547360 0.840758 -2.349699
1670000 3.359185 1.032600 -2.313399
1680000 3.795192 0.945386 -2.231508
1690000 3.301090 0.879821 -2.443636
1700000 3.408351 0.989095 -2.175058
1710000 4.050287 0.843510 -2.241285
1720000 4.652591 0.893475 -2.243418
1730000 4.711687 0.815353 -2.328308
1740000 3.997577 0.847194 -2.225665
1750000 4.662257 0.898390 -2.174036
1760000 4.197564 0.786487 -2.292300
1770000 4.257235 1.031854 -2.186139
1780000 3.486033 1.026182 -2.304351
1790000 3.231028 0.836639 -2.374238
1800000 2.791619 0.847231 -2.268762
1810000 2.720296 0.909022 -2.337452
1820000 2.082126 0.762627 -2.311707
1830000 2.533988 0.854575 -2.219701
1840000 2.087865 0.843512 -2.353362
1850000 1.603112 0.889174 -2.374143
1860000 1.272843 0.796620 -2.225949
1870000 0.546842 1.012428 -2.446109
1880000 0.833259 0.917823 -2.249809
1890000 0.921712 0.902160 -2.217124
1900000 1.192359 0.790714 -2.202122
1910000 1.146980 0.870524 -2.293936
1920000 1.025973 0.914075 -2.338362
1930000 1.079212 0.759981 -2.158376
1940000 0.913717 0.872849 -2.251738
1950000 1.010610 1.011308 -2.241586
1960000 0.613576 0.968392 -2.329719
1970000 1.214409 0.852185 -2.198949
1980000 1.038341 0.899437 -2.380103
1990000 0.836046 0.926599 -2.238448
2000000 1.288557 0.822320 -2.239578
2010000 1.277905 0.764094 -2.267593
2020000 1.360853 0.795063 -2.289601
2030000 1.524621 0.742163 -2.289675
2040000 1.410719 0.896834 -2.275636
2050000 1.365244 0.883275 -2.335725
2060000 1.793900 0.766428 -2.230654
2070000 1.579105 0.939057 -2.251183
2080000 1.534046 0.975641 -2.346221
2090000 1.645207 0.883599 -2.171070
2100000 1.844163 0.896105 -2.319117
2110000 2.267513 0.918276 -2.224370
2120000 2.309025 0.845038 -2.256851
2130000 2.038020 0.900985 -2.204825
2140000 2.608501 0.826415 -2.371077
2150000 1.379974 0.842839 -2.260196
2160000 1.203832 0.892416 -2.370649
2170000 1.423752 0.823266 -2.186089
2180000 1.490124 0.892199 -2.395852
2190000 1.160358 0.821294 -2.305535
2200000 1.079518 0.956035 -2.258129
2210000 1.089497 0.868663 -2.275836
2220000 1.169011 0.985279 -2.249023
2230000 1.053778 0.733443 -2.293438
2240000 1.041972 0.742947 -2.321691
2250000 0.621733 0.982399 -2.321530
2260000 0.819077 0.837426 -2.395221
2270000 0.685520 0.909907 -2.289902
2280000 0.836219 0.874213 -2.216055
2290000 0.697031 0.819039 -2.310153
2300000 0.901271 0.836826 -2.281656
2310000 1.057322 0.882278 -2.281292
2320000 1.278294 0.775826 -2.213737
2330000 1.582791 0.893635 -2.301629
2340000 2.332357 0.877344 -2.266250
2350000 2.827471 0.906908 -2.208078
2360000 3.925452 0.912998 -2.264433
2370000 4.472947 0.842841 -2.278987
2380000 4.834722 1.042225 -2.299494
2390000 3.825276 0.912530 -2.149767
2400000 3.227057 0.969245 -2.310988
2410000 3.443583 0.804217 -2.288263
2420000 3.853698 0.856317 -2.122349
2430000 3.779818 0.763003 -2.217138
2440000 4.095667 0.912049 -2.357473
2450000 3.659244 0.816773 -2.268077
2460000 3.084189 1.013176 -2.276915
2470000 2.641739 0.932490 -2.331866
2480000 2.341427 0.865689 -2.354449
2490000 2.041369 0.913491 -2.312570
2500000 2.593230 0.731654 -2.280035
2510000 2.384817 0.892556 -2.296777
2520000 2.753857 0.825232 -2.275850
2530000 3.010931 0.799308 -2.346973
2540000 2.922285 1.052250 -2.317120
2550000 2.559046 0.857581 -2.263719
2560000 2.955074 0.952940 -2.298356
2570000 3.087496 0.918347 -2.344926
2580000 2.315605 0.817114 -2.201565
2590000 3.944718 0.841781 -2.316433
2600000 4.464648 0.758621 -2.129423
2610000 4.656586 0.884069 -2.348802
2620000 4.479583 0.822583 -2.384203
2630000 4.187997 0.898512 -2.206095
2640000 3.789785 0.813110 -2.301779
2650000 4.780505 0.812202 -2.233181
2660000 4.749194 0.841195 -2.227398
2670000 4.080067 0.843942 -2.266387
2680000 3.557085 0.797676 -2.324113
2690000 3.485375 0.833352 -2.332855
2700000 4.467391 0.923311 -2.186126
2710000 3.840307 0.864496 -2.155403
2720000 4.666203 0.851530 -2.215461
2730000 4.771205 0.931959 -2.248677
2740000 4.306166 0.925179 -2.267878
2750000 3.375026 0.916152 -2.238621
2760000 3.215973 0.750452 -2.292694
2770000 3.591049 0.889563 -2.260325
2780000 4.926126 0.903294 -2.122300
2790000 4.968655 0.853890 -2.193492
2800000 4.071385 0.967217 -2.134107
2810000 4.539986 0.910368 -2.251237
2820000 4.290662 0.813000 -2.282378
2830000 3.662925 0.726158 -2.278628
2840000 4.348905 0.668869 -2.281786
2850000 4.826666 0.853001 -2.305431
2860000 4.679832 0.854274 -2.152347
2870000 4.088632 0.851709 -2.347435
2880000 4.796487 0.903842 -2.228221
2890000 4.838203 0.866780 -2.356807
2900000 4.411152 0.815313 -2.260582
2910000 3.206280 0.873125 -2.306845
2920000 2.886818 0.783489 -2.203587
2930000 2.428425 0.882548 -2.311251
2940000 2.265476 0.804626 -2.142133
2950000 2.031264 0.788720 -2.270775
2960000 1.760688 0.911624 -2.315370
2970000 1.923236 0.804791 -2.251973
2980000 1.858156 0.904886 -2.316776
2990000 2.359074 0.966131 -2.156947
3000000 2.493102 0.875764 -2.288466
3010000 3.227948 0.942103 -2.276059
3020000 3.585605 0.922485 -2.293630
3030000 3.999983 0.761189 -2.324361
3040000 3.485438 0.893065 -2.267800
3050000 3.461833 0.827668 -2.300429
3060000 3.878674 0.933590 -2.295537
3070000 3.247092 0.776143 -2.329218
3080000 2.976521 0.870421 -2.318416
3090000 2.810729 0.818021 -2.239620
3100000 3.339209 0.873760 -2.259108
3110000 3.648529 0.929238 -2.430515
3120000 2.888921 1.000226 -2.389163
3130000 2.406899 0.927531 -2.257413
3140000 2.867116 0.868385 -2.244967
3150000 2.439122 0.746203 -2.253592
3160000 2.281792 0.885060 -2.303798
3170000 2.424220 0.899303 -2.360941
3180000 1.770293 0.876397 -2.395630
3190000 1.557213 0.945892 -2.271179
3200000 1.361846 0.970795 -2.342085
3210000 1.939833 0.929576 -2.253057
3220000 1.575838 0.862519 -2.333646
3230000 1.252521 0.803934 -2.237956
3240000 1.163728 0.801681 -2.263383
3250000 1.479852 0.921925 -2.424063
3260000 1.632573 1.010291 -2.277802
3270000 1.784666 0.914475 -2.299058
3280000 2.131372 0.885004 -2.352842
3290000 1.942151 0.922936 -2.105060
3300000 1.254339 0.754291 -2.175523
3310000 1.166850 0.877785 -2.281029
3320000 1.084644 0.813433 -2.152617
3330000 1.033521 0.817638 -2.279088
3340000 1.102565 0.866867 -2.244383
3350000 1.714172 0.927901 -2.377449
3360000 1.684507 1.051752 -2.205650
3370000 1.724176 0.902144 -2.239255
3380000 1.602351 0.971409 -2.370558
3390000 1.595007 0.875378 -2.197351
3400000 1.764063 0.855461 -2.260845
3410000 2.070516 0.832943 -2.240958
3420000 2.633892 0.859274 -2.217240
3430000 2.546588 0.875843 -2.242303
3440000 2.432649 0.787930 -2.322508
3450000 2.873351 0.906132 -2.351370
3460000 3.503243 0.881676 -2.405332
3470000 3.103376 0.961198 -2.230061
3480000 3.878312 0.885992 -2.244772
3490000 4.185425 0.948102 -2.146598
3500000 4.784755 0.928198 -2.301311
3510000 4.984829 0.969589 -2.334977
3520000 4.073607 0.789967 -2.201464
3530000 4.354094 1.019007 -2.273953
3540000 3.993424 0.861040 -2.408423
3550000 3.809780 0.903079 -2.217737
3560000 3.833939 0.995461 -2.355447
3570000 4.028820 0.957347 -2.389828
3580000 3.603158 0.802980 -2.219153
3590000 2.873649 0.964120 -2.167354
3600000 2.740054 0.883741 -2.198452
3610000 2.383378 0.838011 -2.222551
3620000 2.401704 0.934204 -2.202523
3630000 2.301708 0.981682 -2.209906
3640000 2.048468 0.763951 -2.236210
3650000 1.918830 0.936674 -2.320445
3660000 1.303718 0.927511 -2.286457
3670000 1.085381 0.962713 -2.310408
3680000 1.195306 0.781574 -2.253759
3690000 0.928971 0.812432 -2.272198
3700000 1.031915 0.812351 -2.323569
3710000 0.846690 0.951453 -2.265579
3720000 0.526109 1.233736 -2.242351
3730000 0.498771 1.150227 -2.310504
3740000 0.642679 1.064592 -2.365296
3750000 0.740869 0.979958 -2.219182
3760000 0.646188 0.974241 -2.284233
3770000 0.633390 0.997661 -2.341173
3780000 0.742793 0.967687 -2.211144
3790000 0.846940 0.965486 -2.280944
3800000 0.727461 0.831108 -2.404213
3810000 1.180922 0.865513 -2.274291
3820000 1.048774 0.853561 -2.214940
3830000 0.899416 0.879646 -2.253879
3840000 0.944386 0.806718 -2.233003
3850000 0.887419 0.854069 -2.256930
3860000 0.764265 1.006259 -2.403645
3870000 0.802617 0.777632 -2.268354
3880000 0.771014 0.821520 -2.345873
3890000 0.775745 0.823441 -2.278765
3900000 0.531585 0.947789 -2.359462
3910000 0.602348 0.788469 -2.360076
3920000 0.607290 0.912868 -2.340040
3930000 0.655688 0.767926 -2.348464
3940000 0.768307 0.831476 -2.226771
3950000 0.800121 0.909856 -2.298148
3960000 0.905831 0.838722 -2.229177
3970000 0.887844 0.852042 -2.243734
3980000 0.820592 0.860215 -2.142537
3990000 0.994205 0.850196 -2.308399
4000000 1.266420 0.895488 -2.302124
