100000 2.603612 0.922538 -2.932838
110000 2.456165 0.917540 -3.032914
120000 1.718381 0.844800 -2.937547
130000 1.055547 0.858292 -2.986073
140000 1.845231 0.938979 -2.867067
150000 0.882716 0.942882 -2.913171
160000 0.863102 0.873050 -2.736819
170000 0.949562 0.942747 -2.935615
180000 1.305261 0.807762 -2.843545
190000 0.754713 0.840924 -3.059111
200000 0.870652 1.008842 -3.073940
210000 1.400749 0.927562 -2.998504
220000 1.775705 0.863167 -2.939150
230000 2.163971 0.850798 -3.036443
240000 2.737089 0.896102 -2.922349
250000 2.198599 0.919197 -2.983266
260000 1.632808 0.825211 -2.864413
270000 2.646390 0.787587 -2.988003
280000 4.606977 0.792029 -2.902075
290000 4.297504 0.855019 -2.859045
300000 4.054609 0.813576 -2.956446
310000 4.292562 1.015058 -2.936181
320000 3.218274 1.005963 -2.896745
330000 3.389320 0.871621 -2.998979
340000 4.092737 0.916138 -2.884652
350000 4.886619 0.901813 -2.997959
360000 4.841601 0.849002 -2.996182
370000 4.636211 0.893997 -2.945732
380000 4.972962 0.947957 -2.986074
390000 3.274441 0.992844 -3.058140
400000 2.697488 0.788674 -2.842692
410000 3.173755 0.897754 -3.053509
420000 4.214375 0.964148 -2.937985
430000 3.690784 0.918076 -2.971297
440000 4.252557 0.913291 -3.005576
450000 4.992242 0.772949 -3.040261
460000 5.025119 0.808509 -2.974631
470000 4.279351 0.928492 -3.068058
480000 4.512103 0.885578 3.061000
490000 3.542874 0.869795 -3.026203
500000 2.301419 0.920536 -2.925644
510000 2.057006 0.874336 -2.926563
520000 1.990585 0.645052 -2.944556
530000 1.716789 0.973985 -2.995202
540000 2.310729 0.964286 -3.078749
550000 1.942663 0.917433 -2.931400
560000 1.243694 0.910780 -2.900150
570000 0.804414 1.013970 -2.947510
580000 0.647404 0.839207 -2.997261
590000 1.049800 0.737208 -2.872172
600000 1.382082 0.802364 -2.874160
610000 1.478357 0.854782 -2.965377
620000 1.159321 0.837874 -2.882867
630000 1.681049 0.832236 -2.979343
640000 1.531108 0.971337 -2.936003
650000 1.495869 0.917923 -2.984457
660000 1.317844 0.913558 -3.018812
670000 1.198925 0.911964 -2.920113
680000 1.499782 0.905338 -2.979211
690000 1.005024 0.952277 -2.903398
700000 0.812336 1.050697 -2.969857
710000 0.587926 0.817944 -2.975449
720000 0.776978 0.758046 -2.945657
730000 0.794537 0.844751 -2.958139
740000 0.948623 0.873874 -2.971312
750000 0.968768 0.919255 -2.994675
760000 1.312433 0.981711 -2.797165
770000 1.475391 0.933176 -2.944439
780000 1.988964 0.925352 -3.003480
790000 2.654223 0.961358 -2.992520
800000 2.426270 0.798933 -2.946882
810000 2.981886 0.917539 -3.106968
820000 2.977282 0.860599 -3.001475
830000 3.485882 0.864937 -2.941946
840000 3.135688 0.812789 -2.924593
850000 4.336376 0.804208 -2.927535
860000 4.137004 0.902313 -3.069714
870000 4.659390 0.836069 -2.982904
880000 3.062547 0.818525 -2.973627
890000 2.993439 0.892126 -2.911393
900000 2.633032 0.960284 -2.972011
910000 2.319295 0.946505 -3.047181
920000 2.263625 0.776668 -2.953449
930000 2.873648 0.943393 -2.925084
940000 3.375386 0.860460 -2.992154
950000 3.473852 0.846991 -2.999658
960000 3.432315 0.977240 -3.033876
970000 4.547420 0.916689 -2.913452
980000 3.651021 0.915774 -2.950635
990000 3.570145 0.913814 -2.879707
1000000 4.390541 0.890508 -3.067886
1010000 4.672679 0.851663 -2.899492
1020000 3.797717 0.841808 -3.016353
1030000 3.119031 0.943597 -2.804264
1040000 3.633601 0.790841 -2.888201
1050000 2.818507 0.850320 -2.970549
1060000 3.895580 0.822476 -2.941075
1070000 4.936640 0.984827 -2.957293
1080000 4.456812 0.867915 -2.940512
1090000 2.605548 0.760638 -3.008111
1100000 2.813733 0.870083 -3.125612
1110000 2.289552 0.862049 -2.827058
1120000 2.723365 0.778406 -2.795683
1130000 2.051444 0.991597 -2.985217
1140000 2.336387 0.910520 -3.016561
1150000 3.343705 0.771047 -2.963340
1160000 3.390199 0.875178 -2.987395
1170000 3.896849 0.940978 -2.945956
1180000 4.501331 0.821645 -3.113062
1190000 4.306598 0.868347 -2.925683
1200000 4.918181 0.968413 -2.917373
1210000 4.214240 0.819831 -2.996092
1220000 4.747984 0.890725 -2.982346
1230000 4.930281 0.808003 -2.915992
1240000 4.601878 0.875553 -3.033384
1250000 3.878063 0.836256 -3.018394
1260000 3.860426 0.922204 -2.938100
1270000 3.742833 0.765170 -2.903255
1280000 3.972106 0.667788 -2.995926
1290000 3.072199 0.836288 -2.986356
1300000 2.542838 0.770248 -2.846842
1310000 2.573630 0.965493 -2.957064
1320000 1.855469 0.963077 -2.962451
1330000 1.689243 0.874455 -2.991947
1340000 2.091632 0.851153 -2.887474
1350000 2.217732 0.825156 -2.946803
1360000 2.693776 0.890994 -3.069232
1370000 3.120366 0.983671 -3.012116
1380000 3.765164 0.843874 -2.972614
1390000 4.889513 0.929073 -3.020969
1400000 4.164301 0.895057 -2.998067
1410000 3.493215 0.774788 -2.928311
1420000 3.659533 0.819563 -3.000369
1430000 4.966218 0.939410 -2.987171
1440000 4.663265 0.972617 -2.924646
1450000 4.471261 0.725728 -2.907815
1460000 4.075207 0.879752 -2.997151
1470000 3.097203 0.935264 -2.990156
1480000 3.105506 1.028957 -2.947891
1490000 3.510796 0.783172 -2.954666
1500000 2.340968 1.016955 -2.990779
1510000 2.759647 0.744980 -2.971842
1520000 3.604984 0.865269 -2.842770
1530000 3.007931 0.764542 -3.049382
1540000 3.290662 0.833916 -2.868624
1550000 3.730727 0.878537 -3.002884
1560000 3.824471 0.758423 -2.950188
1570000 4.510462 0.926050 -2.811096
1580000 4.576214 0.822091 -2.909414
1590000 4.312957 0.906678 -3.045602
1600000 3.841119 0.876995 -2.972998
1610000 2.632098 0.772424 -3.037203
1620000 2.278958 0.755224 -3.042037
1630000 2.211269 0.814427 -2.809860
1640000 1.814996 0.841081 -2.802019
1650000 1.730225 0.763662 -2.991113
1660000 1.382692 0.816256 -2.976665
1670000 1.247220 0.908141 -3.025866
1680000 1.495184 0.823099 -3.081065
1690000 1.532303 0.873083 -3.001062
1700000 1.337979 0.988137 -3.019133
1710000 1.464557 0.918644 -3.030471
1720000 2.096169 0.827313 -2.803454
1730000 2.434841 0.997426 -3.005555
1740000 2.163414 0.887833 -2.982088
1750000 1.730329 0.997109 -2.869792
1760000 1.506097 0.813381 -2.910385
1770000 1.704056 0.752333 -2.988415
1780000 1.660426 0.779777 -2.889039
1790000 1.424897 0.760444 -2.869793
1800000 1.387712 1.015832 -2.920759
1810000 1.123728 0.922658 -2.923591
1820000 1.055804 0.757272 -3.038233
1830000 0.916095 0.849675 -2.975422
1840000 0.727180 0.776985 -2.961366
1850000 0.736467 0.881338 -2.885716
1860000 1.039842 0.765483 -2.945722
1870000 0.979042 0.847108 -2.975276
1880000 1.274768 0.830136 -3.009457
1890000 1.193407 0.859311 -2.962054
1900000 1.410290 0.988232 -3.040962
1910000 0.945424 1.034060 -3.045376
1920000 1.040693 0.964667 -2.871183
1930000 0.680857 0.888689 -3.046116
1940000 1.001801 0.887111 -2.926594
1950000 1.009320 0.788775 -2.860346
1960000 1.141053 0.885079 -2.940677
1970000 0.635312 0.933527 -2.998391
1980000 0.503410 0.905097 -3.128191
1990000 0.502131 0.929466 -2.944944
2000000 0.788201 0.869108 -2.884597
2010000 0.773287 0.818264 -2.993056
2020000 0.807352 0.839659 -3.027105
2030000 2.112022 0.772846 -2.945355
2040000 2.341635 0.900367 -2.911498
2050000 3.654887 0.898306 -2.842639
2060000 4.610026 0.785735 -2.982729
2070000 4.568028 0.980546 -3.101748
2080000 3.665546 0.840965 -2.993976
2090000 3.227324 0.825231 -2.933695
2100000 3.000579 0.789083 -2.967284
2110000 5.034545 0.844942 -2.961574
2120000 4.854152 0.863952 -2.898990
2130000 4.891098 0.833446 -2.933582
2140000 4.953669 0.903728 -3.023659
2150000 4.810009 0.786337 -2.981429
2160000 4.420225 0.813078 -2.869681
2170000 4.642249 0.719209 -3.027310
2180000 4.574719 0.723235 -2.951763
2190000 4.137544 0.899865 -3.026850
2200000 4.304198 0.910442 -2.987227
2210000 3.093772 0.727926 -2.984008
2220000 2.772668 0.827319 -3.058824
2230000 2.461486 0.858598 -3.065908
2240000 2.997090 0.856364 -2.978175
2250000 2.468673 0.799301 -2.906232
2260000 2.133923 0.903423 -2.994887
2270000 1.963432 0.794238 -3.041057
2280000 2.159497 0.803718 -3.011737
2290000 2.966768 0.790730 -3.065287
2300000 3.861447 0.827204 -2.892544
2310000 3.626535 1.015608 -3.000186
2320000 2.712137 0.794092 -3.000509
2330000 2.967316 0.912032 -3.040391
2340000 3.837270 0.914452 -3.020092
2350000 4.401811 1.023310 -3.028659
2360000 5.014260 0.825965 -3.000857
2370000 4.925573 1.007266 -2.967374
2380000 3.495494 0.940074 -3.123246
2390000 3.514767 0.787112 -3.056210
2400000 4.069664 0.850459 -3.078575
2410000 2.887395 0.972877 -2.839909
2420000 3.310825 0.862492 -3.007223
2430000 2.521139 0.985407 -2.865980
2440000 2.390355 0.933474 -2.966071
2450000 2.505898 0.809984 -2.924690
2460000 2.510256 0.912806 -2.928906
2470000 3.496019 0.911619 -3.056690
2480000 4.166753 0.834104 -2.951798
2490000 3.859646 0.856002 -2.985807
2500000 4.296502 0.807110 -3.002114
2510000 4.124700 0.848674 -2.929327
2520000 3.863743 0.923684 -3.007871
2530000 2.785770 0.752783 -2.879018
2540000 3.307466 0.867028 -3.051170
2550000 2.842669 0.826803 -2.987567
2560000 3.435885 0.902004 -3.125508
2570000 3.985788 0.964278 -3.017078
2580000 4.283524 0.846406 -3.026535
2590000 4.195928 0.946591 -3.033005
2600000 4.005500 0.871106 -2.908464
2610000 4.677699 0.893778 -2.958132
2620000 4.557811 0.927891 -2.977312
2630000 4.696779 0.915131 -3.024955
2640000 4.009394 0.937210 -2.953234
2650000 3.562526 0.867669 -2.901663
2660000 2.869502 0.835198 -2.907263
2670000 2.038807 0.741837 3.139474
2680000 1.662131 0.860175 -2.873871
2690000 1.600998 0.961818 -2.993123
2700000 1.828301 0.784860 -2.988275
2710000 2.346845 0.814799 -2.977364
2720000 2.006743 0.817724 -2.927540
2730000 2.267700 0.820370 -2.918224
2740000 3.036694 0.845095 -2.795294
2750000 2.980234 0.696717 -2.924569
2760000 3.117589 0.979871 -3.081338
2770000 2.452498 0.966432 -2.925081
2780000 2.102425 0.797755 -2.864204
2790000 1.934274 0.955221 -3.072154
2800000 2.005699 0.793844 -2.945292
2810000 1.523565 0.864980 -3.088269
2820000 1.626622 0.822197 -3.100550
2830000 1.637088 0.917780 -2.974933
2840000 1.315270 0.847079 -2.826441
2850000 1.455438 0.811383 -2.979230
2860000 1.932663 0.865261 -3.054604
2870000 1.386849 0.874692 -3.060491
2880000 1.626303 0.720152 -2.954829
2890000 1.775552 0.901681 -3.087231
2900000 1.681853 0.925829 -2.934011
2910000 2.151109 0.844383 -3.022525
2920000 2.369026 0.954162 -3.067435
2930000 3.033868 0.829761 -2.794306
2940000 2.703970 0.798671 -2.949090
2950000 2.163449 0.919845 -2.957134
2960000 2.288917 0.937191 -2.999762
2970000 2.345175 0.938525 -3.059625
2980000 2.988665 0.887227 -2.899767
2990000 2.828167 0.784575 -3.063338
3000000 3.361548 0.878029 -3.020240
3010000 3.705654 1.007645 -3.119722
3020000 3.297374 0.863022 -3.097249
3030000 3.744302 0.753117 -3.088031
3040000 4.578356 0.867743 -3.074070
3050000 4.078114 0.703610 -2.873450
3060000 3.783969 0.876057 -3.109936
3070000 3.761920 0.749796 -2.918914
3080000 4.394090 0.815820 -3.083177
3090000 4.759828 0.907080 -3.004739
3100000 4.689474 0.983148 -3.013399
3110000 4.414098 0.961664 -2.996634
3120000 4.559188 0.812193 -2.882862
3130000 5.085815 0.964678 -2.974178
3140000 3.742962 0.865064 -3.003922
3150000 3.469444 0.942161 -3.076837
3160000 3.070372 0.943567 -2.921500
3170000 3.581353 0.869220 -2.849341
3180000 3.242317 0.956946 -2.952858
3190000 3.866248 0.823291 -3.053076
3200000 3.014137 0.811225 -2.943376
3210000 4.247255 0.976662 -2.923415
3220000 4.835528 0.785967 -3.041717
3230000 4.558658 0.995257 -2.921683
3240000 4.216866 0.895393 -2.998579
3250000 4.573150 0.950903 -2.971606
3260000 4.921191 0.895112 -3.018585
3270000 5.019955 0.791786 -3.012788
3280000 4.946328 0.940843 -2.975152
3290000 4.396501 0.966385 -2.911013
3300000 3.926780 0.830380 -3.033425
3310000 3.842582 0.759839 -3.018467
3320000 3.568979 0.983677 -2.942433
3330000 3.299192 0.943886 -2.954084
3340000 3.063240 0.778459 -2.871345
3350000 3.452691 0.925288 -2.917585
3360000 3.310428 0.927859 -3.001432
3370000 3.863949 0.855394 -2.873683
3380000 2.512861 0.855449 -2.990934
3390000 2.070314 0.860940 -3.006184
3400000 1.982800 0.941979 -3.118337
3410000 1.900018 0.849773 -3.000519
3420000 1.981517 0.898838 -2.988303
3430000 2.574380 0.827677 -2.825805
3440000 2.090529 0.907720 -2.880806
3450000 1.770835 0.940207 -3.018555
3460000 1.127241 1.000729 -3.001374
3470000 1.139653 0.934283 -2.948640
3480000 1.083511 0.909321 -2.809232
3490000 1.166173 0.930612 -3.042166
3500000 1.262342 0.824951 -3.020688
3510000 1.508350 0.894117 -3.013362
3520000 1.503612 0.808678 -2.886784
3530000 1.760735 0.808383 -2.963055
3540000 1.221559 0.918504 -3.049022
3550000 0.977168 0.811232 -2.948735
3560000 0.970247 0.947336 -2.902254
3570000 0.926580 0.909846 -2.908945
3580000 0.934343 0.869500 -2.899791
3590000 1.276390 0.985786 -2.911938
3600000 1.362174 0.950296 -3.051484
3610000 1.128339 0.983265 -2.810706
3620000 0.953618 0.836569 -3.030981
3630000 1.020770 0.919885 -2.988305
3640000 0.915394 0.819143 -3.107415
3650000 0.880268 0.904246 -2.941754
3660000 0.756803 0.941767 -3.104422
3670000 0.716241 0.979886 -3.120270
3680000 0.815548 0.963155 -2.947322
3690000 1.526431 0.896633 -2.900306
3700000 1.471747 0.853309 -2.833739
3710000 1.470499 0.811814 -2.982180
3720000 2.002584 0.898587 -2.981288
3730000 2.598605 0.765158 -3.005345
3740000 2.238235 0.908670 -2.861551
3750000 2.968086 0.795581 -3.019328
3760000 2.373937 0.936476 -2.890064
3770000 2.078012 0.950394 -3.039146
3780000 2.560883 0.821796 -2.905604
3790000 3.014674 0.878636 -3.054685
3800000 3.014806 0.852789 -2.934668
3810000 2.770850 0.886140 -2.979290
3820000 2.950773 0.889896 -2.983519
3830000 2.716933 0.863728 -2.939366
3840000 2.494972 0.969888 -3.005846
3850000 2.349684 0.822081 -2.934049
3860000 2.465282 0.859080 -2.955413
3870000 3.444521 0.899704 -3.056446
3880000 4.314736 0.974116 -2.980743
3890000 4.972743 0.895739 -2.889141
3900000 4.506632 0.862466 -3.012455
3910000 4.347334 0.875730 -2.955937
3920000 4.529816 0.861093 -3.003124
3930000 3.919065 0.845034 -2.951484
3940000 3.443773 0.720415 -3.016411
3950000 3.440057 0.968549 -3.067895
3960000 4.785423 0.910325 -2.928034
3970000 5.017320 0.856748 -2.983947
3980000 4.979517 0.795003 -2.814925
3990000 4.528900 0.925610 -3.062658
4000000 4.694908 0.887118 -2.980829
