100000 1.911742 0.629456 -3.122168
110000 1.663116 0.654747 -3.100398
120000 0.871791 0.677580 3.066611
130000 1.350307 0.810472 3.063996
140000 1.826271 0.660765 3.113355
150000 2.522577 0.589571 -3.138869
160000 3.286803 0.716768 3.119209
170000 3.668392 0.723710 2.951019
180000 4.304947 0.645431 3.092791
190000 4.277738 0.746167 3.080724
200000 4.131895 0.673743 3.117335
210000 4.492049 0.888670 -3.140512
220000 2.557956 0.713389 -3.110677
230000 2.565625 0.762974 3.052780
240000 2.994232 0.652962 -3.134013
250000 4.135699 0.716058 3.109445
260000 3.622031 0.588712 3.054253
270000 2.867637 0.767643 3.088388
280000 2.208882 0.768135 -3.116758
290000 2.986574 0.609711 3.076795
300000 3.635061 0.627627 3.119419
310000 3.294532 0.618054 -3.132445
320000 4.203885 0.603113 -3.111653
330000 3.331309 0.757080 -3.020911
340000 2.109272 0.685836 3.127844
350000 1.683534 0.691909 3.116176
360000 1.297954 0.836559 -3.106278
370000 0.875169 0.808611 3.095535
380000 1.079968 0.541470 -3.102712
390000 0.893141 0.541168 -3.085584
400000 1.098781 0.779844 3.135770
410000 1.383435 0.794372 -3.093254
420000 1.467633 0.632818 3.040133
430000 1.209517 0.609675 -3.131119
440000 2.023792 0.758236 3.135206
450000 2.109492 0.576960 3.132399
460000 2.032138 0.800368 3.100353
470000 2.390509 0.714942 3.015206
480000 2.812418 0.700451 3.073903
490000 3.658472 0.808708 -3.109479
500000 4.812822 0.708186 -3.065277
510000 4.915767 0.591935 -3.058869
520000 3.985667 0.644118 3.041751
530000 4.829814 0.743590 -2.975639
540000 4.408729 0.701513 3.070675
550000 5.003719 0.741864 -3.036714
560000 4.648997 0.791513 -3.141333
570000 3.747429 0.604456 -3.066595
580000 3.547395 0.657293 3.104030
590000 4.460541 0.689142 -3.105953
600000 4.254215 0.690220 3.107849
610000 4.719363 0.693423 -3.103015
620000 4.851730 0.693713 -3.131578
630000 4.646319 0.736828 -3.099757
640000 4.819929 0.680642 -3.084358
650000 3.465155 0.721235 -3.087968
660000 2.985965 0.745043 -3.070556
670000 3.387099 0.749477 3.060122
680000 3.635796 0.551602 -3.014234
690000 3.842650 0.620823 3.036285
700000 4.991031 0.636995 3.132584
710000 4.448854 0.800949 3.069244
720000 3.139375 0.736869 3.004138
730000 2.590384 0.813595 -3.125672
740000 3.397299 0.794240 -3.061507
750000 3.981641 0.820456 3.032464
760000 3.347601 0.679425 3.071702
770000 2.485421 0.576117 -3.100826
780000 1.783520 0.543894 -3.074904
790000 2.112307 0.682079 -3.138452
800000 2.574504 0.579954 -3.140483
810000 1.654022 0.669701 -3.122170
820000 1.688216 0.733864 3.100102
830000 1.796963 0.640741 3.096987
840000 2.093741 0.718843 -2.938343
850000 1.770852 0.680449 -3.128514
860000 1.968337 0.770571 3.097054
870000 1.230205 0.659333 -3.085853
880000 0.957534 0.758123 3.130914
890000 0.818267 0.720144 -3.072219
900000 1.385018 0.813311 -3.029696
910000 1.159051 0.701273 -3.075254
920000 1.564117 0.612600 3.099254
930000 2.421671 0.629193 3.107568
940000 2.402503 0.650476 -3.088945
950000 3.151832 0.739134 -3.088395
960000 2.943729 0.827726 -3.083642
970000 2.290482 0.699870 -3.107339
980000 2.137320 0.776392 3.138865
990000 3.133023 0.723096 -3.078519
1000000 4.199853 0.765538 3.084172
1010000 2.950169 0.666831 3.067449
1020000 3.036522 0.679082 3.024765
1030000 4.576254 0.747266 -3.046611
1040000 4.156972 0.800286 -2.986935
1050000 5.074163 0.786089 -3.095478
1060000 3.473403 0.637083 -3.126401
1070000 2.839650 0.868032 -3.057721
1080000 2.332861 0.671638 3.136352
1090000 2.243641 0.801943 3.091000
1100000 2.317642 0.636784 3.054975
1110000 2.235380 0.657643 3.109071
1120000 2.265258 0.551202 3.101670
1130000 2.943292 0.602178 -3.110418
1140000 2.998738 0.768037 3.079512
1150000 4.343565 0.816472 -3.103752
1160000 4.484414 0.740577 3.050097
1170000 3.225735 0.607713 -3.117774
1180000 3.789959 0.752935 2.992642
1190000 4.643350 0.732518 3.141289
1200000 4.597728 0.768559 -2.990646
1210000 4.548994 0.767133 3.011037
1220000 4.835184 0.725465 -3.131629
1230000 4.903964 0.619059 -3.057783
1240000 4.511533 0.683975 3.066410
1250000 4.951138 0.731487 -3.031152
1260000 5.036919 0.795411 -3.123138
1270000 3.917933 0.739547 3.114108
1280000 3.298867 0.603822 -3.126186
1290000 2.846185 0.763189 3.074222
1300000 2.577947 0.617472 -3.095855
1310000 3.266739 0.633486 3.060349
1320000 2.882821 0.688882 -3.096178
1330000 3.088355 0.691238 -3.099231
1340000 3.921739 0.674488 -3.059706
1350000 3.255168 0.621452 -3.052993
1360000 3.064143 0.659309 -3.089820
1370000 2.615480 0.746545 -3.094441
1380000 3.040467 0.781061 -3.039431
1390000 3.680066 0.689215 -3.116205
1400000 3.736465 0.537271 -3.085498
1410000 4.566831 0.681125 -3.139941
1420000 4.594696 0.626927 3.116966
1430000 4.438089 0.686232 -3.091397
1440000 3.775681 0.710410 -3.102251
1450000 3.686050 0.663536 -3.131791
1460000 2.586796 0.626887 -3.085851
1470000 3.767519 0.730805 -2.998079
1480000 4.532266 0.763272 3.032290
1490000 4.708795 0.661454 3.064664
1500000 4.817905 0.714742 3.109578
1510000 4.439876 0.752920 3.075841
1520000 4.394696 0.727373 -3.138698
1530000 4.700252 0.767015 -3.086464
1540000 4.328741 0.691542 -3.110909
1550000 4.139867 0.659606 3.072862
1560000 3.763556 0.686667 3.049887
1570000 4.381305 0.590685 -2.961419
1580000 2.939907 0.653802 3.061728
1590000 2.409504 0.663224 2.923807
1600000 3.046253 0.636281 3.066422
1610000 3.093229 0.577466 3.035473
1620000 4.480394 0.575268 3.065301
1630000 4.559853 0.717279 -3.061745
1640000 4.859534 0.667278 3.033168
1650000 4.793466 0.541737 3.140733
1660000 4.566312 0.772421 3.081738
1670000 4.046167 0.845720 -3.111360
1680000 2.235124 0.714466 3.089258
1690000 2.148959 0.643878 -3.067050
1700000 1.489318 0.699341 -3.054113
1710000 1.054214 0.740404 3.075627
1720000 1.041474 0.761925 3.070011
1730000 1.453029 0.675133 3.090610
1740000 1.776168 0.549635 3.087765
1750000 2.032464 0.777034 3.129110
1760000 1.671203 0.815154 3.019993
1770000 1.844591 0.751681 -3.064107
1780000 2.268314 0.680697 3.047237
1790000 1.578034 0.555151 -3.037840
1800000 2.408273 0.701007 3.079698
1810000 2.293281 0.760132 -3.125240
1820000 1.757669 0.654895 2.977468
1830000 1.743598 0.674936 3.084865
1840000 1.419686 0.576246 3.095871
1850000 1.588505 0.634064 -3.124704
1860000 1.483107 0.765856 3.102316
1870000 0.967550 0.732818 2.985039
1880000 0.561853 0.653195 3.088785
1890000 0.816949 0.577951 2.919497
1900000 0.810746 0.700156 -3.031247
1910000 0.975142 0.565302 3.062997
1920000 1.024703 0.557695 -3.108190
1930000 0.799579 0.809034 3.090462
1940000 0.576870 0.621889 3.141148
1950000 0.750246 0.661457 -3.085702
1960000 1.134571 0.856465 3.104664
1970000 1.156684 0.832313 3.050432
1980000 1.373738 0.733840 3.091273
1990000 1.074242 0.790145 -3.090266
2000000 1.262538 0.662057 3.025660
2010000 1.364079 0.723377 3.041426
2020000 1.248126 0.790824 -3.108716
2030000 0.757401 0.817605 -3.126473
2040000 0.830848 0.640232 -3.067187
2050000 0.838186 0.764212 -3.132551
2060000 0.835623 0.759110 3.135076
2070000 0.923095 0.793647 3.093304
2080000 1.029405 0.572133 3.096829
2090000 0.856257 0.637403 3.099404
2100000 0.521060 0.745307 3.103479
2110000 0.603733 0.640664 3.129697
2120000 0.599263 0.700271 -3.140015
2130000 0.665782 0.784119 -3.053583
2140000 0.506557 0.646491 -3.122323
2150000 1.180663 0.668678 3.109935
2160000 1.360184 0.642095 -3.054041
2170000 1.085153 0.770274 3.138369
2180000 1.109127 0.817646 -3.106482
2190000 1.047924 0.660479 3.132702
2200000 0.914868 0.693949 -3.127954
2210000 0.998759 0.632962 -3.018812
2220000 0.931746 0.585480 3.116942
2230000 0.812664 0.620399 -3.126620
2240000 0.852046 0.785839 -3.130996
2250000 0.877358 0.703600 -3.060984
2260000 0.777249 0.658777 -3.127958
2270000 1.113806 0.789665 -3.071561
2280000 1.658404 0.715968 3.137039
2290000 2.070532 0.823809 -3.140841
2300000 2.626917 0.690224 -3.034174
2310000 3.270745 0.554431 -3.023813
2320000 2.156508 0.743531 -3.083183
2330000 2.429514 0.731574 3.093624
2340000 3.318271 0.634214 -3.018108
2350000 3.990614 0.774106 -3.132660
2360000 3.331925 0.768003 -3.047705
2370000 2.813844 0.675156 -3.135952
2380000 4.122099 0.704945 -3.134100
2390000 3.137537 0.806018 2.989401
2400000 2.406243 0.654368 -3.075005
2410000 2.725505 0.759621 -3.070469
2420000 3.387351 0.732504 3.106160
2430000 3.000881 0.774412 2.997415
2440000 3.812385 0.860885 3.077170
2450000 4.145970 0.713221 3.092035
2460000 4.183519 0.740448 -3.123768
2470000 3.008971 0.868239 -3.046194
2480000 2.454756 0.825109 3.131401
2490000 2.185480 0.599323 -3.110617
2500000 1.952814 0.659792 -3.029299
2510000 2.876337 0.670389 3.135671
2520000 2.674639 0.539889 -3.126955
2530000 2.368699 0.636047 -3.108189
2540000 2.501183 0.733111 -3.122946
2550000 1.939930 0.631278 -3.068743
2560000 1.861416 0.557225 -2.989041
2570000 1.945760 0.723428 -3.128252
2580000 1.735683 0.835201 -3.131399
2590000 2.596092 0.734140 -3.123183
2600000 3.139975 0.669860 3.122551
2610000 4.765006 0.648527 3.104174
2620000 4.728922 0.723892 3.040350
2630000 4.180335 0.666495 -3.114023
2640000 4.754077 0.727331 -3.034246
2650000 4.957506 0.565527 -3.136723
2660000 4.474567 0.718140 -3.125338
2670000 3.337748 0.699755 3.015353
2680000 3.095812 0.479305 3.062622
2690000 2.938613 0.701683 3.040995
2700000 2.152938 0.750251 3.068730
2710000 2.414497 0.665120 3.019855
2720000 2.862077 0.642624 3.035952
2730000 1.706320 0.650030 3.045562
2740000 2.321776 0.669308 3.072216
2750000 1.689580 0.607437 3.133414
2760000 1.451535 0.722486 3.063017
2770000 1.453712 0.671121 3.140100
2780000 1.512019 0.689674 -3.124709
2790000 1.833153 0.749499 3.076603
2800000 1.332346 0.633761 3.136585
2810000 1.331355 0.716890 -3.102727
2820000 1.280681 0.787565 3.030024
2830000 1.400312 0.556685 3.130661
2840000 1.694429 0.666645 -3.140485
2850000 1.552356 0.776455 -3.089219
2860000 1.638437 0.721143 3.056637
2870000 1.379503 0.651710 3.140643
2880000 1.110850 0.696406 3.108179
2890000 1.160183 0.722680 3.138514
2900000 1.017040 0.699183 -3.058560
2910000 0.911483 0.837671 -3.021331
2920000 1.044356 0.704752 -3.108327
2930000 0.876870 0.650984 -3.060899
2940000 0.866495 0.701519 -3.003103
2950000 0.857713 0.648302 -3.107618
2960000 0.936113 0.756265 -3.087437
2970000 0.683549 0.810827 -3.087126
2980000 0.965472 0.655110 3.135104
2990000 0.971953 0.754627 3.134369
3000000 1.142376 0.632533 -3.088765
3010000 1.369762 0.794726 -2.931630
3020000 1.035680 0.708264 -3.098994
3030000 1.167505 0.595968 3.052025
3040000 1.371825 0.695199 3.124528
3050000 2.052413 0.739185 -3.038899
3060000 1.855661 0.761617 3.073494
3070000 1.751707 0.662368 3.092275
3080000 2.074199 0.663867 -3.135164
3090000 2.836656 0.650145 -3.036856
3100000 3.665781 0.681786 3.120960
3110000 3.645433 0.560620 -3.084229
3120000 5.069591 0.762212 -3.085059
3130000 4.911854 0.645772 3.130923
3140000 4.938893 0.778115 -3.065170
3150000 4.980408 0.679944 -3.112893
3160000 4.366621 0.659163 -3.086134
3170000 4.073035 0.497262 3.128323
3180000 4.280144 0.661505 2.993085
3190000 3.894833 0.816016 -2.959139
3200000 3.586361 0.778545 3.068041
3210000 3.359845 0.824300 3.091252
3220000 3.630186 0.665421 3.085602
3230000 4.029125 0.822351 3.114984
3240000 3.892408 0.720581 -3.076971
3250000 4.715164 0.761873 3.083239
3260000 3.774456 0.709155 3.029299
3270000 4.645886 0.692423 -3.139499
3280000 3.633431 0.657564 3.113856
3290000 4.272260 0.760937 -3.060058
3300000 4.611338 0.645381 3.128668
3310000 4.557733 0.694680 3.094478
3320000 4.225968 0.692952 3.081390
3330000 2.999157 0.723575 3.070963
3340000 3.473291 0.721913 -3.104777
3350000 2.948829 0.726617 -3.131552
3360000 3.613228 0.746203 3.096235
3370000 3.078851 0.659750 3.018818
3380000 3.669755 0.736099 3.110530
3390000 4.249976 0.617271 3.078753
3400000 4.078018 0.630507 -3.062187
3410000 4.758612 0.704097 -3.124982
3420000 4.031893 0.750615 3.073060
3430000 4.870422 0.603728 -3.121617
3440000 4.144645 0.694758 -3.023919
3450000 3.090558 0.698241 3.119065
3460000 2.784748 0.599520 -3.038223
3470000 2.866654 0.729484 -3.099376
3480000 2.671090 0.580634 3.123318
3490000 2.438860 0.607908 3.069591
3500000 2.615338 0.654949 -3.122868
3510000 3.483245 0.612954 3.121583
3520000 4.487626 0.766515 -3.090882
3530000 4.969324 0.786314 -2.991525
3540000 4.601838 0.718831 -3.070340
3550000 4.490201 0.643490 3.114147
3560000 4.464209 0.667024 -3.076767
3570000 3.553570 0.723773 3.109558
3580000 3.286468 0.716887 3.115990
3590000 4.588916 0.801599 -3.086281
3600000 4.922925 0.624359 3.083832
3610000 3.475720 0.778280 -3.130808
3620000 3.714978 0.698614 -2.988017
3630000 3.044630 0.615647 -3.067125
3640000 4.345642 0.793234 3.125927
3650000 3.908672 0.737035 -3.122171
3660000 4.796998 0.691887 3.110789
3670000 4.501456 0.578935 3.104205
3680000 4.847568 0.770916 3.001679
3690000 4.714581 0.689502 -3.134830
3700000 4.832047 0.610040 3.131769
3710000 4.946774 0.706946 -3.096223
3720000 4.556696 0.646643 3.125716
3730000 3.337762 0.674559 -3.136096
3740000 2.664133 0.606745 -3.021249
3750000 2.439734 0.589061 3.094190
3760000 2.390484 0.738616 2.953680
3770000 2.261637 0.743356 3.112421
3780000 2.371991 0.818682 -3.058091
3790000 2.185707 0.799997 3.094780
3800000 1.787258 0.656433 -3.068317
3810000 2.342505 0.693682 -3.132480
3820000 2.292605 0.638035 -3.022261
3830000 1.821720 0.658746 3.092481
3840000 1.557166 0.581540 3.102905
3850000 1.659555 0.692711 3.002598
3860000 1.437571 0.801015 -3.121143
3870000 1.736407 0.539447 3.101727
3880000 1.513998 0.657583 -3.015149
3890000 1.460232 0.838003 3.005475
3900000 1.370291 0.682553 -3.126621
3910000 1.566563 0.683740 -3.115149
3920000 1.604811 0.674481 -3.072219
3930000 1.443143 0.585908 3.057481
3940000 1.255196 0.711221 -3.095236
3950000 1.753528 0.717751 -3.084197
3960000 2.079683 0.812056 -3.084766
3970000 1.891239 0.709474 3.099774
3980000 1.895687 0.798046 -3.082615
3990000 1.957603 0.669451 -3.071009
4000000 3.032137 0.789282 3.044749
