100000 4.685725 0.687613 2.761638
110000 2.402248 0.676339 2.771021
120000 1.880692 0.678762 2.728438
130000 2.630424 0.715709 2.790382
140000 3.692307 0.738803 2.849728
150000 4.306463 0.739688 2.745899
160000 3.017370 0.789731 2.833232
170000 4.337634 0.538214 2.651210
180000 2.740410 0.628846 2.711170
190000 1.946733 0.600720 2.812774
200000 1.246074 0.780985 2.764468
210000 1.633125 0.624604 2.688768
220000 1.828464 0.688249 2.723071
230000 2.174099 0.745043 2.763884
240000 1.677122 0.802521 2.856855
250000 1.392231 0.737820 2.802258
260000 1.055826 0.738264 2.811451
270000 1.160065 0.628400 2.857487
280000 1.811350 0.812426 2.651772
290000 2.200166 0.686866 2.704693
300000 2.675134 0.568560 2.683924
310000 2.975811 0.812888 2.769928
320000 3.818092 0.701067 2.838156
330000 4.509287 0.740763 2.882956
340000 4.701545 0.663906 2.833340
350000 4.956417 0.574577 2.763013
360000 4.641594 0.696332 2.774707
370000 4.902499 0.789108 2.762619
380000 3.036624 0.750029 2.753052
390000 3.511224 0.707184 2.806464
400000 3.546075 0.695618 2.665446
410000 3.703158 0.749566 2.835346
420000 2.533584 0.646977 2.705876
430000 2.404837 0.525319 2.671209
440000 2.636824 0.790315 2.790005
450000 1.875218 0.586063 2.781381
460000 1.555449 0.663672 2.778463
470000 1.365341 0.808680 2.723667
480000 1.766502 0.706700 2.721792
490000 1.361272 0.782204 2.853023
500000 1.855174 0.565725 2.771265
510000 2.149489 0.871630 2.811189
520000 2.164292 0.601704 2.776207
530000 2.366201 0.651349 2.755961
540000 2.912920 0.659531 2.833993
550000 3.323696 0.779884 2.643668
560000 4.128082 0.736518 2.803960
570000 3.309885 0.651741 2.842643
580000 4.722039 0.705238 2.749952
590000 3.949962 0.674405 2.690149
600000 3.905441 0.622718 2.727906
610000 2.842271 0.761023 2.760257
620000 3.324633 0.643220 2.763272
630000 3.711792 0.654325 2.720220
640000 4.588349 0.744583 2.735402
650000 4.118513 0.708227 2.759595
660000 4.235847 0.804573 2.591053
670000 3.867607 0.698664 2.702304
680000 3.785979 0.821763 2.838990
690000 4.102456 0.671822 2.864720
700000 3.126789 0.665880 2.822048
710000 2.469271 0.601456 2.722832
720000 2.534177 0.723752 2.911016
730000 3.193224 0.704358 2.817583
740000 2.739762 0.591058 2.845452
750000 2.982810 0.741370 2.713677
760000 2.578062 0.813521 2.724198
770000 3.681282 0.721210 2.744315
780000 4.018621 0.771654 2.897718
790000 4.378765 0.684029 2.714553
800000 4.509813 0.749688 2.802392
810000 4.312801 0.768060 2.881253
820000 3.581872 0.853351 2.966751
830000 3.199862 0.609090 2.876852
840000 3.928683 0.679748 2.890049
850000 2.947391 0.686792 2.846181
860000 3.108243 0.691364 2.880106
870000 4.371720 0.807181 2.691745
880000 4.661806 0.735435 2.735130
890000 4.415091 0.679960 2.740982
900000 4.450235 0.769272 2.776978
910000 4.589237 0.611987 2.734611
920000 3.587554 0.743821 2.759412
930000 3.419383 0.923176 2.716838
940000 2.173937 0.805899 2.848523
950000 1.863607 0.635166 2.761769
960000 2.758437 0.897819 2.671141
970000 2.456824 0.764376 2.753804
980000 2.005422 0.726038 2.757553
990000 1.640301 0.616653 2.677857
1000000 2.186284 0.688774 2.687688
1010000 1.251188 0.667725 2.708381
1020000 0.967242 0.731269 2.815061
1030000 0.738140 0.580874 2.796160
1040000 0.926480 0.713672 2.696680
1050000 0.815658 0.673113 2.836334
1060000 1.012840 0.812675 2.774295
1070000 1.261724 0.880704 2.882347
1080000 0.858579 0.679243 2.730993
1090000 0.982668 0.692492 2.670200
1100000 1.183275 0.646515 2.874214
1110000 1.161501 0.757186 2.753686
1120000 1.468940 0.744980 2.649727
1130000 1.157372 0.790025 2.754795
1140000 1.426989 0.660305 2.757245
1150000 1.476736 0.657137 2.672983
1160000 0.743645 0.709563 2.747597
1170000 0.585049 0.630535 2.856343
1180000 0.686525 0.742338 2.840112
1190000 0.725048 0.679202 2.768755
1200000 0.770768 0.775238 2.662564
1210000 0.978809 0.556823 2.759423
1220000 0.844111 0.706626 2.777315
1230000 1.132046 0.671882 2.844365
1240000 1.414865 0.700515 2.770856
1250000 1.398806 0.670725 2.789872
1260000 1.611056 0.735728 2.712913
1270000 1.240254 0.719935 2.820281
1280000 1.681120 0.601404 2.730740
1290000 2.208995 0.591791 2.797095
1300000 2.274927 0.721385 2.821127
1310000 2.267997 0.669959 2.835109
1320000 2.070256 0.724352 2.807341
1330000 3.166777 0.683790 2.850931
1340000 3.352401 0.587486 2.746310
1350000 4.154358 0.573643 2.787146
1360000 4.743076 0.786393 2.888718
1370000 4.229758 0.577674 2.849805
1380000 5.073192 0.748058 2.777358
1390000 5.043754 0.684666 2.745147
1400000 3.778343 0.561713 2.794235
1410000 3.650116 0.607589 2.775824
1420000 3.309321 0.725073 2.779890
1430000 4.211972 0.674259 2.798018
1440000 4.223580 0.617692 2.721066
1450000 2.657064 0.681201 2.854533
1460000 3.027991 0.578134 2.769046
1470000 3.858421 0.632922 2.877365
1480000 4.569178 0.650293 2.660651
1490000 4.527493 0.700889 2.876435
1500000 4.746727 0.679255 2.745222
1510000 4.173538 0.800949 2.748128
1520000 4.127458 0.635038 2.682293
1530000 4.688745 0.732357 2.837036
1540000 4.963512 0.686012 2.681095
1550000 3.466226 0.706449 2.851828
1560000 3.207175 0.688815 2.771221
1570000 4.000177 0.806890 2.888871
1580000 3.796629 0.634231 2.806425
1590000 3.149725 0.834639 2.799807
1600000 2.588196 0.689837 2.921596
1610000 2.096891 0.645902 2.749928
1620000 1.955039 0.618544 2.711395
1630000 2.093068 0.626687 2.705049
1640000 1.774135 0.648898 2.827011
1650000 2.748138 0.730104 2.711431
1660000 2.897537 0.723366 2.853355
1670000 2.547254 0.731549 2.849702
1680000 2.012589 0.661930 2.893171
1690000 1.840438 0.680611 2.753305
1700000 1.603741 0.783630 2.842846
1710000 2.111317 0.756529 2.780723
1720000 1.513122 0.692170 2.892731
1730000 1.395548 0.585924 2.755366
1740000 1.602073 0.628251 2.727484
1750000 1.932750 0.579860 2.813083
1760000 2.127012 0.666925 2.874008
1770000 1.958276 0.648186 2.875695
1780000 2.959632 0.700190 2.761142
1790000 3.176390 0.700934 2.968587
1800000 2.410085 0.577605 2.704816
1810000 3.236896 0.734484 2.702397
1820000 3.373832 0.709174 2.736481
1830000 3.909081 0.694345 2.862959
1840000 4.162561 0.782614 2.788275
1850000 3.978254 0.655099 2.784038
1860000 4.079028 0.605628 2.797180
1870000 4.463295 0.699376 2.855136
1880000 4.954641 0.662735 2.752273
1890000 4.173327 0.684547 2.742720
1900000 4.879174 0.791510 2.929306
1910000 4.255853 0.703668 2.716634
1920000 5.040346 0.641635 2.853753
1930000 3.940816 0.609226 2.839473
1940000 4.092490 0.743780 2.902763
1950000 4.698700 0.630323 2.800746
1960000 4.962489 0.665846 2.850923
1970000 4.985022 0.756026 2.914671
1980000 4.429592 0.673453 2.778123
1990000 3.211439 0.733832 2.746171
2000000 2.935693 0.791563 2.879640
2010000 2.560285 0.626563 2.616888
2020000 2.377512 0.760356 2.718289
2030000 3.107128 0.673441 2.726349
2040000 2.171038 0.671543 2.887218
2050000 1.705636 0.675531 2.717580
2060000 1.937545 0.499268 2.810880
2070000 2.705674 0.655898 2.800795
2080000 2.468415 0.701433 2.782435
2090000 2.653111 0.758654 2.855976
2100000 3.234174 0.746029 2.768948
2110000 3.897931 0.719826 2.855189
2120000 3.996796 0.777098 2.942774
2130000 3.245441 0.761390 2.861444
2140000 4.204678 0.734000 2.833803
2150000 2.833428 0.575244 2.966232
2160000 3.505626 0.642286 2.862968
2170000 4.390700 0.645560 2.797594
2180000 4.357952 0.730935 2.731133
2190000 4.391303 0.802279 2.874977
2200000 4.792413 0.703501 2.792366
2210000 4.881516 0.649679 2.700882
2220000 4.163262 0.784461 2.669685
2230000 2.862182 0.728101 2.750357
2240000 2.367531 0.642225 2.745945
2250000 1.993388 0.737253 2.855089
2260000 2.432573 0.768030 2.789554
2270000 1.736903 0.714906 2.792975
2280000 1.598588 0.682213 2.781540
2290000 1.807002 0.689126 2.719831
2300000 2.058548 0.774171 2.901748
2310000 2.454176 0.766922 2.740322
2320000 2.895342 0.652629 2.709496
2330000 3.511327 0.649368 2.790160
2340000 3.067746 0.642637 2.846835
2350000 3.856267 0.696134 2.838091
2360000 4.961781 0.624443 2.836255
2370000 4.521781 0.700207 2.795019
2380000 4.365648 0.654258 2.896879
2390000 4.209248 0.714276 2.900270
2400000 3.355537 0.643971 2.831063
2410000 3.349517 0.672837 2.682822
2420000 3.523694 0.611210 2.828710
2430000 3.881018 0.674978 2.676579
2440000 3.729606 0.742796 2.737226
2450000 3.399919 0.791492 2.832774
2460000 4.943148 0.767093 2.850295
2470000 4.222616 0.691472 2.694589
2480000 4.630030 0.655875 2.682007
2490000 2.970065 0.689204 2.882925
2500000 2.617115 0.735430 2.739412
2510000 2.081114 0.836530 2.880553
2520000 2.035678 0.749659 2.919770
2530000 1.268209 0.663896 2.732741
2540000 1.198086 0.681530 2.742068
2550000 0.996947 0.756513 2.771183
2560000 0.980725 0.576379 2.749703
2570000 0.928794 0.748050 2.770833
2580000 0.785043 0.671871 2.859562
2590000 0.738527 0.630081 2.732262
2600000 0.817034 0.773661 2.862318
2610000 1.404374 0.809809 2.877021
2620000 1.068553 0.772105 2.755250
2630000 1.028124 0.727083 2.762054
2640000 1.224752 0.776566 2.761081
2650000 1.384312 0.722235 2.874507
2660000 0.849059 0.577075 2.729174
2670000 0.995999 0.699988 2.866775
2680000 0.889073 0.661985 2.866173
2690000 0.786965 0.692892 2.895885
2700000 0.776868 0.717110 2.850338
2710000 0.930883 0.704976 2.854498
2720000 0.900580 0.597628 2.833420
2730000 1.026658 0.686115 2.774498
2740000 1.226476 0.679856 2.793861
2750000 1.365147 0.688095 2.842648
2760000 1.563541 0.652862 2.650810
2770000 1.635382 0.745540 2.772295
2780000 1.490804 0.722844 2.750729
2790000 1.668063 0.582500 2.750048
2800000 1.205202 0.759297 2.884704
2810000 1.090124 0.742825 2.658143
2820000 1.272900 0.651016 2.675464
2830000 1.305982 0.740004 2.683601
2840000 1.280962 0.622770 2.816690
2850000 1.065001 0.657374 2.670535
2860000 1.185880 0.838717 2.784957
2870000 1.427179 0.804536 2.851499
2880000 1.426203 0.688152 2.794935
2890000 1.388053 0.783173 2.661870
2900000 1.614814 0.563466 2.836148
2910000 1.661800 0.670194 2.814231
2920000 1.848627 0.773646 2.825298
2930000 2.162243 0.549084 2.810740
2940000 2.010467 0.673929 2.794576
2950000 2.612089 0.651967 2.701041
2960000 2.598138 0.707803 2.912153
2970000 3.097889 0.684238 2.638272
2980000 2.977435 0.693736 2.726638
2990000 2.329381 0.496556 2.868592
3000000 2.786860 0.683668 2.899165
3010000 3.473481 0.674118 2.735221
3020000 3.697201 0.543309 2.848558
3030000 3.832725 0.650638 2.676954
3040000 4.986124 0.621417 2.673418
3050000 4.829054 0.607920 2.730931
3060000 5.007286 0.690283 2.774626
3070000 4.877480 0.712318 2.785581
3080000 4.873770 0.739991 2.811297
3090000 4.421829 0.535034 2.810480
3100000 4.765279 0.661140 2.786781
3110000 4.450600 0.681317 2.679323
3120000 3.222503 0.778705 2.723572
3130000 2.970217 0.655389 2.873450
3140000 2.971336 0.594597 2.818704
3150000 2.783669 0.524622 2.794667
3160000 3.862839 0.637060 2.653747
3170000 3.913966 0.730951 2.737095
3180000 3.015348 0.649109 2.776652
3190000 4.363460 0.694648 2.710585
3200000 4.450450 0.529271 2.767638
3210000 4.600406 0.681479 2.718199
3220000 4.095709 0.784658 2.742094
3230000 3.948138 0.749100 2.773015
3240000 3.262681 0.795864 2.873879
3250000 1.999443 0.602339 2.857296
3260000 1.927147 0.746902 2.916093
3270000 1.787038 0.600988 2.767209
3280000 1.815652 0.612663 2.768210
3290000 2.198372 0.744450 2.887423
3300000 2.681533 0.730004 2.843022
3310000 3.520744 0.739682 2.716393
3320000 3.419505 0.846996 2.979641
3330000 3.959357 0.714809 2.845333
3340000 4.632768 0.729680 2.710301
3350000 4.885984 0.762061 2.784070
3360000 4.250386 0.747737 2.743527
3370000 4.007312 0.547092 2.752307
3380000 4.974829 0.612847 2.766808
3390000 4.528345 0.678693 2.845010
3400000 4.672721 0.700162 2.905851
3410000 5.008491 0.621449 2.821693
3420000 3.725215 0.717764 2.853813
3430000 4.055310 0.766974 2.799184
3440000 3.396217 0.724601 2.778384
3450000 4.107265 0.674762 2.735065
3460000 4.849300 0.730084 2.758790
3470000 4.489289 0.685788 2.815634
3480000 4.775377 0.691224 2.775213
3490000 3.182991 0.690332 2.741952
3500000 2.769580 0.665482 2.779131
3510000 2.394492 0.553276 2.601391
3520000 2.364363 0.676861 2.725581
3530000 3.190371 0.686630 2.822075
3540000 3.274557 0.721955 2.712492
3550000 3.255349 0.704500 2.754655
3560000 3.519095 0.883632 2.821955
3570000 3.114149 0.672384 2.791833
3580000 4.335608 0.582376 2.782844
3590000 3.483009 0.673769 2.707302
3600000 4.782666 0.735109 2.726444
3610000 3.061789 0.583476 2.777901
3620000 2.459800 0.711930 2.847760
3630000 1.919399 0.662848 2.757162
3640000 2.317099 0.752624 2.743783
3650000 2.096731 0.641660 2.698883
3660000 2.429508 0.574237 2.822384
3670000 1.926526 0.748459 2.938578
3680000 1.731197 0.806024 2.947207
3690000 1.884148 0.736644 2.748102
3700000 1.984758 0.723529 2.835337
3710000 1.904528 0.691879 2.804772
3720000 1.734275 0.656979 2.753208
3730000 1.481458 0.753274 2.853244
3740000 1.648873 0.697904 2.888025
3750000 1.657835 0.748221 2.626659
3760000 1.698399 0.582532 2.779970
3770000 1.607738 0.748991 2.865321
3780000 1.198339 0.605935 2.750602
3790000 1.293013 0.602446 2.754951
3800000 1.075839 0.709818 2.950840
3810000 1.213110 0.680286 2.924607
3820000 1.430616 0.611780 2.782353
3830000 0.926750 0.723033 2.666613
3840000 0.991456 0.657948 2.777483
3850000 0.836581 0.620824 2.916786
3860000 0.999675 0.640384 2.808972
3870000 1.355404 0.655394 2.767727
3880000 1.213576 0.742642 2.789462
3890000 1.073813 0.623295 2.816898
3900000 1.392593 0.699986 2.773206
3910000 2.062005 0.733940 2.847894
3920000 2.497364 0.609338 2.837260
3930000 3.049054 0.695813 2.779433
3940000 2.988815 0.844962 2.723708
3950000 3.094888 0.690532 2.842703
3960000 2.968158 0.691215 2.769276
3970000 2.899220 0.659374 2.818218
3980000 3.409161 0.685435 2.924080
3990000 3.372475 0.752204 2.862834
4000000 4.313009 0.765304 2.941711
