100000 1.399905 0.656319 0.734279
110000 1.971705 0.648202 0.680498
120000 1.049066 0.677400 0.705821
130000 1.858138 0.702254 0.735411
140000 2.571542 0.718898 0.600579
150000 2.970808 0.664178 0.684115
160000 4.025547 0.641557 0.623440
170000 4.321039 0.752095 0.712912
180000 3.590996 0.769393 0.686645
190000 3.251774 0.731118 0.600305
200000 2.193695 0.688243 0.727486
210000 2.915440 0.862872 0.578114
220000 2.748515 0.758608 0.824894
230000 2.362694 0.697008 0.672182
240000 2.106350 0.596375 0.709846
250000 1.514167 0.607979 0.734418
260000 1.740820 0.698524 0.641770
270000 1.002950 0.652183 0.821181
280000 1.244577 0.540731 0.769664
290000 1.117185 0.678912 0.727602
300000 1.598479 0.562869 0.627726
310000 1.478989 0.574186 0.707188
320000 1.409375 0.665142 0.707642
330000 0.904419 0.686983 0.701012
340000 1.267979 0.650586 0.699705
350000 1.572430 0.779430 0.773042
360000 1.448851 0.632228 0.576730
370000 1.955442 0.667937 0.618124
380000 2.249939 0.690055 0.768123
390000 2.688906 0.627579 0.775469
400000 3.798000 0.694453 0.519503
410000 4.932010 0.636672 0.725388
420000 4.405226 0.740900 0.623477
430000 4.641594 0.576475 0.686977
440000 3.519956 0.694104 0.638137
450000 3.268463 0.700213 0.633325
460000 2.575168 0.599416 0.780725
470000 3.269655 0.726504 0.635724
480000 3.579778 0.818762 0.642127
490000 4.244922 0.730851 0.720335
500000 3.538197 0.723813 0.777971
510000 2.641007 0.784104 0.604691
520000 2.156353 0.711045 0.746522
530000 2.512550 0.688879 0.671556
540000 3.790196 0.882636 0.740248
550000 4.672621 0.707727 0.692878
560000 4.258102 0.656150 0.652861
570000 4.371362 0.777080 0.669021
580000 4.090371 0.822197 0.808375
590000 3.877232 0.735623 0.718286
600000 4.165859 0.648355 0.694838
610000 4.253722 0.707339 0.737335
620000 4.821151 0.642693 0.721700
630000 3.740196 0.706889 0.636783
640000 2.888298 0.793566 0.639506
650000 2.948045 0.735013 0.568385
660000 3.383260 0.632134 0.700995
670000 3.484005 0.837808 0.779025
680000 3.943834 0.645377 0.801605
690000 2.554295 0.754134 0.730562
700000 1.933686 0.658407 0.717128
710000 2.035855 0.616847 0.675447
720000 2.154014 0.707632 0.630930
730000 2.991998 0.709223 0.789774
740000 2.375295 0.567660 0.641310
750000 2.677748 0.561768 0.662288
760000 2.916237 0.830735 0.717089
770000 1.579335 0.590095 0.788445
780000 1.627340 0.783774 0.730840
790000 1.619965 0.708447 0.690513
800000 2.468088 0.660513 0.667998
810000 4.063894 0.661856 0.676983
820000 3.249790 0.747554 0.646182
830000 4.373769 0.696399 0.676478
840000 4.887793 0.777704 0.735275
850000 4.662523 0.721716 0.755251
860000 4.711190 0.753909 0.695057
870000 4.800633 0.720443 0.715653
880000 3.805461 0.678059 0.794472
890000 4.261003 0.803647 0.762454
900000 4.756683 0.758961 0.703080
910000 4.627372 0.641702 0.689250
920000 3.916250 0.720147 0.901069
930000 4.541369 0.527406 0.729595
940000 3.230686 0.741418 0.771277
950000 3.367273 0.591094 0.777001
960000 2.810269 0.742300 0.764024
970000 3.549764 0.622562 0.739442
980000 4.487816 0.807892 0.841390
990000 4.254941 0.710873 0.797616
1000000 3.317165 0.780334 0.676946
1010000 3.819601 0.696093 0.583025
1020000 2.570112 0.770982 0.538827
1030000 2.444495 0.616021 0.721218
1040000 2.046182 0.718577 0.497602
1050000 1.925271 0.583687 0.620528
1060000 1.503757 0.708639 0.757537
1070000 1.312190 0.590369 0.737340
1080000 1.891708 0.644184 0.712112
1090000 1.744103 0.657652 0.668091
1100000 1.781054 0.610205 0.800226
1110000 2.149310 0.703599 0.638227
1120000 1.930533 0.614569 0.647160
1130000 2.250680 0.699652 0.686415
1140000 2.627371 0.855295 0.603081
1150000 3.073618 0.626580 0.716933
1160000 4.572453 0.773208 0.708493
1170000 4.023990 0.798606 0.832806
1180000 3.679993 0.792644 0.537311
1190000 3.333949 0.706233 0.736935
1200000 4.342651 0.659922 0.710860
1210000 4.473488 0.684302 0.701500
1220000 3.966707 0.811168 0.661128
1230000 2.734103 0.660313 0.771285
1240000 3.004576 0.690522 0.734731
1250000 2.756630 0.658287 0.785716
1260000 2.445683 0.682169 0.839373
1270000 2.908140 0.685340 0.736410
1280000 3.377931 0.614683 0.781028
1290000 2.682918 0.782033 0.630937
1300000 3.711234 0.621021 0.626639
1310000 3.797361 0.894968 0.677392
1320000 4.026933 0.672911 0.818046
1330000 4.805028 0.659776 0.672534
1340000 4.693397 0.667574 0.558360
1350000 4.856247 0.747520 0.718931
1360000 4.177547 0.734296 0.764978
1370000 3.362571 0.754310 0.615539
1380000 3.233253 0.842466 0.766329
1390000 3.194859 0.725685 0.666665
1400000 2.194639 0.649798 0.724949
1410000 2.333848 0.796748 0.638376
1420000 2.442470 0.641224 0.733078
1430000 2.231687 0.671613 0.730243
1440000 1.838165 0.682153 0.690073
1450000 1.648943 0.726755 0.764861
1460000 1.229552 0.634468 0.713463
1470000 0.682202 0.841753 0.679416
1480000 0.585206 0.796223 0.727053
1490000 0.593897 0.747832 0.735054
1500000 1.373855 0.623006 0.696340
1510000 1.085156 0.750164 0.670369
1520000 1.490028 0.566392 0.692624
1530000 1.547979 0.739593 0.728654
1540000 1.701897 0.723516 0.629123
1550000 1.013976 0.611786 0.803982
1560000 1.213321 0.603528 0.705679
1570000 1.742852 0.681591 0.770008
1580000 1.966221 0.607536 0.628882
1590000 2.407807 0.617170 0.775148
1600000 1.985977 0.664628 0.792874
1610000 1.499127 0.691037 0.735192
1620000 2.117418 0.673695 0.657540
1630000 2.434458 0.630505 0.756806
1640000 4.118584 0.665593 0.750350
1650000 3.177369 0.570591 0.656224
1660000 5.028992 0.684145 0.842415
1670000 4.859069 0.747346 0.705937
1680000 4.284241 0.716652 0.705003
1690000 3.985954 0.613516 0.700628
1700000 2.680356 0.711729 0.732310
1710000 2.341691 0.672392 0.760688
1720000 2.552171 0.656970 0.796578
1730000 2.373347 0.712320 0.694021
1740000 1.980775 0.816943 0.785407
1750000 1.949913 0.689334 0.620913
1760000 1.799975 0.704459 0.740387
1770000 1.935938 0.821634 0.829818
1780000 2.174122 0.589004 0.727101
1790000 2.587806 0.672232 0.788633
1800000 3.126570 0.745389 0.717843
1810000 3.226223 0.743948 0.717114
1820000 4.618257 0.696908 0.798565
1830000 4.812629 0.660255 0.653564
1840000 4.967625 0.603696 0.842258
1850000 4.400934 0.605151 0.756770
1860000 4.694966 0.717819 0.676982
1870000 3.954626 0.642887 0.645358
1880000 3.764022 0.637052 0.646699
1890000 4.880192 0.623429 0.626076
1900000 3.836647 0.644574 0.648971
1910000 4.040328 0.647597 0.735623
1920000 4.203151 0.694528 0.733360
1930000 4.963109 0.728904 0.803476
1940000 4.713562 0.668329 0.618305
1950000 4.773159 0.794708 0.787553
1960000 4.469830 0.605203 0.741227
1970000 4.823017 0.627456 0.723669
1980000 4.568446 0.614803 0.662939
1990000 3.602058 0.677870 0.657926
2000000 3.060621 0.719763 0.659345
2010000 3.741237 0.605987 0.719992
2020000 3.119714 0.708075 0.828225
2030000 3.084912 0.708206 0.713057
2040000 2.715380 0.650216 0.644393
2050000 3.019200 0.754033 0.695589
2060000 2.606710 0.696988 0.640497
2070000 2.441068 0.744205 0.730416
2080000 2.439474 0.576179 0.826246
2090000 3.649250 0.733209 0.733476
2100000 4.114250 0.537450 0.701766
2110000 4.023648 0.700665 0.661170
2120000 3.635543 0.748377 0.647859
2130000 3.090086 0.840430 0.638734
2140000 3.750377 0.717424 0.738517
2150000 4.862631 0.634840 0.725555
2160000 4.201174 0.693574 0.701950
2170000 4.485794 0.733110 0.678653
2180000 3.219215 0.752341 0.654821
2190000 3.805423 0.623048 0.694787
2200000 4.368861 0.765754 0.682175
2210000 4.598107 0.708699 0.663527
2220000 4.513475 0.707173 0.765447
2230000 5.022144 0.820578 0.793668
2240000 4.474073 0.645448 0.707963
2250000 4.675036 0.647917 0.694376
2260000 3.880846 0.761440 0.743377
2270000 2.984080 0.625073 0.589826
2280000 2.385402 0.758522 0.724505
2290000 2.291459 0.663499 0.703972
2300000 2.605193 0.602178 0.770196
2310000 2.589382 0.786717 0.617352
2320000 2.739878 0.733085 0.665722
2330000 2.392432 0.554472 0.573180
2340000 3.168786 0.630144 0.785697
2350000 2.882248 0.645460 0.671448
2360000 3.165041 0.678479 0.612810
2370000 3.417634 0.697329 0.669061
2380000 3.807813 0.732831 0.754954
2390000 3.966096 0.626551 0.586698
2400000 4.206951 0.743398 0.657395
2410000 4.430890 0.816806 0.647888
2420000 3.714113 0.603890 0.622669
2430000 3.227645 0.554900 0.668484
2440000 3.787330 0.805404 0.703643
2450000 4.056090 0.828834 0.621896
2460000 3.670301 0.647801 0.586087
2470000 3.643440 0.777722 0.713040
2480000 2.903555 0.647097 0.747915
2490000 3.057112 0.600949 0.733108
2500000 1.561974 0.684194 0.797384
2510000 1.439406 0.840968 0.612375
2520000 0.840101 0.688050 0.700883
2530000 1.031738 0.694181 0.781411
2540000 1.093572 0.666842 0.685974
2550000 1.157943 0.731595 0.664022
2560000 1.344050 0.675796 0.739553
2570000 1.007627 0.634455 0.866013
2580000 1.187483 0.622663 0.737172
2590000 1.446344 0.657851 0.751118
2600000 1.464371 0.657843 0.689063
2610000 1.582872 0.690137 0.564056
2620000 1.897871 0.729814 0.704942
2630000 1.751267 0.684373 0.725387
2640000 1.765056 0.794010 0.670336
2650000 2.147001 0.733889 0.701510
2660000 2.194683 0.617278 0.630925
2670000 1.952521 0.687728 0.714288
2680000 1.557957 0.688094 0.692258
2690000 1.329057 0.693481 0.707814
2700000 0.775655 0.566557 0.774478
2710000 0.890077 0.815895 0.738660
2720000 1.015729 0.728847 0.722265
2730000 0.937864 0.675661 0.769847
2740000 0.849903 0.662237 0.747726
2750000 1.048264 0.823621 0.634132
2760000 1.081688 0.726307 0.743573
2770000 1.134020 0.660897 0.636209
2780000 1.318802 0.668616 0.776496
2790000 1.350288 0.798604 0.792223
2800000 1.205490 0.646465 0.741048
2810000 1.149378 0.690491 0.663006
2820000 1.486947 0.683583 0.781033
2830000 1.922689 0.670635 0.733654
2840000 1.782167 0.724936 0.777352
2850000 2.050591 0.662643 0.734288
2860000 1.606677 0.733759 0.841819
2870000 1.546384 0.753791 0.784339
2880000 2.017053 0.804810 0.774882
2890000 2.355863 0.714433 0.605623
2900000 2.754350 0.740364 0.688013
2910000 2.782367 0.766845 0.803735
2920000 3.082410 0.673196 0.804163
2930000 3.637182 0.699616 0.610367
2940000 3.327434 0.747980 0.557394
2950000 4.474172 0.778292 0.731403
2960000 4.507665 0.748739 0.880186
2970000 3.212429 0.665903 0.781554
2980000 2.054929 0.611764 0.701513
2990000 2.058240 0.824791 0.772797
3000000 2.973618 0.639344 0.696544
3010000 2.472002 0.685011 0.680209
3020000 2.799178 0.670893 0.512539
3030000 3.816132 0.701035 0.756407
3040000 4.519453 0.739977 0.678235
3050000 4.606321 0.773112 0.743834
3060000 3.947365 0.679514 0.804062
3070000 3.621969 0.618413 0.548245
3080000 3.341835 0.744710 0.590139
3090000 3.230163 0.618300 0.852808
3100000 3.110259 0.837159 0.714278
3110000 2.858106 0.611393 0.761579
3120000 2.576501 0.643872 0.702069
3130000 3.007674 0.778492 0.590176
3140000 3.834896 0.682607 0.719790
3150000 4.002612 0.695194 0.638745
3160000 4.578605 0.691798 0.687989
3170000 3.533467 0.704628 0.701999
3180000 4.547342 0.675149 0.635123
3190000 4.162943 0.581778 0.612264
3200000 3.635405 0.796806 0.744040
3210000 4.596925 0.763373 0.716519
3220000 4.305399 0.650244 0.796079
3230000 4.183721 0.679081 0.796261
3240000 3.390813 0.730134 0.639593
3250000 4.474842 0.670949 0.694292
3260000 4.760851 0.768822 0.715084
3270000 3.606997 0.661591 0.721690
3280000 3.781486 0.660468 0.693341
3290000 4.067265 0.738112 0.687516
3300000 3.260680 0.758127 0.588420
3310000 3.139634 0.659087 0.762063
3320000 2.861597 0.600341 0.573197
3330000 3.249303 0.733812 0.762298
3340000 2.315901 0.737412 0.693109
3350000 2.562774 0.657749 0.679850
3360000 2.230313 0.607813 0.695857
3370000 2.081522 0.706614 0.631432
3380000 2.073732 0.729987 0.615621
3390000 1.876976 0.674723 0.633548
3400000 1.738808 0.772703 0.727866
3410000 1.564167 0.688557 0.790116
3420000 1.622298 0.703821 0.716204
3430000 1.992370 0.599427 0.626708
3440000 2.171970 0.678938 0.692007
3450000 2.113846 0.798362 0.744493
3460000 2.282181 0.585773 0.588735
3470000 2.659876 0.622569 0.688857
3480000 2.696588 0.687079 0.698253
3490000 3.112738 0.762061 0.727897
3500000 3.547600 0.739720 0.757534
3510000 3.133521 0.730584 0.758177
3520000 4.629316 0.793308 0.651749
3530000 4.163361 0.762037 0.665591
3540000 4.607384 0.760090 0.656700
3550000 4.427000 0.680374 0.729294
3560000 5.019386 0.793477 0.768093
3570000 4.586588 0.722701 0.801520
3580000 4.824494 0.594072 0.686358
3590000 4.580568 0.737421 0.718703
3600000 4.796703 0.730734 0.672771
3610000 4.453399 0.775852 0.834577
3620000 3.083634 0.754828 0.677565
3630000 4.027800 0.773868 0.791832
3640000 3.641607 0.652142 0.684810
3650000 3.680168 0.748338 0.674659
3660000 3.982302 0.712557 0.705423
3670000 4.692495 0.613141 0.712614
3680000 4.187237 0.732535 0.675878
3690000 2.978220 0.660551 0.688420
3700000 2.883358 0.716956 0.560192
3710000 2.199210 0.834056 0.557958
3720000 1.994455 0.791278 0.702458
3730000 1.988369 0.799920 0.623830
3740000 1.858415 0.574147 0.809089
3750000 1.640393 0.695606 0.656391
3760000 1.678432 0.750975 0.736489
3770000 1.283578 0.848559 0.707726
3780000 1.476146 0.662158 0.798930
3790000 1.306626 0.741665 0.673047
3800000 0.995535 0.786893 0.682255
3810000 1.193479 0.850984 0.842657
3820000 0.999758 0.638376 0.774300
3830000 0.908010 0.667444 0.762653
3840000 1.172606 0.576461 0.680129
3850000 1.211834 0.755700 0.677525
3860000 1.352510 0.657631 0.760203
3870000 1.339940 0.691664 0.615501
