100000 4.032944 0.771198 0.157420
110000 4.369233 0.732494 0.206106
120000 3.912366 0.724059 0.170554
130000 3.635729 0.750320 0.172378
140000 4.484249 0.791934 0.229462
150000 2.363814 0.794086 0.248795
160000 3.104068 0.688162 0.195812
170000 3.014400 0.728797 0.188740
180000 2.308961 0.714578 0.233361
190000 1.088464 0.717973 0.144344
200000 1.161689 0.684709 0.227393
210000 0.835731 0.795385 0.118332
220000 0.988276 0.646309 0.177836
230000 1.765527 0.692143 0.317451
240000 2.160040 0.676086 0.239527
250000 2.881231 0.656535 0.215680
260000 2.754163 0.641044 0.093893
270000 4.300438 0.742312 0.320309
280000 4.023622 0.669587 0.178474
290000 4.878173 0.689126 0.174656
300000 3.862634 0.756253 0.147982
310000 4.169832 0.776109 0.123296
320000 3.851316 0.744532 0.111552
330000 3.497060 0.707727 0.278774
340000 4.735169 0.790030 0.099999
350000 4.525590 0.787763 0.151641
360000 4.482034 0.760412 0.207692
370000 4.215003 0.547998 0.132156
380000 2.558688 0.827535 0.147058
390000 3.020402 0.770703 0.238294
400000 3.523569 0.640506 0.204344
410000 3.759856 0.816786 0.033943
420000 2.973692 0.597252 0.104512
430000 3.693509 0.849560 0.175300
440000 3.786220 0.690337 0.224698
450000 4.401569 0.659030 0.193440
460000 4.365235 0.673569 0.225945
470000 4.422061 0.628693 0.232546
480000 3.806616 0.701720 0.187143
490000 3.305038 0.736986 0.169039
500000 1.960434 0.653796 0.177943
510000 1.730632 0.637293 0.065594
520000 0.956021 0.661889 0.118310
530000 1.114114 0.585362 0.079855
540000 1.426317 0.725806 0.163679
550000 1.800032 0.745285 0.240010
560000 1.211549 0.676525 0.224957
570000 1.147749 0.637282 0.253632
580000 1.695532 0.698014 0.155889
590000 2.178956 0.577420 0.171447
600000 2.306590 0.641266 0.177983
610000 1.834931 0.840529 0.208770
620000 1.777094 0.686074 0.093852
630000 2.520293 0.664862 0.113832
640000 2.872430 0.638415 0.209204
650000 2.788751 0.634928 0.025824
660000 2.349384 0.729876 0.165967
670000 1.682768 0.744811 0.199829
680000 2.066523 0.720103 0.252859
690000 2.277169 0.711669 0.160051
700000 2.803120 0.747077 0.241715
710000 3.258059 0.750792 0.154890
720000 4.014717 0.657808 0.329358
730000 4.486111 0.783645 0.366498
740000 4.873335 0.693020 0.188908
750000 3.970060 0.586685 0.110158
760000 3.756230 0.610777 0.292154
770000 3.826771 0.621620 0.114835
780000 4.095927 0.740359 0.151222
790000 4.302876 0.825203 0.194549
800000 3.023343 0.721535 0.107211
810000 2.752361 0.730098 0.131324
820000 3.449536 0.696908 0.230917
830000 4.473176 0.652753 0.148292
840000 4.219000 0.547536 0.214907
850000 4.684091 0.790723 0.320764
860000 3.602491 0.823645 0.182353
870000 4.789034 0.631440 0.159972
880000 4.719330 0.698856 0.122464
890000 5.026218 0.806997 0.101760
900000 4.875790 0.593721 0.069786
910000 4.922904 0.681269 0.097792
920000 2.724380 0.679462 0.171166
930000 2.561704 0.720032 0.234844
940000 1.347110 0.635626 0.362581
950000 1.670982 0.508698 0.226475
960000 1.444337 0.791774 0.119724
970000 0.878564 0.758645 0.100556
980000 0.948831 0.761585 0.169407
990000 0.899169 0.833222 0.165512
1000000 0.897234 0.731991 0.182696
1010000 1.145664 0.732030 0.261184
1020000 1.264803 0.691373 0.271123
1030000 0.971643 0.716494 0.114405
1040000 1.424335 0.800643 0.091122
1050000 1.479912 0.492106 0.125494
1060000 1.603874 0.578594 0.081955
1070000 1.367865 0.647476 0.093727
1080000 1.905621 0.723784 0.093068
1090000 2.261282 0.698267 0.265728
1100000 2.055339 0.745554 0.188473
1110000 2.633870 0.680935 0.224621
1120000 2.489795 0.712714 0.175544
1130000 2.981335 0.676286 0.156495
1140000 3.397931 0.778401 0.196224
1150000 3.517319 0.636155 0.238139
1160000 2.524460 0.763773 0.127555
1170000 2.965959 0.810149 0.115703
1180000 2.630165 0.713291 0.235873
1190000 3.000464 0.789288 0.238256
1200000 2.470444 0.659457 0.184099
1210000 1.983643 0.613806 0.217312
1220000 2.186800 0.774695 0.122851
1230000 1.721122 0.696017 0.128497
1240000 1.787244 0.669812 0.072286
1250000 1.634180 0.620676 0.124916
1260000 1.899199 0.754263 0.189575
1270000 1.564091 0.773284 0.196984
1280000 0.869884 0.631992 0.136134
1290000 1.109011 0.733781 0.149172
1300000 0.904771 0.628874 0.262761
1310000 1.329826 0.710226 0.279232
1320000 1.537752 0.575572 0.214129
1330000 1.605873 0.795212 0.151418
1340000 1.629059 0.759517 0.290288
1350000 2.005531 0.756519 0.150298
1360000 1.488063 0.700614 0.213342
1370000 1.529267 0.732845 0.165179
1380000 0.607354 0.635019 0.150935
1390000 0.840130 0.675131 0.201693
1400000 0.720626 0.635797 0.199880
1410000 1.139421 0.739094 0.173939
1420000 1.312731 0.863278 0.296940
1430000 1.314772 0.614900 0.227426
1440000 0.775836 0.828172 0.153241
1450000 0.966838 0.750536 0.243700
1460000 1.241928 0.795257 0.275949
1470000 1.240544 0.717223 0.032423
1480000 1.029609 0.730995 0.217747
1490000 1.213645 0.636190 0.109895
1500000 1.414989 0.747851 0.293185
1510000 1.325695 0.756276 0.122715
1520000 1.823384 0.580900 0.192128
1530000 2.291418 0.646861 0.219984
1540000 2.527041 0.658518 0.062990
1550000 1.899682 0.717236 0.242980
1560000 2.199840 0.780936 0.257586
1570000 1.537349 0.750660 0.293280
1580000 2.097754 0.719793 0.236852
1590000 3.208859 0.668384 0.240943
1600000 4.245332 0.772107 0.211769
1610000 4.928248 0.733386 0.036211
1620000 3.998715 0.658602 0.072480
1630000 4.848325 0.724379 0.098115
1640000 4.310112 0.599172 0.139588
1650000 4.816626 0.643120 0.197271
1660000 4.080644 0.606124 0.216575
1670000 4.825387 0.769938 0.048923
1680000 3.521094 0.614856 0.124286
1690000 4.081592 0.759204 0.209898
1700000 4.171065 0.764882 0.085010
1710000 4.461972 0.675352 0.133089
1720000 4.423463 0.698801 0.207359
1730000 4.627284 0.844797 0.196194
1740000 3.309353 0.616159 0.115856
1750000 3.295137 0.736019 0.140137
1760000 3.163242 0.620995 0.158621
1770000 2.536361 0.745345 0.040473
1780000 3.305305 0.734996 0.123937
1790000 4.113591 0.654146 0.162933
1800000 4.256813 0.736815 0.166152
1810000 4.697731 0.632818 0.177518
1820000 4.757612 0.679561 0.276014
1830000 4.167233 0.699443 0.086298
1840000 4.178282 0.686322 0.143559
1850000 4.502001 0.750295 0.197553
1860000 3.892475 0.783248 0.126441
1870000 2.902953 0.777935 0.193899
1880000 2.721646 0.699173 0.129464
1890000 3.584147 0.787679 0.095534
1900000 4.329286 0.709367 0.208164
1910000 4.925664 0.767778 0.106191
1920000 4.787630 0.676085 0.118548
1930000 4.822905 0.768235 0.261618
1940000 3.891404 0.725841 0.211685
1950000 2.915271 0.794699 0.112386
1960000 2.732514 0.722687 0.089690
1970000 2.931477 0.749387 0.186048
1980000 3.546883 0.612084 0.192581
1990000 3.810201 0.704859 0.226042
2000000 4.194596 0.659932 0.184485
2010000 4.994241 0.718069 0.091368
2020000 4.630109 0.729644 0.216429
2030000 3.058906 0.668713 0.215751
2040000 2.948675 0.806193 0.177078
2050000 2.786418 0.652693 0.149261
2060000 3.022098 0.770093 0.105815
2070000 3.886149 0.848132 0.100260
2080000 3.960072 0.620686 0.136597
2090000 4.404116 0.757207 0.122428
2100000 3.797893 0.645023 0.204140
2110000 3.063758 0.664279 0.121523
2120000 2.401292 0.787144 0.033058
2130000 2.188932 0.789035 0.302580
2140000 2.694184 0.824280 0.094421
2150000 2.664858 0.712502 0.062943
2160000 2.434257 0.636318 0.157037
2170000 2.914926 0.692164 0.202294
2180000 3.461556 0.652711 0.180219
2190000 4.039825 0.703717 0.297486
2200000 4.466709 0.683259 0.228659
2210000 3.790146 0.695058 0.189125
2220000 4.913635 0.788361 0.109734
2230000 5.093902 0.693137 0.290596
2240000 4.882795 0.787334 0.166444
2250000 3.881067 0.664360 0.184497
2260000 3.421840 0.721399 0.149978
2270000 3.001904 0.684240 0.257826
2280000 2.781295 0.773361 0.150507
2290000 2.297554 0.724058 0.153663
2300000 2.089605 0.697844 0.143472
2310000 2.356494 0.778527 0.229377
2320000 2.695333 0.615707 0.243548
2330000 2.720321 0.618156 0.215781
2340000 3.532779 0.691473 0.185386
2350000 3.137255 0.732038 0.183251
2360000 3.573620 0.747905 0.246155
2370000 4.188397 0.729217 0.202614
2380000 3.429598 0.861593 0.087338
2390000 3.259823 0.719910 0.205100
2400000 4.456271 0.791504 0.214004
2410000 4.839293 0.665399 0.103437
2420000 4.457570 0.660960 0.202380
2430000 4.941124 0.583726 0.227429
2440000 4.535559 0.624052 0.087109
2450000 3.467480 0.758755 0.141368
2460000 4.505201 0.607657 0.244092
2470000 3.368173 0.674838 0.196379
2480000 2.602585 0.760060 0.218124
2490000 3.065572 0.761830 0.198586
2500000 4.164792 0.653863 0.182304
2510000 4.301410 0.756533 0.137962
2520000 4.530382 0.608294 0.220162
2530000 4.997794 0.639330 0.127300
2540000 4.078681 0.741138 0.122649
2550000 4.221600 0.791101 0.184118
2560000 4.112552 0.712969 0.369746
2570000 4.109799 0.744390 0.291585
2580000 3.248026 0.670853 0.194507
2590000 3.591640 0.785895 0.208898
2600000 2.531528 0.743519 0.123515
2610000 3.213884 0.690013 0.222100
2620000 4.469176 0.590718 0.186741
2630000 4.148774 0.717102 0.079968
2640000 3.701714 0.654031 0.233248
2650000 3.081764 0.590741 0.284031
2660000 3.587576 0.735898 0.239604
2670000 3.671763 0.714795 0.013065
2680000 2.103399 0.709559 0.171612
2690000 1.703881 0.631587 0.164802
2700000 1.822160 0.527630 0.274743
2710000 1.711482 0.746386 0.193811
2720000 1.543200 0.681448 0.132915
2730000 1.797995 0.641154 0.111714
2740000 1.944513 0.651387 0.158932
2750000 2.261407 0.717111 0.266846
2760000 1.928984 0.662400 0.170405
2770000 1.647347 0.778976 0.198783
2780000 2.248128 0.710065 0.163494
2790000 1.915863 0.791922 0.151979
2800000 1.596557 0.676640 0.098401
2810000 2.246125 0.508019 0.100555
2820000 2.449891 0.728483 0.359778
2830000 2.163108 0.738415 0.146881
2840000 2.481508 0.592262 0.190985
2850000 2.584848 0.688077 0.189436
2860000 2.966747 0.580201 0.196697
2870000 4.255904 0.641868 0.209494
2880000 3.171818 0.690958 0.173436
2890000 2.421101 0.767744 0.180308
2900000 3.908283 0.691252 0.231517
2910000 4.494984 0.609689 0.077843
2920000 3.988968 0.632887 0.141286
2930000 4.272547 0.695515 0.183242
2940000 4.763301 0.751871 0.247371
2950000 4.971497 0.866797 0.147321
2960000 4.652877 0.706306 0.107302
2970000 4.940075 0.666916 0.122508
2980000 4.592801 0.700954 0.048084
2990000 4.189712 0.723668 0.284023
3000000 3.278229 0.748533 0.219393
3010000 3.722606 0.678420 0.300382
3020000 3.669833 0.770897 0.173233
3030000 2.921246 0.854410 0.270701
3040000 2.633952 0.777375 0.121420
3050000 2.276936 0.658616 0.111041
3060000 2.548383 0.736451 0.099085
3070000 3.382182 0.768430 0.123029
3080000 3.060158 0.652464 0.171577
3090000 2.017635 0.562091 0.079321
3100000 1.897047 0.665660 0.257881
3110000 1.956859 0.731070 0.197769
3120000 2.692703 0.715915 0.121165
3130000 3.332166 0.813197 0.090934
3140000 3.396205 0.600211 0.164225
3150000 3.179483 0.637118 0.145128
3160000 3.889764 0.600665 0.269012
3170000 4.421086 0.641070 0.156577
3180000 4.571771 0.829020 0.226548
3190000 4.291351 0.715789 0.121712
3200000 3.369830 0.790860 0.041101
3210000 4.661952 0.743552 0.263590
3220000 4.811600 0.596825 0.117510
3230000 4.857013 0.556148 0.275754
3240000 4.835252 0.713860 0.212797
3250000 4.582204 0.679690 0.148855
3260000 4.637060 0.646640 0.265398
3270000 4.700290 0.742830 0.038826
3280000 4.381188 0.589705 0.091181
3290000 4.593378 0.615617 0.161134
3300000 5.059898 0.754112 0.212653
3310000 4.011560 0.655376 0.289196
3320000 3.169397 0.785591 0.279546
3330000 3.640963 0.661723 0.188522
3340000 3.775339 0.756871 0.140927
3350000 3.079266 0.641835 0.174161
3360000 2.416355 0.497402 0.229671
3370000 2.226520 0.698733 0.140651
3380000 2.124896 0.589765 0.335795
3390000 1.552069 0.740356 0.230304
3400000 1.376454 0.636579 0.191466
3410000 1.240067 0.653141 0.214642
3420000 1.383715 0.795597 0.238174
3430000 1.439592 0.699188 0.210750
3440000 1.437502 0.693011 0.193918
3450000 0.978325 0.587553 0.030296
3460000 1.531334 0.650726 0.138797
3470000 1.672005 0.727783 0.203716
3480000 1.725580 0.847246 0.188460
3490000 1.792429 0.763719 0.133081
3500000 1.654291 0.886018 0.226830
3510000 1.398206 0.722734 0.083388
3520000 0.814788 0.781316 0.109526
3530000 0.846697 0.609682 0.132506
3540000 0.925581 0.592911 0.157184
3550000 0.825286 0.634280 0.294135
3560000 1.147030 0.670440 0.094617
3570000 0.964304 0.539915 0.128668
3580000 1.053612 0.753043 0.047463
3590000 1.030274 0.805406 0.172113
3600000 1.408315 0.735374 0.256748
3610000 1.396549 0.676424 0.012800
3620000 2.092866 0.668399 0.133247
3630000 2.510371 0.798962 0.156483
3640000 2.787050 0.780026 0.169439
3650000 3.022336 0.660370 0.084490
3660000 2.697393 0.618639 0.139310
3670000 3.427754 0.737418 0.094224
3680000 3.434664 0.705211 0.123543
3690000 4.468663 0.738703 0.242013
3700000 4.343842 0.736045 0.144912
3710000 3.937663 0.692563 0.163389
3720000 3.002596 0.643338 0.239116
3730000 2.721057 0.832053 0.411285
3740000 3.034974 0.594200 0.262709
3750000 4.481663 0.659763 0.286232
3760000 4.678218 0.651211 0.230108
3770000 4.887910 0.821180 0.191388
3780000 4.903167 0.658566 0.113294
3790000 4.317438 0.638087 0.185152
3800000 4.106076 0.693752 0.083196
3810000 3.321256 0.759075 0.154765
3820000 3.821743 0.870581 0.197860
3830000 3.885181 0.757396 0.143022
3840000 4.959463 0.598010 0.245743
3850000 4.773906 0.663172 0.075605
3860000 4.784760 0.738663 0.062945
3870000 4.375547 0.682072 0.237340
3880000 4.803049 0.657666 0.252971
3890000 4.262958 0.604659 0.208813
3900000 3.698631 0.552584 0.073652
3910000 3.440693 0.631772 0.340440
3920000 2.577914 0.699713 0.172058
3930000 2.805037 0.738292 0.218687
3940000 2.127605 0.824495 0.111343
3950000 2.249526 0.670857 0.082535
3960000 1.977215 0.711287 0.199596
3970000 1.894450 0.626574 0.202257
3980000 2.881649 0.654059 0.124931
3990000 2.862826 0.728455 0.203080
4000000 3.163906 0.719715 0.145289
