100000 3.667023 0.831126 -0.695880
110000 3.508511 0.702841 -0.630922
120000 3.095195 0.684853 -0.614805
130000 3.768450 0.727709 -0.661104
140000 3.849573 0.784573 -0.620492
150000 5.019411 0.731291 -0.697696
160000 4.344249 0.809404 -0.802633
170000 2.799346 0.677983 -0.600948
180000 3.645309 0.712566 -0.736484
190000 2.993082 0.761568 -0.915248
200000 2.254587 0.604133 -0.763881
210000 1.789740 0.783996 -0.676283
220000 0.783550 0.840497 -0.772696
230000 1.054776 0.826894 -0.687131
240000 1.157344 0.689406 -0.627413
250000 1.089067 0.695969 -0.767384
260000 1.509252 0.739507 -0.730882
270000 1.643929 0.650665 -0.803262
280000 1.546894 0.726200 -0.662897
290000 2.208886 0.615327 -0.701371
300000 2.314243 0.722553 -0.699596
310000 3.465757 0.743663 -0.670284
320000 3.142908 0.619165 -0.746321
330000 4.208938 0.614353 -0.697633
340000 4.635531 0.815123 -0.664101
350000 4.292197 0.794613 -0.738256
360000 4.219133 0.724969 -0.750298
370000 4.530989 0.688013 -0.670971
380000 4.268574 0.631254 -0.673995
390000 3.967832 0.709828 -0.688541
400000 3.685408 0.736118 -0.685346
410000 3.169599 0.635460 -0.687969
420000 2.362917 0.704763 -0.776784
430000 2.489605 0.765019 -0.760206
440000 3.491743 0.768220 -0.721897
450000 4.507634 0.744286 -0.676478
460000 4.676825 0.715566 -0.697463
470000 4.691889 0.826747 -0.634960
480000 4.825775 0.632947 -0.703260
490000 4.130139 0.716889 -0.645025
500000 3.601614 0.651783 -0.784194
510000 2.222620 0.826422 -0.661395
520000 1.847537 0.644811 -0.667244
530000 1.886070 0.770246 -0.746888
540000 1.588732 0.754571 -0.680043
550000 1.328571 0.554496 -0.784181
560000 1.336738 0.596435 -0.663044
570000 1.978504 0.691369 -0.713058
580000 1.818678 0.665306 -0.715682
590000 1.653256 0.765007 -0.679064
600000 1.991563 0.650638 -0.748527
610000 2.236780 0.663323 -0.565696
620000 3.165996 0.725285 -0.596735
630000 3.408818 0.688853 -0.830732
640000 4.375114 0.655104 -0.819395
650000 3.227422 0.744796 -0.666781
660000 3.824272 0.664440 -0.716617
670000 4.368664 0.828984 -0.654774
680000 3.982515 0.658789 -0.690124
690000 2.687727 0.609237 -0.641466
700000 2.624487 0.699095 -0.671540
710000 2.854145 0.699977 -0.605640
720000 3.242904 0.626491 -0.692657
730000 3.559449 0.740035 -0.679079
740000 4.222975 0.761543 -0.680011
750000 4.427881 0.620448 -0.675826
760000 4.928510 0.647810 -0.560478
770000 4.247831 0.670090 -0.767982
780000 4.209285 0.712693 -0.701335
790000 3.844720 0.689323 -0.702637
800000 3.477466 0.881542 -0.702336
810000 2.513719 0.687623 -0.764661
820000 2.157160 0.680447 -0.736808
830000 2.326441 0.657232 -0.733111
840000 2.763050 0.773108 -0.614928
850000 3.710015 0.659396 -0.623810
860000 2.970729 0.599004 -0.736324
870000 2.524591 0.717539 -0.724520
880000 2.210509 0.696020 -0.726353
890000 1.620004 0.671825 -0.723566
900000 2.054849 0.756973 -0.585953
910000 2.385149 0.684832 -0.741674
920000 3.444369 0.725471 -0.676632
930000 4.372298 0.715540 -0.658587
940000 4.557553 0.677166 -0.744024
950000 4.126010 0.654079 -0.700930
960000 3.977220 0.772506 -0.717896
970000 3.938184 0.710645 -0.742418
980000 4.633132 0.716743 -0.878553
990000 4.669622 0.664309 -0.765953
1000000 2.974609 0.799486 -0.720785
1010000 3.756284 0.763887 -0.769351
1020000 3.797026 0.594367 -0.670213
1030000 4.116044 0.531939 -0.547525
1040000 2.785848 0.665309 -0.755526
1050000 3.279056 0.774644 -0.618895
1060000 2.729845 0.700143 -0.661350
1070000 2.247352 0.668781 -0.814350
1080000 2.747063 0.761697 -0.782495
1090000 2.749205 0.659774 -0.675402
1100000 1.084991 0.739903 -0.765729
1110000 1.121970 0.708081 -0.742940
1120000 0.764338 0.772494 -0.664491
1130000 0.786210 0.667326 -0.766253
1140000 0.869294 0.718883 -0.691482
1150000 1.004240 0.693125 -0.771846
1160000 0.911713 0.519624 -0.749283
1170000 1.439282 0.740456 -0.736248
1180000 1.517628 0.808427 -0.729688
1190000 1.357959 0.659102 -0.700134
1200000 1.252457 0.718946 -0.844112
1210000 1.294886 0.729685 -0.716861
1220000 1.453646 0.787927 -0.697993
1230000 1.859969 0.757658 -0.653576
1240000 1.041618 0.728424 -0.695878
1250000 1.426420 0.576867 -0.588268
1260000 2.106981 0.720991 -0.663631
1270000 2.526783 0.728009 -0.614775
1280000 4.050480 0.729187 -0.741143
1290000 3.995872 0.747759 -0.630271
1300000 3.782883 0.774622 -0.601548
1310000 3.636520 0.724049 -0.604275
1320000 4.244002 0.556858 -0.587038
1330000 4.584500 0.706098 -0.649651
1340000 4.417956 0.739841 -0.712012
1350000 4.720973 0.667607 -0.715947
1360000 4.731608 0.633213 -0.611096
1370000 4.613733 0.654823 -0.668108
1380000 4.924053 0.785669 -0.663021
1390000 4.733973 0.588995 -0.751715
1400000 3.000214 0.618939 -0.687088
1410000 3.096470 0.701264 -0.651445
1420000 3.201923 0.720788 -0.680889
1430000 3.339638 0.800090 -0.622923
1440000 2.704065 0.676535 -0.671288
1450000 2.624391 0.579975 -0.764452
1460000 2.219285 0.790519 -0.779172
1470000 3.089190 0.697616 -0.653487
1480000 3.722588 0.735716 -0.823732
1490000 3.374640 0.708760 -0.726280
1500000 3.929568 0.851512 -0.653183
1510000 4.231060 0.908298 -0.689959
1520000 4.380363 0.645218 -0.704258
1530000 4.464123 0.630043 -0.665723
1540000 5.024460 0.750679 -0.678570
1550000 4.295827 0.632201 -0.594778
1560000 3.961772 0.641743 -0.691352
1570000 4.450955 0.663528 -0.756978
1580000 4.689491 0.556232 -0.685654
1590000 4.990111 0.657660 -0.721852
1600000 4.905188 0.730999 -0.744738
1610000 5.018098 0.743603 -0.759432
1620000 4.797693 0.581728 -0.534547
1630000 4.791169 0.715143 -0.812208
1640000 4.910567 0.624106 -0.763827
1650000 4.638630 0.680466 -0.612264
1660000 4.822498 0.515125 -0.735665
1670000 4.237131 0.692373 -0.786398
1680000 5.044567 0.649692 -0.699516
1690000 3.940125 0.629608 -0.751829
1700000 3.159742 0.827874 -0.713133
1710000 2.562888 0.779944 -0.646034
1720000 2.857394 0.664402 -0.598901
1730000 1.900352 0.822056 -0.722581
1740000 1.825141 0.770977 -0.799797
1750000 1.258756 0.729737 -0.669794
1760000 1.116033 0.918356 -0.584745
1770000 0.595155 0.541231 -0.530526
1780000 1.114869 0.664932 -0.605642
1790000 0.916129 0.663265 -0.818117
1800000 1.572331 0.733719 -0.640664
1810000 1.403116 0.672322 -0.764679
1820000 1.459452 0.639303 -0.704534
1830000 1.179008 0.581449 -0.745619
1840000 0.896935 0.656499 -0.739678
1850000 0.829355 0.716170 -0.680165
1860000 0.957248 0.718754 -0.863012
1870000 0.578302 0.642524 -0.712469
1880000 0.709894 0.744234 -0.704008
1890000 0.997978 0.670257 -0.733432
1900000 0.962062 0.706822 -0.693764
1910000 0.929601 0.733001 -0.615962
1920000 0.806956 0.760799 -0.853839
1930000 1.160794 0.758912 -0.645186
1940000 1.800689 0.738241 -0.729206
1950000 1.674635 0.887310 -0.676741
1960000 1.880658 0.611779 -0.740703
1970000 2.374136 0.644409 -0.777381
1980000 2.133090 0.657322 -0.766673
1990000 2.310544 0.695262 -0.662645
2000000 2.679521 0.643353 -0.578136
2010000 3.163761 0.700394 -0.580211
2020000 3.594524 0.602705 -0.660982
2030000 4.416493 0.719683 -0.646128
2040000 3.713856 0.748654 -0.624209
2050000 2.569185 0.670761 -0.803925
2060000 2.760955 0.595486 -0.737918
2070000 3.805330 0.819257 -0.606363
2080000 3.745144 0.672978 -0.683679
2090000 5.013209 0.584387 -0.678396
2100000 4.868643 0.659443 -0.798989
2110000 4.028467 0.743141 -0.663250
2120000 4.084991 0.635279 -0.642744
2130000 3.435489 0.707390 -0.542388
2140000 2.671782 0.803085 -0.778039
2150000 2.759028 0.665806 -0.760847
2160000 2.690065 0.744631 -0.565193
2170000 2.863361 0.683759 -0.712491
2180000 2.149352 0.627879 -0.751974
2190000 2.676068 0.646019 -0.722592
2200000 3.402562 0.568723 -0.727306
2210000 3.481155 0.605413 -0.837521
2220000 3.802595 0.648189 -0.801441
2230000 4.443743 0.693397 -0.750739
2240000 5.012176 0.655009 -0.691723
2250000 4.865113 0.679910 -0.795082
2260000 4.938878 0.728676 -0.828805
2270000 4.514663 0.719567 -0.776564
2280000 4.831058 0.680586 -0.818106
2290000 4.458665 0.706142 -0.625580
2300000 3.861061 0.675814 -0.718512
2310000 4.054163 0.680169 -0.812082
2320000 3.918620 0.825654 -0.675571
2330000 3.215332 0.617964 -0.684545
2340000 2.479441 0.592383 -0.605795
2350000 2.009987 0.615115 -0.715471
2360000 1.701932 0.560822 -0.611496
2370000 1.640336 0.556701 -0.604851
2380000 1.525587 0.793798 -0.808680
2390000 1.612345 0.641975 -0.731081
2400000 1.817901 0.780133 -0.768876
2410000 2.159912 0.689968 -0.712658
2420000 2.581161 0.803793 -0.650383
2430000 2.187965 0.693999 -0.731358
2440000 2.497385 0.597447 -0.685962
2450000 2.347960 0.806184 -0.551803
2460000 3.200279 0.724839 -0.683081
2470000 3.193891 0.718817 -0.721741
2480000 2.770278 0.617330 -0.645829
2490000 2.292415 0.615378 -0.731814
2500000 1.915342 0.700926 -0.808401
2510000 1.745811 0.508319 -0.804109
2520000 1.332841 0.725768 -0.672949
2530000 1.502428 0.652650 -0.786419
2540000 1.332960 0.700487 -0.629501
2550000 1.188964 0.605474 -0.730349
2560000 1.112243 0.678248 -0.721571
2570000 1.349510 0.791739 -0.734112
2580000 1.293404 0.546904 -0.594789
2590000 1.540533 0.668502 -0.598704
2600000 1.435886 0.712602 -0.596619
2610000 1.362168 0.784602 -0.787829
2620000 1.652720 0.721297 -0.666586
2630000 1.775854 0.614772 -0.771676
2640000 1.888349 0.616954 -0.611897
2650000 2.140111 0.642626 -0.667226
2660000 1.979291 0.625653 -0.712578
2670000 1.915455 0.705532 -0.781583
2680000 1.573903 0.693665 -0.570040
2690000 1.459731 0.665098 -0.612236
2700000 2.517987 0.741350 -0.630779
2710000 3.459914 0.791254 -0.715961
2720000 3.890955 0.744540 -0.739081
2730000 4.698006 0.701219 -0.635953
2740000 4.563349 0.778482 -0.799820
2750000 3.424657 0.691176 -0.698978
2760000 4.099418 0.538513 -0.663253
2770000 4.602555 0.773421 -0.673634
2780000 3.130529 0.801782 -0.774506
2790000 3.429552 0.680595 -0.675840
2800000 4.587235 0.684660 -0.680705
2810000 3.990576 0.694387 -0.776190
2820000 4.267922 0.668787 -0.691207
2830000 3.313296 0.619820 -0.665181
2840000 4.601341 0.618516 -0.599065
2850000 4.921509 0.610288 -0.686895
2860000 4.728786 0.665947 -0.701653
2870000 4.433015 0.730432 -0.782119
2880000 3.525796 0.723708 -0.768299
2890000 4.400743 0.761755 -0.656840
2900000 4.335537 0.654494 -0.580199
2910000 3.703841 0.682928 -0.804134
2920000 3.147554 0.761181 -0.659528
2930000 3.438233 0.728270 -0.626304
2940000 2.984039 0.709412 -0.769811
2950000 2.686553 0.725256 -0.614338
2960000 2.973817 0.781419 -0.860223
2970000 2.551401 0.558457 -0.667297
2980000 2.972116 0.688968 -0.630756
2990000 2.276065 0.695656 -0.704679
3000000 2.469042 0.592913 -0.701881
3010000 2.364991 0.787450 -0.635099
3020000 2.641375 0.614411 -0.714403
3030000 3.297076 0.810353 -0.808692
3040000 3.022117 0.759926 -0.697485
3050000 3.161555 0.762993 -0.734787
3060000 3.632469 0.810161 -0.610636
3070000 4.580510 0.756914 -0.587285
3080000 4.902627 0.640124 -0.687320
3090000 4.930131 0.681510 -0.642074
3100000 4.204219 0.697070 -0.764127
3110000 3.879499 0.603469 -0.670093
3120000 3.353004 0.769964 -0.942819
3130000 2.506746 0.763288 -0.686876
3140000 2.172450 0.701914 -0.715662
3150000 1.937223 0.605535 -0.678447
3160000 2.989772 0.788794 -0.814015
3170000 3.547319 0.716045 -0.569301
3180000 4.360641 0.626090 -0.854154
3190000 4.966972 0.764910 -0.717111
3200000 4.350257 0.681233 -0.685238
3210000 4.213152 0.615593 -0.730257
3220000 4.648659 0.688427 -0.760323
3230000 4.509612 0.615591 -0.707609
3240000 4.895826 0.628098 -0.634412
3250000 4.792930 0.730075 -0.744718
3260000 4.938430 0.669712 -0.681888
3270000 4.759902 0.739422 -0.599020
3280000 4.896448 0.759963 -0.584227
3290000 4.278313 0.714500 -0.660154
3300000 4.629895 0.635395 -0.713860
3310000 5.024047 0.632401 -0.642786
3320000 4.626795 0.570506 -0.670433
3330000 4.927983 0.648398 -0.757666
3340000 4.578869 0.779339 -0.665101
3350000 3.779453 0.680403 -0.665961
3360000 3.563176 0.758377 -0.752587
3370000 3.950258 0.652883 -0.740988
3380000 4.593659 0.768933 -0.784876
3390000 4.178441 0.747312 -0.558170
3400000 3.304035 0.589684 -0.723137
3410000 3.298698 0.735904 -0.630492
3420000 3.931215 0.714927 -0.789028
3430000 3.091097 0.786731 -0.766090
3440000 2.681227 0.692163 -0.746293
3450000 2.636839 0.659177 -0.673131
3460000 2.095469 0.746551 -0.777516
3470000 3.061668 0.658936 -0.685469
3480000 2.159550 0.749198 -0.681499
3490000 1.990496 0.615380 -0.780763
3500000 2.274802 0.746700 -0.686938
3510000 1.973113 0.830208 -0.622639
3520000 1.655816 0.785821 -0.704264
3530000 2.256832 0.684859 -0.713931
3540000 2.830849 0.657644 -0.716787
3550000 3.209828 0.663791 -0.763165
3560000 2.912506 0.641988 -0.654886
3570000 3.331816 0.754588 -0.688945
3580000 3.943356 0.789308 -0.839972
3590000 3.345638 0.704331 -0.756194
3600000 3.494215 0.659962 -0.658572
3610000 4.705107 0.723074 -0.819521
3620000 5.061586 0.770881 -0.835547
3630000 4.626637 0.573037 -0.633676
3640000 4.148690 0.813241 -0.681512
3650000 4.439291 0.713037 -0.730663
3660000 4.227677 0.630751 -0.647071
3670000 3.921180 0.595176 -0.877691
3680000 4.777936 0.796673 -0.705300
3690000 4.062967 0.598074 -0.774292
3700000 4.724284 0.604798 -0.708786
3710000 4.150073 0.748892 -0.704471
3720000 4.728902 0.644099 -0.668424
3730000 4.275381 0.640840 -0.724741
3740000 3.461923 0.672620 -0.746705
3750000 2.904773 0.681350 -0.734515
3760000 2.340305 0.748035 -0.782511
3770000 2.028640 0.778506 -0.780225
3780000 1.658199 0.731646 -0.645949
3790000 2.418915 0.757305 -0.649867
