100000 4.494313 0.637501 -1.080896
110000 4.538135 0.724753 -1.018594
120000 4.605225 0.723791 -0.950005
130000 4.809079 0.708304 -1.081851
140000 4.645676 0.692685 -1.104640
150000 3.890141 0.739581 -1.059061
160000 3.349692 0.659989 -1.144659
170000 2.825371 0.640597 -1.004439
180000 3.740697 0.778968 -0.989165
190000 5.015907 0.693434 -0.969091
200000 4.134860 0.779965 -1.079100
210000 3.247091 0.742018 -1.012941
220000 3.506426 0.732993 -1.086738
230000 4.460707 0.749913 -0.987446
240000 4.208465 0.570197 -0.940180
250000 2.832554 0.810145 -1.033621
260000 4.295019 0.652271 -0.941115
270000 2.211840 0.685908 -1.038744
280000 1.939322 0.660981 -1.022581
290000 1.611601 0.722657 -1.202027
300000 0.879653 0.817301 -1.149641
310000 1.261245 0.664787 -1.064785
320000 0.941498 0.791354 -1.059388
330000 1.119496 0.654325 -1.070204
340000 1.589073 0.658853 -1.074178
350000 1.411525 0.833220 -1.016177
360000 1.947728 0.656052 -1.092150
370000 2.359442 0.695394 -1.052598
380000 3.880576 0.619278 -1.171183
390000 3.938624 0.744931 -1.230741
400000 2.856131 0.638305 -0.920712
410000 2.407955 0.524069 -1.049405
420000 3.609952 0.607881 -1.129006
430000 4.234136 0.708641 -1.062364
440000 2.649211 0.510924 -1.124920
450000 3.633296 0.705490 -1.072573
460000 2.066649 0.608542 -1.038573
470000 1.658494 0.731535 -1.175059
480000 2.209639 0.770047 -1.124553
490000 1.455854 0.697000 -0.886466
500000 0.902579 0.770171 -1.012111
510000 0.962157 0.597474 -1.171353
520000 0.942772 0.674497 -0.962685
530000 1.510279 0.587994 -1.068042
540000 0.733194 0.636106 -1.069093
550000 0.945183 0.734061 -1.023762
560000 0.689856 0.754804 -1.033687
570000 1.296433 0.696468 -0.976161
580000 1.494537 0.684913 -1.075544
590000 2.023537 0.703784 -0.997990
600000 2.669125 0.806380 -1.078217
610000 2.029293 0.775466 -1.023374
620000 1.745129 0.715381 -0.888905
630000 1.546479 0.617778 -1.157013
640000 1.819776 0.742059 -1.076473
650000 2.317035 0.654973 -1.140006
660000 3.055753 0.658292 -0.985320
670000 2.797607 0.669070 -0.995639
680000 4.659313 0.713952 -1.004711
690000 3.898192 0.735075 -1.109436
700000 4.311471 0.770598 -1.037534
710000 3.879884 0.699654 -1.060327
720000 4.219810 0.707619 -1.071955
730000 4.097362 0.819515 -1.026864
740000 3.214751 0.851783 -1.173440
750000 4.610966 0.806970 -0.975576
760000 4.981355 0.662558 -1.011753
770000 4.590305 0.774306 -1.069565
780000 4.009881 0.671437 -1.016958
790000 3.157440 0.675891 -0.961782
800000 2.958168 0.576903 -1.069274
810000 2.592753 0.728166 -0.936623
820000 1.745906 0.730729 -1.100898
830000 2.727658 0.838201 -0.970153
840000 2.155880 0.714320 -1.166356
850000 3.250534 0.690958 -1.049214
860000 4.506948 0.661625 -1.136260
870000 4.986922 0.744682 -1.108735
880000 4.305853 0.683092 -1.076819
890000 4.597639 0.745798 -1.007273
900000 4.147800 0.766135 -1.013228
910000 3.754448 0.723765 -1.114124
920000 3.077186 0.674703 -1.027471
930000 2.965985 0.731186 -0.979352
940000 2.710815 0.548430 -1.148446
950000 2.968230 0.634972 -1.031444
960000 2.368462 0.772508 -1.084757
970000 2.066760 0.663351 -1.035328
980000 1.471324 0.717350 -1.101944
990000 1.071354 0.719070 -1.071695
1000000 1.180423 0.734359 -1.108378
1010000 1.539169 0.656548 -1.144525
1020000 1.426141 0.697359 -0.991316
1030000 1.761222 0.713012 -1.025695
1040000 1.439442 0.751029 -1.036859
1050000 1.729852 0.759665 -1.067077
1060000 2.035980 0.635230 -1.036685
1070000 1.984921 0.733123 -0.934739
1080000 2.665744 0.657460 -1.147433
1090000 3.616016 0.670994 -1.092463
1100000 2.936994 0.781155 -1.003252
1110000 4.885400 0.741056 -1.032765
1120000 4.579602 0.743274 -0.883894
1130000 4.834941 0.570333 -0.920346
1140000 3.665896 0.802411 -0.902939
1150000 3.855405 0.682499 -1.108571
1160000 3.117068 0.817497 -1.041167
1170000 2.992056 0.759095 -1.067620
1180000 3.288077 0.621937 -1.023489
1190000 4.676026 0.677274 -0.960658
1200000 4.667510 0.676747 -1.071424
1210000 4.929306 0.648530 -1.097830
1220000 3.865852 0.671914 -1.185027
1230000 4.128566 0.761912 -0.917529
1240000 3.884220 0.685570 -1.062762
1250000 3.418860 0.670718 -1.084342
1260000 2.687397 0.706638 -0.949254
1270000 2.795921 0.640690 -0.996937
1280000 2.420017 0.725376 -1.066593
1290000 2.606155 0.808644 -1.017663
1300000 2.183086 0.707901 -1.055977
1310000 2.546738 0.647396 -1.094959
1320000 3.737095 0.664337 -1.102636
1330000 4.386111 0.753587 -0.923644
1340000 4.771128 0.774339 -1.145999
1350000 4.333298 0.704660 -0.947639
1360000 4.447885 0.641936 -1.004134
1370000 3.953815 0.660933 -0.880192
1380000 4.208510 0.726466 -0.988568
1390000 3.040926 0.755526 -1.114045
1400000 1.915400 0.752457 -1.133329
1410000 1.858576 0.634089 -1.072054
1420000 2.180406 0.738264 -0.917264
1430000 1.845747 0.611054 -1.092562
1440000 1.363009 0.665610 -1.062463
1450000 1.187450 0.839211 -1.099903
1460000 1.028924 0.696409 -0.993223
1470000 0.812791 0.771877 -0.969908
1480000 0.598531 0.669593 -1.099283
1490000 0.663431 0.650941 -0.986841
1500000 0.734328 0.806787 -1.092404
1510000 1.023169 0.720977 -1.082315
1520000 0.952858 0.705683 -0.931292
1530000 1.194405 0.719914 -1.007516
1540000 0.702482 0.709210 -1.046023
1550000 1.011379 0.610012 -0.980695
1560000 1.027972 0.830256 -1.004281
1570000 1.054422 0.794114 -0.998131
1580000 1.377774 0.690222 -1.038400
1590000 1.618848 0.672021 -1.050653
1600000 1.527629 0.680491 -1.099546
1610000 2.071543 0.655610 -1.066656
1620000 2.261479 0.643123 -1.139965
1630000 2.732851 0.629986 -1.032825
1640000 2.930714 0.782568 -1.042948
1650000 3.402111 0.856603 -1.031528
1660000 2.745132 0.699569 -0.963853
1670000 2.796875 0.794162 -1.036332
1680000 2.884736 0.851992 -0.972187
1690000 2.423678 0.642194 -1.016697
1700000 2.025627 0.656833 -1.017836
1710000 1.805679 0.576030 -1.077417
1720000 3.288674 0.628253 -1.005960
1730000 4.286871 0.766719 -0.964640
1740000 4.836542 0.682272 -1.085873
1750000 4.115464 0.686459 -0.959125
1760000 4.625171 0.725285 -1.019454
1770000 4.578959 0.628012 -1.055308
1780000 4.926121 0.695694 -1.168518
1790000 4.570975 0.686105 -1.145144
1800000 3.819958 0.753481 -1.164660
1810000 4.255242 0.631953 -1.021884
1820000 4.832541 0.712443 -1.025529
1830000 4.589278 0.735468 -1.124270
1840000 4.393576 0.745546 -0.909273
1850000 4.053812 0.747178 -1.136066
1860000 3.956983 0.518091 -1.079186
1870000 4.845002 0.591787 -1.232213
1880000 4.092154 0.614539 -0.979097
1890000 3.945750 0.804688 -1.181695
1900000 2.988152 0.715558 -1.136123
1910000 4.324112 0.662782 -1.146211
1920000 3.787286 0.660120 -1.154317
1930000 4.418228 0.754770 -0.894434
1940000 5.007342 0.745261 -0.990141
1950000 4.882574 0.704319 -1.088976
1960000 4.985825 0.704401 -1.013396
1970000 4.938424 0.673581 -1.081178
1980000 4.711622 0.693864 -1.059209
1990000 4.984648 0.626662 -1.040364
2000000 4.356633 0.738550 -1.048999
2010000 4.491834 0.630690 -0.995287
2020000 4.986898 0.785929 -1.062000
2030000 4.636290 0.644475 -0.964481
2040000 4.718291 0.759123 -0.990060
2050000 3.591343 0.780438 -1.040539
2060000 3.306103 0.756881 -0.987002
2070000 2.745403 0.638405 -1.002452
2080000 2.529350 0.731832 -1.014452
2090000 3.173793 0.663760 -1.049815
2100000 2.432600 0.667922 -0.943999
2110000 2.035591 0.810420 -1.081953
2120000 2.779265 0.578494 -0.947052
2130000 1.449209 0.571175 -1.117357
2140000 1.379172 0.649161 -1.231691
2150000 1.619979 0.552619 -1.142233
2160000 1.602159 0.727810 -1.008777
2170000 1.638329 0.642002 -0.957728
2180000 2.110854 0.715982 -1.003000
2190000 1.832817 0.718461 -1.053607
2200000 1.713573 0.710637 -1.041133
2210000 2.584369 0.751104 -1.049610
2220000 2.841989 0.701780 -1.172530
2230000 2.191904 0.723895 -0.863929
2240000 1.195547 0.606733 -0.981401
2250000 1.203339 0.705994 -1.013076
2260000 1.375276 0.616219 -1.032350
2270000 1.105980 0.778444 -1.019872
2280000 1.282180 0.693626 -1.023375
2290000 1.182090 0.727005 -1.083589
2300000 1.077447 0.615918 -1.137124
2310000 0.979956 0.804968 -1.132980
2320000 1.107960 0.663132 -1.039975
2330000 1.194539 0.776087 -1.084284
2340000 1.105608 0.733409 -0.947549
2350000 1.433618 0.709707 -1.033186
2360000 1.612781 0.625396 -0.960317
2370000 1.495959 0.734546 -1.046887
2380000 1.662523 0.769427 -1.067269
2390000 1.830361 0.718512 -1.107820
2400000 1.666693 0.709538 -1.105456
2410000 1.889343 0.693130 -0.929892
2420000 1.731547 0.716205 -1.106257
2430000 2.663991 0.687329 -0.973908
2440000 3.249301 0.794113 -1.040639
2450000 3.971128 0.805714 -1.067129
2460000 3.682956 0.831588 -1.048109
2470000 3.868503 0.702811 -1.035532
2480000 3.282164 0.699428 -1.037728
2490000 2.588008 0.699201 -0.933394
2500000 3.030456 0.778561 -1.096265
2510000 3.264739 0.915255 -1.119467
2520000 4.217015 0.706877 -1.044589
2530000 3.291262 0.772378 -1.076309
2540000 2.500324 0.646441 -1.054503
2550000 3.691990 0.697286 -0.884804
2560000 4.182327 0.643315 -1.087349
2570000 4.443381 0.649841 -0.989061
2580000 4.503277 0.711942 -1.078343
2590000 5.019602 0.667348 -0.990284
2600000 4.599909 0.621944 -0.977542
2610000 4.825658 0.641155 -1.078583
2620000 4.027798 0.805012 -1.002246
2630000 3.637283 0.708191 -0.989306
2640000 4.269941 0.755115 -1.068665
2650000 4.717601 0.620774 -1.139550
2660000 3.567377 0.653198 -1.069991
2670000 3.182416 0.657912 -1.074947
2680000 3.339579 0.669232 -1.141361
2690000 2.538766 0.765604 -1.106012
2700000 2.208609 0.718595 -0.867147
2710000 2.131172 0.666022 -1.039222
2720000 2.634067 0.711274 -1.050257
2730000 2.560476 0.720375 -1.012287
2740000 1.915629 0.837742 -1.014949
2750000 2.084262 0.667027 -1.102083
2760000 2.101235 0.645232 -0.987723
2770000 1.979198 0.747137 -1.144132
2780000 2.721350 0.897268 -0.954904
2790000 3.262504 0.648884 -1.027053
2800000 2.962864 0.660549 -0.996810
2810000 4.588869 0.844924 -0.939844
2820000 3.811105 0.730770 -0.976915
2830000 3.691129 0.673529 -0.927346
2840000 4.302650 0.855283 -1.059712
2850000 4.836949 0.673561 -1.051389
2860000 4.492116 0.574849 -1.013659
2870000 4.532559 0.805892 -0.971924
2880000 4.641060 0.792567 -1.043270
2890000 4.202024 0.680208 -1.137380
2900000 3.046836 0.640229 -1.064133
2910000 2.581746 0.722556 -1.023678
2920000 2.386879 0.610879 -1.184393
2930000 3.299036 0.618616 -1.081571
2940000 3.550998 0.614125 -0.993455
2950000 2.682396 0.858498 -1.134051
2960000 3.634288 0.728647 -1.083176
2970000 3.950786 0.684587 -1.002537
2980000 3.113415 0.802582 -0.983615
2990000 3.077147 0.672482 -1.045027
3000000 3.618923 0.767159 -0.940655
3010000 2.853839 0.627866 -1.139843
3020000 2.025332 0.550570 -1.017562
3030000 2.203912 0.844567 -1.108655
3040000 2.159450 0.653126 -0.962001
3050000 1.712907 0.625990 -1.070683
3060000 1.541655 0.718918 -0.978465
3070000 1.320199 0.713499 -1.099899
3080000 1.306835 0.608412 -0.991392
3090000 1.769690 0.675460 -1.258742
3100000 1.702003 0.630008 -1.056392
3110000 1.337747 0.734885 -1.198891
3120000 1.499897 0.649100 -0.970741
3130000 1.446924 0.688084 -1.011961
3140000 1.281363 0.759908 -0.989525
3150000 1.954317 0.625576 -1.041854
3160000 1.883231 0.688864 -1.060049
3170000 2.080768 0.464767 -1.052463
3180000 2.404500 0.561297 -0.952511
3190000 2.301562 0.676211 -1.135651
3200000 2.293162 0.701767 -0.948703
3210000 1.800804 0.590349 -1.002011
3220000 1.858445 0.817559 -1.022034
3230000 1.718305 0.840971 -1.189665
3240000 1.603731 0.703669 -1.152928
3250000 1.653207 0.779714 -1.003915
3260000 1.854283 0.791225 -1.050180
3270000 1.953000 0.778683 -1.112367
3280000 2.278932 0.810442 -1.150724
3290000 2.863145 0.720850 -0.811227
3300000 3.089404 0.570642 -1.302714
3310000 2.884448 0.657363 -1.067011
3320000 3.488730 0.641695 -1.084887
3330000 3.822955 0.867478 -1.025396
3340000 3.361566 0.689592 -1.034404
3350000 2.592239 0.534050 -1.141042
3360000 2.541928 0.636614 -1.074313
3370000 2.657496 0.579480 -0.940717
3380000 2.482955 0.663713 -0.943289
3390000 2.613607 0.660846 -1.036400
3400000 3.519750 0.731080 -1.085145
3410000 4.033347 0.767187 -1.040258
3420000 3.574984 0.717862 -1.018530
3430000 3.139061 0.733881 -1.108409
3440000 3.178227 0.687614 -1.155597
3450000 3.979621 0.725702 -1.068877
3460000 4.124413 0.794943 -1.089470
3470000 4.141423 0.822061 -1.025376
3480000 4.614091 0.687393 -0.942598
3490000 4.688302 0.809916 -1.177290
3500000 4.957730 0.555555 -1.011920
3510000 5.011669 0.738705 -0.966093
3520000 4.034920 0.668507 -0.891854
3530000 3.912261 0.709466 -1.017050
3540000 3.912787 0.658977 -1.027853
3550000 4.079180 0.742821 -0.958556
3560000 4.148403 0.781707 -1.158447
3570000 4.985004 0.668127 -1.060717
3580000 5.000061 0.553120 -1.063155
3590000 4.873828 0.732313 -1.085029
3600000 4.375800 0.739088 -1.003832
3610000 4.691902 0.658098 -0.923226
3620000 4.276111 0.648806 -1.038103
3630000 3.583140 0.760006 -1.061574
3640000 3.406449 0.852913 -1.066370
3650000 3.993205 0.762344 -1.095659
3660000 4.402992 0.616115 -0.987379
3670000 4.826516 0.683956 -1.029262
3680000 4.808067 0.649612 -1.005397
3690000 4.111438 0.730171 -1.082307
3700000 4.534107 0.667812 -0.969778
3710000 3.812358 0.722378 -1.072482
3720000 4.094773 0.662707 -0.908176
3730000 3.245646 0.791680 -0.954899
3740000 2.727335 0.725116 -1.085970
3750000 2.456500 0.731341 -1.134597
3760000 4.031599 0.596656 -1.051430
3770000 4.816705 0.689876 -0.996672
3780000 4.928562 0.775709 -0.996970
3790000 4.414876 0.598210 -1.051999
3800000 4.103321 0.610797 -1.052247
3810000 3.980670 0.689319 -1.109831
3820000 3.818309 0.621869 -1.143823
3830000 4.346472 0.661406 -1.075171
3840000 4.885660 0.633205 -0.937991
3850000 4.808810 0.691415 -1.118887
3860000 3.798452 0.664192 -1.002097
3870000 3.855251 0.696440 -1.057005
3880000 3.926474 0.655214 -1.009540
3890000 4.174121 0.777039 -1.050691
3900000 3.968266 0.641877 -1.136325
3910000 4.464955 0.664288 -1.006252
3920000 3.199764 0.687429 -0.960701
3930000 2.997700 0.697288 -1.212608
3940000 3.045868 0.715736 -1.058484
3950000 2.292725 0.739364 -1.085406
3960000 2.268836 0.780343 -1.033155
3970000 2.764438 0.771102 -1.083415
3980000 3.224843 0.711556 -1.088543
3990000 3.218479 0.798858 -1.169832
4000000 3.487565 0.649247 -1.063689
