100000 0.900129 0.519276 -2.480684
110000 0.935502 0.734288 -2.524452
120000 1.104303 0.776385 -2.460377
130000 1.409572 0.714777 -2.360429
140000 1.597667 0.680974 -2.503774
150000 2.055968 0.616105 -2.466091
160000 3.511541 0.736272 -2.438155
170000 4.328904 0.726847 -2.484380
180000 4.029354 0.706594 -2.413055
190000 4.616155 0.683633 -2.500742
200000 3.533015 0.528508 -2.387164
210000 2.784044 0.677657 -2.346232
220000 4.128405 0.753781 -2.527754
230000 3.768051 0.772687 -2.462415
240000 4.191811 0.672181 -2.481019
250000 4.534746 0.894327 -2.449234
260000 3.700553 0.703562 -2.570996
270000 3.233637 0.739107 -2.520610
280000 3.812159 0.722023 -2.410182
290000 4.447471 0.609509 -2.429838
300000 4.084750 0.692467 -2.396929
310000 4.972098 0.716225 -2.509957
320000 4.487343 0.736246 -2.460390
330000 2.775602 0.745653 -2.382047
340000 2.274799 0.620131 -2.373560
350000 2.201063 0.726312 -2.343848
360000 3.064494 0.790722 -2.341590
370000 3.599432 0.623448 -2.501775
380000 3.369346 0.702660 -2.504168
390000 3.129568 0.756799 -2.516982
400000 3.500220 0.596776 -2.559673
410000 2.555690 0.712784 -2.471153
420000 2.106362 0.682943 -2.456888
430000 2.329869 0.714353 -2.352635
440000 2.945645 0.659659 -2.418307
450000 3.590828 0.738796 -2.440820
460000 4.710443 0.785942 -2.446708
470000 4.969669 0.716683 -2.427639
480000 4.411909 0.852999 -2.514216
490000 4.390120 0.714454 -2.389444
500000 4.002923 0.651333 -2.328377
510000 3.931512 0.710568 -2.536249
520000 4.389960 0.662700 -2.435207
530000 4.732455 0.654885 -2.484643
540000 4.503800 0.721871 -2.486593
550000 3.637514 0.678523 -2.496537
560000 4.747537 0.812188 -2.417129
570000 3.894952 0.703952 -2.481941
580000 2.674489 0.642271 -2.400954
590000 2.383517 0.614051 -2.460133
600000 1.747208 0.707036 -2.436241
610000 2.253310 0.725636 -2.419759
620000 2.635478 0.825587 -2.443853
630000 3.243109 0.718038 -2.567946
640000 3.593097 0.648070 -2.410422
650000 4.223364 0.589357 -2.495113
660000 3.781025 0.830823 -2.452154
670000 2.871547 0.767614 -2.374923
680000 3.074113 0.550040 -2.505965
690000 3.372850 0.561017 -2.502997
700000 3.632444 0.763866 -2.472075
710000 3.495081 0.673937 -2.588049
720000 4.542127 0.526244 -2.505696
730000 4.783299 0.658052 -2.391326
740000 3.642687 0.809818 -2.405136
750000 2.749171 0.738460 -2.430762
760000 2.180116 0.746112 -2.516469
770000 1.665238 0.860417 -2.507491
780000 1.722716 0.791567 -2.495558
790000 1.319324 0.577529 -2.417364
800000 1.500208 0.633630 -2.457129
810000 1.092895 0.719933 -2.463519
820000 1.420953 0.572657 -2.466087
830000 1.574892 0.798166 -2.521152
840000 1.867055 0.720013 -2.478097
850000 2.219497 0.764913 -2.399024
860000 1.889569 0.741285 -2.431497
870000 1.863133 0.809380 -2.328121
880000 2.515727 0.673077 -2.430715
890000 2.349680 0.841826 -2.441415
900000 3.105721 0.751192 -2.500598
910000 3.547623 0.740534 -2.409192
920000 4.151968 0.630944 -2.372143
930000 4.307022 0.726070 -2.504346
940000 3.941834 0.772505 -2.379507
950000 5.003603 0.733377 -2.521286
960000 4.504409 0.632476 -2.483171
970000 3.565115 0.581510 -2.470106
980000 2.746692 0.616469 -2.423513
990000 3.172178 0.759259 -2.481438
1000000 3.779749 0.637161 -2.559342
1010000 4.173685 0.779693 -2.424456
1020000 3.435790 0.705519 -2.423012
1030000 3.511217 0.817035 -2.431118
1040000 4.682817 0.725818 -2.446391
1050000 3.586124 0.666393 -2.501690
1060000 3.775766 0.726572 -2.481193
1070000 4.477035 0.614533 -2.379419
1080000 4.958072 0.739686 -2.498911
1090000 4.325855 0.738037 -2.501618
1100000 4.308001 0.771695 -2.412895
1110000 3.717312 0.768606 -2.346885
1120000 2.397284 0.712580 -2.362902
1130000 2.679527 0.788470 -2.464125
1140000 1.958412 0.786473 -2.460127
1150000 1.619589 0.703992 -2.354293
1160000 1.489270 0.674725 -2.202150
1170000 1.716824 0.721951 -2.539844
1180000 1.596067 0.753568 -2.364118
1190000 1.229719 0.766755 -2.427842
1200000 0.562806 0.711454 -2.380038
1210000 0.838593 0.837488 -2.477716
1220000 0.885132 0.571839 -2.340334
1230000 1.124031 0.610681 -2.522467
1240000 1.320367 0.555437 -2.461192
1250000 1.396570 0.773960 -2.464354
1260000 0.996160 0.700603 -2.536321
1270000 0.887951 0.752469 -2.461844
1280000 1.054735 0.771903 -2.445445
1290000 1.307781 0.664435 -2.441816
1300000 1.665676 0.743228 -2.362449
1310000 1.512308 0.621728 -2.407668
1320000 0.766253 0.744309 -2.428215
1330000 0.847593 0.687945 -2.416695
1340000 0.727419 0.786632 -2.554504
1350000 0.579724 0.804137 -2.522562
1360000 0.820386 0.787754 -2.455797
1370000 1.050001 0.715330 -2.518698
1380000 0.959886 0.792789 -2.441481
1390000 1.120693 0.720122 -2.452371
1400000 0.991470 0.677803 -2.404878
1410000 0.913952 0.676114 -2.433082
1420000 0.733626 0.767687 -2.495687
1430000 0.958912 0.688279 -2.367335
1440000 1.224297 0.743473 -2.369284
1450000 1.166206 0.726452 -2.579900
1460000 2.448863 0.653112 -2.534405
1470000 1.939667 0.696205 -2.423118
1480000 1.818711 0.748130 -2.455951
1490000 2.307657 0.823370 -2.358518
1500000 2.995209 0.649363 -2.503121
1510000 3.193086 0.706957 -2.439191
1520000 3.046955 0.631865 -2.482234
1530000 2.860910 0.632724 -2.543697
1540000 3.653487 0.640188 -2.428160
1550000 2.518281 0.779323 -2.472682
1560000 2.397072 0.771926 -2.462095
1570000 2.777661 0.558814 -2.539493
1580000 3.978781 0.739865 -2.457383
1590000 4.574509 0.758897 -2.530245
1600000 4.082312 0.767505 -2.505949
1610000 3.480699 0.665729 -2.484835
1620000 4.413185 0.697812 -2.477274
1630000 3.774266 0.551539 -2.453844
1640000 4.575905 0.754180 -2.416256
1650000 4.587597 0.728628 -2.410982
1660000 4.188263 0.670516 -2.412372
1670000 4.510683 0.732772 -2.431154
1680000 5.003483 0.676309 -2.407076
1690000 3.946819 0.804022 -2.360930
1700000 3.356275 0.536083 -2.516618
1710000 3.292485 0.630709 -2.342700
1720000 3.539059 0.646168 -2.533326
1730000 2.322456 0.796230 -2.379822
1740000 2.323122 0.694876 -2.435822
1750000 2.412411 0.641888 -2.425014
1760000 2.612036 0.697996 -2.526627
1770000 2.549797 0.723721 -2.557205
1780000 2.650481 0.664836 -2.410038
1790000 3.405640 0.747299 -2.447662
1800000 3.552423 0.715556 -2.479703
1810000 2.551897 0.810135 -2.378652
1820000 3.880662 0.695113 -2.487732
1830000 3.870794 0.747575 -2.337226
1840000 4.686850 0.741742 -2.336673
1850000 3.882722 0.654731 -2.451401
1860000 4.232541 0.726640 -2.454443
1870000 3.154602 0.658778 -2.355510
1880000 2.836350 0.688129 -2.507929
1890000 1.970918 0.563325 -2.370471
1900000 2.436630 0.725275 -2.495221
1910000 2.149692 0.645028 -2.485177
1920000 1.869464 0.716115 -2.413496
1930000 1.833744 0.715937 -2.429027
1940000 1.655360 0.602052 -2.409767
1950000 1.832091 0.716702 -2.457082
1960000 2.197153 0.630098 -2.480253
1970000 1.482698 0.620768 -2.537304
1980000 1.627704 0.753063 -2.441670
1990000 1.772837 0.587029 -2.465203
2000000 1.913519 0.740943 -2.443023
2010000 2.162968 0.881017 -2.473755
2020000 2.654278 0.720740 -2.356220
2030000 2.808446 0.670456 -2.410858
2040000 3.065861 0.596857 -2.467161
2050000 3.256942 0.595849 -2.471732
2060000 3.832038 0.730689 -2.426294
2070000 3.815030 0.658186 -2.377662
2080000 4.372726 0.754464 -2.399648
2090000 4.947688 0.620558 -2.420158
2100000 4.337230 0.804254 -2.584936
2110000 4.806596 0.698729 -2.466526
2120000 4.774322 0.631440 -2.542832
2130000 4.099301 0.731425 -2.521314
2140000 4.611306 0.684949 -2.483942
2150000 4.690842 0.886171 -2.449814
2160000 3.663021 0.739967 -2.468204
2170000 4.520731 0.712530 -2.397008
2180000 3.458347 0.798538 -2.381455
2190000 3.095458 0.700819 -2.563358
2200000 2.376110 0.765873 -2.406826
2210000 2.301094 0.639356 -2.513275
2220000 2.094202 0.646666 -2.475706
2230000 1.538737 0.657138 -2.422472
2240000 1.395462 0.666230 -2.458746
2250000 1.502568 0.821762 -2.616145
2260000 1.990678 0.560097 -2.474063
2270000 1.686050 0.590381 -2.445908
2280000 1.840595 0.726885 -2.354467
2290000 1.313076 0.847764 -2.399992
2300000 1.138058 0.641195 -2.451890
2310000 1.195983 0.696335 -2.400060
2320000 1.623390 0.722164 -2.244008
2330000 1.467608 0.550014 -2.521369
2340000 1.441341 0.713367 -2.542930
2350000 1.748270 0.712939 -2.367646
2360000 2.336869 0.652638 -2.417673
2370000 2.873529 0.713361 -2.418495
2380000 3.016321 0.729598 -2.431690
2390000 3.073355 0.681719 -2.432676
2400000 2.196140 0.688497 -2.420114
2410000 2.795708 0.774067 -2.445499
2420000 4.248389 0.632119 -2.463324
2430000 4.523979 0.607030 -2.395281
2440000 4.022529 0.632434 -2.351442
2450000 4.905553 0.755234 -2.505688
2460000 3.468320 0.750361 -2.598479
2470000 3.769162 0.738733 -2.301556
2480000 4.005960 0.663364 -2.436633
2490000 3.396007 0.676682 -2.464325
2500000 2.477470 0.612797 -2.446569
2510000 3.376834 0.822632 -2.512526
2520000 2.742946 0.720865 -2.449159
2530000 2.357766 0.688281 -2.605130
2540000 2.203256 0.702305 -2.447338
2550000 2.290466 0.615259 -2.314895
2560000 2.138081 0.590975 -2.400935
2570000 2.443502 0.720444 -2.359441
2580000 2.823217 0.797324 -2.340088
2590000 2.949977 0.751481 -2.415970
2600000 3.375547 0.745945 -2.504401
2610000 4.338341 0.699557 -2.335605
2620000 4.773515 0.740403 -2.408396
2630000 4.258730 0.743438 -2.265918
2640000 4.376349 0.820027 -2.450963
2650000 3.565220 0.776338 -2.541491
2660000 3.174480 0.738001 -2.427598
2670000 3.897316 0.822591 -2.441765
2680000 4.974652 0.603501 -2.479878
2690000 4.570307 0.811220 -2.481911
2700000 4.433367 0.620885 -2.358883
2710000 4.163731 0.663258 -2.352466
2720000 4.661636 0.714981 -2.498225
2730000 4.370667 0.735297 -2.508913
2740000 3.482832 0.764675 -2.424961
2750000 3.148867 0.612522 -2.378864
2760000 2.560909 0.652027 -2.410531
2770000 3.014655 0.702534 -2.501460
2780000 2.433867 0.611885 -2.310924
2790000 1.905713 0.676231 -2.304897
2800000 2.915782 0.703766 -2.461500
2810000 3.170898 0.770217 -2.512053
2820000 3.221197 0.652531 -2.462607
2830000 4.062669 0.608013 -2.318073
2840000 3.609195 0.650140 -2.359387
2850000 3.889682 0.694794 -2.506345
2860000 3.941638 0.657638 -2.466789
2870000 4.655114 0.740771 -2.486388
2880000 4.991916 0.700507 -2.525595
2890000 4.887559 0.846633 -2.256979
2900000 5.008751 0.759586 -2.502916
2910000 4.175000 0.611070 -2.507526
2920000 5.009704 0.736061 -2.423810
2930000 4.612801 0.650370 -2.474979
2940000 4.147761 0.627639 -2.359626
2950000 3.702571 0.542687 -2.297051
2960000 4.487780 0.616206 -2.235833
2970000 4.663670 0.660924 -2.605665
2980000 4.942889 0.605820 -2.432688
2990000 4.705498 0.625908 -2.522907
3000000 4.171105 0.684066 -2.389480
3010000 3.156260 0.787933 -2.391862
3020000 2.933653 0.581957 -2.393640
3030000 3.063480 0.812347 -2.504299
3040000 4.256214 0.747052 -2.501640
3050000 4.340074 0.715648 -2.450448
3060000 2.439553 0.738675 -2.394410
3070000 2.109733 0.649369 -2.619196
3080000 1.878644 0.718110 -2.467546
3090000 1.893055 0.753215 -2.500984
3100000 1.281395 0.702240 -2.498889
3110000 1.603022 0.848117 -2.379542
3120000 1.252304 0.631126 -2.510461
3130000 1.073674 0.659967 -2.303134
3140000 0.688490 0.755579 -2.563640
3150000 0.585172 0.743012 -2.446037
3160000 0.536823 0.709676 -2.462888
3170000 0.802789 0.675262 -2.475580
3180000 0.841562 0.672661 -2.478254
3190000 0.688254 0.666495 -2.522459
3200000 1.027328 0.752553 -2.456600
3210000 0.915165 0.759126 -2.427456
3220000 1.045993 0.702318 -2.441600
3230000 1.009315 0.703851 -2.465457
3240000 1.032141 0.778476 -2.407339
3250000 0.911372 0.705998 -2.518865
3260000 0.717904 0.867146 -2.515610
3270000 1.102391 0.703498 -2.540286
3280000 1.273265 0.745292 -2.481869
3290000 1.174837 0.654864 -2.429331
3300000 1.330751 0.614913 -2.508529
3310000 1.134109 0.918407 -2.466466
3320000 0.953329 0.741653 -2.410754
3330000 0.907849 0.917714 -2.492340
3340000 1.240431 0.616604 -2.378863
3350000 1.509756 0.683466 -2.384708
3360000 1.624045 0.694661 -2.402031
3370000 1.925536 0.673502 -2.413216
3380000 2.008066 0.725362 -2.417162
3390000 1.808835 0.769803 -2.479207
3400000 1.870275 0.687366 -2.449934
3410000 2.298289 0.710069 -2.469902
3420000 2.998581 0.708394 -2.574967
3430000 3.965582 0.655938 -2.580752
3440000 3.609151 0.629488 -2.415710
3450000 4.122294 0.734895 -2.514497
3460000 3.985252 0.695280 -2.387136
3470000 4.692818 0.857867 -2.367644
3480000 4.781655 0.619450 -2.387120
3490000 4.771569 0.819221 -2.189434
3500000 3.748053 0.753383 -2.479139
3510000 2.663150 0.591716 -2.516362
3520000 2.729010 0.735412 -2.395519
3530000 2.967427 0.573421 -2.549369
3540000 3.363953 0.712933 -2.490853
3550000 3.948674 0.655374 -2.488246
3560000 3.779437 0.750224 -2.506440
3570000 4.336621 0.655081 -2.332277
3580000 4.922236 0.537218 -2.461441
3590000 4.572316 0.624495 -2.447999
3600000 4.249545 0.844617 -2.526795
3610000 4.771498 0.720974 -2.530874
3620000 4.955449 0.675730 -2.409381
3630000 4.650328 0.550524 -2.416798
3640000 4.639952 0.627526 -2.484060
3650000 4.790216 0.656058 -2.437234
3660000 4.480710 0.705808 -2.548787
3670000 3.891236 0.617103 -2.450078
3680000 3.540912 0.719558 -2.375235
3690000 2.903157 0.706903 -2.525817
3700000 2.111153 0.775011 -2.510144
3710000 2.167121 0.820163 -2.399209
3720000 1.809294 0.579454 -2.365480
3730000 1.503418 0.849669 -2.463652
3740000 1.862005 0.789055 -2.389746
3750000 2.163979 0.790701 -2.428288
3760000 2.727879 0.711584 -2.524439
3770000 2.419821 0.667727 -2.466018
3780000 2.523121 0.712923 -2.374682
3790000 2.401606 0.791191 -2.417926
3800000 2.854620 0.675710 -2.431031
3810000 2.597211 0.687105 -2.603606
3820000 2.047712 0.665677 -2.462971
3830000 3.334658 0.671477 -2.372485
3840000 2.606075 0.692386 -2.520427
3850000 3.862319 0.638060 -2.456872
3860000 4.199918 0.713784 -2.468682
3870000 4.690615 0.753545 -2.344752
3880000 3.565074 0.637395 -2.443860
3890000 4.349854 0.741033 -2.405043
3900000 4.628465 0.736656 -2.472883
3910000 3.886447 0.709861 -2.496269
3920000 2.882238 0.814214 -2.418562
3930000 3.408933 0.717912 -2.464983
3940000 2.885855 0.586369 -2.400257
3950000 1.977886 0.708438 -2.426293
3960000 1.994628 0.593815 -2.420153
3970000 1.787814 0.682798 -2.421487
3980000 1.736131 0.628210 -2.519754
3990000 1.553738 0.795314 -2.362919
4000000 1.471316 0.815379 -2.542034
