100000 1.016543 2.909887 0.059533
110000 1.216158 2.922400 -0.036693
120000 2.272200 2.900245 0.014058
130000 2.748451 2.847347 0.062368
140000 3.120687 3.058657 -0.039583
150000 4.206588 3.096506 0.008076
160000 4.176049 2.969192 -0.030278
170000 3.517396 2.951550 0.107379
180000 2.282075 3.020920 -0.016688
190000 1.787232 2.931648 0.023505
200000 1.885896 2.998121 -0.086111
210000 1.397078 2.957955 0.185372
220000 2.097424 2.914298 -0.020647
230000 3.228802 3.033749 0.071429
240000 3.083351 2.891584 -0.071874
250000 4.640276 2.862166 -0.060248
260000 4.818226 3.122762 -0.019865
270000 4.937944 3.067816 -0.025662
280000 4.327300 2.989801 0.045836
290000 3.728942 2.925790 -0.173182
300000 3.779653 2.896855 0.068971
310000 2.614326 2.992211 0.010426
320000 3.339106 2.964542 0.080443
330000 2.665711 2.802923 -0.035766
340000 1.725911 2.972248 -0.026362
350000 2.607510 2.892481 -0.155660
360000 4.050961 2.992159 -0.004498
370000 4.355455 3.006757 -0.054645
380000 4.728331 2.983283 0.033285
390000 3.688330 2.938933 0.022455
400000 4.202789 2.988445 0.017459
410000 4.345503 2.816470 0.097454
420000 2.744862 3.033363 -0.112523
430000 2.625968 3.087768 -0.016373
440000 3.500475 2.901105 -0.167780
450000 3.752156 3.009609 -0.035011
460000 4.591698 2.909815 -0.005640
470000 3.596534 2.900486 -0.060989
480000 3.916770 2.946080 0.021677
490000 4.557583 2.908194 0.020409
500000 3.647646 2.945667 0.044133
510000 3.035489 2.872358 -0.070272
520000 4.851691 3.019715 0.055906
530000 3.883372 3.061826 0.017137
540000 2.886512 2.962466 -0.006604
550000 1.456570 2.943589 -0.008203
560000 1.019888 2.911442 -0.047052
570000 1.032404 2.944126 -0.003498
580000 1.202784 -3.115092 -0.012605
590000 1.352301 2.965253 0.004091
600000 0.996493 2.991720 -0.072308
610000 0.877923 2.983860 0.132511
620000 0.564957 3.072630 0.036628
630000 0.726828 3.096646 0.011306
640000 1.002628 2.924527 -0.000108
650000 1.516757 2.978097 -0.103381
660000 1.703503 2.952184 -0.079992
670000 1.690581 2.948882 0.125522
680000 2.094015 2.910075 -0.067526
690000 1.693879 3.056284 0.059876
700000 1.460609 2.866357 -0.013688
710000 1.329542 3.023129 -0.051813
720000 2.188002 2.896484 -0.033117
730000 2.345596 3.004319 -0.029500
740000 2.592823 3.008534 -0.007726
750000 2.913340 2.989292 0.108946
760000 2.756016 3.041015 0.086886
770000 3.327037 3.049980 -0.019367
780000 3.421035 2.916888 0.106577
790000 3.926401 2.959936 0.015134
800000 4.593442 2.926479 0.003910
810000 3.550979 2.939956 -0.085960
820000 3.065603 2.974907 0.096925
830000 3.456110 2.927075 -0.178712
840000 2.257615 2.985802 0.117574
850000 2.155017 2.943953 -0.066622
860000 3.256387 2.932657 0.135643
870000 4.179710 3.058216 0.016891
880000 4.490148 3.033844 0.063760
890000 4.490293 2.894067 0.018501
900000 4.417085 2.934583 0.031269
910000 3.922497 2.970180 -0.148028
920000 3.384905 2.929855 0.060964
930000 3.759165 2.938553 0.072045
940000 5.062193 2.874188 0.070357
950000 4.924577 2.931947 -0.062829
960000 5.069528 2.890619 0.048311
970000 4.947827 3.074607 0.031924
980000 3.461069 3.012535 0.016099
990000 2.417768 2.911793 -0.020476
1000000 2.165865 2.965331 0.025674
1010000 1.538350 2.904874 0.087816
1020000 1.624308 2.929056 -0.059065
1030000 1.877067 2.995195 0.066178
1040000 1.762834 3.005382 0.070870
1050000 2.617437 2.964509 0.107039
1060000 1.942130 3.124528 -0.072825
1070000 2.513739 3.046809 0.143877
1080000 2.463134 3.106963 -0.173066
1090000 3.005658 3.041128 -0.000752
1100000 2.514771 2.931328 0.100936
1110000 2.124410 2.898153 -0.177525
1120000 2.771054 2.906077 -0.048098
1130000 3.217142 2.992169 -0.018840
1140000 4.372189 3.063955 -0.032780
1150000 4.969275 2.995682 -0.070604
1160000 5.062322 2.940996 -0.098934
1170000 3.223766 2.973834 -0.016830
1180000 2.386401 3.037638 0.131567
1190000 2.513711 2.881893 -0.042205
1200000 1.898504 3.014074 -0.059102
1210000 1.192416 3.107066 0.005885
1220000 1.207654 3.014059 -0.093599
1230000 1.393282 2.791201 0.014713
1240000 1.650509 2.885211 0.156028
1250000 1.682580 3.021909 -0.080416
1260000 2.121342 2.965173 0.056292
1270000 1.584962 2.981478 0.070424
1280000 2.179035 2.853507 0.171417
1290000 2.700106 3.101565 -0.012511
1300000 3.448114 -3.087327 -0.040548
1310000 4.271543 3.021422 -0.073885
1320000 4.251777 2.926497 0.015519
1330000 3.608206 2.961607 -0.032170
1340000 3.796074 2.873657 -0.027900
1350000 3.835044 3.029892 0.014795
1360000 4.845458 2.938401 0.116522
1370000 4.681241 3.104654 -0.043661
1380000 3.960358 3.014088 -0.010261
1390000 3.365597 2.956464 -0.104610
1400000 2.911284 2.835057 0.071181
1410000 2.740482 2.853698 0.040301
1420000 3.368691 2.938230 0.019769
1430000 3.587598 2.901725 0.067738
1440000 4.702387 2.929513 -0.035853
1450000 4.550749 2.939569 0.068682
1460000 4.404073 2.951024 0.051045
1470000 4.839601 3.078050 0.052998
1480000 4.259857 2.986740 -0.129065
1490000 3.361266 3.062981 -0.014256
1500000 2.486449 3.037776 0.034247
1510000 2.546230 3.001961 0.095887
1520000 2.987838 3.004915 -0.026423
1530000 2.802179 2.904987 0.092580
1540000 3.314078 2.884518 0.059756
1550000 3.816530 2.996713 0.072336
1560000 4.007148 3.022016 0.047268
1570000 4.513662 2.948004 0.017501
1580000 5.021658 2.885073 -0.064795
1590000 4.619400 2.821199 0.050743
1600000 4.328630 2.922992 0.126006
1610000 4.224925 3.016218 -0.075106
1620000 3.516693 2.947585 -0.038336
1630000 3.318257 2.943420 0.003867
1640000 4.093054 3.050597 0.058513
1650000 4.187964 3.009865 0.025988
1660000 4.378323 3.022803 0.036681
1670000 2.523919 2.919583 -0.015940
1680000 2.690173 2.968809 -0.042517
1690000 2.131458 2.863989 0.083999
1700000 2.988716 3.059189 0.039858
1710000 4.760383 2.827809 -0.138126
1720000 4.345399 3.011704 -0.107946
1730000 3.726832 3.074384 0.024727
1740000 3.141419 2.930525 -0.041660
1750000 2.997844 3.012018 -0.077165
1760000 3.265838 2.938387 -0.138651
1770000 2.008664 3.024933 0.126186
1780000 2.236729 2.996304 0.050499
1790000 2.891282 2.912114 -0.029295
1800000 2.944679 2.986655 -0.015595
1810000 2.331234 2.898694 -0.032462
1820000 1.422494 2.865617 0.020091
1830000 0.822031 2.878014 -0.061582
1840000 0.921465 2.937533 -0.082803
1850000 1.053686 2.890104 -0.014289
1860000 1.211906 3.064327 -0.010275
1870000 1.147509 2.939833 -0.064687
1880000 1.445525 3.001265 0.075290
1890000 0.802665 2.956218 0.103391
1900000 1.378108 2.912828 0.007172
1910000 1.193375 3.101756 0.029429
1920000 1.649128 2.935591 -0.065345
1930000 1.432729 2.993598 0.039912
1940000 1.728005 2.908482 -0.084159
1950000 1.502067 3.013219 -0.053481
1960000 1.300614 3.022044 0.100560
1970000 1.555067 2.923022 -0.003027
1980000 1.947478 2.879177 0.043317
1990000 1.925784 2.839929 -0.125285
2000000 1.524690 2.847119 0.126022
2010000 1.047838 2.895669 0.007336
2020000 0.729727 2.924403 0.001041
2030000 0.632539 2.849716 0.059715
2040000 0.810796 2.967558 0.010128
2050000 0.870359 2.941625 -0.021930
2060000 0.839592 3.014770 -0.012151
2070000 0.723766 3.025397 0.091357
2080000 1.036384 2.916873 0.158263
2090000 0.899727 3.000041 -0.052907
2100000 1.080375 2.883988 0.008497
2110000 1.104464 3.053853 -0.018153
2120000 1.243834 2.946702 0.001100
2130000 1.286659 2.882968 0.156878
2140000 1.351437 3.032493 -0.073305
2150000 1.709945 2.994795 0.008520
2160000 1.791137 3.097748 -0.020822
2170000 1.888387 3.092611 0.136737
2180000 1.597231 2.998308 0.123955
2190000 1.550130 3.085286 0.058237
2200000 2.041549 2.951714 -0.007299
2210000 2.210776 2.986828 -0.017378
2220000 2.732498 2.956467 -0.059016
2230000 3.509530 3.048167 -0.043361
2240000 3.597849 2.986548 0.000706
2250000 3.421561 2.956638 0.027014
2260000 4.568713 3.126488 0.054585
2270000 4.521607 2.937571 0.115990
2280000 4.754540 2.910882 0.172409
2290000 4.621898 3.048313 -0.057767
2300000 4.057480 2.901180 0.093808
2310000 4.376513 2.976927 -0.048153
2320000 4.190339 2.983567 0.012101
2330000 3.737780 2.944561 -0.089321
2340000 3.525638 3.115327 -0.119974
2350000 4.568851 2.918626 0.037724
2360000 3.207036 3.046556 -0.061012
2370000 2.555018 2.854041 0.039249
2380000 3.230264 2.954745 0.042527
2390000 3.784749 2.993510 -0.010418
2400000 3.140249 3.038066 -0.188411
2410000 3.068222 2.877708 0.103923
2420000 3.513761 3.008092 -0.037494
2430000 2.568744 3.034034 0.016271
2440000 2.049283 3.008366 0.010058
2450000 2.776913 3.032572 0.110571
2460000 2.788262 2.880615 0.083297
2470000 2.145281 3.055794 0.009997
2480000 2.341562 2.957641 -0.011661
2490000 1.816530 2.930734 0.144524
2500000 1.753911 2.864556 -0.053995
2510000 2.094632 2.953063 0.022566
2520000 1.811691 2.986292 -0.008522
2530000 2.588960 2.943977 0.101556
2540000 2.917766 2.885776 0.070412
2550000 3.726432 2.864282 0.087428
2560000 4.408328 2.849774 0.002635
2570000 4.914630 3.056384 -0.037850
2580000 4.486421 3.021519 -0.042838
2590000 3.125712 3.018553 0.068842
2600000 3.396667 2.968671 -0.009493
2610000 2.745249 3.014263 -0.075602
2620000 3.704313 3.023680 0.052376
2630000 3.854694 -3.137128 0.007224
2640000 4.407573 3.042832 0.022454
2650000 4.951474 2.861138 0.031831
2660000 4.310399 2.876808 0.168030
2670000 4.991178 2.958119 -0.020918
2680000 4.771177 2.903337 -0.133726
2690000 4.476474 2.949316 -0.079664
2700000 5.000977 2.885643 -0.048453
2710000 4.046324 2.881566 0.127197
2720000 4.648785 2.925056 0.028157
2730000 4.774244 2.976225 0.128548
2740000 4.491996 3.031688 -0.128277
2750000 3.847491 2.981417 -0.175619
2760000 3.110503 2.993097 0.072832
2770000 2.300900 2.917521 -0.037046
2780000 2.968544 3.025454 0.045091
2790000 3.144441 2.962095 -0.022124
2800000 3.768308 3.110846 0.037775
2810000 3.262273 2.962538 0.155623
2820000 4.784093 3.003610 -0.056102
2830000 4.315141 3.089802 -0.002802
2840000 4.752733 2.883019 -0.057454
2850000 4.466515 2.959768 0.128552
2860000 3.346055 2.828870 0.040006
2870000 4.024961 2.960296 -0.025639
2880000 3.850786 3.059506 0.128095
2890000 2.815274 3.038983 0.047055
2900000 2.461777 3.105575 -0.013765
2910000 2.549384 2.886606 -0.073059
2920000 4.246804 3.080678 -0.019162
2930000 3.266106 2.944276 -0.043865
2940000 3.256420 2.974462 0.003479
2950000 3.561600 3.016327 -0.021324
2960000 3.203624 2.980286 -0.032566
2970000 2.503814 2.872183 -0.177323
2980000 2.046239 2.842712 -0.090717
2990000 1.568455 2.833225 -0.108969
3000000 1.537368 2.896019 0.106994
3010000 1.559683 2.872644 -0.064636
3020000 1.529079 3.053508 -0.000844
3030000 1.280389 3.008067 0.103677
3040000 1.294952 2.968409 0.072281
3050000 1.736515 2.873905 0.005091
3060000 1.644431 2.999410 0.002424
3070000 1.936250 3.009599 -0.028827
3080000 2.135385 2.912358 -0.045952
3090000 2.433411 2.931106 -0.015727
3100000 2.838932 3.010568 -0.071270
3110000 2.900375 2.972348 -0.000002
3120000 3.312801 3.060849 0.104236
3130000 2.941525 3.063455 0.000950
3140000 4.252724 2.931808 -0.103746
3150000 4.985755 2.975619 -0.153107
3160000 4.276759 2.854621 -0.007494
3170000 4.124503 2.969563 -0.036357
3180000 4.667928 2.822179 -0.015590
3190000 4.885857 2.980798 0.182474
3200000 4.939243 2.973805 -0.071220
3210000 4.041845 2.936240 -0.040711
3220000 4.226216 3.053799 0.052868
3230000 3.786271 2.822129 -0.023026
3240000 3.302610 2.958839 0.085729
3250000 3.475909 2.917665 0.107461
3260000 2.509541 2.949393 -0.038407
3270000 2.518213 3.103503 0.054169
3280000 2.327719 2.843552 0.090358
3290000 2.888461 3.022492 -0.046527
3300000 2.657242 2.964414 0.099872
3310000 3.299879 3.050378 0.131977
3320000 3.245497 2.806651 0.028569
3330000 2.327707 3.071581 0.031710
3340000 2.142119 3.051876 0.021218
3350000 3.451822 3.007297 0.045727
3360000 3.292968 3.018700 0.063880
3370000 3.126580 2.817027 -0.067638
3380000 3.174356 2.969764 -0.066536
3390000 3.439778 2.892961 -0.069514
3400000 3.211793 3.020959 -0.027926
3410000 4.221245 3.038487 -0.053340
3420000 3.997428 2.943836 -0.051348
3430000 4.510069 2.916776 0.118797
3440000 4.553478 3.035262 0.001011
3450000 5.000100 2.936024 -0.074287
3460000 5.002728 2.860311 -0.006377
3470000 4.712365 2.839004 -0.031610
3480000 4.217568 2.869658 -0.038214
3490000 5.036615 2.966286 -0.047764
3500000 4.084335 2.887252 -0.083679
3510000 4.791419 2.954084 -0.074609
3520000 3.873804 2.968770 -0.067355
3530000 3.384715 3.036895 -0.110039
3540000 4.618376 2.911801 -0.055957
3550000 3.576747 2.978156 0.013076
3560000 2.772929 3.048301 -0.086062
3570000 2.646579 2.967672 0.030316
3580000 2.370173 2.913103 -0.060201
3590000 1.836146 3.038204 -0.041998
3600000 2.014149 2.904311 0.078615
3610000 1.794360 2.980840 -0.075506
3620000 2.223401 2.848503 -0.071875
3630000 1.525333 3.032949 -0.186456
3640000 1.362340 2.995488 -0.027980
3650000 1.607888 2.893663 -0.057483
3660000 0.510468 2.986716 -0.010291
3670000 0.607543 2.984913 -0.033277
3680000 0.610067 2.937300 -0.033642
3690000 0.599548 3.006945 -0.126658
3700000 0.847211 3.035529 0.003041
3710000 0.978495 3.038002 0.055212
3720000 0.981557 2.878873 0.030169
3730000 0.806549 2.979588 -0.062903
3740000 0.711652 3.033547 0.000992
3750000 0.882602 3.007009 0.035910
3760000 1.024419 2.892752 -0.007383
3770000 1.017771 2.981459 -0.043958
3780000 1.039292 3.034281 -0.023552
3790000 1.153193 2.864046 -0.099453
3800000 1.077205 2.835453 -0.029008
3810000 1.015457 3.004457 0.082292
3820000 0.586499 3.049883 -0.012990
3830000 0.501780 2.939368 0.038909
3840000 0.603247 2.932781 -0.051047
3850000 0.688284 3.008916 0.064745
3860000 0.811025 2.946492 -0.064857
3870000 0.953431 2.959215 0.028325
3880000 0.801335 2.984077 -0.068775
3890000 1.212640 2.955180 0.006348
3900000 1.092331 2.938879 -0.094233
3910000 0.956422 3.039780 0.000060
3920000 1.145107 2.945057 0.001661
3930000 1.353463 2.987067 0.006803
3940000 1.010544 2.903205 -0.088312
3950000 1.259917 2.842349 0.127766
3960000 1.179327 2.944163 0.025904
3970000 0.932294 2.902734 -0.034638
3980000 0.946507 2.938996 0.112587
3990000 0.760297 2.980564 0.079115
4000000 0.932042 2.976275 -0.090894
