100000 4.436466 0.575443 1.012875
110000 4.093855 0.709846 1.073090
120000 3.479124 0.519345 1.156186
130000 3.941421 0.525415 1.029818
140000 3.194189 0.547184 1.034776
150000 2.918060 0.553908 1.007988
160000 2.266079 0.582746 1.126137
170000 3.064218 0.370095 0.994995
180000 3.189485 0.517391 1.079930
190000 3.325352 0.583730 1.049959
200000 2.672365 0.563894 1.164141
210000 3.899660 0.432228 0.899793
220000 4.736574 0.592178 1.108223
230000 4.313829 0.558940 1.035514
240000 4.937712 0.652844 0.989949
250000 4.414981 0.544312 1.068499
260000 3.617940 0.499794 1.057954
270000 4.229746 0.508141 1.082251
280000 4.299050 0.538760 1.263194
290000 4.806811 0.515506 0.949305
300000 4.415886 0.349150 1.011301
310000 4.650556 0.519866 1.066901
320000 3.698427 0.516777 1.036660
330000 3.485909 0.541829 1.015392
340000 2.958455 0.661522 1.117728
350000 1.900194 0.616633 1.062892
360000 1.658284 0.516133 1.180631
370000 1.429740 0.604622 1.134954
380000 1.812632 0.474763 1.004068
390000 0.876025 0.503612 1.006318
400000 0.974961 0.453231 0.953696
410000 1.113521 0.539895 1.141790
420000 1.248401 0.423849 1.058534
430000 1.056855 0.482665 0.908010
440000 1.035654 0.514681 1.018783
450000 1.245103 0.445739 0.956414
460000 0.936324 0.460677 1.130547
470000 0.921911 0.371276 1.026162
480000 0.823914 0.505993 1.033100
490000 1.593186 0.574659 1.021336
500000 1.718140 0.480694 0.987970
510000 2.583939 0.374063 1.024583
520000 1.790885 0.443767 1.147618
530000 2.454838 0.579949 1.168173
540000 3.303746 0.488911 1.030370
550000 2.853175 0.619866 1.046825
560000 4.044368 0.458374 1.037375
570000 3.549753 0.483920 1.112286
580000 2.698677 0.522759 0.991989
590000 2.843638 0.521240 1.012658
600000 4.278007 0.364931 1.036246
610000 4.197358 0.600798 1.142737
620000 4.470950 0.463863 0.917888
630000 4.627096 0.587680 0.909290
640000 3.699987 0.564998 1.025979
650000 2.649911 0.521344 1.061514
660000 2.410313 0.506321 0.975627
670000 1.684990 0.331523 1.137419
680000 1.814341 0.450427 0.938593
690000 2.408383 0.564617 1.094286
700000 1.642209 0.588244 1.051271
710000 1.624427 0.649747 1.087714
720000 2.673745 0.546025 0.947951
730000 2.327176 0.479400 1.137137
740000 3.644241 0.329807 1.071436
750000 3.692618 0.508188 1.057308
760000 4.350009 0.508964 0.952313
770000 4.777573 0.555595 0.931281
780000 4.468410 0.516714 1.017853
790000 3.657716 0.523789 1.011349
800000 2.776088 0.456262 1.186008
810000 3.551161 0.477586 1.112133
820000 3.490315 0.396055 1.007547
830000 2.329770 0.426728 1.004966
840000 2.289059 0.457415 1.181927
850000 2.026920 0.472391 1.083547
860000 1.971018 0.544985 1.101911
870000 2.862161 0.638060 1.038866
880000 2.961826 0.525977 0.968242
890000 3.944894 0.372794 1.205235
900000 3.392128 0.453940 1.023707
910000 3.009345 0.428056 0.931746
920000 3.249198 0.589712 0.943706
930000 3.736272 0.476167 1.082982
940000 2.163964 0.554645 1.026278
950000 2.040616 0.620153 0.987595
960000 1.497364 0.491224 1.048453
970000 1.471227 0.528004 1.122426
980000 1.600615 0.536544 0.994809
990000 1.821807 0.514819 1.073031
1000000 1.747411 0.454830 1.076591
1010000 1.756381 0.548356 1.045550
1020000 1.537564 0.465379 1.013920
1030000 1.471171 0.511412 0.967165
1040000 1.706859 0.450019 0.968269
1050000 2.347221 0.515385 1.117215
1060000 2.335135 0.542463 1.040060
1070000 2.603812 0.499552 1.105653
1080000 4.284245 0.421676 0.994487
1090000 4.690007 0.439295 1.076570
1100000 4.987965 0.503960 1.112634
1110000 4.870120 0.591634 1.026278
1120000 4.849769 0.441850 0.983353
1130000 4.225442 0.493109 1.059579
1140000 4.485434 0.572244 1.083783
1150000 3.803737 0.616930 1.051797
1160000 4.472611 0.561504 1.055890
1170000 4.601345 0.633584 1.115937
1180000 4.614473 0.569765 0.963225
1190000 3.682966 0.535069 1.049938
1200000 2.900361 0.496953 1.090315
1210000 2.668673 0.452390 0.899982
1220000 3.011580 0.522284 1.064215
1230000 3.316700 0.579915 1.153759
1240000 4.342148 0.493113 1.057466
1250000 3.755515 0.633971 1.043766
1260000 3.952012 0.550473 0.862089
1270000 4.616565 0.358765 0.960665
1280000 4.938175 0.508615 0.926237
1290000 4.727807 0.501971 1.032220
1300000 4.395279 0.487633 1.079587
1310000 3.797584 0.394568 0.971847
1320000 4.954668 0.563684 1.074953
1330000 4.918602 0.541236 1.094611
1340000 4.696310 0.387069 1.065206
1350000 4.338023 0.528854 1.049843
1360000 4.787943 0.532024 1.070850
1370000 4.278394 0.504976 1.058145
1380000 3.219644 0.607246 1.024511
1390000 2.993080 0.511426 1.069672
1400000 2.684385 0.295734 0.973862
1410000 2.162319 0.400173 0.989277
1420000 2.016660 0.614852 0.943100
1430000 1.784695 0.519319 1.068384
1440000 1.128137 0.519271 1.143911
1450000 1.063268 0.520490 1.037865
1460000 1.001631 0.371323 0.993344
1470000 0.900025 0.576979 1.096863
1480000 0.811414 0.508260 1.102938
1490000 1.288168 0.658017 1.131141
1500000 1.173991 0.512706 0.864171
1510000 1.518693 0.550819 1.033662
1520000 1.570293 0.557233 1.132654
1530000 1.401969 0.536159 1.118389
1540000 1.443894 0.546551 1.021102
1550000 1.842562 0.518619 1.051131
1560000 2.004561 0.551039 0.968105
1570000 2.633079 0.504328 1.179846
1580000 2.987899 0.595689 0.949606
1590000 2.409046 0.559125 0.953896
1600000 3.216081 0.605528 0.996164
1610000 3.065509 0.539788 0.954725
1620000 3.616695 0.506464 1.011768
1630000 3.453811 0.637742 1.059725
1640000 2.741352 0.706130 1.063661
1650000 2.537894 0.417750 1.131929
1660000 2.042645 0.535925 1.149264
1670000 3.057923 0.486135 1.050361
1680000 3.326377 0.694995 1.081660
1690000 4.202191 0.475046 1.098896
1700000 3.615871 0.396644 1.127042
1710000 4.458302 0.565742 1.077399
1720000 4.265637 0.615251 1.035358
1730000 4.446260 0.522205 0.978233
1740000 4.629250 0.581128 1.020380
1750000 4.001028 0.540106 1.059936
1760000 3.222995 0.595461 1.098245
1770000 3.067113 0.562801 0.985677
1780000 2.867705 0.487182 1.050908
1790000 3.023563 0.533329 1.135644
1800000 3.511575 0.447991 1.105745
1810000 3.937844 0.466932 1.149566
1820000 4.100982 0.488919 1.079732
1830000 3.590471 0.366911 1.113514
1840000 3.386142 0.508418 0.904371
1850000 3.527627 0.539709 1.145478
1860000 2.890386 0.431166 1.051779
1870000 2.141870 0.428617 1.088552
1880000 1.700481 0.609868 1.112439
1890000 1.904388 0.547599 1.161135
1900000 2.004628 0.521233 0.997175
1910000 1.651880 0.550120 0.992711
1920000 2.257570 0.482431 1.014444
1930000 2.457674 0.440642 0.993783
1940000 2.561790 0.537976 1.047084
1950000 2.521818 0.404367 1.114484
1960000 3.122446 0.647160 1.002442
1970000 3.477906 0.560133 0.979379
1980000 3.491992 0.537546 0.980766
1990000 2.832448 0.537684 1.109573
2000000 2.688047 0.637538 1.017227
2010000 2.133336 0.583026 0.910310
2020000 2.779163 0.548897 1.125666
2030000 1.997874 0.582865 1.097717
2040000 2.428532 0.422220 0.929825
2050000 2.181808 0.524693 1.065190
2060000 1.587972 0.374189 1.145721
2070000 1.881723 0.496670 1.126609
2080000 1.303888 0.519213 0.941801
2090000 0.778238 0.407083 1.252338
2100000 0.940809 0.540390 1.010760
2110000 0.985099 0.563318 1.093852
2120000 1.105215 0.482715 0.914812
2130000 1.039915 0.531836 1.056603
2140000 1.114844 0.474221 1.085927
2150000 1.255808 0.599817 1.007945
2160000 1.348462 0.576424 0.999286
2170000 1.413087 0.517881 0.987816
2180000 1.461206 0.610338 1.021768
2190000 1.753931 0.609884 1.035145
2200000 1.486797 0.555097 1.019688
2210000 1.387472 0.555239 0.973267
2220000 1.472413 0.548669 1.058927
2230000 1.802009 0.562447 1.081886
2240000 1.829879 0.488442 1.051417
2250000 1.568373 0.461682 1.054311
2260000 1.890575 0.562027 1.029942
2270000 2.040360 0.483621 1.086716
2280000 2.277524 0.604682 0.948032
2290000 2.164478 0.442689 1.135532
2300000 2.701488 0.628511 1.172553
2310000 3.323566 0.559255 1.090745
2320000 4.412985 0.590475 1.100368
2330000 4.312005 0.499043 1.052940
2340000 4.449108 0.482601 1.015648
2350000 4.768824 0.545761 1.135852
2360000 5.011741 0.533631 0.995336
2370000 4.333444 0.500929 1.025758
2380000 3.700080 0.507063 1.170753
2390000 4.061506 0.443574 1.139063
2400000 4.330276 0.500128 1.099903
2410000 4.651161 0.545639 1.066499
2420000 4.486488 0.627383 1.030955
2430000 4.846927 0.527960 1.007790
2440000 4.041047 0.481484 1.041125
2450000 3.453126 0.491389 1.031902
2460000 3.532782 0.508783 0.985489
2470000 3.745036 0.516684 1.102647
2480000 3.336135 0.580285 0.907894
2490000 4.841996 0.457169 1.007995
2500000 4.589780 0.443857 1.048630
2510000 3.663323 0.595729 1.150162
2520000 3.002337 0.380583 1.030123
2530000 3.006872 0.649095 1.132086
2540000 3.109636 0.593468 1.193488
2550000 2.573058 0.432573 0.965632
2560000 3.147980 0.520941 1.031342
2570000 3.207468 0.510836 0.986686
2580000 3.448196 0.645367 1.010553
2590000 2.577099 0.580292 1.101630
2600000 2.724640 0.648579 0.917090
2610000 2.458239 0.432832 1.158999
2620000 2.088421 0.514823 1.128713
2630000 2.457593 0.516851 1.114333
2640000 1.978021 0.562749 1.079695
2650000 2.682483 0.542840 0.940503
2660000 2.902024 0.597390 1.028998
2670000 2.723931 0.564126 1.146844
2680000 2.616604 0.591260 1.123698
2690000 3.711907 0.532279 1.054843
2700000 3.723742 0.631051 1.017893
2710000 4.663742 0.522026 1.122955
2720000 4.652266 0.516467 0.975841
2730000 4.865041 0.478821 1.137634
2740000 3.913158 0.505226 0.969540
2750000 4.625437 0.473222 0.982901
2760000 4.869004 0.509183 1.005273
2770000 4.491628 0.512208 1.032749
2780000 3.775034 0.556679 1.135126
2790000 3.810387 0.596362 1.039941
2800000 3.603904 0.509393 0.955728
2810000 3.051048 0.596867 1.168572
2820000 3.372820 0.428784 1.079135
2830000 4.040483 0.492918 1.125073
2840000 4.909341 0.535440 1.067873
2850000 4.943771 0.574510 1.144815
2860000 5.000499 0.369341 1.066618
2870000 4.482287 0.652126 1.037974
2880000 4.808733 0.655177 1.162195
2890000 4.027414 0.611007 1.150587
2900000 4.044597 0.466685 0.998539
2910000 4.536195 0.457521 1.105518
2920000 3.005656 0.583927 1.047166
2930000 2.478274 0.309388 1.063739
2940000 3.791861 0.457835 1.100642
2950000 2.761392 0.465521 0.953528
2960000 2.882409 0.472391 1.119445
2970000 2.431366 0.495712 0.871397
2980000 3.288103 0.436955 1.019350
2990000 3.465757 0.532099 1.086049
3000000 3.187836 0.477894 0.993740
3010000 3.606697 0.487855 1.068488
3020000 4.212410 0.595841 1.056676
3030000 4.084273 0.415687 1.004170
3040000 4.672726 0.495339 0.987156
3050000 5.016399 0.508978 1.073347
3060000 4.868554 0.450241 1.038223
3070000 4.764994 0.505240 1.148805
3080000 4.738445 0.511352 1.170553
3090000 5.050152 0.581517 0.917632
3100000 4.359783 0.544143 0.983231
3110000 4.623335 0.431459 1.059067
3120000 4.350102 0.464780 1.041337
3130000 4.512839 0.574061 1.074761
3140000 3.982986 0.454938 1.027874
3150000 2.941500 0.603703 1.166804
3160000 3.082306 0.507347 1.080389
3170000 2.760498 0.442148 0.931740
3180000 3.918300 0.405186 1.136099
3190000 3.749320 0.518224 1.005456
3200000 4.382796 0.607306 1.000852
3210000 3.911029 0.562030 1.062800
3220000 3.172499 0.515664 1.011477
3230000 3.002579 0.499604 1.062205
3240000 2.290753 0.561042 0.998338
3250000 2.620944 0.523504 1.089008
3260000 2.202746 0.548390 1.086645
3270000 2.015347 0.548856 1.036212
3280000 1.792159 0.522758 1.062894
3290000 1.546248 0.465636 0.982396
3300000 1.966427 0.563126 1.146342
3310000 2.034810 0.587673 0.948138
3320000 1.995206 0.536671 1.129873
3330000 1.799459 0.513933 1.047177
3340000 2.260709 0.546578 1.003275
3350000 2.510256 0.560971 0.999418
3360000 3.203662 0.477317 1.033652
3370000 3.957593 0.535421 1.133004
3380000 3.700103 0.583083 1.082051
3390000 3.191626 0.353860 1.120154
3400000 2.960831 0.536322 1.039185
3410000 2.999029 0.565426 0.953807
3420000 2.487440 0.557933 0.966358
3430000 3.246461 0.559871 0.987319
3440000 2.494771 0.608457 1.149959
3450000 2.506136 0.628041 1.027447
3460000 2.939484 0.436886 0.989576
3470000 3.626290 0.523211 1.006680
3480000 4.173664 0.607487 1.136737
3490000 4.540825 0.461962 1.162235
3500000 4.972640 0.455887 1.072242
3510000 4.700691 0.483593 0.983681
3520000 4.698929 0.400324 1.012185
3530000 4.935207 0.615146 1.119089
3540000 4.809133 0.418666 1.090784
3550000 3.266361 0.465554 1.057211
3560000 3.068058 0.490227 0.960222
3570000 4.733768 0.555078 1.009335
3580000 4.746492 0.532050 1.087003
3590000 4.639099 0.599445 1.195815
3600000 4.423975 0.411238 1.013112
3610000 3.966194 0.570270 0.931952
3620000 3.780759 0.448969 1.103125
3630000 4.187133 0.519890 1.125070
