100000 3.239714 0.634797 0.306444
110000 4.086904 0.489352 0.356670
120000 4.900604 0.641535 0.405416
130000 4.628292 0.542355 0.385062
140000 3.829366 0.487654 0.291041
150000 3.634328 0.651129 0.275258
160000 2.067769 0.495421 0.319406
170000 1.328372 0.646348 0.383442
180000 2.035534 0.337123 0.333376
190000 2.247903 0.552085 0.377652
200000 2.269649 0.695014 0.400841
210000 1.078604 0.704406 0.326001
220000 1.200617 0.538779 0.445560
230000 1.429920 0.512146 0.312734
240000 1.538837 0.578774 0.394016
250000 1.820730 0.548692 0.336220
260000 2.029688 0.477618 0.384262
270000 1.249143 0.563345 0.326577
280000 0.852857 0.567000 0.370667
290000 1.338405 0.514989 0.371044
300000 1.645673 0.565802 0.337084
310000 2.744206 0.563124 0.354756
320000 3.363337 0.583941 0.371804
330000 3.805143 0.548274 0.279160
340000 4.467027 0.491050 0.397250
350000 4.380654 0.565042 0.276531
360000 4.846173 0.472866 0.449479
370000 4.396980 0.527858 0.320260
380000 3.743430 0.476366 0.344506
390000 3.155043 0.699403 0.403079
400000 2.453238 0.547150 0.311378
410000 2.969503 0.753484 0.333047
420000 2.050803 0.536841 0.358790
430000 2.016440 0.460647 0.366237
440000 3.201370 0.563981 0.348536
450000 3.795608 0.577982 0.269388
460000 4.142312 0.491558 0.261674
470000 2.849161 0.423382 0.284640
480000 2.688939 0.627614 0.282327
490000 2.600376 0.576271 0.357507
500000 1.817702 0.619596 0.315672
510000 1.506800 0.555084 0.331048
520000 1.474716 0.490047 0.275157
530000 1.295161 0.517447 0.332156
540000 2.195998 0.578091 0.443124
550000 2.077299 0.433636 0.382893
560000 2.329298 0.569454 0.453142
570000 2.974452 0.539814 0.467826
580000 3.493054 0.606732 0.314210
590000 4.373010 0.548788 0.292138
600000 4.333331 0.455742 0.406471
610000 4.780282 0.486249 0.344864
620000 4.206122 0.539529 0.477995
630000 4.375313 0.422364 0.321840
640000 3.774546 0.404953 0.328802
650000 3.243658 0.557755 0.381785
660000 3.618496 0.477764 0.332778
670000 3.961575 0.573934 0.341874
680000 4.217802 0.499331 0.263416
690000 4.367981 0.384649 0.448065
700000 4.794837 0.537932 0.352360
710000 3.171989 0.536346 0.326228
720000 2.686920 0.469443 0.256749
730000 2.449340 0.633412 0.414677
740000 2.316084 0.527725 0.482326
750000 2.160524 0.647386 0.337862
760000 2.383794 0.488380 0.358308
770000 2.327202 0.532192 0.405377
780000 1.613825 0.479452 0.407183
790000 1.215212 0.585183 0.433597
800000 0.997277 0.535752 0.449919
810000 1.469381 0.657920 0.388132
820000 1.492533 0.381127 0.311479
830000 1.235280 0.414488 0.381689
840000 1.396302 0.484353 0.438113
850000 1.116772 0.551349 0.300378
860000 1.522943 0.581836 0.342434
870000 1.985109 0.379633 0.334797
880000 2.148342 0.491576 0.308009
890000 2.121068 0.542701 0.335614
900000 2.559096 0.460674 0.316675
910000 2.175523 0.578217 0.457612
920000 3.063161 0.685504 0.330404
930000 3.944244 0.601252 0.398358
940000 4.350182 0.469995 0.400154
950000 3.475491 0.582263 0.279365
960000 4.234074 0.633649 0.386856
970000 3.159750 0.567941 0.312516
980000 3.562596 0.503960 0.308375
990000 2.700957 0.481816 0.333235
1000000 3.143220 0.567931 0.316589
1010000 2.669903 0.483163 0.361880
1020000 3.235708 0.619772 0.376423
1030000 4.006138 0.566875 0.234516
1040000 4.950312 0.410263 0.275169
1050000 4.888548 0.538044 0.252598
1060000 4.861967 0.591415 0.401157
1070000 4.628898 0.497764 0.251700
1080000 4.761478 0.624319 0.349344
1090000 4.782355 0.476058 0.473809
1100000 4.974414 0.546182 0.298241
1110000 5.011579 0.475191 0.462690
1120000 4.206227 0.496911 0.428636
1130000 4.064662 0.409470 0.366339
1140000 4.671173 0.553879 0.422422
1150000 4.266583 0.511003 0.266695
1160000 3.626208 0.505452 0.439442
1170000 3.270421 0.524032 0.356843
1180000 2.557469 0.590356 0.355585
1190000 3.453641 0.539044 0.388796
1200000 4.107552 0.491604 0.207039
1210000 4.849457 0.437906 0.328132
1220000 4.994986 0.481915 0.396541
1230000 4.232892 0.547577 0.381725
1240000 3.785501 0.385275 0.279258
1250000 3.068931 0.572422 0.272167
1260000 3.861919 0.675071 0.288008
1270000 2.930973 0.528103 0.383351
1280000 3.026315 0.498445 0.260456
1290000 2.718287 0.531991 0.314303
1300000 2.114135 0.624558 0.288131
1310000 2.788474 0.472614 0.325482
1320000 2.810987 0.454214 0.155741
1330000 3.501935 0.571160 0.424238
1340000 4.922545 0.564113 0.360537
1350000 4.110050 0.536400 0.332339
1360000 4.056765 0.586212 0.393737
1370000 3.730702 0.475307 0.347960
1380000 3.448834 0.493707 0.344631
1390000 3.877325 0.428005 0.276624
1400000 4.390412 0.568128 0.330580
1410000 4.860116 0.405734 0.284474
1420000 4.838131 0.486975 0.268582
1430000 4.870843 0.539197 0.327041
1440000 4.708882 0.534480 0.341511
1450000 4.492218 0.558044 0.413499
1460000 4.482676 0.560147 0.329377
1470000 3.502411 0.518199 0.305830
1480000 2.814366 0.516444 0.406278
1490000 2.805069 0.450170 0.295795
1500000 2.098051 0.465313 0.285697
1510000 1.639767 0.497780 0.244573
1520000 1.423564 0.477794 0.285865
1530000 1.984528 0.567614 0.434302
1540000 2.258206 0.549675 0.256905
1550000 2.574311 0.534863 0.275052
1560000 2.424918 0.479653 0.349021
1570000 2.170703 0.511413 0.391458
1580000 2.492525 0.538029 0.287574
1590000 1.733545 0.426757 0.444603
1600000 1.456293 0.490973 0.384366
1610000 1.978166 0.469061 0.236589
1620000 2.183124 0.615270 0.389945
1630000 2.722742 0.518519 0.321586
1640000 2.489239 0.509713 0.410869
1650000 3.477705 0.631079 0.475704
1660000 3.882615 0.520068 0.366542
1670000 4.313032 0.634534 0.240433
1680000 4.589210 0.583137 0.288611
1690000 3.881825 0.505401 0.289012
1700000 3.864953 0.547939 0.465769
1710000 2.746493 0.581048 0.393308
1720000 3.700032 0.594821 0.236039
1730000 3.757409 0.492066 0.377487
1740000 3.255722 0.457546 0.241973
1750000 3.485605 0.594626 0.402633
1760000 3.401174 0.492931 0.350257
1770000 2.878685 0.442457 0.190770
1780000 2.450448 0.476387 0.433548
1790000 4.404387 0.463210 0.350206
1800000 4.671917 0.525433 0.385138
1810000 4.491683 0.615312 0.306365
1820000 4.545611 0.440004 0.215871
1830000 4.383003 0.551510 0.266909
1840000 4.670982 0.549663 0.475789
1850000 4.357844 0.550710 0.395214
1860000 3.665846 0.481062 0.344594
1870000 3.584720 0.478938 0.146490
1880000 3.358585 0.445782 0.375178
1890000 3.135281 0.452296 0.384726
1900000 3.262282 0.540409 0.399487
1910000 2.422805 0.598664 0.291793
1920000 2.277226 0.403700 0.445240
1930000 2.147723 0.508194 0.342893
1940000 1.916282 0.632010 0.341316
1950000 2.778988 0.726281 0.371263
1960000 2.640386 0.577939 0.352062
1970000 3.472401 0.562797 0.250003
1980000 2.931582 0.633798 0.380497
1990000 3.780697 0.520791 0.397816
2000000 4.080844 0.622969 0.356412
2010000 3.172165 0.545192 0.299528
2020000 3.850444 0.493037 0.417929
2030000 4.176478 0.644399 0.254567
2040000 4.564491 0.458968 0.395311
2050000 4.910505 0.444031 0.307954
2060000 3.936365 0.452800 0.373465
2070000 2.801139 0.511119 0.506599
2080000 2.988613 0.565119 0.369625
2090000 2.343873 0.682502 0.372829
2100000 2.464012 0.431592 0.497871
2110000 2.135841 0.587767 0.313246
2120000 2.038198 0.533106 0.372530
2130000 1.906711 0.478371 0.364439
2140000 1.853446 0.496974 0.386577
2150000 1.341978 0.580334 0.442060
2160000 0.653854 0.591706 0.310936
2170000 0.891112 0.503327 0.475339
2180000 0.982031 0.525107 0.318579
2190000 0.993762 0.505468 0.341467
2200000 0.568703 0.490976 0.422703
2210000 0.898375 0.640032 0.365672
2220000 1.095652 0.587925 0.371743
2230000 1.092439 0.453011 0.422265
2240000 1.159485 0.542451 0.277295
2250000 1.124429 0.617299 0.376348
2260000 1.357022 0.534324 0.349731
2270000 0.946794 0.477887 0.405864
2280000 1.421223 0.509029 0.233331
2290000 0.892851 0.632662 0.405720
2300000 1.504638 0.651582 0.451143
2310000 1.568385 0.545840 0.348657
2320000 1.482870 0.389893 0.449242
2330000 1.591775 0.514147 0.375702
2340000 1.535749 0.655691 0.220851
2350000 1.592578 0.498675 0.433769
2360000 1.824703 0.671017 0.343568
2370000 1.927248 0.613932 0.410797
2380000 1.964865 0.534209 0.367196
2390000 1.718462 0.553436 0.377981
2400000 1.975688 0.496499 0.407754
2410000 2.375545 0.409759 0.335939
2420000 2.869097 0.595038 0.213448
2430000 2.944906 0.660270 0.288064
2440000 2.974547 0.588914 0.258922
2450000 3.597744 0.564666 0.397621
2460000 4.492828 0.501701 0.436670
2470000 3.965960 0.586967 0.282525
2480000 3.443015 0.601356 0.398617
2490000 3.463615 0.677156 0.437275
2500000 4.478761 0.430608 0.356356
2510000 4.358371 0.559585 0.390723
2520000 3.271057 0.392362 0.313515
2530000 3.076925 0.547743 0.344384
2540000 3.215050 0.504129 0.299746
2550000 3.907666 0.503939 0.294430
2560000 4.931978 0.590876 0.269240
2570000 4.875046 0.504503 0.413695
2580000 5.017320 0.600942 0.295745
2590000 4.571182 0.562172 0.407643
2600000 4.657391 0.516896 0.309745
2610000 3.212853 0.535229 0.328679
2620000 2.248060 0.473307 0.425911
2630000 2.160792 0.472137 0.316188
2640000 2.721435 0.507139 0.195198
2650000 3.693599 0.563247 0.480797
2660000 4.408334 0.483065 0.272991
2670000 4.300877 0.562111 0.326379
2680000 4.355411 0.499004 0.375826
2690000 4.109630 0.285873 0.344577
2700000 3.566738 0.604300 0.342662
2710000 4.006149 0.458340 0.366666
2720000 2.718724 0.534691 0.349572
2730000 2.646231 0.559556 0.402697
2740000 2.324386 0.564357 0.334457
2750000 2.122808 0.377473 0.246599
2760000 1.951431 0.555164 0.351570
2770000 2.157824 0.625976 0.266314
2780000 3.172691 0.594858 0.260781
2790000 3.216920 0.516242 0.329613
2800000 3.737938 0.342347 0.467854
2810000 3.540379 0.483990 0.406125
2820000 3.900892 0.549102 0.356182
2830000 2.896302 0.502182 0.374772
2840000 3.211376 0.549777 0.373345
2850000 2.908938 0.455622 0.383220
2860000 3.235086 0.455902 0.396930
2870000 4.461263 0.480556 0.255293
2880000 4.992024 0.439231 0.345513
2890000 4.901526 0.431352 0.409752
2900000 4.179652 0.597244 0.280693
2910000 4.326995 0.440728 0.491076
2920000 4.330849 0.650857 0.292769
2930000 3.829604 0.379459 0.309304
2940000 4.093379 0.506005 0.424766
2950000 4.800066 0.555791 0.359770
2960000 4.319440 0.523019 0.203559
2970000 3.238389 0.534100 0.272782
2980000 3.761574 0.579399 0.399224
2990000 3.961983 0.596064 0.484876
3000000 4.588546 0.419866 0.279843
3010000 4.771198 0.547178 0.534345
3020000 4.815107 0.505260 0.329819
3030000 4.856738 0.567741 0.237170
3040000 4.322125 0.436970 0.340835
3050000 3.136769 0.446637 0.195197
3060000 2.454748 0.519790 0.409311
3070000 2.462261 0.511900 0.196067
3080000 1.898234 0.595419 0.173364
3090000 1.137088 0.575486 0.324334
3100000 0.785560 0.571912 0.417943
3110000 0.773951 0.475658 0.334317
3120000 0.885109 0.501832 0.205812
3130000 0.906883 0.469804 0.319017
3140000 0.840412 0.500625 0.365488
3150000 1.271833 0.603318 0.354429
3160000 1.243798 0.489006 0.275034
3170000 1.022558 0.455561 0.378270
3180000 1.152442 0.788789 0.388114
3190000 1.203456 0.447169 0.368931
3200000 1.907887 0.494014 0.259143
3210000 1.873284 0.552589 0.466717
3220000 1.810366 0.506172 0.471491
3230000 2.100458 0.590636 0.477506
3240000 1.607520 0.551947 0.422265
