100000 2.964620 0.482310 0.135430
110000 2.570326 0.558358 0.043524
120000 1.898431 0.538600 0.218159
130000 1.324996 0.605876 0.265085
140000 0.939313 0.602876 0.205239
150000 1.096384 0.546301 0.226381
160000 0.810257 0.463791 0.211438
170000 1.070928 0.463079 0.098492
180000 1.722754 0.508107 0.241526
190000 2.161466 0.579870 0.176444
200000 2.239802 0.498589 0.179769
210000 1.559974 0.431150 0.147496
220000 1.657159 0.507829 0.132807
230000 1.797009 0.542458 0.260180
240000 2.556153 0.582087 0.277460
250000 2.738242 0.467164 0.224745
260000 3.851540 0.408690 0.194454
270000 4.021718 0.428884 0.258117
280000 4.574782 0.497168 0.162724
290000 3.852763 0.450707 0.110608
300000 4.626382 0.576440 0.195766
310000 4.060054 0.564450 0.149947
320000 3.374601 0.471433 0.273023
330000 3.272096 0.563574 0.167714
340000 2.040009 0.466346 0.190885
350000 2.746987 0.556744 0.277182
360000 2.904746 0.611927 0.162894
370000 3.772987 0.470397 0.190915
380000 4.693782 0.404397 0.190865
390000 3.526936 0.527492 0.094688
400000 4.930114 0.625297 0.293440
410000 4.929161 0.538176 0.087683
420000 4.795893 0.557901 0.265780
430000 4.968894 0.573873 0.123027
440000 3.349892 0.497199 0.190158
450000 3.789024 0.374099 0.137653
460000 4.355217 0.521512 0.157210
470000 3.790028 0.560646 0.124054
480000 3.250802 0.420115 0.112885
490000 3.510644 0.549464 0.220441
500000 3.854790 0.563010 0.156968
510000 4.394035 0.646987 -0.025232
520000 4.522900 0.418040 0.213941
530000 4.959985 0.637902 0.213669
540000 4.612790 0.490347 0.151378
550000 4.774297 0.495249 0.271922
560000 3.971781 0.563241 0.147105
570000 3.892048 0.556414 0.184757
580000 2.381588 0.437694 0.156237
590000 2.058984 0.581559 0.140182
600000 2.169235 0.478843 0.237833
610000 1.813136 0.508138 0.158978
620000 1.336683 0.573837 0.196688
630000 1.452346 0.449721 0.167659
640000 0.971862 0.542458 0.124069
650000 0.832901 0.477991 0.143930
660000 0.886625 0.390636 0.083171
670000 0.657886 0.429134 0.164525
680000 0.771857 0.419977 0.170694
690000 1.470319 0.375424 0.088242
700000 1.566063 0.468695 0.108808
710000 1.101183 0.425763 0.185952
720000 1.694785 0.538643 0.154067
730000 1.991429 0.584133 0.187032
740000 2.529254 0.510232 0.207337
750000 2.215780 0.590432 0.048691
760000 2.441405 0.549493 0.047218
770000 3.010252 0.609989 0.184959
780000 2.824834 0.429828 0.157394
790000 3.568556 0.506646 0.150531
800000 2.830987 0.504202 0.220451
810000 2.482002 0.589756 0.093724
820000 2.832745 0.432783 0.230398
830000 4.364963 0.535891 0.310638
840000 3.974168 0.578855 0.069936
850000 4.356917 0.515130 0.157562
860000 4.939973 0.601428 0.058893
870000 4.428195 0.515867 0.144204
880000 4.576182 0.565298 0.115366
890000 3.688844 0.473374 0.161216
900000 4.062061 0.450129 0.231372
910000 2.891310 0.567207 0.216912
920000 3.419002 0.494812 0.077384
930000 4.484874 0.430657 0.183515
940000 4.552596 0.529121 0.110362
950000 4.663287 0.490352 0.185340
960000 4.307827 0.550842 0.136083
970000 4.000072 0.512652 0.185250
980000 3.034692 0.639543 0.221308
990000 2.251174 0.581783 0.171490
1000000 1.462231 0.516013 0.039793
1010000 1.889042 0.430295 0.161903
1020000 2.215627 0.453121 0.262575
1030000 2.621084 0.490870 0.149216
1040000 2.376838 0.562977 0.110228
1050000 1.588631 0.492324 0.168798
1060000 1.876280 0.443336 0.236426
1070000 1.546465 0.501603 0.091648
1080000 1.754940 0.524816 0.191561
1090000 1.286159 0.538738 0.132806
1100000 1.069515 0.421457 0.177805
1110000 0.847978 0.600889 0.156897
1120000 1.000049 0.580467 0.215182
1130000 1.335323 0.430803 0.157499
1140000 1.452999 0.413254 0.099480
1150000 1.561174 0.559593 0.092324
1160000 1.411676 0.523913 0.133953
1170000 1.217389 0.504514 0.172297
1180000 1.080703 0.618771 0.090578
1190000 1.113473 0.489226 0.075094
1200000 1.125092 0.533183 0.347525
1210000 1.585575 0.423180 0.216935
1220000 1.986356 0.589147 0.144165
1230000 2.182883 0.547758 0.241371
1240000 2.133138 0.494588 0.273776
1250000 2.353985 0.542627 0.271576
1260000 3.118027 0.608311 0.342996
1270000 2.545238 0.581902 0.267156
1280000 3.201734 0.615597 0.078021
1290000 3.405742 0.612836 0.089961
1300000 2.543096 0.500240 0.145810
1310000 3.312105 0.655318 0.151851
1320000 3.630765 0.486749 0.151855
1330000 4.836038 0.353493 0.202164
1340000 4.058047 0.486433 0.218072
1350000 4.110016 0.441790 0.156215
1360000 3.269457 0.539754 -0.022350
1370000 3.595515 0.612813 0.214117
1380000 2.094401 0.513804 0.219730
1390000 1.954949 0.420927 0.107383
1400000 1.679107 0.531291 0.218014
1410000 2.656871 0.443390 0.061125
1420000 3.446991 0.489389 0.211187
1430000 3.903723 0.507934 0.163989
1440000 4.097502 0.499940 0.244974
1450000 4.653334 0.503292 0.220452
1460000 4.541449 0.523161 0.167482
1470000 4.348078 0.612757 0.133994
1480000 3.855993 0.583655 0.209724
1490000 3.956534 0.550121 0.123984
1500000 4.871099 0.583519 0.107468
1510000 4.310647 0.466513 0.116339
1520000 3.243189 0.454443 0.242051
1530000 3.116763 0.625186 0.253244
1540000 2.652036 0.496672 0.116200
1550000 3.435206 0.535739 0.128400
1560000 3.988270 0.513147 0.322553
1570000 4.381506 0.588707 -0.048779
1580000 5.098593 0.378570 0.219704
1590000 4.050105 0.647793 0.321388
1600000 3.973865 0.497394 0.132822
1610000 4.438780 0.532714 0.183346
1620000 5.035010 0.430459 0.277342
1630000 4.048395 0.489142 0.151712
1640000 5.063607 0.548763 0.085370
1650000 4.718871 0.497385 0.164528
1660000 3.180969 0.460435 0.124719
1670000 3.854369 0.490044 0.131649
1680000 3.232171 0.432371 0.041599
1690000 1.983959 0.529914 0.110102
1700000 2.421944 0.426291 0.231093
1710000 3.087072 0.605494 0.154976
1720000 2.271938 0.612941 0.180194
1730000 2.234011 0.439906 0.333959
1740000 2.090222 0.464646 0.107373
1750000 2.838944 0.564265 0.261307
1760000 2.902314 0.647214 0.220518
1770000 3.379104 0.596861 0.169372
1780000 3.318725 0.584747 0.126389
1790000 3.215441 0.556792 0.194479
1800000 2.033774 0.415166 0.166513
1810000 1.551324 0.478750 0.105719
1820000 1.816614 0.704442 0.107186
1830000 1.875846 0.375919 0.168481
1840000 1.824310 0.583206 0.039118
1850000 1.461797 0.669193 0.104566
1860000 1.438684 0.673227 0.224324
1870000 1.357184 0.468224 0.155332
1880000 1.356201 0.489272 0.182828
1890000 1.217457 0.593425 0.321673
1900000 1.359182 0.365570 0.099896
1910000 1.486675 0.517621 0.212380
1920000 1.696784 0.619047 0.145721
1930000 1.869937 0.560679 0.186096
1940000 1.696564 0.434312 0.069895
1950000 1.865434 0.362717 0.165794
1960000 2.003078 0.484865 0.170825
1970000 2.349365 0.614631 0.165251
1980000 2.700735 0.469843 0.097778
1990000 3.589264 0.560180 0.201927
2000000 4.103599 0.554412 0.171953
2010000 4.171850 0.456151 0.195599
2020000 3.765550 0.637006 0.181486
2030000 3.677364 0.559665 0.152168
2040000 5.036299 0.595152 0.290898
2050000 4.713089 0.556319 0.156342
2060000 4.694186 0.564782 0.297738
2070000 3.559107 0.502681 0.013542
2080000 2.926820 0.558410 0.201199
2090000 2.421346 0.515969 0.263090
2100000 3.393012 0.485849 0.281712
2110000 2.837291 0.410064 0.216076
2120000 2.871001 0.530148 0.236354
2130000 3.516157 0.464030 0.245451
2140000 3.385212 0.516674 0.163202
2150000 3.476224 0.560318 0.200939
2160000 4.309416 0.530230 0.207652
2170000 3.152290 0.584340 0.128302
2180000 2.267756 0.526272 0.069775
2190000 2.498125 0.659195 0.182595
2200000 2.305132 0.632892 0.085277
2210000 2.623204 0.409503 0.217697
2220000 2.789731 0.529511 0.024648
2230000 2.906631 0.499067 0.108896
2240000 4.341152 0.572944 0.209001
2250000 4.531923 0.510969 0.213376
2260000 4.791929 0.412462 0.160622
2270000 4.270928 0.480473 0.100633
2280000 4.713619 0.615755 0.172730
2290000 3.815554 0.598364 0.151845
2300000 3.804183 0.634650 0.088398
2310000 4.418907 0.392786 0.152730
2320000 4.817275 0.380327 0.200398
2330000 4.283982 0.476973 0.241223
2340000 4.254842 0.554111 0.196919
2350000 3.963641 0.396047 0.315300
2360000 3.841263 0.435851 0.263349
2370000 3.310893 0.575833 0.165679
2380000 2.963005 0.457140 0.260165
2390000 3.882556 0.480875 0.110179
2400000 3.495085 0.524821 0.287007
2410000 3.555180 0.510502 0.052362
2420000 4.096024 0.691446 0.133526
2430000 2.645178 0.514975 0.211500
2440000 2.646248 0.521624 0.106120
2450000 1.995433 0.577250 0.083178
2460000 2.133602 0.491086 0.229417
2470000 2.251646 0.599328 0.118355
2480000 2.581897 0.521360 0.178963
2490000 2.735474 0.534144 0.197341
2500000 3.079892 0.611468 0.111938
2510000 3.448596 0.659497 0.159744
2520000 3.759801 0.615522 0.082903
2530000 4.659917 0.524380 0.071447
2540000 4.707739 0.559859 0.108340
2550000 5.031480 0.587690 0.197378
2560000 4.095052 0.464555 0.246110
2570000 3.657808 0.648881 0.210454
2580000 4.827877 0.659108 0.122817
2590000 4.287565 0.509531 0.284042
2600000 4.514589 0.518236 0.149311
2610000 4.508180 0.485601 0.132587
2620000 4.694624 0.424700 0.232637
2630000 4.505120 0.398139 0.088748
2640000 4.622599 0.482645 0.143250
2650000 4.947118 0.550598 0.162633
2660000 4.902993 0.384948 0.070542
2670000 4.977286 0.576382 0.174214
2680000 3.122461 0.524140 0.294871
2690000 3.474815 0.483679 0.176942
2700000 3.341036 0.546484 0.169000
2710000 2.761482 0.417966 0.146175
2720000 2.321907 0.541628 0.225016
2730000 2.233873 0.537096 0.149807
2740000 1.749795 0.596974 0.169846
2750000 1.781374 0.494063 0.232591
2760000 2.457846 0.541665 0.266579
2770000 2.873467 0.679624 0.114982
2780000 3.502146 0.415884 0.066638
2790000 4.142044 0.592315 0.238959
2800000 4.478879 0.291019 0.064221
2810000 4.268740 0.571605 0.178829
2820000 4.331229 0.571623 0.145595
2830000 3.545161 0.529475 0.181647
2840000 3.207674 0.509886 0.171705
2850000 2.453420 0.498876 0.156598
2860000 2.587235 0.596260 0.053826
2870000 2.444192 0.446362 0.184837
2880000 2.487908 0.591495 0.153635
2890000 2.180295 0.562083 0.104185
2900000 2.482181 0.549815 0.102100
2910000 2.174426 0.556438 0.152046
2920000 2.935971 0.607882 0.235257
2930000 1.963101 0.631088 0.251620
2940000 1.805408 0.483675 0.176366
2950000 1.951949 0.457781 0.171187
2960000 1.485809 0.622590 0.175477
2970000 1.595263 0.401117 0.080458
2980000 1.228963 0.587461 0.243375
2990000 1.822798 0.568259 0.215592
3000000 1.712701 0.466993 0.127041
3010000 2.096849 0.747158 0.101652
3020000 2.052655 0.493122 0.174350
3030000 1.726887 0.573271 0.150044
3040000 1.917966 0.560612 0.136914
3050000 1.628607 0.520875 0.179874
3060000 1.573227 0.540265 0.034877
3070000 1.888879 0.469073 0.200389
3080000 2.508019 0.573537 0.305656
3090000 3.536300 0.461005 0.132028
3100000 3.590855 0.568533 0.114225
3110000 3.304751 0.455683 0.283746
3120000 2.642792 0.587495 0.248422
3130000 2.662429 0.454824 0.168236
3140000 3.135777 0.547881 0.122396
3150000 3.279575 0.550891 0.186207
3160000 4.278901 0.450374 0.166887
3170000 4.124638 0.516485 0.177264
3180000 4.846358 0.496137 0.140859
3190000 4.221177 0.518712 0.092458
3200000 3.485518 0.540919 0.231975
3210000 4.106097 0.558744 0.287199
3220000 3.956885 0.449375 0.232401
3230000 3.460051 0.570796 0.021655
3240000 3.336375 0.415507 0.039419
3250000 4.169417 0.537048 0.146344
3260000 4.537684 0.468972 0.180765
3270000 3.937730 0.530184 0.121755
3280000 3.986756 0.426716 0.215185
3290000 4.292576 0.512510 0.119452
3300000 3.706149 0.313310 0.163760
3310000 3.106788 0.411880 0.239950
3320000 3.098562 0.512840 0.167309
3330000 2.463294 0.536532 0.320982
3340000 2.980661 0.515599 0.112327
3350000 2.535901 0.491775 0.191073
3360000 2.281329 0.532667 0.242271
3370000 2.878445 0.595811 0.077721
3380000 3.107386 0.572227 0.210350
3390000 3.244241 0.488474 0.261604
3400000 2.845175 0.632031 0.183440
3410000 2.163412 0.459446 0.177375
3420000 2.351031 0.536052 0.081238
3430000 2.696622 0.586018 0.202685
3440000 3.499962 0.491600 0.196906
3450000 3.781548 0.545305 0.291113
3460000 4.320022 0.570493 0.223125
3470000 4.510589 0.426495 0.303069
3480000 4.056278 0.441605 0.390042
3490000 4.861164 0.530200 0.183950
