100000 4.497793 0.505730 -0.175017
110000 3.505781 0.606620 -0.197154
120000 4.212788 0.549556 -0.024966
130000 3.711599 0.636028 -0.021798
140000 2.897304 0.640555 -0.291141
150000 2.479795 0.642997 -0.335390
160000 1.724490 0.668706 -0.144813
170000 1.232144 0.466562 -0.041318
180000 1.316796 0.411119 -0.177887
190000 2.481243 0.549008 -0.304515
200000 2.830627 0.505484 -0.252487
210000 3.243945 0.497945 -0.211690
220000 1.959418 0.575727 -0.176735
230000 1.576933 0.410921 -0.267139
240000 1.276309 0.562539 -0.198611
250000 1.431952 0.508709 -0.192515
260000 1.849413 0.456008 -0.053967
270000 2.185600 0.464937 -0.214664
280000 2.453917 0.624928 -0.081853
290000 2.679280 0.467717 -0.190535
300000 2.166300 0.518156 -0.201073
310000 3.753025 0.739962 -0.240166
320000 4.805097 0.686413 -0.179468
330000 4.590106 0.428246 -0.191303
340000 4.838980 0.586208 -0.106162
350000 4.230115 0.583476 -0.165880
360000 3.239325 0.527301 -0.113960
370000 3.373895 0.512450 -0.191323
380000 3.040749 0.452316 -0.196721
390000 3.457014 0.565237 -0.016750
400000 4.577600 0.589134 -0.009510
410000 3.846538 0.445794 -0.278994
420000 2.825659 0.463924 0.042025
430000 2.961090 0.454946 -0.199948
440000 3.864002 0.625404 -0.204697
450000 2.884049 0.566384 -0.118522
460000 2.250173 0.630275 -0.052652
470000 2.061688 0.514724 -0.227168
480000 0.968719 0.579039 -0.215578
490000 1.309312 0.546077 -0.035142
500000 1.089333 0.601479 -0.188628
510000 1.352475 0.658495 -0.214702
520000 1.926263 0.422816 -0.234568
530000 2.349422 0.575652 -0.083152
540000 2.279811 0.513564 -0.254982
550000 3.010394 0.582552 -0.130631
560000 4.090953 0.549313 -0.191817
570000 4.659159 0.584639 -0.054533
580000 3.871413 0.404496 -0.178482
590000 5.015741 0.430116 -0.262925
600000 4.860590 0.604402 -0.190551
610000 4.871241 0.604871 -0.263143
620000 4.648679 0.487688 -0.197266
630000 4.166254 0.610643 -0.171994
640000 3.839546 0.541123 -0.130174
650000 4.985974 0.512005 -0.217296
660000 4.087873 0.581908 -0.220839
670000 3.533771 0.486679 -0.236623
680000 3.868957 0.557457 -0.224366
690000 3.018263 0.542119 -0.215737
700000 3.245257 0.531029 -0.254787
710000 2.601800 0.587235 -0.233687
720000 2.297020 0.417493 -0.171577
730000 1.653801 0.584110 -0.156577
740000 2.055849 0.449163 -0.160416
750000 2.220578 0.508317 -0.274496
760000 2.565371 0.513093 -0.227784
770000 3.603642 0.544804 -0.130771
780000 4.625806 0.554602 -0.203570
790000 3.692558 0.670750 -0.131446
800000 3.599483 0.644788 -0.331622
810000 4.360296 0.528787 -0.084273
820000 4.253457 0.499932 -0.181067
830000 5.017793 0.525869 -0.162357
840000 3.761159 0.590021 -0.073539
850000 3.640047 0.573718 -0.182015
860000 4.028272 0.576814 -0.121627
870000 3.057366 0.416026 -0.213348
880000 3.501257 0.595692 -0.264406
890000 2.572492 0.435372 -0.092590
900000 2.014928 0.464105 -0.203567
910000 1.614062 0.474618 -0.198305
920000 2.567727 0.464819 -0.208360
930000 3.295735 0.469647 -0.233521
940000 3.613927 0.493760 -0.243198
950000 4.538835 0.552192 -0.136173
960000 4.801875 0.435330 -0.222645
970000 4.628611 0.631649 -0.257817
980000 4.804366 0.373943 -0.277180
990000 4.879032 0.456265 -0.199473
1000000 3.823719 0.509310 -0.288267
1010000 2.769182 0.539018 -0.099967
1020000 2.515997 0.632655 -0.069802
1030000 1.474389 0.522022 -0.316351
1040000 2.035797 0.482260 -0.201490
1050000 2.320329 0.469329 -0.060658
1060000 1.210773 0.348707 -0.180933
1070000 0.932600 0.513267 -0.208099
1080000 0.677534 0.542836 -0.173673
1090000 0.846124 0.709066 -0.104661
1100000 1.199256 0.573581 -0.273387
1110000 0.981879 0.562130 -0.107890
1120000 0.598345 0.526135 -0.262235
1130000 1.410453 0.561780 -0.130617
1140000 1.430967 0.351727 -0.085910
1150000 1.721775 0.550217 -0.031821
1160000 1.891305 0.555748 -0.112636
1170000 1.623974 0.468355 -0.028159
1180000 1.719803 0.499766 -0.186236
1190000 2.173470 0.451620 -0.226323
1200000 2.023449 0.557001 -0.079812
1210000 2.357216 0.612914 -0.037698
1220000 2.342640 0.486458 -0.169837
1230000 3.372901 0.530354 -0.286318
1240000 3.572102 0.559054 -0.233336
1250000 3.921542 0.572939 -0.186541
1260000 4.385855 0.584124 -0.237193
1270000 3.709426 0.586861 -0.083774
1280000 4.933298 0.582799 -0.085082
1290000 3.984794 0.578557 -0.145510
1300000 4.999769 0.456352 -0.221938
1310000 4.308835 0.503279 -0.060451
1320000 3.681461 0.522020 -0.247407
1330000 4.683194 0.439648 -0.087174
1340000 3.868511 0.506794 -0.066537
1350000 4.248020 0.512472 -0.278328
1360000 4.403076 0.403142 -0.150090
1370000 4.825177 0.545538 -0.158033
1380000 3.943980 0.569976 -0.092713
1390000 2.850630 0.565931 -0.043513
1400000 3.061268 0.497241 -0.262886
1410000 3.514228 0.530949 -0.324342
1420000 3.509948 0.606764 -0.279676
1430000 3.607979 0.577704 -0.207825
1440000 3.846894 0.540901 -0.123742
1450000 2.616562 0.591067 -0.124166
1460000 2.379988 0.512924 -0.178044
1470000 1.821696 0.497484 -0.195465
1480000 2.242652 0.719832 -0.115064
1490000 2.674886 0.559446 -0.141226
1500000 2.156338 0.595252 -0.114927
1510000 1.830407 0.541933 -0.118409
1520000 1.244335 0.532972 -0.218596
1530000 0.640218 0.584216 -0.227184
1540000 0.981678 0.478431 -0.247753
1550000 0.991080 0.635748 -0.154975
1560000 0.728414 0.541835 -0.393023
1570000 1.272107 0.582125 -0.233701
1580000 1.587260 0.589897 -0.236250
1590000 0.918835 0.458148 0.002473
1600000 1.001466 0.509287 -0.227527
1610000 1.208111 0.568647 -0.266270
1620000 1.271607 0.653699 -0.237368
1630000 1.268444 0.448921 -0.172490
1640000 1.217577 0.523795 -0.133668
1650000 1.323415 0.524418 -0.099180
1660000 1.233301 0.611751 -0.251646
1670000 1.497381 0.685066 -0.075589
1680000 1.354747 0.663977 -0.272416
1690000 1.881401 0.412182 -0.146519
1700000 2.522856 0.640553 -0.067696
1710000 2.832276 0.546468 -0.182489
1720000 3.518905 0.564622 -0.205193
1730000 4.297105 0.530127 -0.287904
1740000 4.706535 0.473939 -0.184184
1750000 3.052480 0.480540 -0.083266
1760000 3.250568 0.440848 -0.172381
1770000 3.032959 0.489224 -0.095067
1780000 2.101689 0.536513 -0.114277
1790000 2.044089 0.580499 -0.197157
1800000 2.606191 0.535904 -0.224865
1810000 3.629669 0.562301 -0.238093
1820000 4.818732 0.562827 -0.243466
1830000 4.344795 0.595756 -0.165699
1840000 3.657362 0.500575 -0.127145
1850000 3.676595 0.652431 -0.056467
1860000 3.125695 0.560456 -0.188803
1870000 3.967607 0.509511 -0.227628
1880000 4.875964 0.595439 -0.246729
1890000 5.008486 0.577318 -0.293482
1900000 5.005721 0.485305 -0.180196
1910000 4.332811 0.477834 -0.155353
1920000 4.325494 0.520704 -0.202739
1930000 5.015673 0.350735 -0.104656
1940000 4.491389 0.541247 -0.068072
1950000 3.241852 0.486339 -0.265940
1960000 3.073463 0.573727 -0.158601
1970000 2.699801 0.635679 -0.072807
1980000 3.676542 0.505706 -0.173671
1990000 4.418750 0.457878 -0.242906
2000000 5.041946 0.569244 -0.280837
2010000 3.448396 0.354526 -0.240571
2020000 3.434643 0.525564 -0.122046
2030000 3.704656 0.541647 -0.207877
2040000 4.460084 0.432982 -0.329786
2050000 4.616458 0.680242 -0.159879
2060000 3.933814 0.415219 -0.169143
2070000 4.245294 0.548954 -0.106071
2080000 3.588659 0.587254 -0.115208
2090000 3.417180 0.594706 -0.163700
2100000 3.166926 0.436469 -0.209994
2110000 2.448481 0.660705 -0.188138
2120000 2.266416 0.570155 -0.114910
2130000 2.615396 0.537914 -0.142495
2140000 2.392436 0.501475 -0.200352
2150000 2.089435 0.556737 -0.005018
2160000 1.801592 0.514047 -0.090051
2170000 1.929565 0.612057 -0.218882
2180000 2.141449 0.494342 -0.166317
2190000 1.443794 0.542084 -0.250310
2200000 1.457446 0.468628 -0.142022
2210000 1.784032 0.524508 -0.116418
2220000 2.633233 0.522815 -0.122952
2230000 2.347167 0.647031 -0.056796
2240000 2.512753 0.620915 -0.105285
2250000 3.376243 0.549908 -0.224994
2260000 3.455717 0.487008 -0.253849
2270000 2.735570 0.492111 -0.190266
2280000 3.154940 0.479369 -0.198203
2290000 3.383303 0.459163 -0.289179
2300000 3.795249 0.559226 -0.110305
2310000 4.787166 0.562878 -0.149836
2320000 4.468266 0.568660 -0.185284
2330000 4.432645 0.457758 -0.174831
2340000 3.834697 0.595361 -0.202685
2350000 4.047818 0.617024 -0.239202
2360000 4.748327 0.482736 -0.276913
2370000 4.467820 0.529776 -0.126171
2380000 4.496436 0.479016 -0.085471
2390000 4.589138 0.540882 -0.221959
2400000 4.833130 0.511550 -0.101017
2410000 4.381168 0.484110 -0.166420
2420000 3.216130 0.618772 -0.209956
2430000 3.423916 0.506306 -0.175684
2440000 3.186831 0.525691 -0.151743
2450000 3.969910 0.581762 -0.196611
2460000 3.683303 0.476625 -0.147351
2470000 3.215130 0.462999 -0.155028
2480000 2.505208 0.601315 -0.230799
2490000 3.241606 0.485708 -0.145889
2500000 2.313882 0.541031 -0.167542
2510000 1.937081 0.541973 -0.266585
2520000 1.716573 0.663246 -0.227067
2530000 2.016618 0.529037 -0.151620
2540000 1.590104 0.577487 -0.418671
2550000 1.766863 0.439959 -0.194487
2560000 1.646937 0.679928 -0.027558
2570000 1.562501 0.546384 -0.243656
2580000 1.682872 0.358291 -0.133560
2590000 1.275145 0.559917 -0.165413
2600000 0.898093 0.509113 -0.180628
2610000 0.984287 0.602150 -0.261947
2620000 0.749055 0.552383 -0.211345
2630000 0.761174 0.424295 -0.270272
2640000 1.063803 0.532382 -0.159307
2650000 0.976612 0.589781 -0.151621
2660000 0.906519 0.649077 -0.317279
2670000 1.251539 0.473143 -0.028198
2680000 1.514619 0.439834 -0.160342
2690000 1.953231 0.606259 -0.149933
2700000 1.431422 0.574013 -0.180456
2710000 1.450446 0.605996 -0.273091
2720000 1.377960 0.626732 -0.180943
2730000 1.174852 0.601879 -0.188893
2740000 0.840296 0.369228 -0.252716
2750000 1.187116 0.567336 -0.294290
2760000 1.271956 0.517958 -0.096054
2770000 1.145765 0.539342 -0.132897
2780000 0.842492 0.573964 -0.098940
2790000 1.308992 0.457089 -0.148844
2800000 1.528577 0.620833 -0.158649
2810000 1.744756 0.513520 -0.180949
2820000 1.991720 0.450946 -0.136335
2830000 2.449370 0.560174 -0.178894
2840000 3.150211 0.582811 -0.095775
2850000 2.504309 0.578373 -0.173929
2860000 2.699870 0.586552 -0.060840
2870000 3.194476 0.427565 -0.163582
2880000 3.378782 0.650918 -0.092595
2890000 3.786513 0.548488 -0.146883
2900000 4.468261 0.343281 -0.166785
2910000 4.538721 0.544132 -0.167125
2920000 4.520735 0.380670 -0.241342
2930000 4.916869 0.564561 -0.074652
2940000 4.535802 0.304180 -0.237796
2950000 4.169475 0.522183 -0.159529
2960000 4.969367 0.495817 -0.102621
2970000 4.632600 0.505867 -0.064985
2980000 3.914462 0.567345 -0.213423
2990000 3.903785 0.697400 -0.198903
3000000 4.120971 0.604776 -0.109819
3010000 3.240831 0.567330 -0.224823
3020000 3.026343 0.579754 -0.191600
3030000 2.781869 0.484154 -0.144128
3040000 2.435877 0.555776 -0.139616
3050000 2.860108 0.524332 -0.210540
3060000 2.777145 0.590443 -0.228657
3070000 2.792408 0.520449 -0.122272
3080000 3.339979 0.500323 -0.223361
3090000 4.243743 0.559018 -0.177173
3100000 5.010297 0.448870 -0.160018
3110000 4.653931 0.494894 -0.138178
3120000 5.037136 0.673635 -0.177707
3130000 5.046045 0.341773 -0.084756
3140000 4.253738 0.563797 -0.331702
3150000 4.426034 0.547857 -0.155345
3160000 3.396628 0.514771 -0.054519
3170000 3.723201 0.539498 -0.211202
3180000 3.168504 0.524557 -0.176972
3190000 4.342022 0.548404 -0.228714
3200000 4.636866 0.427950 -0.363016
3210000 4.928908 0.515296 -0.233147
3220000 4.742575 0.587288 -0.222553
3230000 4.692956 0.458906 -0.237147
3240000 4.499168 0.631388 -0.200840
3250000 4.095489 0.483190 -0.135068
3260000 3.745461 0.432112 -0.154533
3270000 4.935019 0.548857 -0.179345
3280000 3.963726 0.597410 -0.091613
3290000 3.307978 0.482532 -0.091396
3300000 2.938704 0.510221 -0.104768
3310000 2.099434 0.605472 -0.219185
3320000 2.117424 0.439214 -0.220998
3330000 2.050996 0.453320 -0.118928
3340000 2.001280 0.493835 -0.172281
3350000 2.604538 0.440905 -0.137059
3360000 1.802104 0.535902 -0.275924
3370000 1.948278 0.373504 -0.161781
3380000 2.165842 0.580427 -0.179056
3390000 2.463307 0.471455 -0.160943
3400000 2.563844 0.580350 -0.216933
3410000 2.982656 0.615205 -0.241894
3420000 3.332313 0.490212 -0.158085
3430000 3.778720 0.505625 -0.194751
3440000 2.744734 0.516083 -0.161085
3450000 4.154626 0.555908 -0.165016
3460000 2.924012 0.550594 -0.179964
3470000 2.775420 0.608417 -0.196637
