100000 3.570714 0.491251 -0.335460
110000 4.873490 0.506345 -0.176103
120000 4.003355 0.517669 -0.346085
130000 4.855202 0.597076 -0.258110
140000 3.205189 0.617674 -0.328273
150000 2.909583 0.640515 -0.315117
160000 2.389259 0.469759 -0.373786
170000 1.948719 0.524351 -0.288085
180000 1.766449 0.506637 -0.359058
190000 3.315241 0.495038 -0.294392
200000 4.268268 0.490396 -0.395534
210000 4.325221 0.473716 -0.385252
220000 4.367477 0.488396 -0.247618
230000 3.110455 0.489695 -0.305114
240000 3.604335 0.475744 -0.281072
250000 3.176390 0.587556 -0.403526
260000 3.825911 0.471085 -0.305094
270000 4.231996 0.463895 -0.366502
280000 3.321274 0.512418 -0.460277
290000 4.160891 0.504170 -0.251960
300000 2.746365 0.550438 -0.281843
310000 2.513442 0.410237 -0.424906
320000 2.548990 0.573608 -0.338689
330000 2.124839 0.546482 -0.209705
340000 1.509096 0.484374 -0.283096
350000 1.182644 0.520957 -0.278988
360000 1.863408 0.487975 -0.371858
370000 2.895133 0.553358 -0.365213
380000 2.509920 0.599048 -0.374333
390000 3.188275 0.535116 -0.407111
400000 2.823547 0.561537 -0.327091
410000 3.692318 0.443296 -0.312308
420000 4.456788 0.651290 -0.367607
430000 4.822846 0.579617 -0.274533
440000 4.072819 0.562921 -0.471526
450000 3.577828 0.569397 -0.184933
460000 2.478681 0.562838 -0.341836
470000 2.160441 0.622074 -0.288123
480000 2.110149 0.452539 -0.301627
490000 1.536209 0.595583 -0.231480
500000 1.706692 0.527494 -0.297443
510000 2.443717 0.577460 -0.307615
520000 2.165582 0.606477 -0.350491
530000 3.117783 0.494881 -0.271813
540000 4.167511 0.566810 -0.385016
550000 4.690336 0.562381 -0.310355
560000 4.721326 0.460126 -0.301904
570000 4.724782 0.624485 -0.373424
580000 4.229083 0.527524 -0.465958
590000 3.614265 0.522982 -0.400918
600000 2.898319 0.547401 -0.301316
610000 3.398344 0.591004 -0.217892
620000 4.148698 0.555538 -0.376546
630000 4.844523 0.543338 -0.344981
640000 2.980197 0.462434 -0.146380
650000 3.363310 0.531589 -0.350895
660000 2.287654 0.392804 -0.443271
670000 1.333704 0.488405 -0.481664
680000 1.455019 0.524468 -0.193959
690000 2.175891 0.680208 -0.311258
700000 2.093208 0.500485 -0.397563
710000 2.672375 0.556498 -0.398517
720000 2.620135 0.454515 -0.410379
730000 3.745387 0.538011 -0.499224
740000 3.903040 0.520511 -0.307794
750000 4.515430 0.458348 -0.343590
760000 4.838028 0.471811 -0.335974
770000 4.100918 0.604849 -0.327694
780000 4.039928 0.430492 -0.253580
790000 3.854369 0.538802 -0.330641
800000 4.338163 0.657711 -0.368311
810000 5.005122 0.545039 -0.254120
820000 4.767223 0.618051 -0.472829
830000 4.462193 0.460523 -0.294751
840000 3.114648 0.493170 -0.410471
850000 4.400108 0.414173 -0.319716
860000 4.143034 0.456899 -0.392362
870000 4.599998 0.595856 -0.371134
880000 4.770730 0.449627 -0.335134
890000 3.183220 0.413139 -0.365165
900000 2.968010 0.489820 -0.344829
910000 2.609833 0.494009 -0.469842
920000 3.107289 0.460636 -0.384401
930000 2.120603 0.550214 -0.395742
940000 1.774620 0.504284 -0.425011
950000 0.791735 0.457022 -0.515953
960000 0.775077 0.432947 -0.360056
970000 1.228399 0.500812 -0.404551
980000 0.677763 0.660172 -0.317272
990000 0.685029 0.555811 -0.406328
1000000 0.606072 0.524873 -0.324419
1010000 0.811046 0.646459 -0.354958
1020000 1.165417 0.526442 -0.366422
1030000 1.389039 0.570375 -0.281537
1040000 1.309096 0.568509 -0.360508
1050000 1.309788 0.447431 -0.389479
1060000 0.984161 0.490552 -0.346332
1070000 1.185372 0.588275 -0.382337
1080000 1.154695 0.627818 -0.369163
1090000 1.776282 0.615188 -0.319173
1100000 1.771008 0.361984 -0.317172
1110000 1.696576 0.666952 -0.359535
1120000 1.477028 0.587993 -0.266057
1130000 1.322248 0.459709 -0.361291
1140000 2.106597 0.539134 -0.334793
1150000 2.547059 0.575109 -0.364526
1160000 2.641850 0.410820 -0.380661
1170000 1.900594 0.524088 -0.376964
1180000 2.007155 0.599747 -0.334455
1190000 2.294902 0.463355 -0.273456
1200000 3.086682 0.640217 -0.259848
1210000 4.204034 0.531536 -0.416098
1220000 4.496990 0.642175 -0.258395
1230000 3.611613 0.555999 -0.313384
1240000 4.279384 0.483932 -0.368566
1250000 4.938728 0.597031 -0.328492
1260000 3.819563 0.587798 -0.282572
1270000 3.803634 0.472245 -0.362813
1280000 3.099504 0.329321 -0.399035
1290000 3.020707 0.457972 -0.362966
1300000 3.036406 0.422840 -0.364849
1310000 3.898383 0.575098 -0.431338
1320000 3.991510 0.490397 -0.468340
1330000 4.166942 0.520702 -0.461407
1340000 3.765790 0.478687 -0.374928
1350000 3.573412 0.499888 -0.352217
1360000 3.211844 0.554159 -0.480323
1370000 2.659114 0.593773 -0.250008
1380000 3.237696 0.353773 -0.405965
1390000 4.235398 0.621495 -0.309251
1400000 4.925824 0.551747 -0.388088
1410000 4.079633 0.575305 -0.435638
1420000 3.736754 0.554990 -0.476959
1430000 3.046597 0.534922 -0.384098
1440000 2.298368 0.448105 -0.340133
1450000 2.002644 0.413489 -0.389649
1460000 1.903436 0.530504 -0.272251
1470000 2.201669 0.420993 -0.372059
1480000 2.261978 0.648657 -0.155118
1490000 2.163041 0.485440 -0.285529
1500000 3.053348 0.536774 -0.456772
1510000 3.250951 0.413069 -0.306393
1520000 2.923472 0.550222 -0.405682
1530000 3.463275 0.381740 -0.396354
1540000 4.448468 0.514197 -0.293294
1550000 4.705006 0.483219 -0.401946
1560000 4.597335 0.461740 -0.326381
1570000 4.775091 0.530150 -0.193529
1580000 3.240768 0.544448 -0.416112
1590000 3.445853 0.563325 -0.421307
1600000 4.493871 0.522017 -0.320361
1610000 4.860580 0.486123 -0.347576
1620000 4.993312 0.494731 -0.419291
1630000 3.571705 0.508000 -0.389949
1640000 3.755992 0.583381 -0.314844
1650000 3.228738 0.503509 -0.358929
1660000 3.058163 0.512725 -0.350000
1670000 1.696626 0.372097 -0.317682
1680000 1.188729 0.410624 -0.290443
1690000 0.666507 0.565381 -0.320418
1700000 1.127349 0.425794 -0.401700
1710000 1.078025 0.458762 -0.287728
1720000 1.053603 0.593095 -0.228649
1730000 1.306009 0.582053 -0.392391
1740000 1.006030 0.445857 -0.322064
1750000 0.843992 0.534520 -0.396699
1760000 1.582626 0.578722 -0.328976
1770000 1.647437 0.447205 -0.360780
1780000 1.364945 0.463712 -0.328328
1790000 1.390328 0.600562 -0.354550
1800000 0.606896 0.456538 -0.468591
1810000 0.886751 0.541305 -0.384337
1820000 1.480173 0.600872 -0.437978
1830000 1.737286 0.451251 -0.217857
1840000 1.977425 0.498330 -0.232787
1850000 2.005064 0.515091 -0.223137
1860000 2.171387 0.514483 -0.430242
1870000 2.552613 0.387077 -0.422207
1880000 1.964094 0.450027 -0.307379
1890000 2.654965 0.464845 -0.422142
1900000 2.496820 0.551225 -0.344603
1910000 3.322314 0.607098 -0.260551
1920000 3.265959 0.529763 -0.310193
1930000 2.885326 0.538819 -0.468751
1940000 3.413524 0.463368 -0.261782
1950000 4.082729 0.557998 -0.505908
1960000 3.627059 0.595233 -0.429949
1970000 4.030608 0.659283 -0.303666
1980000 3.189275 0.381520 -0.344839
1990000 2.563993 0.503341 -0.337999
2000000 2.778176 0.553721 -0.543838
2010000 3.615301 0.505004 -0.216510
2020000 2.975714 0.465495 -0.240536
2030000 3.684739 0.591217 -0.390055
2040000 4.536765 0.446851 -0.354425
2050000 4.729562 0.695285 -0.298880
2060000 4.885115 0.590940 -0.428947
2070000 4.988353 0.532429 -0.294695
2080000 4.669219 0.626486 -0.359233
2090000 3.937354 0.547396 -0.322441
2100000 4.117250 0.543419 -0.475577
2110000 3.722537 0.501162 -0.331972
2120000 4.463238 0.603384 -0.213617
2130000 3.602499 0.375692 -0.366675
2140000 2.288061 0.446099 -0.299268
2150000 1.798246 0.397456 -0.321031
2160000 1.549397 0.571695 -0.271655
2170000 1.851906 0.633700 -0.328108
2180000 2.075164 0.548169 -0.403377
2190000 2.322129 0.572598 -0.273989
2200000 2.356924 0.539823 -0.355373
2210000 2.927858 0.489498 -0.247483
2220000 2.529584 0.507827 -0.301881
2230000 3.009877 0.454901 -0.285693
2240000 2.683576 0.494564 -0.306703
2250000 1.960693 0.508369 -0.416209
2260000 2.278833 0.431300 -0.309011
2270000 2.720798 0.439922 -0.457605
2280000 2.948796 0.487840 -0.411722
2290000 3.796057 0.793805 -0.417136
2300000 4.484748 0.513849 -0.251139
2310000 3.904361 0.552925 -0.322228
2320000 4.292165 0.438514 -0.335354
2330000 4.289839 0.511490 -0.296527
2340000 4.782854 0.530543 -0.464307
2350000 3.520449 0.490886 -0.302030
2360000 3.343455 0.504936 -0.418298
2370000 3.156269 0.578601 -0.337549
2380000 2.751136 0.582363 -0.394031
2390000 3.016169 0.509399 -0.265046
2400000 3.984368 0.691267 -0.400025
2410000 3.432993 0.354570 -0.373423
2420000 4.067410 0.544279 -0.489622
2430000 4.254222 0.458882 -0.258327
2440000 4.922568 0.513156 -0.319758
2450000 4.958324 0.563419 -0.367965
2460000 3.839332 0.448028 -0.261459
2470000 3.231624 0.484365 -0.371075
2480000 3.325979 0.493831 -0.345101
2490000 3.242284 0.656453 -0.473370
2500000 2.439807 0.492088 -0.268224
2510000 2.624654 0.605543 -0.477218
2520000 2.730740 0.479188 -0.303347
2530000 1.817759 0.509247 -0.359471
2540000 1.987162 0.525607 -0.311824
2550000 1.783369 0.534901 -0.463062
2560000 1.664895 0.516997 -0.341693
2570000 1.384101 0.494433 -0.340816
2580000 1.396852 0.593959 -0.317430
2590000 1.432027 0.572811 -0.391381
2600000 1.276136 0.586184 -0.304434
2610000 0.724105 0.527695 -0.419189
2620000 1.278746 0.546071 -0.350855
2630000 1.385576 0.559269 -0.351271
2640000 0.961125 0.633525 -0.338445
2650000 1.199373 0.525034 -0.365567
2660000 0.971742 0.508106 -0.388083
2670000 1.416415 0.307883 -0.397752
2680000 1.394083 0.535296 -0.316567
2690000 1.468943 0.540330 -0.289618
2700000 1.720226 0.546977 -0.349813
2710000 1.660385 0.427266 -0.336792
2720000 1.945084 0.460119 -0.417756
2730000 1.593831 0.509663 -0.393926
2740000 1.423562 0.487185 -0.357654
2750000 1.779927 0.543906 -0.328142
2760000 1.121821 0.478318 -0.272355
2770000 1.579849 0.589321 -0.250353
2780000 1.345303 0.496829 -0.254203
2790000 1.667471 0.513912 -0.346831
2800000 2.234871 0.587119 -0.222644
2810000 2.831682 0.512314 -0.397626
2820000 3.365177 0.479667 -0.405153
2830000 3.874047 0.664129 -0.460294
2840000 4.391134 0.510394 -0.362919
2850000 4.946831 0.475972 -0.406616
2860000 4.619525 0.542349 -0.376890
2870000 4.697610 0.596538 -0.298153
2880000 3.925223 0.442352 -0.189586
2890000 4.126667 0.571767 -0.367561
2900000 2.851600 0.513638 -0.449257
2910000 2.237589 0.470527 -0.359619
2920000 2.273361 0.563074 -0.477666
2930000 2.224055 0.507091 -0.263735
2940000 3.341221 0.549218 -0.244194
2950000 2.781667 0.581203 -0.473623
2960000 2.841409 0.453849 -0.373687
2970000 2.722056 0.580041 -0.459051
2980000 3.752817 0.631818 -0.358150
2990000 3.617958 0.631519 -0.279728
3000000 3.954197 0.479496 -0.323807
3010000 3.355131 0.576334 -0.290077
3020000 4.408760 0.644662 -0.393689
3030000 4.331046 0.456943 -0.498493
3040000 4.493678 0.674323 -0.360985
3050000 4.750920 0.479900 -0.546439
3060000 4.979309 0.490031 -0.462433
3070000 4.831329 0.604374 -0.399459
3080000 4.419940 0.429237 -0.300091
3090000 4.756612 0.417075 -0.412423
3100000 3.377314 0.580976 -0.331323
3110000 3.338955 0.602640 -0.368355
3120000 3.727317 0.632723 -0.328475
3130000 3.773820 0.415342 -0.342089
3140000 4.524045 0.539708 -0.354048
3150000 4.307364 0.631672 -0.481379
3160000 5.014895 0.598162 -0.386773
3170000 4.435447 0.708997 -0.388789
3180000 4.173472 0.571049 -0.284293
3190000 4.403890 0.636343 -0.357678
3200000 3.605809 0.492015 -0.337702
3210000 2.758117 0.455576 -0.352596
3220000 3.790598 0.499170 -0.429072
3230000 3.024512 0.558185 -0.357401
3240000 2.262848 0.502479 -0.271082
3250000 2.564633 0.530381 -0.430202
3260000 2.249866 0.504942 -0.314197
3270000 2.103844 0.518854 -0.348795
3280000 1.940243 0.511560 -0.309992
3290000 1.938253 0.431330 -0.318033
3300000 1.959968 0.492806 -0.270247
3310000 1.899132 0.548876 -0.461923
3320000 2.372451 0.576072 -0.324448
3330000 2.412111 0.528775 -0.340028
3340000 2.377849 0.522634 -0.347729
3350000 2.734852 0.596264 -0.332430
3360000 3.680311 0.474714 -0.317326
3370000 3.330431 0.544490 -0.342254
3380000 3.515865 0.541265 -0.308212
3390000 4.118293 0.503892 -0.309302
3400000 4.260563 0.350910 -0.314021
3410000 3.976725 0.539323 -0.355833
3420000 3.097553 0.455467 -0.373980
3430000 2.648732 0.475338 -0.260855
3440000 1.747242 0.489948 -0.437330
3450000 1.879338 0.562864 -0.449183
3460000 2.143124 0.578133 -0.383341
3470000 2.275502 0.595704 -0.261127
3480000 1.745519 0.524102 -0.319798
3490000 2.027441 0.533919 -0.324548
3500000 1.477230 0.452992 -0.389861
3510000 1.497200 0.485510 -0.292085
3520000 1.489647 0.529403 -0.287984
3530000 1.385254 0.514641 -0.365114
3540000 1.288140 0.524246 -0.381522
3550000 0.999425 0.644267 -0.330352
3560000 0.977269 0.470959 -0.403555
