100000 3.479495 0.493896 -0.450225
110000 4.045421 0.528852 -0.419828
120000 3.905899 0.572336 -0.430021
130000 4.493602 0.411800 -0.664499
140000 3.897839 0.576484 -0.488864
150000 2.478071 0.456441 -0.577429
160000 3.264581 0.456152 -0.584366
170000 4.267254 0.571482 -0.476773
180000 3.068588 0.495332 -0.626727
190000 2.549551 0.668422 -0.424319
200000 1.910115 0.549260 -0.567251
210000 1.507144 0.648210 -0.464460
220000 1.363944 0.467533 -0.622385
230000 1.206390 0.460931 -0.493857
240000 0.751055 0.472390 -0.572511
250000 1.055310 0.491997 -0.519782
260000 1.568316 0.485667 -0.468838
270000 2.489553 0.549411 -0.517946
280000 3.437084 0.366054 -0.473729
290000 4.674920 0.373906 -0.483579
300000 3.870698 0.613870 -0.543982
310000 4.252052 0.560054 -0.490265
320000 3.115691 0.482135 -0.360454
330000 1.900792 0.442679 -0.439624
340000 2.157815 0.582726 -0.550687
350000 2.635827 0.519803 -0.604169
360000 1.512826 0.489883 -0.605235
370000 1.625300 0.450061 -0.480125
380000 1.937779 0.428610 -0.586465
390000 2.459768 0.476659 -0.529199
400000 3.060605 0.610641 -0.429740
410000 4.620391 0.494822 -0.460681
420000 3.625074 0.532234 -0.502030
430000 3.866007 0.529902 -0.626863
440000 4.448047 0.619693 -0.454036
450000 4.244045 0.571790 -0.521084
460000 3.293495 0.532920 -0.541238
470000 2.572075 0.482332 -0.597277
480000 4.026338 0.487738 -0.544711
490000 3.240834 0.445043 -0.619325
500000 4.460895 0.396287 -0.518045
510000 4.581250 0.531231 -0.536035
520000 3.357261 0.502849 -0.509189
530000 2.165441 0.599765 -0.411080
540000 2.848345 0.564990 -0.623901
550000 3.205971 0.573734 -0.438526
560000 3.844377 0.684159 -0.531552
570000 3.819312 0.579413 -0.590787
580000 4.733314 0.510753 -0.599959
590000 3.684425 0.533859 -0.568260
600000 2.023995 0.529145 -0.512119
610000 2.004986 0.546104 -0.525611
620000 2.362352 0.529640 -0.544817
630000 2.881706 0.426597 -0.701664
640000 3.168565 0.362355 -0.647998
650000 2.853928 0.500625 -0.542522
660000 2.380174 0.536943 -0.442180
670000 1.669849 0.608765 -0.641098
680000 1.655829 0.698892 -0.433952
690000 1.284600 0.374913 -0.553706
700000 1.136800 0.594588 -0.526516
710000 1.065324 0.585260 -0.414539
720000 0.734585 0.613621 -0.500452
730000 0.954923 0.459845 -0.460952
740000 1.316496 0.603834 -0.580829
750000 1.267673 0.472886 -0.547274
760000 1.518575 0.521318 -0.454633
770000 1.478721 0.575453 -0.509796
780000 1.937740 0.566906 -0.522428
790000 2.401352 0.506073 -0.501678
800000 2.730557 0.506975 -0.304560
810000 3.393735 0.461696 -0.667831
820000 4.371062 0.554753 -0.543756
830000 4.537150 0.570988 -0.416896
840000 4.464672 0.611739 -0.499845
850000 4.138464 0.554492 -0.588876
860000 3.487517 0.511835 -0.591072
870000 3.135374 0.540894 -0.472548
880000 4.150518 0.532781 -0.509248
890000 4.497829 0.578362 -0.398750
900000 4.609935 0.409870 -0.431910
910000 3.299336 0.475820 -0.486253
920000 2.584047 0.636524 -0.509583
930000 2.398426 0.536187 -0.522473
940000 2.116705 0.536773 -0.500660
950000 2.101250 0.394342 -0.551140
960000 1.745713 0.611318 -0.561849
970000 1.702824 0.449504 -0.394989
980000 2.385552 0.457796 -0.542464
990000 2.954778 0.597276 -0.481291
1000000 2.939448 0.579561 -0.595151
1010000 3.945870 0.479381 -0.450522
1020000 4.146044 0.532883 -0.529755
1030000 3.436298 0.460850 -0.593486
1040000 4.556359 0.586771 -0.490372
1050000 3.544953 0.587227 -0.481639
1060000 3.158728 0.589016 -0.531113
1070000 2.169033 0.554518 -0.585134
1080000 2.614276 0.562641 -0.458823
1090000 2.068500 0.383327 -0.453236
1100000 2.589440 0.550107 -0.444136
1110000 2.341419 0.491123 -0.577873
1120000 2.586387 0.560939 -0.602835
1130000 2.753881 0.553503 -0.324190
1140000 3.876153 0.538541 -0.524283
1150000 4.848437 0.645875 -0.468886
1160000 4.084650 0.484944 -0.400540
1170000 3.550943 0.522472 -0.520841
1180000 3.157011 0.517679 -0.461417
1190000 3.863174 0.487417 -0.563578
1200000 4.342184 0.563840 -0.508726
1210000 4.666451 0.524425 -0.483719
1220000 3.812096 0.590194 -0.562170
1230000 4.397777 0.531524 -0.454501
1240000 3.747349 0.657031 -0.428925
1250000 3.034986 0.414751 -0.529573
1260000 3.603929 0.546237 -0.543193
1270000 3.933224 0.484743 -0.569583
1280000 4.548032 0.658474 -0.536766
1290000 4.705141 0.472784 -0.481370
1300000 4.998808 0.477860 -0.527296
1310000 4.811153 0.420363 -0.458478
1320000 4.268738 0.520909 -0.486797
1330000 4.457687 0.427559 -0.512878
1340000 3.713275 0.619522 -0.407608
1350000 2.926434 0.578894 -0.429092
1360000 2.688214 0.427201 -0.535000
1370000 2.471921 0.571060 -0.496243
1380000 1.798740 0.442256 -0.661356
1390000 1.504280 0.458130 -0.388142
1400000 0.883776 0.630596 -0.585098
1410000 0.581799 0.473689 -0.482533
1420000 0.666111 0.559904 -0.554206
1430000 0.775723 0.591684 -0.612786
1440000 0.779577 0.437461 -0.510186
1450000 0.993046 0.680124 -0.516447
1460000 0.865565 0.563004 -0.485004
1470000 1.209872 0.408990 -0.366385
1480000 1.195370 0.440952 -0.626225
1490000 1.379438 0.586610 -0.448924
1500000 1.666575 0.560041 -0.450344
1510000 1.326389 0.471156 -0.561695
1520000 1.399555 0.546739 -0.506193
1530000 1.409462 0.699956 -0.519900
1540000 1.622420 0.454484 -0.582821
1550000 1.340144 0.508189 -0.452520
1560000 1.836914 0.554576 -0.438963
1570000 1.959936 0.562868 -0.484596
1580000 1.829520 0.550611 -0.561986
1590000 2.233447 0.459965 -0.469286
1600000 2.344781 0.563384 -0.600863
1610000 2.951372 0.351523 -0.709304
1620000 3.466988 0.523480 -0.588953
1630000 3.370397 0.667738 -0.410296
1640000 2.644016 0.591136 -0.495652
1650000 2.548349 0.692292 -0.513362
1660000 2.479403 0.548548 -0.538419
1670000 2.057135 0.590681 -0.522972
1680000 3.033839 0.568238 -0.609623
1690000 2.759971 0.584910 -0.474254
1700000 2.507407 0.511556 -0.492869
1710000 3.850228 0.518177 -0.625550
1720000 4.207587 0.604510 -0.529908
1730000 4.624516 0.380136 -0.467324
1740000 4.900331 0.537471 -0.548203
1750000 4.552649 0.572512 -0.429894
1760000 4.899895 0.601085 -0.540433
1770000 4.839293 0.490381 -0.656960
1780000 4.001700 0.427419 -0.556364
1790000 3.317212 0.571572 -0.582268
1800000 4.356346 0.521520 -0.533116
1810000 3.512663 0.492636 -0.483113
1820000 3.013121 0.552838 -0.347311
1830000 2.601858 0.468244 -0.517601
1840000 3.152521 0.435337 -0.438286
1850000 3.758234 0.482887 -0.541818
1860000 3.522518 0.506792 -0.611691
1870000 4.037651 0.463468 -0.590458
1880000 4.546441 0.467437 -0.373624
1890000 4.934971 0.480016 -0.498709
1900000 4.785866 0.472892 -0.574017
1910000 3.908900 0.486420 -0.647261
1920000 3.470018 0.502056 -0.650688
1930000 4.252954 0.613448 -0.474266
1940000 4.769106 0.495432 -0.429979
1950000 4.651168 0.598106 -0.475428
1960000 4.945594 0.637419 -0.460649
1970000 3.883546 0.398724 -0.473335
1980000 2.949359 0.574486 -0.548485
1990000 2.335581 0.504068 -0.460316
2000000 1.899693 0.588459 -0.585052
2010000 2.328645 0.466482 -0.665423
2020000 1.709667 0.495979 -0.485191
2030000 1.752370 0.536548 -0.491350
2040000 1.760051 0.422579 -0.415180
2050000 2.089341 0.483763 -0.478802
2060000 2.616560 0.621441 -0.412139
2070000 2.252872 0.479261 -0.522526
2080000 3.279612 0.635306 -0.482890
2090000 3.050352 0.492345 -0.532704
2100000 3.630119 0.427033 -0.525327
2110000 2.735263 0.548632 -0.457509
2120000 3.486746 0.463359 -0.472061
2130000 4.659644 0.558277 -0.446459
2140000 3.532884 0.508564 -0.451108
2150000 3.105415 0.542635 -0.522979
2160000 3.026706 0.522544 -0.584474
2170000 2.011228 0.460745 -0.496232
2180000 2.974564 0.420979 -0.569066
2190000 2.279716 0.595167 -0.568274
2200000 1.478148 0.525880 -0.642487
2210000 1.159635 0.547161 -0.609214
2220000 1.046651 0.501396 -0.493134
2230000 1.001305 0.525572 -0.544795
2240000 1.004309 0.672585 -0.345905
2250000 0.869894 0.451101 -0.647183
2260000 0.818080 0.488070 -0.596462
2270000 0.792851 0.503876 -0.501878
2280000 0.850817 0.503069 -0.509104
2290000 1.120948 0.516918 -0.533843
2300000 0.725991 0.595518 -0.648239
2310000 0.635436 0.587288 -0.656735
2320000 0.524337 0.505526 -0.590931
2330000 0.811284 0.481909 -0.587951
2340000 0.852533 0.506395 -0.543162
2350000 1.380188 0.490844 -0.612583
2360000 1.521672 0.635537 -0.420755
2370000 1.560961 0.384093 -0.540836
2380000 1.685921 0.486313 -0.604769
2390000 1.816443 0.550894 -0.540144
2400000 1.994777 0.531040 -0.421081
2410000 2.349260 0.474062 -0.476180
2420000 3.116963 0.516671 -0.538983
2430000 4.533496 0.549141 -0.497740
2440000 3.992978 0.615710 -0.536661
2450000 4.364753 0.503653 -0.442404
2460000 4.796368 0.491975 -0.576789
2470000 4.625256 0.467909 -0.576246
2480000 4.641747 0.587112 -0.474172
2490000 4.263461 0.559668 -0.556754
2500000 4.837564 0.538451 -0.473345
2510000 3.423975 0.522513 -0.457429
2520000 2.742505 0.457019 -0.562591
2530000 3.335616 0.391582 -0.366990
2540000 4.740023 0.515267 -0.514039
2550000 3.569255 0.559167 -0.543150
2560000 3.735754 0.606634 -0.392140
2570000 4.086372 0.596369 -0.613267
2580000 4.752167 0.476785 -0.502851
2590000 3.762247 0.503885 -0.565865
2600000 4.488714 0.594282 -0.580890
2610000 4.506332 0.553708 -0.529175
2620000 4.393011 0.475614 -0.491866
2630000 3.805828 0.487482 -0.458319
2640000 4.369477 0.569343 -0.593746
2650000 4.748409 0.522056 -0.594728
2660000 4.146773 0.632573 -0.567351
2670000 3.245856 0.486710 -0.478218
2680000 3.413666 0.353334 -0.582954
2690000 2.283602 0.479648 -0.500416
2700000 1.854058 0.590075 -0.481448
2710000 2.118578 0.618788 -0.627254
2720000 2.760109 0.462142 -0.453860
2730000 3.122848 0.488974 -0.550553
2740000 2.452593 0.650716 -0.569357
2750000 2.515917 0.538521 -0.576975
2760000 1.954358 0.576832 -0.537615
2770000 1.524930 0.432722 -0.433233
2780000 1.767090 0.628200 -0.543894
2790000 1.766001 0.530804 -0.579690
2800000 1.387084 0.461475 -0.538665
2810000 1.309995 0.552815 -0.504350
2820000 1.305329 0.486400 -0.497478
2830000 1.680332 0.489419 -0.410302
2840000 2.154474 0.493454 -0.499799
2850000 2.220556 0.456405 -0.581966
2860000 2.718583 0.432679 -0.667319
2870000 3.135178 0.451661 -0.541108
2880000 2.828154 0.565540 -0.501930
2890000 3.682501 0.517653 -0.532826
2900000 4.632915 0.475689 -0.559278
2910000 4.640331 0.518517 -0.358773
2920000 3.893621 0.615961 -0.464215
2930000 3.274092 0.546452 -0.601958
2940000 2.797740 0.571501 -0.599030
2950000 2.947287 0.583761 -0.446355
2960000 2.910726 0.546268 -0.502935
2970000 2.942139 0.534290 -0.445322
2980000 4.131027 0.599097 -0.490025
2990000 4.689669 0.647789 -0.490051
3000000 4.376618 0.515452 -0.509590
3010000 3.759406 0.464593 -0.470766
3020000 4.084929 0.498600 -0.542927
3030000 4.613005 0.549758 -0.359674
3040000 3.503226 0.494554 -0.627855
3050000 3.688710 0.534712 -0.585684
3060000 2.477390 0.504642 -0.510922
3070000 2.411114 0.549627 -0.549799
3080000 2.690183 0.531989 -0.477447
3090000 3.018568 0.390721 -0.559935
3100000 2.882920 0.572623 -0.479167
3110000 2.545289 0.505524 -0.404485
3120000 2.188959 0.443486 -0.503645
3130000 2.427602 0.464024 -0.456206
3140000 2.554729 0.518170 -0.392583
3150000 2.977101 0.519641 -0.517341
3160000 3.380752 0.579688 -0.568090
3170000 4.017072 0.565422 -0.480352
3180000 3.620099 0.630506 -0.526591
3190000 4.542235 0.532868 -0.598792
3200000 4.172479 0.624403 -0.455260
3210000 3.800914 0.534984 -0.466973
3220000 4.534870 0.494412 -0.722819
3230000 4.426615 0.480441 -0.620210
3240000 4.918210 0.664231 -0.509602
3250000 4.015758 0.503367 -0.499260
3260000 3.685973 0.517216 -0.536023
3270000 3.795970 0.370364 -0.460843
3280000 3.143923 0.556457 -0.421974
3290000 3.708026 0.452817 -0.603256
3300000 4.444372 0.662380 -0.623257
3310000 5.049519 0.612916 -0.534575
3320000 4.797769 0.476907 -0.593280
3330000 4.169224 0.561885 -0.511391
3340000 4.835934 0.559043 -0.479032
3350000 4.331956 0.513476 -0.591023
3360000 4.006568 0.588515 -0.327290
3370000 3.159975 0.461284 -0.454920
3380000 2.522758 0.522875 -0.534682
3390000 4.520317 0.508029 -0.556021
3400000 4.331864 0.718269 -0.619321
3410000 4.504533 0.668305 -0.456361
3420000 3.703115 0.552686 -0.508082
3430000 3.498233 0.649936 -0.612951
3440000 2.282377 0.563221 -0.721634
3450000 2.048773 0.364487 -0.353063
3460000 1.454298 0.517791 -0.508799
3470000 1.663060 0.618545 -0.537070
3480000 1.524468 0.495744 -0.599443
3490000 2.031567 0.455340 -0.623794
3500000 2.335985 0.670617 -0.596573
3510000 2.137650 0.493454 -0.537879
3520000 1.653761 0.678209 -0.479353
3530000 1.489340 0.440063 -0.483818
3540000 1.475227 0.540313 -0.603785
3550000 1.538552 0.500680 -0.561050
3560000 1.351912 0.516335 -0.593453
3570000 1.149640 0.546798 -0.382138
3580000 1.174273 0.485461 -0.592504
3590000 1.186626 0.576390 -0.560992
3600000 1.155069 0.488230 -0.420031
3610000 1.261148 0.505679 -0.602581
3620000 1.270956 0.450794 -0.541464
3630000 1.017680 0.556217 -0.481507
