100000 1.726553 0.562388 -0.931610
110000 1.111745 0.478405 -1.092751
120000 1.537538 0.465178 -0.969372
130000 1.130378 0.602440 -1.145761
140000 1.817955 0.446758 -1.037749
150000 1.928473 0.377777 -1.034562
160000 3.281122 0.631565 -1.059404
170000 4.481700 0.601721 -1.012444
180000 3.540491 0.418354 -1.099773
190000 4.327054 0.468454 -1.053065
200000 4.915217 0.569089 -1.111914
210000 4.509962 0.481974 -0.973150
220000 3.538225 0.538997 -1.021426
230000 2.712547 0.492747 -1.232781
240000 2.374819 0.472386 -1.154345
250000 2.134752 0.330735 -0.990684
260000 2.997775 0.574001 -1.016524
270000 1.760115 0.492937 -1.097566
280000 2.146442 0.485846 -1.049223
290000 2.866786 0.518342 -1.070718
300000 3.280428 0.542486 -1.093413
310000 4.227297 0.541739 -1.131458
320000 3.792490 0.520267 -0.973754
330000 2.702366 0.576561 -0.992826
340000 2.210308 0.584227 -1.117272
350000 1.815880 0.568369 -1.121968
360000 1.834326 0.702637 -1.095909
370000 2.635174 0.491904 -0.987119
380000 2.934627 0.419869 -1.076984
390000 3.903820 0.466074 -1.019121
400000 4.466745 0.571733 -1.154612
410000 3.045784 0.460932 -0.988141
420000 2.776223 0.616734 -1.002113
430000 5.004546 0.666326 -0.978684
440000 4.584330 0.538212 -1.124297
450000 4.752137 0.508979 -0.938181
460000 3.624840 0.473002 -0.971732
470000 4.127377 0.583430 -1.142062
480000 4.427044 0.639482 -1.083626
490000 3.689101 0.628356 -1.046213
500000 2.935471 0.444728 -0.965633
510000 2.690700 0.530031 -1.025837
520000 3.265725 0.608486 -0.993258
530000 4.069095 0.496998 -1.114241
540000 4.358149 0.500941 -1.145403
550000 4.193440 0.554625 -1.046416
560000 3.622330 0.606265 -1.103902
570000 4.319507 0.656005 -1.080272
580000 4.722124 0.494788 -1.103005
590000 4.722757 0.470665 -1.003127
600000 4.900072 0.611316 -1.042113
610000 4.237822 0.509863 -0.994549
620000 4.026420 0.474264 -0.968847
630000 3.121847 0.536303 -1.082613
640000 2.263779 0.468916 -1.006053
650000 1.965256 0.451103 -1.089538
660000 2.692149 0.474830 -1.011944
670000 3.434323 0.522966 -1.039737
680000 3.128002 0.642691 -1.019793
690000 2.606733 0.450374 -0.981056
700000 1.896514 0.599125 -0.954987
710000 1.297073 0.611430 -1.222004
720000 1.398097 0.518058 -1.013190
730000 0.809549 0.635041 -0.954330
740000 0.726026 0.549011 -1.123577
750000 1.404369 0.648191 -1.011384
760000 1.477809 0.550366 -1.144440
770000 0.922681 0.393314 -1.123845
780000 0.680468 0.538515 -1.034720
790000 0.917167 0.535376 -1.006961
800000 0.745973 0.618997 -1.094044
810000 1.311986 0.629385 -0.937854
820000 1.668244 0.606318 -1.090298
830000 1.211688 0.679303 -1.009526
840000 1.384521 0.406826 -1.092684
850000 1.654977 0.441825 -1.185386
860000 1.794662 0.397332 -1.001418
870000 1.887621 0.603288 -1.071873
880000 2.084411 0.575158 -1.002653
890000 1.908130 0.482170 -1.078873
900000 2.381205 0.591213 -1.075953
910000 3.452491 0.594431 -1.013711
920000 2.667419 0.535486 -0.945983
930000 2.957891 0.491718 -1.180518
940000 3.832937 0.452184 -0.977692
950000 3.891688 0.612378 -1.064257
960000 4.764208 0.493750 -1.055201
970000 4.615101 0.637882 -1.120029
980000 4.912977 0.462599 -1.095916
990000 4.675351 0.574816 -1.083613
1000000 4.815264 0.530103 -1.130864
1010000 4.597694 0.513220 -1.039485
1020000 3.642538 0.612963 -0.990353
1030000 4.134782 0.537274 -1.050343
1040000 4.030167 0.538584 -1.066588
1050000 3.730821 0.576420 -1.048678
1060000 3.641574 0.449936 -1.123782
1070000 4.762836 0.503838 -1.016710
1080000 4.826107 0.496084 -0.968173
1090000 4.792085 0.496746 -1.153266
1100000 4.272309 0.540359 -0.951583
1110000 3.940735 0.561550 -1.115780
1120000 3.380644 0.681664 -0.996814
1130000 4.583704 0.557470 -1.178077
1140000 4.462228 0.548112 -1.129697
1150000 4.684538 0.506971 -0.952163
1160000 4.964024 0.631031 -1.073045
1170000 4.637593 0.472267 -1.094417
1180000 4.911741 0.571903 -0.950340
1190000 4.700203 0.513147 -1.156656
1200000 4.777939 0.487592 -1.117350
1210000 3.272070 0.556688 -1.048439
1220000 2.675075 0.506371 -1.077705
1230000 2.274101 0.625218 -1.021735
1240000 2.237625 0.630557 -0.889622
1250000 1.979016 0.508998 -0.957362
1260000 2.108429 0.595388 -1.071538
1270000 1.621446 0.493408 -1.054295
1280000 1.406052 0.545261 -1.069968
1290000 1.155417 0.590133 -1.132858
1300000 1.019602 0.597714 -1.095064
1310000 0.983651 0.419087 -1.053379
1320000 1.377533 0.601228 -0.968512
1330000 1.710494 0.459249 -1.023170
1340000 0.613299 0.513285 -1.152180
1350000 0.543278 0.524887 -1.085975
1360000 0.840777 0.593227 -1.152075
1370000 0.643096 0.538817 -1.142312
1380000 0.725678 0.445854 -1.157963
1390000 0.631118 0.579628 -1.096439
1400000 1.081815 0.643255 -1.059712
1410000 1.577750 0.567123 -1.054874
1420000 1.697014 0.493764 -1.004110
1430000 2.125661 0.519493 -1.060915
1440000 2.313171 0.481704 -1.207004
1450000 2.506205 0.527299 -1.056221
1460000 1.679628 0.600546 -1.106677
1470000 1.712854 0.404412 -1.091761
1480000 1.566732 0.478658 -1.133217
1490000 1.482598 0.513390 -1.134914
1500000 1.735627 0.515488 -1.053006
1510000 2.027659 0.467473 -0.966525
1520000 2.490764 0.511321 -1.131491
1530000 2.459931 0.582135 -1.107638
1540000 3.059495 0.570482 -1.075724
1550000 2.653847 0.469605 -1.014638
1560000 3.632035 0.549336 -1.038745
1570000 3.726406 0.517341 -1.001009
1580000 2.927578 0.458650 -1.038443
1590000 3.407651 0.623044 -1.021054
1600000 3.852516 0.438682 -1.042339
1610000 4.147625 0.470998 -0.984789
1620000 4.386373 0.609046 -1.041977
1630000 3.212190 0.460610 -1.027349
1640000 2.999535 0.551241 -1.033579
1650000 2.816115 0.523919 -0.994660
1660000 2.750359 0.464213 -1.043863
1670000 2.393787 0.574507 -1.065779
1680000 2.112518 0.487044 -1.153158
1690000 2.085440 0.549902 -0.932218
1700000 2.553455 0.535583 -1.011114
1710000 3.461631 0.535607 -0.927046
1720000 3.772094 0.438328 -1.117818
1730000 3.114421 0.648981 -1.021135
1740000 5.051765 0.493592 -1.226362
1750000 4.076193 0.536057 -1.180561
1760000 4.334214 0.604403 -1.157238
1770000 4.696330 0.510931 -1.171112
1780000 4.320625 0.479062 -0.979803
1790000 4.350405 0.531734 -1.089686
1800000 4.755538 0.407401 -1.223578
1810000 4.856654 0.652641 -1.037885
1820000 3.529272 0.498741 -1.033869
1830000 3.098406 0.461625 -0.979909
1840000 3.718754 0.404102 -1.077947
1850000 3.630612 0.493337 -0.974690
1860000 3.398612 0.475036 -1.051167
1870000 4.314100 0.455942 -1.010655
1880000 3.714844 0.577538 -0.927192
1890000 4.512784 0.595149 -1.064818
1900000 2.697399 0.487726 -1.124997
1910000 2.740358 0.539159 -1.065179
1920000 2.524401 0.605235 -0.937376
1930000 1.880591 0.551782 -1.169594
1940000 1.924368 0.593841 -1.008228
1950000 1.831606 0.547042 -1.007528
1960000 2.215604 0.534209 -1.219189
1970000 2.027409 0.546823 -1.063919
1980000 1.645474 0.576006 -1.088709
1990000 1.410108 0.567429 -1.080170
2000000 1.297594 0.482614 -1.061342
2010000 1.296116 0.535373 -1.122946
2020000 0.979840 0.677079 -1.124460
2030000 1.091398 0.511808 -1.022847
2040000 0.860022 0.479279 -1.057126
2050000 1.008806 0.604186 -1.049989
2060000 0.858201 0.568602 -1.132486
2070000 0.717203 0.603161 -1.034243
2080000 0.631828 0.628708 -1.224292
2090000 0.936916 0.398168 -1.148340
2100000 1.251228 0.515769 -1.134558
2110000 0.863869 0.556769 -1.110990
2120000 1.043170 0.604054 -1.143371
2130000 1.305380 0.559482 -1.164234
2140000 1.368500 0.514827 -1.087863
2150000 1.091165 0.578260 -1.022864
2160000 0.899868 0.581532 -1.004614
2170000 1.482832 0.439949 -1.092921
2180000 1.667016 0.590934 -1.033854
2190000 1.651998 0.579200 -0.899359
2200000 1.866476 0.421736 -0.933490
2210000 2.048285 0.541532 -0.971037
2220000 2.585535 0.526744 -0.962904
2230000 2.983312 0.483397 -0.987000
2240000 3.631000 0.472319 -1.006228
2250000 3.347546 0.431552 -0.856704
2260000 3.991045 0.543565 -1.096400
2270000 4.297837 0.621674 -1.057273
2280000 2.993133 0.530920 -1.128375
2290000 3.894009 0.560717 -1.017306
2300000 5.005639 0.536477 -1.182211
2310000 5.032525 0.491592 -1.065835
2320000 4.816307 0.534362 -1.008344
2330000 4.551036 0.400092 -1.013654
2340000 4.332968 0.549081 -1.036675
2350000 4.796400 0.550269 -1.077603
2360000 3.906960 0.487965 -1.053169
2370000 4.993757 0.423703 -0.957783
2380000 4.624685 0.501169 -1.027939
2390000 3.792558 0.397011 -1.067886
2400000 3.088074 0.470020 -1.087059
2410000 3.148780 0.490880 -1.098967
2420000 4.008360 0.655276 -0.971824
2430000 4.298339 0.523476 -1.104897
2440000 4.889287 0.477211 -1.178014
2450000 4.886407 0.661303 -1.114131
2460000 4.064753 0.559941 -1.183205
2470000 4.182220 0.541208 -1.077661
2480000 4.849158 0.557233 -1.079787
2490000 4.185242 0.582193 -1.075765
2500000 4.220680 0.549701 -1.206703
2510000 4.050630 0.582276 -1.095903
2520000 3.915310 0.486219 -1.071509
2530000 4.224722 0.625047 -1.141335
2540000 3.329119 0.557882 -1.076716
2550000 2.829502 0.534423 -1.075902
2560000 2.737743 0.452281 -1.084836
2570000 3.161484 0.433807 -0.994684
2580000 2.571440 0.421339 -1.033320
2590000 2.146581 0.431619 -1.095574
2600000 2.425074 0.511368 -1.080901
2610000 3.024652 0.431735 -1.123032
2620000 2.859424 0.660120 -1.112582
2630000 3.254390 0.466996 -1.141450
2640000 2.853079 0.579991 -1.047098
2650000 3.243688 0.590511 -0.973644
2660000 2.138524 0.538771 -1.158210
2670000 2.005105 0.642492 -1.030216
2680000 1.781633 0.565015 -1.143672
2690000 1.651471 0.623995 -1.064864
2700000 1.890628 0.503572 -1.042006
2710000 1.675930 0.578678 -0.948517
2720000 1.171474 0.547292 -1.002802
2730000 1.312855 0.478551 -1.076847
2740000 1.316418 0.504948 -0.899903
2750000 1.435864 0.541063 -1.076393
2760000 1.523999 0.455136 -0.918184
2770000 1.489721 0.485747 -1.135387
2780000 1.958524 0.451460 -1.078278
2790000 2.423298 0.402827 -0.996725
2800000 2.766667 0.349508 -0.947500
2810000 2.421977 0.545933 -1.053812
2820000 2.697649 0.523826 -0.950287
2830000 3.303499 0.632803 -1.143378
2840000 3.292386 0.365035 -1.071149
2850000 3.742365 0.444269 -0.982506
2860000 3.718686 0.480102 -1.101837
2870000 4.289113 0.647956 -0.951972
2880000 4.672371 0.556626 -0.959906
2890000 4.129882 0.482111 -1.005684
2900000 2.863711 0.476179 -1.043234
2910000 3.099356 0.527267 -1.041134
2920000 3.733193 0.586551 -1.044335
2930000 3.915701 0.542776 -1.066568
2940000 4.609296 0.550512 -0.942264
2950000 4.848159 0.519172 -1.047967
2960000 4.461200 0.554899 -1.098519
2970000 3.976632 0.545435 -0.995160
2980000 3.213671 0.443722 -0.939140
2990000 3.092572 0.584611 -0.964073
3000000 3.290152 0.481468 -0.977637
3010000 2.602925 0.359985 -1.074577
3020000 2.252658 0.487802 -1.153575
3030000 2.363790 0.468706 -0.899436
3040000 2.662450 0.510989 -1.092352
3050000 2.932689 0.536040 -0.993721
3060000 2.869559 0.509110 -1.022210
3070000 3.307438 0.405603 -1.117826
3080000 3.949453 0.557560 -1.159840
3090000 3.461494 0.487803 -0.883356
3100000 4.466816 0.481631 -0.986175
3110000 4.254342 0.548916 -1.165248
3120000 3.265364 0.652538 -1.122870
3130000 3.639585 0.527550 -1.082091
3140000 3.420554 0.450403 -1.035620
3150000 3.136466 0.490552 -1.131009
3160000 2.959895 0.354558 -1.134531
3170000 2.856222 0.489082 -1.157195
3180000 2.472557 0.624824 -1.086947
3190000 2.247128 0.492812 -1.125027
3200000 2.023257 0.482599 -0.939271
3210000 2.302868 0.406199 -1.000976
3220000 2.653423 0.491093 -1.058837
3230000 2.829059 0.593429 -1.047900
3240000 3.323274 0.496162 -1.018412
3250000 4.342606 0.466656 -1.048959
3260000 4.037933 0.441442 -1.110976
3270000 4.547743 0.505554 -0.964578
3280000 4.636599 0.495946 -1.073347
3290000 4.512942 0.564130 -1.074829
3300000 3.946984 0.651177 -1.097843
3310000 2.971747 0.505254 -1.120046
3320000 2.488852 0.586372 -1.011829
3330000 3.870252 0.769073 -0.990974
3340000 4.558429 0.551656 -1.188144
3350000 3.401706 0.497562 -1.100284
3360000 3.945878 0.560710 -1.065465
3370000 3.284053 0.611209 -1.070454
3380000 2.970143 0.626490 -0.979595
3390000 1.860220 0.458696 -1.116158
3400000 2.523039 0.417029 -1.086531
3410000 1.649544 0.603040 -1.023777
3420000 2.160141 0.540375 -1.123354
3430000 1.972822 0.446987 -1.012020
3440000 2.433727 0.419555 -0.978347
3450000 2.343380 0.515080 -0.972068
3460000 2.277061 0.533367 -1.070636
3470000 2.137392 0.508729 -0.906541
3480000 1.605555 0.552104 -1.142007
3490000 1.614160 0.530071 -0.925832
3500000 1.486889 0.487059 -1.028427
3510000 1.289430 0.556613 -1.191625
3520000 1.461160 0.577282 -1.064783
3530000 1.710825 0.419576 -1.148357
3540000 1.839040 0.478476 -1.077536
3550000 1.313167 0.500799 -1.072641
3560000 1.281703 0.624218 -1.003572
3570000 1.221091 0.584860 -1.044662
3580000 1.422758 0.547572 -1.093957
3590000 1.461801 0.609310 -1.054498
3600000 1.691239 0.426830 -1.084414
3610000 1.950500 0.447875 -1.069589
3620000 1.852899 0.441858 -0.994609
3630000 1.758400 0.322745 -0.943138
3640000 2.177588 0.520507 -1.028415
3650000 2.577233 0.446596 -0.995299
3660000 2.010719 0.656895 -1.063331
3670000 1.892903 0.535724 -1.071116
3680000 2.104810 0.399749 -1.217909
3690000 2.495797 0.474950 -1.170615
3700000 2.683473 0.622339 -1.110432
3710000 2.525221 0.602474 -1.044910
3720000 2.950752 0.560270 -1.069158
3730000 2.550760 0.533174 -1.033565
3740000 3.591248 0.488606 -0.968216
3750000 3.979434 0.491764 -1.143413
