100000 1.945704 2.940208 -0.394946
110000 1.823577 2.928565 -0.410762
120000 3.144250 3.036176 -0.514114
130000 4.389100 3.079063 -0.523925
140000 4.269721 3.088580 -0.407430
150000 3.549592 2.812800 -0.499122
160000 4.255853 2.903865 -0.497594
170000 4.355721 2.976536 -0.510070
180000 4.686139 3.094870 -0.589677
190000 4.532637 2.903607 -0.479896
200000 2.888600 3.081555 -0.457276
210000 2.633712 3.081714 -0.459647
220000 3.320807 2.843107 -0.558636
230000 2.250543 2.999509 -0.672462
240000 1.487144 2.984750 -0.528818
250000 1.856361 3.000020 -0.498712
260000 1.386246 2.990913 -0.589501
270000 1.306282 2.954037 -0.623077
280000 0.761145 3.053467 -0.532767
290000 0.828272 2.906970 -0.513194
300000 0.948456 3.000983 -0.394750
310000 0.971396 2.954537 -0.371272
320000 1.116639 2.798476 -0.512444
330000 1.587833 3.037804 -0.479499
340000 2.451495 2.855945 -0.541286
350000 2.893846 2.928330 -0.547100
360000 4.259296 2.995573 -0.511201
370000 2.398237 3.082412 -0.426198
380000 2.322687 3.013300 -0.540733
390000 3.726440 2.846330 -0.513733
400000 4.532494 2.902013 -0.590196
410000 4.630297 3.015904 -0.495218
420000 3.588690 3.066595 -0.427540
430000 3.004604 3.075252 -0.485241
440000 2.929828 2.954165 -0.502626
450000 3.114042 3.048358 -0.488239
460000 3.149016 2.974812 -0.622254
470000 4.155641 2.837556 -0.507410
480000 4.927536 3.025330 -0.466145
490000 4.854391 -3.089393 -0.595701
500000 4.314188 3.018576 -0.666941
510000 3.794231 2.914504 -0.570990
520000 4.160752 2.922627 -0.467494
530000 4.432842 2.880132 -0.471032
540000 3.661637 2.988626 -0.486968
550000 4.382720 2.919024 -0.552545
560000 3.921203 2.997694 -0.467028
570000 2.231916 2.885804 -0.550447
580000 1.802649 2.947997 -0.579078
590000 1.988436 3.027285 -0.566670
600000 1.602593 2.907807 -0.519864
610000 1.761712 3.083313 -0.463475
620000 2.173084 2.943030 -0.562723
630000 2.893875 3.003581 -0.554122
640000 2.510569 2.934269 -0.536706
650000 3.192823 2.883525 -0.521259
660000 3.379027 2.998990 -0.482711
670000 3.618022 3.048309 -0.616074
680000 2.879890 3.025579 -0.516542
690000 4.315750 2.924670 -0.548807
700000 2.758889 3.002593 -0.501446
710000 1.881633 2.977277 -0.561559
720000 2.175277 2.849371 -0.581773
730000 1.693041 3.048244 -0.521858
740000 2.415048 2.986427 -0.538636
750000 2.942293 2.954261 -0.508725
760000 2.565807 3.023411 -0.509412
770000 2.620535 2.968100 -0.488381
780000 4.154992 2.843830 -0.509406
790000 4.374511 2.969524 -0.578156
800000 4.795771 3.037600 -0.540262
810000 4.397217 2.891151 -0.566956
820000 3.843295 2.986484 -0.479965
830000 4.516619 2.933275 -0.580701
840000 4.125594 2.863071 -0.604497
850000 3.383359 3.060583 -0.469535
860000 3.735235 2.953990 -0.438930
870000 4.162479 2.946440 -0.486875
880000 4.519003 3.055169 -0.651776
890000 3.306676 2.938654 -0.521572
900000 2.358569 2.970401 -0.552872
910000 2.683562 2.960247 -0.497425
920000 2.985002 2.967291 -0.444170
930000 2.088747 3.111216 -0.505720
940000 1.252639 2.899188 -0.632287
950000 1.264424 2.978271 -0.564838
960000 1.065561 2.946147 -0.545667
970000 0.869000 2.868995 -0.503853
980000 0.610775 2.971011 -0.674899
990000 0.735309 2.856025 -0.579626
1000000 0.942431 3.005335 -0.545537
1010000 1.095918 2.847796 -0.545947
1020000 1.467590 3.074262 -0.575578
1030000 1.937389 3.033977 -0.480793
1040000 1.440892 3.015022 -0.421730
1050000 1.187769 2.939798 -0.460851
1060000 1.200731 2.926427 -0.480393
1070000 0.771084 2.984042 -0.524791
1080000 0.554932 2.927933 -0.635941
1090000 0.492681 2.870074 -0.515207
1100000 0.893675 2.950282 -0.528036
1110000 1.359859 2.942701 -0.606734
1120000 1.361953 3.032331 -0.617608
1130000 1.503231 3.014226 -0.558002
1140000 1.593448 2.893549 -0.371275
1150000 1.404001 2.918132 -0.504436
1160000 1.938780 2.877903 -0.401008
1170000 2.168008 2.954166 -0.612238
1180000 2.396133 3.024626 -0.550207
1190000 2.894272 2.908096 -0.524878
1200000 2.237401 2.975713 -0.486784
1210000 2.775822 2.995152 -0.570106
1220000 2.379442 2.897669 -0.454031
1230000 3.711314 2.925931 -0.538538
1240000 4.999778 3.024576 -0.550402
1250000 4.104906 2.927695 -0.504256
1260000 3.754952 2.944906 -0.625336
1270000 4.442732 3.064790 -0.615709
1280000 4.949528 3.107807 -0.476346
1290000 4.679569 2.964557 -0.528428
1300000 4.525977 3.056673 -0.562245
1310000 3.210249 2.845229 -0.433193
1320000 3.672296 3.056035 -0.605256
1330000 3.212552 2.927750 -0.590227
1340000 2.257330 3.008241 -0.457017
1350000 2.595417 2.958417 -0.478725
1360000 3.876615 2.873750 -0.558218
1370000 4.441183 2.930994 -0.531243
1380000 4.728269 2.879446 -0.462170
1390000 5.076865 2.917850 -0.461081
1400000 4.705085 2.947615 -0.575759
1410000 4.088666 2.939656 -0.398269
1420000 3.613831 2.948186 -0.423230
1430000 3.488941 2.999864 -0.511057
1440000 2.769814 3.115845 -0.505091
1450000 3.368704 2.961099 -0.488568
1460000 4.023544 2.970390 -0.522945
1470000 4.602975 3.052510 -0.592139
1480000 4.467702 2.897184 -0.465508
1490000 4.218148 2.949513 -0.574148
1500000 3.733207 2.995368 -0.569350
1510000 2.975303 3.046139 -0.488609
1520000 1.781196 2.923392 -0.511411
1530000 2.073054 3.026912 -0.670892
1540000 1.869079 2.996047 -0.565880
1550000 1.922207 3.091272 -0.440857
1560000 2.884883 3.040845 -0.614562
1570000 2.928321 2.889405 -0.653370
1580000 3.607740 3.011671 -0.525168
1590000 3.920537 2.981766 -0.410653
1600000 4.797416 2.997568 -0.510906
1610000 4.922820 3.037996 -0.480516
1620000 4.597881 3.035854 -0.537384
1630000 5.031217 3.029458 -0.561044
1640000 3.747346 2.991397 -0.439988
1650000 3.625687 3.021132 -0.525891
1660000 3.104881 2.995674 -0.577099
1670000 2.773000 2.997079 -0.511367
1680000 3.344451 2.989682 -0.499014
1690000 4.213269 3.022836 -0.501706
1700000 4.722879 2.945686 -0.594206
1710000 4.862732 2.946288 -0.411025
1720000 3.727101 2.951232 -0.504488
1730000 2.696666 2.953600 -0.627029
1740000 2.109766 2.906096 -0.481601
1750000 1.608776 3.031381 -0.519078
1760000 1.713616 2.923484 -0.635519
1770000 1.513194 2.948250 -0.501706
1780000 1.994543 2.946451 -0.533640
1790000 2.082401 3.006059 -0.415220
1800000 2.235038 2.981781 -0.557942
1810000 3.010845 3.024213 -0.511979
1820000 3.449308 3.049914 -0.528656
1830000 4.166896 2.918826 -0.587390
1840000 4.279795 2.937960 -0.455900
1850000 4.113435 3.002637 -0.536887
1860000 2.276191 2.925772 -0.491259
1870000 2.210927 2.910381 -0.490608
1880000 2.387978 3.043447 -0.660677
1890000 2.910306 2.953994 -0.608291
1900000 2.832505 3.071573 -0.595551
1910000 2.697237 2.833542 -0.412874
1920000 2.632001 3.110485 -0.498614
1930000 3.860901 2.978814 -0.485277
1940000 4.531937 3.037505 -0.499052
1950000 4.489451 2.888386 -0.428349
1960000 4.036454 3.004287 -0.554802
1970000 4.676104 2.994741 -0.657617
1980000 4.215405 2.951443 -0.388928
1990000 3.791757 3.021450 -0.457749
2000000 3.596272 3.013239 -0.403873
2010000 3.081827 2.980076 -0.740228
2020000 3.248121 2.923118 -0.573177
2030000 3.313252 2.966169 -0.472721
2040000 3.479391 2.965690 -0.497282
2050000 3.043811 3.104404 -0.586576
2060000 2.261669 3.092090 -0.547571
2070000 2.316655 3.093657 -0.392717
2080000 1.726525 2.874132 -0.577037
2090000 1.308696 3.023430 -0.592371
2100000 1.164616 2.976673 -0.427177
2110000 1.286016 2.971127 -0.436719
2120000 0.927564 2.968346 -0.498508
2130000 1.313133 2.958003 -0.479831
2140000 1.221661 3.040059 -0.421808
2150000 1.137324 2.964867 -0.531338
2160000 1.558845 2.939689 -0.643509
2170000 1.423296 3.056292 -0.513814
2180000 1.346509 3.043775 -0.469420
2190000 1.005026 3.072730 -0.547726
2200000 0.742132 2.978340 -0.560393
2210000 1.001314 2.956996 -0.591392
2220000 0.791533 2.912837 -0.460952
2230000 0.712436 3.019099 -0.558800
2240000 0.628261 3.089677 -0.478205
2250000 0.808601 3.016934 -0.542562
2260000 0.833640 3.049013 -0.507996
2270000 0.592187 3.073320 -0.580739
2280000 0.491319 3.081997 -0.574986
2290000 0.786672 2.893489 -0.496536
2300000 1.076673 2.710660 -0.427080
2310000 1.031499 2.899909 -0.435753
2320000 1.258661 2.811890 -0.618582
2330000 1.197512 2.935656 -0.525752
2340000 1.212861 2.940150 -0.577675
2350000 1.180627 2.961773 -0.597818
2360000 0.943482 2.875006 -0.572290
2370000 1.332503 2.922766 -0.584281
2380000 1.752254 2.961503 -0.418699
2390000 1.717231 2.993924 -0.499273
2400000 1.632055 2.991711 -0.482770
2410000 1.659827 2.969228 -0.443719
2420000 1.246010 2.968457 -0.406368
2430000 1.987307 2.925232 -0.531077
2440000 2.393123 2.990544 -0.581458
2450000 1.913391 2.889694 -0.603927
2460000 2.692072 2.928830 -0.494523
2470000 2.453461 2.931665 -0.501409
2480000 3.625824 3.010092 -0.622060
2490000 3.696392 3.019052 -0.320765
2500000 4.977293 2.976639 -0.606101
2510000 5.033960 3.100560 -0.421435
2520000 3.829804 2.872177 -0.491121
2530000 3.462208 2.989413 -0.516187
2540000 2.658418 2.892756 -0.532408
2550000 3.316284 2.978099 -0.434834
2560000 3.963139 2.928238 -0.499457
2570000 4.626340 2.991511 -0.512362
2580000 4.864353 2.856297 -0.641666
2590000 3.925372 2.955243 -0.576933
2600000 4.299194 3.036905 -0.543167
2610000 3.116061 3.035429 -0.464949
2620000 3.028087 3.067064 -0.547480
2630000 2.582071 2.925104 -0.631291
2640000 3.042206 2.993187 -0.556014
2650000 2.723433 2.894807 -0.589152
2660000 2.444124 2.882146 -0.415711
2670000 2.156033 2.893971 -0.503731
2680000 2.490737 2.919499 -0.616754
2690000 3.406209 2.885155 -0.517954
2700000 3.851880 2.941975 -0.640491
2710000 3.813518 2.934817 -0.613821
2720000 4.858899 2.972974 -0.463651
2730000 4.066339 3.025294 -0.633146
2740000 4.546395 3.020968 -0.467671
2750000 3.790253 3.082996 -0.454748
2760000 3.175288 3.028122 -0.490780
2770000 2.926582 3.062609 -0.591304
2780000 1.855644 2.852199 -0.529952
2790000 1.655037 2.935115 -0.594130
2800000 2.203577 3.122078 -0.375706
2810000 2.229015 3.067927 -0.579714
2820000 1.732758 2.955474 -0.524798
2830000 1.439158 3.063345 -0.503507
2840000 1.344717 2.938780 -0.547686
2850000 1.170938 2.970595 -0.635225
2860000 1.093556 2.845471 -0.565599
2870000 1.135566 2.977920 -0.421626
2880000 1.391091 2.878786 -0.464119
2890000 1.818411 2.952587 -0.449406
2900000 1.377662 2.846005 -0.514720
2910000 1.614026 2.955328 -0.503290
2920000 1.924043 3.037371 -0.605076
2930000 1.961523 2.940336 -0.419843
2940000 2.454936 2.924327 -0.612699
2950000 2.622180 3.018872 -0.469807
2960000 3.135574 2.898899 -0.524289
2970000 3.071695 2.984103 -0.391713
2980000 3.236278 2.966231 -0.570260
2990000 3.780046 2.949592 -0.568755
3000000 4.087305 3.025880 -0.519515
3010000 4.732894 2.899977 -0.492432
3020000 4.434142 2.993738 -0.515373
3030000 4.254674 3.007916 -0.470636
3040000 4.488158 2.954444 -0.466515
3050000 5.004389 3.022045 -0.513938
3060000 4.935537 2.937579 -0.525090
3070000 4.567255 2.979296 -0.363154
3080000 4.032278 2.949389 -0.515883
3090000 4.837266 2.958982 -0.437040
3100000 4.500146 3.055645 -0.432855
3110000 3.458522 2.920154 -0.488162
3120000 3.164853 2.977683 -0.668655
3130000 3.440047 2.957691 -0.464153
3140000 2.214961 2.864477 -0.512534
3150000 2.018103 2.913717 -0.617480
3160000 2.278566 3.064788 -0.513322
3170000 3.051048 2.943001 -0.540729
3180000 3.710601 2.913491 -0.666086
3190000 4.400841 3.141391 -0.586196
3200000 4.036455 2.948851 -0.428236
3210000 3.138180 2.876963 -0.518090
3220000 3.405832 2.962027 -0.450909
3230000 4.399236 2.848779 -0.452507
3240000 3.517726 2.984498 -0.535321
3250000 2.804638 2.909517 -0.516015
3260000 2.752372 2.956856 -0.580794
3270000 2.726544 2.939251 -0.648629
3280000 3.232784 2.862562 -0.437116
3290000 4.497964 2.914587 -0.501024
3300000 3.449441 2.933975 -0.448783
3310000 4.657415 3.036059 -0.490853
3320000 4.925820 2.832005 -0.447507
3330000 4.596708 2.978609 -0.501555
3340000 4.160109 3.008693 -0.527570
3350000 3.794756 2.950415 -0.473238
3360000 4.199996 2.858807 -0.537583
3370000 4.790581 2.924226 -0.392831
3380000 4.231699 2.845981 -0.600121
3390000 3.884738 2.994628 -0.695694
3400000 3.903340 2.891239 -0.473133
3410000 4.323325 3.051224 -0.547866
3420000 5.009362 2.991253 -0.520620
3430000 4.970223 2.800913 -0.491842
3440000 4.279235 2.911440 -0.592456
3450000 3.723430 2.971714 -0.354126
3460000 3.607623 2.946022 -0.659904
3470000 2.820822 2.930790 -0.454072
3480000 2.736541 2.906144 -0.631066
3490000 2.531451 3.034269 -0.467443
3500000 2.421396 2.919797 -0.372290
3510000 2.886952 3.000088 -0.498857
3520000 2.990572 2.894737 -0.587314
3530000 3.190341 3.045695 -0.530617
3540000 3.599266 3.027660 -0.577860
3550000 2.637684 3.020172 -0.473504
3560000 2.105063 2.890058 -0.520073
3570000 1.884035 3.007909 -0.583332
3580000 1.605576 3.035799 -0.529784
3590000 1.938140 2.968241 -0.576078
3600000 1.825605 2.976876 -0.548042
3610000 1.724250 3.049522 -0.503924
3620000 1.521891 2.928456 -0.473387
3630000 2.334636 2.940731 -0.581017
3640000 2.100162 2.973451 -0.559546
3650000 2.265546 3.019396 -0.583462
3660000 2.228343 3.014616 -0.584659
3670000 2.950920 2.984843 -0.418422
3680000 3.507867 3.023107 -0.563474
3690000 3.496610 2.958442 -0.608103
3700000 4.302812 2.948952 -0.489503
3710000 3.978470 2.923739 -0.542915
3720000 3.702243 2.949662 -0.450313
3730000 2.724143 3.005013 -0.554512
3740000 2.782408 2.999513 -0.669994
3750000 3.205857 2.912551 -0.458125
3760000 3.542359 2.818044 -0.409616
3770000 3.106232 3.047935 -0.587860
3780000 2.647726 2.947616 -0.474924
3790000 2.347867 2.916483 -0.540267
3800000 2.289631 2.998988 -0.713671
3810000 1.922527 3.004499 -0.285721
3820000 1.557882 3.051376 -0.464557
3830000 1.382717 2.952657 -0.641308
3840000 1.093939 2.986029 -0.559848
3850000 0.797339 2.951522 -0.645474
3860000 0.752857 2.967194 -0.621108
3870000 0.754986 2.940239 -0.656712
3880000 0.776165 2.935657 -0.630174
3890000 0.891156 2.942293 -0.617758
3900000 1.020777 2.881824 -0.548015
3910000 1.031446 2.850543 -0.495253
3920000 1.097263 2.972984 -0.425807
3930000 1.109464 3.084812 -0.526560
3940000 1.257203 3.023971 -0.484241
3950000 1.197784 2.939157 -0.436413
3960000 1.281557 2.997045 -0.663204
3970000 1.453568 3.074537 -0.548597
3980000 1.449499 3.068843 -0.458887
3990000 1.429293 3.028343 -0.415744
4000000 1.603583 2.958303 -0.582338
