100000 4.478336 0.499710 -2.217829
110000 4.742521 0.482932 -2.109933
120000 3.679710 0.591158 -1.965311
130000 5.014015 0.508791 -1.957409
140000 4.809205 0.563292 -2.146946
150000 4.406197 0.581315 -2.202514
160000 2.875265 0.494251 -2.181944
170000 3.247715 0.512377 -2.042554
180000 2.274775 0.699223 -2.035664
190000 2.736619 0.486336 -2.089097
200000 3.458143 0.546987 -2.155848
210000 3.801345 0.302665 -2.035010
220000 3.868783 0.540641 -2.122411
230000 1.909373 0.627613 -1.936721
240000 2.185909 0.415576 -2.134585
250000 2.080143 0.569055 -2.029177
260000 2.581072 0.643197 -2.130580
270000 2.465587 0.369828 -2.176857
280000 3.559360 0.511843 -2.107020
290000 4.762884 0.565571 -2.059799
300000 3.936864 0.580170 -2.046825
310000 5.021327 0.474220 -2.170141
320000 5.042353 0.566373 -2.118106
330000 4.113966 0.384730 -1.999686
340000 3.813860 0.490976 -2.057733
350000 2.506110 0.481542 -2.051984
360000 3.752648 0.533461 -2.133625
370000 3.936446 0.544125 -2.066896
380000 3.784901 0.571082 -2.024526
390000 3.816889 0.454466 -2.037538
400000 4.852736 0.518215 -2.012750
410000 4.544332 0.502222 -2.058364
420000 3.103565 0.428103 -1.966916
430000 1.648745 0.617488 -2.044278
440000 1.600221 0.595165 -2.219588
450000 1.278217 0.459178 -2.024848
460000 1.111753 0.572184 -2.095388
470000 0.693123 0.644289 -2.177575
480000 0.888873 0.678232 -2.098621
490000 0.928326 0.525406 -2.056897
500000 0.749412 0.618612 -2.076576
510000 0.793914 0.513952 -2.070222
520000 1.406773 0.427638 -2.110503
530000 1.538948 0.506721 -2.238022
540000 1.646383 0.438936 -1.999525
550000 2.005304 0.499526 -1.966270
560000 1.626919 0.515831 -2.161701
570000 2.205601 0.459552 -2.157538
580000 1.926304 0.572987 -2.121884
590000 2.711305 0.424251 -2.140341
600000 3.454674 0.675587 -2.126718
610000 2.387418 0.521513 -2.037968
620000 2.109414 0.546516 -2.113288
630000 1.625874 0.591556 -2.245538
640000 2.834138 0.577949 -2.211273
650000 3.599660 0.503974 -2.088191
660000 4.303995 0.325869 -2.082822
670000 4.907454 0.553594 -1.992380
680000 3.009314 0.551034 -2.129764
690000 4.275140 0.484198 -2.070183
700000 4.359637 0.335405 -2.059328
710000 4.659003 0.527854 -2.121340
720000 4.754849 0.482901 -2.156453
730000 4.956517 0.405890 -2.080425
740000 4.942102 0.517528 -2.119878
750000 4.536112 0.651932 -2.084710
760000 3.826582 0.579601 -1.940905
770000 2.874619 0.511128 -2.184875
780000 2.772925 0.511401 -2.074101
790000 3.092018 0.463354 -2.102553
800000 2.688635 0.500235 -2.081447
810000 4.156248 0.660697 -2.004804
820000 3.957682 0.456982 -2.149594
830000 3.871072 0.519608 -2.070564
840000 2.886713 0.466083 -2.171295
850000 2.268130 0.472779 -2.082634
860000 2.190335 0.594847 -2.163700
870000 2.754960 0.463721 -2.068163
880000 1.994892 0.425346 -2.164464
890000 1.744203 0.563112 -2.066274
900000 1.205658 0.551537 -2.042959
910000 0.989033 0.443231 -2.085900
920000 1.669210 0.512936 -2.248131
930000 2.191680 0.461907 -1.997463
940000 2.892021 0.410483 -2.059755
950000 2.838830 0.679517 -2.073884
960000 3.956905 0.537096 -2.053542
970000 4.399754 0.482469 -2.151480
980000 4.738699 0.505064 -2.143391
990000 4.642395 0.440876 -2.106259
1000000 4.219498 0.488335 -2.189618
1010000 4.775332 0.499334 -1.982314
1020000 3.241783 0.508838 -2.190523
1030000 3.115051 0.601713 -2.153268
1040000 4.553122 0.475696 -2.109350
1050000 3.525174 0.451930 -2.131822
1060000 4.270438 0.537653 -2.018161
1070000 3.221690 0.544104 -2.132262
1080000 2.459377 0.466091 -2.150206
1090000 3.053352 0.519666 -2.054947
1100000 2.230649 0.554881 -2.170411
1110000 2.480740 0.536883 -2.152455
1120000 1.754631 0.481673 -2.021188
1130000 1.359438 0.591228 -2.100781
1140000 1.438392 0.584821 -2.078220
1150000 1.567399 0.593022 -2.054389
1160000 1.566898 0.429426 -2.169826
1170000 0.934370 0.527896 -2.179130
1180000 0.606950 0.594969 -2.097797
1190000 0.722786 0.510914 -2.190972
1200000 0.823835 0.511219 -2.113756
1210000 1.152698 0.580662 -2.187436
1220000 0.768209 0.545997 -2.020707
1230000 1.006542 0.585089 -2.137450
1240000 0.822231 0.516264 -2.137182
1250000 0.560461 0.653094 -2.226844
1260000 0.686803 0.495055 -2.148512
1270000 1.207325 0.669597 -2.202292
1280000 1.436034 0.612305 -2.243850
1290000 1.547588 0.546454 -2.203132
1300000 1.677421 0.509385 -2.186524
1310000 1.512753 0.461013 -2.122167
1320000 1.425549 0.555851 -2.138736
1330000 1.359959 0.457801 -2.211077
1340000 1.470522 0.439896 -2.067842
1350000 1.678832 0.444901 -2.069754
1360000 2.364604 0.386306 -2.105744
1370000 2.101241 0.645842 -2.054915
1380000 2.321729 0.510989 -2.021233
1390000 2.832397 0.514205 -2.090766
1400000 3.271917 0.444099 -2.089538
1410000 3.581784 0.549246 -2.049777
1420000 3.198862 0.476551 -2.136426
1430000 3.868670 0.489336 -2.022297
1440000 4.704775 0.436385 -2.078382
1450000 4.480837 0.594578 -1.975277
1460000 4.975112 0.598304 -2.005178
1470000 4.746896 0.352042 -2.117055
1480000 3.838297 0.631145 -2.076811
1490000 3.910130 0.482043 -2.117222
1500000 4.391513 0.636700 -1.992660
1510000 4.561598 0.548072 -2.067449
1520000 4.628584 0.578747 -2.173596
1530000 3.663602 0.571987 -1.994277
1540000 3.667231 0.571443 -2.154180
1550000 4.105533 0.495669 -2.172771
1560000 4.925903 0.640556 -2.168017
1570000 4.278760 0.534178 -2.133361
1580000 3.868255 0.538779 -2.048818
1590000 2.506032 0.537653 -2.090059
1600000 2.774731 0.504461 -2.068780
1610000 2.397752 0.589082 -2.035489
1620000 2.639698 0.520143 -2.177253
1630000 3.942617 0.572061 -2.064577
1640000 4.123050 0.412200 -2.083604
1650000 2.731099 0.559847 -2.111995
1660000 3.077542 0.694061 -2.054646
1670000 3.459751 0.504826 -1.990599
1680000 2.821480 0.363499 -2.207392
1690000 3.828106 0.538305 -2.115241
1700000 4.733038 0.501747 -2.127078
1710000 4.074216 0.531558 -2.229055
1720000 4.297181 0.509013 -2.016972
1730000 4.768449 0.568171 -2.147196
1740000 4.868748 0.565393 -2.204977
1750000 4.016731 0.543728 -1.946928
1760000 3.327493 0.527897 -2.023293
1770000 2.158855 0.558087 -2.167207
1780000 3.001389 0.445044 -2.134904
1790000 1.931766 0.428209 -2.178936
1800000 1.816560 0.504371 -2.043237
1810000 2.149498 0.570641 -1.989744
1820000 1.970787 0.652389 -2.101867
1830000 2.326246 0.459951 -2.187400
1840000 3.206872 0.425326 -2.020552
1850000 3.616851 0.455151 -2.060459
1860000 4.297988 0.439785 -1.980521
1870000 3.993865 0.423385 -2.049685
1880000 2.849310 0.412628 -1.994656
1890000 2.725323 0.546330 -2.003723
1900000 3.646532 0.535491 -2.044541
1910000 4.499379 0.481184 -2.172561
1920000 4.303887 0.628407 -1.934302
1930000 4.037211 0.479830 -2.197918
1940000 4.009775 0.455567 -2.108479
1950000 3.860853 0.610328 -2.151406
1960000 4.382202 0.584780 -2.093764
1970000 4.535952 0.596415 -2.037494
1980000 5.036629 0.533101 -2.144676
1990000 4.141745 0.490677 -2.040872
2000000 4.788729 0.465200 -2.266516
2010000 3.689660 0.573579 -2.076834
2020000 4.916105 0.557696 -1.914663
2030000 3.389663 0.482095 -2.142938
2040000 2.808030 0.492783 -1.979340
2050000 2.542196 0.573243 -2.078568
2060000 2.562911 0.535910 -2.180074
2070000 3.223526 0.558356 -2.036539
2080000 3.167223 0.503481 -2.302326
2090000 2.326094 0.558593 -1.906323
2100000 1.695488 0.432001 -2.194302
2110000 2.057946 0.575796 -2.036890
2120000 2.519694 0.605273 -2.151527
2130000 1.681081 0.419305 -2.083212
2140000 1.577438 0.588311 -2.036880
2150000 1.686940 0.565978 -2.105072
2160000 1.483377 0.588392 -2.011446
2170000 1.278349 0.488489 -2.041487
2180000 0.919629 0.697566 -2.163788
2190000 1.205874 0.510785 -1.903666
2200000 1.037493 0.641294 -2.092120
2210000 1.147916 0.408416 -2.112457
2220000 0.898185 0.530919 -2.095123
2230000 0.968584 0.546020 -1.996629
2240000 0.975726 0.395375 -2.098959
2250000 0.561190 0.531566 -2.216871
2260000 0.497858 0.717241 -2.271189
2270000 1.107192 0.609260 -2.125626
2280000 1.323000 0.639211 -2.080177
2290000 1.484112 0.587493 -2.015803
2300000 1.929724 0.616176 -2.164321
2310000 2.380219 0.405210 -2.013780
2320000 2.804787 0.394913 -2.244196
2330000 3.588611 0.583615 -2.107483
2340000 3.701645 0.545823 -2.029415
2350000 4.138553 0.493558 -2.170036
2360000 4.112843 0.611726 -2.151264
2370000 3.454452 0.594430 -2.049258
2380000 3.382420 0.532804 -2.130451
2390000 3.848947 0.451817 -2.038421
2400000 2.518364 0.626743 -2.112261
2410000 3.275650 0.576325 -2.196619
2420000 4.071197 0.446209 -2.147553
2430000 4.602563 0.588743 -2.083764
2440000 4.871031 0.525802 -2.164178
2450000 4.086324 0.604072 -2.240853
2460000 4.183116 0.490080 -1.979704
2470000 4.600718 0.464486 -2.160912
2480000 2.273328 0.566995 -2.119690
2490000 2.131819 0.455059 -2.088712
2500000 2.956415 0.591182 -2.047666
2510000 2.483977 0.612500 -2.099227
2520000 2.931033 0.524015 -2.107407
2530000 2.228223 0.503052 -2.104850
2540000 1.881299 0.459635 -2.057831
2550000 2.169544 0.476140 -2.093411
2560000 1.914026 0.526174 -2.011090
2570000 2.725339 0.598045 -2.188165
2580000 3.153886 0.429889 -2.126006
2590000 3.767142 0.396316 -2.002158
2600000 3.774312 0.478798 -2.120668
2610000 3.999571 0.710250 -2.020036
2620000 4.912197 0.448441 -2.199720
2630000 4.859935 0.439922 -2.136759
2640000 4.100896 0.507335 -2.157864
2650000 3.923813 0.569672 -2.136810
2660000 4.759943 0.610201 -2.140403
2670000 3.647268 0.615607 -2.150942
2680000 2.901647 0.658171 -1.961009
2690000 2.540583 0.626747 -2.090781
2700000 2.481191 0.519787 -2.130167
2710000 2.017146 0.490208 -2.082604
2720000 1.792663 0.473428 -2.118892
2730000 1.728186 0.618172 -2.114354
2740000 1.438769 0.678422 -2.139116
2750000 1.255432 0.471883 -2.237873
2760000 1.296459 0.535441 -2.182294
2770000 1.222720 0.522800 -2.268058
2780000 1.422545 0.556488 -2.158384
2790000 1.507464 0.559828 -2.148637
2800000 1.589554 0.516539 -2.085073
2810000 1.447525 0.471632 -2.034893
2820000 1.117233 0.466427 -2.217866
2830000 1.086160 0.610873 -2.103577
2840000 1.353100 0.507102 -2.102847
2850000 1.364871 0.577611 -2.032999
2860000 1.330939 0.462859 -2.118309
2870000 1.262441 0.569810 -2.198599
2880000 1.252892 0.542895 -2.099986
2890000 1.081478 0.634365 -2.110925
2900000 1.220967 0.588291 -2.112508
2910000 1.724747 0.495390 -1.993141
2920000 1.545808 0.604098 -2.118891
2930000 1.464617 0.689513 -2.105639
2940000 1.896196 0.512208 -2.081577
2950000 2.027180 0.399230 -2.177388
2960000 2.137243 0.491963 -2.162078
2970000 2.202945 0.401822 -2.143216
2980000 2.153686 0.439993 -2.076889
2990000 2.416431 0.513333 -2.164954
3000000 1.504968 0.662965 -2.280985
3010000 1.695581 0.459813 -1.975842
3020000 2.241498 0.482843 -2.034843
3030000 2.235682 0.436095 -2.039334
3040000 2.440842 0.575560 -2.066502
3050000 2.554987 0.609531 -2.093972
3060000 2.945778 0.501941 -2.122210
3070000 3.082327 0.494768 -2.133958
3080000 2.990651 0.493469 -2.055205
3090000 4.225400 0.537526 -2.011432
3100000 4.534477 0.544683 -2.190523
3110000 5.012430 0.584690 -2.117245
3120000 4.573919 0.361988 -2.058390
3130000 3.467690 0.515400 -2.084525
3140000 3.471994 0.593878 -2.114067
3150000 4.784969 0.579132 -2.064113
3160000 3.936990 0.613460 -2.117867
3170000 3.404577 0.521993 -2.090309
3180000 3.230120 0.502330 -2.023644
3190000 3.349774 0.503003 -2.065117
3200000 3.749834 0.480049 -2.026890
3210000 4.758610 0.541402 -2.123901
3220000 4.763191 0.588864 -2.034801
3230000 4.818935 0.459401 -2.032866
3240000 3.416563 0.559490 -2.179616
3250000 3.952099 0.587679 -1.948352
3260000 4.128870 0.448968 -2.228064
3270000 4.853821 0.572752 -2.135768
3280000 4.098339 0.532826 -2.143480
3290000 4.622739 0.562986 -2.137432
3300000 4.868663 0.423432 -2.078904
3310000 3.463520 0.427097 -1.870661
3320000 4.297180 0.594527 -2.087170
3330000 3.213249 0.541541 -2.098512
3340000 3.655507 0.405295 -2.163783
3350000 2.684385 0.628343 -2.142518
3360000 3.020826 0.394838 -2.013816
3370000 2.694520 0.612250 -1.993838
3380000 2.310789 0.508582 -2.107938
3390000 2.585464 0.487564 -2.090370
3400000 3.260482 0.575468 -2.121874
3410000 2.760116 0.450981 -2.052690
3420000 4.619979 0.570090 -2.224467
3430000 4.916071 0.616789 -2.016431
3440000 4.321933 0.581495 -2.128348
3450000 4.133990 0.566282 -2.185892
3460000 4.034766 0.324228 -2.106627
3470000 4.108241 0.566497 -2.116291
3480000 4.585829 0.496411 -2.008247
3490000 5.019501 0.595410 -2.017785
3500000 4.327146 0.562305 -1.967863
3510000 3.284225 0.396456 -2.266293
3520000 2.340245 0.558516 -2.092262
3530000 1.836798 0.566967 -2.153566
3540000 2.311029 0.521936 -1.990693
3550000 1.910191 0.468112 -2.108093
3560000 1.842128 0.606228 -2.253847
3570000 2.067581 0.520476 -2.040803
3580000 1.435549 0.593396 -2.123561
3590000 2.062120 0.476766 -2.160573
3600000 1.263389 0.508081 -2.123328
3610000 1.395566 0.369326 -2.218405
3620000 0.975024 0.523875 -2.075782
3630000 1.198092 0.617217 -2.090993
3640000 1.125452 0.473687 -2.112303
3650000 1.189867 0.674099 -2.160124
3660000 1.305553 0.420994 -2.320422
3670000 1.498959 0.539572 -2.122656
3680000 1.350888 0.452187 -2.140743
3690000 1.655906 0.518341 -2.131904
3700000 1.796117 0.469396 -2.071990
3710000 2.049700 0.528242 -2.078773
3720000 2.962516 0.653655 -2.070384
3730000 3.214322 0.617121 -2.059836
3740000 3.302712 0.502350 -2.079118
