100000 4.059909 0.673116 -2.731574
110000 4.500261 0.563231 -2.615806
120000 3.552039 0.601503 -2.516613
130000 3.996795 0.579288 -2.781599
140000 3.329871 0.507988 -2.514868
150000 2.138316 0.622072 -2.599531
160000 1.828479 0.520571 -2.646556
170000 2.771548 0.651012 -2.606956
180000 3.328183 0.473167 -2.547813
190000 4.577590 0.591462 -2.474684
200000 4.122051 0.608688 -2.557317
210000 3.862839 0.727227 -2.695692
220000 3.866327 0.709278 -2.662160
230000 3.474266 0.542096 -2.465887
240000 2.757829 0.485807 -2.649259
250000 1.437757 0.437089 -2.680440
260000 1.096963 0.562091 -2.645383
270000 0.850779 0.471264 -2.677203
280000 0.738328 0.363592 -2.626863
290000 0.756727 0.567987 -2.594921
300000 0.743769 0.429903 -2.531020
310000 1.626788 0.562235 -2.686076
320000 1.183948 0.593053 -2.712226
330000 1.660959 0.364467 -2.646270
340000 1.982940 0.590719 -2.739837
350000 1.692329 0.559857 -2.522130
360000 1.784264 0.584147 -2.672693
370000 1.575182 0.523721 -2.611073
380000 1.430232 0.620218 -2.588130
390000 1.235840 0.511382 -2.696462
400000 2.090008 0.549964 -2.498672
410000 2.173186 0.514296 -2.577451
420000 2.491321 0.551187 -2.761643
430000 3.495587 0.505938 -2.716380
440000 4.593982 0.557217 -2.572155
450000 3.939736 0.538455 -2.429447
460000 4.063731 0.535674 -2.492668
470000 4.487946 0.529980 -2.625204
480000 4.513004 0.603859 -2.447901
490000 4.543639 0.573994 -2.718263
500000 4.002721 0.572541 -2.602549
510000 3.204917 0.495802 -2.598292
520000 3.167466 0.485806 -2.643555
530000 2.729773 0.434971 -2.625374
540000 2.845844 0.507161 -2.613404
550000 2.570221 0.415436 -2.507269
560000 3.864183 0.507287 -2.594673
570000 4.269704 0.498049 -2.757079
580000 3.713588 0.470477 -2.713903
590000 4.799463 0.508207 -2.811533
600000 3.903468 0.652313 -2.692340
610000 3.396486 0.640442 -2.621997
620000 2.508896 0.420613 -2.606582
630000 1.875430 0.563628 -2.503308
640000 2.086191 0.455088 -2.543323
650000 2.746787 0.594721 -2.602904
660000 4.074490 0.539896 -2.656239
670000 4.607868 0.495341 -2.619997
680000 4.758624 0.423156 -2.700876
690000 4.719418 0.530247 -2.583842
700000 4.393672 0.635996 -2.573214
710000 3.290518 0.474963 -2.637075
720000 2.603286 0.555602 -2.566505
730000 2.046908 0.687969 -2.558302
740000 1.814622 0.468415 -2.602267
750000 1.310917 0.543069 -2.667180
760000 1.425147 0.558831 -2.761232
770000 1.299239 0.533982 -2.637732
780000 0.871527 0.457188 -2.726319
790000 0.887921 0.521197 -2.566055
800000 1.781225 0.505960 -2.640664
810000 1.317625 0.578365 -2.659787
820000 2.005228 0.472439 -2.670929
830000 2.190110 0.607133 -2.742966
840000 2.237144 0.569952 -2.620816
850000 2.310335 0.656950 -2.674989
860000 3.211031 0.468495 -2.566547
870000 3.208243 0.482766 -2.701114
880000 3.669040 0.582527 -2.674209
890000 3.420615 0.597724 -2.698187
900000 3.053402 0.566261 -2.585206
910000 2.609437 0.648535 -2.594217
920000 2.995427 0.450880 -2.667701
930000 4.606498 0.478239 -2.674778
940000 3.875406 0.536645 -2.565104
950000 4.678686 0.629386 -2.636304
960000 4.494239 0.343086 -2.714675
970000 3.804965 0.500810 -2.542973
980000 4.767461 0.521115 -2.591405
990000 4.947944 0.495539 -2.607624
1000000 4.828468 0.428208 -2.679623
1010000 3.501081 0.433755 -2.790097
1020000 3.568659 0.480223 -2.668361
1030000 3.736592 0.539809 -2.674474
1040000 4.446700 0.547800 -2.599569
1050000 4.393105 0.443428 -2.691474
1060000 3.730998 0.524726 -2.586741
1070000 3.926257 0.633132 -2.757959
1080000 3.276833 0.466518 -2.544265
1090000 2.621583 0.604386 -2.599281
1100000 2.699955 0.540243 -2.625894
1110000 2.932576 0.463615 -2.621167
1120000 1.946414 0.496579 -2.642887
1130000 1.577301 0.503824 -2.567968
1140000 0.946042 0.540173 -2.661566
1150000 0.590996 0.595074 -2.660378
1160000 0.850737 0.375407 -2.642719
1170000 0.883007 0.480696 -2.516949
1180000 1.227400 0.439029 -2.491992
1190000 1.385943 0.514208 -2.639064
1200000 1.713189 0.603918 -2.760903
1210000 1.480573 0.493300 -2.547566
1220000 1.799057 0.586212 -2.556549
1230000 2.130963 0.493122 -2.512956
1240000 2.191185 0.464446 -2.536860
1250000 3.186028 0.451278 -2.589580
1260000 2.953460 0.510845 -2.705505
1270000 3.702849 0.511238 -2.595895
1280000 4.742354 0.551378 -2.657944
1290000 3.846754 0.519953 -2.686289
1300000 3.910509 0.510202 -2.587318
1310000 4.501681 0.531380 -2.631312
1320000 4.677808 0.635701 -2.561515
1330000 4.529384 0.472135 -2.668342
1340000 3.860757 0.500481 -2.679730
1350000 4.290948 0.485736 -2.560164
1360000 3.447879 0.527121 -2.588860
1370000 2.592346 0.507968 -2.633193
1380000 2.503905 0.541814 -2.598263
1390000 2.649648 0.472152 -2.568809
1400000 1.781997 0.519275 -2.510685
1410000 1.528659 0.526929 -2.635086
1420000 1.263518 0.599603 -2.532648
1430000 0.981369 0.585010 -2.642592
1440000 0.544894 0.629132 -2.654398
1450000 0.500596 0.568471 -2.555155
1460000 1.029106 0.511430 -2.471345
1470000 1.021576 0.489304 -2.701652
1480000 1.204754 0.537995 -2.617084
1490000 0.821653 0.531409 -2.581049
1500000 1.224642 0.570949 -2.600961
1510000 1.073771 0.471173 -2.530497
1520000 1.455486 0.586783 -2.600257
1530000 1.221005 0.478626 -2.638501
1540000 1.107253 0.397277 -2.620960
1550000 0.713824 0.463021 -2.700253
1560000 0.612384 0.496122 -2.643507
1570000 0.763282 0.541660 -2.618622
1580000 0.864631 0.501052 -2.597457
1590000 0.749892 0.629224 -2.545033
1600000 0.813787 0.461503 -2.562655
1610000 0.774700 0.469631 -2.480120
1620000 2.048234 0.523204 -2.628335
1630000 1.853855 0.504311 -2.774340
1640000 2.179888 0.559550 -2.647691
1650000 2.195578 0.520915 -2.511930
1660000 1.592581 0.561442 -2.702447
1670000 1.801565 0.591605 -2.643176
1680000 2.752871 0.453923 -2.683440
1690000 2.819936 0.427768 -2.705674
1700000 3.326770 0.597658 -2.753906
1710000 3.791225 0.648220 -2.606970
1720000 3.746393 0.514207 -2.606016
1730000 3.915737 0.492874 -2.602729
1740000 4.890246 0.522542 -2.678022
1750000 4.922634 0.332749 -2.618891
1760000 4.143090 0.486114 -2.606090
1770000 4.361280 0.652744 -2.657021
1780000 4.253460 0.499657 -2.539436
1790000 4.288834 0.544080 -2.666252
1800000 3.577740 0.685743 -2.601042
1810000 3.870399 0.613664 -2.612936
1820000 3.165337 0.480699 -2.546611
1830000 3.107413 0.580559 -2.563440
1840000 3.148180 0.518875 -2.676072
1850000 2.801450 0.470462 -2.642586
1860000 2.551283 0.564174 -2.544914
1870000 3.077271 0.425374 -2.548269
1880000 3.240506 0.471974 -2.632032
1890000 2.108067 0.550081 -2.711385
1900000 1.997940 0.438724 -2.594228
1910000 2.492044 0.568711 -2.566474
1920000 2.217264 0.574342 -2.578453
1930000 2.442519 0.548560 -2.733492
1940000 3.369761 0.423903 -2.576359
1950000 4.070105 0.398587 -2.692594
1960000 3.990217 0.478050 -2.699305
1970000 4.717460 0.558447 -2.600879
1980000 4.896524 0.501177 -2.488032
1990000 4.746187 0.537667 -2.682720
2000000 4.945315 0.448355 -2.666493
2010000 5.045681 0.471107 -2.631168
2020000 4.890223 0.495524 -2.712071
2030000 4.791675 0.551447 -2.554461
2040000 3.208951 0.617440 -2.674625
2050000 3.002661 0.442940 -2.594203
2060000 2.848805 0.474630 -2.602944
2070000 3.904791 0.548512 -2.614632
2080000 3.904853 0.479349 -2.560914
2090000 2.631833 0.604534 -2.565834
2100000 2.581352 0.568971 -2.549946
2110000 2.802548 0.496234 -2.636548
2120000 3.462584 0.531605 -2.506326
2130000 3.761313 0.550611 -2.536361
2140000 3.788133 0.553031 -2.673450
2150000 3.516118 0.502269 -2.742184
2160000 4.052586 0.533144 -2.648148
2170000 4.676747 0.573745 -2.634695
2180000 4.424323 0.556445 -2.590189
2190000 4.523655 0.453252 -2.661293
2200000 3.916004 0.581793 -2.708532
2210000 4.086563 0.592450 -2.557704
2220000 4.641049 0.495577 -2.586700
2230000 4.554905 0.361559 -2.541996
2240000 4.560835 0.396355 -2.429804
2250000 3.953148 0.522651 -2.618920
2260000 3.471841 0.580982 -2.606393
2270000 3.974985 0.625375 -2.601823
2280000 3.140238 0.593220 -2.553103
2290000 3.161215 0.465697 -2.656041
2300000 2.706945 0.519138 -2.627092
2310000 2.585401 0.582655 -2.662759
2320000 2.159856 0.395585 -2.497581
2330000 2.268698 0.430721 -2.676449
2340000 2.418725 0.546639 -2.609286
2350000 1.721435 0.485415 -2.497036
2360000 1.921041 0.593623 -2.591705
2370000 1.581538 0.439549 -2.673549
2380000 1.669914 0.479127 -2.612225
2390000 1.644068 0.492076 -2.630211
2400000 1.676804 0.615713 -2.578187
2410000 1.395795 0.549619 -2.636906
2420000 1.283857 0.579404 -2.703580
2430000 1.352691 0.457040 -2.798604
2440000 1.784991 0.589096 -2.628481
2450000 2.393780 0.495734 -2.579638
2460000 2.612404 0.495934 -2.610160
2470000 3.923335 0.454616 -2.635352
2480000 3.147758 0.594058 -2.642126
2490000 2.498626 0.512256 -2.583476
2500000 2.831236 0.530481 -2.541656
2510000 3.478905 0.489416 -2.635612
2520000 3.887552 0.474587 -2.555248
2530000 3.747123 0.546555 -2.534493
2540000 4.698817 0.474168 -2.567130
2550000 4.878699 0.551239 -2.726461
2560000 4.827272 0.422414 -2.608096
2570000 4.231907 0.542955 -2.605404
2580000 3.234797 0.526294 -2.562808
2590000 2.237571 0.574250 -2.585279
2600000 2.528969 0.547126 -2.545843
2610000 2.703603 0.698741 -2.587364
2620000 3.338891 0.505417 -2.753855
2630000 2.113643 0.557942 -2.716566
2640000 2.242121 0.525888 -2.645134
2650000 2.042557 0.456181 -2.792035
2660000 2.046039 0.484631 -2.629913
2670000 2.154140 0.492643 -2.651201
2680000 1.721628 0.499407 -2.724713
2690000 1.951720 0.435962 -2.604213
2700000 2.035839 0.604563 -2.610102
2710000 1.591150 0.595842 -2.583892
2720000 1.835696 0.594302 -2.704378
2730000 2.219942 0.463896 -2.599028
2740000 2.487253 0.515385 -2.637160
2750000 1.837143 0.486221 -2.741029
2760000 1.769732 0.484496 -2.600511
2770000 1.760234 0.672361 -2.419244
2780000 1.345894 0.532081 -2.587767
2790000 1.386670 0.507489 -2.704606
2800000 1.406223 0.545148 -2.547701
2810000 1.335404 0.610083 -2.628353
2820000 1.191337 0.648330 -2.613118
2830000 1.104513 0.611533 -2.583935
2840000 1.606465 0.433577 -2.595856
2850000 1.609214 0.589205 -2.562756
2860000 1.857126 0.490531 -2.688588
2870000 1.944758 0.600033 -2.667649
2880000 3.012364 0.489532 -2.686515
2890000 3.320982 0.549454 -2.707178
2900000 3.505871 0.452723 -2.598694
2910000 3.198289 0.698805 -2.676785
2920000 3.032599 0.445245 -2.649808
2930000 3.496525 0.480606 -2.545280
2940000 4.702903 0.530681 -2.629690
2950000 4.949236 0.465952 -2.619767
2960000 4.202557 0.511074 -2.534113
2970000 4.431148 0.579601 -2.471562
2980000 4.208459 0.533253 -2.626608
2990000 4.380232 0.635459 -2.719399
3000000 4.239578 0.555671 -2.590027
3010000 2.749136 0.419272 -2.721427
3020000 2.612566 0.652026 -2.635828
3030000 2.343982 0.550250 -2.691665
3040000 2.837706 0.470223 -2.683584
3050000 2.348996 0.497194 -2.682835
3060000 2.337575 0.434556 -2.557532
3070000 3.407720 0.592219 -2.647558
3080000 3.542740 0.491544 -2.485408
3090000 4.920518 0.387454 -2.577407
3100000 4.696009 0.563288 -2.754505
3110000 4.663989 0.528255 -2.718119
3120000 4.960269 0.570971 -2.623152
3130000 5.038380 0.570396 -2.564374
3140000 4.360189 0.377039 -2.584710
3150000 3.997432 0.603094 -2.520628
3160000 3.546667 0.514755 -2.638582
3170000 2.435987 0.506243 -2.621771
3180000 3.022576 0.572851 -2.635057
3190000 3.224863 0.560619 -2.528421
3200000 4.650503 0.522664 -2.625927
3210000 4.627371 0.640397 -2.535096
3220000 4.012307 0.459095 -2.618852
3230000 3.673659 0.642421 -2.582502
3240000 4.207313 0.555712 -2.628384
3250000 4.776385 0.507287 -2.634908
3260000 4.910104 0.309641 -2.505786
3270000 4.480523 0.508269 -2.648641
3280000 4.287387 0.494479 -2.749499
3290000 3.285043 0.418810 -2.596063
3300000 2.998926 0.505205 -2.593055
3310000 2.734151 0.489226 -2.574911
3320000 2.802336 0.538166 -2.625727
3330000 3.010228 0.516374 -2.637692
3340000 3.333616 0.534771 -2.580961
3350000 3.566505 0.426081 -2.496911
3360000 4.817667 0.501493 -2.580924
3370000 4.534775 0.623964 -2.818471
3380000 3.711092 0.548790 -2.615587
3390000 4.008429 0.440844 -2.636840
3400000 2.854122 0.369225 -2.607343
3410000 2.554386 0.446405 -2.502859
3420000 2.886385 0.612306 -2.497321
3430000 3.189878 0.610981 -2.664611
3440000 2.477549 0.611240 -2.626895
3450000 2.398121 0.459543 -2.636229
3460000 1.948698 0.635695 -2.739744
3470000 2.344408 0.671595 -2.696453
3480000 2.020310 0.576654 -2.597440
3490000 2.709758 0.405760 -2.558277
3500000 1.802071 0.563464 -2.563872
3510000 1.315189 0.535317 -2.581557
3520000 1.088243 0.638190 -2.534631
3530000 1.314725 0.473318 -2.736816
3540000 1.405436 0.555212 -2.541302
3550000 1.280263 0.442576 -2.553255
3560000 1.342054 0.425507 -2.494638
3570000 1.522374 0.524292 -2.619037
3580000 1.537942 0.647002 -2.517484
3590000 1.411439 0.478275 -2.549959
3600000 0.868537 0.644258 -2.426710
3610000 0.934732 0.595699 -2.716472
