100000 3.247093 0.302952 -3.058940
110000 3.291616 0.538970 -2.892265
120000 2.876299 0.484837 -2.911333
130000 3.401798 0.661965 -2.815559
140000 4.253669 0.604437 -2.949002
150000 4.785650 0.434380 -3.044107
160000 5.032454 0.510447 -2.954467
170000 4.133396 0.574271 -3.011230
180000 3.757657 0.569537 -2.855585
190000 4.247903 0.475669 -2.937285
200000 4.258102 0.529682 -3.029732
210000 3.015104 0.502666 -3.141035
220000 1.774759 0.410413 -2.970341
230000 1.517384 0.575811 -2.869843
240000 2.533035 0.492969 -2.891059
250000 3.329260 0.518210 -2.931388
260000 1.998271 0.551632 -2.888660
270000 1.264727 0.588585 -2.943933
280000 1.054208 0.561725 -2.899535
290000 0.995782 0.682874 -2.942085
300000 1.298014 0.680064 -3.004631
310000 1.116918 0.588702 -2.894693
320000 1.460216 0.544688 -2.956730
330000 1.817842 0.517654 -3.017325
340000 1.785053 0.488788 -2.939585
350000 2.118542 0.565658 -2.993921
360000 2.399783 0.626613 -2.839175
370000 2.985268 0.511969 -2.949900
380000 2.815947 0.400449 -2.986231
390000 3.460627 0.576693 -2.920812
400000 2.096265 0.465130 -2.999314
410000 3.840773 0.543799 -2.882670
420000 4.787367 0.508976 -3.044599
430000 4.103240 0.486241 -2.931083
440000 4.716670 0.463419 -2.927939
450000 3.517300 0.650645 -2.853274
460000 4.200310 0.610326 -3.032760
470000 3.113388 0.403151 -3.011321
480000 3.303442 0.561003 -2.925584
490000 4.447693 0.519608 -2.927509
500000 4.794295 0.404799 -2.941863
510000 4.494953 0.533708 -2.926509
520000 5.021687 0.593700 -2.888157
530000 3.466754 0.448563 -3.068710
540000 3.690903 0.480184 -2.752004
550000 4.480775 0.456256 -3.005890
560000 3.573971 0.633165 -3.053036
570000 2.571986 0.411111 -2.947795
580000 1.550550 0.594122 -2.961961
590000 0.748506 0.481273 -2.936560
600000 0.848689 0.528940 -3.038742
610000 0.760712 0.496257 -2.910253
620000 0.944867 0.457146 -2.929976
630000 1.235786 0.553045 -3.016869
640000 0.756922 0.457106 -2.903127
650000 1.133247 0.572674 -2.983520
660000 0.854654 0.515271 -2.820769
670000 1.369570 0.462901 -3.081034
680000 1.908971 0.592692 -3.087491
690000 2.538135 0.576980 -2.954739
700000 2.948008 0.478844 -2.910674
710000 1.704124 0.584501 -3.004274
720000 2.117488 0.534951 -2.929038
730000 1.880603 0.428663 -3.028190
740000 2.575038 0.485727 3.141342
750000 3.353291 0.565724 -2.902882
760000 3.566888 0.628239 -3.004372
770000 3.052342 0.554102 -2.967251
780000 4.440463 0.463322 -3.048112
790000 3.644276 0.444453 -3.019929
800000 3.793607 0.477103 -2.985039
810000 2.970643 0.627339 -2.883089
820000 2.921748 0.397350 -3.063847
830000 2.504816 0.492596 -2.875836
840000 3.350690 0.552399 -2.974411
850000 4.426399 0.527285 -2.890032
860000 4.412681 0.658839 -2.935861
870000 4.887303 0.525366 -3.063163
880000 4.105953 0.583379 -3.038918
890000 4.491193 0.532113 -2.912343
900000 4.819814 0.530579 -2.943095
910000 4.904080 0.586625 -3.079144
920000 3.705318 0.561032 -2.947739
930000 4.298018 0.471912 -2.999993
940000 4.778266 0.403446 -2.828812
950000 3.541876 0.466476 -2.762962
960000 2.952778 0.595103 -2.838543
970000 2.306667 0.540023 -2.886466
980000 2.482828 0.572991 -2.925152
990000 3.192180 0.609042 -2.992225
1000000 3.632786 0.657317 -2.908601
1010000 2.652643 0.684911 -3.041735
1020000 2.313664 0.562085 -2.913861
1030000 1.602091 0.415929 -2.943061
1040000 1.722530 0.492868 -2.865364
1050000 1.880493 0.573123 -3.053494
1060000 1.688114 0.557481 -2.904236
1070000 1.196911 0.597474 -3.042781
1080000 1.478776 0.497379 -3.087716
1090000 1.030702 0.536067 -2.985111
1100000 1.065774 0.371123 -2.991603
1110000 0.985206 0.530134 -2.893054
1120000 1.251230 0.483435 -3.031680
1130000 1.622881 0.449112 -2.722896
1140000 1.448207 0.392651 -3.017621
1150000 1.852520 0.668922 -2.941500
1160000 1.720986 0.663107 -2.955200
1170000 1.290614 0.523402 -3.060606
1180000 1.489689 0.514318 -2.991399
1190000 0.757974 0.511192 -2.989328
1200000 0.916981 0.490902 -3.021539
1210000 0.810718 0.591322 -3.003665
1220000 1.035153 0.491930 -2.980398
1230000 1.047857 0.452130 -3.018031
1240000 1.118144 0.461920 -2.935065
1250000 1.309921 0.465193 -3.073578
1260000 1.184658 0.445640 -2.998765
1270000 1.250924 0.582741 -3.008305
1280000 2.044152 0.532107 -3.024052
1290000 2.221999 0.565878 -3.021311
1300000 2.628320 0.522278 -3.021848
1310000 2.658167 0.461987 -3.045413
1320000 2.700546 0.565217 -2.890956
1330000 3.302230 0.571057 -2.947990
1340000 4.016957 0.474204 -2.992278
1350000 3.322654 0.555742 -3.014002
1360000 4.399547 0.438772 -2.900106
1370000 4.004583 0.464410 -3.015520
1380000 3.947485 0.661266 -2.823473
1390000 4.743135 0.520711 -2.996296
1400000 4.277991 0.554784 -2.958144
1410000 4.534656 0.497943 -3.079074
1420000 3.705828 0.524130 -2.852029
1430000 3.675353 0.562791 -2.943239
1440000 3.179183 0.515277 -2.905202
1450000 2.385266 0.525882 -3.034078
1460000 2.321794 0.491251 -2.863161
1470000 2.186360 0.511410 -2.977132
1480000 2.116492 0.521033 -2.975626
1490000 1.845165 0.558044 -2.991455
1500000 1.878938 0.540936 -3.053880
1510000 1.683091 0.643753 -2.972616
1520000 2.413672 0.403814 -3.077874
1530000 3.210780 0.566052 -2.898649
1540000 3.599167 0.405346 -2.986933
1550000 4.543434 0.577183 -2.955721
1560000 4.184854 0.386331 -3.032865
1570000 3.687232 0.539680 -2.870179
1580000 3.081035 0.648139 -2.919453
1590000 3.192985 0.443336 -2.999154
1600000 4.230139 0.512801 -2.916266
1610000 4.952393 0.547410 -2.938994
1620000 4.919211 0.529236 -2.925452
1630000 4.957915 0.428197 -2.941529
1640000 4.199143 0.530312 -3.008995
1650000 4.403911 0.576568 -3.016622
1660000 5.009160 0.497034 -2.975033
1670000 4.476388 0.498250 -3.007490
1680000 4.181869 0.610387 -2.815068
1690000 3.682293 0.492851 -2.773568
1700000 4.880263 0.462721 -3.013557
1710000 4.844187 0.411334 -2.889685
1720000 4.827500 0.565090 -2.951798
1730000 4.776909 0.398068 -2.913352
1740000 4.428434 0.480692 -3.016034
1750000 3.454719 0.579592 -3.020135
1760000 2.761948 0.513551 -2.830339
1770000 2.964808 0.518452 -2.918363
1780000 3.299671 0.458043 3.120463
1790000 4.030680 0.393807 -3.129493
1800000 2.785949 0.524000 -3.076729
1810000 2.325245 0.453021 -2.900837
1820000 2.140391 0.386946 -2.958754
1830000 2.533612 0.389793 -2.908398
1840000 3.023712 0.540327 -3.030088
1850000 3.379360 0.575779 -3.024678
1860000 3.346732 0.526037 -3.072610
1870000 3.698723 0.544241 -3.038365
1880000 2.647127 0.522650 -3.136377
1890000 1.995280 0.481332 -2.988959
1900000 1.694262 0.506523 -2.885258
1910000 1.725364 0.541970 -3.048644
1920000 2.209201 0.534687 -3.009254
1930000 2.328646 0.481926 -2.940770
1940000 1.570886 0.443829 -2.925599
1950000 1.501814 0.475376 -2.985487
1960000 1.702608 0.678664 -2.904689
1970000 1.907592 0.436542 -3.041642
1980000 1.363485 0.520786 -2.934609
1990000 1.302994 0.460505 -2.989530
2000000 1.084068 0.571599 -2.913152
2010000 0.875247 0.533965 -2.931300
2020000 0.898870 0.544012 -3.018485
2030000 0.773908 0.517053 -3.009445
2040000 1.038753 0.551432 -3.025383
2050000 0.861811 0.558559 -2.926291
2060000 0.612156 0.553563 -2.839089
2070000 0.505984 0.530320 -2.923379
2080000 0.511600 0.488875 -2.904305
2090000 0.633284 0.532574 -2.823641
2100000 0.702849 0.428446 -2.917931
2110000 0.754252 0.491461 -2.965226
2120000 0.812136 0.562234 -2.965232
2130000 0.816270 0.610668 -2.845509
2140000 0.728977 0.606118 -2.908564
2150000 1.068317 0.535317 -2.972094
2160000 1.962514 0.457749 -3.058685
2170000 2.119034 0.668266 -2.890423
2180000 2.727113 0.557713 -3.022460
2190000 2.899307 0.372420 -3.033425
2200000 4.472580 0.424349 -2.765851
2210000 4.658060 0.559163 -2.898468
2220000 4.166980 0.609446 -3.056003
2230000 3.445657 0.538586 -3.077320
2240000 3.907299 0.536787 -2.972662
2250000 2.964683 0.537398 -2.966357
2260000 2.180355 0.551858 -2.933025
2270000 3.022571 0.506233 -2.991588
2280000 2.936371 0.515959 -2.940534
2290000 4.744716 0.573064 -2.913401
2300000 4.039827 0.476882 -2.941362
2310000 4.992817 0.568049 -2.966796
2320000 4.969473 0.557973 -3.083601
2330000 5.007291 0.548745 -2.965975
2340000 4.667407 0.543020 -2.948114
2350000 4.811468 0.488251 -3.072354
2360000 3.962230 0.419743 -3.049714
2370000 4.728578 0.492077 -2.834158
2380000 3.883934 0.527145 -3.064062
2390000 3.484729 0.615706 -3.046711
2400000 2.814027 0.435520 -2.981589
2410000 3.561076 0.561635 -3.039397
2420000 2.772992 0.610852 -3.017825
2430000 2.034627 0.545974 -3.063268
2440000 2.328783 0.546659 -3.038035
2450000 2.057861 0.458212 -3.064941
2460000 2.501319 0.367006 -3.058250
2470000 2.549049 0.539921 -2.975756
2480000 3.127737 0.545606 -2.923000
2490000 3.044465 0.514659 -2.938826
2500000 3.965885 0.677527 -2.993632
2510000 3.354752 0.527801 -3.002326
2520000 4.464466 0.503962 -3.038691
2530000 5.028019 0.486489 -2.972613
2540000 4.549422 0.588670 -2.938436
2550000 4.201792 0.464328 -2.922702
2560000 3.850789 0.612795 -2.860284
2570000 2.906159 0.536787 -3.019951
2580000 3.116581 0.562848 -2.943451
2590000 2.288770 0.495528 -3.067464
2600000 2.203706 0.536986 -3.115089
2610000 1.743807 0.489159 -2.935827
2620000 1.908524 0.565639 -2.953869
2630000 2.044287 0.597097 -3.054466
2640000 2.203556 0.542837 -2.980034
2650000 3.235899 0.624958 -3.040075
2660000 3.840289 0.574016 -2.898322
2670000 3.829583 0.490832 -3.022465
2680000 4.090961 0.551761 -2.886877
2690000 4.410715 0.595040 -3.117458
2700000 5.004557 0.476887 -3.011173
2710000 4.285182 0.514047 -3.108005
2720000 4.941890 0.567186 -2.948298
2730000 4.637968 0.643299 -2.993842
2740000 4.620552 0.506209 -2.908774
2750000 4.960223 0.627704 -2.914431
2760000 4.221810 0.464745 -2.849967
2770000 3.346198 0.502769 -2.981169
2780000 3.215695 0.607636 -2.964404
2790000 2.665768 0.437262 -3.009761
2800000 3.244302 0.567345 -3.032916
2810000 2.110541 0.501503 -2.850178
2820000 1.798656 0.485049 -3.040002
2830000 1.675527 0.451578 -2.991112
2840000 2.178406 0.580324 -2.994692
2850000 2.413629 0.540221 -2.970416
2860000 1.891022 0.585635 -2.912208
2870000 1.346621 0.433576 -3.057722
2880000 1.532547 0.574013 -3.007498
2890000 0.985228 0.574626 -2.982021
2900000 1.105573 0.575138 -2.988747
2910000 1.261562 0.423705 -2.927083
2920000 1.533137 0.510433 -3.025661
2930000 1.440084 0.568233 -2.935453
2940000 1.223003 0.606668 -2.890185
2950000 1.697013 0.510387 -3.103219
2960000 1.580838 0.497491 -2.968289
2970000 1.237110 0.581109 -2.943222
2980000 1.148825 0.495031 -2.864739
2990000 1.025104 0.525436 -2.930289
3000000 1.106405 0.546270 -2.884633
3010000 1.000380 0.579002 -3.000419
3020000 0.957432 0.517637 -2.911182
3030000 1.208825 0.524050 -2.931122
3040000 1.276595 0.567629 -2.838680
3050000 0.889406 0.572454 -3.021045
3060000 0.890009 0.381891 -3.077698
3070000 0.813969 0.425795 -3.059294
3080000 0.792717 0.541850 -2.920857
3090000 1.167972 0.512513 -2.892116
3100000 1.254294 0.510503 -3.006702
3110000 1.524091 0.678781 -2.775185
3120000 1.857704 0.578071 -2.999910
3130000 2.090865 0.465630 -3.100649
3140000 2.092695 0.508774 -2.949935
3150000 2.159690 0.522233 -2.903019
3160000 1.828851 0.674949 -3.058806
3170000 1.625869 0.560956 -3.079371
3180000 1.784073 0.670467 -3.065674
3190000 1.871531 0.535875 -3.093723
3200000 1.669872 0.448610 -2.932413
3210000 1.681031 0.568759 -2.946247
3220000 1.567464 0.591906 -2.807504
3230000 1.846316 0.450746 -3.008312
3240000 1.862948 0.566258 -2.965139
3250000 2.342979 0.520416 -2.844721
3260000 2.542355 0.541462 -3.029569
3270000 3.802839 0.457237 -2.893554
3280000 3.833457 0.566121 -2.965609
3290000 4.049414 0.530529 -3.107712
3300000 3.901969 0.493118 -2.985570
3310000 4.092216 0.509572 -2.941690
3320000 3.116780 0.732609 -2.970117
3330000 2.905762 0.624384 -2.958272
3340000 4.968602 0.547818 -2.896718
3350000 4.799880 0.401197 -2.997671
3360000 4.430348 0.689079 -2.964994
3370000 3.493680 0.526178 -2.972916
3380000 4.921261 0.563903 -2.838297
3390000 4.635599 0.504687 -2.931016
3400000 4.675290 0.480741 -2.978837
3410000 4.083521 0.580471 -2.908887
3420000 4.059402 0.467867 -3.015749
3430000 4.412188 0.451480 -2.973012
3440000 4.588757 0.580653 -2.926215
3450000 4.118716 0.596741 -2.897791
3460000 2.845270 0.528009 -2.957036
3470000 3.198153 0.600479 -2.963080
3480000 3.068649 0.508587 -3.068243
3490000 2.467908 0.614614 -2.938252
3500000 2.579138 0.509136 -2.915502
3510000 2.679779 0.607669 -3.050484
3520000 3.064175 0.615599 -3.025799
3530000 3.678237 0.562756 -3.002203
3540000 3.127392 0.461049 -2.889091
3550000 3.310662 0.559247 -3.088696
3560000 3.478277 0.585364 -2.950541
3570000 2.803880 0.595345 -2.991331
3580000 2.130997 0.464302 -2.889740
3590000 2.590847 0.469971 -2.954758
3600000 3.204870 0.380915 -2.964910
3610000 2.521796 0.424178 -2.869800
3620000 2.423713 0.467150 -2.988356
3630000 2.260613 0.634623 -2.913080
3640000 2.384968 0.659637 -2.979779
3650000 3.793315 0.576345 -2.953369
3660000 3.127196 0.381375 -3.001239
3670000 3.629494 0.413789 -2.995247
3680000 4.238153 0.524927 -2.998796
3690000 4.682207 0.565895 -2.905209
3700000 4.188955 0.719703 -3.015848
3710000 4.982804 0.411004 -2.922422
3720000 4.734222 0.677083 -2.921932
3730000 3.905830 0.356959 -2.964156
3740000 4.535901 0.551121 -2.952250
3750000 4.245419 0.611251 -3.040867
3760000 4.215958 0.441779 -2.929531
3770000 4.100756 0.552921 -2.904306
3780000 4.162347 0.614433 -2.952428
3790000 4.386735 0.504742 -2.905487
3800000 3.893890 0.519075 -2.903467
3810000 3.671951 0.599529 -3.017431
3820000 3.848910 0.641791 -2.965191
3830000 3.161226 0.572315 -3.049868
3840000 2.907424 0.375090 -2.905384
3850000 3.010708 0.578113 -2.918668
