100000 2.445320 0.206165 0.818070
110000 3.438110 0.298776 0.890584
120000 3.359493 0.343660 0.891769
130000 2.044692 0.368065 0.968331
140000 1.944610 0.248334 0.842108
150000 1.639219 0.510515 0.932898
160000 1.309202 0.307805 0.786259
170000 1.071184 0.311984 0.823493
180000 1.635685 0.349662 0.850686
190000 2.237816 0.393674 0.779632
200000 3.529045 0.333918 0.907525
210000 3.534151 0.396542 0.740595
220000 4.528944 0.340832 0.903375
230000 4.233549 0.433611 0.798753
240000 3.643956 0.382869 1.008470
250000 4.360733 0.381067 0.730079
260000 4.057677 0.393337 0.988753
270000 2.796508 0.405999 0.835748
280000 3.256199 0.227353 0.800860
290000 2.486610 0.448447 0.836474
300000 2.787641 0.360449 0.819951
310000 3.363045 0.420217 0.886728
320000 4.050366 0.347076 0.878397
330000 4.650576 0.277924 0.875202
340000 3.287504 0.281516 0.919065
350000 3.980232 0.268859 0.982244
360000 2.974771 0.441612 0.967343
370000 2.340779 0.322256 0.904692
380000 2.110192 0.248230 0.790762
390000 2.285783 0.397272 0.819448
400000 2.744135 0.250491 0.880115
410000 3.440881 0.333901 0.863215
420000 3.788329 0.462287 0.919932
430000 2.756297 0.376097 0.934112
440000 2.618610 0.313077 0.741524
450000 3.219324 0.383068 0.932993
460000 3.797940 0.263583 0.828077
470000 4.631407 0.279049 0.859884
480000 4.927870 0.394305 0.887716
490000 3.947915 0.343333 0.766977
500000 4.478531 0.256207 0.899197
510000 3.824252 0.274389 0.838213
520000 3.382145 0.391753 0.848606
530000 2.176949 0.425041 0.909668
540000 1.812490 0.439998 0.849334
550000 1.784248 0.374683 0.848529
560000 1.536656 0.243686 0.846371
570000 1.882030 0.316138 0.869517
580000 1.102256 0.419397 0.902166
590000 1.146602 0.351627 0.875942
600000 1.127701 0.538659 0.843153
610000 1.157489 0.313109 0.866836
620000 1.166442 0.323744 1.018684
630000 0.936934 0.342906 0.920986
640000 0.924965 0.134619 0.832462
650000 1.438933 0.234829 0.867930
660000 1.427067 0.399976 0.820084
670000 1.460355 0.335521 0.746441
680000 2.153752 0.292259 0.909457
690000 1.673634 0.328017 0.958651
700000 2.211105 0.243489 0.882022
710000 2.652471 0.398663 0.817959
720000 3.689624 0.265261 0.872502
730000 3.418866 0.282153 0.868971
740000 4.929095 0.230951 0.940286
750000 4.699464 0.234045 0.960136
760000 4.452447 0.237006 0.843815
770000 4.648835 0.262179 0.941632
780000 5.036734 0.317400 0.894121
790000 3.994927 0.283559 0.849772
800000 3.555744 0.342630 0.827157
810000 3.897172 0.412155 0.943519
820000 4.190694 0.392518 0.993272
830000 4.324620 0.348253 0.773412
840000 3.781403 0.279190 0.796479
850000 4.872971 0.431394 0.846247
860000 4.433378 0.324048 0.970582
870000 3.341699 0.454624 0.898634
880000 3.505187 0.368598 0.956008
890000 3.915579 0.253482 0.914672
900000 2.547620 0.338355 0.931882
910000 1.987390 0.185983 0.927953
920000 2.329562 0.484124 0.780424
930000 1.763305 0.208819 0.890781
940000 1.707433 0.383652 0.976756
950000 2.047463 0.280041 1.004492
960000 2.980823 0.232867 0.979926
970000 2.735393 0.315802 0.719466
980000 2.276867 0.256180 0.906376
990000 1.866058 0.224035 0.887524
1000000 1.436036 0.498062 0.791785
1010000 1.963932 0.521034 0.966852
1020000 1.494679 0.341640 0.842342
1030000 1.047799 0.215317 0.816288
1040000 0.841069 0.423360 0.956008
1050000 1.142875 0.402093 0.872471
1060000 0.562296 0.090125 0.761395
1070000 0.853069 0.273417 0.892590
1080000 1.004374 0.287542 0.844263
1090000 1.274241 0.316167 0.682832
1100000 1.101397 0.323462 0.964899
1110000 1.453130 0.272629 0.842223
1120000 1.724012 0.362480 0.941649
1130000 1.470136 0.257999 0.806200
1140000 1.415721 0.408782 0.866105
1150000 1.474609 0.359945 0.713164
1160000 1.056354 0.322814 0.834815
1170000 0.983544 0.373832 0.885847
1180000 1.040585 0.398768 0.899688
1190000 1.200822 0.304345 0.775268
1200000 1.509316 0.396372 0.797649
1210000 2.045249 0.257076 0.772215
1220000 2.052117 0.423677 0.881824
1230000 2.083722 0.386949 0.870972
1240000 2.484796 0.263039 0.841528
1250000 2.270037 0.309172 0.952562
1260000 2.749767 0.315283 0.983494
1270000 3.301409 0.376720 0.976654
1280000 3.469449 0.276196 0.812940
1290000 3.904777 0.284227 0.862379
1300000 4.416939 0.363252 0.772227
1310000 4.295532 0.342517 0.711163
1320000 3.072549 0.261170 0.869840
1330000 3.106371 0.419457 0.822120
1340000 4.010502 0.483531 0.758585
1350000 4.631639 0.236420 0.883210
1360000 4.526859 0.364953 0.823090
1370000 5.030683 0.203513 0.866387
1380000 3.761911 0.486961 0.901125
1390000 2.902580 0.346943 0.955533
1400000 2.440187 0.359522 0.874275
1410000 2.542476 0.347090 0.996027
1420000 2.775872 0.395566 0.930579
1430000 3.368244 0.480220 0.951307
1440000 4.563224 0.366039 0.832615
1450000 4.554977 0.370632 0.839911
1460000 4.884476 0.342776 0.897083
1470000 5.007750 0.369436 0.758228
1480000 4.747018 0.367468 0.895447
1490000 3.463898 0.438621 0.871572
1500000 2.593232 0.303946 0.810724
1510000 3.148052 0.429703 0.815465
1520000 3.072829 0.394201 0.996461
1530000 3.958881 0.427380 0.624802
1540000 4.076404 0.155219 0.788614
1550000 4.702484 0.381607 0.853365
1560000 4.328941 0.281431 0.847543
1570000 4.274365 0.310859 0.924595
1580000 3.791402 0.332697 0.795895
1590000 3.486896 0.328581 0.940977
1600000 3.409051 0.477431 0.848639
1610000 2.627997 0.258967 0.863694
1620000 2.834346 0.281318 0.887104
1630000 3.319154 0.453469 0.802229
1640000 3.890657 0.321714 0.882497
1650000 3.362990 0.340178 0.863456
1660000 4.377442 0.381935 0.781478
1670000 4.102887 0.417353 0.922488
1680000 4.716468 0.291624 0.928282
1690000 3.910871 0.433130 0.865547
1700000 3.260562 0.443837 0.766417
1710000 3.300148 0.436150 1.064438
1720000 3.788415 0.454437 0.921336
1730000 2.909513 0.384996 0.886895
1740000 2.890405 0.354171 0.908677
1750000 3.150212 0.389519 0.830034
1760000 2.631802 0.267690 0.821984
1770000 2.571955 0.297484 0.974452
1780000 2.316545 0.377546 0.794045
1790000 1.755553 0.408580 0.879283
1800000 1.762197 0.379711 0.949340
1810000 1.705686 0.336678 0.842912
1820000 1.645421 0.218999 0.940251
1830000 1.933572 0.357661 0.854560
1840000 2.191629 0.269623 1.035790
1850000 2.206756 0.453567 0.917689
1860000 2.492020 0.274923 0.719022
1870000 1.767432 0.291122 0.888067
1880000 1.547744 0.290124 0.901342
1890000 1.240421 0.355269 0.789043
1900000 1.086602 0.340955 0.974900
1910000 0.898067 0.348263 0.859604
1920000 1.085650 0.398350 0.870394
1930000 1.033120 0.395886 0.887375
1940000 1.237046 0.470852 0.904923
1950000 1.307533 0.344399 0.761274
1960000 1.498421 0.390309 0.933082
1970000 1.444621 0.420184 0.874078
1980000 1.427877 0.438192 1.025726
1990000 1.697482 0.272919 0.970593
2000000 1.809074 0.269635 0.837949
2010000 1.689319 0.412811 0.802950
2020000 1.422955 0.324031 0.951428
2030000 0.965075 0.291263 0.956036
2040000 0.963555 0.362210 0.785421
2050000 1.154071 0.372566 0.878152
2060000 1.377242 0.476130 0.941184
2070000 1.289970 0.406367 0.919811
2080000 0.720746 0.335580 0.964632
2090000 0.865453 0.307659 0.851047
2100000 0.898230 0.274703 0.856185
2110000 1.416168 0.256660 0.879671
2120000 1.965591 0.350938 0.793667
2130000 2.656371 0.439956 0.892757
2140000 3.176154 0.346811 1.017882
2150000 3.487129 0.403133 0.875886
2160000 4.348852 0.435227 0.729048
2170000 4.495831 0.201240 0.870986
2180000 4.225659 0.333189 0.914798
2190000 4.383023 0.333363 0.820018
2200000 4.607470 0.342618 0.952707
2210000 4.223836 0.376193 0.897140
2220000 3.580652 0.251177 0.875086
2230000 2.663488 0.197410 0.843876
2240000 2.483437 0.254484 0.825606
2250000 3.401305 0.315701 0.912657
2260000 3.405132 0.226365 0.798085
2270000 3.712836 0.336252 0.945840
2280000 3.885971 0.523659 0.830670
2290000 4.110748 0.386382 0.925400
2300000 4.864056 0.257199 0.869683
2310000 4.722063 0.385421 0.915139
2320000 4.542526 0.454568 0.831691
2330000 4.600316 0.330010 0.930561
2340000 4.161957 0.292366 0.926180
2350000 4.520025 0.405717 0.897732
2360000 4.789680 0.279036 0.935406
2370000 3.266887 0.224933 0.905973
2380000 3.442149 0.344633 0.882102
2390000 2.488539 0.484506 0.837404
2400000 2.907521 0.482831 0.887291
2410000 2.316823 0.247335 0.819057
2420000 3.184052 0.095406 0.853202
2430000 2.733841 0.465577 0.849723
2440000 3.365369 0.282105 0.953666
2450000 3.876851 0.347164 0.767446
2460000 3.326675 0.342206 0.933325
2470000 3.037049 0.439345 0.940212
2480000 2.942758 0.392700 0.905596
2490000 4.779354 0.342777 0.902010
2500000 4.427409 0.415335 0.729968
2510000 4.987839 0.324979 0.948550
2520000 4.343445 0.335900 0.871805
2530000 3.659996 0.355615 0.893093
2540000 4.678051 0.327757 0.857167
2550000 4.820470 0.382740 0.997930
2560000 3.933260 0.472029 0.828393
2570000 3.343498 0.391070 0.858269
2580000 3.441063 0.413723 0.843327
2590000 2.792760 0.351082 0.945960
2600000 2.668600 0.337936 0.765636
2610000 1.971757 0.267237 0.853340
2620000 2.035878 0.404097 0.854248
2630000 2.097477 0.321755 0.918519
2640000 2.615403 0.295728 0.847100
2650000 3.259740 0.319792 0.800501
2660000 4.286384 0.326474 0.824482
2670000 3.141990 0.264799 0.968846
2680000 4.099219 0.416243 0.772429
2690000 4.300637 0.355940 0.926077
2700000 4.708504 0.450198 0.880018
2710000 3.767148 0.454798 0.942821
2720000 3.411944 0.355326 0.817332
2730000 2.411071 0.402131 0.930211
2740000 1.883882 0.329545 0.922446
2750000 2.132103 0.304052 0.860835
2760000 2.290379 0.265803 0.839080
2770000 2.513825 0.466817 0.814740
2780000 2.841025 0.374856 0.972598
2790000 3.621672 0.418992 0.913242
2800000 4.684289 0.385137 0.893777
2810000 4.767365 0.454368 0.851901
2820000 4.784712 0.462108 0.785014
2830000 4.048998 0.225079 0.842299
2840000 4.620159 0.405013 0.824699
2850000 4.578941 0.583401 0.869575
2860000 4.674676 0.405028 0.938140
2870000 4.722881 0.357623 0.848694
2880000 4.880721 0.336581 0.810661
2890000 5.052102 0.314460 0.936295
2900000 4.610463 0.248185 0.816603
2910000 5.028783 0.344676 0.796796
2920000 4.945287 0.321856 0.852817
2930000 3.947357 0.401839 0.945026
2940000 3.730933 0.366259 0.905897
2950000 3.375226 0.392484 0.844994
2960000 3.293315 0.455508 0.850713
2970000 2.651054 0.334491 0.859524
2980000 3.458278 0.310377 0.797639
2990000 4.272659 0.366515 0.808929
3000000 3.700722 0.434411 0.911196
3010000 3.936865 0.423182 0.863083
3020000 3.649211 0.260117 0.821901
3030000 4.356985 0.272955 0.858954
3040000 4.328712 0.334119 0.964725
3050000 4.286253 0.398663 1.045956
3060000 4.701146 0.411387 0.711525
3070000 4.420992 0.333815 0.814934
3080000 4.100454 0.448467 0.833460
3090000 4.155726 0.305118 0.831626
3100000 4.075900 0.330496 0.867797
3110000 3.259500 0.422560 0.795315
3120000 2.222537 0.310524 0.891808
3130000 2.128156 0.416248 0.871534
3140000 2.108956 0.465923 0.867877
3150000 1.817792 0.449485 0.948949
3160000 1.657961 0.321625 0.891176
3170000 1.782550 0.384735 0.915628
3180000 2.348204 0.241711 0.746373
3190000 2.637302 0.244943 0.938691
3200000 2.177888 0.190722 0.861601
3210000 2.774236 0.394229 0.820708
3220000 2.504941 0.197512 0.866476
3230000 2.549454 0.394043 1.000209
3240000 2.257988 0.326632 0.881093
3250000 2.787491 0.216947 0.847605
3260000 3.331187 0.291510 0.974294
3270000 2.885938 0.412492 0.814654
3280000 3.283522 0.312925 0.802317
3290000 2.988356 0.355832 0.864027
3300000 2.709044 0.324389 0.937797
3310000 2.149541 0.276690 0.824484
3320000 2.008082 0.432112 0.873335
3330000 1.872428 0.367679 0.887265
3340000 1.982231 0.498349 0.823420
3350000 2.032614 0.319370 0.879432
3360000 2.397410 0.506767 0.873562
3370000 2.145649 0.396065 0.866327
3380000 1.994743 0.380388 1.002020
3390000 2.908846 0.243949 0.854935
3400000 3.427062 0.477694 0.794454
3410000 3.835759 0.377208 0.867985
3420000 3.896264 0.393877 0.754209
3430000 3.932400 0.504452 0.978422
3440000 3.274366 0.316540 0.843175
3450000 4.569648 0.426697 0.861365
3460000 3.898562 0.330491 0.919385
3470000 4.180716 0.345371 0.932418
3480000 3.887196 0.320027 0.844660
3490000 4.256234 0.231768 0.816327
3500000 4.560420 0.262494 0.841732
3510000 3.843966 0.288102 0.994621
3520000 4.324755 0.339027 0.755730
3530000 4.070088 0.361688 0.839177
3540000 3.120405 0.410655 0.876664
3550000 3.530981 0.275110 0.843446
