100000 3.936477 0.271605 0.642026
110000 4.555532 0.438011 0.635031
120000 2.821802 0.247271 0.510803
130000 1.428727 0.242822 0.378683
140000 1.265647 0.382225 0.454492
150000 1.645164 0.340089 0.492850
160000 0.983009 0.399928 0.445198
170000 1.073554 0.465061 0.404230
180000 1.482229 0.341650 0.457842
190000 2.164077 0.303189 0.500811
200000 2.385717 0.341792 0.522744
210000 3.004870 0.356424 0.593401
220000 2.243716 0.281652 0.648599
230000 2.369417 0.439067 0.515816
240000 1.766725 0.310949 0.495606
250000 1.615038 0.257317 0.497487
260000 1.541124 0.433778 0.565616
270000 2.296413 0.358672 0.618335
280000 3.213939 0.370807 0.480463
290000 4.499606 0.339177 0.450331
300000 4.562508 0.281345 0.528239
310000 4.654598 0.239752 0.591188
320000 4.021700 0.459127 0.540944
330000 3.453000 0.380449 0.586377
340000 3.641133 0.304295 0.647210
350000 3.295157 0.320303 0.377893
360000 4.628434 0.417743 0.455610
370000 4.398309 0.328825 0.496911
380000 2.924025 0.270410 0.391828
390000 2.712223 0.315469 0.491266
400000 3.095372 0.263268 0.468143
410000 3.406668 0.336861 0.496593
420000 4.759742 0.187467 0.513963
430000 4.929130 0.340906 0.537170
440000 3.644210 0.365543 0.521692
450000 3.055585 0.410036 0.503875
460000 2.243880 0.335696 0.570403
470000 2.175264 0.390767 0.500447
480000 1.654695 0.408963 0.491917
490000 1.285048 0.466697 0.569899
500000 1.546342 0.300213 0.441336
510000 2.167023 0.367884 0.453308
520000 2.423983 0.284640 0.509390
530000 2.551976 0.184205 0.545336
540000 3.292499 0.407666 0.408602
550000 3.530281 0.312610 0.541240
560000 3.326771 0.501590 0.613592
570000 4.516703 0.304361 0.397351
580000 4.227800 0.431641 0.471928
590000 4.605420 0.348324 0.554145
600000 3.809987 0.433433 0.554969
610000 4.545901 0.280057 0.474834
620000 4.892867 0.404870 0.495560
630000 4.362746 0.320387 0.628798
640000 4.484673 0.370950 0.696522
650000 3.444243 0.315717 0.533120
660000 2.658468 0.350509 0.517149
670000 2.898390 0.372325 0.546738
680000 2.958544 0.323220 0.687832
690000 3.792465 0.438790 0.459791
700000 4.312957 0.379146 0.563760
710000 3.467994 0.260227 0.512732
720000 3.827735 0.279591 0.498235
730000 2.694274 0.409855 0.517170
740000 2.640577 0.393125 0.416181
750000 1.893340 0.498016 0.546100
760000 1.547047 0.411866 0.464249
770000 1.477310 0.353946 0.520692
780000 1.805215 0.468821 0.528888
790000 2.208287 0.357771 0.599989
800000 2.271482 0.396066 0.642009
810000 2.707496 0.439545 0.739121
820000 3.240546 0.408382 0.398340
830000 2.954637 0.206079 0.539712
840000 2.914339 0.415868 0.419545
850000 2.318190 0.419470 0.633859
860000 1.822142 0.301993 0.379462
870000 1.836995 0.367817 0.543557
880000 1.323880 0.416141 0.573011
890000 1.585345 0.344902 0.584851
900000 1.823174 0.340646 0.466525
910000 2.353277 0.326823 0.540009
920000 2.110818 0.220917 0.403286
930000 2.667607 0.284513 0.447768
940000 3.358310 0.404811 0.571673
950000 3.856358 0.236510 0.539886
960000 4.534432 0.335829 0.655572
970000 3.513221 0.340741 0.483156
980000 3.472926 0.430677 0.465809
990000 4.849294 0.308388 0.686407
1000000 3.998678 0.372713 0.471833
1010000 5.019748 0.263891 0.450550
1020000 4.429787 0.396608 0.483772
1030000 4.918651 0.430301 0.555328
1040000 4.442293 0.365923 0.670652
1050000 3.695763 0.414256 0.652187
1060000 4.835355 0.276103 0.553019
1070000 4.218944 0.417523 0.501771
1080000 3.269264 0.240913 0.465420
1090000 2.898551 0.384616 0.391989
1100000 3.562705 0.308917 0.513930
1110000 2.921576 0.337113 0.546951
1120000 2.500973 0.380144 0.667421
1130000 2.626545 0.322320 0.456380
1140000 2.014324 0.290782 0.609109
1150000 2.598925 0.360612 0.564931
1160000 2.130929 0.429826 0.430252
1170000 2.298320 0.407445 0.459813
1180000 3.068244 0.398506 0.531950
1190000 3.882984 0.300177 0.394548
1200000 4.249062 0.332333 0.433093
1210000 4.538732 0.261397 0.426686
1220000 3.772739 0.279872 0.501673
1230000 4.743393 0.499969 0.469553
1240000 3.520063 0.420262 0.610489
1250000 4.183994 0.392973 0.533498
1260000 4.737976 0.350243 0.377239
1270000 4.038589 0.304558 0.609076
1280000 3.002906 0.378934 0.523654
1290000 3.455130 0.218700 0.578892
1300000 3.871821 0.350135 0.579428
1310000 3.092843 0.303474 0.542699
1320000 2.234537 0.326503 0.497097
1330000 2.867545 0.277996 0.587971
1340000 2.562895 0.344483 0.537494
1350000 3.203356 0.360691 0.494293
1360000 4.019248 0.424080 0.539245
1370000 4.462235 0.278843 0.513496
1380000 5.022459 0.313437 0.569538
1390000 4.213812 0.365878 0.562702
1400000 3.726970 0.356382 0.494285
1410000 3.244178 0.273841 0.483362
1420000 2.922862 0.364588 0.479085
1430000 3.345486 0.390336 0.463775
1440000 3.810012 0.464802 0.595525
1450000 2.499925 0.337647 0.457378
1460000 2.390756 0.386447 0.553548
1470000 1.791194 0.469890 0.566041
1480000 1.692198 0.403752 0.606707
1490000 2.186519 0.427191 0.499843
1500000 2.155065 0.387207 0.560600
1510000 2.599009 0.277877 0.608831
1520000 2.468237 0.384299 0.462170
1530000 2.136729 0.214798 0.465868
1540000 2.201935 0.386637 0.537323
1550000 1.493170 0.345614 0.478775
1560000 1.172039 0.491393 0.555266
1570000 1.304733 0.281817 0.449327
1580000 1.246235 0.229897 0.556569
1590000 1.547911 0.431860 0.594831
1600000 1.824733 0.351560 0.486821
1610000 1.434287 0.480749 0.438046
1620000 1.856673 0.328713 0.502300
1630000 1.642164 0.277877 0.545815
1640000 1.681946 0.249468 0.537283
1650000 1.643137 0.302206 0.584738
1660000 2.050080 0.412180 0.435788
1670000 2.149452 0.451641 0.640360
1680000 2.447008 0.321713 0.535520
1690000 2.438392 0.403430 0.587593
1700000 2.596029 0.357230 0.564845
1710000 3.076109 0.363124 0.459768
1720000 3.027239 0.442103 0.525524
1730000 3.202716 0.344399 0.674794
1740000 4.032585 0.259140 0.584014
1750000 3.778071 0.348923 0.483877
1760000 4.766943 0.303672 0.443613
1770000 5.002554 0.432445 0.499017
1780000 4.870657 0.464830 0.554477
1790000 4.360127 0.174141 0.565797
1800000 4.413557 0.241109 0.439411
1810000 3.465575 0.256924 0.484969
1820000 3.903871 0.312896 0.553091
1830000 4.470735 0.393140 0.431209
1840000 3.647611 0.204680 0.542487
1850000 3.462689 0.333393 0.516576
1860000 3.692976 0.269221 0.412862
1870000 3.470039 0.440221 0.646253
1880000 2.984298 0.336277 0.588342
1890000 2.521031 0.421763 0.556874
1900000 2.453534 0.421493 0.594816
1910000 2.491587 0.358325 0.578657
1920000 2.418609 0.401645 0.577037
1930000 3.132841 0.435309 0.479922
1940000 3.723358 0.288882 0.648468
1950000 4.996573 0.433184 0.489393
1960000 4.528311 0.465172 0.490899
1970000 4.745303 0.358212 0.466638
1980000 3.877586 0.421678 0.594309
1990000 3.653254 0.279725 0.560362
2000000 4.526074 0.515893 0.611951
2010000 4.375135 0.453455 0.618889
2020000 3.813914 0.492707 0.538141
2030000 4.991173 0.420661 0.392116
2040000 4.973578 0.344296 0.508777
2050000 4.653947 0.302582 0.506618
2060000 4.223176 0.448045 0.476374
2070000 3.763024 0.342169 0.554973
2080000 4.165449 0.259379 0.449355
2090000 3.255186 0.230129 0.363752
2100000 3.535495 0.396754 0.516587
2110000 2.967688 0.253585 0.562452
2120000 3.542167 0.410264 0.479902
2130000 3.667059 0.349859 0.599510
2140000 3.712667 0.313289 0.561470
2150000 4.034934 0.367189 0.615400
2160000 4.667595 0.312617 0.625162
2170000 4.937129 0.359147 0.590020
2180000 4.986982 0.402487 0.541494
2190000 4.440357 0.354325 0.545266
2200000 3.762989 0.354519 0.457417
2210000 3.564639 0.367366 0.505921
2220000 3.324402 0.381710 0.402558
2230000 2.879386 0.201361 0.513597
2240000 2.029246 0.431485 0.604093
2250000 2.204927 0.393477 0.546033
2260000 2.119085 0.374697 0.569964
2270000 2.509503 0.371750 0.487687
2280000 2.659597 0.198484 0.398743
2290000 2.336984 0.398433 0.461129
2300000 2.969347 0.412740 0.596640
2310000 2.950831 0.326680 0.326219
2320000 3.075827 0.461175 0.548512
2330000 1.942217 0.288056 0.642272
2340000 1.933922 0.283550 0.568011
2350000 2.690129 0.419253 0.598103
2360000 2.573116 0.353010 0.563938
2370000 2.337530 0.321800 0.510519
2380000 1.590049 0.338220 0.578726
2390000 1.377017 0.287556 0.446246
2400000 1.447510 0.395123 0.489461
2410000 1.496294 0.469154 0.639482
2420000 1.396060 0.362563 0.583006
2430000 0.777329 0.493523 0.461631
2440000 0.753798 0.300257 0.481379
2450000 0.933598 0.291259 0.503194
2460000 1.225088 0.233267 0.531133
2470000 1.235842 0.345841 0.474790
2480000 1.294406 0.368356 0.452262
2490000 1.644106 0.297238 0.589379
2500000 1.849319 0.268858 0.532983
2510000 1.532777 0.369848 0.590010
2520000 1.607991 0.381965 0.662557
2530000 1.402136 0.402739 0.550148
2540000 1.366333 0.317830 0.563027
2550000 1.400943 0.142654 0.611734
2560000 1.384162 0.242490 0.647416
2570000 1.560790 0.346336 0.506343
2580000 1.742894 0.339893 0.452610
2590000 1.901086 0.345304 0.565409
2600000 1.839348 0.387486 0.522261
2610000 2.291656 0.409796 0.541243
2620000 2.591155 0.394316 0.508836
2630000 2.989429 0.275152 0.564219
2640000 3.668871 0.300702 0.392639
2650000 3.726488 0.251660 0.517470
2660000 4.366849 0.345428 0.451042
2670000 4.471441 0.299621 0.495463
2680000 4.772896 0.214271 0.566704
2690000 4.391509 0.371863 0.524231
2700000 4.926427 0.392577 0.580857
2710000 4.103243 0.239357 0.560196
2720000 3.662960 0.513468 0.558273
2730000 2.918557 0.397592 0.503096
2740000 3.893498 0.419653 0.547907
2750000 4.147485 0.347280 0.634572
2760000 4.401672 0.394357 0.555649
2770000 3.487915 0.491474 0.529108
2780000 2.484461 0.408663 0.497824
2790000 3.545162 0.335533 0.421933
2800000 4.654046 0.304756 0.526748
2810000 4.923079 0.412250 0.527085
2820000 4.796359 0.236820 0.531274
2830000 5.019203 0.430498 0.564906
2840000 3.598228 0.253162 0.458922
2850000 3.672825 0.422668 0.462427
2860000 2.583362 0.274970 0.585538
2870000 2.945425 0.279947 0.523946
2880000 3.148957 0.410950 0.549463
2890000 4.017981 0.359864 0.471273
2900000 4.846791 0.344761 0.577239
2910000 4.036336 0.384336 0.514180
2920000 3.707894 0.246877 0.475642
2930000 3.028448 0.267228 0.478546
2940000 2.957752 0.292388 0.453429
2950000 2.599424 0.438889 0.503560
2960000 2.636691 0.245814 0.461158
2970000 2.074893 0.361666 0.414110
2980000 2.069097 0.320702 0.505243
2990000 2.920822 0.258862 0.525102
3000000 2.991311 0.365787 0.469543
3010000 4.075461 0.421488 0.482562
3020000 3.770508 0.468668 0.383521
3030000 4.585419 0.337666 0.515360
3040000 4.566242 0.341104 0.413640
3050000 4.550190 0.323701 0.430845
3060000 3.970618 0.384271 0.564576
3070000 3.382152 0.357982 0.527592
3080000 3.805537 0.301754 0.499897
3090000 3.445476 0.264132 0.458708
3100000 3.715124 0.307661 0.466548
3110000 3.535230 0.309688 0.578939
3120000 4.622115 0.421584 0.556657
3130000 4.747898 0.357144 0.563414
3140000 5.023897 0.246042 0.446680
3150000 4.487049 0.298004 0.607523
3160000 4.940988 0.471526 0.409640
3170000 4.238223 0.433901 0.471688
3180000 3.973203 0.427769 0.542398
3190000 3.272130 0.324586 0.587867
3200000 2.740514 0.428368 0.473286
3210000 2.968179 0.439053 0.503289
3220000 3.390969 0.340810 0.540913
3230000 3.752920 0.307977 0.581591
3240000 4.354377 0.272659 0.544738
3250000 4.644882 0.329564 0.517999
3260000 4.628760 0.348967 0.660191
3270000 4.551191 0.313959 0.544804
3280000 3.449820 0.343377 0.412066
3290000 2.217618 0.312848 0.407280
3300000 2.113355 0.282895 0.525546
3310000 1.871235 0.400092 0.482379
3320000 2.618142 0.391816 0.478067
3330000 2.711227 0.392983 0.512793
3340000 3.462554 0.354532 0.542979
3350000 2.674011 0.388564 0.551016
3360000 2.506007 0.382915 0.591642
3370000 2.943056 0.334811 0.446313
3380000 2.447222 0.427142 0.525115
3390000 1.958664 0.304824 0.642864
3400000 1.778079 0.458468 0.467092
3410000 1.939939 0.394245 0.661076
3420000 2.279367 0.347666 0.364894
3430000 2.822354 0.373063 0.441197
3440000 2.915648 0.265506 0.467221
3450000 2.233613 0.385606 0.582479
3460000 2.433270 0.402295 0.428627
3470000 2.726333 0.409397 0.594587
