100000 2.977063 0.238313 -0.285558
110000 3.841490 0.278859 -0.353708
120000 4.389286 0.272911 -0.272858
130000 3.876918 0.360994 -0.401981
140000 3.706260 0.353046 -0.354041
150000 2.857540 0.522129 -0.467545
160000 2.109522 0.317299 -0.436063
170000 2.346973 0.384740 -0.262881
180000 1.945683 0.442035 -0.467129
190000 3.026178 0.392574 -0.318597
200000 2.746364 0.490778 -0.306370
210000 3.598133 0.425224 -0.516044
220000 4.326078 0.357269 -0.417169
230000 4.891625 0.311567 -0.278351
240000 3.874106 0.473339 -0.436082
250000 2.983797 0.452437 -0.330001
260000 3.575365 0.365523 -0.447817
270000 4.844547 0.330568 -0.355734
280000 4.973287 0.398738 -0.392063
290000 4.812553 0.381232 -0.323392
300000 4.946078 0.381568 -0.255337
310000 3.674417 0.329531 -0.330977
320000 2.927897 0.489279 -0.379174
330000 2.685844 0.343904 -0.361897
340000 3.409304 0.165731 -0.450117
350000 2.210156 0.288809 -0.315036
360000 2.971947 0.302903 -0.410124
370000 1.265728 0.327925 -0.422990
380000 1.291631 0.357883 -0.466225
390000 1.599963 0.398362 -0.419492
400000 1.203815 0.310394 -0.287387
410000 0.777034 0.551763 -0.356526
420000 0.707093 0.368528 -0.324964
430000 1.185944 0.420211 -0.326912
440000 0.690519 0.330690 -0.268700
450000 1.260402 0.433710 -0.341012
460000 1.074551 0.315378 -0.459649
470000 1.257655 0.285055 -0.257674
480000 0.807741 0.347725 -0.430401
490000 1.126574 0.340809 -0.349538
500000 1.844396 0.323916 -0.451187
510000 2.038160 0.502430 -0.398132
520000 2.220603 0.383847 -0.387774
530000 2.495352 0.409812 -0.421162
540000 3.649710 0.395029 -0.237845
550000 4.498621 0.447423 -0.481544
560000 4.828198 0.373035 -0.263111
570000 4.325278 0.261844 -0.484839
580000 4.728725 0.368892 -0.297444
590000 4.689498 0.354019 -0.434317
600000 4.258702 0.473394 -0.451022
610000 2.860026 0.577565 -0.394977
620000 3.285240 0.336817 -0.498611
630000 2.513487 0.300405 -0.348591
640000 2.380391 0.270827 -0.310524
650000 3.909605 0.287968 -0.273296
660000 3.575626 0.399934 -0.202089
670000 4.541659 0.268478 -0.303555
680000 3.832631 0.351454 -0.396836
690000 2.881670 0.367349 -0.360609
700000 2.678398 0.380331 -0.512812
710000 1.526885 0.349743 -0.224883
720000 1.674854 0.335176 -0.290724
730000 2.195643 0.294334 -0.431993
740000 2.413679 0.402719 -0.308232
750000 2.486762 0.344080 -0.313601
760000 2.144566 0.324275 -0.410888
770000 3.159356 0.357634 -0.256615
780000 4.125749 0.246696 -0.342489
790000 4.862917 0.322289 -0.229742
800000 4.757075 0.354708 -0.463961
810000 3.441150 0.351376 -0.348144
820000 3.126185 0.406222 -0.432132
830000 4.761571 0.417298 -0.263211
840000 4.892559 0.338218 -0.456230
850000 4.425591 0.304957 -0.445826
860000 3.971000 0.405466 -0.357504
870000 4.935158 0.341988 -0.316084
880000 3.811908 0.333847 -0.334322
890000 2.664941 0.300470 -0.426398
900000 4.108248 0.392287 -0.412137
910000 2.971116 0.341073 -0.404899
920000 2.295908 0.296342 -0.374380
930000 2.502812 0.226836 -0.268466
940000 1.789006 0.213048 -0.313054
950000 1.632551 0.327858 -0.152439
960000 1.395028 0.480216 -0.339760
970000 1.227857 0.299691 -0.442615
980000 1.377211 0.311680 -0.389299
990000 1.469934 0.376058 -0.237808
1000000 1.577455 0.275888 -0.333958
1010000 0.925218 0.305634 -0.410088
1020000 0.867926 0.369103 -0.305013
1030000 0.622501 0.300321 -0.377274
1040000 0.849971 0.262834 -0.371217
1050000 0.868658 0.408201 -0.294119
1060000 1.142425 0.327926 -0.325007
1070000 1.210417 0.398662 -0.265016
1080000 1.288167 0.309376 -0.370341
1090000 1.579638 0.370207 -0.323258
1100000 1.871812 0.377618 -0.311285
1110000 2.049791 0.354614 -0.420715
1120000 2.177389 0.422311 -0.266676
1130000 2.069427 0.307776 -0.405520
1140000 1.654351 0.368576 -0.346224
1150000 2.296975 0.488022 -0.447389
1160000 2.409960 0.454252 -0.411236
1170000 2.246844 0.268330 -0.351422
1180000 3.178952 0.306380 -0.361981
1190000 2.808095 0.385210 -0.289621
1200000 3.186981 0.477940 -0.306332
1210000 4.124143 0.445872 -0.271906
1220000 4.474240 0.460217 -0.226017
1230000 4.276845 0.448504 -0.228035
1240000 3.965843 0.319883 -0.354252
1250000 3.442057 0.430789 -0.323431
1260000 3.014167 0.386658 -0.254281
1270000 3.622017 0.188253 -0.349230
1280000 3.580711 0.238008 -0.277926
1290000 2.704833 0.337088 -0.313821
1300000 2.785473 0.368657 -0.373562
1310000 3.333987 0.382859 -0.376393
1320000 4.637790 0.223304 -0.237063
1330000 5.041764 0.359335 -0.338480
1340000 4.333213 0.296290 -0.322285
1350000 3.966420 0.453437 -0.359650
1360000 4.868616 0.475861 -0.367375
1370000 4.862461 0.303287 -0.318192
1380000 4.326614 0.246839 -0.363850
1390000 3.779335 0.369389 -0.497327
1400000 3.287863 0.318167 -0.329448
1410000 2.761330 0.419989 -0.338677
1420000 2.165849 0.373673 -0.413778
1430000 2.289027 0.336163 -0.305812
1440000 3.021760 0.572044 -0.376798
1450000 4.025389 0.362123 -0.272129
1460000 4.349578 0.529962 -0.382024
1470000 3.749947 0.359546 -0.305081
1480000 2.812063 0.364306 -0.365011
1490000 2.018946 0.194553 -0.446770
1500000 1.822693 0.316052 -0.138871
1510000 2.235552 0.467384 -0.268573
1520000 1.413807 0.438868 -0.427361
1530000 1.586754 0.314847 -0.340224
1540000 1.438365 0.247161 -0.459353
1550000 1.480275 0.253518 -0.317416
1560000 1.481345 0.299970 -0.374805
1570000 1.411762 0.486330 -0.347546
1580000 1.188748 0.332101 -0.302570
1590000 1.228690 0.370042 -0.296438
1600000 1.212256 0.317810 -0.239930
1610000 1.189001 0.288923 -0.446099
1620000 1.406737 0.485503 -0.351395
1630000 1.639515 0.406910 -0.234722
1640000 1.855284 0.328220 -0.295755
1650000 2.081268 0.417673 -0.283631
1660000 2.479898 0.396795 -0.328148
1670000 3.539736 0.328462 -0.237831
1680000 3.849036 0.462528 -0.443905
1690000 4.457429 0.254579 -0.399318
1700000 4.616690 0.322269 -0.409086
1710000 4.959223 0.280040 -0.309486
1720000 3.979759 0.418345 -0.341161
1730000 4.056020 0.283744 -0.372869
1740000 3.153356 0.277954 -0.447468
1750000 3.995355 0.329652 -0.431097
1760000 4.001194 0.380416 -0.349571
1770000 2.635824 0.295873 -0.310020
1780000 2.781785 0.400007 -0.234701
1790000 3.683226 0.356842 -0.242761
1800000 4.928530 0.314212 -0.291468
1810000 4.684727 0.390506 -0.298044
1820000 4.377352 0.370746 -0.256531
1830000 5.012398 0.426874 -0.367102
1840000 4.093034 0.282881 -0.293251
1850000 4.958802 0.245478 -0.398893
1860000 4.980528 0.439804 -0.267227
1870000 4.959381 0.289172 -0.197400
1880000 4.982084 0.228481 -0.319025
1890000 3.882167 0.173612 -0.263284
1900000 3.025230 0.208164 -0.324956
1910000 2.758542 0.334399 -0.365489
1920000 3.723791 0.386547 -0.280409
1930000 3.199988 0.287077 -0.431905
1940000 2.567921 0.292241 -0.451137
1950000 3.154020 0.415437 -0.259223
1960000 2.353947 0.344124 -0.323598
1970000 2.570489 0.381621 -0.324777
1980000 2.100386 0.283272 -0.386693
1990000 2.250994 0.336882 -0.280130
2000000 1.784244 0.351181 -0.507773
2010000 2.132738 0.293608 -0.338401
2020000 1.781333 0.406414 -0.334849
2030000 1.454226 0.511496 -0.230338
2040000 1.369473 0.457884 -0.193575
2050000 1.568920 0.205460 -0.397427
2060000 1.685370 0.375992 -0.323413
2070000 1.784237 0.318177 -0.338606
2080000 1.816822 0.301401 -0.432632
2090000 2.223043 0.311418 -0.215214
2100000 2.265161 0.324311 -0.276332
2110000 2.940378 0.297802 -0.295518
2120000 2.445521 0.450301 -0.410550
2130000 3.590874 0.378408 -0.353464
2140000 3.699258 0.416209 -0.306938
2150000 4.198343 0.348317 -0.386074
2160000 4.411956 0.354292 -0.294751
2170000 4.454212 0.338627 -0.399035
2180000 4.944248 0.314716 -0.317759
2190000 4.427975 0.420957 -0.289087
2200000 3.968151 0.267271 -0.211770
2210000 3.141116 0.331066 -0.373235
2220000 2.702007 0.459648 -0.329003
2230000 2.777368 0.355096 -0.584186
2240000 2.112685 0.460501 -0.369625
2250000 3.109642 0.368395 -0.385325
2260000 2.635919 0.465256 -0.229165
2270000 3.253425 0.355087 -0.310264
2280000 3.579687 0.341252 -0.466923
2290000 3.943021 0.319076 -0.419945
2300000 4.557542 0.455446 -0.433143
2310000 3.048980 0.386962 -0.419665
2320000 3.068466 0.287042 -0.253376
2330000 3.477888 0.410033 -0.286810
2340000 3.830057 0.287299 -0.292204
2350000 3.967010 0.195235 -0.350620
2360000 4.522710 0.367626 -0.368846
2370000 4.558287 0.377594 -0.314946
2380000 5.029922 0.328414 -0.223883
2390000 4.543930 0.372727 -0.389833
2400000 4.796331 0.305544 -0.277734
2410000 4.867298 0.316006 -0.405091
2420000 4.675612 0.291748 -0.331957
2430000 4.553181 0.390186 -0.363623
2440000 3.883064 0.243964 -0.438765
2450000 4.203055 0.211550 -0.141278
2460000 3.345364 0.383532 -0.349839
2470000 3.162679 0.302746 -0.356968
2480000 2.882636 0.332593 -0.308139
2490000 2.490659 0.336265 -0.321025
2500000 2.106347 0.430096 -0.342668
2510000 1.960883 0.496276 -0.333432
2520000 2.115406 0.417318 -0.332053
2530000 2.672231 0.383613 -0.346347
2540000 2.525871 0.432959 -0.305737
2550000 2.402373 0.473128 -0.373288
2560000 2.149478 0.372805 -0.447691
2570000 3.214002 0.451826 -0.309129
2580000 2.539692 0.335626 -0.360338
2590000 2.278433 0.414626 -0.347820
2600000 2.276345 0.324255 -0.257213
2610000 1.643290 0.308898 -0.527200
2620000 1.373473 0.316660 -0.212566
2630000 0.548331 0.437203 -0.346056
2640000 0.908861 0.412683 -0.330609
2650000 0.999034 0.235837 -0.276819
2660000 0.875047 0.339782 -0.377527
2670000 1.184878 0.296929 -0.223320
2680000 1.230070 0.414248 -0.456138
2690000 1.336320 0.422123 -0.341631
2700000 1.381008 0.266566 -0.348663
2710000 1.505996 0.267276 -0.459780
2720000 1.568393 0.428314 -0.327847
2730000 1.148808 0.308336 -0.369836
2740000 1.036902 0.302059 -0.500450
2750000 0.793572 0.383202 -0.293619
2760000 0.984789 0.240481 -0.324903
2770000 1.290447 0.378795 -0.364767
2780000 1.210541 0.367292 -0.278460
2790000 1.181478 0.353841 -0.380044
2800000 1.481604 0.367542 -0.433158
2810000 1.884399 0.379525 -0.354892
2820000 1.962814 0.375842 -0.446891
2830000 1.676252 0.481655 -0.317841
2840000 1.608179 0.399379 -0.387353
2850000 1.517979 0.338422 -0.384162
2860000 1.486680 0.343244 -0.369126
2870000 2.015836 0.422518 -0.211302
2880000 2.253693 0.375137 -0.275027
2890000 2.130749 0.394897 -0.456252
2900000 2.152197 0.384698 -0.243486
2910000 2.202842 0.248152 -0.505943
2920000 2.918364 0.372446 -0.322873
2930000 3.594403 0.374061 -0.267125
2940000 3.551769 0.298651 -0.293690
2950000 4.256944 0.343676 -0.312976
2960000 4.365155 0.203909 -0.369427
2970000 4.779380 0.348495 -0.343029
2980000 4.509531 0.462617 -0.327766
2990000 4.786589 0.367402 -0.485574
3000000 3.504916 0.436722 -0.398870
3010000 3.566434 0.418218 -0.368016
3020000 2.641186 0.300678 -0.431188
3030000 2.598360 0.435773 -0.428837
3040000 3.498150 0.387108 -0.376375
3050000 4.107781 0.451279 -0.351235
3060000 3.292306 0.389305 -0.408336
3070000 3.599455 0.354482 -0.373402
3080000 4.253330 0.462899 -0.440297
3090000 4.947081 0.392746 -0.250396
3100000 4.382836 0.351719 -0.312056
3110000 4.451951 0.383681 -0.266696
3120000 4.871002 0.370243 -0.400683
3130000 4.167849 0.306098 -0.378535
3140000 3.274389 0.391252 -0.386725
3150000 3.240365 0.282228 -0.437258
3160000 3.793221 0.429780 -0.296491
3170000 2.350357 0.318439 -0.367151
3180000 2.977075 0.314770 -0.200840
3190000 2.486482 0.237840 -0.415499
3200000 2.189429 0.308362 -0.247152
3210000 2.311434 0.348340 -0.410939
3220000 2.354775 0.294652 -0.374999
3230000 2.714911 0.287672 -0.335464
3240000 3.020979 0.366614 -0.360460
3250000 3.563831 0.349343 -0.311787
3260000 4.064190 0.291822 -0.251805
3270000 4.333434 0.418173 -0.229479
3280000 4.811510 0.308250 -0.377334
3290000 4.788816 0.362831 -0.523707
3300000 4.462901 0.380724 -0.287465
3310000 4.854048 0.378509 -0.369100
3320000 4.800429 0.352620 -0.293977
3330000 4.666104 0.396519 -0.274125
3340000 4.328377 0.345557 -0.447755
3350000 4.125174 0.309584 -0.435822
3360000 4.004977 0.449233 -0.368556
3370000 3.620630 0.376111 -0.391589
3380000 4.761717 0.350687 -0.423651
3390000 4.687073 0.305528 -0.364274
3400000 4.968235 0.338816 -0.276854
3410000 3.336656 0.327366 -0.344358
3420000 3.249727 0.333862 -0.384905
3430000 3.102732 0.435371 -0.475176
3440000 3.410083 0.392001 -0.357344
3450000 2.403027 0.344711 -0.411944
3460000 2.073995 0.303229 -0.479878
3470000 2.467197 0.296987 -0.316588
3480000 2.886198 0.254039 -0.407706
3490000 2.974566 0.329722 -0.516930
3500000 2.699181 0.322902 -0.368120
3510000 2.116651 0.331745 -0.449708
3520000 2.629688 0.314487 -0.303832
3530000 3.209103 0.315536 -0.359527
3540000 3.549353 0.282967 -0.330570
3550000 3.546235 0.455965 -0.320446
3560000 4.325464 0.285069 -0.450878
3570000 4.303223 0.426117 -0.450470
3580000 3.702989 0.417035 -0.352441
3590000 3.239565 0.240005 -0.399752
3600000 3.416432 0.362569 -0.374633
3610000 4.344377 0.355242 -0.349508
3620000 4.283810 0.304049 -0.318839
3630000 4.653109 0.381309 -0.323858
3640000 5.019123 0.445075 -0.314812
3650000 4.386128 0.373637 -0.367584
3660000 4.664866 0.334359 -0.192130
3670000 4.903455 0.391762 -0.303676
3680000 4.971250 0.343279 -0.467975
3690000 4.512655 0.346028 -0.401721
3700000 4.323029 0.266906 -0.330937
3710000 3.921265 0.392560 -0.441624
3720000 3.090786 0.371037 -0.396435
3730000 1.867069 0.358605 -0.530608
3740000 1.512574 0.342186 -0.333135
3750000 1.444870 0.297000 -0.419108
