100000 4.653631 0.447945 -1.469713
110000 4.207699 0.367300 -1.595830
120000 1.900397 0.337667 -1.612481
130000 2.101987 0.358982 -1.544739
140000 2.427350 0.356307 -1.501139
150000 1.568219 0.412113 -1.665711
160000 1.282710 0.306078 -1.609386
170000 1.648363 0.354681 -1.708531
180000 2.824977 0.270294 -1.534256
190000 3.785029 0.337336 -1.563071
200000 4.223306 0.418872 -1.608315
210000 3.958243 0.442551 -1.689926
220000 4.070557 0.399519 -1.513590
230000 2.612780 0.405473 -1.485203
240000 2.533402 0.272812 -1.462771
250000 3.267103 0.320124 -1.674514
260000 1.919902 0.486278 -1.585319
270000 2.050745 0.315150 -1.661682
280000 3.428582 0.127243 -1.643330
290000 4.347992 0.362039 -1.487557
300000 4.518938 0.200712 -1.699871
310000 4.362594 0.327205 -1.617801
320000 4.206680 0.475893 -1.536228
330000 4.869521 0.396685 -1.498570
340000 3.091797 0.256393 -1.431535
350000 3.040460 0.264446 -1.569619
360000 2.213169 0.294064 -1.538398
370000 1.383283 0.324010 -1.570960
380000 1.730066 0.258407 -1.566646
390000 1.443833 0.374824 -1.682174
400000 2.015137 0.376950 -1.508031
410000 1.550233 0.326058 -1.703737
420000 2.381927 0.337853 -1.503841
430000 2.896067 0.384398 -1.544480
440000 3.138594 0.348424 -1.565623
450000 3.599433 0.302894 -1.673536
460000 4.651001 0.370222 -1.605000
470000 4.215569 0.361495 -1.620766
480000 4.826967 0.440207 -1.571746
490000 4.434621 0.335605 -1.623083
500000 3.809865 0.371662 -1.577940
510000 2.746713 0.377308 -1.546272
520000 2.562945 0.358296 -1.576756
530000 1.860686 0.320017 -1.640455
540000 0.997322 0.345073 -1.599220
550000 0.952507 0.425408 -1.613713
560000 0.881598 0.329057 -1.550765
570000 0.972478 0.225698 -1.535856
580000 0.702810 0.317395 -1.638108
590000 0.877205 0.312066 -1.599332
600000 1.358146 0.342195 -1.604462
610000 1.095384 0.479535 -1.516998
620000 1.022426 0.309578 -1.590310
630000 1.518141 0.406998 -1.528753
640000 1.180643 0.382907 -1.507763
650000 0.665469 0.440172 -1.544318
660000 0.874600 0.359886 -1.673248
670000 1.204603 0.460796 -1.430065
680000 1.820220 0.363512 -1.572826
690000 2.211266 0.278725 -1.484966
700000 2.092499 0.309892 -1.581890
710000 2.932212 0.392686 -1.508272
720000 2.827682 0.361402 -1.528630
730000 3.990152 0.297997 -1.510811
740000 4.136032 0.343542 -1.603469
750000 3.939947 0.418865 -1.630716
760000 4.154125 0.282821 -1.632766
770000 4.704552 0.402847 -1.702353
780000 3.839342 0.312291 -1.585834
790000 4.554148 0.285862 -1.674612
800000 3.570918 0.424992 -1.561086
810000 3.348661 0.321661 -1.620240
820000 2.729031 0.337448 -1.586425
830000 2.801309 0.309293 -1.520043
840000 2.588371 0.312736 -1.595821
850000 2.281393 0.364652 -1.691766
860000 1.553794 0.432017 -1.581964
870000 2.337361 0.327410 -1.675159
880000 2.693381 0.333436 -1.571432
890000 3.382891 0.452458 -1.485457
900000 3.675624 0.282701 -1.643561
910000 3.920461 0.333340 -1.590991
920000 4.514727 0.365525 -1.605364
930000 4.343351 0.210763 -1.732313
940000 2.996891 0.358051 -1.537165
950000 2.559745 0.318421 -1.642284
960000 2.624752 0.351303 -1.706229
970000 2.140321 0.360507 -1.518037
980000 3.576665 0.233623 -1.502526
990000 3.455343 0.238514 -1.476999
1000000 3.692155 0.425249 -1.415197
1010000 2.721500 0.450957 -1.517635
1020000 2.866275 0.304731 -1.625714
1030000 2.931274 0.396878 -1.447860
1040000 4.241067 0.430199 -1.652769
1050000 4.940826 0.294616 -1.612916
1060000 5.041137 0.408515 -1.584898
1070000 4.052240 0.370242 -1.635027
1080000 4.977835 0.357290 -1.532443
1090000 3.766447 0.379326 -1.575819
1100000 4.362896 0.315062 -1.556576
1110000 3.433806 0.373948 -1.565745
1120000 4.153524 0.405814 -1.497548
1130000 4.740962 0.391354 -1.571596
1140000 4.406004 0.364961 -1.604495
1150000 4.952105 0.360810 -1.599806
1160000 4.139409 0.516446 -1.602969
1170000 3.149737 0.303490 -1.633204
1180000 2.010020 0.365338 -1.636571
1190000 1.574186 0.216803 -1.554572
1200000 1.431833 0.483139 -1.665324
1210000 1.414831 0.372503 -1.524669
1220000 1.612511 0.376492 -1.566332
1230000 1.904369 0.433184 -1.480003
1240000 1.766558 0.318669 -1.549779
1250000 1.762588 0.537596 -1.636525
1260000 2.007106 0.373589 -1.531421
1270000 2.537527 0.456521 -1.541560
1280000 3.067514 0.519471 -1.473413
1290000 4.068023 0.347058 -1.445672
1300000 4.635434 0.325401 -1.444439
1310000 4.893792 0.491820 -1.565452
1320000 4.786371 0.396435 -1.583826
1330000 3.188414 0.405191 -1.477175
1340000 4.210332 0.320549 -1.508047
1350000 3.018284 0.392062 -1.508425
1360000 2.424536 0.317282 -1.590849
1370000 2.098600 0.310125 -1.472671
1380000 2.267115 0.285758 -1.622418
1390000 2.043700 0.325632 -1.607030
1400000 1.433249 0.401556 -1.539071
1410000 1.283752 0.411266 -1.497929
1420000 1.061548 0.406159 -1.502177
1430000 0.613785 0.400702 -1.653806
1440000 0.973819 0.450270 -1.618679
1450000 1.010794 0.243041 -1.509550
1460000 1.021150 0.237421 -1.529646
1470000 1.496938 0.360898 -1.513296
1480000 1.327851 0.279646 -1.636464
1490000 1.671147 0.306622 -1.575628
1500000 1.920119 0.461074 -1.497072
1510000 2.044284 0.404235 -1.487651
1520000 2.128633 0.315869 -1.561137
1530000 2.563875 0.419645 -1.602155
1540000 2.601609 0.365089 -1.530208
1550000 2.866968 0.486166 -1.617361
1560000 3.056180 0.440068 -1.481455
1570000 3.466559 0.421408 -1.631332
1580000 2.999501 0.332685 -1.479704
1590000 2.875959 0.326380 -1.519309
1600000 3.356559 0.499431 -1.485898
1610000 4.439429 0.399115 -1.666047
1620000 4.061218 0.378119 -1.489798
1630000 4.224990 0.359544 -1.562804
1640000 4.113284 0.317562 -1.489582
1650000 4.406195 0.457307 -1.622632
1660000 4.472213 0.304750 -1.572308
1670000 4.933292 0.360066 -1.620011
1680000 4.981890 0.453311 -1.393369
1690000 3.838950 0.316188 -1.519514
1700000 3.627407 0.205139 -1.593884
1710000 3.562976 0.250216 -1.569752
1720000 2.870172 0.435215 -1.459406
1730000 3.608165 0.334802 -1.518618
1740000 3.984237 0.400911 -1.600310
1750000 3.831937 0.337105 -1.434908
1760000 4.756901 0.232163 -1.568417
1770000 4.554511 0.317694 -1.634997
1780000 4.604296 0.292361 -1.573573
1790000 3.432283 0.496248 -1.567012
1800000 2.049576 0.331446 -1.599737
1810000 2.271879 0.431020 -1.599221
1820000 2.531615 0.382931 -1.510086
1830000 2.875443 0.241588 -1.765487
1840000 2.498681 0.437600 -1.460481
1850000 2.694311 0.420187 -1.674892
1860000 2.998711 0.344157 -1.549128
1870000 2.059950 0.432574 -1.641037
1880000 1.992965 0.302185 -1.568884
1890000 1.788820 0.392102 -1.553528
1900000 2.388874 0.353111 -1.576592
1910000 3.518172 0.299457 -1.573905
1920000 4.040750 0.426468 -1.566715
1930000 4.925661 0.358605 -1.621135
1940000 4.796042 0.419719 -1.479975
1950000 4.994589 0.373896 -1.544763
1960000 4.929584 0.324763 -1.596377
1970000 4.490677 0.360604 -1.517232
1980000 4.876231 0.485937 -1.570144
1990000 4.740431 0.365140 -1.491660
2000000 3.537277 0.361783 -1.567481
2010000 3.034677 0.375224 -1.475256
2020000 2.370816 0.399524 -1.516159
2030000 2.670225 0.222939 -1.509975
2040000 2.904964 0.301846 -1.575247
2050000 3.443831 0.323535 -1.709739
2060000 4.322474 0.350393 -1.598668
2070000 3.544401 0.423134 -1.484883
2080000 3.004077 0.317567 -1.659075
2090000 2.665182 0.190175 -1.552157
2100000 3.115504 0.458701 -1.555896
2110000 1.879666 0.399201 -1.449694
2120000 1.503154 0.296265 -1.584706
2130000 1.899417 0.250129 -1.530828
2140000 1.890244 0.381424 -1.585698
2150000 2.125997 0.177736 -1.610610
2160000 2.198698 0.398932 -1.605164
2170000 3.075186 0.334604 -1.617000
2180000 3.324499 0.361213 -1.613684
2190000 4.503427 0.299352 -1.610004
2200000 3.936522 0.275467 -1.505096
2210000 4.503702 0.337371 -1.575334
2220000 4.726593 0.417676 -1.579541
2230000 4.089467 0.227370 -1.600953
2240000 3.632049 0.223248 -1.461555
2250000 3.806317 0.331119 -1.590320
2260000 4.855550 0.249782 -1.561465
2270000 4.264169 0.230791 -1.548729
2280000 4.997966 0.389498 -1.534490
2290000 4.213241 0.468677 -1.585307
2300000 3.209894 0.385434 -1.598977
2310000 3.411217 0.326794 -1.660597
2320000 2.536292 0.384517 -1.580147
2330000 2.345090 0.311650 -1.596581
2340000 2.311061 0.376938 -1.642493
2350000 3.109405 0.437460 -1.539898
2360000 3.433969 0.344032 -1.555748
2370000 3.661161 0.361057 -1.526881
2380000 4.689308 0.295241 -1.598856
2390000 4.207086 0.308772 -1.469499
2400000 3.753113 0.332499 -1.569752
2410000 3.941563 0.352443 -1.596466
2420000 5.090808 0.336127 -1.585916
2430000 4.926754 0.325235 -1.527342
2440000 4.781443 0.347933 -1.585506
2450000 4.946206 0.381320 -1.525593
2460000 4.449849 0.357603 -1.516661
2470000 3.568315 0.455581 -1.419282
2480000 3.284706 0.341712 -1.625178
2490000 3.446136 0.356949 -1.669553
2500000 3.931092 0.304877 -1.625339
2510000 4.646695 0.303796 -1.549621
2520000 4.089677 0.321721 -1.541487
2530000 4.395438 0.253698 -1.502455
2540000 4.717825 0.383010 -1.566589
2550000 4.790726 0.181476 -1.648711
2560000 4.430143 0.340120 -1.585309
2570000 4.946057 0.462765 -1.535441
2580000 4.366596 0.338831 -1.568521
2590000 4.235732 0.311747 -1.651068
2600000 3.417579 0.296962 -1.557976
2610000 3.576654 0.351848 -1.581105
2620000 3.082155 0.184138 -1.665635
2630000 2.150435 0.322918 -1.465555
2640000 2.301191 0.401276 -1.606110
2650000 1.368666 0.277385 -1.578039
2660000 1.232185 0.345499 -1.776279
2670000 1.454511 0.345850 -1.647523
2680000 1.665963 0.376861 -1.620928
2690000 1.565784 0.340655 -1.584550
2700000 1.655936 0.435583 -1.542825
2710000 1.228511 0.296252 -1.589421
2720000 1.094873 0.275115 -1.596479
2730000 0.617429 0.225557 -1.526513
2740000 0.847283 0.301374 -1.536116
2750000 0.806088 0.190073 -1.510825
2760000 0.723166 0.307215 -1.475790
2770000 0.738984 0.303608 -1.604967
2780000 0.757632 0.417979 -1.588813
2790000 0.944669 0.288822 -1.663413
2800000 0.714649 0.345841 -1.573451
2810000 1.191794 0.283143 -1.417404
2820000 1.191542 0.323720 -1.476189
2830000 1.265245 0.242922 -1.495033
2840000 1.304570 0.361990 -1.580470
2850000 1.169446 0.385572 -1.658672
2860000 0.987574 0.509655 -1.614312
2870000 0.971805 0.400270 -1.527330
2880000 1.164823 0.302113 -1.494861
2890000 0.789273 0.367399 -1.628439
2900000 0.559717 0.369632 -1.544549
2910000 0.664941 0.368561 -1.499602
2920000 0.883754 0.382641 -1.573884
2930000 1.211069 0.307214 -1.430057
2940000 1.457163 0.334914 -1.612765
2950000 1.134366 0.306221 -1.486032
2960000 1.623369 0.260218 -1.549110
2970000 1.765240 0.378960 -1.592761
2980000 1.876813 0.281819 -1.532964
2990000 1.785271 0.350019 -1.621035
3000000 1.854353 0.356817 -1.468021
3010000 2.677928 0.206467 -1.630187
3020000 3.442883 0.361779 -1.478841
3030000 2.663906 0.430541 -1.570329
3040000 2.223993 0.391225 -1.435742
3050000 2.057126 0.205296 -1.590806
3060000 2.768989 0.323069 -1.393695
3070000 3.449464 0.499877 -1.539785
3080000 3.564584 0.350571 -1.421950
3090000 3.394998 0.459115 -1.532764
3100000 2.264930 0.223766 -1.605786
3110000 2.337929 0.418718 -1.417616
3120000 3.319007 0.352149 -1.576799
3130000 3.848010 0.290012 -1.498738
3140000 2.792259 0.391542 -1.536221
3150000 3.038439 0.327391 -1.581142
3160000 3.001249 0.352760 -1.683454
3170000 1.755305 0.289084 -1.498957
3180000 1.651974 0.255466 -1.616282
3190000 1.930808 0.479991 -1.582153
3200000 1.582603 0.284075 -1.474474
3210000 1.434330 0.240843 -1.581453
3220000 1.391866 0.429462 -1.576871
3230000 1.703554 0.263281 -1.589513
3240000 1.866671 0.418593 -1.635851
3250000 1.899902 0.354952 -1.527657
3260000 2.752547 0.286246 -1.616394
3270000 2.193101 0.291883 -1.562802
3280000 2.940828 0.338483 -1.594706
3290000 3.440127 0.458359 -1.529152
3300000 2.975916 0.529183 -1.574520
3310000 3.390218 0.372029 -1.603597
3320000 2.755183 0.275510 -1.539174
3330000 2.563444 0.352488 -1.543610
3340000 4.117685 0.418046 -1.587586
3350000 4.403325 0.394242 -1.541360
3360000 4.884595 0.373355 -1.511085
3370000 4.493849 0.415940 -1.639779
3380000 4.393485 0.326936 -1.481888
3390000 3.019744 0.348905 -1.518830
3400000 3.233931 0.375459 -1.598445
3410000 4.078593 0.462242 -1.522230
3420000 3.948915 0.451384 -1.592165
3430000 3.969371 0.310745 -1.515889
3440000 3.821866 0.343610 -1.468647
3450000 4.400726 0.436918 -1.579319
3460000 4.564496 0.404128 -1.605670
3470000 4.993829 0.361948 -1.617127
3480000 4.861807 0.256518 -1.604446
3490000 4.756951 0.359951 -1.529845
3500000 4.146172 0.425206 -1.548075
3510000 3.543882 0.285763 -1.691084
3520000 4.511252 0.373865 -1.559927
3530000 4.720702 0.316088 -1.627706
3540000 3.288054 0.212813 -1.656266
3550000 2.527259 0.431199 -1.578036
3560000 2.215610 0.336352 -1.600284
3570000 2.227751 0.292814 -1.531513
3580000 1.373725 0.353618 -1.515049
3590000 1.438725 0.242497 -1.645797
3600000 1.422211 0.475950 -1.626568
3610000 1.131783 0.319735 -1.581084
3620000 0.888772 0.490877 -1.594231
3630000 0.815787 0.412710 -1.572981
3640000 0.732258 0.474822 -1.592275
3650000 0.795854 0.425176 -1.525656
3660000 1.204190 0.417910 -1.525970
3670000 1.011659 0.296068 -1.519045
3680000 1.008505 0.337636 -1.333186
3690000 1.242935 0.408956 -1.567306
3700000 1.216079 0.320743 -1.597141
3710000 1.191293 0.313167 -1.548296
3720000 1.289786 0.301782 -1.501400
3730000 1.045464 0.388681 -1.562578
3740000 1.353022 0.245687 -1.462945
3750000 1.221047 0.321373 -1.595032
3760000 1.372106 0.366218 -1.487964
3770000 1.734137 0.333907 -1.499817
