100000 3.815992 0.485314 -2.453256
110000 4.035158 0.228649 -2.602795
120000 4.630322 0.323474 -2.592834
130000 4.580890 0.379862 -2.669322
140000 3.555984 0.286272 -2.714132
150000 2.548757 0.171795 -2.753534
160000 1.920760 0.275645 -2.674992
170000 1.746558 0.539361 -2.727771
180000 2.588677 0.240331 -2.618342
190000 2.918616 0.290930 -2.695152
200000 4.458221 0.260159 -2.540687
210000 4.141345 0.428869 -2.477924
220000 4.784211 0.354284 -2.609255
230000 4.905610 0.479633 -2.617659
240000 3.918055 0.302998 -2.596725
250000 4.652845 0.241985 -2.670533
260000 4.979776 0.282314 -2.681306
270000 4.686700 0.261737 -2.570808
280000 4.957270 0.235166 -2.582882
290000 5.027449 0.455831 -2.559269
300000 4.361058 0.278444 -2.678299
310000 3.274954 0.507560 -2.616197
320000 3.180788 0.375247 -2.688386
330000 2.227599 0.359099 -2.634006
340000 2.005047 0.356741 -2.500019
350000 1.459782 0.452549 -2.504812
360000 1.574922 0.350208 -2.630727
370000 0.896892 0.237696 -2.599529
380000 0.815933 0.448862 -2.617833
390000 0.747896 0.331469 -2.549852
400000 1.169676 0.295802 -2.685261
410000 1.458175 0.326046 -2.728700
420000 1.822820 0.383372 -2.709742
430000 2.309137 0.250383 -2.574288
440000 1.560238 0.257725 -2.709060
450000 1.784313 0.421871 -2.596068
460000 1.099428 0.561097 -2.659355
470000 1.800672 0.287107 -2.733335
480000 2.808172 0.339914 -2.619959
490000 4.102576 0.347683 -2.568420
500000 4.159539 0.310845 -2.678860
510000 4.254338 0.456553 -2.509410
520000 3.826740 0.370818 -2.580157
530000 5.015904 0.311624 -2.840226
540000 4.956868 0.357222 -2.555951
550000 3.842849 0.283970 -2.721472
560000 2.873403 0.310759 -2.656767
570000 2.362234 0.397966 -2.545185
580000 2.433832 0.402417 -2.661562
590000 2.639905 0.436146 -2.505982
600000 2.321495 0.379837 -2.605905
610000 3.492513 0.427061 -2.600992
620000 5.010655 0.492520 -2.698572
630000 4.974173 0.377019 -2.703907
640000 5.024380 0.450767 -2.569464
650000 4.410198 0.289389 -2.481326
660000 3.624377 0.300783 -2.683015
670000 2.990006 0.182542 -2.517267
680000 2.421602 0.445752 -2.548681
690000 2.908805 0.336537 -2.746094
700000 1.907270 0.282531 -2.509872
710000 1.707011 0.267822 -2.704317
720000 2.400168 0.276188 -2.668975
730000 2.030644 0.356152 -2.504447
740000 2.258540 0.294116 -2.640595
750000 2.778384 0.238256 -2.681453
760000 3.528784 0.382568 -2.652154
770000 3.959762 0.366283 -2.595770
780000 4.611233 0.395541 -2.743427
790000 4.442018 0.380960 -2.626843
800000 3.878504 0.371558 -2.650269
810000 4.270644 0.320909 -2.617702
820000 4.885804 0.369050 -2.639278
830000 4.991756 0.390253 -2.566226
840000 4.611090 0.381613 -2.506641
850000 3.633573 0.358743 -2.698344
860000 3.186771 0.291105 -2.558311
870000 2.289941 0.385520 -2.518348
880000 3.210931 0.373369 -2.597057
890000 2.899123 0.320207 -2.660370
900000 3.877394 0.283010 -2.580671
910000 3.906597 0.297396 -2.685023
920000 4.444734 0.292862 -2.536532
930000 4.882294 0.403651 -2.533727
940000 3.614616 0.338709 -2.569815
950000 2.627313 0.376528 -2.592610
960000 2.497226 0.354056 -2.676385
970000 2.261477 0.340932 -2.597520
980000 1.476293 0.252931 -2.646028
990000 1.197471 0.292177 -2.667406
1000000 1.531178 0.364103 -2.645222
1010000 1.150863 0.364252 -2.722365
1020000 1.351043 0.316838 -2.605827
1030000 1.573323 0.261905 -2.617285
1040000 2.037592 0.440855 -2.655022
1050000 1.569893 0.300894 -2.593827
1060000 1.646620 0.421953 -2.565883
1070000 0.691143 0.349008 -2.516952
1080000 0.956603 0.390802 -2.648736
1090000 0.748837 0.296895 -2.641917
1100000 0.826077 0.395144 -2.640960
1110000 1.023182 0.259429 -2.526742
1120000 0.724137 0.362992 -2.449055
1130000 0.766357 0.332364 -2.636787
1140000 1.091538 0.354176 -2.736009
1150000 1.018608 0.493547 -2.651716
1160000 1.088255 0.265335 -2.555396
1170000 0.924562 0.355273 -2.747713
1180000 0.894031 0.439916 -2.593895
1190000 0.743927 0.246544 -2.791180
1200000 0.866761 0.350756 -2.652390
1210000 0.675226 0.369430 -2.747074
1220000 0.888243 0.372783 -2.568372
1230000 1.168496 0.256693 -2.573795
1240000 1.935164 0.385448 -2.764390
1250000 1.828726 0.251190 -2.510885
1260000 1.778048 0.350218 -2.678012
1270000 2.633886 0.480025 -2.648473
1280000 2.920317 0.374535 -2.757539
1290000 4.440725 0.315729 -2.717591
1300000 4.143081 0.371340 -2.600912
1310000 4.646190 0.371473 -2.607191
1320000 4.510267 0.358795 -2.740621
1330000 4.499314 0.456073 -2.549685
1340000 3.760234 0.359412 -2.434551
1350000 4.019618 0.310038 -2.666873
1360000 4.724552 0.378017 -2.585917
1370000 3.462170 0.347549 -2.598098
1380000 4.405872 0.414050 -2.691813
1390000 4.630108 0.201944 -2.522232
1400000 5.058833 0.294822 -2.685500
1410000 4.673682 0.260329 -2.616794
1420000 4.719551 0.303645 -2.525822
1430000 4.903478 0.269765 -2.564459
1440000 3.683047 0.490361 -2.601717
1450000 2.900890 0.365489 -2.636407
1460000 2.650578 0.300726 -2.538204
1470000 2.508393 0.400929 -2.685995
1480000 2.339236 0.247010 -2.708434
1490000 2.171424 0.434986 -2.634225
1500000 1.911609 0.412316 -2.621580
1510000 1.769298 0.447807 -2.616335
1520000 1.597075 0.498667 -2.687637
1530000 1.657060 0.289925 -2.600962
1540000 1.572203 0.377576 -2.647387
1550000 1.213899 0.454745 -2.563874
1560000 2.424073 0.431540 -2.474888
1570000 2.450281 0.228242 -2.488087
1580000 2.655407 0.285101 -2.452496
1590000 2.972475 0.361667 -2.662509
1600000 2.858317 0.358058 -2.609879
1610000 3.487120 0.379012 -2.675236
1620000 3.364759 0.361542 -2.656645
1630000 3.910735 0.355620 -2.725306
1640000 4.421013 0.338454 -2.662471
1650000 4.722974 0.390937 -2.674132
1660000 3.765477 0.235444 -2.654472
1670000 3.414445 0.399030 -2.677316
1680000 3.717583 0.346252 -2.717259
1690000 3.172615 0.372411 -2.667816
1700000 4.799483 0.470669 -2.676674
1710000 4.960347 0.231687 -2.676662
1720000 4.788276 0.451074 -2.629460
1730000 4.296268 0.363845 -2.507441
1740000 5.053217 0.393437 -2.539065
1750000 4.755432 0.223588 -2.606686
1760000 3.471972 0.378476 -2.721932
1770000 4.225331 0.308712 -2.506436
1780000 3.012898 0.322091 -2.639546
1790000 3.806673 0.356559 -2.610988
1800000 5.083864 0.406936 -2.590780
1810000 4.824135 0.196261 -2.818231
1820000 4.126661 0.330440 -2.739403
1830000 3.676630 0.346483 -2.586423
1840000 2.726432 0.465117 -2.563094
1850000 2.257753 0.348306 -2.653365
1860000 2.558269 0.439507 -2.592720
1870000 2.448549 0.337454 -2.620667
1880000 2.462107 0.216293 -2.630819
1890000 2.166651 0.217409 -2.622645
1900000 1.912544 0.410442 -2.612121
1910000 2.498876 0.419314 -2.527044
1920000 1.729346 0.318266 -2.597643
1930000 1.609431 0.290136 -2.567830
1940000 1.164066 0.378455 -2.661127
1950000 1.135763 0.361210 -2.748331
1960000 1.293595 0.340086 -2.645061
1970000 1.120715 0.324920 -2.574687
1980000 1.302949 0.383886 -2.717090
1990000 1.690692 0.382100 -2.649979
2000000 1.745695 0.305380 -2.606640
2010000 1.314808 0.341842 -2.539567
2020000 1.852825 0.507445 -2.531969
2030000 1.771988 0.293675 -2.630850
2040000 1.968183 0.306772 -2.514497
2050000 2.621314 0.239490 -2.577094
2060000 2.746204 0.190702 -2.672523
2070000 3.421922 0.477635 -2.762332
2080000 3.381513 0.424562 -2.550579
2090000 3.509791 0.547431 -2.504972
2100000 4.283860 0.293730 -2.735511
2110000 4.419368 0.446986 -2.648212
2120000 4.413075 0.311147 -2.722284
2130000 4.556576 0.335538 -2.451917
2140000 4.659255 0.341594 -2.557887
2150000 4.058060 0.386349 -2.629618
2160000 4.798777 0.513807 -2.617670
2170000 4.193340 0.401459 -2.676477
2180000 2.917673 0.222951 -2.700535
2190000 2.331689 0.457020 -2.574797
2200000 2.485814 0.328690 -2.507301
2210000 2.830596 0.239583 -2.625240
2220000 2.629340 0.334720 -2.671261
2230000 3.172785 0.396302 -2.679130
2240000 3.374919 0.419434 -2.720184
2250000 2.773578 0.341352 -2.741897
2260000 3.139408 0.310884 -2.605354
2270000 2.230368 0.484103 -2.598584
2280000 2.219957 0.274234 -2.608558
2290000 2.364228 0.523155 -2.558317
2300000 2.657900 0.441460 -2.471948
2310000 3.514509 0.373790 -2.676207
2320000 4.413811 0.350343 -2.553146
2330000 4.747903 0.317752 -2.646020
2340000 4.924060 0.308085 -2.649039
2350000 4.964356 0.307745 -2.518269
2360000 4.754803 0.325809 -2.683093
2370000 3.967287 0.411401 -2.664322
2380000 4.164829 0.465478 -2.525280
2390000 4.022675 0.441692 -2.651071
2400000 3.750548 0.296549 -2.604218
2410000 2.900683 0.289378 -2.579751
2420000 3.535575 0.333794 -2.515252
2430000 3.799712 0.295477 -2.674991
2440000 3.913706 0.408867 -2.697882
2450000 3.328254 0.311013 -2.698582
2460000 3.928317 0.270363 -2.585061
2470000 4.762206 0.351357 -2.650210
2480000 4.754789 0.403663 -2.555209
2490000 4.375153 0.332068 -2.592071
2500000 4.831642 0.332545 -2.650332
2510000 4.320187 0.419344 -2.544457
2520000 3.761850 0.294601 -2.655348
2530000 2.525646 0.354858 -2.610473
2540000 2.865511 0.350371 -2.609487
2550000 2.331028 0.298782 -2.633900
2560000 1.678032 0.304684 -2.702948
2570000 2.069918 0.367332 -2.590700
2580000 2.181755 0.355192 -2.584018
2590000 2.935408 0.386535 -2.650492
2600000 3.276325 0.323001 -2.558917
2610000 3.033577 0.428468 -2.670332
2620000 2.531510 0.333293 -2.590945
2630000 2.578771 0.446800 -2.594322
2640000 2.257692 0.377732 -2.686258
2650000 1.842108 0.229158 -2.632763
2660000 2.770527 0.324994 -2.599111
2670000 1.920229 0.440672 -2.562106
2680000 2.420764 0.385426 -2.622690
2690000 1.489308 0.332383 -2.704318
2700000 1.149835 0.392261 -2.656925
2710000 0.885335 0.359428 -2.365552
2720000 0.877479 0.475153 -2.624148
2730000 0.820164 0.315229 -2.679998
2740000 0.995648 0.371743 -2.603314
2750000 1.067390 0.336967 -2.705308
2760000 1.124628 0.390196 -2.537644
2770000 1.390128 0.370871 -2.615107
2780000 1.436734 0.575586 -2.579558
2790000 1.485313 0.089329 -2.729646
2800000 1.546513 0.270089 -2.588199
2810000 1.505610 0.395450 -2.541548
2820000 1.443024 0.306883 -2.618800
2830000 1.735742 0.462904 -2.526160
2840000 1.920328 0.312909 -2.591875
2850000 2.789057 0.315992 -2.740640
2860000 2.867261 0.312241 -2.563932
2870000 3.727714 0.336041 -2.609518
2880000 3.810756 0.391911 -2.612449
2890000 4.669493 0.396678 -2.659770
2900000 4.737523 0.209904 -2.600763
2910000 4.219006 0.423125 -2.491223
2920000 3.577171 0.405650 -2.522162
2930000 3.158657 0.256037 -2.496360
2940000 3.537153 0.265911 -2.643761
2950000 2.828051 0.283938 -2.746433
2960000 2.829256 0.391787 -2.621294
2970000 2.549599 0.245042 -2.660694
2980000 2.719221 0.294327 -2.632740
2990000 4.210220 0.433980 -2.605726
3000000 4.710209 0.348503 -2.625095
3010000 4.422819 0.355469 -2.583470
3020000 4.601169 0.291805 -2.720395
3030000 4.010159 0.311878 -2.543664
3040000 4.860200 0.286027 -2.669546
3050000 3.254953 0.316492 -2.552199
3060000 2.520275 0.237805 -2.676060
3070000 2.630657 0.350803 -2.618388
3080000 2.183090 0.393119 -2.631652
3090000 1.758003 0.343077 -2.668449
3100000 1.633755 0.267755 -2.655540
3110000 2.530003 0.256389 -2.659658
3120000 3.056406 0.527348 -2.573193
3130000 3.690068 0.383097 -2.592929
3140000 3.963269 0.432222 -2.685281
3150000 3.371934 0.235987 -2.656917
3160000 4.044864 0.305161 -2.687515
3170000 3.422721 0.345922 -2.604877
3180000 3.914929 0.415821 -2.635076
3190000 4.208991 0.278334 -2.582062
3200000 4.286055 0.340459 -2.519563
3210000 4.593248 0.464239 -2.618866
3220000 4.808240 0.257878 -2.488206
3230000 4.657505 0.433296 -2.637209
3240000 4.490386 0.315593 -2.574270
3250000 4.826275 0.396520 -2.627611
3260000 4.399821 0.215121 -2.603876
3270000 4.759510 0.464418 -2.652000
3280000 4.538970 0.332935 -2.648213
3290000 4.047866 0.442589 -2.599889
3300000 4.293882 0.544870 -2.601439
3310000 3.235534 0.181866 -2.695675
3320000 2.431947 0.236061 -2.608648
3330000 2.614877 0.323193 -2.620392
3340000 1.941698 0.361802 -2.495018
3350000 2.331556 0.323907 -2.608698
3360000 3.247551 0.323407 -2.553382
3370000 4.428254 0.411785 -2.589175
3380000 4.172669 0.346420 -2.704292
3390000 3.797865 0.347271 -2.560740
3400000 3.749566 0.284505 -2.516393
3410000 2.782621 0.325194 -2.603329
3420000 3.143327 0.340120 -2.625940
3430000 3.867053 0.218332 -2.586411
3440000 3.369314 0.376971 -2.571599
3450000 2.901439 0.377683 -2.703729
3460000 3.160930 0.201339 -2.612610
3470000 2.778803 0.341082 -2.501175
3480000 2.660758 0.460797 -2.650117
3490000 1.929764 0.379637 -2.551179
3500000 1.887668 0.367388 -2.706719
3510000 1.814450 0.377294 -2.584846
3520000 1.600483 0.236650 -2.638409
3530000 1.310400 0.340601 -2.773699
3540000 1.289182 0.450444 -2.641784
3550000 1.507346 0.253018 -2.591713
3560000 1.044670 0.326056 -2.737378
3570000 1.441987 0.439969 -2.811785
3580000 1.311549 0.341625 -2.668705
3590000 1.503676 0.378287 -2.619240
3600000 1.434652 0.298915 -2.537093
3610000 1.369145 0.406554 -2.684507
3620000 1.725651 0.299545 -2.804514
3630000 1.894846 0.437585 -2.510965
3640000 0.864675 0.355177 -2.737748
3650000 0.506265 0.387026 -2.693620
3660000 0.653772 0.395080 -2.682215
3670000 0.639407 0.365528 -2.617855
3680000 0.513104 0.392252 -2.676838
3690000 0.767254 0.284183 -2.691608
3700000 0.897753 0.277429 -2.706343
3710000 0.844223 0.323339 -2.580252
3720000 0.880974 0.365420 -2.653480
3730000 0.972414 0.336292 -2.707601
3740000 0.720766 0.456882 -2.683133
3750000 0.932183 0.510676 -2.655530
3760000 0.692441 0.482247 -2.747918
3770000 0.750072 0.328133 -2.736104
3780000 0.695963 0.305946 -2.653190
3790000 1.053007 0.317315 -2.608426
3800000 0.986885 0.336184 -2.678717
3810000 1.107836 0.291908 -2.676019
3820000 0.916022 0.428419 -2.596645
