100000 3.568479 0.328859 -2.880333
110000 3.574616 0.294685 -2.823566
120000 4.036187 0.269746 -2.767239
130000 4.596963 0.259552 -2.864053
140000 4.508102 0.489298 -2.693016
150000 4.865832 0.356770 -2.764019
160000 4.628956 0.333271 -2.868463
170000 3.236254 0.442366 -2.649263
180000 3.396713 0.331915 -2.828459
190000 4.568192 0.281616 -2.659085
200000 4.918561 0.297833 -2.828141
210000 5.017041 0.351921 -2.868596
220000 3.029663 0.350405 -2.767491
230000 2.001956 0.304069 -2.782430
240000 1.795512 0.355042 -2.757995
250000 1.691433 0.325612 -2.761142
260000 1.291893 0.390126 -2.670134
270000 0.942677 0.296033 -2.785208
280000 0.856433 0.422891 -2.930868
290000 0.760377 0.437598 -2.781757
300000 1.946679 0.313337 -2.824384
310000 2.087506 0.418164 -2.782706
320000 1.623446 0.258817 -2.730315
330000 2.711680 0.404802 -2.765249
340000 3.331373 0.320473 -2.814560
350000 2.634366 0.314729 -2.589808
360000 3.314825 0.432439 -2.881097
370000 1.533772 0.332852 -2.945154
380000 1.675250 0.405488 -2.970605
390000 1.960367 0.356484 -2.814212
400000 1.247744 0.365278 -2.711561
410000 1.357751 0.436433 -2.816804
420000 0.976620 0.360505 -2.791655
430000 0.744836 0.262992 -2.620727
440000 0.796920 0.397483 -2.794736
450000 0.819619 0.405196 -2.748907
460000 0.779915 0.250719 -2.882320
470000 0.637594 0.282443 -2.879901
480000 1.124073 0.223245 -2.705558
490000 1.852081 0.288475 -2.781988
500000 2.353806 0.533281 -2.834191
510000 2.532029 0.363719 -2.830069
520000 1.955832 0.410006 -2.874143
530000 2.189349 0.329883 -2.748462
540000 3.244717 0.327386 -2.842064
550000 3.410411 0.433647 -2.812320
560000 4.296259 0.408749 -2.921243
570000 3.785295 0.428734 -2.829126
580000 4.815910 0.321330 -2.849023
590000 3.477609 0.431470 -2.849708
600000 3.620154 0.371261 -2.800264
610000 4.097629 0.357849 -2.803225
620000 4.512828 0.444465 -2.761930
630000 4.563891 0.327524 -2.740118
640000 4.833966 0.305667 -2.843334
650000 4.795987 0.224761 -2.841334
660000 4.925862 0.381420 -2.789307
670000 4.401750 0.398786 -2.811620
680000 3.512473 0.416561 -2.780119
690000 2.476996 0.275470 -2.748731
700000 2.830756 0.340779 -2.771482
710000 2.918614 0.484759 -2.877064
720000 1.570551 0.423644 -2.884367
730000 1.942100 0.347229 -2.683671
740000 2.139797 0.350084 -2.775193
750000 2.289744 0.430319 -2.744901
760000 2.288814 0.381406 -2.820419
770000 3.677651 0.622049 -2.823044
780000 4.228047 0.401173 -2.827259
790000 4.163579 0.474287 -2.734706
800000 3.969001 0.318171 -2.772290
810000 3.951799 0.254395 -2.805691
820000 5.001670 0.501667 -2.951625
830000 4.155902 0.379179 -2.813099
840000 4.171457 0.448666 -2.795913
850000 4.991605 0.372178 -2.767256
860000 4.528545 0.271364 -2.748036
870000 4.973572 0.345906 -2.792289
880000 3.000570 0.328385 -2.666949
890000 1.563390 0.360100 -2.843698
900000 1.813823 0.388027 -2.757487
910000 2.788033 0.459811 -2.791297
920000 3.261343 0.319759 -2.812326
930000 3.630709 0.310939 -2.853950
940000 2.962735 0.300013 -2.641128
950000 1.902271 0.284304 -2.740582
960000 1.528535 0.480359 -2.866332
970000 1.320001 0.260472 -2.808208
980000 1.365565 0.265121 -2.852817
990000 1.170967 0.254474 -2.744003
1000000 1.046366 0.497993 -2.823184
1010000 1.377915 0.407767 -2.855971
1020000 1.416034 0.513012 -2.727127
1030000 1.680756 0.437599 -2.956179
1040000 1.891464 0.335698 -2.889009
1050000 1.862070 0.332587 -2.856616
1060000 1.430589 0.293584 -2.820600
1070000 1.624581 0.455200 -2.875842
1080000 2.299275 0.363357 -2.684466
1090000 2.678401 0.357079 -2.661478
1100000 2.161639 0.263634 -2.805221
1110000 3.063105 0.421006 -2.785958
1120000 3.610061 0.368587 -2.880051
1130000 3.165536 0.330816 -2.833592
1140000 3.410053 0.336229 -2.798552
1150000 4.335448 0.443200 -2.794224
1160000 4.972835 0.346495 -2.830668
1170000 4.832947 0.388127 -2.714300
1180000 4.379201 0.315785 -2.899921
1190000 3.255752 0.311447 -2.851616
1200000 2.804210 0.352800 -2.933638
1210000 2.397730 0.222321 -2.953915
1220000 3.670692 0.277504 -2.823952
1230000 4.241883 0.360301 -2.865736
1240000 5.016342 0.351536 -2.860697
1250000 4.562709 0.433753 -2.744782
1260000 4.929848 0.353818 -2.723716
1270000 4.507814 0.309471 -2.844126
1280000 3.918076 0.283704 -2.775178
1290000 3.314653 0.358263 -2.826819
1300000 4.075354 0.337791 -2.674004
1310000 2.915963 0.293397 -2.875280
1320000 2.509403 0.375610 -2.721993
1330000 2.914508 0.326273 -2.843665
1340000 3.311217 0.368376 -2.816545
1350000 3.934016 0.449072 -2.860940
1360000 3.323544 0.424553 -2.855901
1370000 3.302316 0.308869 -2.722698
1380000 3.680669 0.365161 -2.790664
1390000 4.412153 0.515841 -2.687347
1400000 4.831544 0.437578 -2.733368
1410000 4.858864 0.290325 -2.834355
1420000 4.537409 0.233099 -2.804502
1430000 3.866501 0.341348 -2.845835
1440000 4.677421 0.412129 -2.883357
1450000 3.390102 0.317090 -2.723950
1460000 4.766719 0.418251 -2.796639
1470000 4.266443 0.337139 -2.766729
1480000 4.954614 0.431536 -2.808789
1490000 4.804919 0.223440 -2.865185
1500000 4.167373 0.385193 -2.840954
1510000 2.744535 0.380435 -2.761631
1520000 2.179118 0.397884 -2.712290
1530000 2.799698 0.462402 -2.773171
1540000 3.165160 0.358811 -2.754933
1550000 2.960072 0.379468 -2.910003
1560000 2.142290 0.509054 -2.889179
1570000 2.318242 0.428476 -2.756181
1580000 1.885139 0.319187 -2.722522
1590000 2.559672 0.371372 -2.912981
1600000 1.790467 0.350875 -2.752909
1610000 1.592637 0.329315 -2.774898
1620000 1.404782 0.378679 -2.864762
1630000 0.921523 0.430928 -2.878985
1640000 0.970759 0.336594 -2.952199
1650000 0.683776 0.337908 -2.979600
1660000 0.992272 0.198605 -2.899879
1670000 0.782862 0.332856 -2.902969
1680000 1.144852 0.287493 -2.920496
1690000 0.976249 0.354606 -2.833574
1700000 1.279207 0.405054 -2.868795
1710000 1.617443 0.271896 -2.810511
1720000 1.032312 0.404522 -2.873768
1730000 0.789440 0.464644 -2.736496
1740000 0.970616 0.333784 -2.997896
1750000 1.227448 0.316847 -2.692212
1760000 1.676957 0.307153 -2.716274
1770000 0.975617 0.330101 -2.791198
1780000 0.637520 0.426821 -2.826637
1790000 0.881829 0.352542 -2.804861
1800000 0.851049 0.382369 -2.800600
1810000 0.848847 0.417451 -2.924455
1820000 0.726238 0.425761 -2.822908
1830000 0.886970 0.287362 -2.747218
1840000 1.075796 0.297597 -2.782672
1850000 1.365221 0.415439 -2.901825
1860000 1.672311 0.347084 -2.785305
1870000 2.258690 0.340260 -2.808573
1880000 2.629716 0.442606 -2.677084
1890000 2.702675 0.448423 -2.812018
1900000 2.823959 0.410330 -2.721074
1910000 4.526414 0.425451 -2.818238
1920000 4.225077 0.463516 -2.837152
1930000 4.084047 0.314985 -2.872496
1940000 3.593550 0.467149 -2.781351
1950000 3.491903 0.393785 -2.697833
1960000 3.309872 0.516742 -2.741545
1970000 4.888548 0.429703 -2.794728
1980000 4.058043 0.435288 -2.684236
1990000 3.896901 0.254128 -2.752010
2000000 2.684805 0.337163 -2.739875
2010000 2.026198 0.406189 -2.701872
2020000 1.871862 0.385140 -2.698733
2030000 2.033256 0.422178 -2.873408
2040000 1.993660 0.334291 -2.769405
2050000 2.687469 0.303387 -2.771014
2060000 2.781485 0.407671 -2.755072
2070000 3.516408 0.393757 -2.805077
2080000 4.484020 0.392271 -2.925079
2090000 4.740557 0.379706 -2.748153
2100000 4.531595 0.492587 -2.772253
2110000 4.069751 0.440380 -2.806677
2120000 3.919845 0.340915 -2.721768
2130000 3.542497 0.269519 -2.828839
2140000 2.175878 0.437000 -2.929037
2150000 2.020495 0.278954 -2.734613
2160000 1.787281 0.380624 -2.813013
2170000 1.787356 0.354904 -2.773700
2180000 2.003599 0.325371 -2.888144
2190000 2.758102 0.283447 -2.884204
2200000 2.496636 0.318654 -2.873726
2210000 3.087169 0.277207 -2.756760
2220000 2.889536 0.418914 -2.802297
2230000 2.372310 0.380689 -2.868774
2240000 2.435248 0.258410 -2.671953
2250000 3.338841 0.319161 -2.828298
2260000 3.765961 0.459216 -2.811923
2270000 2.995375 0.392987 -2.804361
2280000 3.614229 0.428426 -2.705664
2290000 4.106494 0.394266 -2.880826
2300000 4.522211 0.402547 -2.733562
2310000 3.957788 0.390070 -2.812822
2320000 3.415474 0.460271 -2.701849
2330000 2.736182 0.352958 -2.719887
2340000 3.728091 0.314261 -2.799744
2350000 2.879277 0.390135 -2.732401
2360000 3.496546 0.197596 -2.715555
2370000 4.521150 0.300090 -2.745417
2380000 4.812228 0.296352 -2.708548
2390000 4.892143 0.389562 -2.852552
2400000 4.768912 0.423761 -2.881200
2410000 3.546025 0.214979 -2.790562
2420000 3.424635 0.199466 -2.721252
2430000 2.814003 0.373563 -2.815675
2440000 1.679491 0.353561 -2.861071
2450000 1.606802 0.393737 -2.726805
2460000 1.729673 0.224444 -2.854373
2470000 1.868602 0.347010 -2.693405
2480000 1.559211 0.435316 -2.819922
2490000 1.296619 0.447107 -2.843109
2500000 1.608572 0.320206 -2.779269
2510000 1.460409 0.349068 -2.919410
2520000 1.393773 0.275081 -2.792155
2530000 1.299731 0.328387 -2.794658
2540000 1.260817 0.324267 -2.762449
2550000 1.173570 0.381122 -2.894048
2560000 1.418879 0.211172 -2.749323
2570000 1.004376 0.439694 -2.877363
2580000 0.777155 0.409497 -2.782510
2590000 0.666839 0.529254 -3.025573
2600000 0.670740 0.407027 -2.869737
2610000 1.075203 0.235031 -2.858952
2620000 1.141349 0.291007 -2.781596
2630000 0.909507 0.511981 -2.813840
2640000 0.880264 0.248404 -2.922457
2650000 0.959810 0.264519 -2.820860
2660000 0.821611 0.375752 -2.726353
2670000 1.241365 0.396053 -2.714143
2680000 0.961218 0.437026 -2.847584
2690000 1.626729 0.314912 -2.826869
2700000 1.316057 0.235876 -2.718245
2710000 1.168251 0.281418 -2.832407
2720000 1.239317 0.340198 -2.876841
2730000 1.839144 0.325682 -2.814635
2740000 1.664836 0.370686 -2.871449
2750000 1.463957 0.257572 -2.751429
2760000 1.604082 0.352802 -2.772476
2770000 2.023269 0.327960 -2.819099
2780000 2.063109 0.337832 -2.964111
2790000 2.388125 0.319791 -2.820830
2800000 2.664924 0.304594 -2.771818
2810000 2.847430 0.409094 -2.806374
2820000 2.847132 0.379222 -2.844607
2830000 4.117511 0.330556 -2.891093
2840000 4.274253 0.477116 -2.744375
2850000 4.833250 0.153990 -2.860202
2860000 4.579000 0.377714 -2.899720
2870000 4.908844 0.363179 -2.781910
2880000 3.836066 0.433156 -2.752332
2890000 3.434860 0.429198 -2.781474
2900000 4.488509 0.351656 -2.684495
2910000 4.376237 0.314863 -2.871932
2920000 4.259856 0.257445 -2.806317
2930000 4.416264 0.446200 -2.709737
2940000 3.026008 0.459404 -2.703008
2950000 3.803026 0.274736 -2.864520
2960000 3.355038 0.339596 -2.831790
2970000 3.818350 0.328291 -2.758625
2980000 4.183143 0.342597 -2.817455
2990000 3.752117 0.277587 -2.878049
3000000 4.162808 0.351277 -2.693306
3010000 3.013176 0.289981 -2.827597
3020000 3.134929 0.303214 -2.802910
3030000 2.054321 0.430757 -2.807616
3040000 1.847059 0.353499 -2.824816
3050000 2.037741 0.427900 -2.733085
3060000 2.017586 0.258058 -2.812052
3070000 2.270937 0.278741 -2.660674
3080000 1.923140 0.360952 -2.669834
3090000 1.744070 0.348559 -2.850054
3100000 1.992974 0.298580 -2.870869
3110000 1.716472 0.245465 -2.785103
3120000 1.695048 0.235402 -2.585929
3130000 1.659868 0.326126 -2.897883
3140000 2.404124 0.349949 -2.769733
3150000 2.775236 0.419373 -2.900895
3160000 3.109289 0.368116 -2.774161
3170000 2.460387 0.330803 -2.789685
3180000 2.876225 0.385480 -2.791837
3190000 2.871964 0.394076 -2.698728
3200000 2.466239 0.378335 -2.730066
3210000 3.430993 0.316467 -2.778827
3220000 4.181426 0.319365 -2.745170
3230000 4.952633 0.264488 -2.682764
3240000 4.358900 0.166653 -2.880733
3250000 4.074032 0.346160 -2.901715
3260000 3.437754 0.325578 -2.881089
3270000 3.354624 0.301484 -2.900197
3280000 3.230487 0.405574 -2.739181
3290000 3.550526 0.507784 -2.797053
3300000 3.957311 0.328719 -2.755787
3310000 4.336226 0.339450 -2.710636
3320000 4.375715 0.291021 -2.822015
3330000 4.775669 0.187732 -2.866309
3340000 4.535616 0.382595 -2.746227
3350000 4.021862 0.282099 -2.969777
3360000 4.310366 0.438948 -2.670742
3370000 3.623727 0.373827 -2.848913
3380000 3.140821 0.281878 -2.709064
3390000 2.848703 0.377921 -2.772854
3400000 3.261473 0.242152 -2.748046
3410000 3.087413 0.250278 -2.747077
3420000 2.668542 0.391405 -2.748818
3430000 3.138553 0.408037 -2.700636
3440000 2.861846 0.351930 -2.766209
3450000 2.319296 0.316701 -2.754184
3460000 2.465021 0.213987 -2.840697
3470000 2.511489 0.415652 -2.763035
3480000 2.916107 0.303771 -2.825555
3490000 3.497781 0.325650 -2.845872
3500000 3.745558 0.283733 -2.801479
3510000 4.028477 0.338799 -2.781382
3520000 4.633158 0.394496 -2.795970
3530000 4.626527 0.361181 -2.770810
3540000 4.598112 0.358192 -2.718924
3550000 3.847025 0.332568 -2.902429
3560000 4.812077 0.319206 -2.758170
3570000 4.454173 0.392165 -2.702766
3580000 4.147480 0.424272 -2.757187
3590000 3.931925 0.480843 -2.844504
3600000 4.041738 0.337722 -2.742025
3610000 3.640678 0.458642 -2.724588
3620000 5.010407 0.344208 -2.831797
3630000 3.239730 0.359654 -2.792605
3640000 3.851816 0.430873 -2.809536
3650000 3.305907 0.226975 -2.849401
3660000 4.367207 0.474845 -2.852776
3670000 3.873194 0.345739 -2.906537
3680000 4.313743 0.370651 -2.828224
3690000 4.569498 0.388022 -2.717135
3700000 4.079055 0.338770 -2.913144
3710000 4.667049 0.389747 -2.739391
3720000 4.964417 0.430799 -2.832444
3730000 3.289115 0.271404 -2.730787
3740000 3.193762 0.452969 -2.726959
3750000 3.101293 0.378207 -2.759491
3760000 2.850716 0.501123 -2.789415
3770000 2.091177 0.308654 -2.731009
3780000 1.898788 0.168049 -2.821552
3790000 2.207558 0.451493 -2.846653
3800000 2.485078 0.385294 -2.805133
3810000 1.803289 0.313913 -2.799248
3820000 1.531621 0.311704 -2.822288
3830000 1.344165 0.380513 -2.813776
