100000 2.198963 0.236397 1.236112
110000 3.317636 0.244507 1.160711
120000 4.570569 0.215910 1.145387
130000 4.199480 0.226105 1.251062
140000 3.139192 0.117487 1.258870
150000 2.829598 0.182613 1.267278
160000 3.830836 0.210153 1.278816
170000 4.731332 0.177468 1.328626
180000 2.946515 0.215662 1.244447
190000 2.170672 0.144914 1.224430
200000 2.325306 0.054497 1.287027
210000 2.272977 0.123442 1.184540
220000 2.338957 0.238081 1.167925
230000 3.521951 0.178054 1.219668
240000 3.133113 0.151182 1.115305
250000 4.087753 0.135425 1.224241
260000 4.555644 0.177485 1.206711
270000 3.706229 0.257950 1.197989
280000 3.334526 0.181371 1.299382
290000 4.789886 0.051213 1.256667
300000 4.137925 0.174521 1.177450
310000 4.680644 0.161282 1.292017
320000 4.979879 0.151027 1.081518
330000 4.570735 0.132861 1.252063
340000 3.812320 0.106151 1.082251
350000 3.283909 0.288034 1.350537
360000 2.801816 0.003489 1.042198
370000 2.012489 0.234054 1.092507
380000 1.567733 0.171759 1.292606
390000 1.443238 0.281012 1.136448
400000 0.839414 0.227108 1.212926
410000 1.235324 0.263986 1.136141
420000 1.868138 0.042473 1.176328
430000 1.734091 0.309798 1.249858
440000 2.154113 0.153492 1.061440
450000 2.493723 0.115607 1.129999
460000 3.012813 0.158526 1.243973
470000 3.572046 0.117825 1.224779
480000 3.035795 0.142972 1.304555
490000 3.974149 0.080799 1.252135
500000 4.188519 0.259361 1.198802
510000 4.896300 0.219622 1.298499
520000 4.193520 0.183009 1.301868
530000 3.814620 0.293639 1.259872
540000 3.005092 0.166169 1.310752
550000 3.970823 0.215629 1.252626
560000 4.576998 0.110773 1.340115
570000 4.630459 0.105547 1.160922
580000 3.955627 0.200954 1.252569
590000 2.621552 0.187383 1.371020
600000 3.611677 0.105953 1.124576
610000 2.572413 0.047096 1.340309
620000 1.876012 0.214045 1.290447
630000 1.565580 0.164064 1.232555
640000 0.907353 0.191756 1.184477
650000 0.841554 0.244034 1.202529
660000 1.166771 0.242170 1.191701
670000 1.168884 0.131044 1.152468
680000 1.270791 0.095706 1.278951
690000 1.529377 0.229188 1.202276
700000 1.914382 0.326636 1.131679
710000 1.857907 0.053770 1.131856
720000 1.715707 0.207412 1.363267
730000 2.115431 0.148814 1.191258
740000 2.291786 0.173439 1.139371
750000 2.512391 0.162423 1.137240
760000 2.922106 0.324398 1.231950
770000 3.479667 0.162263 1.302384
780000 3.867903 0.258407 1.242963
790000 3.996756 0.130429 1.259003
800000 3.437564 0.114324 1.107069
810000 3.107698 0.131068 1.269938
820000 2.591766 0.202758 1.247611
830000 2.758206 0.260191 1.245231
840000 2.973878 0.207446 1.147462
850000 3.983642 0.296874 1.238464
860000 3.620226 0.055344 1.130771
870000 3.752297 0.216924 1.233352
880000 3.852642 0.289449 1.277309
890000 4.441462 0.233436 1.294763
900000 4.004026 0.275262 1.213272
910000 4.323153 0.078157 1.282752
920000 3.597797 0.166909 1.182138
930000 4.587861 0.118498 1.191997
940000 4.706998 0.166535 1.211195
950000 4.148527 0.286004 1.232336
960000 3.925362 0.105509 1.265601
970000 2.616224 0.249354 1.270249
980000 2.133619 0.208686 1.394185
990000 1.720005 0.236883 1.201393
1000000 0.871992 0.270872 1.382143
1010000 0.691020 0.386067 1.182051
1020000 1.099165 0.162939 1.179364
1030000 1.243129 0.154541 1.166478
1040000 1.172840 0.289001 1.212291
1050000 1.185365 0.028504 1.195949
1060000 1.328601 0.281954 1.250763
1070000 1.482441 0.187077 1.274521
1080000 1.426347 0.103262 1.283944
1090000 0.970898 0.172745 1.261113
1100000 1.431924 0.136920 1.236546
1110000 1.675855 0.180147 1.288203
1120000 2.012093 0.209950 1.289547
1130000 1.710403 0.285052 1.304500
1140000 2.219136 0.226916 1.139629
1150000 2.102868 0.199166 1.210667
1160000 2.512365 0.241386 1.362849
1170000 2.764749 0.135014 1.260297
1180000 3.114257 0.145865 1.256366
1190000 3.366931 0.184495 1.249982
1200000 4.597457 0.189847 1.273972
1210000 4.796989 0.174158 1.195765
1220000 3.922724 0.170204 1.280012
1230000 4.252246 0.065933 1.265341
1240000 4.723483 0.279448 1.118908
1250000 4.835542 0.212875 1.253400
1260000 4.110212 0.150463 1.289121
1270000 4.736650 0.080327 1.271563
1280000 4.726458 0.140377 1.307397
1290000 2.993727 0.149554 1.310457
1300000 2.485935 0.008998 1.191718
1310000 2.913626 0.175858 1.215667
1320000 2.306312 0.286112 1.277447
1330000 2.446077 0.166830 1.249490
1340000 3.088075 0.145265 1.220414
1350000 3.218119 0.150225 1.227690
1360000 3.499044 0.188654 1.214352
1370000 3.400429 0.144291 1.312893
1380000 3.594993 0.127092 1.248028
1390000 3.930822 0.248821 1.286979
1400000 4.144670 0.216380 1.177337
1410000 4.609273 0.309918 1.333014
1420000 4.064119 0.112935 1.122592
1430000 4.210882 0.108124 1.179103
1440000 3.112747 0.164748 1.268089
1450000 2.825344 0.224191 1.153574
1460000 2.701621 0.071966 1.276440
1470000 2.617325 0.271212 1.322392
1480000 3.736386 0.130437 1.300480
1490000 3.646924 0.152530 1.281374
1500000 4.099700 0.260187 1.214016
1510000 3.664435 0.207879 1.187057
1520000 3.170171 0.087260 1.142754
1530000 2.209456 0.233068 1.158755
1540000 2.010045 0.213946 1.329853
1550000 1.652656 0.018713 1.136527
1560000 2.192404 0.056253 1.283916
1570000 1.734951 0.322526 1.295396
1580000 1.872123 0.207168 1.218547
1590000 1.530381 0.245618 1.310584
1600000 1.331319 0.100661 1.149368
1610000 1.131967 0.196378 1.274005
1620000 1.214210 0.186323 1.202975
1630000 1.242023 0.206033 1.142818
1640000 0.951733 0.089166 1.184618
1650000 0.924080 0.242201 1.123954
1660000 0.982389 0.054377 1.162884
1670000 0.935908 0.178836 1.130626
1680000 0.896641 0.195271 1.252249
1690000 1.094853 0.161439 1.202431
1700000 1.124460 0.181189 1.332689
1710000 1.053714 0.230475 1.164663
1720000 1.313442 0.042080 1.101454
1730000 1.622871 0.256118 1.278948
1740000 1.945895 0.316028 1.221655
1750000 2.183483 0.095910 1.277202
1760000 2.127550 0.057042 1.337703
1770000 2.345041 0.246534 1.162064
1780000 2.184042 0.209455 1.262300
1790000 2.832195 0.309395 1.150461
1800000 3.060583 0.170574 1.250224
1810000 2.825584 0.114690 1.279749
1820000 3.444305 0.191740 1.268761
1830000 3.569585 0.199921 1.160808
1840000 4.322098 0.135806 1.398079
1850000 4.248105 0.157786 1.184091
1860000 4.621806 0.179497 1.342251
1870000 4.718028 0.265793 1.205470
1880000 4.462397 0.096296 1.217902
1890000 4.463820 0.090622 1.100559
1900000 3.898987 0.180161 1.354679
1910000 4.024866 0.225414 1.183687
1920000 3.232493 0.300140 1.322599
1930000 3.014314 0.260956 1.282927
1940000 3.633424 0.184356 1.239342
1950000 3.981435 0.052435 1.232345
1960000 4.091793 0.137837 1.253409
1970000 4.427528 0.238302 1.252563
1980000 4.972071 0.196927 1.257809
1990000 5.024607 0.103763 1.201385
2000000 4.609539 0.147546 1.196112
2010000 4.490301 0.096020 1.143444
2020000 4.658058 0.256687 1.031662
2030000 3.335568 0.099140 1.230517
2040000 2.619537 0.168986 1.244487
2050000 2.757225 0.111830 1.224255
2060000 1.855742 0.190553 1.142090
2070000 1.901475 0.170834 1.178644
2080000 1.838511 0.130282 1.256027
2090000 1.795061 0.268597 1.320042
2100000 1.697701 0.156125 1.245656
2110000 1.610465 0.082032 1.203187
2120000 1.990170 0.106730 1.254408
2130000 2.678963 0.085346 1.246650
2140000 2.558902 0.172896 1.155722
2150000 2.920246 0.172558 1.160924
2160000 3.097329 0.166065 1.175060
2170000 2.239377 0.179710 1.174673
2180000 2.550691 0.108704 1.233990
2190000 2.841406 0.170388 1.327718
2200000 2.988725 0.193633 1.254426
2210000 3.418131 0.187162 1.206734
2220000 3.651298 0.130658 1.293362
2230000 3.484672 0.144187 1.091931
2240000 3.400284 0.245859 1.116468
2250000 3.667534 0.130660 1.273877
2260000 4.751287 0.244690 1.232502
2270000 4.897358 0.235689 1.177626
2280000 4.097446 0.174399 1.213590
2290000 4.414056 0.247542 1.292150
2300000 4.703627 0.212647 1.271296
2310000 3.826135 0.215313 1.259798
2320000 4.728209 0.256687 1.248572
2330000 4.168080 0.160441 1.247417
2340000 3.645478 0.118663 1.122777
2350000 2.927651 0.321692 1.096947
2360000 2.789200 0.237341 1.195944
2370000 3.399512 0.142416 1.299255
2380000 3.773753 0.018757 1.259615
2390000 3.333852 0.237661 1.349952
2400000 2.091604 0.196570 1.308196
2410000 2.419356 0.166506 1.176286
2420000 2.201236 0.154820 1.150846
2430000 2.616074 0.145078 1.137039
2440000 2.582152 0.208723 1.139329
2450000 2.903928 0.255485 1.349321
2460000 3.701925 0.154125 1.274010
2470000 3.568045 0.197627 1.267944
2480000 3.158943 0.149963 1.162025
2490000 2.607558 0.253796 1.260092
2500000 2.462676 0.171785 1.351611
2510000 3.454248 0.300987 1.261143
2520000 3.219963 0.139317 1.309561
2530000 2.361582 0.243132 1.224086
2540000 3.601206 0.322890 1.364519
2550000 4.006758 0.199594 1.190061
2560000 4.547228 0.136259 1.318018
2570000 4.032815 0.197262 1.182171
2580000 3.998666 0.017997 1.243424
2590000 3.845396 0.084537 1.226629
2600000 3.331426 0.144561 1.349672
2610000 2.732398 0.228569 1.188919
2620000 2.925542 0.120981 1.170915
2630000 2.670329 0.267914 1.269867
2640000 1.710804 0.187200 1.198774
2650000 1.537893 0.160840 1.236458
2660000 1.444900 0.147257 1.137267
2670000 1.327302 0.190635 1.265259
2680000 1.382405 0.263459 1.242604
2690000 1.486529 0.250502 1.257826
2700000 1.983615 0.060911 1.069712
2710000 1.809295 0.234126 1.301453
2720000 2.002370 0.094771 1.310470
2730000 2.170517 0.102491 1.329135
2740000 2.310847 0.077879 1.203970
2750000 2.589696 0.120924 1.175894
2760000 2.040472 0.152325 1.360938
2770000 1.908914 0.019527 1.200270
2780000 2.258817 0.263030 1.090206
2790000 3.504557 0.203801 1.106945
2800000 3.882281 0.240334 1.256281
2810000 4.598074 0.243059 1.339324
2820000 4.548460 0.170891 1.146329
2830000 4.648245 0.291709 1.212906
2840000 4.533073 0.223094 1.324914
2850000 4.405200 0.187668 1.359916
2860000 3.994747 0.199739 1.168188
2870000 3.431880 0.159550 1.206234
2880000 3.173011 0.131892 1.286913
2890000 3.951690 0.258084 1.228641
2900000 3.906465 0.269057 1.316184
2910000 3.364821 0.189157 1.153025
2920000 3.604845 0.239915 1.243276
2930000 4.627086 0.222905 1.181955
2940000 3.648417 0.178352 1.293227
2950000 3.719673 0.161001 1.228618
2960000 3.897558 0.113937 1.183013
2970000 4.399697 0.216147 1.347690
2980000 4.549989 0.164616 1.156599
2990000 3.527940 0.204969 1.203308
3000000 4.158071 0.228135 1.292278
3010000 4.681202 0.178606 1.409140
3020000 3.935693 0.127580 1.293759
3030000 2.848322 0.165885 1.198138
3040000 2.843521 0.183242 1.362767
3050000 3.879556 0.245787 1.257751
3060000 4.430789 0.213065 1.204197
3070000 3.750571 0.080346 1.252493
3080000 2.980631 0.138754 1.218175
3090000 2.232202 0.280232 1.118395
3100000 1.659700 0.194299 1.131083
3110000 1.803180 0.081656 1.133520
3120000 2.806334 0.270045 1.235301
3130000 1.902822 0.272454 1.270358
3140000 1.755613 0.173141 1.142482
3150000 2.276926 0.141337 1.142625
3160000 2.776417 0.211325 1.260394
3170000 2.123020 0.196265 1.252855
3180000 1.013842 0.159189 1.373986
3190000 1.258980 0.190696 1.018586
3200000 0.921252 0.186891 1.204785
3210000 1.348463 0.118795 1.257815
3220000 1.489683 0.327993 1.279920
3230000 1.524632 0.157524 1.204831
3240000 1.308926 0.057854 1.362097
3250000 1.692305 0.271017 1.277642
3260000 1.836584 0.240758 1.266767
3270000 1.657653 0.184142 1.158111
3280000 2.187467 0.186763 1.242174
3290000 1.960627 0.068178 1.136767
3300000 2.104503 0.156258 1.248722
3310000 2.149315 0.098983 1.410670
3320000 2.714460 0.147161 1.214506
3330000 2.537715 0.203854 1.246377
3340000 3.101668 0.157581 1.214483
3350000 2.985506 0.370497 1.168403
3360000 3.672085 0.261194 1.212830
3370000 4.478990 0.233842 1.188374
3380000 3.712594 0.122632 1.337818
3390000 3.804328 0.252517 1.173051
3400000 3.938508 0.088111 1.198882
3410000 4.636776 0.244847 1.251453
3420000 4.526122 0.022000 1.373455
3430000 4.778233 0.319724 1.245499
3440000 4.422583 0.180016 1.243788
3450000 3.659560 0.193379 1.294614
3460000 3.127146 0.087313 1.215311
3470000 3.397516 0.130239 1.146960
3480000 2.281842 0.214570 1.355618
3490000 2.058953 0.093833 1.158781
3500000 2.202218 0.232412 1.319357
3510000 2.860256 0.103458 1.262783
3520000 2.285222 0.206473 1.059920
3530000 1.849656 0.278487 1.295608
3540000 1.702554 0.239120 1.099027
3550000 1.697098 0.128356 1.189640
3560000 2.002373 0.268796 1.176667
3570000 1.438245 0.259308 1.311536
3580000 1.468578 0.206301 1.139825
3590000 1.288317 0.105065 1.208317
3600000 1.453317 0.199977 1.209841
3610000 1.385589 0.231584 1.185175
3620000 1.370941 0.161690 1.192246
3630000 1.362213 0.103230 1.248856
3640000 0.817596 0.136289 1.205011
3650000 0.984751 0.136789 1.131797
3660000 0.774204 0.037960 1.232340
3670000 0.823264 0.161009 1.203745
3680000 0.994949 0.166048 1.142237
3690000 1.177775 0.232445 1.080668
3700000 1.094321 0.124714 1.247708
3710000 1.104997 0.236891 1.194516
3720000 1.014879 0.090081 1.203008
3730000 1.203742 0.094266 1.261905
3740000 0.874141 0.130294 1.141671
