100000 2.471189 0.236202 1.016531
110000 3.757128 0.257279 1.026030
120000 2.804498 0.265725 1.132454
130000 3.597795 0.358347 0.939082
140000 4.210375 0.096767 0.904359
150000 3.947414 0.126046 1.042475
160000 4.838990 0.235032 1.034432
170000 3.293472 0.236206 0.965538
180000 2.066517 0.119531 0.881665
190000 2.222672 0.165407 1.043223
200000 2.052380 0.060032 0.925266
210000 2.788240 0.237190 1.056438
220000 2.695872 0.225588 0.921984
230000 3.039786 0.002148 1.045371
240000 2.381140 0.040787 1.038447
250000 2.463986 0.085158 0.994351
260000 4.072950 0.220691 0.980553
270000 3.332975 0.132326 1.133871
280000 3.288477 0.138306 0.977929
290000 3.342954 0.254791 0.941935
300000 4.734304 0.150514 1.105717
310000 5.010581 0.146865 1.011821
320000 4.635139 0.237927 1.059030
330000 4.601822 0.205723 1.072873
340000 3.663851 0.137751 1.092024
350000 2.876637 -0.031977 0.960793
360000 2.992349 0.029953 0.883613
370000 1.328198 0.123885 0.994416
380000 0.943519 0.263564 1.071053
390000 0.856237 0.237931 1.052185
400000 1.119815 0.097133 0.957335
410000 1.555108 0.143871 1.115190
420000 2.081306 0.030069 0.963259
430000 2.353434 0.042625 1.193255
440000 1.657014 0.096926 1.203750
450000 2.156415 0.203765 0.930631
460000 2.945444 0.164860 0.988915
470000 3.143775 0.253322 0.986053
480000 4.032275 0.157769 0.988045
490000 4.985287 0.348285 0.979019
500000 4.986237 0.106522 1.087671
510000 3.572155 0.112185 1.055517
520000 4.753864 0.184702 1.020315
530000 3.742218 0.264280 1.197439
540000 3.355683 0.136671 1.001050
550000 2.331122 0.172930 1.020130
560000 2.420041 0.136367 1.160152
570000 2.129805 0.248122 1.015928
580000 2.233571 0.108787 1.115400
590000 2.125597 0.104117 1.060814
600000 1.358090 0.228605 0.993194
610000 1.318424 0.262522 1.037571
620000 0.884214 0.255890 1.030200
630000 0.852162 0.185151 0.956666
640000 1.081077 0.329826 1.096973
650000 1.268488 0.149875 1.090548
660000 1.337259 0.256663 1.109065
670000 1.444421 0.252734 0.983538
680000 1.432273 0.232885 1.093129
690000 1.011723 0.233494 1.109478
700000 1.013727 0.255753 0.965838
710000 1.175763 0.279850 0.919796
720000 1.746161 0.138928 0.943197
730000 1.672448 0.216243 1.020655
740000 1.605498 0.227428 1.134362
750000 2.033081 0.254488 1.017924
760000 2.740074 0.120669 1.067453
770000 3.251708 0.206309 0.908541
780000 4.117359 0.298651 1.127761
790000 4.603924 0.295786 1.016695
800000 4.464292 0.160270 0.935944
810000 3.981978 0.097914 1.127020
820000 2.936813 0.000578 1.001041
830000 3.076165 0.219029 0.925700
840000 3.237032 0.193586 1.153715
850000 3.304484 0.224056 1.015246
860000 4.962556 0.220292 0.950706
870000 4.506190 0.124227 0.985066
880000 4.077398 0.179438 1.032071
890000 4.432360 0.216219 0.987260
900000 4.485881 0.045114 1.120779
910000 3.208786 0.217000 1.028380
920000 2.925154 0.267335 1.007105
930000 2.456509 0.184331 1.161466
940000 2.252809 0.123448 0.989354
950000 2.221216 0.125088 1.105848
960000 1.477220 0.105220 1.069454
970000 2.165959 0.161734 1.040627
980000 1.462052 0.175892 1.030192
990000 1.305771 0.039307 1.076327
1000000 1.262381 0.061581 1.076371
1010000 1.835309 0.086727 0.991917
1020000 1.899576 0.199680 1.047228
1030000 2.324005 0.172217 1.009195
1040000 2.593310 0.080452 0.980694
1050000 3.843850 0.125483 0.998834
1060000 4.293330 0.187525 1.079974
1070000 3.969629 0.191424 0.994105
1080000 3.921309 0.208986 0.865940
1090000 3.179629 0.227814 1.033671
1100000 3.048149 0.177084 1.160445
1110000 3.288260 0.152803 1.128606
1120000 3.092363 0.207195 0.917108
1130000 2.321344 0.243705 0.972568
1140000 2.033949 0.210848 0.978093
1150000 2.055570 0.191637 1.106105
1160000 3.511822 0.171795 0.985873
1170000 3.485208 0.187700 1.084422
1180000 4.303302 0.176716 0.988931
1190000 4.661635 0.270192 0.967891
1200000 4.603247 0.144200 0.953451
1210000 3.727391 0.190828 1.142520
1220000 3.856004 0.198329 0.954786
1230000 4.055703 0.139496 1.005036
1240000 3.631776 0.286243 1.073694
1250000 4.211784 0.230948 1.032221
1260000 4.495822 0.118625 1.025229
1270000 4.740436 0.223086 0.955877
1280000 4.022293 0.018368 1.025553
1290000 3.219262 0.150450 0.965294
1300000 2.907227 0.178945 1.066270
1310000 3.405610 0.056907 1.142045
1320000 3.399863 0.147860 1.124250
1330000 3.624161 0.189986 1.047369
1340000 3.438946 0.292152 0.984086
1350000 3.176206 0.148848 1.148955
1360000 3.617723 0.187025 0.927207
1370000 4.131000 0.145838 1.082334
1380000 4.763989 0.185895 0.928465
1390000 4.340432 0.091245 1.044008
1400000 3.155128 0.103804 1.022015
1410000 3.036668 0.144143 1.032673
1420000 2.235052 0.151314 1.136186
1430000 2.115677 0.101968 1.117125
1440000 1.605632 0.057066 1.017286
1450000 1.315177 0.169486 1.012482
1460000 1.182785 0.161446 1.143615
1470000 1.210104 0.286531 0.986274
1480000 1.277878 0.162575 1.082951
1490000 1.344072 0.169817 1.108080
1500000 1.535689 0.183021 0.942555
1510000 1.169186 0.219804 1.023047
1520000 1.568152 0.276194 1.149068
1530000 1.299498 0.164510 0.926330
1540000 1.245397 0.066499 1.215333
1550000 1.227554 0.206501 1.174782
1560000 1.736684 0.239176 0.879786
1570000 2.200101 0.232781 1.031329
1580000 2.470098 0.151261 1.126430
1590000 2.007880 0.264014 1.117890
1600000 2.580604 0.212523 1.141599
1610000 2.940133 0.200019 0.909049
1620000 3.092784 0.196219 1.125948
1630000 3.480319 0.228879 1.022033
1640000 3.392189 0.208593 0.998092
1650000 4.620330 0.177322 1.050670
1660000 4.751348 0.011372 0.985574
1670000 4.777013 0.083149 1.080788
1680000 4.907153 0.081434 1.148369
1690000 4.347305 0.117690 1.028667
1700000 4.002559 0.168198 0.970753
1710000 3.694823 0.186680 1.016600
1720000 3.115034 0.159536 1.126390
1730000 2.877744 0.096627 1.126350
1740000 3.350661 0.172146 0.982493
1750000 2.914555 0.123694 1.004996
1760000 2.371513 0.134647 0.991470
1770000 2.603633 0.246454 1.040718
1780000 2.922967 0.273325 1.087050
1790000 3.368217 0.261762 0.979446
1800000 4.027257 0.028883 0.927281
1810000 3.971339 0.232645 1.133430
1820000 4.566678 0.153852 1.157359
1830000 3.974431 0.089521 0.969038
1840000 2.764912 0.207945 1.162227
1850000 2.309464 0.107323 1.180683
1860000 2.406111 0.144404 0.988727
1870000 1.898382 0.148222 1.136168
1880000 1.825825 0.243206 1.117236
1890000 1.753024 0.134004 1.046580
1900000 2.249025 0.205589 0.992653
1910000 2.196868 0.145384 1.050666
1920000 1.954009 0.190363 1.025190
1930000 2.263372 0.248931 1.120645
1940000 2.213050 0.205213 0.982106
1950000 3.294289 0.171706 1.062503
1960000 4.402718 0.284487 1.032383
1970000 4.858683 0.018666 1.087311
1980000 4.632274 0.176634 0.918049
1990000 4.461364 0.174555 1.093541
2000000 4.218942 0.089889 0.943399
2010000 4.282488 0.108741 1.041678
2020000 3.764215 0.181087 1.009527
2030000 3.938187 0.235183 1.032611
2040000 5.050422 0.225363 0.984237
2050000 4.487420 0.193436 0.883637
2060000 3.637615 0.138491 1.053178
2070000 2.690903 0.144849 1.024307
2080000 2.474213 0.111781 1.042803
2090000 1.664849 0.181367 1.072087
2100000 1.795957 0.078417 1.152960
2110000 1.941648 0.156401 1.100044
2120000 1.612854 0.189433 1.094846
2130000 1.590895 0.254841 1.095616
2140000 1.498587 0.168902 1.144809
2150000 1.698501 0.174751 1.112812
2160000 1.647764 0.269237 0.945739
2170000 1.846065 0.135911 0.948362
2180000 1.837196 0.122550 1.067990
2190000 2.177589 0.150365 1.016465
2200000 2.710109 0.164455 1.025479
2210000 3.906474 0.123129 0.973475
2220000 3.955261 0.201316 1.140808
2230000 3.821742 0.155011 1.065661
2240000 3.014294 0.087697 1.105894
2250000 2.331344 0.118160 1.140859
2260000 2.798335 0.210335 1.067470
2270000 2.598827 0.244221 1.106222
2280000 2.501704 0.153331 1.085480
2290000 3.003276 0.159842 0.986542
2300000 3.396771 0.302985 1.015155
2310000 4.556343 0.213831 0.989402
2320000 4.392059 0.168562 0.961585
2330000 4.574553 0.175398 0.994089
2340000 4.854964 0.170612 1.060167
2350000 3.955677 0.188975 1.201795
2360000 4.755751 0.087023 1.097000
2370000 4.693617 0.147230 0.819879
2380000 5.017725 0.165451 1.069687
2390000 3.949465 0.207935 1.024393
2400000 3.786385 0.135614 1.129135
2410000 2.965282 0.223914 0.999490
2420000 4.067857 0.236004 1.003810
2430000 4.540673 0.229417 1.177977
2440000 4.234223 0.123677 0.939141
2450000 4.363217 0.144940 1.278967
2460000 4.979271 0.108373 1.234070
2470000 3.511192 0.285724 1.182306
2480000 4.225350 0.152741 1.074620
2490000 3.358576 0.311036 1.077461
2500000 3.337436 0.102030 0.976483
2510000 2.892049 0.205996 0.953401
2520000 3.216938 0.105941 1.078535
2530000 2.803459 0.052702 0.940993
2540000 2.750146 0.050048 1.084606
2550000 1.949481 0.172078 1.037265
2560000 1.950126 0.220365 1.124364
2570000 2.145146 0.220410 1.041681
2580000 2.370637 0.179777 1.067737
2590000 2.210760 0.151259 1.052060
2600000 2.478511 0.197759 0.983637
2610000 2.608533 0.148305 1.115615
2620000 2.610238 0.027165 1.131375
2630000 3.022279 0.320109 1.071959
2640000 3.761434 0.226015 0.999366
2650000 4.249199 0.227345 0.946738
2660000 3.933333 0.233133 0.932253
2670000 5.013127 0.187800 1.059998
2680000 5.018638 0.191737 0.944623
2690000 4.851630 0.187702 1.136179
2700000 4.755446 0.086163 1.056230
2710000 4.746496 0.202079 1.004717
2720000 4.372525 0.098030 1.047816
2730000 3.713817 0.155677 0.955624
2740000 3.382513 0.201148 0.988374
2750000 3.534714 0.168339 0.976115
2760000 3.798179 0.160112 1.012408
2770000 3.550614 0.091363 1.075904
2780000 3.050364 0.126922 1.028102
2790000 2.869712 0.204824 1.067577
2800000 2.970393 0.129877 0.994883
2810000 2.431068 0.081641 1.073458
2820000 1.781529 0.190741 0.988198
2830000 1.685581 0.271542 0.919424
2840000 2.119425 0.160587 0.960402
2850000 2.127224 0.202612 1.195532
2860000 2.090245 0.157485 1.184387
2870000 1.456083 0.162296 0.980962
2880000 1.752436 0.198858 1.161674
2890000 1.623164 0.266793 0.928318
2900000 1.400520 0.087027 1.066643
2910000 0.905376 0.212075 0.965506
2920000 0.946622 0.317456 0.889391
2930000 0.830459 0.306610 1.118525
2940000 1.068802 0.238519 1.139443
2950000 0.991128 0.193442 0.962410
2960000 1.093077 0.103406 1.029655
2970000 1.160991 0.209443 1.055913
2980000 1.029539 0.115038 1.048133
2990000 1.052894 0.132820 1.045617
3000000 1.041481 0.076170 0.979957
3010000 1.406276 0.212009 0.986100
3020000 1.351620 0.303019 0.999117
3030000 1.215850 0.143199 1.117632
3040000 1.468021 0.160565 1.043700
3050000 1.516411 0.076381 1.099003
3060000 1.726725 0.168169 1.053242
3070000 1.682355 0.175535 0.952025
3080000 1.612980 0.201430 1.066903
3090000 1.342898 0.091284 1.080514
3100000 1.206763 0.195505 1.061674
3110000 1.102204 0.264715 1.140456
3120000 1.867741 0.232444 0.933752
3130000 2.321393 0.252208 1.218192
3140000 1.986708 0.302797 1.193929
3150000 2.748239 0.156802 0.970778
3160000 3.917879 0.114456 1.058770
3170000 4.984273 0.243682 0.969557
3180000 4.743466 0.195277 1.009120
3190000 4.913637 0.115520 1.132414
3200000 4.688445 0.159902 1.123806
3210000 3.933073 0.116036 1.042514
3220000 5.031227 0.293673 1.263944
3230000 4.418596 0.127269 0.999801
3240000 4.338464 0.189949 1.021627
3250000 4.040594 0.023902 0.972661
3260000 2.912073 0.208141 1.006793
3270000 2.860813 0.084314 0.870909
3280000 3.094255 0.121327 1.003500
3290000 3.713066 0.216735 1.045108
3300000 3.897080 0.243708 1.121526
3310000 3.442340 0.278693 0.934991
3320000 2.978739 0.151518 0.999146
3330000 2.956463 0.196164 0.928689
3340000 2.168342 0.248662 0.955019
3350000 2.119764 0.273386 1.090063
3360000 2.784830 0.170843 1.042917
3370000 2.962660 0.188580 1.058652
3380000 2.377315 0.117805 1.050017
3390000 3.180595 0.120304 1.066454
3400000 2.546477 0.206179 1.143370
3410000 3.617891 0.189038 1.053776
3420000 4.032291 0.240180 0.982371
3430000 3.177630 0.249650 0.974996
3440000 3.717050 0.244917 1.127189
3450000 4.043133 0.102452 1.019577
3460000 3.026157 0.092282 0.960092
3470000 3.234958 0.258051 1.013892
3480000 3.258465 0.118455 1.169996
3490000 3.992832 0.182243 0.944178
3500000 4.424721 0.124561 1.182455
3510000 4.238714 0.299812 1.071179
3520000 4.174336 0.221820 0.977958
3530000 4.181785 0.113938 1.135250
3540000 4.886070 0.137828 0.942872
3550000 3.711875 0.050161 0.990918
3560000 4.499529 0.124311 1.052698
3570000 3.920711 0.272000 1.012595
3580000 4.335632 0.112373 1.078914
3590000 3.738279 0.134432 1.086929
3600000 4.712192 0.179590 1.039076
3610000 4.919694 0.275757 0.997470
3620000 4.589693 -0.040514 1.052145
3630000 4.936059 0.120394 1.018482
3640000 3.869102 0.141713 0.971855
3650000 4.139799 0.141538 1.138415
3660000 3.543327 0.182786 1.099539
3670000 3.028399 0.214623 1.092850
3680000 2.003320 0.236114 1.196136
3690000 1.838726 0.238361 1.122978
3700000 2.063393 0.330122 1.029138
3710000 1.767004 0.167653 1.062446
3720000 1.710842 0.116350 1.024958
3730000 1.819329 0.206926 1.031371
3740000 1.538840 0.075767 1.009759
3750000 1.855415 0.173418 1.158695
3760000 1.724959 0.166874 1.114898
3770000 1.656204 0.321852 1.146331
3780000 2.316640 0.188257 1.007890
3790000 2.039464 0.105601 1.079060
3800000 1.986674 0.179729 1.120627
3810000 2.832184 0.136110 1.017926
3820000 2.920807 0.195328 1.080725
3830000 3.432420 0.262274 1.047788
3840000 3.442423 0.136733 1.057297
