100000 2.583535 0.009724 -0.476765
110000 3.361749 0.172159 -0.448470
120000 4.692842 0.209050 -0.429708
130000 4.580065 0.199436 -0.485467
140000 4.773988 0.106325 -0.448161
150000 5.053266 0.317171 -0.463226
160000 3.220116 0.045417 -0.505595
170000 2.908255 0.139600 -0.628514
180000 2.229779 0.175085 -0.529807
190000 1.766879 0.140663 -0.393813
200000 2.821083 0.136384 -0.516434
210000 4.247270 0.154092 -0.595388
220000 4.804074 0.209594 -0.461522
230000 4.097124 0.140977 -0.405089
240000 4.316669 0.102972 -0.599797
250000 4.647958 0.140574 -0.502662
260000 3.908502 0.243381 -0.489048
270000 2.542587 0.241467 -0.549139
280000 2.340473 0.167565 -0.577399
290000 3.504412 0.235314 -0.564375
300000 4.022400 0.149648 -0.561569
310000 3.001848 0.130238 -0.441095
320000 1.948580 0.139416 -0.519812
330000 0.981326 0.213036 -0.442619
340000 1.007895 0.199573 -0.378447
350000 1.077274 0.254664 -0.461275
360000 0.879054 0.232987 -0.572850
370000 1.584927 0.195914 -0.453215
380000 1.227865 0.200171 -0.595811
390000 1.545626 0.063782 -0.693971
400000 2.268221 0.132905 -0.619431
410000 2.314659 0.282614 -0.521032
420000 2.880926 0.213894 -0.519842
430000 3.619978 0.336445 -0.568775
440000 4.967961 0.279721 -0.561980
450000 4.682624 0.232354 -0.374108
460000 4.499150 0.079870 -0.608433
470000 4.463800 0.221124 -0.518666
480000 3.508491 0.101313 -0.633792
490000 2.781397 0.124442 -0.526160
500000 3.011808 0.215933 -0.446115
510000 3.829775 0.222580 -0.519828
520000 3.759675 0.181223 -0.497671
530000 4.693931 0.158739 -0.470566
540000 4.079709 0.118324 -0.554984
550000 4.392436 0.045480 -0.616776
560000 3.237798 0.150255 -0.549216
570000 2.741067 0.183934 -0.552591
580000 2.529171 0.143184 -0.523679
590000 2.399869 0.234880 -0.459111
600000 2.621019 0.086597 -0.634504
610000 3.727022 0.166619 -0.491164
620000 3.630496 0.092563 -0.381108
630000 5.031680 0.151940 -0.510357
640000 4.803805 0.125192 -0.554709
650000 3.986837 0.270482 -0.465085
660000 3.129000 0.140599 -0.508369
670000 1.918434 0.172910 -0.549561
680000 1.377840 0.173146 -0.461265
690000 2.076650 0.188060 -0.653192
700000 1.407587 0.274693 -0.533329
710000 2.048667 0.183450 -0.556327
720000 2.447877 0.113387 -0.543411
730000 1.846929 0.021379 -0.584423
740000 2.250934 0.150380 -0.316561
750000 2.726363 0.120729 -0.591691
760000 3.447613 0.211229 -0.515444
770000 4.178250 0.209640 -0.594532
780000 3.589543 0.037671 -0.543998
790000 4.212301 0.200091 -0.606121
800000 4.675862 0.094872 -0.500813
810000 4.436020 0.024249 -0.525974
820000 4.244826 0.241958 -0.615346
830000 3.374438 0.109735 -0.506927
840000 2.934500 0.165224 -0.437560
850000 3.094337 0.195724 -0.390639
860000 2.326699 0.224676 -0.451899
870000 2.489296 0.131214 -0.517861
880000 2.874422 0.212814 -0.593802
890000 2.913849 0.138170 -0.423218
900000 2.803651 0.103219 -0.515481
910000 1.970597 0.264178 -0.584179
920000 3.131027 0.224592 -0.573960
930000 2.425756 0.222584 -0.489461
940000 1.965256 -0.015004 -0.524910
950000 1.058477 0.091439 -0.447829
960000 0.824899 0.248757 -0.669374
970000 1.083879 0.234685 -0.347279
980000 1.094636 0.086052 -0.517960
990000 1.279122 0.106946 -0.580703
1000000 1.034682 0.197465 -0.419660
1010000 1.004432 0.103101 -0.526176
1020000 0.975499 0.047337 -0.473140
1030000 1.374847 0.049733 -0.472711
1040000 1.318129 0.211270 -0.472602
1050000 1.130490 0.037335 -0.454833
1060000 1.514458 0.199005 -0.435288
1070000 1.643086 0.152754 -0.569725
1080000 1.780724 0.141043 -0.535131
1090000 1.850986 0.091982 -0.451231
1100000 1.708084 0.154266 -0.582963
1110000 1.491804 0.298836 -0.387738
1120000 2.109264 0.143222 -0.551491
1130000 2.617307 0.157169 -0.465425
1140000 3.233205 0.272540 -0.513769
1150000 3.499651 0.199804 -0.608056
1160000 3.552044 0.285285 -0.577156
1170000 3.417610 0.197147 -0.633786
1180000 2.833107 0.202945 -0.571291
1190000 2.870311 0.191675 -0.525773
1200000 3.466621 -0.002001 -0.568253
1210000 4.824056 0.248499 -0.542111
1220000 4.709133 0.209500 -0.567750
1230000 4.244748 0.115442 -0.558781
1240000 4.003821 0.153045 -0.488747
1250000 4.407818 0.257610 -0.585509
1260000 4.018385 0.172316 -0.382772
1270000 4.150475 0.096918 -0.530875
1280000 4.983959 0.053568 -0.550374
1290000 4.340519 0.293158 -0.567499
1300000 3.842392 0.172567 -0.731516
1310000 4.424679 0.075148 -0.446379
1320000 4.840567 0.239900 -0.528443
1330000 4.844584 0.129848 -0.535731
1340000 4.735108 0.148011 -0.455448
1350000 3.881034 0.132512 -0.449716
1360000 2.984448 0.152827 -0.594912
1370000 3.109090 0.165204 -0.551609
1380000 2.372988 0.178852 -0.686020
1390000 2.309918 0.170886 -0.471382
1400000 2.927714 0.155074 -0.641577
1410000 2.580556 0.145695 -0.604105
1420000 3.045987 0.163614 -0.384221
1430000 3.548272 0.114418 -0.472703
1440000 4.274214 0.224554 -0.529768
1450000 4.180385 0.165442 -0.583192
1460000 4.710150 0.235778 -0.515503
1470000 3.473689 0.193285 -0.557337
1480000 3.787019 0.219112 -0.587712
1490000 3.832966 0.113749 -0.604016
1500000 2.928488 0.229801 -0.520459
1510000 2.606607 0.098699 -0.467767
1520000 2.270639 0.334142 -0.490136
1530000 2.510844 0.147115 -0.468651
1540000 3.016058 0.223382 -0.618434
1550000 3.199772 0.220329 -0.545366
1560000 3.643591 0.087628 -0.479944
1570000 4.905020 0.195795 -0.596177
1580000 5.032113 0.200386 -0.638256
1590000 3.855637 0.198515 -0.521216
1600000 4.585895 0.151459 -0.622964
1610000 4.055300 0.310919 -0.697672
1620000 2.894789 0.259974 -0.508497
1630000 1.969885 0.107727 -0.547705
1640000 1.969442 0.072988 -0.555987
1650000 1.839140 0.173286 -0.501280
1660000 2.447075 0.294862 -0.615930
1670000 2.547648 0.230493 -0.422469
1680000 2.205402 0.141170 -0.552880
1690000 1.962778 0.183200 -0.552440
1700000 1.612152 0.160184 -0.431963
1710000 1.431251 0.313606 -0.513505
1720000 1.283046 0.186359 -0.449354
1730000 1.396770 0.098571 -0.510813
1740000 1.427691 0.180879 -0.523878
1750000 2.192773 0.044780 -0.527413
1760000 2.148981 0.259876 -0.471928
1770000 2.742144 0.195803 -0.533351
1780000 3.228769 0.097403 -0.659300
1790000 3.500304 0.157269 -0.624604
1800000 4.268284 0.115612 -0.477757
1810000 4.690669 0.172270 -0.471885
1820000 4.733565 0.218642 -0.543709
1830000 4.968422 0.345631 -0.546846
1840000 4.995689 0.119225 -0.481901
1850000 4.890902 0.284760 -0.363737
1860000 3.939798 0.135374 -0.500533
1870000 3.650937 0.321916 -0.513898
1880000 3.615796 0.373012 -0.497643
1890000 4.056168 0.186603 -0.680617
1900000 3.409597 0.225082 -0.409244
1910000 2.648616 0.164749 -0.401487
1920000 3.288469 0.244901 -0.430487
1930000 2.477280 0.125165 -0.629493
1940000 2.433035 0.166818 -0.533606
1950000 3.069439 0.098183 -0.537393
1960000 2.987874 0.182958 -0.562919
1970000 3.531661 0.176655 -0.534695
1980000 3.844553 0.065039 -0.497201
1990000 4.481321 0.215532 -0.622232
2000000 3.331096 0.040874 -0.481956
2010000 3.237031 0.194794 -0.609435
2020000 2.336405 0.125429 -0.603666
2030000 1.760249 0.146862 -0.559663
2040000 2.691105 0.209133 -0.439338
2050000 3.146914 0.071895 -0.450800
2060000 2.146594 0.249773 -0.499590
2070000 1.833834 0.121632 -0.448575
2080000 1.722762 0.025785 -0.550486
2090000 1.686664 0.139745 -0.499012
2100000 1.771018 0.169721 -0.403530
2110000 1.757692 0.180910 -0.528789
2120000 2.062088 -0.006825 -0.479356
2130000 2.110690 0.081445 -0.635967
2140000 1.895344 0.136642 -0.440684
2150000 1.000891 0.118511 -0.546175
2160000 1.534564 0.177849 -0.479078
2170000 1.964084 0.053584 -0.639697
2180000 3.504133 0.123257 -0.534907
2190000 3.117477 0.263232 -0.381862
2200000 3.017567 0.192562 -0.600388
2210000 3.654578 0.192884 -0.473050
2220000 4.157018 0.198850 -0.500478
2230000 4.635024 0.227876 -0.633479
2240000 4.820591 0.053053 -0.437019
2250000 4.964272 0.140204 -0.538302
2260000 4.205775 0.193646 -0.614776
2270000 3.338404 0.187501 -0.562508
2280000 3.204950 0.269611 -0.609284
2290000 2.789589 0.152479 -0.440477
2300000 2.550853 0.145333 -0.397219
2310000 2.562844 0.142408 -0.484532
2320000 2.902669 0.086405 -0.584141
2330000 2.664520 0.223309 -0.530472
2340000 3.984773 0.013521 -0.350847
2350000 4.606408 0.182848 -0.474877
2360000 4.851171 0.278361 -0.405624
2370000 3.943202 0.121170 -0.705638
2380000 3.645281 0.058827 -0.485983
2390000 4.155822 0.133993 -0.609498
2400000 4.840322 0.229366 -0.563423
2410000 4.651523 0.168018 -0.522199
2420000 4.895930 0.019206 -0.503500
2430000 3.595115 0.216448 -0.633067
2440000 4.738912 0.028467 -0.636142
2450000 4.694866 0.235720 -0.622927
2460000 5.028118 0.110986 -0.476906
2470000 4.562250 0.175328 -0.702930
2480000 4.420260 0.110246 -0.422861
2490000 4.248393 0.060373 -0.614372
2500000 4.942146 0.078588 -0.460375
2510000 4.977892 0.223839 -0.496711
2520000 5.028174 0.174157 -0.619532
2530000 4.956968 0.138011 -0.487946
2540000 4.898253 0.167791 -0.629961
2550000 4.081046 0.256403 -0.552258
2560000 3.657853 0.288864 -0.554821
2570000 3.567195 0.207196 -0.643013
2580000 3.585897 0.301743 -0.527536
2590000 3.561698 0.136614 -0.406011
2600000 3.940391 0.154386 -0.611900
2610000 3.735510 0.112580 -0.455477
2620000 4.734272 0.138907 -0.397943
2630000 4.076125 0.105682 -0.450910
2640000 4.152450 0.236875 -0.501188
2650000 3.309684 0.293286 -0.482571
2660000 2.887804 0.217421 -0.486769
2670000 2.263565 0.208248 -0.582243
2680000 2.071051 0.145983 -0.397205
2690000 1.907832 0.236424 -0.553238
2700000 2.142793 0.173199 -0.461424
2710000 2.762686 0.140311 -0.559330
2720000 2.814032 0.148321 -0.493052
2730000 2.271898 0.136684 -0.533142
2740000 2.495533 0.128888 -0.551232
2750000 1.971962 0.126082 -0.531421
2760000 2.172739 0.340324 -0.625270
2770000 2.941720 0.107526 -0.513705
2780000 3.368718 0.130590 -0.643097
2790000 2.500974 0.082376 -0.650330
2800000 2.972813 0.342874 -0.564082
2810000 4.508230 0.253487 -0.517247
2820000 4.553178 0.158836 -0.472048
2830000 3.595641 0.230967 -0.595990
2840000 4.204837 0.114032 -0.429826
2850000 4.086969 0.304400 -0.448919
2860000 4.174997 0.254015 -0.419022
2870000 4.246275 -0.009012 -0.656466
2880000 4.564973 0.170775 -0.642084
2890000 4.344482 0.157840 -0.526672
2900000 3.851217 0.285966 -0.520194
2910000 3.068684 0.123696 -0.507380
2920000 3.628363 0.168312 -0.403180
2930000 3.716644 0.130551 -0.654894
2940000 4.888935 0.230852 -0.445248
2950000 4.825666 0.058730 -0.515094
2960000 4.646005 0.156855 -0.580782
2970000 3.812143 0.115663 -0.456853
2980000 3.828955 0.253926 -0.526164
2990000 2.770311 0.280199 -0.694775
3000000 1.670813 0.174593 -0.504309
3010000 1.807131 0.151673 -0.534195
3020000 1.251849 0.057881 -0.561564
3030000 1.897691 0.205280 -0.483350
3040000 2.162490 0.012502 -0.510207
3050000 2.182076 0.265562 -0.402232
3060000 2.190515 0.152453 -0.572467
3070000 2.011160 0.113648 -0.501761
3080000 2.978730 0.186617 -0.439811
3090000 2.928307 0.232340 -0.432384
3100000 3.069254 0.171215 -0.388502
3110000 2.578625 0.106390 -0.518046
3120000 2.496903 0.225269 -0.541269
3130000 2.695974 0.166825 -0.529091
3140000 2.267125 0.110741 -0.400823
3150000 1.752937 0.161332 -0.525258
3160000 1.638563 0.211060 -0.527756
3170000 0.598669 0.189871 -0.602310
3180000 0.900991 0.162327 -0.609946
3190000 1.052219 0.159528 -0.580985
3200000 1.114393 0.252922 -0.578138
3210000 0.875053 0.140286 -0.471800
3220000 0.873603 0.282331 -0.423755
3230000 1.048668 -0.020653 -0.452382
3240000 1.127948 0.231748 -0.579488
3250000 1.188949 0.282241 -0.459530
3260000 1.284480 0.239526 -0.522623
3270000 1.131109 0.105182 -0.541044
3280000 0.960653 0.264819 -0.654854
3290000 1.326974 0.161515 -0.431623
3300000 0.847342 0.238226 -0.543927
3310000 1.249608 0.212593 -0.526876
3320000 1.640105 0.124331 -0.552154
3330000 1.577526 0.359104 -0.513313
3340000 1.766659 0.257350 -0.597719
3350000 1.416185 0.202093 -0.525343
3360000 1.380766 0.283401 -0.472169
3370000 1.439229 0.111250 -0.479162
3380000 1.286771 0.232786 -0.449407
3390000 1.552661 0.084303 -0.541055
3400000 1.616207 0.182523 -0.521090
3410000 1.615958 0.273512 -0.469927
3420000 1.727794 0.200291 -0.562927
3430000 1.933890 0.317426 -0.544863
3440000 1.959891 0.168298 -0.642314
3450000 1.713160 0.056304 -0.535472
3460000 2.716563 0.262280 -0.510760
3470000 2.579573 0.169885 -0.538481
3480000 3.414384 0.017681 -0.595923
3490000 3.455653 0.270594 -0.416342
3500000 3.481451 0.049218 -0.442411
3510000 3.682709 0.132302 -0.572192
3520000 4.119455 0.174660 -0.565877
3530000 4.311907 0.210206 -0.537012
3540000 4.330447 0.209384 -0.457586
3550000 3.937712 0.169667 -0.390250
3560000 4.076932 0.163192 -0.584712
3570000 4.146661 0.194277 -0.466625
3580000 4.856294 0.239570 -0.541956
3590000 4.531814 0.264287 -0.520273
3600000 4.699739 0.230914 -0.555101
3610000 4.390055 0.320487 -0.517757
3620000 4.594841 0.094228 -0.403530
3630000 4.037166 0.173424 -0.508533
3640000 3.050330 0.218390 -0.533045
3650000 2.752605 0.112508 -0.527582
3660000 3.156246 0.164412 -0.544755
3670000 2.954423 0.069298 -0.451776
3680000 2.508615 -0.036247 -0.498954
3690000 2.463001 0.221737 -0.491752
3700000 2.872716 0.177486 -0.550197
3710000 2.248102 0.054325 -0.599535
3720000 2.262227 0.246166 -0.495417
3730000 2.070832 0.234479 -0.561601
3740000 1.941704 0.191501 -0.505612
3750000 1.766806 0.242783 -0.744674
3760000 1.676696 0.060186 -0.556425
