100000 2.555596 0.297014 -0.602116
110000 3.425780 0.422085 -0.593729
120000 4.847728 0.160507 -0.720548
130000 4.964431 0.306039 -0.712124
140000 4.682700 0.147204 -0.597636
150000 4.704553 0.194291 -0.769504
160000 3.803864 0.177240 -0.698801
170000 3.130989 0.201422 -0.902391
180000 2.180510 0.141644 -0.795589
190000 2.386432 0.064040 -0.670256
200000 1.877962 0.106028 -0.535591
210000 1.598706 0.005470 -0.687980
220000 1.207524 0.265785 -0.742740
230000 1.368492 0.111975 -0.615228
240000 1.619042 0.186186 -0.669751
250000 2.307049 0.127641 -0.667058
260000 2.019440 0.271397 -0.800388
270000 1.371709 0.111727 -0.683066
280000 1.209214 0.202575 -0.696366
290000 0.749418 0.182028 -0.731013
300000 0.863876 0.207258 -0.827810
310000 1.043461 0.172397 -0.738721
320000 1.585129 0.252476 -0.729988
330000 2.644933 0.124087 -0.597762
340000 3.413163 0.248637 -0.773427
350000 4.079655 0.169781 -0.888776
360000 3.904734 0.134705 -0.566012
370000 4.524220 0.114871 -0.683244
380000 3.169787 0.165966 -0.697226
390000 2.732722 0.059005 -0.646110
400000 2.858800 0.103572 -0.813958
410000 2.271304 0.091800 -0.662671
420000 2.462563 0.197217 -0.620246
430000 1.875388 0.055332 -0.719731
440000 1.370472 0.022324 -0.675281
450000 1.487128 0.137150 -0.528322
460000 2.075266 0.308072 -0.663701
470000 3.507258 0.142242 -0.926936
480000 4.235317 0.080784 -0.827540
490000 4.636644 0.193520 -0.761286
500000 3.868134 0.142052 -0.661466
510000 4.692276 0.146452 -0.705790
520000 4.346545 0.257626 -0.727173
530000 4.762186 0.108911 -0.607923
540000 3.823665 0.283070 -0.607389
550000 3.562618 0.242581 -0.622657
560000 3.114579 0.146663 -0.657875
570000 3.275389 0.207447 -0.638698
580000 4.325630 0.122934 -0.673570
590000 4.333525 0.157405 -0.709306
600000 4.131480 0.106444 -0.730560
610000 4.950664 0.150507 -0.642522
620000 4.093868 0.192408 -0.760689
630000 2.161996 0.200878 -0.784873
640000 2.807356 0.244068 -0.743090
650000 1.882405 0.194676 -0.679344
660000 2.191007 0.089802 -0.636175
670000 1.740649 0.152968 -0.789363
680000 1.610439 0.092546 -0.542634
690000 1.717829 0.295876 -0.830291
700000 1.369806 0.240217 -0.815740
710000 1.546603 0.144079 -0.764013
720000 1.651268 0.336816 -0.613223
730000 2.543108 0.238943 -0.704995
740000 2.660664 0.108684 -0.699746
750000 3.418838 0.273908 -0.657444
760000 2.802038 0.126989 -0.577434
770000 4.949774 0.094136 -0.747971
780000 4.771414 0.178412 -0.726196
790000 4.977301 0.210071 -0.710691
800000 4.363849 0.071797 -0.713980
810000 3.160926 0.353070 -0.739120
820000 4.044481 0.145302 -0.738487
830000 4.094559 0.064182 -0.562735
840000 2.437818 0.149390 -0.742251
850000 2.401365 0.201718 -0.644172
860000 3.043362 0.165438 -0.631351
870000 1.956822 0.095802 -0.702373
880000 2.878132 0.136530 -0.538092
890000 2.189664 0.193791 -0.675060
900000 1.750237 0.108093 -0.717957
910000 1.061597 0.094131 -0.687133
920000 0.746611 0.112915 -0.674035
930000 0.948849 0.111431 -0.888630
940000 1.233778 0.273437 -0.685235
950000 1.108482 0.165103 -0.575057
960000 1.345748 0.149823 -0.649481
970000 1.594521 0.159861 -0.670281
980000 2.262451 0.317348 -0.717782
990000 2.114396 0.226648 -0.616453
1000000 3.845390 0.097336 -0.618581
1010000 4.528402 0.207762 -0.712684
1020000 3.927916 0.228761 -0.572585
1030000 4.373387 0.192169 -0.610942
1040000 4.561908 0.254093 -0.695070
1050000 5.036477 0.129209 -0.777161
1060000 4.702001 0.052474 -0.677560
1070000 4.675127 0.305465 -0.650219
1080000 3.513920 0.273031 -0.664289
1090000 3.302427 0.227734 -0.674124
1100000 4.209894 0.185259 -0.654815
1110000 4.546647 0.200389 -0.669809
1120000 4.956649 0.136425 -0.801338
1130000 4.935433 0.182550 -0.667197
1140000 5.021845 0.259921 -0.736727
1150000 5.002296 0.307039 -0.661292
1160000 4.881827 0.253354 -0.695602
1170000 3.078071 0.233813 -0.742279
1180000 2.545972 0.242048 -0.617420
1190000 2.503498 0.147539 -0.829469
1200000 3.813223 0.203487 -0.768120
1210000 3.488969 0.241823 -0.848912
1220000 3.301771 0.292944 -0.737797
1230000 3.913277 0.174931 -0.657479
1240000 4.736845 0.146117 -0.669030
1250000 4.453390 0.259182 -0.718356
1260000 4.473307 0.189145 -0.679142
1270000 4.237189 0.125779 -0.711974
1280000 4.343788 0.267297 -0.691072
1290000 3.785233 0.155870 -0.683053
1300000 4.344992 0.289206 -0.721800
1310000 2.876477 0.154420 -0.836728
1320000 3.161222 0.126215 -0.626649
1330000 2.525305 0.246260 -0.758867
1340000 1.882108 0.150667 -0.642948
1350000 1.707453 0.078704 -0.693275
1360000 1.845097 0.263077 -0.652390
1370000 1.462282 0.054236 -0.830179
1380000 1.977046 0.282085 -0.625634
1390000 1.353912 0.151324 -0.524352
1400000 0.724368 0.143656 -0.740122
1410000 0.650656 0.245337 -0.749379
1420000 1.126619 0.152773 -0.588565
1430000 1.297919 0.087969 -0.740524
1440000 0.899344 0.213126 -0.753759
1450000 1.118188 0.248872 -0.607594
1460000 0.903811 0.179058 -0.818884
1470000 0.720378 0.210942 -0.563715
1480000 1.391333 0.124940 -0.582078
1490000 1.646495 0.150541 -0.711903
1500000 1.203206 0.123633 -0.623741
1510000 1.745833 0.150535 -0.725125
1520000 2.006000 0.247726 -0.766123
1530000 2.340509 0.210654 -0.687739
1540000 2.737176 0.244081 -0.674528
1550000 2.263548 0.069053 -0.817091
1560000 2.166356 0.187245 -0.745904
1570000 2.865824 0.190494 -0.707692
1580000 3.066484 0.123186 -0.647270
1590000 4.181255 0.278732 -0.637357
1600000 3.348225 0.249197 -0.583642
1610000 4.923486 0.248987 -0.634798
1620000 4.889574 0.164088 -0.634640
1630000 4.689611 0.277309 -0.748753
1640000 4.826059 0.169696 -0.817326
1650000 4.205881 0.151702 -0.625040
1660000 3.668665 0.240400 -0.612480
1670000 4.941437 0.175636 -0.577559
1680000 4.917301 0.205619 -0.702980
1690000 4.630276 0.058183 -0.613389
1700000 3.791221 0.029207 -0.701538
1710000 4.173952 0.254022 -0.730964
1720000 4.891186 0.348105 -0.626236
1730000 4.408441 0.177218 -0.681949
1740000 4.547438 0.061176 -0.762852
1750000 3.409616 0.217109 -0.691172
1760000 3.063146 0.260253 -0.736350
1770000 2.830000 0.201139 -0.567336
1780000 3.443005 0.174637 -0.719973
1790000 2.453300 0.132582 -0.731148
1800000 2.852480 0.172332 -0.759093
1810000 3.048381 0.241958 -0.709704
1820000 3.740788 0.047251 -0.757937
1830000 2.139296 0.221102 -0.835240
1840000 2.405475 0.123234 -0.761665
1850000 2.064372 0.207179 -0.705930
1860000 2.818527 0.159244 -0.683274
1870000 2.588104 0.017390 -0.663303
1880000 2.595268 0.218009 -0.701509
1890000 1.978589 0.151577 -0.683356
1900000 1.666470 0.085020 -0.666380
1910000 1.488627 0.256100 -0.601926
1920000 1.712116 0.283003 -0.742848
1930000 1.502472 0.119701 -0.728852
1940000 1.325824 0.105365 -0.629060
1950000 1.564573 0.161349 -0.712776
1960000 0.860729 0.266887 -0.689903
1970000 0.938240 0.187702 -0.695119
1980000 1.066368 0.121735 -0.754607
1990000 0.861055 0.284281 -0.678833
2000000 0.932401 0.208566 -0.646271
2010000 1.128972 0.146734 -0.692230
2020000 1.268045 0.087534 -0.812295
2030000 1.762800 0.239508 -0.552181
2040000 2.080493 0.148817 -0.616850
2050000 1.563932 -0.002758 -0.749711
2060000 2.175120 0.051845 -0.731780
2070000 2.068411 0.131577 -0.603166
2080000 2.992502 0.105748 -0.510391
2090000 3.571952 0.121930 -0.655377
2100000 2.553294 0.243299 -0.736796
2110000 2.837253 0.149111 -0.851187
2120000 3.336093 0.082257 -0.633035
2130000 3.666880 0.228414 -0.720158
2140000 4.180335 0.243904 -0.603416
2150000 4.122041 0.076347 -0.680942
2160000 3.664431 0.197505 -0.811807
2170000 3.589855 0.131404 -0.644557
2180000 4.702790 0.090172 -0.671892
2190000 4.694590 0.249022 -0.695061
2200000 4.359661 0.148114 -0.772494
2210000 5.034949 -0.036847 -0.710521
2220000 4.204600 0.202203 -0.734409
2230000 3.631669 0.228064 -0.706063
2240000 4.155885 0.196532 -0.709866
2250000 4.481776 0.108494 -0.727372
2260000 4.687072 0.193215 -0.637280
2270000 4.635672 0.126471 -0.670712
2280000 4.774869 0.301616 -0.823301
2290000 4.640209 0.189335 -0.726543
2300000 3.224771 0.226746 -0.688515
2310000 3.689848 0.279555 -0.696068
2320000 4.054297 0.287892 -0.862681
2330000 4.581482 0.054532 -0.643079
2340000 3.543789 0.173939 -0.663580
2350000 2.412203 0.120060 -0.659006
2360000 2.726682 0.268490 -0.790416
2370000 3.215604 0.191087 -0.651647
2380000 3.379169 -0.028788 -0.639594
2390000 4.184428 0.092233 -0.723079
2400000 4.265808 0.241967 -0.589680
2410000 3.996889 0.096814 -0.639574
2420000 3.487797 0.173855 -0.744800
2430000 2.968452 0.228215 -0.664048
2440000 2.423802 0.076097 -0.665183
2450000 2.902540 0.186751 -0.595686
2460000 2.872820 0.332790 -0.615066
2470000 2.844608 0.086815 -0.614686
2480000 3.257788 0.160982 -0.586386
2490000 2.176787 0.150400 -0.761822
2500000 2.167737 0.153610 -0.801931
2510000 2.457151 0.141556 -0.617662
2520000 2.517409 0.165730 -0.776127
2530000 2.000450 0.132778 -0.601191
2540000 1.633408 -0.035464 -0.662219
2550000 1.944116 0.171661 -0.659188
2560000 1.762067 0.147574 -0.694737
2570000 1.665828 0.112530 -0.772579
2580000 1.760286 0.201820 -0.645166
2590000 1.364684 0.123713 -0.660129
2600000 0.947478 0.156795 -0.616027
2610000 1.225342 0.186538 -0.678702
2620000 1.483803 0.133817 -0.734600
2630000 1.579565 0.119522 -0.671694
2640000 1.671461 0.223213 -0.588907
2650000 1.881128 0.137521 -0.678624
2660000 1.976663 0.168567 -0.759147
2670000 2.276533 0.109898 -0.685821
2680000 1.630028 0.134139 -0.681113
2690000 1.189459 0.199336 -0.711186
2700000 1.256816 0.183723 -0.666507
2710000 1.172578 0.155682 -0.727966
2720000 1.487520 0.352172 -0.702637
2730000 1.583543 0.109282 -0.603537
2740000 1.876947 0.191659 -0.668318
2750000 2.521641 0.081484 -0.722590
2760000 3.410056 0.130213 -0.744453
2770000 4.587842 0.071414 -0.759696
2780000 3.947025 0.171260 -0.609833
2790000 3.997178 0.178247 -0.676629
2800000 4.983343 0.129897 -0.723082
2810000 4.994569 0.252154 -0.770538
2820000 4.406767 0.105523 -0.808977
2830000 3.556044 0.120635 -0.615234
2840000 4.261069 0.276881 -0.628424
2850000 3.786834 0.202272 -0.861277
2860000 3.454137 0.124948 -0.764868
2870000 3.282937 0.076059 -0.683395
2880000 2.883558 0.177069 -0.676688
2890000 2.593359 0.137947 -0.644981
2900000 2.960047 0.159906 -0.643110
2910000 2.683918 0.206107 -0.642665
2920000 2.586591 0.062142 -0.679067
2930000 2.833712 0.130019 -0.680448
2940000 3.889245 0.112796 -0.786388
2950000 3.784277 0.253833 -0.639667
2960000 3.832519 0.172343 -0.650352
2970000 4.237528 0.159065 -0.769808
2980000 4.366152 0.060516 -0.616378
2990000 4.411466 0.244228 -0.733558
3000000 4.329227 0.101668 -0.679961
3010000 4.333505 0.243990 -0.771067
3020000 4.176419 0.149035 -0.675026
3030000 4.517639 0.126781 -0.754473
3040000 4.634410 0.269864 -0.687230
3050000 3.855750 0.142931 -0.679233
3060000 3.381447 0.185371 -0.632573
3070000 3.216955 0.208839 -0.758225
3080000 2.909036 0.166344 -0.636192
3090000 3.475813 0.104379 -0.720195
3100000 3.865013 0.216673 -0.638647
3110000 3.951415 0.144135 -0.654184
3120000 3.819118 -0.000637 -0.638119
3130000 3.497555 0.165472 -0.618355
3140000 2.495404 0.126810 -0.663634
3150000 2.275163 0.219857 -0.871919
3160000 2.529636 0.249457 -0.660450
3170000 1.924397 0.199340 -0.857885
3180000 1.935794 0.139155 -0.680859
3190000 2.065130 0.239831 -0.668973
3200000 2.725615 -0.009575 -0.749008
3210000 2.130557 0.326797 -0.717960
3220000 2.398621 0.094985 -0.723901
3230000 2.775891 0.263695 -0.739494
3240000 2.349356 0.329903 -0.609672
3250000 2.429574 0.171305 -0.579095
3260000 1.608689 0.189242 -0.719475
3270000 1.934266 0.268668 -0.821932
3280000 2.222742 0.058018 -0.751777
3290000 2.628377 0.157177 -0.727120
3300000 2.948405 0.228094 -0.702286
3310000 2.962334 0.248769 -0.684585
3320000 3.415648 0.240131 -0.636266
3330000 4.272594 0.096660 -0.624694
3340000 3.943616 0.156874 -0.639294
3350000 3.132387 0.138445 -0.729131
3360000 4.154313 0.171662 -0.755684
3370000 4.708601 0.167897 -0.696069
3380000 4.200374 0.207488 -0.652414
3390000 4.461309 0.128448 -0.532204
3400000 4.322502 0.089406 -0.736820
3410000 4.817193 0.141161 -0.575064
3420000 4.794805 0.222348 -0.727813
3430000 4.843216 0.140218 -0.651116
3440000 3.944249 0.068086 -0.696581
3450000 3.477534 0.260045 -0.565599
3460000 3.073624 0.233569 -0.690815
3470000 3.184946 0.304302 -0.725584
3480000 2.591830 0.126570 -0.714124
3490000 3.368705 0.211376 -0.837285
3500000 4.450041 0.140544 -0.644050
3510000 4.760136 0.340100 -0.511711
3520000 4.781836 0.170202 -0.691202
3530000 3.989121 0.102348 -0.692501
3540000 3.640080 0.166687 -0.701258
3550000 2.951574 0.215381 -0.753101
3560000 3.900257 0.222838 -0.622580
3570000 2.497332 0.156908 -0.886531
3580000 2.732516 0.088771 -0.757685
3590000 3.986932 0.224320 -0.640990
3600000 4.457986 0.301607 -0.779880
3610000 4.896376 0.133627 -0.683169
3620000 4.774807 0.144388 -0.710210
3630000 4.359356 0.193756 -0.550918
3640000 5.050491 0.212465 -0.703907
3650000 4.457798 0.120716 -0.685776
3660000 4.397882 0.166081 -0.686655
3670000 4.359808 0.243359 -0.646427
3680000 4.086642 0.180873 -0.655936
3690000 3.864658 0.140953 -0.634967
3700000 3.308991 0.148218 -0.752835
3710000 2.547529 0.060339 -0.837770
3720000 2.379235 0.116497 -0.693930
3730000 2.793831 0.173944 -0.902185
3740000 3.908599 0.207911 -0.720354
3750000 3.011372 0.230850 -0.649174
3760000 2.501407 0.143774 -0.743406
3770000 1.931038 0.104074 -0.705288
3780000 1.680752 0.234518 -0.635273
3790000 1.557721 0.164928 -0.858296
3800000 1.150263 0.216355 -0.800764
3810000 1.047860 0.102842 -0.699638
3820000 1.587218 0.232612 -0.669610
3830000 1.423291 0.188512 -0.802064
3840000 1.544710 0.237988 -0.610466
3850000 1.645672 0.151602 -0.663447
3860000 1.571660 0.292904 -0.686594
3870000 1.884617 0.281007 -0.813279
3880000 1.804494 0.021944 -0.797231
3890000 2.084889 0.167125 -0.639278
3900000 2.351540 0.162674 -0.647516
3910000 2.493717 0.240971 -0.712514
3920000 2.241849 0.114290 -0.637453
3930000 2.207041 0.181585 -0.736188
3940000 1.605743 0.166375 -0.718871
3950000 1.843167 0.240311 -0.720627
3960000 2.012382 0.139521 -0.669512
3970000 1.579254 0.085004 -0.584845
3980000 1.479824 0.150226 -0.700104
