100000 1.704414 0.239546 -1.520118
110000 2.416354 0.208139 -1.609411
120000 3.359943 0.221424 -1.613507
130000 4.757476 0.169816 -1.618482
140000 4.968088 0.149448 -1.491520
150000 4.809094 0.203110 -1.607140
160000 4.627208 0.173163 -1.626601
170000 3.520915 0.235475 -1.452820
180000 3.350470 0.179572 -1.523296
190000 3.078218 0.166247 -1.645027
200000 3.058631 0.191317 -1.521754
210000 2.247511 0.294741 -1.621736
220000 3.336206 0.248107 -1.583714
230000 4.543997 0.106303 -1.570913
240000 3.968958 0.209355 -1.502434
250000 4.902164 0.103456 -1.433716
260000 4.917852 0.369596 -1.753723
270000 4.497582 0.272692 -1.625038
280000 3.965884 0.242469 -1.468220
290000 2.883690 0.139730 -1.518839
300000 1.893875 0.166017 -1.584771
310000 2.250427 0.118378 -1.560578
320000 1.865175 0.323658 -1.523523
330000 3.246052 0.097483 -1.704565
340000 3.303677 0.121220 -1.645698
350000 2.956938 0.023266 -1.634530
360000 3.683460 0.204190 -1.469513
370000 3.938096 0.210785 -1.551596
380000 4.132241 0.184433 -1.705233
390000 2.417382 0.163804 -1.640904
400000 2.395316 0.217889 -1.666893
410000 1.914520 0.156937 -1.679427
420000 3.142625 0.231756 -1.608953
430000 2.857077 0.188163 -1.603955
440000 2.737505 0.234276 -1.593166
450000 2.219926 -0.004184 -1.572816
460000 1.801493 0.246941 -1.473541
470000 1.159779 0.111569 -1.670833
480000 0.962255 0.172388 -1.553339
490000 1.058948 0.175236 -1.593135
500000 0.749839 0.336207 -1.604398
510000 1.237588 0.182439 -1.648532
520000 1.243007 0.172686 -1.638176
530000 1.407661 0.203155 -1.572749
540000 1.226655 0.217875 -1.575500
550000 1.305475 0.176592 -1.620943
560000 0.918950 0.116097 -1.601153
570000 1.253090 0.078692 -1.568539
580000 1.772107 0.218475 -1.597240
590000 2.006483 0.282788 -1.581435
600000 2.342905 0.231213 -1.606387
610000 1.776198 0.082974 -1.530693
620000 2.331339 0.138516 -1.498086
630000 3.045108 0.054900 -1.717824
640000 4.560360 0.155149 -1.489569
650000 4.365317 0.160317 -1.523133
660000 4.071003 0.243724 -1.523623
670000 4.931278 0.296455 -1.506312
680000 4.369479 0.165908 -1.595132
690000 3.108511 0.237255 -1.609183
700000 2.667318 0.143683 -1.546111
710000 2.535932 0.255449 -1.643162
720000 3.489810 0.135528 -1.511589
730000 4.172673 0.174879 -1.609235
740000 4.312575 0.136817 -1.584947
750000 3.608555 0.094263 -1.541917
760000 3.844007 0.280195 -1.418279
770000 4.472097 0.253371 -1.602342
780000 4.152695 0.017297 -1.590378
790000 4.798078 0.211342 -1.728167
800000 3.843820 0.093045 -1.597144
810000 4.617578 0.197560 -1.630641
820000 4.690344 0.281075 -1.532189
830000 4.883628 0.178264 -1.560710
840000 3.053297 0.206524 -1.591039
850000 2.085566 0.205279 -1.492983
860000 2.407167 0.152354 -1.624682
870000 2.743296 0.146932 -1.595016
880000 3.713651 0.222240 -1.499193
890000 3.586273 0.190439 -1.685044
900000 4.108579 0.080107 -1.553497
910000 4.510065 0.204531 -1.669542
920000 4.438891 0.216121 -1.491141
930000 4.182923 0.256128 -1.540091
940000 3.755654 0.149834 -1.471229
950000 4.255070 0.221553 -1.536455
960000 4.205663 0.258105 -1.584817
970000 4.939836 0.304337 -1.482648
980000 4.587088 0.186719 -1.658560
990000 3.918542 0.098407 -1.667494
1000000 2.952438 0.199431 -1.636235
1010000 3.140609 0.124483 -1.491227
1020000 3.558960 0.124879 -1.446409
1030000 2.845947 0.213601 -1.578425
1040000 2.627124 0.319294 -1.524151
1050000 2.153094 0.136167 -1.632161
1060000 1.598990 0.175238 -1.515847
1070000 1.568440 0.382866 -1.630786
1080000 1.726324 0.165981 -1.436581
1090000 1.956402 0.286514 -1.579011
1100000 2.181348 0.285587 -1.560319
1110000 1.259081 0.189981 -1.586438
1120000 1.614802 0.252984 -1.642019
1130000 1.259927 0.232503 -1.498473
1140000 1.553758 0.177678 -1.669316
1150000 1.625961 0.228574 -1.581555
1160000 2.564186 0.158273 -1.518563
1170000 2.702322 0.259340 -1.546688
1180000 2.379458 0.076461 -1.524980
1190000 2.618524 0.118843 -1.568506
1200000 3.648305 0.257863 -1.583331
1210000 4.067650 0.200300 -1.490361
1220000 3.519069 0.194709 -1.593291
1230000 3.018113 0.278761 -1.485946
1240000 2.616948 0.231360 -1.486623
1250000 2.709431 0.333555 -1.592700
1260000 3.332307 0.193448 -1.686575
1270000 3.314441 0.241778 -1.545813
1280000 3.927685 0.158986 -1.624847
1290000 5.000116 0.268496 -1.573641
1300000 4.972651 0.263612 -1.707301
1310000 4.898601 0.209320 -1.524074
1320000 4.110769 0.232844 -1.548919
1330000 4.096330 0.032383 -1.457468
1340000 3.363628 0.084349 -1.673831
1350000 3.447786 0.086324 -1.538313
1360000 3.879405 0.180183 -1.615910
1370000 2.738228 0.163577 -1.775628
1380000 2.738462 0.204593 -1.591049
1390000 2.575436 0.146737 -1.465591
1400000 2.115827 0.152993 -1.543699
1410000 1.628457 0.060325 -1.464315
1420000 1.308352 0.065325 -1.582900
1430000 1.735179 0.202134 -1.413758
1440000 2.360923 0.105004 -1.596542
1450000 2.733029 0.273650 -1.479299
1460000 3.528535 0.124748 -1.583413
1470000 4.840160 0.018907 -1.676398
1480000 4.208754 0.107570 -1.527713
1490000 4.548390 0.239968 -1.487080
1500000 4.037435 0.242880 -1.467690
1510000 3.848366 0.032198 -1.685846
1520000 4.506188 0.129040 -1.628844
1530000 2.856971 0.146144 -1.522644
1540000 2.917566 0.204712 -1.671377
1550000 2.026557 0.071899 -1.627675
1560000 2.410485 0.039676 -1.415705
1570000 2.687395 0.285737 -1.548816
1580000 2.520979 0.226200 -1.635123
1590000 2.461377 0.081614 -1.508967
1600000 1.650377 0.205591 -1.443227
1610000 2.044246 0.051458 -1.633160
1620000 1.830676 0.133836 -1.751355
1630000 1.096729 0.195983 -1.666306
1640000 1.220313 0.077355 -1.553958
1650000 0.655098 0.249263 -1.552399
1660000 1.359584 0.218384 -1.562403
1670000 1.370023 0.190856 -1.596646
1680000 1.425547 0.173062 -1.599213
1690000 1.614705 0.233606 -1.655878
1700000 1.741793 0.199161 -1.697894
1710000 1.385333 0.219392 -1.535949
1720000 1.676626 0.215603 -1.591847
1730000 1.944765 0.085449 -1.667273
1740000 1.041289 0.115424 -1.558110
1750000 0.855092 0.210262 -1.557160
1760000 0.595955 0.341047 -1.526520
1770000 0.910256 0.203065 -1.640201
1780000 0.896513 0.164082 -1.632807
1790000 1.033143 0.137167 -1.677604
1800000 1.180006 0.182815 -1.705515
1810000 1.203305 0.138909 -1.585275
1820000 0.879268 0.151217 -1.612201
1830000 0.913878 0.151249 -1.466877
1840000 0.644223 0.074773 -1.513289
1850000 0.692461 0.161921 -1.704437
1860000 0.596409 0.265584 -1.565146
1870000 0.852181 0.210728 -1.655740
1880000 0.861759 0.186183 -1.582487
1890000 1.472620 0.122498 -1.602059
1900000 1.316606 0.128972 -1.643710
1910000 1.506983 0.334940 -1.669956
1920000 1.993969 0.107603 -1.645131
1930000 2.262841 0.171029 -1.594574
1940000 2.959627 0.274269 -1.623848
1950000 3.422691 0.219827 -1.627714
1960000 3.082737 0.192367 -1.652043
1970000 2.625503 0.072717 -1.590155
1980000 3.840669 0.126202 -1.718408
1990000 3.756783 0.126451 -1.577367
2000000 3.898595 0.215167 -1.698268
2010000 4.648624 0.215340 -1.608202
2020000 4.699385 0.155045 -1.635719
2030000 4.879521 0.161252 -1.624681
2040000 5.097876 0.111331 -1.570254
2050000 4.311630 0.028014 -1.505075
2060000 4.269830 0.168675 -1.606937
2070000 4.826620 0.197503 -1.547788
2080000 4.026081 0.149633 -1.459907
2090000 3.069802 0.103111 -1.588745
2100000 4.283889 0.271860 -1.761165
2110000 4.267703 0.317411 -1.567280
2120000 4.252231 0.190318 -1.532781
2130000 2.896966 0.242694 -1.567837
2140000 3.401384 0.070996 -1.654486
2150000 2.151107 0.251846 -1.577487
2160000 2.158060 0.186699 -1.529784
2170000 2.176112 0.197676 -1.577718
2180000 1.833927 0.118553 -1.636107
2190000 2.324833 0.088905 -1.567217
2200000 1.662308 0.252927 -1.568277
2210000 1.553351 0.300778 -1.568550
2220000 2.285346 0.200550 -1.549128
2230000 2.651555 0.246959 -1.535098
2240000 3.188064 0.105606 -1.609504
2250000 3.537776 0.161379 -1.517045
2260000 4.415997 0.353099 -1.539269
2270000 5.031289 0.294055 -1.599278
2280000 3.938708 0.116042 -1.517736
2290000 3.603430 0.219263 -1.553011
2300000 2.725926 0.135112 -1.547350
2310000 3.240045 0.103690 -1.659066
2320000 3.220589 0.122926 -1.610474
2330000 4.405413 0.218961 -1.683811
2340000 4.360869 0.083796 -1.619018
2350000 3.499031 0.210086 -1.532091
2360000 3.634807 0.077707 -1.594261
2370000 4.811048 0.267570 -1.602288
2380000 4.805552 0.101830 -1.545306
2390000 4.157360 0.175292 -1.461621
2400000 2.573451 0.214279 -1.551492
2410000 2.648538 0.207978 -1.453015
2420000 3.298099 0.093317 -1.612100
2430000 3.109906 0.150319 -1.546507
2440000 2.547213 0.150862 -1.443058
2450000 2.321123 0.225375 -1.647213
2460000 2.404914 0.077806 -1.487467
2470000 3.269240 0.208987 -1.549754
2480000 4.716356 0.237933 -1.632711
2490000 4.335121 0.063886 -1.535102
2500000 4.838758 0.133780 -1.501400
2510000 4.522294 0.063571 -1.588111
2520000 3.934777 0.045845 -1.494008
2530000 2.805520 0.076347 -1.609114
2540000 2.610999 0.152407 -1.692505
2550000 3.845075 0.207903 -1.570591
2560000 4.998619 0.268905 -1.499664
2570000 4.647559 0.061617 -1.513234
2580000 3.852866 0.322953 -1.465968
2590000 3.410683 0.172001 -1.612969
2600000 3.901263 0.035771 -1.628428
2610000 5.061418 0.149283 -1.653529
2620000 4.325411 0.235543 -1.524925
2630000 4.507653 0.159615 -1.483240
2640000 4.972878 0.013299 -1.670467
2650000 4.613432 0.205636 -1.623768
2660000 3.253133 0.258906 -1.611762
2670000 3.019398 0.218141 -1.603922
2680000 3.685143 0.156722 -1.621388
2690000 3.199695 0.247268 -1.493309
2700000 3.152686 0.082613 -1.589072
2710000 2.686176 0.153754 -1.434075
2720000 2.135033 0.145825 -1.511729
2730000 2.856242 0.136306 -1.484412
2740000 2.420882 0.184533 -1.470583
2750000 2.021214 0.218750 -1.542329
2760000 1.790453 0.281955 -1.660981
2770000 1.991154 0.207198 -1.579804
2780000 2.159590 0.102928 -1.512482
2790000 2.062647 0.166217 -1.526625
2800000 2.994993 0.221561 -1.470018
2810000 3.395091 0.224524 -1.483377
2820000 4.235819 0.296393 -1.624670
2830000 4.379778 0.214109 -1.426799
2840000 4.874658 0.091275 -1.655099
2850000 4.316214 0.036971 -1.595167
2860000 3.526111 0.121188 -1.511438
2870000 2.796419 0.204124 -1.649695
2880000 2.740756 0.197114 -1.506191
2890000 2.530678 0.109175 -1.698710
2900000 2.472669 0.229635 -1.552669
2910000 3.255353 0.067825 -1.427595
2920000 3.899426 0.067153 -1.454788
2930000 3.251961 0.130017 -1.655996
2940000 2.928900 0.201818 -1.520403
2950000 4.061663 0.280163 -1.542364
2960000 4.562625 0.093826 -1.586813
2970000 4.126539 0.058495 -1.658899
2980000 4.747652 0.042044 -1.535844
2990000 4.649444 0.211553 -1.582938
3000000 4.173026 0.279309 -1.616072
3010000 3.886274 0.319058 -1.647157
3020000 2.701502 0.122549 -1.506567
3030000 2.338945 0.120287 -1.628035
3040000 2.160863 0.113396 -1.552978
3050000 1.663168 0.260792 -1.664970
3060000 1.619632 0.195188 -1.510771
3070000 1.436656 0.151153 -1.483742
3080000 1.373583 0.174366 -1.496587
3090000 0.930579 0.102158 -1.604522
3100000 0.857988 0.125236 -1.451904
3110000 0.975140 0.207638 -1.558227
3120000 1.145152 0.251349 -1.498365
3130000 0.974445 0.107458 -1.675778
3140000 1.148459 0.123728 -1.509828
3150000 0.875664 0.174389 -1.560783
3160000 0.810463 0.200585 -1.550257
3170000 1.147426 0.059811 -1.525639
3180000 0.782815 0.163732 -1.625797
3190000 1.491471 0.244536 -1.463593
3200000 1.507352 0.150680 -1.433040
3210000 1.581977 0.162416 -1.466102
3220000 1.710960 0.120728 -1.656690
3230000 1.947675 0.135094 -1.495902
3240000 1.383147 0.202629 -1.577819
3250000 1.709850 0.217362 -1.725856
3260000 1.727940 0.147221 -1.652822
3270000 1.833277 0.203081 -1.708995
3280000 1.389593 0.273502 -1.471040
3290000 1.447208 0.232405 -1.565434
3300000 1.567990 0.222397 -1.575846
3310000 1.291664 0.145506 -1.589825
3320000 1.182763 0.125297 -1.610851
3330000 1.158864 0.178851 -1.744615
3340000 1.300220 0.190573 -1.632749
3350000 1.644053 0.260124 -1.551852
3360000 1.513606 0.190060 -1.628555
3370000 1.572960 0.108993 -1.500410
3380000 1.632682 0.326384 -1.611549
3390000 2.059964 0.212320 -1.645605
3400000 2.867379 0.068997 -1.547028
3410000 2.391076 0.159751 -1.574934
3420000 2.847611 0.110305 -1.633576
3430000 3.084593 0.221766 -1.657756
3440000 3.129869 0.180105 -1.652721
3450000 3.823116 0.186611 -1.532829
3460000 2.560421 0.221130 -1.550175
3470000 2.622799 0.232289 -1.602954
3480000 2.842651 0.135706 -1.635967
3490000 4.370597 0.192460 -1.589044
3500000 4.414047 0.183922 -1.549691
3510000 4.495233 0.185386 -1.581467
3520000 4.426288 0.069864 -1.560985
3530000 4.554000 0.174611 -1.619998
3540000 4.939104 0.114222 -1.508726
3550000 3.993988 0.229815 -1.560730
3560000 3.883055 0.085857 -1.578950
3570000 4.200314 0.152537 -1.646520
3580000 3.460630 0.265159 -1.680913
3590000 4.889066 0.146483 -1.496285
3600000 4.785567 0.019602 -1.598967
3610000 4.653189 0.178372 -1.573119
3620000 4.416461 0.202412 -1.553526
3630000 3.753260 0.218812 -1.614988
3640000 3.378897 0.051491 -1.648023
3650000 3.722045 0.190351 -1.536092
3660000 4.764765 0.209732 -1.577891
3670000 4.475029 0.162467 -1.558183
3680000 3.832684 0.184117 -1.636366
3690000 3.398910 0.214316 -1.608336
3700000 2.692230 0.145033 -1.616327
3710000 2.414912 0.256465 -1.527182
3720000 2.242892 0.127608 -1.540093
3730000 2.912502 0.244655 -1.653568
3740000 2.859961 0.202137 -1.481764
3750000 2.583898 0.284517 -1.582205
3760000 2.248131 0.108978 -1.728225
3770000 1.891187 0.078059 -1.588620
