100000 3.805976 0.209512 -2.126547
110000 3.251544 0.158865 -2.041486
120000 3.888670 0.135891 -2.144526
130000 4.746042 0.228496 -2.080774
140000 3.920214 0.323717 -2.079954
150000 3.770778 0.259245 -2.316386
160000 3.298062 0.128268 -2.075980
170000 2.729512 0.186312 -2.166331
180000 2.361866 0.150165 -2.008614
190000 2.992139 0.202482 -2.031248
200000 4.498937 0.362332 -2.065056
210000 4.036605 0.103274 -1.996460
220000 3.259351 0.095024 -2.142300
230000 3.873382 0.321523 -2.199402
240000 2.085181 0.289153 -1.952519
250000 2.236901 0.188941 -2.147600
260000 2.262816 0.187458 -2.080176
270000 4.152652 0.204762 -1.988006
280000 4.627817 0.259512 -2.175424
290000 4.606491 0.185238 -2.050096
300000 4.426509 0.125169 -2.013246
310000 2.857925 0.192593 -1.982144
320000 3.258960 0.226117 -2.002384
330000 3.654392 0.293438 -2.141477
340000 2.182425 0.255959 -2.105513
350000 1.778530 0.181470 -2.012249
360000 1.502030 0.251332 -2.154744
370000 1.387455 0.230957 -2.170564
380000 1.485484 0.214649 -2.109724
390000 1.577311 0.140754 -2.020135
400000 1.981754 0.034535 -2.090270
410000 2.235974 0.083021 -2.082290
420000 2.621299 0.068410 -2.048630
430000 2.535874 0.216198 -2.064088
440000 4.342905 0.181954 -2.093438
450000 4.555023 0.059305 -2.135516
460000 4.699347 0.309343 -2.141779
470000 4.061969 0.178105 -2.111639
480000 3.026850 0.138054 -2.208010
490000 3.725462 0.033311 -1.988885
500000 4.271058 0.172156 -2.128859
510000 4.941061 0.217271 -2.196470
520000 4.882586 0.262816 -2.140936
530000 4.496449 0.124189 -2.172053
540000 3.343369 0.205798 -2.188798
550000 2.399591 0.221327 -2.078200
560000 1.977970 0.215567 -2.124893
570000 2.765804 0.321470 -2.051728
580000 2.739708 0.136765 -2.006621
590000 3.580853 0.186957 -2.049053
600000 4.465926 0.263016 -2.136359
610000 4.356325 0.130248 -2.043859
620000 4.051805 0.261897 -2.165652
630000 4.218315 0.168201 -2.076879
640000 4.413169 0.190829 -2.027300
650000 3.372258 0.082704 -1.967714
660000 2.212599 0.096253 -2.106479
670000 2.743144 0.106782 -1.950371
680000 3.592678 0.210366 -2.118647
690000 3.248664 0.091646 -2.199562
700000 4.288742 0.182771 -2.245067
710000 4.458486 0.284270 -2.083010
720000 3.729866 0.139124 -2.127677
730000 4.288925 0.220154 -2.144700
740000 4.143085 0.248324 -2.200131
750000 3.106388 0.283446 -2.119200
760000 2.348247 0.212874 -2.054325
770000 2.242982 0.113396 -2.101367
780000 1.149082 0.166237 -1.970146
790000 0.904886 0.191018 -2.115930
800000 1.070083 0.166655 -2.085054
810000 1.411233 0.124724 -2.020976
820000 0.814601 0.208922 -2.225814
830000 0.776466 0.202914 -2.191833
840000 1.109322 0.070701 -2.207071
850000 1.628448 0.121741 -2.075835
860000 1.469275 0.193498 -2.018059
870000 1.770459 0.162785 -1.985179
880000 1.583453 0.287267 -2.181668
890000 1.892191 0.165072 -2.067557
900000 1.459181 0.160972 -2.141061
910000 0.915492 0.226786 -2.146860
920000 1.071664 0.153177 -1.968284
930000 0.959677 0.239871 -2.149922
940000 1.167797 0.199682 -2.127977
950000 1.291731 0.099107 -2.201213
960000 1.151435 0.204115 -2.080425
970000 1.610398 0.081503 -2.072341
980000 2.272866 0.183352 -1.934219
990000 2.717078 0.240991 -2.014586
1000000 3.437476 0.183932 -2.051026
1010000 2.346838 -0.070666 -2.053961
1020000 2.843592 0.173514 -2.092567
1030000 3.248852 0.185593 -2.032996
1040000 4.248326 0.135066 -2.077884
1050000 4.790224 0.106937 -2.178483
1060000 3.660137 0.220358 -2.059364
1070000 4.293032 0.103180 -2.132523
1080000 4.257087 0.244493 -2.075181
1090000 4.018933 0.266109 -2.084585
1100000 3.836486 0.201964 -2.019266
1110000 3.048102 0.228403 -2.202269
1120000 2.481202 0.274169 -2.187542
1130000 2.763574 0.141998 -2.004567
1140000 2.297864 0.144121 -2.110770
1150000 1.925912 0.146382 -2.055940
1160000 2.705742 0.139199 -2.172970
1170000 2.309146 0.013880 -2.023303
1180000 1.522689 0.207961 -2.000806
1190000 1.418177 0.065754 -2.064430
1200000 1.646175 0.060019 -2.197768
1210000 1.421190 0.117270 -2.109193
1220000 1.368718 0.078462 -2.207059
1230000 1.685366 0.156022 -2.058350
1240000 2.042248 0.144450 -1.987792
1250000 1.860158 0.230721 -2.031291
1260000 1.881705 0.227273 -2.081042
1270000 2.036182 0.207126 -2.134090
1280000 2.259329 0.028601 -2.184296
1290000 3.521471 0.234787 -2.062391
1300000 4.350526 0.141642 -2.111810
1310000 4.583106 -0.006462 -2.137414
1320000 4.818969 0.398093 -1.931144
1330000 4.659207 0.111853 -2.100442
1340000 4.911841 0.231305 -2.189958
1350000 4.682808 0.151374 -2.253394
1360000 4.990604 0.092234 -2.246653
1370000 4.257665 0.075258 -2.156243
1380000 3.400635 0.163301 -2.250827
1390000 3.291862 0.179167 -2.163017
1400000 3.847829 0.202567 -2.068952
1410000 3.933295 0.156792 -2.083172
1420000 4.500093 0.186674 -2.204111
1430000 4.099948 0.132074 -2.210062
1440000 4.243665 0.294468 -2.151751
1450000 3.579741 0.057688 -2.145400
1460000 3.265401 0.156452 -1.996283
1470000 3.545952 0.233205 -2.137783
1480000 2.765577 0.242903 -2.181644
1490000 2.451491 0.176277 -2.170415
1500000 2.962173 0.205884 -2.169037
1510000 2.887719 0.124994 -2.072345
1520000 4.633372 0.234416 -2.085176
1530000 4.599866 0.185831 -2.016518
1540000 4.393008 0.041084 -2.104821
1550000 3.665948 0.142605 -2.077721
1560000 4.631755 0.070938 -2.100431
1570000 3.457401 0.234597 -2.072262
1580000 3.492318 0.079412 -2.132629
1590000 4.444576 0.195297 -2.035148
1600000 4.867588 0.194991 -2.072254
1610000 4.138463 0.266040 -2.141341
1620000 3.078106 0.097607 -2.110487
1630000 2.736084 0.131711 -2.092160
1640000 2.471588 0.202696 -2.196113
1650000 1.816082 0.037884 -2.028239
1660000 2.469448 0.096005 -2.089995
1670000 2.163585 0.155400 -2.143536
1680000 2.945530 0.237327 -2.091325
1690000 3.434315 0.186442 -1.947611
1700000 3.628713 0.043996 -2.137000
1710000 4.978436 0.183001 -2.031771
1720000 4.855358 0.145816 -2.122614
1730000 4.617022 0.027713 -2.067686
1740000 3.738823 0.241643 -2.088692
1750000 2.178775 0.105132 -2.133154
1760000 1.743075 0.214301 -2.201106
1770000 1.798307 0.262620 -2.004575
1780000 1.839790 0.140428 -1.932833
1790000 1.862584 0.087710 -2.139610
1800000 1.143515 0.083335 -2.197585
1810000 0.990117 0.148617 -2.229134
1820000 1.211502 0.108214 -2.181361
1830000 0.702495 0.285736 -2.269455
1840000 0.935088 0.212112 -2.068381
1850000 1.108304 0.179869 -2.116837
1860000 0.980962 0.175082 -2.011595
1870000 1.596638 0.199833 -1.986886
1880000 1.282917 0.232513 -2.048146
1890000 1.202566 0.105506 -2.121440
1900000 1.424080 0.243995 -2.041238
1910000 0.842638 0.171167 -2.132418
1920000 0.583882 0.202866 -2.237715
1930000 0.511466 0.103556 -2.194762
1940000 0.601177 0.146345 -2.058288
1950000 0.949279 0.196036 -2.002928
1960000 0.853661 0.306482 -2.142926
1970000 0.780607 0.148970 -1.990021
1980000 0.907773 0.169192 -1.973530
1990000 1.057553 0.121249 -2.185814
2000000 1.591263 0.090493 -2.164406
2010000 1.102900 0.007527 -2.179914
2020000 1.124941 0.072100 -2.097963
2030000 1.140487 0.319418 -2.073366
2040000 1.316782 0.204438 -2.083088
2050000 1.398185 0.152401 -2.031010
2060000 1.278974 0.097421 -2.116302
2070000 1.759346 0.162641 -2.004493
2080000 1.729983 0.134428 -2.108678
2090000 2.127734 0.149585 -2.148014
2100000 2.714133 0.066904 -2.196718
2110000 2.835139 0.120790 -2.156388
2120000 2.594327 0.324550 -2.087534
2130000 2.337133 0.088858 -2.062671
2140000 2.545276 0.135211 -2.045250
2150000 3.226215 0.150398 -2.045044
2160000 4.852873 0.158326 -2.171062
2170000 4.715773 0.132035 -2.077660
2180000 4.802784 0.221713 -2.047306
2190000 4.088739 0.219612 -2.179739
2200000 4.008476 0.189896 -2.111625
2210000 3.699075 0.179884 -2.046286
2220000 4.654284 0.165113 -1.970272
2230000 4.371219 0.033067 -2.065347
2240000 4.336765 0.062194 -2.062788
2250000 4.373745 0.262914 -2.054898
2260000 3.356377 0.219072 -2.070804
2270000 3.251500 0.269092 -2.044344
2280000 2.851729 0.162766 -1.980512
2290000 3.175658 0.196852 -1.864220
2300000 4.049898 0.137373 -2.114788
2310000 3.725314 0.253770 -2.139098
2320000 2.852960 0.148506 -2.121291
2330000 2.598524 0.136580 -2.076100
2340000 2.069678 0.141628 -2.155720
2350000 2.124336 0.298496 -2.182415
2360000 1.820349 0.135175 -1.964421
2370000 2.327027 0.253860 -2.029144
2380000 3.588252 0.192536 -2.195547
2390000 3.481254 0.189978 -2.167593
2400000 3.397831 0.158611 -2.114144
2410000 3.151059 0.220178 -2.092410
2420000 2.993608 0.212339 -2.100550
2430000 2.800932 0.180948 -2.044405
2440000 2.339085 0.231722 -2.086318
2450000 1.904983 0.215744 -2.146975
2460000 1.889162 0.245736 -2.134512
2470000 1.556039 0.267072 -2.071832
2480000 1.557221 0.205916 -2.096023
2490000 2.037043 0.155320 -2.193128
2500000 1.700103 0.155496 -2.140357
2510000 1.830809 0.163265 -2.100248
2520000 1.455431 0.233617 -2.169700
2530000 1.652203 0.181796 -2.037319
2540000 1.844972 0.284131 -2.082025
2550000 2.182687 0.223313 -2.094010
2560000 2.047792 0.239664 -2.103333
2570000 2.710451 0.142748 -2.187026
2580000 3.656391 0.158640 -2.211355
2590000 3.929368 0.337013 -2.178909
2600000 4.236539 0.079441 -2.183982
2610000 3.245036 0.156888 -2.078217
2620000 2.785056 0.204195 -2.007034
2630000 3.953433 0.169747 -2.139604
2640000 2.551679 0.019996 -2.175364
2650000 2.370363 0.227249 -2.148773
2660000 2.750124 0.160488 -2.107266
2670000 2.164647 0.220158 -2.163605
2680000 2.187368 0.231586 -1.997198
2690000 1.878251 0.214986 -2.085570
2700000 2.137567 0.206491 -2.042869
2710000 2.835861 0.269974 -2.127160
2720000 1.977657 0.204330 -2.161683
2730000 2.925768 0.180709 -2.082271
2740000 4.651020 0.215019 -2.106165
2750000 4.405362 0.143197 -2.082491
2760000 4.334571 0.216814 -2.091020
2770000 4.606770 0.243869 -2.206377
2780000 4.614213 0.231364 -2.120194
2790000 3.092042 0.177345 -1.949446
2800000 3.503729 0.181115 -2.129407
2810000 4.068210 0.156819 -2.169044
2820000 4.147326 0.071430 -1.985160
2830000 4.468688 0.176580 -2.092212
2840000 5.027089 0.213426 -2.121216
2850000 5.044336 0.174047 -2.141992
2860000 4.918233 0.071299 -2.060679
2870000 4.611402 0.134819 -1.944232
2880000 4.634805 0.123809 -2.019162
2890000 4.237619 0.224228 -2.030143
2900000 4.070829 0.269351 -2.207071
2910000 4.970541 0.209884 -2.057206
2920000 4.373375 0.169862 -2.147601
2930000 4.671636 0.219293 -2.118747
2940000 4.703296 0.121027 -2.062283
2950000 4.734289 0.182524 -2.133860
2960000 4.494601 0.142191 -2.201345
2970000 4.699647 0.171620 -2.013575
2980000 4.108655 0.118706 -2.120331
2990000 3.954253 0.282502 -2.180512
3000000 3.777511 0.200071 -1.999778
3010000 3.899453 0.171482 -2.024411
3020000 4.570048 0.077581 -2.062639
3030000 4.909010 0.126711 -2.034514
3040000 3.958620 0.132042 -2.097875
3050000 4.105321 0.307410 -1.953906
3060000 3.807778 0.176498 -2.245681
3070000 2.797519 0.195201 -2.036343
3080000 2.560656 0.153622 -2.105659
3090000 1.743596 0.326032 -2.119476
3100000 1.695189 0.161995 -2.000087
3110000 1.339979 0.236558 -2.031565
3120000 1.180818 0.165652 -2.040847
3130000 0.942228 0.084028 -2.118064
3140000 0.923903 0.196208 -2.168839
3150000 0.970069 0.115961 -2.184473
3160000 0.937411 -0.030673 -2.245638
3170000 1.109547 0.262436 -2.085445
3180000 1.163808 0.156969 -2.027554
3190000 1.188832 0.242568 -2.166870
3200000 1.388692 0.219142 -2.110652
3210000 1.440425 0.141753 -2.132898
3220000 1.815632 0.092053 -2.132949
3230000 1.854995 0.239129 -2.177670
3240000 2.435098 0.152456 -2.107988
3250000 2.690085 0.111574 -1.996570
3260000 2.487864 0.239255 -2.128554
3270000 3.168712 0.186588 -2.086625
3280000 2.997611 0.149111 -2.078812
3290000 3.914803 0.129136 -2.125411
3300000 3.174134 0.059597 -2.066121
3310000 4.369312 0.153949 -2.109602
3320000 3.502829 0.270624 -2.100009
3330000 4.278475 0.105181 -2.090691
3340000 3.881543 0.207977 -2.189061
3350000 2.970762 0.184483 -2.087407
3360000 3.188915 0.189716 -2.073185
3370000 2.927790 0.275045 -2.130700
3380000 2.706473 0.323069 -1.961721
3390000 2.480206 0.062617 -2.220597
3400000 2.278005 0.179621 -1.986606
3410000 2.646364 0.176126 -2.200582
3420000 2.391514 0.225687 -2.083529
3430000 2.156318 0.117851 -1.991410
3440000 1.876228 0.216397 -2.097168
3450000 1.911481 0.226639 -2.129508
3460000 2.530603 0.324622 -1.993693
3470000 2.963485 0.077277 -2.212732
3480000 4.077990 0.148876 -2.148033
3490000 3.725028 0.149916 -2.177768
3500000 4.305110 0.062006 -2.154475
3510000 4.815435 0.029967 -2.136083
3520000 4.981109 0.169458 -2.154992
3530000 4.842808 0.093103 -2.241647
3540000 4.135352 0.129294 -2.061217
3550000 4.060548 0.195481 -2.075173
3560000 4.444437 0.131244 -2.113881
3570000 3.552881 0.151963 -2.124618
3580000 3.375799 0.239744 -2.137456
3590000 3.025336 0.121750 -2.093897
3600000 3.224233 0.031193 -2.221848
3610000 3.927868 0.317949 -2.011997
3620000 3.197926 0.249934 -2.099567
3630000 3.245197 0.284993 -2.050978
3640000 2.530392 0.226588 -1.984350
3650000 2.337665 0.169450 -2.052489
3660000 2.665458 0.175968 -2.107872
3670000 2.476685 0.038329 -2.115390
3680000 2.842657 0.163324 -2.096328
3690000 3.602766 0.274783 -2.135698
3700000 3.491542 0.046032 -2.204462
3710000 4.051396 0.105853 -2.146505
3720000 4.533727 0.178935 -2.060139
3730000 4.081592 0.090691 -2.072576
3740000 3.873295 0.194236 -2.152902
3750000 4.015171 0.183287 -2.093604
3760000 4.130970 0.123534 -2.027194
3770000 4.575492 0.209503 -2.177452
3780000 3.869290 0.201371 -2.054382
