100000 4.834677 0.081513 -2.820065
110000 4.731309 0.213704 -2.737895
120000 5.032075 0.011242 -2.761746
130000 4.894955 0.102330 -2.840567
140000 3.100904 0.125180 -2.666915
150000 2.970638 0.287288 -2.745637
160000 3.710398 0.150890 -2.850414
170000 2.287122 0.117917 -2.697484
180000 1.710499 0.209335 -2.831313
190000 1.782135 0.146932 -2.792557
200000 1.197403 0.076811 -2.830769
210000 0.835026 0.082132 -2.825097
220000 0.917252 0.128176 -2.912990
230000 1.069863 0.175433 -2.794942
240000 1.037537 0.048688 -2.727526
250000 0.919428 0.241438 -2.835973
260000 1.385572 0.209049 -2.845189
270000 1.608215 0.084072 -2.777207
280000 1.889215 0.178677 -2.722598
290000 2.709654 0.147338 -2.706039
300000 2.517514 0.077059 -2.878001
310000 3.741458 0.163186 -2.779942
320000 4.706583 -0.001367 -2.811446
330000 3.647890 0.283406 -2.759745
340000 3.789648 -0.037866 -2.711276
350000 3.565160 0.228685 -2.806113
360000 3.075682 0.211434 -2.835536
370000 3.909741 0.213833 -2.925059
380000 4.969005 0.168159 -2.813182
390000 4.932203 0.098294 -2.825886
400000 4.711316 0.213314 -2.937984
410000 4.218314 0.133902 -2.855633
420000 4.207640 0.023342 -2.813575
430000 4.695687 0.189762 -2.853043
440000 3.380794 0.105140 -2.864871
450000 3.204136 0.164283 -2.891899
460000 2.090139 0.232957 -2.751735
470000 2.055779 0.103446 -2.754385
480000 2.659819 0.172213 -2.648518
490000 2.902240 0.204882 -2.748884
500000 4.183183 0.181774 -2.706804
510000 3.042486 0.135161 -2.794786
520000 4.959814 0.273902 -2.727368
530000 2.796354 0.121192 -2.772416
540000 2.269158 0.136602 -2.734924
550000 1.411258 0.284852 -2.863378
560000 1.070616 0.152142 -2.747840
570000 0.982031 0.245810 -2.844832
580000 1.303630 0.266311 -2.820236
590000 1.385548 0.204737 -2.805283
600000 1.722126 0.168352 -2.753428
610000 1.957183 0.111101 -2.887538
620000 2.174767 0.172650 -2.802517
630000 3.193421 0.225618 -2.812535
640000 4.153397 0.144800 -2.709131
650000 4.884409 0.262406 -2.785312
660000 4.963131 0.338057 -2.786220
670000 3.517103 0.017884 -2.748125
680000 2.497609 0.253680 -2.609633
690000 3.534332 0.223575 -2.738344
700000 3.678105 0.116523 -2.765034
710000 2.721246 0.110594 -2.787298
720000 2.375727 0.210356 -2.757277
730000 1.924371 0.159746 -2.903868
740000 2.011947 0.314169 -2.710969
750000 2.339579 0.354719 -2.899051
760000 2.665966 0.181128 -2.818223
770000 3.246965 0.121940 -2.757355
780000 4.445893 0.286711 -2.805868
790000 4.892636 0.247972 -2.628943
800000 3.932172 0.136266 -2.704802
810000 4.915759 0.143583 -2.737144
820000 4.429364 0.240230 -2.793644
830000 4.615273 0.256122 -2.877616
840000 3.996491 0.179807 -2.891631
850000 4.434276 0.189709 -2.773831
860000 4.292830 0.186239 -2.887361
870000 3.486029 0.151514 -2.867919
880000 3.612521 0.151683 -2.666178
890000 3.280547 0.246452 -2.815925
900000 2.958890 0.294506 -2.838485
910000 2.840298 0.168451 -2.710757
920000 2.477103 0.144805 -2.732734
930000 2.132251 0.107325 -2.773293
940000 2.560473 0.137501 -2.917026
950000 2.552575 0.301529 -2.713362
960000 1.691478 0.058606 -2.726602
970000 1.471150 0.176142 -2.725758
980000 1.157366 0.114241 -2.893418
990000 0.895392 0.173520 -2.807298
1000000 0.969638 0.202527 -2.890256
1010000 1.111785 0.179667 -2.762021
1020000 0.852687 0.321409 -2.898554
1030000 0.674382 0.194294 -2.763306
1040000 1.083909 0.300103 -2.812789
1050000 1.005467 0.151059 -2.888779
1060000 0.982427 0.114153 -2.778862
1070000 1.767914 0.123079 -2.894098
1080000 1.866838 0.204684 -2.657700
1090000 2.098560 0.226550 -2.670632
1100000 2.207831 0.013243 -2.828849
1110000 3.712669 0.136361 -2.850606
1120000 3.433272 0.276655 -2.756919
1130000 4.977652 0.191056 -2.711990
1140000 4.904095 0.168857 -2.859281
1150000 3.689874 0.076588 -2.821994
1160000 4.162763 0.238724 -2.822545
1170000 4.206168 0.126508 -2.812177
1180000 4.442945 0.186064 -2.857354
1190000 4.581972 0.098801 -2.812219
1200000 4.858324 0.083023 -2.822522
1210000 4.276444 0.056496 -2.726823
1220000 3.965426 0.270971 -2.936634
1230000 3.002212 0.224130 -2.654300
1240000 3.082579 0.269989 -2.754446
1250000 3.249418 0.156120 -2.863048
1260000 3.753672 0.132181 -2.766254
1270000 4.409562 0.167181 -2.692344
1280000 4.330960 0.050470 -2.878660
1290000 3.190579 0.188884 -2.788379
1300000 3.897856 0.149956 -2.801303
1310000 3.393008 0.242517 -2.676804
1320000 3.856231 0.154696 -2.755766
1330000 3.092741 0.214279 -2.684307
1340000 2.714942 0.197345 -2.768082
1350000 2.329422 0.232700 -2.833717
1360000 2.390223 0.160312 -2.816024
1370000 1.871423 0.148829 -2.923830
1380000 1.590507 0.145642 -2.732372
1390000 1.560436 0.134268 -2.805199
1400000 1.034420 0.325392 -2.873530
1410000 1.673926 0.221746 -2.833512
1420000 1.230335 0.279472 -2.761216
1430000 1.376711 0.140597 -2.713544
1440000 1.356050 0.123017 -2.731725
1450000 1.802799 0.157514 -2.799064
1460000 2.035863 0.100561 -2.843659
1470000 1.849544 0.221059 -2.786246
1480000 1.816881 0.229082 -2.701178
1490000 2.195243 0.119513 -2.714601
1500000 2.659269 0.175121 -2.834260
1510000 2.907732 0.249852 -2.826118
1520000 3.037195 0.207765 -2.656665
1530000 3.659764 0.156713 -2.814505
1540000 2.406658 0.177532 -2.673785
1550000 3.289392 0.171964 -2.846774
1560000 4.304992 0.074398 -2.704642
1570000 4.194794 0.102777 -2.801704
1580000 4.926612 0.128901 -2.884490
1590000 4.030928 0.234515 -2.746068
1600000 3.151526 0.244122 -2.831670
1610000 3.431719 0.143011 -2.832594
1620000 4.643876 0.174256 -2.708392
1630000 4.940306 0.086535 -2.786076
1640000 4.525790 0.294635 -2.872570
1650000 4.746745 0.104516 -2.748245
1660000 4.175794 0.111221 -2.809490
1670000 3.561055 0.153995 -2.941075
1680000 4.316352 0.180145 -2.861269
1690000 4.890804 0.266312 -2.715894
1700000 4.692397 0.258096 -2.724341
1710000 4.972276 0.242845 -2.761988
1720000 3.530052 0.116006 -2.756802
1730000 2.646956 -0.020412 -2.827262
1740000 1.488930 0.240450 -2.824552
1750000 1.484250 0.263602 -2.794085
1760000 1.358912 -0.001834 -2.780817
1770000 0.926693 0.164462 -2.810963
1780000 0.802769 0.235478 -2.713151
1790000 0.833567 0.094564 -2.692059
1800000 1.053055 0.244222 -2.875755
1810000 0.972288 0.126247 -2.842077
1820000 1.322911 0.188413 -2.901852
1830000 0.714611 0.158363 -2.918858
1840000 0.812641 0.156587 -2.909558
1850000 0.671578 0.261772 -2.910683
1860000 0.665626 0.286883 -2.887336
1870000 0.589464 0.268965 -2.908948
1880000 0.927999 0.176275 -2.768832
1890000 0.748686 0.206668 -2.974935
1900000 1.248554 0.138070 -2.625970
1910000 1.151578 0.135845 -2.867740
1920000 1.338690 0.140614 -2.719730
1930000 1.772260 0.123820 -2.842888
1940000 1.872698 0.158715 -2.739100
1950000 1.550380 0.134788 -2.639564
1960000 3.185090 0.245384 -2.751024
1970000 3.325493 0.130462 -2.789686
1980000 3.529676 0.088156 -2.731857
1990000 3.518356 0.200317 -2.781868
2000000 2.714345 0.228919 -2.846388
2010000 3.763094 0.216727 -2.794990
2020000 4.176411 0.206466 -2.792598
2030000 4.443662 0.239909 -2.830081
2040000 5.006689 0.188968 -2.774432
2050000 4.866158 0.138046 -2.735929
2060000 4.605181 0.093934 -2.686482
2070000 4.199344 0.132123 -2.790628
2080000 3.759309 0.087563 -2.770704
2090000 3.458311 0.279209 -2.701881
2100000 3.090878 0.245214 -2.811321
2110000 3.892594 0.282848 -2.950166
2120000 3.004070 0.132378 -2.713422
2130000 2.434376 0.165097 -2.860185
2140000 2.880088 0.152430 -2.852811
2150000 2.725946 0.219805 -2.844187
2160000 3.000150 0.267259 -2.749271
2170000 3.640354 0.145089 -2.809855
2180000 4.278881 0.128156 -2.780692
2190000 4.386761 0.224701 -2.720247
2200000 3.938185 0.257436 -2.842787
2210000 4.539406 0.204317 -2.849000
2220000 4.613553 0.092732 -2.909490
2230000 4.611754 0.260141 -2.884078
2240000 3.961942 0.136507 -2.858565
2250000 3.724827 0.159623 -2.807448
2260000 2.880889 0.188359 -2.826181
2270000 4.421631 0.151320 -2.772128
2280000 4.897417 0.243456 -2.792901
2290000 4.719049 0.091112 -2.817404
2300000 4.391380 0.106098 -2.823035
2310000 3.374230 0.232668 -2.720690
2320000 2.162102 0.197756 -2.867987
2330000 2.081288 0.072492 -2.915002
2340000 2.209011 0.192340 -2.802570
2350000 2.439946 0.219363 -2.710808
2360000 1.914544 0.180680 -2.737757
2370000 1.901015 0.209718 -2.776852
2380000 2.471822 0.215590 -2.773903
2390000 1.713759 0.178721 -2.810665
2400000 1.827840 0.073320 -2.721360
2410000 1.482280 0.172508 -2.874796
2420000 1.321646 0.209668 -2.824430
2430000 1.316793 0.154705 -2.773828
2440000 1.389891 0.146100 -2.774233
2450000 1.973115 0.138177 -2.802564
2460000 2.531562 0.165994 -2.771728
2470000 3.043636 0.185454 -2.828529
2480000 2.572654 0.112588 -2.885666
2490000 3.257466 0.211081 -2.955090
2500000 3.400541 0.269778 -2.809782
2510000 3.409799 0.193249 -2.604101
2520000 3.772251 0.162094 -2.829983
2530000 3.830997 0.156972 -2.694161
2540000 3.986037 0.165594 -2.771991
2550000 4.549322 0.168437 -2.800109
2560000 4.630735 0.233359 -2.784630
2570000 4.532746 0.088965 -2.867391
2580000 3.776375 0.158522 -2.731920
2590000 3.618542 0.202017 -2.667694
2600000 2.717289 0.408534 -2.880808
2610000 2.607044 0.189362 -2.729869
2620000 2.355860 0.211552 -2.818973
2630000 2.748452 0.129253 -2.718193
2640000 2.880931 0.143168 -2.681222
2650000 2.556320 0.304275 -2.842410
2660000 2.171102 0.067523 -2.773593
2670000 1.996836 0.218746 -2.786203
2680000 1.713540 0.068094 -2.744879
2690000 1.258012 0.153252 -2.823694
2700000 1.028503 0.122189 -2.773356
2710000 0.941754 0.261997 -2.693837
2720000 0.882179 0.041375 -2.778848
2730000 1.195979 0.109586 -2.709376
2740000 0.839360 0.326703 -2.763150
2750000 0.781622 0.314264 -2.767001
2760000 0.940972 0.208561 -2.670919
2770000 0.609586 0.269758 -2.767886
2780000 0.612012 0.197813 -2.856943
2790000 0.585165 0.230306 -2.784355
2800000 0.509113 0.230479 -2.847850
2810000 0.755367 0.214949 -2.736219
2820000 1.004449 0.093395 -2.649281
2830000 0.866604 0.205453 -2.753951
2840000 0.988861 0.063518 -2.844925
2850000 1.241608 0.231389 -2.686182
2860000 1.125309 0.087954 -2.735058
2870000 1.275650 0.132476 -2.633221
2880000 1.347530 0.208809 -2.818487
2890000 1.223914 0.139932 -2.693318
2900000 1.395580 0.076150 -2.821526
2910000 1.931894 0.256167 -2.767688
2920000 1.454406 0.215565 -2.684859
2930000 1.465697 0.256050 -2.837887
2940000 2.045130 0.267411 -2.744468
2950000 1.709574 0.200621 -2.781450
2960000 1.889866 0.168178 -2.796255
2970000 2.262482 0.303507 -2.781557
2980000 2.746899 0.123927 -2.689992
2990000 2.396999 0.127176 -2.881331
3000000 2.214737 0.067416 -2.688955
3010000 2.237230 0.356674 -2.742657
3020000 2.988813 0.134894 -2.731228
3030000 3.514398 0.206786 -2.787813
3040000 3.640198 0.153976 -2.735013
3050000 4.981963 0.135660 -2.766503
3060000 4.091255 0.246141 -2.749142
3070000 4.925308 0.126509 -2.814166
3080000 3.455406 0.191998 -2.788289
3090000 4.036243 0.143833 -2.874710
3100000 3.026619 0.189955 -2.727957
3110000 2.507616 0.125398 -2.739120
3120000 3.141563 0.178660 -2.822584
3130000 3.370072 0.029732 -2.838572
3140000 4.654666 0.156885 -2.713740
3150000 4.880913 0.320024 -2.823579
3160000 4.454039 0.145341 -2.870716
3170000 4.962730 0.177160 -2.710591
3180000 4.422921 0.121408 -2.749806
3190000 3.887556 0.162932 -2.772165
3200000 3.402287 0.243992 -2.877136
3210000 4.479009 0.312899 -2.817562
3220000 4.690781 0.173364 -2.797662
3230000 4.876193 0.221565 -2.824582
3240000 4.014338 0.188554 -2.845505
3250000 3.518977 0.164187 -2.703959
3260000 4.372401 0.061643 -2.734471
3270000 3.499688 0.224309 -2.707495
3280000 3.996674 0.203273 -2.832074
3290000 4.116395 0.173682 -2.838487
3300000 4.537842 0.277503 -2.797739
3310000 3.316170 0.138713 -2.827230
3320000 3.258531 0.145762 -2.787893
3330000 2.260427 0.196549 -2.733941
3340000 2.646883 0.146790 -2.798147
3350000 1.985656 0.087886 -2.745570
3360000 1.821453 0.125234 -2.721213
3370000 2.124339 0.312885 -2.647990
3380000 2.398750 0.169497 -2.736832
3390000 3.017829 0.141082 -2.768547
3400000 3.381885 0.229334 -2.771134
3410000 2.898129 0.136358 -2.787583
3420000 2.575689 0.142858 -2.833181
3430000 2.585685 0.194277 -2.791417
3440000 2.422162 0.069640 -2.736087
3450000 3.071103 0.164281 -2.983663
3460000 4.132490 0.128401 -2.813227
3470000 3.789586 0.233666 -2.695016
3480000 3.525805 0.205260 -2.842164
3490000 4.209076 0.285090 -2.731349
3500000 4.991758 0.057743 -2.777799
3510000 4.568879 0.074293 -2.686146
3520000 4.324264 0.145207 -2.781955
3530000 4.126867 0.186766 -2.869616
3540000 4.093999 0.236388 -2.732245
3550000 4.287212 0.193044 -2.735878
3560000 3.467484 0.124614 -2.771439
3570000 3.216922 0.046561 -2.679424
3580000 3.207800 0.120620 -2.995010
3590000 3.597414 0.100543 -2.805449
3600000 4.598026 0.234898 -2.825644
3610000 4.472878 0.120175 -2.907561
3620000 4.638335 0.262186 -2.809098
3630000 4.688422 0.221011 -2.864072
3640000 4.701873 0.249420 -2.806711
3650000 4.985742 0.198473 -2.786692
3660000 4.861681 0.186743 -2.903227
3670000 4.535153 0.108738 -2.849805
3680000 4.242763 0.259929 -2.901033
3690000 4.749289 0.179275 -2.875556
3700000 4.473423 0.203346 -2.829916
3710000 3.977891 0.207072 -2.811310
3720000 3.699489 0.324769 -2.630032
3730000 4.191420 0.148441 -2.815768
3740000 4.101463 0.250407 -2.860389
3750000 3.519077 0.122711 -2.671732
3760000 3.111850 0.128030 -2.764816
3770000 2.759240 0.223942 -2.860460
3780000 2.504631 0.206859 -2.812422
3790000 2.111758 0.155873 -2.692655
3800000 1.693348 0.164040 -2.833815
3810000 1.818995 0.178118 -2.741097
