100000 1.089972 0.188812 -3.008625
110000 1.056077 0.048301 -3.064271
120000 0.922329 0.192308 -2.854403
130000 1.283546 0.204606 -3.131846
140000 1.718077 0.130904 -2.878893
150000 1.542741 0.167724 -3.022742
160000 2.054569 0.176899 -3.001638
170000 2.361487 0.198566 -2.886867
180000 4.353110 0.179920 -2.952933
190000 3.887859 0.195164 -2.995008
200000 2.621040 0.246340 -2.966009
210000 2.853292 0.116332 -3.053640
220000 2.087580 0.129823 -2.961702
230000 1.653949 0.140690 -2.974947
240000 1.506158 0.179861 -2.901693
250000 2.304045 0.031035 -2.986331
260000 3.840300 0.222130 -2.973496
270000 4.542803 0.179570 -2.973938
280000 3.947866 0.154404 -3.097539
290000 3.540046 0.263832 -3.017853
300000 2.959787 0.295335 -2.938406
310000 4.506921 0.241040 -2.898061
320000 4.807794 0.328571 -3.078418
330000 4.018280 0.070851 -2.835790
340000 3.552182 0.236234 -3.002069
350000 3.043201 0.123325 -2.942609
360000 2.964777 0.225148 -2.901578
370000 2.415866 0.152221 -3.025244
380000 3.023019 0.228852 -3.015627
390000 4.297397 0.126025 -2.983224
400000 4.750057 0.146782 -3.081087
410000 5.024219 0.129206 -3.009262
420000 4.529627 0.139854 -2.953689
430000 4.438040 0.218393 -2.983259
440000 3.960961 0.131796 -3.007675
450000 3.356499 0.263232 -3.034967
460000 2.852073 0.097437 -3.046806
470000 1.698996 0.289851 -2.928204
480000 1.138954 0.290706 -2.962095
490000 1.052003 0.167954 -2.998074
500000 1.451281 0.164097 -2.999850
510000 1.739932 0.238613 -3.081704
520000 2.221637 0.260502 -2.987788
530000 2.218990 0.140858 -3.054502
540000 2.521227 0.138265 -2.986182
550000 2.532500 0.112954 -2.971620
560000 2.981542 0.212833 -2.897491
570000 3.372059 0.300196 -3.062277
580000 4.092746 0.266274 -2.887888
590000 4.583989 0.146361 -2.957321
600000 4.634419 0.256647 -2.948587
610000 4.185710 0.258589 -2.928562
620000 4.656755 0.179280 -2.965524
630000 4.679777 0.209711 -3.002516
640000 4.144882 0.047629 -3.058461
650000 2.841654 0.161188 -2.959626
660000 2.955937 0.092837 -3.046488
670000 4.534201 -0.030376 -3.085917
680000 4.588087 0.163216 -2.953205
690000 3.552969 0.177522 -2.980460
700000 4.962302 0.237220 -2.956111
710000 4.500296 -0.037137 -2.956929
720000 3.220240 0.298299 -2.963956
730000 2.604937 0.091131 -2.873789
740000 2.604238 0.250570 -2.941538
750000 1.867388 0.131658 -2.905872
760000 1.475713 0.240954 -2.907454
770000 2.505822 0.241116 -3.047860
780000 3.217587 0.330862 -2.870609
790000 3.902428 0.142313 -2.926360
800000 3.602629 0.189684 -3.036895
810000 2.778543 0.111017 -2.957874
820000 3.037817 0.236356 -2.901999
830000 3.924343 0.115910 -3.041422
840000 4.405546 0.346729 -2.995822
850000 4.073915 0.108314 -3.036674
860000 4.689291 0.313077 -3.019881
870000 4.974294 0.242549 -2.895913
880000 4.249639 0.057425 -2.978701
890000 3.329089 0.273246 -2.961997
900000 2.402442 0.176423 -2.869006
910000 1.984732 0.117926 -2.894885
920000 1.847950 0.050548 -2.914897
930000 2.075674 0.196429 -2.922108
940000 2.771409 0.241662 -2.975311
950000 2.472497 0.174878 -2.990583
960000 3.771606 0.289834 -2.915934
970000 4.499919 0.122904 -3.068192
980000 4.000648 0.233285 -2.883002
990000 3.937636 0.221708 -2.942723
1000000 4.513998 0.203612 -2.974952
1010000 3.634667 0.214247 -2.851996
1020000 3.149210 0.326178 -2.989530
1030000 3.773186 0.026740 -3.030578
1040000 3.848011 0.186221 -2.963542
1050000 4.692352 0.097346 -3.020536
1060000 4.478818 0.273624 -2.894786
1070000 4.372111 0.011656 -3.053481
1080000 3.501362 0.149742 -2.992505
1090000 4.403943 0.165104 -2.994984
1100000 3.199478 0.272887 -2.871241
1110000 2.116150 0.182042 -2.981176
1120000 1.437261 0.317631 -2.802616
1130000 0.762624 0.157914 -2.952986
1140000 0.975907 0.114369 -2.878718
1150000 0.631706 0.084977 -2.966401
1160000 1.014218 0.191258 -2.962647
1170000 0.900392 0.357671 -2.950223
1180000 1.109681 0.218879 -3.055808
1190000 0.522714 0.218383 -2.998472
1200000 0.858151 0.151562 -2.986721
1210000 0.865779 0.134889 -2.895975
1220000 1.174530 0.282238 -2.831418
1230000 0.871965 0.166813 -2.883559
1240000 1.354178 0.103852 -2.841649
1250000 1.488225 0.269987 -2.932780
1260000 1.724669 0.230314 -2.969291
1270000 1.824219 0.078318 -2.867692
1280000 1.187422 0.243826 -2.909442
1290000 1.808178 0.190345 -2.930126
1300000 1.338528 0.197427 -2.913127
1310000 1.105234 0.120838 -2.973376
1320000 1.139352 0.189938 -2.989748
1330000 0.870536 0.230826 -2.872779
1340000 0.922571 0.265664 -2.910265
1350000 0.959516 0.190197 -2.988985
1360000 1.269451 0.242318 -3.003794
1370000 1.401227 0.187812 -3.009875
1380000 1.311883 0.270965 -3.013869
1390000 1.350567 0.254237 -2.909832
1400000 1.240431 0.331269 -2.910741
1410000 1.161848 0.099638 -2.958371
1420000 1.701338 0.007380 -2.896729
1430000 1.873312 0.092352 -2.917579
1440000 2.093914 0.185986 -3.038671
1450000 2.198803 0.212966 -2.962896
1460000 2.519261 0.247232 -3.008671
1470000 2.339705 0.173269 -2.950268
1480000 3.394647 0.118513 -3.023785
1490000 2.523056 0.095611 -3.099169
1500000 3.068386 0.163273 -2.835585
1510000 3.229703 0.145825 -2.887629
1520000 3.361370 0.232280 -2.936224
1530000 4.036988 0.175575 -2.961760
1540000 4.481639 0.119118 -2.996073
1550000 4.428250 0.341545 -3.058598
1560000 4.642807 0.201870 -2.812349
1570000 4.317306 0.190516 -2.998144
1580000 4.055232 0.091949 -3.106906
1590000 3.414332 0.212802 -3.050258
1600000 2.594281 0.131319 -2.919697
1610000 2.003700 0.155843 -2.998047
1620000 1.978821 0.207419 -3.009414
1630000 2.519366 0.119401 -3.001990
1640000 1.833493 0.263372 -2.975635
1650000 1.746564 0.246139 -2.913340
1660000 2.136756 0.114745 -2.943762
1670000 2.542000 0.225256 -2.921561
1680000 3.339147 0.055865 -2.952787
1690000 3.470677 0.271680 -2.991074
1700000 4.324854 0.348568 -3.041013
1710000 3.193442 0.109224 -2.915522
1720000 3.027990 0.175681 -2.894941
1730000 2.684009 0.299634 -2.977231
1740000 3.200219 0.180557 -3.010715
1750000 3.174972 0.239531 -2.885964
1760000 3.841230 0.204686 -2.923386
1770000 4.820354 0.330877 -3.009073
1780000 4.705164 0.118599 -2.987145
1790000 4.585327 0.355915 -2.945838
1800000 4.733895 0.148817 -3.001704
1810000 4.823334 0.252611 -2.912593
1820000 3.631507 0.107630 -3.031892
1830000 4.318756 0.266597 -2.924183
1840000 4.768126 0.176239 -2.918786
1850000 4.387461 0.147800 -2.935610
1860000 3.586176 0.141798 -2.863422
1870000 3.525666 0.103987 -2.959048
1880000 3.554770 -0.028990 -3.090694
1890000 2.616712 0.192451 -2.913747
1900000 2.000449 0.179841 -2.955008
1910000 2.444710 0.373652 -3.058419
1920000 3.197081 0.183787 -2.999938
1930000 2.411009 0.174265 -2.997961
1940000 1.763006 0.245146 -3.037760
1950000 1.585964 0.238956 -2.967482
1960000 1.765319 0.185491 -2.957232
1970000 1.520574 0.114202 -3.012108
1980000 1.732095 0.220356 -2.932605
1990000 1.936171 0.249379 -2.996264
2000000 1.761979 0.255049 -2.971169
2010000 1.686438 0.115025 -2.976342
2020000 1.278662 0.206747 -2.859174
2030000 1.326030 0.167819 -3.014489
2040000 0.690373 0.152563 -2.933517
2050000 1.006435 0.071752 -2.978027
2060000 0.500307 0.162483 -2.948920
2070000 0.646862 0.184253 -2.980979
2080000 0.706034 0.123460 -2.984319
2090000 0.812040 0.241433 -2.992795
2100000 0.742594 0.161642 -2.885213
2110000 0.505552 0.162036 -2.834432
2120000 0.725778 0.207272 -3.073907
2130000 1.052805 -0.010969 -2.967669
2140000 1.172170 0.189215 -3.117285
2150000 1.235597 0.221859 -3.045253
2160000 1.314429 0.158544 -2.931397
2170000 1.009171 0.294904 -2.958247
2180000 1.033219 0.176055 -3.009478
2190000 1.091352 0.094151 -3.009973
2200000 1.174595 0.131837 -3.008414
2210000 0.934296 0.219954 -3.119624
2220000 0.856842 0.133110 -2.953613
2230000 1.042563 0.187632 -2.925202
2240000 1.195923 0.137926 -2.894411
2250000 0.861870 0.190005 -3.042772
2260000 1.013212 0.107387 -3.021565
2270000 1.310090 0.224498 -2.939858
2280000 1.200842 0.094213 -2.982119
2290000 1.789959 0.229487 -2.973707
2300000 1.808462 0.269084 -2.844985
2310000 2.340288 0.192107 -3.003739
2320000 2.504908 0.186720 -3.085980
2330000 2.532670 0.143329 -2.996738
2340000 3.192619 0.101783 -2.953771
2350000 2.944002 0.279228 -2.976262
2360000 3.749320 0.115649 -2.872892
2370000 4.491382 0.211534 -3.087187
2380000 4.252512 0.118385 -2.962480
2390000 3.981939 0.057508 -2.991966
2400000 4.978211 0.289428 -3.008746
2410000 4.401651 0.150770 -3.025661
2420000 3.829082 0.181697 -2.936922
2430000 3.721481 0.104986 -2.955677
2440000 3.504659 0.309358 -2.860388
2450000 3.066509 0.214544 -3.033925
2460000 4.044450 0.207944 -2.937844
2470000 4.746207 0.149176 -3.113352
2480000 4.818543 0.073531 -2.959512
2490000 4.414741 0.160885 -2.961891
2500000 4.441695 0.196883 -2.884177
2510000 4.277170 0.133610 -2.898539
2520000 4.026249 0.155522 -2.868471
2530000 3.079357 0.224081 -2.922066
2540000 2.565676 0.140802 -2.896575
2550000 2.731280 0.274706 -2.846941
2560000 1.960343 0.213805 -2.929403
2570000 2.138506 0.069200 -3.115203
2580000 2.603588 0.228244 -2.929490
2590000 2.730727 0.238769 -2.879012
2600000 1.710887 0.254654 -3.117165
2610000 1.857225 0.254317 -3.048370
2620000 1.519707 0.098427 -3.039515
2630000 1.963506 0.263226 -3.009419
2640000 1.658615 0.174177 -2.876262
2650000 1.358009 0.206497 -2.976165
2660000 1.337204 0.079515 -3.140865
2670000 1.210736 0.090303 -2.864934
2680000 1.273210 0.044524 -3.076987
2690000 1.486084 0.291159 -3.009828
2700000 2.225223 0.104440 -2.900512
2710000 2.013238 0.074092 -2.999748
2720000 3.204865 0.216948 -2.918029
2730000 2.980655 0.019312 -2.952686
2740000 3.038950 0.236005 -3.081157
2750000 2.793709 0.208737 -2.964656
2760000 3.282541 0.155422 -3.021547
2770000 2.249758 0.096083 -2.776545
2780000 1.823526 0.133097 -2.858329
2790000 2.611408 0.234289 -3.054029
2800000 4.035434 0.077574 -2.981012
2810000 4.700534 0.213875 -3.058552
2820000 4.853852 0.100333 -2.992122
2830000 3.616042 0.152372 -2.908682
2840000 3.677251 0.228148 -2.909786
2850000 3.386487 0.287137 -3.063668
2860000 3.524332 0.235253 -2.935480
2870000 2.931827 0.186782 -2.905370
2880000 3.976589 0.153427 -3.051129
2890000 3.799986 0.140415 -3.064639
2900000 3.710823 0.115068 -2.999101
2910000 4.092834 0.122891 -3.004954
2920000 4.815984 0.323322 -2.810990
2930000 4.903636 0.195908 -2.968684
2940000 4.876077 0.219355 -2.991852
2950000 4.927537 0.151095 -3.000163
2960000 4.805617 0.135006 -2.975579
2970000 4.299638 0.279950 -2.902562
2980000 4.017975 0.209678 -2.920194
2990000 4.227520 0.168411 -2.963686
3000000 3.647004 0.152261 -3.030742
3010000 4.069497 0.186787 -2.981112
3020000 3.803894 0.296313 -2.823502
3030000 3.410268 0.116884 -2.994933
3040000 2.700750 0.175420 -2.889020
3050000 2.783722 0.243870 -2.896974
3060000 3.029369 0.056994 -2.992517
3070000 2.773252 0.061761 -2.926941
3080000 2.582961 0.089714 -2.827998
3090000 2.427560 0.173466 -2.950703
3100000 1.829980 0.282581 -2.937845
3110000 2.192900 0.285312 -3.027711
3120000 2.290304 0.143481 -3.105617
3130000 3.044103 0.153127 -3.030580
3140000 3.084288 0.099326 -3.071233
3150000 2.420871 0.004881 -2.940033
3160000 2.522355 0.102938 -2.957531
3170000 2.814047 0.174835 -2.965017
3180000 3.648728 0.234116 -2.928739
3190000 3.667839 0.167511 -2.973595
3200000 3.173890 0.277580 -2.948979
3210000 3.756032 0.136560 -3.006116
3220000 4.390759 0.133816 -2.883475
3230000 4.099540 0.187935 -2.922320
3240000 3.035032 0.049852 -2.984857
3250000 3.395389 0.227866 -2.986848
3260000 3.861316 0.090757 -2.944064
3270000 3.881178 0.103100 -3.035812
3280000 4.570555 0.131782 -3.011514
3290000 4.712286 0.235593 -2.854312
3300000 4.249355 -0.002210 -2.813177
3310000 4.869468 0.143771 -3.012986
3320000 4.888812 0.179274 -2.946741
3330000 4.812184 0.111506 -2.906998
3340000 4.662692 0.244541 -3.026746
3350000 4.947999 0.178661 -3.019955
3360000 4.972011 0.321997 -3.039151
3370000 4.566354 0.216271 -3.047464
3380000 4.703416 0.150857 -2.834508
3390000 3.174938 0.050864 -2.917115
3400000 3.746442 0.219936 -2.938827
3410000 4.330498 0.195601 -2.838996
3420000 4.314683 0.195658 -2.972934
3430000 3.856997 0.132411 -2.975666
3440000 4.909563 0.167628 -2.906851
3450000 3.270059 0.259296 -2.768353
3460000 2.385126 0.055820 -2.944636
3470000 2.402210 0.140534 -3.042017
3480000 1.762517 0.194752 -2.905255
3490000 1.964095 0.099744 -2.931829
3500000 3.129479 0.115087 -2.994888
3510000 3.332749 0.216342 -2.961189
3520000 2.163032 0.219886 -2.868818
3530000 1.750947 0.064771 -2.904673
3540000 1.677483 0.206472 -2.996805
3550000 1.482600 0.171703 -2.919007
3560000 1.495458 0.167576 -3.019508
3570000 1.498582 0.242481 -2.950934
3580000 1.734116 0.116153 -3.010431
3590000 1.320174 0.127273 -2.898272
3600000 1.082652 0.162284 -2.968268
3610000 1.178307 0.121496 -2.984741
3620000 0.677488 0.263927 -2.798231
3630000 0.868094 0.101707 -2.929548
3640000 0.813827 0.171110 -3.039220
3650000 0.907650 0.199368 -3.032818
3660000 0.878748 0.207898 -2.995291
3670000 0.657237 0.245473 -2.983090
3680000 0.688893 0.302192 -3.014590
3690000 0.925456 0.104075 -2.937116
3700000 1.122723 0.058354 -2.983904
3710000 1.232570 0.250784 -2.944753
3720000 0.951256 0.133828 -2.965578
3730000 1.032664 0.179795 -2.863994
3740000 0.888262 0.158453 -2.874269
3750000 1.030324 0.168959 -3.001527
3760000 1.201768 0.198362 -3.032518
3770000 1.198369 0.244185 -2.808730
3780000 1.634617 0.121386 -3.068977
3790000 1.415490 0.169637 -3.063868
3800000 1.588148 0.161504 -2.928594
3810000 1.603897 0.140935 -2.921676
3820000 1.693003 0.158982 -2.972371
3830000 2.022163 0.138401 -3.073108
3840000 1.745012 0.209510 -3.009989
3850000 2.236113 0.128636 -2.982757
3860000 2.775683 0.107962 -3.041042
3870000 2.181156 0.179782 -2.917076
3880000 3.101211 0.192410 -2.942455
3890000 2.660336 0.170483 -2.869609
3900000 2.259856 0.197825 -2.862935
3910000 2.192987 0.108730 -2.963747
3920000 2.014545 0.113059 -2.893361
3930000 1.992448 0.142751 -2.985053
3940000 2.388135 0.157403 -2.956731
3950000 3.238232 0.185843 -2.850631
3960000 4.158685 0.250695 -3.010107
3970000 4.526430 0.200476 -2.981871
3980000 4.366274 0.047981 -2.891843
3990000 5.047451 0.149686 -2.937371
4000000 4.963502 0.287634 -2.882907
