100000 4.023664 -0.072796 2.862186
110000 3.330396 -0.068973 2.985664
120000 2.948407 0.014317 2.848924
130000 4.209874 -0.198919 2.947791
140000 3.777332 -0.024342 3.037884
150000 4.382650 0.045197 3.076205
160000 3.966598 0.127777 2.983826
170000 4.844392 0.119158 2.936253
180000 4.271814 0.008020 2.994459
190000 5.060138 -0.008351 2.897758
200000 3.591690 -0.050263 3.002402
210000 2.687885 0.075567 3.007795
220000 2.905186 -0.084098 3.048548
230000 3.841349 -0.096134 2.876975
240000 3.784367 0.120764 2.896462
250000 2.122584 0.091761 2.950333
260000 2.462472 -0.026928 3.033766
270000 3.211414 -0.035316 -3.133320
280000 2.253315 0.093927 2.894544
290000 1.818096 -0.084893 2.940601
300000 1.930288 -0.095406 2.870501
310000 1.241554 0.067190 2.994493
320000 1.250532 0.009304 2.945507
330000 1.151293 -0.035319 2.973085
340000 1.878395 0.085406 2.898933
350000 1.406381 0.063827 2.835449
360000 2.362970 0.078464 3.025678
370000 3.270397 -0.110580 2.880298
380000 3.794036 -0.005202 2.889732
390000 5.001195 0.075126 3.060339
400000 4.030556 0.014590 2.906787
410000 4.035068 0.028634 3.018800
420000 4.513703 0.026728 2.918296
430000 3.009795 -0.015234 2.973940
440000 2.595737 0.131896 2.945956
450000 3.315470 0.070913 2.886691
460000 2.779331 -0.046096 2.952867
470000 3.376656 -0.111576 2.937308
480000 2.242436 0.123847 2.956445
490000 2.029428 -0.033089 3.022551
500000 2.714506 0.162116 3.034039
510000 3.169838 -0.011245 3.042465
520000 2.522920 0.022475 2.789080
530000 4.253896 -0.083983 2.944957
540000 5.022886 -0.097923 2.992743
550000 4.823009 0.094629 3.002954
560000 3.825815 0.035324 2.985826
570000 4.733325 0.053890 2.974703
580000 3.938598 -0.023953 2.973571
590000 3.521511 0.040486 2.920540
600000 3.228279 -0.149249 2.916645
610000 4.415680 -0.000748 3.007995
620000 4.099669 0.040081 2.926576
630000 4.456095 0.014099 3.090076
640000 4.741277 0.002249 3.015811
650000 3.782435 0.032021 3.043673
660000 2.985715 -0.047836 2.941687
670000 2.499508 0.079968 2.866777
680000 1.723804 0.083022 3.016010
690000 2.421108 -0.072351 3.022382
700000 1.937473 0.136083 2.822936
710000 1.756205 -0.088435 -3.110438
720000 1.557440 0.106037 2.973839
730000 0.769227 -0.019483 3.011404
740000 0.674979 -0.031293 2.997034
750000 0.671693 -0.104740 3.016735
760000 1.023652 0.057162 3.016789
770000 1.126250 0.024788 2.895213
780000 0.833974 0.007336 2.994515
790000 1.301537 0.052264 2.961372
800000 1.112507 -0.028790 3.027756
810000 0.721825 0.077717 2.951034
820000 1.107080 -0.046221 3.083718
830000 0.856281 0.129418 3.029648
840000 1.714482 -0.125038 2.966387
850000 2.561070 -0.120988 2.874084
860000 3.086730 -0.087731 2.981984
870000 2.900966 -0.049814 2.908125
880000 2.390082 -0.045673 2.937964
890000 1.996271 0.191229 2.983728
900000 2.033551 0.001686 3.083844
910000 3.667835 0.048946 2.897585
920000 3.819089 -0.128395 3.042040
930000 4.425582 0.006941 2.896555
940000 2.924390 0.009585 2.861350
950000 4.118268 -0.180270 2.932007
960000 3.105814 -0.012070 3.067453
970000 3.817347 -0.132752 3.010322
980000 4.438418 0.078387 2.961522
990000 3.509889 -0.000784 2.861870
1000000 3.009205 0.086338 3.004288
1010000 4.920895 -0.059470 2.927742
1020000 4.940657 -0.098415 2.967098
1030000 4.746349 -0.067576 3.075620
1040000 4.808756 -0.067702 3.001572
1050000 4.244527 0.019084 2.927266
1060000 4.499244 -0.175308 -3.114826
1070000 3.621059 -0.042264 3.038109
1080000 3.410266 0.006346 2.889476
1090000 3.923677 -0.119009 2.995913
1100000 4.854672 -0.058429 2.918502
1110000 4.285824 -0.110610 2.917361
1120000 4.962555 -0.012794 3.051678
1130000 4.130204 -0.017679 3.039656
1140000 3.727458 0.026109 3.044380
1150000 2.262620 -0.009058 3.009053
1160000 2.709379 0.119252 2.931062
1170000 3.142831 0.057407 2.987144
1180000 2.031162 -0.066526 2.984028
1190000 1.517928 -0.179648 3.056070
1200000 1.934336 0.053086 3.018908
1210000 1.480004 -0.089570 3.001293
1220000 1.617194 -0.102592 2.863978
1230000 1.356079 0.082984 2.901494
1240000 1.434206 -0.029313 2.968024
1250000 1.381463 0.033040 2.953475
1260000 1.776013 -0.031895 2.989336
1270000 2.320607 0.058222 2.995839
1280000 1.894671 -0.054287 2.923584
1290000 2.359874 -0.013398 3.051920
1300000 2.817127 0.147819 2.972248
1310000 3.056728 -0.020501 3.041089
1320000 3.029511 0.017863 2.984010
1330000 3.341764 0.055955 3.060006
1340000 3.101288 0.054972 2.867964
1350000 2.597880 -0.014749 2.932351
1360000 2.272012 0.022028 3.025143
1370000 1.727766 -0.016332 2.960859
1380000 2.630283 0.071433 2.919170
1390000 4.107980 0.108600 3.052789
1400000 4.556351 0.059650 2.957260
1410000 4.155334 -0.028824 3.007304
1420000 3.725594 -0.012835 3.032840
1430000 3.839950 0.072231 3.048117
1440000 4.951661 0.030288 -3.127934
1450000 4.917994 -0.176337 2.988026
1460000 4.538019 0.075597 2.869265
1470000 4.123101 -0.251574 2.899431
1480000 3.575206 -0.057176 2.974144
1490000 3.848838 0.037310 3.043313
1500000 4.935099 0.143950 2.922273
1510000 4.822638 0.010988 2.962918
1520000 4.668794 0.145336 2.991890
1530000 4.720242 -0.101014 3.126246
1540000 4.542804 -0.047736 2.905072
1550000 4.883444 0.001087 2.978828
1560000 5.007015 0.004434 2.953662
1570000 4.566432 0.118665 3.012590
1580000 3.700347 0.084861 2.945499
1590000 2.628709 0.245663 3.041040
1600000 2.513921 0.067984 2.988311
1610000 2.591230 -0.013097 2.916066
1620000 3.380657 -0.004532 3.031344
1630000 2.854652 -0.114631 3.016000
1640000 3.366003 0.074319 3.071804
1650000 4.349779 -0.007591 3.061752
1660000 3.200068 -0.056360 3.031031
1670000 3.782885 0.026910 2.919812
1680000 4.457853 -0.046213 2.890623
1690000 4.719924 0.076953 2.911372
1700000 4.778818 -0.034158 3.041118
1710000 3.436117 -0.063360 2.974362
1720000 3.168259 -0.079346 3.011172
1730000 3.110275 0.024368 2.924802
1740000 3.915633 0.069496 2.951650
1750000 2.310686 -0.013298 3.015679
1760000 1.839789 -0.034375 3.000508
1770000 1.827312 -0.074615 3.022473
1780000 1.616991 -0.078274 3.008587
1790000 1.252354 -0.013799 2.950766
1800000 1.259823 0.004899 3.081709
1810000 1.174525 0.151578 2.947540
1820000 1.472921 0.135923 2.934222
1830000 0.896154 -0.011741 2.985228
1840000 0.852000 0.124267 2.999909
1850000 0.763992 0.048156 3.026574
1860000 0.846759 -0.007255 2.994693
1870000 0.989515 -0.012808 3.020909
1880000 1.027774 -0.089852 2.898067
1890000 1.046644 0.066650 2.951678
1900000 1.188617 -0.088980 2.910932
1910000 1.679711 -0.037621 2.959715
1920000 1.715294 0.022864 3.004976
1930000 1.315975 0.041998 2.990877
1940000 1.374074 -0.032639 2.980247
1950000 1.175034 0.010609 2.971437
1960000 1.007341 0.063057 3.030922
1970000 1.265515 0.095738 3.114259
1980000 0.600985 -0.026682 2.918417
1990000 0.512904 0.028718 2.969627
2000000 0.611527 -0.124219 2.980599
2010000 0.714245 -0.019737 3.023240
2020000 0.667409 -0.071022 2.920302
2030000 0.838176 0.022693 2.982654
2040000 0.785713 0.049054 3.028385
2050000 0.990994 -0.141989 2.957374
2060000 1.481169 0.071589 2.846567
2070000 1.640481 0.072493 2.838948
2080000 1.764674 0.010380 2.964462
2090000 1.460477 0.081724 2.927379
2100000 1.440121 0.075050 3.106710
2110000 1.163681 -0.171142 2.975608
2120000 1.479725 0.052838 2.969944
2130000 1.904131 0.035297 2.964679
2140000 2.337231 0.058317 3.001423
2150000 2.046950 -0.039965 2.949045
2160000 2.072422 -0.006718 3.126443
2170000 2.072133 -0.012232 2.928320
2180000 2.070827 0.016993 3.048186
2190000 2.599620 -0.089382 3.087705
2200000 2.903801 -0.010008 3.120747
2210000 3.010698 -0.070639 2.919595
2220000 2.427229 -0.036850 2.845953
2230000 2.363298 -0.057952 2.866488
2240000 3.384419 0.104633 2.979351
2250000 3.007739 0.031339 3.016026
2260000 3.734468 -0.050616 3.057756
2270000 3.393968 -0.055716 3.107506
2280000 3.945500 0.010720 2.959840
2290000 4.636094 -0.111881 3.015643
2300000 4.031994 0.112958 2.943077
2310000 3.180351 0.026138 3.133812
2320000 4.070267 0.008077 2.875780
2330000 4.311065 0.038696 2.890183
2340000 4.862387 -0.121427 2.907464
2350000 4.879470 -0.072094 2.999990
2360000 3.027775 -0.023515 2.933139
2370000 2.557991 -0.057080 2.989523
2380000 3.798391 0.063285 -3.129080
2390000 2.721535 -0.171425 3.003838
2400000 3.653721 -0.015037 2.902301
2410000 3.850646 -0.013293 3.011898
2420000 4.692201 -0.006678 2.862257
2430000 4.459927 -0.200243 2.924089
2440000 4.135387 0.116125 3.018740
2450000 3.500722 0.087231 2.970210
2460000 2.655062 -0.007636 3.006030
2470000 3.058443 0.125509 2.964808
2480000 2.356045 -0.112195 2.969004
2490000 2.381056 -0.050669 2.916304
2500000 2.094430 -0.053210 3.008271
2510000 2.562599 0.000545 3.050770
2520000 2.350510 -0.015016 2.959687
2530000 2.699870 -0.083837 2.935121
2540000 3.308242 0.048440 2.992827
2550000 2.979904 0.042754 2.996566
2560000 3.255273 0.162085 2.963234
2570000 4.255071 -0.093623 3.004025
2580000 4.740170 -0.109617 3.135410
2590000 4.954210 0.013451 2.932998
2600000 4.054331 0.106713 2.940318
2610000 4.284663 -0.040139 3.042188
2620000 4.816962 -0.078836 2.831297
2630000 4.038457 0.023414 2.891746
2640000 3.580546 -0.050310 2.927747
2650000 4.078135 -0.081631 2.957679
2660000 3.113606 -0.080155 3.064116
2670000 1.999223 -0.019018 2.927546
2680000 1.966339 -0.040753 3.005044
2690000 2.185731 0.040198 2.917543
2700000 2.025758 0.092343 2.856580
2710000 1.650297 -0.045463 2.928051
2720000 2.404352 0.054916 2.866634
2730000 3.330349 0.049535 3.020145
2740000 4.139988 -0.011912 2.967438
2750000 4.192204 -0.024474 2.976146
2760000 4.043851 -0.055658 2.892159
2770000 3.373703 -0.051182 2.891790
2780000 2.802845 0.219480 2.926710
2790000 3.249868 0.032537 3.036636
2800000 2.759322 -0.052510 2.947980
2810000 2.554234 0.019193 2.859283
2820000 1.696793 0.076526 2.884180
2830000 1.623842 0.057817 3.089506
2840000 1.730799 -0.055168 2.927794
2850000 1.600895 -0.171806 3.027364
2860000 2.159915 0.020326 2.937857
2870000 2.256993 0.009894 3.004064
2880000 1.478431 0.040382 2.995329
2890000 2.182326 -0.006384 2.960588
2900000 1.709827 -0.048649 2.955140
2910000 1.531924 0.008875 2.974120
2920000 1.361159 0.181989 2.920838
2930000 1.343426 0.062392 3.052093
2940000 1.342729 0.009781 2.961953
2950000 1.111742 0.024288 3.001799
2960000 1.125139 0.034822 2.982202
2970000 1.126933 -0.041319 2.901020
2980000 1.462010 0.136725 2.903006
2990000 1.436382 -0.037803 2.950289
3000000 2.080228 -0.007436 2.917760
3010000 2.360085 0.082461 3.021479
3020000 2.149897 0.058507 3.004801
3030000 2.281207 -0.037616 2.858525
3040000 2.730201 0.047489 2.975182
3050000 2.542420 0.120990 3.092789
3060000 3.407913 0.029579 3.063193
3070000 3.774754 -0.089288 2.974028
3080000 3.415623 0.011083 2.837478
3090000 4.137486 0.065806 3.077676
3100000 3.599742 0.036885 3.044835
3110000 3.169724 -0.057899 2.998472
3120000 3.701029 0.106918 3.062571
3130000 3.801804 0.075889 2.986860
3140000 4.833339 -0.035855 3.074349
3150000 4.522645 0.058163 2.870903
3160000 4.557018 -0.172312 2.912318
3170000 4.933073 -0.072113 2.988389
3180000 4.705380 0.037096 2.850091
3190000 4.128454 -0.103850 3.064375
3200000 4.682249 -0.067124 3.056557
3210000 4.538336 -0.014958 2.958245
3220000 4.155747 -0.090455 2.935938
3230000 3.370631 0.009884 2.908501
3240000 3.083349 0.048682 2.973780
3250000 3.138657 0.031525 3.042262
3260000 3.178938 0.011637 2.939990
3270000 2.756784 -0.089737 3.043454
3280000 3.055939 0.005974 3.097027
3290000 2.322186 0.109170 3.040292
3300000 2.833768 -0.115640 2.748854
3310000 2.732111 -0.045542 -3.139838
3320000 2.175679 -0.055188 3.047167
3330000 1.923383 0.097499 2.973020
3340000 1.678356 -0.045189 2.955451
3350000 1.930106 0.053225 2.902717
3360000 1.957623 -0.053879 2.933265
3370000 1.613742 -0.027950 2.945152
3380000 1.987923 0.065799 2.957805
3390000 2.134161 0.103395 2.880645
3400000 2.295584 0.030379 2.981077
3410000 2.142543 -0.064310 2.976094
3420000 1.255791 -0.002895 2.824925
3430000 0.969712 0.065728 2.924311
3440000 1.199534 -0.096887 2.997043
3450000 1.340370 0.023108 2.990502
3460000 0.730437 -0.124621 3.011630
3470000 0.997324 0.109542 2.948605
3480000 0.939700 0.037837 -3.115277
3490000 0.935565 -0.017099 2.983663
3500000 0.922611 -0.032502 2.964382
3510000 0.633649 -0.053736 2.938583
3520000 0.868898 0.138970 2.952420
3530000 0.781626 0.096516 2.942701
3540000 0.785725 -0.066808 2.988703
3550000 0.763428 0.037755 2.991759
3560000 0.646810 0.013450 3.057941
3570000 0.497275 0.092457 2.891549
3580000 0.888369 0.018899 2.928712
3590000 1.122367 -0.009327 3.100234
3600000 1.053902 -0.050278 2.939028
3610000 1.000507 0.013702 3.014960
3620000 1.132619 0.065740 2.985225
3630000 1.104955 0.045483 2.963228
3640000 1.149736 -0.049810 3.084615
3650000 1.314525 -0.033024 3.018181
3660000 1.260682 0.027826 3.086001
3670000 1.506050 -0.019541 2.914132
3680000 1.437619 -0.037663 2.946966
3690000 1.567145 0.094771 2.956644
3700000 1.478539 -0.079839 3.008986
3710000 1.506085 0.161039 2.954468
3720000 1.402385 -0.036382 2.973110
3730000 1.416694 -0.015330 2.933977
3740000 1.866467 -0.014161 3.098324
3750000 1.944414 -0.004171 2.959579
3760000 2.175272 0.018958 3.028361
3770000 2.337789 0.109108 2.918076
3780000 2.784155 0.031990 2.953134
3790000 3.922740 -0.020995 2.978216
3800000 4.056904 0.117013 3.058857
3810000 4.701813 0.114792 3.026545
3820000 4.293509 -0.007046 2.895610
3830000 4.250262 0.026835 3.071621
3840000 4.204205 -0.030795 2.891670
3850000 4.414713 0.164551 3.005176
3860000 4.828671 -0.039620 3.032094
3870000 3.829854 0.090029 2.968275
3880000 3.771593 -0.040005 3.048245
