100000 1.927142 0.131968 1.041529
110000 2.522195 -0.024638 0.995078
120000 2.135986 -0.126267 0.928310
130000 1.220761 0.135727 1.138660
140000 1.396559 -0.015949 1.054256
150000 0.955486 -0.047813 1.009987
160000 1.126863 -0.240375 1.079781
170000 0.764922 0.048334 1.138670
180000 1.558474 0.020136 0.934488
190000 1.423491 0.013245 1.016902
200000 2.507736 0.006776 1.107484
210000 3.857343 -0.041501 1.034334
220000 3.986145 0.016262 1.041433
230000 3.228985 0.063538 1.035358
240000 2.485728 0.030859 1.064620
250000 2.177574 0.033109 1.029607
260000 2.800614 0.047043 0.982529
270000 3.597868 0.081763 0.990267
280000 4.425673 -0.043736 0.940321
290000 4.784097 -0.015387 1.122063
300000 4.143731 -0.010581 0.955258
310000 3.394062 0.091902 1.019546
320000 3.371319 0.019058 1.115737
330000 3.722565 0.026705 1.160553
340000 5.088632 -0.094945 1.153652
350000 4.634645 -0.015318 1.002368
360000 3.091566 0.027858 0.941223
370000 2.123340 0.014003 1.008869
380000 1.713969 -0.050021 1.111103
390000 2.411295 -0.059179 1.156285
400000 1.905817 -0.021720 1.067338
410000 1.762174 0.061364 1.096264
420000 2.697851 0.079813 0.990004
430000 2.708268 0.052283 1.036429
440000 2.858774 0.148675 1.030327
450000 3.289999 0.034523 1.115970
460000 3.873086 0.061166 0.935567
470000 4.633305 -0.132366 0.961776
480000 4.842956 -0.056136 1.121792
490000 4.914451 -0.066844 0.944179
500000 4.780252 -0.000542 0.998644
510000 3.527116 0.047371 0.979964
520000 4.084609 0.093094 1.083555
530000 2.704446 -0.108559 0.985380
540000 2.727043 -0.053628 0.901433
550000 3.246419 0.077483 0.991583
560000 3.155800 -0.009585 1.063592
570000 2.812604 0.001984 1.087827
580000 2.675168 -0.099192 1.017254
590000 2.120482 -0.066762 1.138895
600000 2.792800 -0.014029 1.100457
610000 2.943867 -0.058404 1.156385
620000 4.525362 -0.023697 1.197257
630000 4.742001 0.124338 1.006277
640000 4.656952 0.000175 1.046472
650000 4.397788 -0.064433 1.079253
660000 4.073208 0.003168 0.971193
670000 4.518884 0.067738 1.131660
680000 3.748587 -0.083996 1.010622
690000 4.715706 -0.023167 1.025981
700000 4.259397 0.138072 0.981749
710000 3.021130 0.028259 1.048134
720000 2.873767 0.088231 1.081538
730000 3.098705 -0.028921 1.131521
740000 3.773967 0.068409 1.047330
750000 2.551406 -0.079171 1.090721
760000 2.287375 0.069617 1.089787
770000 1.871384 0.083186 1.057112
780000 1.936746 -0.062388 1.116395
790000 1.234579 -0.069348 0.961607
800000 1.111811 0.069948 1.014946
810000 1.271212 -0.055564 0.988927
820000 0.896779 -0.065099 1.094500
830000 1.223565 0.024209 1.075160
840000 1.603613 -0.056003 1.100684
850000 1.652564 0.057988 0.928191
860000 1.492054 0.072156 1.211730
870000 1.805771 0.015494 0.984795
880000 1.326753 0.081741 1.030842
890000 1.481353 -0.078707 0.961390
900000 1.743287 0.023383 0.999596
910000 2.026877 0.122601 1.078906
920000 3.083645 -0.072021 1.049193
930000 3.425849 -0.084596 1.069228
940000 4.595938 0.013494 1.124194
950000 4.605767 -0.018742 1.078968
960000 3.698147 0.056232 0.932538
970000 3.292992 -0.010649 0.891347
980000 4.257767 -0.009564 1.089363
990000 4.693191 -0.040399 1.546246
1000000 4.885796 -0.022549 1.123020
1010000 4.483998 0.013381 1.090081
1020000 4.187408 -0.059041 0.926460
1030000 4.032498 -0.132424 1.113652
1040000 4.899505 0.034887 1.073343
1050000 4.971270 -0.039244 0.992579
1060000 4.948704 -0.030591 1.079865
1070000 3.929387 -0.025326 0.985405
1080000 4.468283 0.061963 1.067279
1090000 2.931066 0.039140 1.111010
1100000 2.749145 0.051754 1.112600
1110000 2.215922 0.046616 1.052790
1120000 2.855452 0.024596 1.134362
1130000 2.042873 -0.073197 1.075843
1140000 2.354647 -0.043114 1.053674
1150000 2.964015 -0.112115 1.043110
1160000 2.434212 -0.117908 1.076902
1170000 2.425980 0.023428 0.951531
1180000 1.869053 0.058551 1.224462
1190000 2.150884 0.008180 1.022768
1200000 2.167427 0.059447 1.080731
1210000 1.801332 -0.115016 1.169294
1220000 2.646213 0.116538 1.070403
1230000 3.529681 -0.007919 1.092140
1240000 3.504827 -0.070445 1.075631
1250000 3.546011 -0.132039 0.972652
1260000 3.099363 -0.014265 1.092558
1270000 4.071716 -0.019119 1.026343
1280000 4.489805 0.076368 1.083167
1290000 3.795484 0.161824 1.071242
1300000 3.175718 0.032750 1.008910
1310000 3.444717 -0.023225 1.094105
1320000 3.666877 -0.076826 1.126414
1330000 4.569625 0.129659 1.003684
1340000 4.800397 0.063328 0.968684
1350000 4.920489 0.136842 0.983948
1360000 4.448768 0.066448 1.042203
1370000 3.990076 -0.059903 1.005564
1380000 4.406061 0.055671 1.177547
1390000 4.316916 0.058713 1.146496
1400000 4.214760 -0.045390 1.031416
1410000 3.986420 -0.029765 1.138971
1420000 4.195147 -0.018363 1.054735
1430000 4.516497 -0.013669 1.073782
1440000 4.925415 0.054439 1.021190
1450000 4.754550 -0.210837 1.023781
1460000 3.175814 -0.062452 1.101515
1470000 2.454475 -0.029516 0.978747
1480000 3.119724 -0.001357 0.990120
1490000 2.816226 0.018285 1.012862
1500000 2.731526 -0.003425 1.003182
1510000 2.381255 -0.017106 1.123894
1520000 1.093161 -0.042001 0.933417
1530000 1.452189 0.022433 1.101140
1540000 0.977886 0.031932 1.010454
1550000 0.783433 -0.083601 1.012504
1560000 1.005907 0.075105 1.180700
1570000 0.871385 -0.011043 1.031611
1580000 0.830556 0.025070 1.041428
1590000 1.031945 0.098264 1.078636
1600000 1.290417 -0.099903 1.032213
1610000 1.352746 0.020722 1.032231
1620000 1.279274 0.052995 1.018039
1630000 1.410901 -0.006871 0.910098
1640000 1.720998 0.013135 1.096173
1650000 1.416411 -0.068011 0.995563
1660000 1.728786 0.087254 1.033621
1670000 1.777956 -0.015756 0.993557
1680000 1.806207 0.014399 1.169088
1690000 2.233227 0.110089 1.056470
1700000 2.706004 0.102604 0.912850
1710000 3.490408 -0.031385 1.049882
1720000 3.119646 0.023808 1.028084
1730000 2.874925 0.019063 1.225790
1740000 2.617260 0.044250 1.058206
1750000 2.693240 0.073740 1.029737
1760000 2.996727 0.059238 1.072949
1770000 2.266127 0.037472 0.935621
1780000 2.507190 0.008453 1.050394
1790000 3.298023 -0.134778 1.016847
1800000 4.019379 0.036611 1.121984
1810000 3.955571 0.060505 1.108122
1820000 4.931837 -0.095878 1.048423
1830000 5.040422 -0.125005 0.989168
1840000 4.378715 -0.045407 1.044225
1850000 4.786671 -0.029969 1.028987
1860000 3.821424 -0.005145 1.134232
1870000 3.278583 0.014679 0.999669
1880000 3.231928 -0.068830 1.077770
1890000 4.160404 0.068482 0.978318
1900000 4.653005 0.027968 1.033411
1910000 4.554484 -0.142666 1.065213
1920000 4.515114 0.077332 0.930896
1930000 4.754783 -0.006115 1.105718
1940000 3.422324 -0.041821 1.097772
1950000 3.128598 0.089929 1.117975
1960000 2.193731 0.088729 0.993821
1970000 2.224115 0.078694 1.038659
1980000 2.382464 -0.050980 1.042229
1990000 2.786246 0.068789 0.986342
2000000 3.597894 0.100692 1.027196
2010000 3.915098 0.027902 0.987920
2020000 4.078821 -0.059155 1.000876
2030000 2.809464 -0.024872 1.060377
2040000 3.576020 -0.044768 1.152241
2050000 3.151273 -0.032884 1.159294
2060000 2.738512 0.113874 1.044170
2070000 3.022701 0.104466 1.073751
2080000 2.091645 0.096708 1.123928
2090000 1.450345 -0.000095 1.070609
2100000 1.444476 -0.055523 1.149820
2110000 1.936874 0.032933 0.987915
2120000 1.710378 0.002083 1.165336
2130000 1.728973 0.006073 1.113945
2140000 1.701892 -0.030198 1.121088
2150000 2.028023 0.058899 1.023718
2160000 1.689722 -0.010950 1.060331
2170000 2.100927 -0.023191 1.045529
2180000 2.057166 -0.017151 1.081199
2190000 2.467187 0.104529 1.146085
2200000 3.349901 -0.188220 0.962141
2210000 4.257451 0.043025 1.051043
2220000 3.973842 0.137437 1.003387
2230000 4.458179 -0.003074 0.948435
2240000 4.863074 0.033766 1.129884
2250000 4.221001 0.135147 1.025942
2260000 4.127084 -0.086363 1.119448
2270000 3.818086 0.060426 1.084163
2280000 4.120814 -0.042580 1.118970
2290000 4.092381 0.139465 1.019731
2300000 4.338439 0.094064 1.003689
2310000 4.090992 0.021803 1.003920
2320000 4.070524 -0.007836 1.034996
2330000 3.171821 0.132349 1.177967
2340000 2.414554 -0.139886 1.038371
2350000 3.137027 -0.070619 1.022464
2360000 3.027591 -0.007275 1.081091
2370000 2.678507 -0.004591 0.969138
2380000 2.486092 -0.063752 1.108207
2390000 4.522816 0.023721 1.011330
2400000 3.579205 0.053757 1.030360
2410000 4.599110 0.070725 1.122736
2420000 4.962263 -0.061612 1.048171
2430000 4.791821 0.027022 1.105215
2440000 4.871877 -0.124876 0.980131
2450000 3.737608 -0.100513 1.081221
2460000 2.722061 0.027360 1.024608
2470000 3.540729 -0.072207 0.997191
2480000 3.521826 -0.053230 0.997715
2490000 3.441929 -0.089204 0.978713
2500000 3.954146 -0.015970 0.985540
2510000 4.160363 -0.023088 1.052296
2520000 4.039282 -0.141411 1.222833
2530000 4.914924 -0.121376 1.186691
2540000 4.517804 0.044684 0.981768
2550000 4.869903 -0.013067 1.134175
2560000 3.721537 -0.028998 1.114240
2570000 2.603858 -0.103266 0.990665
2580000 2.375844 -0.121337 0.961464
2590000 3.014489 -0.005879 0.922100
2600000 2.195730 -0.052121 1.028812
2610000 2.852543 0.058649 0.880146
2620000 2.162451 -0.078924 1.148910
2630000 1.673345 0.026720 1.014436
2640000 0.806691 -0.003065 1.008463
2650000 0.957630 0.041387 1.006752
2660000 1.245101 -0.077813 0.961907
2670000 1.410451 0.049676 1.061219
2680000 1.477570 -0.076820 1.069076
2690000 1.293049 -0.066601 1.124890
2700000 0.981278 0.011905 0.877679
2710000 1.020281 0.083685 1.146468
2720000 0.708798 0.007269 1.121877
2730000 0.854222 -0.022541 1.048173
2740000 0.931379 0.026661 0.995179
2750000 1.289393 -0.138329 1.064004
2760000 1.751877 0.042993 0.957833
2770000 2.042867 0.134821 1.027791
2780000 2.032028 -0.003687 0.972142
2790000 2.310588 -0.110563 1.035133
2800000 2.686066 0.049435 1.029315
2810000 3.502512 0.009213 1.013090
2820000 3.950837 -0.024253 1.043478
2830000 3.954650 -0.074601 1.158146
2840000 3.054013 0.052578 1.025848
2850000 2.709591 0.008577 1.072056
2860000 3.254888 0.148343 1.020338
2870000 2.130251 0.040953 0.922739
2880000 1.925666 0.058210 1.022937
2890000 1.672854 -0.123627 1.039046
2900000 1.568169 0.050123 1.133014
2910000 3.038252 0.141927 0.987868
2920000 4.605103 -0.007412 0.941585
2930000 4.875936 -0.109031 0.980625
2940000 3.609031 -0.120624 1.011472
2950000 3.749848 0.013148 1.042088
2960000 4.164582 0.004229 0.964994
2970000 4.507807 -0.011243 1.051813
2980000 3.438878 -0.051505 0.990237
2990000 3.195906 -0.003801 1.173891
3000000 2.319752 -0.027969 1.084914
3010000 2.340571 0.072190 1.094267
3020000 2.382465 0.023627 1.090803
3030000 2.550589 0.120736 1.102290
3040000 2.548439 0.023914 0.994243
3050000 2.462744 0.109202 1.004107
3060000 3.239802 -0.075717 0.968755
3070000 3.174370 -0.037632 1.064225
3080000 4.145089 -0.040142 1.074790
3090000 4.522736 -0.055802 1.008338
3100000 4.540990 -0.031908 1.000054
3110000 4.752750 -0.005151 1.056450
3120000 4.644781 0.032041 0.955183
3130000 3.657213 -0.059592 0.954142
3140000 4.376798 -0.043010 0.980711
3150000 4.289859 -0.087283 1.023080
3160000 4.400380 -0.058102 1.029752
3170000 4.518030 0.146215 1.048056
3180000 4.456058 -0.028313 0.906646
3190000 3.691126 0.007426 1.119367
3200000 3.087292 -0.008885 1.104282
3210000 2.921673 0.032731 0.967086
3220000 2.852040 0.082366 0.907934
3230000 2.181691 0.141080 1.027344
3240000 2.382589 -0.018513 1.122872
3250000 1.879200 0.098517 1.030819
3260000 1.608161 0.014528 1.009393
3270000 1.554355 0.027723 1.159930
3280000 1.419556 0.053732 0.885444
3290000 1.152985 0.058759 1.061398
3300000 1.038197 0.017913 0.905520
3310000 0.957059 0.014386 1.003126
3320000 0.991363 0.048870 0.990129
3330000 1.058240 0.000353 0.997202
3340000 0.938643 -0.039513 1.042289
3350000 1.289442 -0.048166 0.970587
3360000 1.306714 -0.064460 1.038897
3370000 1.541001 -0.085446 1.036144
3380000 1.447594 -0.017371 1.038974
3390000 1.486284 0.100200 1.004119
3400000 1.295986 0.020980 1.056425
3410000 1.631678 -0.015629 1.088230
3420000 1.734067 0.013121 1.125702
3430000 1.531629 0.005395 1.081603
3440000 1.790602 -0.139897 1.026384
3450000 2.160652 0.015725 1.182638
3460000 2.124766 0.030754 0.958225
3470000 2.155281 -0.016213 1.104406
3480000 2.439096 0.045404 1.017837
3490000 2.624122 0.026795 1.201724
3500000 3.362474 -0.055850 0.918118
3510000 2.935908 -0.056116 1.085270
3520000 3.787326 0.109281 0.950433
3530000 3.429626 0.051739 1.015926
3540000 4.947086 0.034111 1.056857
3550000 4.689472 -0.060296 1.155533
3560000 4.775492 0.017706 1.004869
3570000 3.590621 -0.043817 1.146140
3580000 3.617754 0.047298 1.061747
3590000 3.260555 -0.092003 1.048247
3600000 3.229949 0.008922 1.164627
3610000 3.141090 0.039977 1.015290
3620000 2.698258 0.041372 1.156074
3630000 3.131265 -0.105163 0.946013
3640000 3.021813 -0.068442 1.108697
3650000 3.764700 0.043370 1.066717
