100000 1.245518 -0.066108 -2.538435
110000 1.122276 -0.054825 -2.422615
120000 1.641199 0.049825 -2.526327
130000 1.443960 -0.031799 -2.346325
140000 1.970059 -0.044389 -2.387791
150000 2.441473 0.077450 -2.333887
160000 2.950315 0.147154 -2.423657
170000 3.680764 -0.039667 -2.525353
180000 3.862832 -0.048178 -2.409290
190000 4.573574 -0.063960 -2.373877
200000 3.040057 -0.023599 -2.323693
210000 4.468897 0.082965 -2.599570
220000 3.703617 0.036655 -2.374364
230000 4.025804 -0.014303 -2.378771
240000 4.728610 0.095095 -2.413630
250000 4.459937 0.010556 -2.498800
260000 4.914430 0.112452 -2.404329
270000 3.623442 -0.011243 -2.554617
280000 2.285115 0.153883 -2.457957
290000 4.080457 -0.032123 -2.479074
300000 4.037413 0.015154 -2.426418
310000 3.315573 0.119397 -2.423142
320000 4.412540 0.035258 -2.522704
330000 3.908127 0.010814 -2.488820
340000 4.822719 0.062009 -2.530585
350000 4.822548 0.035667 -2.534450
360000 4.224079 -0.053507 -2.437087
370000 3.376392 -0.028870 -2.477223
380000 3.211117 0.158022 -2.451309
390000 3.708929 -0.066341 -2.469851
400000 3.115856 0.071375 -2.397061
410000 2.163499 0.018703 -2.388870
420000 1.839674 -0.011721 -2.536386
430000 2.606701 0.070746 -2.324406
440000 1.632900 -0.074841 -2.469205
450000 1.420816 -0.011474 -2.485136
460000 1.822312 -0.152552 -2.387308
470000 2.816924 0.049141 -2.430508
480000 4.101992 0.052723 -2.521791
490000 3.689563 0.021426 -2.565774
500000 2.711740 -0.001714 -2.356647
510000 2.437183 -0.029651 -2.343637
520000 3.513282 -0.021997 -2.435310
530000 4.317055 0.021549 -2.348094
540000 4.570312 0.057085 -2.613115
550000 3.866327 -0.034516 -2.446943
560000 4.832015 0.031418 -2.364766
570000 4.946167 -0.002139 -2.523888
580000 4.847061 -0.020003 -2.516506
590000 4.908944 -0.046117 -2.401554
600000 4.444800 0.109579 -2.488753
610000 4.751882 0.011344 -2.469988
620000 4.656423 0.014260 -2.362983
630000 4.155807 0.037309 -2.446242
640000 3.289515 -0.020560 -2.471400
650000 2.183684 0.051497 -2.469913
660000 1.693934 -0.037701 -2.539147
670000 1.879622 0.051862 -2.365280
680000 1.276139 -0.008661 -2.490295
690000 0.939279 0.148069 -2.462504
700000 0.715574 0.029824 -2.522114
710000 0.993602 -0.023629 -2.396994
720000 0.900876 -0.065603 -2.408599
730000 1.149050 -0.122644 -2.458498
740000 0.659636 0.020272 -2.271881
750000 0.711384 0.059830 -2.393059
760000 1.152084 -0.027173 -2.418433
770000 1.587717 -0.090068 -2.433463
780000 1.860478 0.073572 -2.457069
790000 2.372966 -0.038590 -2.432496
800000 3.037819 -0.102534 -2.426553
810000 3.155305 0.059414 -2.416760
820000 3.907326 0.031677 -2.473111
830000 3.323390 -0.075229 -2.504529
840000 2.644294 0.056745 -2.508012
850000 2.928168 0.074520 -2.513002
860000 2.819923 0.038985 -2.476829
870000 3.886910 0.143413 -2.531402
880000 4.943121 0.000416 -2.467308
890000 4.137224 -0.101517 -2.416527
900000 4.269157 0.010689 -2.512885
910000 4.137549 -0.017397 -2.619150
920000 2.400992 -0.103650 -2.439371
930000 1.969890 0.108125 -2.499730
940000 2.111173 -0.028651 -2.502276
950000 3.199843 0.015415 -2.515631
960000 3.451605 -0.117512 -2.411200
970000 4.325385 -0.038571 -2.447405
980000 4.914553 0.084996 -2.496619
990000 4.431510 -0.071509 -2.461341
1000000 4.256552 0.051876 -2.431851
1010000 4.193152 -0.061506 -2.546435
1020000 3.007508 -0.021098 -2.433411
1030000 2.145100 0.014349 -2.409528
1040000 1.800195 -0.102040 -2.299621
1050000 1.751103 -0.002144 -2.317468
1060000 1.389551 -0.097789 -2.605357
1070000 1.583214 -0.069179 -2.481927
1080000 1.212647 -1.051276 -2.443745
1090000 0.958753 -0.140514 -2.393977
1100000 0.773740 0.083897 -2.479147
1110000 1.203413 0.004917 -2.421339
1120000 1.529406 -0.052908 -2.517338
1130000 2.090256 -0.071724 -2.397729
1140000 2.761313 0.073472 -2.323729
1150000 2.515040 -0.060286 -2.344152
1160000 2.309933 -0.017669 -2.342098
1170000 1.925549 0.089057 -2.452285
1180000 2.008649 0.103657 -2.392885
1190000 2.889475 0.037365 -2.385531
1200000 3.625301 0.010525 -2.337857
1210000 3.524462 0.017426 -2.380869
1220000 4.233477 0.005938 -2.406796
1230000 4.460280 0.018774 -2.456684
1240000 4.069353 -0.024375 -2.504500
1250000 4.448141 0.086876 -2.364500
1260000 4.827032 -0.039169 -2.460610
1270000 4.865484 -0.039570 -2.512244
1280000 4.839791 0.064284 -2.504697
1290000 3.968649 0.018540 -2.409549
1300000 3.613244 0.129194 -2.527481
1310000 3.384013 -0.017716 -2.388736
1320000 2.559117 0.020951 -2.397652
1330000 2.470233 -0.009390 -2.544133
1340000 2.025759 0.051295 -2.331398
1350000 1.701173 0.065399 -2.471092
1360000 1.342690 0.183382 -2.403581
1370000 0.859053 -0.147207 -2.403774
1380000 0.684888 0.038507 -2.508605
1390000 0.729606 -0.075248 -2.473462
1400000 1.084541 -0.066798 -2.460192
1410000 1.034432 0.060111 -2.430895
1420000 1.247436 -0.038468 -2.431230
1430000 1.353080 -0.131803 -2.330360
1440000 1.079344 -0.086530 -2.455215
1450000 0.964336 0.165629 -2.444069
1460000 1.042409 -0.106006 -2.384048
1470000 0.724514 -0.017365 -2.500485
1480000 0.497873 0.119493 -2.587420
1490000 0.524498 0.031788 -2.508688
1500000 0.766184 -0.037644 -2.435354
1510000 1.086942 -0.150460 -2.333193
1520000 0.999471 -0.042610 -2.256326
1530000 1.522837 0.059193 -2.421936
1540000 1.542524 0.080276 -2.410765
1550000 1.877373 -0.060837 -2.378798
1560000 1.606724 -0.004291 -2.433653
1570000 2.198303 -0.024526 -2.406053
1580000 2.572963 0.009550 -2.380935
1590000 2.606542 0.095818 -2.332191
1600000 2.281928 0.003568 -2.352094
1610000 2.270652 0.050925 -2.399791
1620000 1.943114 0.021730 -2.416039
1630000 2.817655 -0.050876 -2.432858
1640000 2.861455 -0.029084 -2.460444
1650000 2.620543 -0.028086 -2.438931
1660000 3.806973 0.106584 -2.388419
1670000 3.359288 -0.085009 -2.404876
1680000 4.491235 0.067578 -2.391238
1690000 4.391171 -0.009856 -2.497587
1700000 3.936252 -0.032051 -2.479919
1710000 3.491705 0.030620 -2.465552
1720000 3.337756 0.052401 -2.433022
1730000 2.897757 0.043293 -2.400860
1740000 4.105438 0.008304 -2.302625
1750000 3.891637 -0.040606 -2.487487
1760000 4.681578 -0.059925 -2.418708
1770000 4.389283 0.005750 -2.605814
1780000 4.621756 -0.031339 -2.559497
1790000 5.090894 0.143764 -2.410088
1800000 4.956733 0.025994 -2.434244
1810000 4.997431 -0.023874 -2.496652
1820000 4.802663 0.062782 -2.463912
1830000 4.169853 -0.008209 -2.507150
1840000 3.838655 0.071590 -2.451514
1850000 4.143844 0.149903 -2.460571
1860000 3.298446 -0.047308 -2.337254
1870000 2.883320 -0.096020 -2.438335
1880000 3.413720 0.017480 -2.517037
1890000 3.242439 -0.035222 -2.459800
1900000 2.279130 -0.085595 -2.472309
1910000 3.209347 0.034311 -2.485933
1920000 2.811837 -0.146620 -2.513483
1930000 2.850706 0.069769 -2.522043
1940000 3.673987 0.002637 -2.532054
1950000 3.507142 -0.053387 -2.493938
1960000 4.069260 0.070853 -2.440612
1970000 4.494846 0.143171 -2.372363
1980000 4.242057 0.170549 -2.440266
1990000 4.610975 0.076960 -2.359242
2000000 3.694428 0.063687 -2.396168
2010000 2.958409 0.068968 -2.447312
2020000 3.359159 -0.018407 -2.561196
2030000 3.472909 0.060907 -2.575222
2040000 2.308822 0.031791 -2.414852
2050000 2.470802 0.006375 -2.501654
2060000 1.759369 0.065933 -2.559881
2070000 1.822115 -0.011863 -2.474910
2080000 1.483229 -0.079885 -2.443978
2090000 2.107098 0.050843 -2.464279
2100000 2.218421 -0.027673 -2.491837
2110000 2.076073 0.047219 -2.508543
2120000 2.839838 0.018419 -2.450672
2130000 2.549974 -0.030578 -2.491600
2140000 3.770848 -0.067807 -2.532922
2150000 4.879744 -0.099664 -2.408726
2160000 3.402136 0.050763 -2.488566
2170000 3.889488 0.046684 -2.455323
2180000 4.265148 0.004418 -2.521569
2190000 4.535585 -0.021207 -2.515696
2200000 4.654251 -0.041317 -2.543287
2210000 3.390261 0.169213 -2.528143
2220000 3.092418 -0.106914 -2.404214
2230000 2.850408 -0.027874 -2.410792
2240000 2.615407 0.062683 -2.441859
2250000 2.525767 0.041905 -2.576151
2260000 2.647460 0.015604 -2.430263
2270000 2.764085 -0.013476 -2.497330
2280000 3.351043 0.098361 -2.381656
2290000 4.090630 -0.075842 -2.279966
2300000 4.173138 0.049669 -2.372849
2310000 4.443273 0.037394 -2.458321
2320000 3.519543 -0.017730 -2.419831
2330000 3.917265 -0.160700 -2.504141
2340000 4.572383 -0.113334 -2.369827
2350000 4.735670 -0.024785 -2.485126
2360000 4.645183 -0.129950 -2.338122
2370000 2.985316 -0.014014 -2.422767
2380000 2.533011 -0.011837 -2.393357
2390000 2.254132 0.013990 -2.413411
2400000 1.548892 -0.028401 -2.451033
2410000 1.462038 -0.042835 -2.412637
2420000 1.461464 0.083138 -2.429709
2430000 1.401974 0.128072 -2.478806
2440000 1.646156 0.056837 -2.426728
2450000 1.856828 -0.106645 -2.565772
2460000 1.809752 -0.060834 -2.503633
2470000 2.063056 0.010146 -2.440774
2480000 2.226153 -0.059967 -2.510621
2490000 3.088377 -0.105793 -2.571953
2500000 3.717497 -0.117620 -2.419043
2510000 3.421160 -0.018315 -2.428995
2520000 4.184729 0.025341 -2.480061
2530000 4.667563 -0.005564 -2.478139
2540000 4.948308 -0.070917 -2.466613
2550000 4.906601 0.069710 -2.396778
2560000 4.215073 -0.084116 -2.378636
2570000 3.400924 -0.010791 -2.483015
2580000 3.517489 0.046087 -2.321715
2590000 4.439929 -0.062794 -2.482703
2600000 3.387308 -0.043229 -2.405314
2610000 2.974749 -0.033975 -2.557593
2620000 3.611047 0.075783 -2.302701
2630000 3.791451 0.008848 -2.469799
2640000 4.322997 0.008575 -2.503304
2650000 4.420241 -0.007795 -2.528208
2660000 4.073699 0.120918 -2.361124
2670000 4.761974 -0.041298 -2.497206
2680000 4.224648 -0.055600 -2.559554
2690000 3.729541 0.011703 -2.450512
2700000 2.961361 -0.090832 -2.403761
2710000 2.456605 0.005699 -2.501463
2720000 2.017446 0.129095 -2.443681
2730000 1.940847 0.024662 -2.396988
2740000 2.359210 0.016539 -2.499868
2750000 2.685916 -0.050095 -2.400860
2760000 2.961994 -0.062615 -2.467480
2770000 2.805639 -0.012490 -2.429449
2780000 2.407812 0.031331 -2.447094
2790000 2.080729 -0.020325 -2.465737
2800000 1.271924 0.026530 -2.529961
2810000 1.255288 0.140415 -2.485264
2820000 1.120425 0.152836 -2.394561
2830000 1.331465 -0.102952 -2.402323
2840000 1.180868 0.090690 -2.297677
2850000 0.798385 0.031655 -2.520039
2860000 1.142185 -0.032052 -2.319771
2870000 0.782496 0.053040 -2.499733
2880000 0.898741 0.094979 -2.378216
2890000 0.671694 0.205735 -2.424699
2900000 0.675599 0.027084 -2.416423
2910000 1.069626 0.070380 -2.497288
2920000 1.007006 0.045686 -2.471730
2930000 1.073200 -0.087141 -2.450417
2940000 1.290699 0.013931 -2.404918
2950000 1.530508 -0.132103 -2.405417
2960000 1.714267 0.029675 -2.329867
2970000 1.685763 0.156975 -2.391759
2980000 1.698806 0.034259 -2.493752
2990000 1.877920 -0.053570 -2.533987
3000000 1.647031 0.053028 -2.152446
3010000 1.667833 -0.048355 -2.440926
3020000 1.628044 0.020337 -2.420211
3030000 1.931837 -0.015232 -2.497643
3040000 1.523224 0.104791 -2.418710
3050000 1.670438 -0.000190 -2.432012
3060000 2.147710 0.090253 -2.405962
3070000 2.074304 -0.190517 -2.473397
3080000 1.944686 -0.009921 -2.353402
3090000 2.505570 -0.108214 -2.391110
3100000 2.828988 0.064867 -2.515745
3110000 4.126542 -0.012012 -2.386970
3120000 3.489574 0.103068 -2.380693
3130000 3.474298 0.025740 -2.448405
3140000 3.835564 0.035258 -2.364847
3150000 3.144572 0.022493 -2.440953
3160000 3.034694 0.009735 -2.467864
3170000 3.060777 -0.118580 -2.534418
3180000 4.434478 0.037714 -2.447723
3190000 4.684684 0.141785 -2.512982
3200000 4.522148 0.022288 -2.406436
3210000 4.934332 0.008724 -2.415504
3220000 4.652386 0.023170 -2.321721
3230000 4.971639 -0.058480 -2.429528
3240000 4.724635 -0.033481 -2.434825
3250000 5.013314 0.074438 -2.403791
3260000 5.027319 0.084891 -2.393255
3270000 4.084320 -0.036837 -2.458854
3280000 3.926851 0.013361 -2.476287
3290000 3.718817 -0.068061 -2.349482
3300000 3.982969 -0.039288 -2.556033
3310000 3.112159 -0.045933 -2.477249
3320000 2.938051 0.010104 -2.472017
3330000 2.796994 -0.078228 -2.404702
3340000 3.163893 -0.046612 -2.430079
3350000 2.418216 -0.079252 -2.476912
3360000 2.097031 0.059175 -2.474149
3370000 1.712050 0.139189 -2.362280
3380000 1.411336 0.029815 -2.432359
3390000 1.383457 0.037187 -2.429998
3400000 1.434040 -0.006440 -2.484327
3410000 1.508684 -0.030022 -2.397764
3420000 1.597383 -0.024777 -2.547824
3430000 1.618898 -0.091100 -2.542033
3440000 1.614025 0.089387 -2.392550
3450000 1.430074 0.013094 -2.465722
3460000 1.306655 -0.081812 -2.461104
3470000 1.188810 0.054847 -2.341257
3480000 1.122994 -0.024680 -2.666588
3490000 1.428901 0.062126 -2.440156
3500000 1.463913 -0.048023 -2.314194
3510000 1.735916 0.127538 -2.438215
3520000 2.053637 -0.138117 -2.465989
3530000 2.672372 0.051990 -2.389069
3540000 3.445674 0.118210 -2.387737
3550000 3.946874 0.000932 -2.490779
3560000 4.273334 -0.075359 -2.482324
3570000 3.955819 0.045486 -2.445294
3580000 4.718887 0.000829 -2.543383
3590000 4.788693 0.016120 -2.444054
3600000 4.679507 0.055786 -2.366807
3610000 4.100300 -0.133604 -2.450132
3620000 4.210653 0.037500 -2.456732
3630000 5.002847 0.003043 -2.634145
3640000 4.093582 0.008886 -2.423279
3650000 3.744310 0.092824 -2.414358
3660000 3.042361 -0.013645 -2.374659
3670000 3.340373 -0.068335 -2.508042
3680000 3.912898 -0.082661 -2.400827
3690000 4.083255 -0.132402 -2.419109
3700000 4.003661 -0.098197 -2.459395
3710000 4.116224 -0.055084 -2.447082
3720000 4.633860 0.143278 -2.402681
3730000 2.956271 -0.017259 -2.525747
3740000 3.977403 0.096235 -2.496867
3750000 2.949586 0.012037 -2.457687
3760000 2.246334 0.005577 -2.385707
3770000 2.525685 0.023770 -2.380182
3780000 2.295517 -0.107068 -2.418428
