100000 1.087708 -0.237929 -3.096912
110000 1.393556 -0.079151 3.103006
120000 2.023187 -0.222435 -2.959871
130000 2.945004 -0.196264 3.073212
140000 4.242460 -0.231762 -3.125879
150000 4.303011 -0.126253 3.135958
160000 4.630629 -0.168385 3.081783
170000 4.999089 -0.223943 -3.104283
180000 3.949898 -0.221426 -3.036936
190000 3.615550 -0.278798 3.067449
200000 3.201993 -0.162583 3.055613
210000 4.142740 -0.236199 -2.984354
220000 4.834259 -0.111132 -3.072825
230000 3.517357 -0.081678 3.025094
240000 4.139830 -0.115206 -3.066450
250000 2.850292 -0.243074 -3.100199
260000 2.964195 -0.126369 -3.118950
270000 2.576272 -0.138724 3.115962
280000 3.484177 -0.093506 3.064826
290000 3.056149 -0.166342 3.131927
300000 3.490659 -0.130759 3.006665
310000 4.335080 -0.158362 3.085678
320000 4.088637 -0.160686 3.098906
330000 3.331361 -0.216333 3.045672
340000 2.782530 -0.298777 3.128502
350000 2.014985 -0.256724 3.011122
360000 2.458679 -0.201163 -3.135489
370000 1.853527 -0.181246 2.971972
380000 1.977653 -0.133305 -3.087915
390000 0.829174 -0.206068 3.110797
400000 0.783171 -0.263211 -3.073622
410000 0.700777 -0.316330 -3.101097
420000 1.014416 -0.229412 -3.045921
430000 1.207311 -0.104557 3.062228
440000 1.235023 -0.210381 -3.126187
450000 0.910408 -0.206583 -3.112554
460000 0.775448 -0.134033 3.133957
470000 0.816257 -0.085444 -3.054915
480000 1.463772 -0.103653 3.141125
490000 1.178244 -0.228318 -3.112234
500000 1.188470 -0.178010 3.130744
510000 1.156190 -0.216571 3.139180
520000 1.463392 -0.088600 3.109835
530000 1.538620 -0.220843 3.072910
540000 1.792962 -0.091738 3.138209
550000 1.598208 -0.034305 -3.070185
560000 1.523978 -0.285406 -2.971402
570000 1.996832 -0.132170 3.062431
580000 2.480340 -0.147021 -3.035752
590000 2.628672 -0.200391 3.129164
600000 3.865737 -0.248432 -3.096261
610000 4.096532 -0.166583 3.104320
620000 4.597750 -0.250089 3.110236
630000 4.842197 -0.253045 3.123255
640000 4.937037 -0.128109 -3.099297
650000 3.645859 -0.163329 3.097009
660000 3.790112 -0.214819 -3.045540
670000 4.022049 -0.180409 3.117067
680000 4.669000 -0.174555 3.071977
690000 4.172523 -0.089569 -3.116483
700000 3.797034 -0.148685 -3.130280
710000 2.902235 -0.171701 -3.028825
720000 2.637033 -0.185776 -3.122441
730000 2.196804 -0.298497 -3.111842
740000 2.313936 -0.107890 3.039739
750000 2.184180 -0.288339 -3.135380
760000 2.437943 -0.236615 3.061498
770000 1.840244 -0.096613 -3.095802
780000 2.725421 -0.059775 -3.129309
790000 3.205016 -0.204232 -3.055238
800000 3.859621 -0.034306 -3.069587
810000 4.145302 -0.169719 -2.921247
820000 4.744680 -0.230054 3.100694
830000 5.044154 -0.112234 3.091148
840000 4.034942 -0.210814 -3.077932
850000 3.886158 -0.184882 -3.047279
860000 3.179153 -0.087936 3.041707
870000 2.989410 -0.194414 -3.087679
880000 3.331441 -0.056640 3.116705
890000 4.558647 -0.213939 -3.085149
900000 4.911308 -0.214024 3.112703
910000 4.988349 -0.068117 3.038003
920000 4.217036 -0.151004 3.124690
930000 4.453192 -0.186594 -3.109035
940000 2.549014 -0.104291 3.135674
950000 2.505034 -0.195110 3.107930
960000 3.450743 -0.195347 3.086384
970000 4.810869 -0.166458 -3.115319
980000 4.334877 -0.238553 -3.032724
990000 4.566048 -0.167175 -3.078688
1000000 3.556891 -0.194241 3.027603
1010000 3.356895 -0.198602 3.127893
1020000 2.343622 -0.185602 -2.966362
1030000 2.138333 -0.231321 -3.110932
1040000 2.254014 -0.216508 -3.141488
1050000 2.856730 -0.090327 3.090836
1060000 3.337172 -0.203830 -3.133018
1070000 4.421032 -0.103579 -3.134176
1080000 3.849521 -0.118869 3.130628
1090000 3.331329 -0.273004 -3.115040
1100000 2.776610 -0.210120 3.056691
1110000 1.699195 -0.152474 -3.069157
1120000 1.731950 -0.106312 -3.101133
1130000 1.860427 -0.222868 -3.112612
1140000 2.163039 -0.188084 -3.069992
1150000 2.435475 -0.037611 3.088216
1160000 2.843063 -0.022506 3.126983
1170000 3.091880 -0.136955 -3.130451
1180000 2.768588 -0.275236 3.060377
1190000 2.120064 -0.161373 2.945506
1200000 2.080340 -0.319715 -3.121333
1210000 3.637480 -0.116690 3.096006
1220000 4.761267 -0.219669 -3.010177
1230000 4.998340 -0.181517 3.012969
1240000 4.436107 -0.149807 -3.110674
1250000 4.965236 -0.219277 -3.108625
1260000 4.519465 -0.086913 -3.106361
1270000 3.305204 -0.200663 3.079016
1280000 3.168035 -0.314523 3.074992
1290000 4.432176 -0.249701 -3.032608
1300000 4.643162 -0.148824 -3.121216
1310000 4.764028 -0.083560 3.119480
1320000 4.811249 -0.130386 3.126254
1330000 5.029180 -0.347694 -3.032863
1340000 4.649274 -0.295158 3.082769
1350000 3.326192 -0.154833 3.119621
1360000 3.146708 -0.089731 -3.103411
1370000 3.638595 -0.236016 3.036420
1380000 3.685105 -0.191852 -3.086342
1390000 4.626300 -0.124172 3.079429
1400000 4.369708 -0.169061 -3.044125
1410000 3.422108 -0.103457 -3.124098
1420000 2.360967 -0.208534 3.087507
1430000 2.889724 -0.238070 3.053730
1440000 2.391512 -0.203769 3.077046
1450000 1.648850 -0.161161 3.102521
1460000 1.744051 -0.245934 -3.127708
1470000 1.931534 -0.215424 -3.127461
1480000 1.211312 -0.253113 3.087383
1490000 0.790712 -0.188531 -3.058257
1500000 0.903985 -0.082932 -3.137800
1510000 1.105058 -0.197999 3.070925
1520000 0.675099 -0.138977 -3.057235
1530000 0.673557 -0.158481 -3.101076
1540000 0.524854 -0.155775 -2.966362
1550000 0.700120 -0.087628 3.129980
1560000 1.023915 -0.162882 -3.091888
1570000 1.221883 -0.230735 -3.069057
1580000 1.106136 -0.099357 3.113274
1590000 1.274396 -0.215433 -3.125761
1600000 1.093303 -0.167044 -3.043354
1610000 1.058650 0.003729 3.133899
1620000 1.326219 -0.162302 -3.093966
1630000 1.393068 -0.295125 -3.036227
1640000 1.556497 -0.149924 -3.108139
1650000 1.480272 -0.248373 -3.068740
1660000 1.284602 -0.206651 3.087840
1670000 1.456296 -0.221498 3.091786
1680000 1.630257 -0.074636 -3.132372
1690000 1.615543 -0.072956 3.055750
1700000 1.312898 -0.267169 -2.951984
1710000 1.925613 -0.134713 -2.992688
1720000 1.991959 -0.139807 -3.042038
1730000 2.404472 -0.235736 3.102476
1740000 2.787474 -0.090375 3.108527
1750000 3.836845 -0.061162 3.046143
1760000 3.762877 -0.267806 3.061828
1770000 4.736278 -0.229293 -3.112237
1780000 3.028247 -0.130799 3.051491
1790000 2.286411 -0.186505 2.990803
1800000 2.438047 -0.193394 3.080985
1810000 2.849191 -0.284710 -3.133502
1820000 3.054955 -0.169040 -3.081535
1830000 3.876468 -0.183854 -3.102629
1840000 4.466808 -0.072429 -3.118721
1850000 4.704859 -0.146332 3.047582
1860000 4.738268 -0.068870 3.023077
1870000 3.383882 -0.181845 3.138657
1880000 3.368364 -0.175279 -3.117411
1890000 3.991063 -0.104032 -3.112822
1900000 4.807000 -0.109569 -3.120391
1910000 4.240935 -0.213585 3.054911
1920000 4.792923 -0.085463 -3.118520
1930000 4.335543 -0.100338 -3.045212
1940000 3.676216 -0.151472 -3.066660
1950000 2.976171 -0.116521 -3.131651
1960000 2.724191 -0.225465 -3.131996
1970000 3.086250 -0.145689 -3.089407
1980000 3.671412 -0.117685 3.007620
1990000 3.172396 -0.311568 -3.050842
2000000 4.332920 -0.189207 3.127699
2010000 4.450330 -0.126071 -2.968283
2020000 4.545736 -0.188207 3.112466
2030000 4.698202 -0.073020 -3.138054
2040000 3.961256 -0.113846 -3.131618
2050000 3.788495 -0.273348 -3.052025
2060000 2.796232 -0.271253 -3.093755
2070000 2.175464 -0.233694 3.003747
2080000 2.025706 -0.182133 3.027359
2090000 2.519205 -0.157896 -3.066255
2100000 2.176101 -0.220767 -3.102270
2110000 1.833395 -0.211667 3.097760
2120000 1.697248 -0.227411 -3.099501
2130000 2.355014 -0.136061 3.048236
2140000 2.226589 -0.055579 3.138130
2150000 2.918371 -0.213691 -3.008024
2160000 3.612707 -0.181669 3.077912
2170000 2.827828 -0.238705 -3.053032
2180000 2.470126 -0.099718 -3.140737
2190000 2.275734 -0.141582 -3.123716
2200000 1.761514 -0.212190 -3.082987
2210000 2.825011 -0.404158 -3.049984
2220000 2.901185 -0.175569 -3.089812
2230000 2.809736 -0.095623 -3.094277
2240000 2.170093 -0.095533 3.037510
2250000 3.176083 -0.085027 3.125447
2260000 3.741883 -0.141214 3.021588
2270000 4.470834 -0.165639 -3.139572
2280000 4.913738 -0.083061 3.036129
2290000 4.894101 -0.156585 3.124246
2300000 4.068490 -0.150336 -3.005042
2310000 4.885673 -0.056315 -3.060186
2320000 4.744687 -0.142576 3.058202
2330000 4.718156 -0.114551 -3.074721
2340000 4.336861 -0.056232 3.050979
2350000 4.038521 -0.249969 3.098451
2360000 3.584456 -0.185791 -3.060554
2370000 4.170008 -0.253412 -3.057202
2380000 4.238190 -0.130462 3.108885
2390000 4.263134 -0.108285 3.105940
2400000 3.309030 -0.171839 3.095793
2410000 3.639357 -0.230031 -2.932093
2420000 3.047559 -0.085578 -3.068178
2430000 3.600514 -0.118138 3.134768
2440000 2.341931 -0.225021 3.030584
2450000 4.383869 -0.148934 3.068851
2460000 4.225847 -0.173639 -3.091780
2470000 4.497199 -0.087286 3.099387
2480000 3.938897 -0.146738 -3.048296
2490000 3.383077 -0.223364 3.051946
2500000 3.722569 -0.235470 -3.120545
2510000 3.883063 -0.208798 -3.131356
2520000 3.833025 -0.186376 3.121310
2530000 2.727364 -0.160510 -3.103594
2540000 2.702423 -0.117764 -3.096544
2550000 2.899535 -0.137976 3.141345
2560000 2.330503 -0.087737 3.099021
2570000 1.639683 -0.157529 3.093821
2580000 1.943162 -0.233387 -3.056451
2590000 1.221025 -0.265725 3.029974
2600000 1.240643 -0.200014 -3.093604
2610000 1.420717 -0.072876 -3.032363
2620000 1.180498 -0.108945 3.109048
2630000 1.660088 -0.056981 3.138870
2640000 1.552626 -0.135395 -3.032111
2650000 1.137594 -0.225599 -3.091877
2660000 0.844850 -0.114476 -3.128940
2670000 0.960825 -0.156448 -3.063522
2680000 0.964672 -0.048017 3.139614
2690000 0.800688 -0.081310 3.121717
2700000 0.722432 -0.123002 3.111530
2710000 0.688594 -0.161844 3.060694
2720000 1.030505 -0.164061 -3.110956
2730000 0.906085 -0.168702 -3.026869
2740000 1.084916 -0.218148 -3.092133
2750000 0.905368 -0.108597 -3.140083
2760000 0.784367 -0.300048 -3.035125
2770000 0.773373 -0.163946 3.127906
2780000 0.844124 -0.255976 3.073158
2790000 0.635809 -0.189743 3.119103
2800000 1.086605 -0.237923 -3.114941
2810000 1.417152 -0.267968 3.135563
2820000 2.287756 -0.039362 3.102383
2830000 2.417706 -0.141691 -3.125590
2840000 2.062128 -0.100432 -3.111552
2850000 1.892005 -0.166729 3.134902
2860000 2.258060 -0.281938 -3.137898
2870000 2.335097 -0.304151 -3.038445
2880000 2.779712 -0.137833 -3.122411
2890000 3.439325 -0.109662 -3.069014
2900000 2.880519 -0.225869 -3.136816
2910000 2.619918 -0.088725 -3.117105
2920000 2.596814 -0.186483 -3.112149
2930000 2.400020 -0.198330 -2.964940
2940000 2.349950 -0.096067 -3.114469
2950000 3.394725 -0.160485 -3.052421
2960000 3.268595 -0.227302 -3.089326
2970000 4.546866 -0.188455 -3.133675
2980000 3.838849 -0.074289 3.061282
2990000 4.570297 -0.221809 3.109013
3000000 4.105811 -0.177091 3.092725
3010000 4.006764 -0.066102 -3.135010
3020000 4.164690 -0.166898 3.137933
3030000 4.859969 -0.103959 -3.115572
3040000 4.884141 -0.209134 3.132897
3050000 4.540984 -0.395188 -2.965921
3060000 3.078949 -0.107844 3.111517
3070000 3.292213 -0.133330 3.111061
3080000 3.722606 -0.092618 3.104135
3090000 3.896494 -0.247770 3.086349
3100000 3.517839 -0.091457 -3.119684
3110000 3.341788 -0.125782 3.127324
3120000 2.543525 -0.283685 3.132278
3130000 2.833905 -0.139906 3.117224
3140000 1.880822 0.001946 -3.049801
3150000 1.699315 -0.165672 2.998586
3160000 1.559501 -0.098041 3.061380
3170000 1.384324 -0.189607 -3.092926
3180000 1.175746 -0.326822 -3.136769
3190000 1.498460 -0.253787 3.113927
3200000 1.165607 -0.192393 -3.057497
3210000 1.366906 -0.194171 3.125846
3220000 1.451685 -0.151731 3.097722
3230000 1.447372 -0.099281 3.015161
3240000 1.403382 -0.187204 3.065713
3250000 1.776946 -0.230307 3.126951
3260000 1.892162 -0.225755 3.026606
3270000 2.060910 -0.188257 3.062493
3280000 1.889605 -0.191910 -3.073946
3290000 2.036245 -0.124266 -3.123675
3300000 2.073943 -0.108372 3.090803
3310000 2.375276 -0.196226 3.060341
3320000 2.688167 -0.131396 3.082793
3330000 2.113445 -0.289181 -3.055405
3340000 2.542391 -0.113140 -3.086611
3350000 2.048832 -0.083772 3.036082
3360000 2.246093 -0.118099 3.073117
3370000 2.316809 -0.100259 3.078534
3380000 2.807751 -0.230424 3.116980
3390000 2.729638 -0.125899 -3.107113
3400000 3.837991 -0.194308 2.982622
3410000 3.416037 -0.176671 -3.082529
3420000 3.395614 -0.190114 3.060008
3430000 4.103652 -0.115968 -3.134687
3440000 4.349181 -0.214142 3.062547
3450000 4.707257 -0.102981 3.064046
3460000 4.110539 -0.146098 3.124283
3470000 4.955110 -0.226164 -2.935086
3480000 4.474745 -0.267883 3.003724
3490000 4.914639 -0.180319 -3.061984
3500000 4.917660 -0.130632 -3.107060
3510000 4.371863 -0.227120 -3.124197
3520000 3.981844 -0.206147 -3.135129
3530000 3.615527 -0.234007 -3.100627
3540000 4.587395 -0.047796 3.041805
3550000 3.650310 -0.064632 -3.134915
3560000 4.014387 -0.198122 3.094741
3570000 3.015879 -0.226521 3.130606
3580000 3.084299 -0.172760 -3.077037
3590000 2.605809 -0.091515 3.126176
3600000 2.631094 -0.217622 3.060768
3610000 2.842589 -0.195639 3.088946
3620000 3.066028 -0.169292 3.105388
3630000 3.702165 -0.109233 -3.117581
3640000 4.002937 -0.180303 3.133936
3650000 4.300558 -0.153966 3.131502
3660000 3.034622 -0.139639 3.140468
3670000 2.912186 -0.176283 -3.133336
3680000 2.161783 -0.265532 3.128035
3690000 2.077517 -0.165280 -3.056184
3700000 2.230237 -0.230893 -3.103366
3710000 2.862073 -0.253626 3.116640
3720000 3.079739 -0.180358 -3.090124
3730000 3.065434 -0.154904 3.122044
3740000 2.797347 -0.150290 -3.070696
3750000 3.128663 -0.162906 3.123044
3760000 2.505167 -0.118697 3.108549
3770000 2.425198 -0.168460 3.136046
3780000 2.089654 -0.235112 3.038801
3790000 2.116446 -0.020526 3.016902
3800000 1.583422 -0.219343 -3.105509
3810000 1.581604 -0.060935 3.076285
3820000 1.904824 -0.184177 3.028597
3830000 1.613160 -0.095620 3.073706
3840000 1.539607 -0.131192 3.103107
3850000 1.558946 -0.268289 3.049374
3860000 1.325476 -0.129413 -3.086756
3870000 1.050522 -0.209600 3.072684
3880000 0.966382 -0.224577 -3.072982
3890000 0.958091 -0.202391 3.119037
3900000 1.137349 -0.158469 -3.125849
3910000 1.003723 -0.144458 3.139554
3920000 1.121387 -0.159591 3.121942
3930000 1.378239 -0.288451 -3.062214
3940000 1.459764 -0.053266 3.029625
3950000 1.230300 -0.249436 -3.110433
3960000 1.504658 -0.095576 3.077380
3970000 1.228307 -0.159320 -3.041603
