100000 4.630127 -0.130155 2.385423
110000 3.402764 -0.130471 2.349158
120000 2.998354 -0.201654 2.436337
130000 2.079915 -0.171864 2.437221
140000 2.472422 -0.121245 2.493173
150000 4.117772 -0.159075 2.391235
160000 3.894158 -0.186353 2.394966
170000 4.933736 -0.219279 2.568480
180000 3.453733 -0.303645 2.562714
190000 2.229778 -0.118975 2.566614
200000 1.514345 -0.140752 2.577274
210000 1.746725 -0.152281 2.334141
220000 1.101462 -0.261195 2.530642
230000 1.094110 -0.226531 2.397000
240000 1.325618 -0.554367 2.512455
250000 1.509592 -0.152723 2.440776
260000 1.771837 -0.171082 2.459351
270000 2.393000 -0.156399 2.471988
280000 2.441774 -0.126854 2.484200
290000 3.307001 -0.075196 2.538532
300000 3.441514 -0.152538 2.522121
310000 3.457764 -0.182946 2.459428
320000 2.503111 -0.285732 2.489770
330000 1.635180 0.025255 2.421466
340000 2.294911 -0.210224 2.533933
350000 2.814236 -0.206449 2.447407
360000 3.453728 -0.185512 2.382254
370000 4.727650 -0.306060 2.457334
380000 4.968724 -0.172922 2.560832
390000 4.063646 -0.050872 2.355673
400000 4.896001 -0.134915 2.444327
410000 5.037368 -0.044246 2.372562
420000 3.942310 -0.109226 2.431486
430000 4.013815 -0.096251 2.431143
440000 3.502454 -0.142539 2.424370
450000 2.547916 -0.225378 2.594894
460000 2.071601 -0.283995 2.432957
470000 2.535681 -0.145157 2.472707
480000 1.674966 -0.289303 2.481682
490000 1.200388 -0.299891 2.385863
500000 0.754883 -0.186232 2.504815
510000 0.720581 -0.191694 2.442157
520000 0.653735 -0.281975 2.552989
530000 0.987724 -0.267786 2.377111
540000 1.011076 -0.181160 2.338061
550000 0.756972 -0.178279 2.523765
560000 1.159458 -0.122343 2.425947
570000 1.281337 -0.189370 2.566727
580000 1.118985 -0.250751 2.456918
590000 0.962634 -0.182613 2.451742
600000 0.667903 -0.144796 2.599240
610000 0.817059 -0.215299 2.454240
620000 1.283621 -0.214177 2.356852
630000 1.544984 -0.178842 2.398611
640000 2.006507 -0.233992 2.373909
650000 3.409076 -0.174180 2.424407
660000 3.130647 -0.239808 2.379846
670000 4.235937 -0.234931 2.331646
680000 3.702531 -0.264419 2.490981
690000 3.199451 -0.216289 2.559006
700000 4.452727 -0.140475 2.453551
710000 4.973222 -0.097346 2.439382
720000 4.017902 -0.274921 2.384599
730000 4.744434 -0.211453 2.281845
740000 3.967854 -0.217348 2.450748
750000 3.493676 -0.198777 2.458854
760000 2.914458 -0.187595 2.396948
770000 3.317953 -0.071434 2.462298
780000 4.058214 -0.194456 2.425358
790000 5.033253 -0.270248 2.410943
800000 3.558956 -0.134250 2.449852
810000 2.325865 -0.166132 2.425332
820000 1.975009 -0.240967 2.426014
830000 2.450811 -0.251831 2.396865
840000 2.846353 -0.032091 2.493791
850000 1.821448 -0.154909 2.522032
860000 2.751708 -0.150455 2.423608
870000 3.227785 -0.192770 2.589602
880000 4.100606 -0.257430 2.424570
890000 4.380376 -0.060710 2.494633
900000 4.104586 -0.135991 2.374801
910000 3.989879 -0.166581 2.340632
920000 3.663493 -0.094863 2.450452
930000 2.627983 -0.153991 2.578874
940000 2.000429 -0.085255 2.515984
950000 2.327637 -0.227162 2.532491
960000 2.703312 -0.029431 2.457666
970000 3.388465 -0.218922 2.482302
980000 4.010677 -0.256326 2.523250
990000 3.195257 -0.185389 2.508298
1000000 2.260684 -0.027477 2.436215
1010000 1.743515 -0.229233 2.419183
1020000 1.749020 -0.283868 2.339429
1030000 1.845968 -0.009840 2.385571
1040000 2.459699 -0.069043 2.491677
1050000 2.575338 0.023016 2.348121
1060000 2.208687 -0.186622 2.529672
1070000 1.884329 -0.139472 2.413608
1080000 1.216597 -0.176357 2.456580
1090000 0.712130 -0.183691 2.345417
1100000 0.715391 -0.317124 2.553975
1110000 0.964278 -0.141776 2.451632
1120000 0.896808 -0.218580 2.394187
1130000 1.027123 -0.103106 2.366683
1140000 1.074415 -0.068851 2.402403
1150000 1.323538 -0.011304 2.459259
1160000 1.312747 -0.036738 2.479514
1170000 1.419767 -0.197752 2.627569
1180000 1.019580 -0.239989 2.383051
1190000 1.290152 -0.139619 2.493721
1200000 1.510185 -0.178237 2.457478
1210000 1.148506 -0.117123 2.451565
1220000 1.329349 -0.164784 2.260487
1230000 1.323241 -0.084839 2.400959
1240000 1.101863 -0.302649 2.440522
1250000 1.836811 -0.174901 2.420688
1260000 1.909921 -0.174407 2.435644
1270000 1.876785 -0.350329 2.469704
1280000 2.691439 -0.159925 2.439919
1290000 4.133303 -0.251704 2.337530
1300000 4.274331 -0.231317 2.487279
1310000 3.882078 -0.201214 2.351060
1320000 2.532734 -0.329977 2.476554
1330000 2.991156 -0.206278 2.492164
1340000 3.754618 -0.218194 2.384092
1350000 4.175119 -0.203031 2.436010
1360000 4.503189 -0.086248 2.458194
1370000 4.825391 -0.245821 2.352565
1380000 4.824332 -0.174914 2.474808
1390000 4.930295 -0.150407 2.401575
1400000 4.575967 -0.231325 2.417025
1410000 3.585553 -0.301340 2.463263
1420000 3.215270 -0.159090 2.420459
1430000 2.758095 -0.209112 2.283681
1440000 2.174818 -0.257574 2.666523
1450000 2.098860 -0.250568 2.350340
1460000 3.205971 -0.155934 2.525619
1470000 2.776578 -0.038999 2.550166
1480000 2.802283 -0.085141 2.455907
1490000 3.747414 -0.207282 2.497187
1500000 4.901513 -0.212283 2.519000
1510000 4.345814 -0.135057 2.458467
1520000 4.009387 -0.104919 2.479415
1530000 3.507868 -0.152947 2.458188
1540000 3.856546 -0.185251 2.488870
1550000 4.723244 -0.096029 2.402012
1560000 3.872203 -0.189431 2.495574
1570000 4.246717 -0.133814 2.469129
1580000 4.979645 -0.201943 2.394991
1590000 4.084369 -0.244006 2.514640
1600000 3.449122 -0.262208 2.470251
1610000 3.883266 -0.093591 2.513600
1620000 3.910620 -0.020812 2.471705
1630000 4.434175 -0.297142 2.500456
1640000 4.970564 -0.082000 2.542589
1650000 4.370364 -0.107788 2.477932
1660000 3.056701 -0.147981 2.527431
1670000 2.770288 -0.045836 2.395000
1680000 3.108616 -0.232529 2.443937
1690000 1.966967 -0.185738 2.317357
1700000 2.424696 -0.142791 2.441466
1710000 1.589507 -0.187377 2.502660
1720000 1.756080 -0.198619 2.434806
1730000 1.583138 -0.182355 2.431220
1740000 2.153850 -0.270073 2.324872
1750000 1.819454 -0.164333 2.466182
1760000 1.865050 -0.147948 2.438741
1770000 2.171766 -0.155644 2.447333
1780000 2.635490 -0.220797 2.548142
1790000 2.883040 -0.173982 2.395750
1800000 2.890249 -0.188491 2.517517
1810000 3.714311 -0.149309 2.491061
1820000 5.011062 0.047081 2.429949
1830000 4.408931 -0.204162 2.514838
1840000 4.454279 -0.276183 2.457251
1850000 4.174567 -0.152249 2.559837
1860000 3.794708 -0.277720 2.504404
1870000 3.351733 -0.279584 2.494531
1880000 2.520105 -0.245558 2.414404
1890000 2.614084 -0.243940 2.484512
1900000 4.184732 -0.099427 2.474661
1910000 4.618763 -0.283384 2.401986
1920000 4.803878 -0.154182 2.315618
1930000 4.076084 -0.155985 2.386759
1940000 3.797364 -0.197736 2.347647
1950000 3.581724 -0.247991 2.509321
1960000 3.264213 -0.228832 2.415585
1970000 3.678548 -0.288815 2.406931
1980000 4.255483 -0.223595 2.446046
1990000 4.292960 -0.012726 2.351388
2000000 4.673040 -0.057325 2.312843
2010000 4.890874 -0.198122 2.494072
2020000 4.996380 -0.107820 2.470611
2030000 4.889533 -0.108298 2.411419
2040000 4.197120 -0.185730 2.367129
2050000 4.886973 -0.204381 2.458600
2060000 4.355807 -0.083213 2.531735
2070000 5.009516 -0.154058 2.520488
2080000 4.095661 -0.253872 2.498075
2090000 3.679559 -0.059950 2.413420
2100000 3.200903 -0.310689 2.397811
2110000 2.691693 -0.151524 2.518047
2120000 2.983374 -0.264840 2.433682
2130000 2.078034 -0.077715 2.510698
2140000 1.361628 -0.224430 2.526698
2150000 1.384126 -0.044547 2.418668
2160000 1.018060 -0.278265 2.478204
2170000 1.198347 -0.297714 2.466980
2180000 1.185037 -0.120024 2.428681
2190000 0.946334 -0.223447 2.446709
2200000 1.378600 -0.151483 2.340663
2210000 1.617730 -0.167087 2.468134
2220000 1.396534 -0.223492 2.419737
2230000 1.665841 -0.129859 2.504157
2240000 1.326566 -0.237863 2.485544
2250000 2.057064 -0.208984 2.535171
2260000 2.195572 -0.114082 2.453813
2270000 1.855882 -0.196516 2.526306
2280000 2.460266 -0.136673 2.497686
2290000 2.329227 -0.258693 2.450449
2300000 2.663704 -0.160579 2.304717
2310000 2.375073 -0.186341 2.481591
2320000 3.683589 -0.086636 2.410506
2330000 2.695026 -0.247638 2.410562
2340000 3.855536 -0.145255 2.431214
2350000 3.967949 -0.158748 2.404662
2360000 4.803858 -0.113683 2.352642
2370000 3.735952 -0.057373 2.299480
2380000 2.496528 -0.204072 2.509421
2390000 2.918023 -0.237371 2.591787
2400000 3.029150 -0.277038 2.430307
2410000 3.800719 -0.066070 2.546442
2420000 4.870118 -0.158435 2.494155
2430000 3.996251 -0.086489 2.455350
2440000 3.256311 -0.161833 2.385011
2450000 3.338450 -0.133076 2.422797
2460000 2.732935 -0.120633 2.335152
2470000 2.318845 -0.104762 2.404594
2480000 2.500675 -0.302758 2.458101
2490000 2.128677 -0.142374 2.404341
2500000 1.828734 -0.186337 2.440446
2510000 1.619392 -0.250453 2.497417
2520000 1.700634 -0.068096 2.508394
2530000 1.484025 -0.215197 2.392451
2540000 1.300547 -0.164552 2.420464
2550000 1.608472 -0.150012 2.431485
2560000 2.374557 -0.242969 2.443009
2570000 2.194676 -0.135656 2.494218
2580000 3.163982 -0.119112 2.501791
2590000 2.757738 -0.264086 2.404210
2600000 2.613588 -0.072084 2.398884
2610000 3.424417 -0.093421 2.299216
2620000 3.226497 -0.142481 2.427352
2630000 2.442642 -0.277346 2.507543
2640000 2.191483 -0.095069 2.561531
2650000 2.061907 -0.174886 2.422797
2660000 2.269391 -0.256132 2.487668
2670000 3.018897 -0.111965 2.539801
2680000 2.721704 -0.271097 2.560676
2690000 3.565826 -0.230993 2.350411
2700000 3.868648 -0.059811 2.453163
2710000 5.000574 -0.218084 2.435621
2720000 4.684028 -0.184015 2.347967
2730000 4.099758 -0.124261 2.468598
2740000 3.670891 -0.211451 2.414899
2750000 3.968382 -0.215113 2.463653
2760000 4.493208 -0.204985 2.445165
2770000 3.906248 -0.197049 2.516863
2780000 4.731190 -0.245836 2.426454
2790000 4.251534 -0.076314 2.450177
2800000 3.910529 -0.160448 2.470854
2810000 3.666321 -0.204296 2.487235
2820000 4.275146 -0.190812 2.466371
2830000 4.520089 -0.206965 2.434362
2840000 4.922955 -0.170463 2.523090
2850000 4.443847 -0.129364 2.555461
2860000 3.018973 -0.106638 2.465216
2870000 2.683867 -0.168929 2.428236
2880000 1.912810 -0.174876 2.364160
2890000 2.188584 -0.366688 2.363852
2900000 2.126169 -0.252620 2.411387
2910000 0.949304 -0.079645 2.301780
2920000 0.649496 -0.140552 2.491525
2930000 0.648182 -0.058432 2.508763
2940000 0.771283 -0.162212 2.352011
2950000 0.665720 -0.256893 2.421251
2960000 0.598229 -0.207933 2.458462
2970000 0.852360 -0.251129 2.447693
2980000 0.971705 -0.136945 2.328573
2990000 0.966786 -0.229793 2.457149
3000000 1.230840 -0.134621 2.407904
3010000 1.199039 -0.073621 2.428799
3020000 1.197223 -0.124890 2.367215
3030000 1.227529 -0.133713 2.364406
3040000 1.005019 -0.225272 2.510673
3050000 1.068706 -0.136813 2.399210
3060000 1.082661 -0.159512 2.540100
3070000 0.851146 -0.274564 2.552761
3080000 1.247492 -0.216768 2.482358
3090000 1.336134 -0.159450 2.333085
3100000 1.370937 -0.236211 2.503158
3110000 1.451367 -0.107679 2.428905
3120000 1.658315 -0.197712 2.406844
3130000 1.705681 -0.204634 2.539784
3140000 1.434318 -0.157961 2.378875
3150000 1.905865 -0.125239 2.472291
3160000 1.919026 -0.231135 2.376421
3170000 1.789592 -0.169563 2.475031
3180000 2.146694 -0.234863 2.420828
3190000 1.825448 -0.048404 2.417071
3200000 2.305081 -0.236857 2.366165
3210000 2.471238 -0.128822 2.462488
3220000 3.182730 -0.188004 2.396888
3230000 3.408219 -0.146376 2.371637
3240000 3.793488 -0.065228 2.446010
3250000 2.490236 0.002376 2.490125
3260000 3.501310 -0.211434 2.497924
3270000 3.187330 -0.166492 2.450101
3280000 3.671131 -0.042806 2.535103
3290000 4.777483 -0.155731 2.387527
3300000 4.156433 -0.184192 2.474280
3310000 3.987426 -0.212090 2.518028
3320000 4.213920 -0.197411 2.458178
3330000 3.998169 -0.200076 2.469188
3340000 3.031974 -0.151254 2.553377
3350000 3.590516 -0.266852 2.477407
3360000 3.027127 -0.159117 2.398270
3370000 2.897248 -0.261584 2.381180
3380000 2.121242 -0.133906 2.357591
3390000 2.545983 -0.186880 2.428947
3400000 2.334137 -0.241283 2.405042
3410000 2.946150 -0.089886 2.465325
3420000 2.848718 -0.350977 2.509702
3430000 3.369811 -0.126475 2.450267
3440000 2.369723 -0.130445 2.394965
3450000 2.182977 -0.140919 2.548333
3460000 1.506310 -0.182823 2.507696
3470000 1.821385 -0.223291 2.379312
3480000 1.360719 -0.122180 2.523682
3490000 1.228376 -0.241534 2.404507
3500000 1.176999 -0.062972 2.582194
3510000 1.418724 -0.200930 2.391307
3520000 1.434287 -0.088896 2.432099
3530000 1.629510 -0.066276 2.386721
3540000 1.693537 -0.183883 2.428431
3550000 1.755868 -0.233018 2.424646
3560000 2.049305 -0.148091 2.488259
3570000 2.811360 -0.214362 2.559748
3580000 3.023287 -0.222476 2.508831
3590000 3.985954 -0.159167 2.428411
3600000 4.210959 -0.221851 2.432918
3610000 4.503726 -0.163806 2.370059
3620000 4.281335 -0.202199 2.491055
3630000 4.631797 -0.081548 2.460390
3640000 4.033935 -0.283410 2.521171
3650000 3.586975 -0.149534 2.517249
3660000 4.042049 -0.316387 2.542843
3670000 4.739493 -0.220348 2.351004
3680000 5.014176 -0.195322 2.467734
3690000 4.203199 -0.008957 2.433570
3700000 4.298836 -0.177039 2.521949
3710000 4.158827 -0.122015 2.409398
3720000 3.190523 -0.167156 2.386671
3730000 3.789401 -0.191220 2.569583
3740000 3.887013 -0.257484 2.478610
3750000 4.066355 -0.197059 2.649693
3760000 3.295470 -0.074263 2.471209
3770000 2.571316 -0.280545 2.377761
3780000 3.095970 -0.297842 2.443143
3790000 2.699040 -0.187075 2.536344
3800000 3.260689 -0.262527 2.486093
3810000 3.239464 -0.137088 2.211512
3820000 3.275139 -0.007784 2.588989
3830000 3.924019 -0.155194 2.462041
3840000 4.395976 -0.183844 2.396965
3850000 4.034695 -0.056769 2.470849
3860000 3.707127 -0.183533 2.395101
3870000 3.914825 -0.138944 2.305262
3880000 4.294644 -0.022390 2.387747
3890000 3.336416 -0.281371 2.414731
3900000 3.022908 -0.155383 2.408577
3910000 2.436569 -0.074628 2.461718
3920000 2.575968 -0.151628 2.420678
3930000 2.121853 -0.170936 2.406682
3940000 2.271983 -0.208170 2.524679
3950000 2.074407 -0.020710 2.434453
3960000 2.543228 -0.205004 2.410059
3970000 1.876231 -0.235497 2.380310
3980000 2.687998 -0.126525 2.429254
3990000 3.260234 -0.129715 2.338597
4000000 3.676774 -0.228535 2.433863
