100000 4.242340 2.979255 -2.604777
110000 4.721206 2.829847 -2.579273
120000 3.652021 3.015814 -2.718014
130000 3.662037 2.993586 -2.527728
140000 3.972320 3.092072 -2.802010
150000 4.324190 2.886509 -2.717786
160000 4.538422 2.888386 -2.559044
170000 2.580265 3.018614 -2.542071
180000 2.594864 2.962356 -2.604974
190000 2.380340 2.945297 -2.533559
200000 1.826177 3.001490 -2.657916
210000 2.826901 2.990788 -2.664240
220000 2.819300 2.968335 -2.646449
230000 2.070990 2.953995 -2.583830
240000 1.862896 2.931400 -2.583172
250000 2.268660 2.961501 -2.740158
260000 3.837593 3.068410 -2.714103
270000 4.380880 2.945521 -2.588232
280000 4.949627 2.988627 -2.498729
290000 4.141963 2.980153 -2.607660
300000 3.584626 2.957540 -2.686243
310000 4.652219 3.097015 -2.657123
320000 3.815375 2.892664 -2.637929
330000 2.937168 3.083568 -2.657351
340000 2.740244 3.017109 -2.564694
350000 2.216163 -3.108260 -2.603069
360000 1.675329 2.825289 -2.550380
370000 1.420236 3.080326 -2.723853
380000 1.379513 3.034047 -2.520148
390000 1.109448 2.862620 -2.668875
400000 1.045762 2.846404 -2.630733
410000 1.612693 3.024747 -2.680169
420000 1.839872 3.000017 -2.700629
430000 3.027970 2.737121 -2.528662
440000 3.110518 3.012098 -2.549356
450000 4.096544 2.939914 -2.744613
460000 3.985348 2.898991 -2.515376
470000 4.602472 2.927502 -2.610864
480000 4.544399 3.010151 -2.680585
490000 4.034505 2.922806 -2.635018
500000 4.726657 -3.125840 -2.699633
510000 3.523591 2.991766 -2.691991
520000 2.947760 2.904597 -2.702474
530000 2.257695 2.893182 -2.664669
540000 1.958993 3.085568 -2.707741
550000 2.691716 3.046915 -2.637817
560000 2.434447 2.998647 -2.675066
570000 1.546527 2.918348 -2.638673
580000 1.951163 3.054835 -2.595496
590000 1.821840 3.020968 -2.538931
600000 1.282643 3.048277 -2.621228
610000 1.605142 3.040733 -2.670089
620000 2.017012 3.077603 -2.588798
630000 2.648024 2.947764 -2.651089
640000 3.199575 2.975846 -2.644556
650000 4.013832 2.791707 -2.563842
660000 3.127979 2.873355 -2.731229
670000 2.641622 3.010477 -2.643675
680000 3.570225 3.017123 -2.686896
690000 4.288650 2.913632 -2.619078
700000 4.424308 3.100467 -2.673251
710000 3.974101 2.926614 -2.522029
720000 3.351536 2.906567 -2.635853
730000 2.306770 2.931108 -2.678965
740000 1.964252 3.003500 -2.523075
750000 3.041939 2.857648 -2.708813
760000 1.226698 2.937130 -2.657612
770000 0.777241 3.048651 -2.602738
780000 0.776307 2.807788 -2.760032
790000 0.963923 2.925398 -2.616001
800000 0.684682 2.952920 -2.641479
810000 0.658933 2.934346 -2.622457
820000 1.193676 2.837620 -2.622424
830000 1.016312 2.928004 -2.681934
840000 0.859118 2.876683 -2.690834
850000 1.145249 2.880111 -2.536523
860000 1.502792 3.025055 -2.730215
870000 1.712750 3.012522 -2.529674
880000 2.142527 3.056819 -2.599762
890000 1.545634 2.968864 -2.583211
900000 1.038346 3.004513 -2.597960
910000 0.531039 3.003705 -2.742499
920000 0.632113 2.916014 -2.647733
930000 0.714825 2.920779 -2.593255
940000 0.923951 2.935940 -2.641463
950000 1.019661 2.878037 -2.694267
960000 0.958254 3.039803 -2.683230
970000 1.288867 2.869182 -2.535714
980000 1.307463 2.952810 -2.681948
990000 1.429510 2.962655 -2.482596
1000000 1.418349 3.017719 -2.686184
1010000 1.788735 2.862634 -2.456585
1020000 2.987190 2.988360 -2.674020
1030000 4.527520 2.873831 -2.604197
1040000 4.700896 2.974885 -2.643476
1050000 4.479416 2.934087 -2.720666
1060000 4.602021 2.957584 -2.663434
1070000 3.598302 2.895420 -2.488456
1080000 4.151639 3.015498 -2.507059
1090000 4.640076 3.036089 -2.626339
1100000 4.817879 2.931812 -2.571337
1110000 4.621952 2.813333 -2.637259
1120000 4.036781 2.947038 -2.652552
1130000 3.952381 2.958454 -2.590739
1140000 3.818445 3.000094 -2.612502
1150000 4.377020 2.845485 -2.726770
1160000 3.274075 3.105503 -2.574793
1170000 3.170876 3.003558 -2.703834
1180000 3.462013 3.004103 -2.551503
1190000 2.899843 2.923327 -2.727911
1200000 3.556883 2.869787 -2.566662
1210000 3.681794 2.944310 -2.526663
1220000 3.461818 2.996844 -2.703396
1230000 2.988035 2.879827 -2.583981
1240000 2.380809 2.916586 -2.491072
1250000 2.472092 2.926738 -2.552752
1260000 2.163824 3.006763 -2.529673
1270000 2.966054 3.024547 -2.684249
1280000 3.328152 2.982202 -2.548301
1290000 4.578337 2.959203 -2.680260
1300000 3.706557 3.001928 -2.588720
1310000 3.143737 3.116654 -2.669172
1320000 3.192293 3.004100 -2.552037
1330000 2.082366 2.989676 -2.651379
1340000 1.704273 2.899966 -2.596429
1350000 2.160297 2.910647 -2.604229
1360000 1.709698 2.978618 -2.760568
1370000 1.864776 2.936723 -2.756636
1380000 2.210671 2.973619 -2.578802
1390000 2.151502 3.009830 -2.545880
1400000 2.705267 2.879450 -2.599576
1410000 2.976881 2.922513 -2.552001
1420000 4.342359 2.951423 -2.551209
1430000 3.614210 2.874018 -2.559440
1440000 4.515268 2.998670 -2.620386
1450000 4.785320 2.965426 -2.584289
1460000 4.123400 3.107926 -2.567277
1470000 3.885182 3.034276 -2.551641
1480000 3.867663 2.965009 -2.591920
1490000 3.627009 3.039918 -2.689255
1500000 3.525032 2.895050 -2.495339
1510000 2.820375 2.992368 -2.635835
1520000 2.402394 3.048274 -2.594781
1530000 2.252571 3.040649 -2.587677
1540000 3.436178 2.888343 -2.451571
1550000 4.263401 3.038778 -2.657758
1560000 4.820224 3.014904 -2.523519
1570000 4.663940 2.882845 -2.734860
1580000 4.891588 3.092955 -2.689119
1590000 5.064478 2.957856 -2.658649
1600000 5.028156 2.927775 -2.603069
1610000 4.528092 2.864570 -2.675673
1620000 3.905410 2.945251 -2.551292
1630000 3.700344 3.017978 -2.623733
1640000 3.008374 2.910258 -2.602912
1650000 3.908365 3.071422 -2.694187
1660000 2.852720 2.958350 -2.661333
1670000 3.793418 2.992079 -2.480409
1680000 4.336168 2.931531 -2.571608
1690000 4.770100 3.027190 -2.715580
1700000 4.781955 2.985137 -2.577530
1710000 3.384462 3.050177 -2.603962
1720000 3.187281 2.975294 -2.562614
1730000 3.041869 3.042529 -2.550368
1740000 2.251453 3.030553 -2.614832
1750000 2.105321 2.956750 -2.533968
1760000 2.023164 2.991045 -2.727280
1770000 1.435194 2.877703 -2.642086
1780000 1.347381 2.954001 -2.643217
1790000 1.295381 2.968934 -2.567844
1800000 1.423010 3.028384 -2.739849
1810000 1.051956 2.971976 -2.610897
1820000 1.150724 2.990381 -2.543287
1830000 1.094038 2.908232 -2.590900
1840000 0.672366 2.941129 -2.660344
1850000 0.821642 2.986487 -2.661014
1860000 0.770904 2.874749 -2.682861
1870000 0.830384 2.882399 -2.685856
1880000 0.502675 3.039635 -2.677792
1890000 0.675092 2.844310 -2.569215
1900000 0.893332 3.025212 -2.663500
1910000 1.154952 2.894749 -2.540070
1920000 2.046617 3.041030 -2.670345
1930000 2.261757 2.966797 -2.714139
1940000 2.689118 3.023653 -2.463066
1950000 2.372802 3.005097 -2.515004
1960000 2.886215 2.944753 -2.574737
1970000 2.723459 2.919023 -2.661451
1980000 3.893600 3.054451 -2.601340
1990000 4.891419 2.853633 -2.608927
2000000 4.554361 2.893395 -2.536354
2010000 4.668636 2.956396 -2.603410
2020000 4.175896 3.086776 -2.534562
2030000 4.370750 2.952581 -2.643528
2040000 3.498834 2.941636 -2.524763
2050000 2.576291 2.965584 -2.611573
2060000 1.808917 3.068751 -2.757142
2070000 1.833143 2.959433 -2.614419
2080000 1.542677 3.009577 -2.671209
2090000 2.088630 2.994776 -2.683539
2100000 1.610030 2.878972 -2.592767
2110000 2.733449 2.976628 -2.657937
2120000 3.612675 2.924844 -2.620860
2130000 4.598636 2.912361 -2.633462
2140000 4.304580 3.027486 -2.724033
2150000 4.910576 2.975902 -2.616760
2160000 3.610506 3.017019 -2.692836
2170000 4.194828 2.875078 -2.546281
2180000 3.505854 2.989785 -2.584113
2190000 2.509817 3.072434 -2.640094
2200000 2.500255 2.950213 -2.641612
2210000 2.438420 2.999316 -2.561537
2220000 2.322313 2.913783 -2.521750
2230000 3.332347 3.018001 -2.663402
2240000 3.338505 2.962267 -2.550809
2250000 4.523951 2.942729 -2.532049
2260000 4.592498 3.008537 -2.641867
2270000 3.486693 3.025065 -2.557059
2280000 3.477428 3.061260 -2.576739
2290000 3.600032 3.075910 -2.462421
2300000 2.102596 2.923803 -2.567178
2310000 1.329899 2.894040 -2.625211
2320000 0.919879 3.046014 -2.533972
2330000 1.212968 2.939847 -2.604720
2340000 1.190140 2.899785 -2.608701
2350000 1.263872 2.924126 -2.592216
2360000 0.997967 3.052632 -2.751820
2370000 0.647527 3.014108 -2.612665
2380000 0.696468 2.865082 -2.697421
2390000 0.788126 2.926730 -2.757604
2400000 1.075008 3.023601 -2.642417
2410000 1.084850 2.906092 -2.669034
2420000 0.847144 2.991482 -2.695335
2430000 0.602347 3.025134 -2.632532
2440000 0.588009 2.929953 -2.596383
2450000 0.639575 2.932610 -2.671524
2460000 1.359336 2.825488 -2.604224
2470000 1.260917 2.936801 -2.619879
2480000 1.389106 2.912434 -2.495753
2490000 1.400500 3.049756 -2.673621
2500000 1.092481 2.985543 -2.624032
2510000 1.045355 2.938467 -2.563801
2520000 0.875878 2.880689 -2.590469
2530000 0.942987 3.007301 -2.540414
2540000 0.836748 2.953541 -2.636990
2550000 0.751785 2.862448 -2.584879
2560000 0.970821 3.033922 -2.515830
2570000 0.692645 3.034318 -2.722393
2580000 0.622881 2.951218 -2.661409
2590000 0.500552 2.760725 -2.639304
2600000 0.552814 2.896807 -2.613696
2610000 0.519318 2.977969 -2.701455
2620000 0.793112 2.899653 -2.686799
2630000 0.866133 2.998407 -2.563100
2640000 0.792013 2.996219 -2.639266
2650000 1.340471 2.960402 -2.610795
2660000 1.428902 2.913488 -2.529346
2670000 1.860858 2.950981 -2.379395
2680000 1.587034 2.978977 -2.602030
2690000 1.780368 -3.127889 -2.575190
2700000 2.083570 3.037698 -2.527929
2710000 1.778719 2.954635 -2.694045
2720000 2.562678 2.955850 -2.605325
2730000 2.487138 2.893864 -2.716640
2740000 2.935297 2.993112 -2.708483
2750000 2.968353 2.913462 -2.615421
2760000 3.791421 2.946747 -2.555702
2770000 4.432260 2.894956 -2.642791
2780000 2.898288 3.018542 -2.670409
2790000 3.081054 2.958415 -2.624378
2800000 3.227446 2.904544 -2.608177
2810000 2.556524 3.064695 -2.541461
2820000 2.653708 2.908738 -2.556863
2830000 2.173966 3.022177 -2.702463
2840000 2.573392 2.858518 -2.621568
2850000 2.859658 2.873491 -2.580870
2860000 3.073745 2.746230 -2.442748
2870000 3.862760 2.879436 -2.549115
2880000 3.664827 3.065577 -2.669212
2890000 4.167356 2.983890 -2.657224
2900000 4.734145 2.896207 -2.623233
2910000 4.649488 2.938336 -2.681072
2920000 3.794051 3.018078 -2.675059
2930000 4.716929 2.995142 -2.435734
2940000 4.880098 3.098860 -2.522023
2950000 4.527668 3.082510 -2.541040
2960000 4.914458 2.946782 -2.598588
2970000 4.874260 3.026561 -2.672011
2980000 4.215370 -3.139679 -2.560135
2990000 4.474975 3.011479 -2.670655
3000000 3.997145 3.034775 -2.571219
3010000 3.346601 2.882661 -2.562517
3020000 3.824924 3.040851 -2.682073
3030000 4.197837 2.890885 -2.694574
3040000 3.674794 2.999731 -2.627904
3050000 3.055301 2.850802 -2.670685
3060000 3.306007 2.999476 -2.532828
3070000 3.722053 2.928999 -2.646545
3080000 4.352303 2.963499 -2.601306
3090000 4.931163 2.963528 -2.456282
3100000 4.100743 2.865207 -2.607578
3110000 3.370826 2.962973 -2.518543
3120000 2.709786 2.944737 -2.638269
3130000 2.932636 2.909612 -2.583839
3140000 1.973981 2.986452 -2.654775
3150000 2.001240 3.019283 -2.579425
3160000 2.319656 3.026035 -2.717408
3170000 2.057885 2.961214 -2.644147
3180000 1.805208 2.900498 -2.653121
3190000 1.699106 2.955652 -2.753559
3200000 2.521576 2.989999 -2.591188
3210000 2.484507 2.987553 -2.616820
3220000 2.867810 2.947549 -2.635521
3230000 2.360449 3.027574 -2.611048
3240000 1.505286 2.939574 -2.583845
3250000 1.511650 2.939095 -2.686650
3260000 1.594327 3.058635 -2.636668
3270000 1.303732 3.083278 -2.560505
3280000 1.817283 2.951123 -2.673924
3290000 1.675378 3.010764 -2.574281
3300000 1.947949 2.901685 -2.632402
3310000 2.464246 2.859155 -2.649102
3320000 2.381002 2.966207 -2.589985
3330000 3.199610 2.904343 -2.751587
3340000 3.633381 3.005676 -2.647155
3350000 4.340583 2.955701 -2.655563
3360000 4.171604 2.993444 -2.526860
3370000 4.193306 2.850477 -2.672542
3380000 4.024665 2.901995 -2.681330
3390000 3.677642 3.021991 -2.520688
3400000 3.543889 2.930318 -2.647568
3410000 2.905908 2.859955 -2.569651
3420000 3.188361 3.047042 -2.567587
3430000 3.636072 3.029653 -2.624866
3440000 3.566992 2.894861 -2.631343
3450000 3.487406 2.961482 -2.553302
3460000 4.012068 3.086679 -2.664947
3470000 4.719588 3.007284 -2.518180
3480000 3.557309 2.872491 -2.775425
3490000 4.112075 3.045429 -2.669890
3500000 4.204644 2.907838 -2.705925
3510000 4.187955 3.015413 -2.710013
3520000 4.451614 2.932383 -2.649483
3530000 4.389643 2.939674 -2.500101
3540000 4.886971 3.003840 -2.611470
3550000 4.782807 3.025793 -2.742424
3560000 4.684231 3.080536 -2.573659
3570000 4.493577 2.962516 -2.684576
3580000 4.904096 3.058655 -2.537279
3590000 4.629570 3.024955 -2.688462
3600000 3.964676 2.971871 -2.527836
3610000 4.654375 3.014453 -2.754684
3620000 4.463566 2.976245 -2.641684
3630000 5.021501 3.014567 -2.711370
3640000 5.010284 2.962136 -2.645401
3650000 4.702518 -3.140232 -2.514726
3660000 4.704893 2.834073 -2.618376
3670000 4.869041 2.816354 -2.699464
3680000 4.233821 2.978185 -2.540355
3690000 3.927870 3.026845 -2.614253
3700000 2.778599 2.877356 -2.520158
3710000 2.384337 2.884928 -2.741213
3720000 2.444334 2.947474 -2.645628
3730000 2.011458 3.124908 -2.580283
3740000 1.794183 3.097018 -2.732731
3750000 2.145776 2.935260 -2.564879
3760000 2.908493 2.936580 -2.644935
3770000 3.101429 2.843119 -2.617789
3780000 3.024052 3.013273 -2.834626
3790000 4.062640 2.959314 -2.721307
3800000 3.459619 2.963000 -2.638150
3810000 2.535278 3.039397 -2.733708
3820000 2.995279 3.010490 -2.675919
3830000 3.252004 2.951753 -2.506062
3840000 2.635712 2.875604 -2.713671
3850000 2.030697 2.976948 -2.484309
3860000 1.240975 2.985527 -2.639849
3870000 1.340211 2.982539 -2.770437
3880000 1.724956 2.980451 -2.642657
3890000 1.574148 2.937518 -2.587195
3900000 1.747116 2.983764 -2.664746
3910000 1.886591 2.890495 -2.650720
3920000 1.484565 2.927982 -2.692038
3930000 1.491254 3.011307 -2.676600
3940000 1.158992 2.949764 -2.628374
3950000 1.199256 2.873619 -2.687723
3960000 1.210210 2.969039 -2.789731
3970000 1.412932 2.833398 -2.582682
3980000 1.246137 2.854362 -2.630968
3990000 1.166145 2.962115 -2.558730
4000000 1.140936 2.904690 -2.618632
