100000 0.981630 -0.190725 0.750737
110000 1.738381 -0.251196 0.677462
120000 2.265527 -0.124880 0.620227
130000 3.724090 -0.217663 0.586246
140000 4.477575 -0.114512 0.539991
150000 3.741363 0.001351 0.737940
160000 3.360912 0.001333 0.691156
170000 2.228783 -0.010225 0.797960
180000 3.399134 -0.125781 0.688405
190000 5.023529 -0.190465 0.605618
200000 4.813202 -0.156365 0.638796
210000 4.105345 -0.246017 0.700190
220000 4.103492 -0.199955 0.680723
230000 4.704315 -0.125102 0.671551
240000 3.637619 0.001485 0.790352
250000 2.753487 -0.220431 0.599308
260000 2.102510 -0.141812 0.698608
270000 2.011970 -0.207510 0.681687
280000 1.511399 -0.097363 0.801213
290000 2.223422 -0.242304 0.658943
300000 2.353599 -0.163799 0.658683
310000 2.898003 -0.063034 0.760433
320000 3.610278 -0.018320 0.647872
330000 3.967569 -0.109529 0.644136
340000 3.518740 -0.235707 0.727045
350000 4.562421 -0.164065 0.695628
360000 4.960575 -0.162427 0.695393
370000 4.792213 -0.116257 0.677383
380000 4.808449 -0.182544 0.846985
390000 3.910181 -0.124454 0.660352
400000 4.068084 -0.113894 0.684314
410000 4.934466 -0.170166 0.584760
420000 4.813935 -0.145847 0.689166
430000 4.988304 -0.224245 0.746082
440000 3.689351 -0.277779 0.702463
450000 4.034760 -0.344113 0.611770
460000 2.586562 -0.226102 0.655536
470000 1.946595 -0.211793 0.671970
480000 1.495510 -0.192478 0.712023
490000 1.888003 -0.213401 0.636350
500000 2.450432 -0.200259 0.654570
510000 1.741816 -0.245789 0.634319
520000 1.622728 -0.225650 0.592851
530000 1.388312 -0.143994 0.772497
540000 0.872086 -0.185331 0.739896
550000 1.101506 -0.161968 0.798067
560000 1.073697 -0.142458 0.669142
570000 0.882548 -0.075264 0.751370
580000 1.313293 -0.081815 0.716082
590000 1.851324 -0.190469 0.678958
600000 1.620338 -0.126179 0.678998
610000 1.825492 -0.177204 0.682879
620000 1.462612 -0.189011 0.800852
630000 1.558476 -0.057653 0.714719
640000 2.999382 -0.169940 0.752669
650000 3.262836 -0.152455 0.742961
660000 3.844223 -0.142355 0.660500
670000 4.542010 -0.137380 0.702636
680000 4.988043 -0.223531 0.755121
690000 4.652112 -0.211786 0.765594
700000 4.192250 -0.327544 0.733350
710000 3.557285 -0.270206 0.665320
720000 2.424597 -0.230162 0.540691
730000 3.706112 -0.120078 0.639998
740000 5.001026 -0.274171 0.626434
750000 4.506379 -0.067041 0.670087
760000 4.649576 -0.187665 0.588083
770000 3.587699 -0.222806 0.690269
780000 3.513327 -0.163425 0.691309
790000 4.248833 -0.227262 0.627630
800000 4.529471 -0.157050 0.799541
810000 2.549750 -0.178839 0.773608
820000 2.575869 -0.299411 0.745450
830000 2.750749 -0.243875 0.807605
840000 2.038870 -0.211417 0.766184
850000 1.924802 -0.173200 0.769354
860000 2.470290 -0.212184 0.616430
870000 2.736265 -0.264389 0.813843
880000 2.960753 -0.164811 0.747394
890000 2.763434 -0.165944 0.720666
900000 3.392944 -0.138172 0.697927
910000 3.767603 -0.072951 0.773033
920000 4.460128 -0.304371 0.747228
930000 4.388611 -0.154509 0.720630
940000 3.725204 0.042148 0.594193
950000 4.310412 -0.144927 0.655003
960000 3.220019 -0.189388 0.716562
970000 4.576408 -0.152620 0.688641
980000 3.502499 -0.110145 0.741667
990000 2.536640 -0.264699 0.678878
1000000 2.173570 -0.170906 0.580439
1010000 2.099732 0.056374 0.527928
1020000 2.678858 -0.257754 0.679608
1030000 2.722986 -0.053193 0.650037
1040000 1.929339 -0.215313 0.725066
1050000 2.405352 -0.197696 0.700206
1060000 1.924265 -0.067402 0.807181
1070000 1.635125 -0.072174 0.785804
1080000 2.435622 -0.223701 0.769699
1090000 3.268334 -0.182468 0.785227
1100000 4.484003 -0.093277 0.732006
1110000 5.048194 -0.231982 0.627792
1120000 4.811818 -0.126429 0.844467
1130000 4.385756 -0.126086 0.744526
1140000 4.589527 -0.195073 0.821122
1150000 3.757637 -0.045916 0.583404
1160000 3.160597 -0.283997 0.635104
1170000 2.813221 -0.201565 0.692064
1180000 3.037250 -0.277990 0.736831
1190000 2.875484 -0.094416 0.736286
1200000 2.576457 -0.129451 0.658034
1210000 2.211549 -0.177497 0.725004
1220000 1.845571 -0.026820 0.635202
1230000 2.421021 -0.109079 0.585355
1240000 2.578579 -0.231494 0.765783
1250000 3.074012 -0.115025 0.712231
1260000 4.314076 -0.282942 0.668808
1270000 4.201807 -0.257456 0.872585
1280000 3.826663 -0.123369 0.782253
1290000 4.387086 -0.107856 0.792457
1300000 4.979552 -0.257629 0.756794
1310000 4.929542 -0.136478 0.762402
1320000 4.069212 -0.216765 0.738944
1330000 3.443484 -0.169857 0.711383
1340000 3.875634 -0.211683 0.621882
1350000 5.025751 -0.128789 0.845565
1360000 4.463811 -0.120650 0.634887
1370000 4.231532 -0.397118 0.489532
1380000 3.944924 -0.111365 0.577233
1390000 3.937787 -0.138215 0.732433
1400000 3.718779 -0.284111 0.629062
1410000 3.501408 -0.258761 0.726698
1420000 2.890430 -0.098942 0.749154
1430000 2.575558 -0.342819 0.704451
1440000 1.778915 -0.128102 0.808708
1450000 1.681448 -0.209325 0.784389
1460000 1.274595 -0.047867 0.629727
1470000 1.755896 -0.273160 0.642677
1480000 1.741650 -0.164344 0.627313
1490000 1.986817 -0.249275 0.640838
1500000 2.498189 -0.124699 0.680932
1510000 2.102962 -0.328694 0.702854
1520000 2.542342 -0.151452 0.749478
1530000 3.122049 -0.136162 0.715295
1540000 3.434339 -0.180220 0.668784
1550000 3.590240 -0.076644 0.678316
1560000 3.915552 -0.230202 0.840685
1570000 5.006479 -0.162109 0.646323
1580000 4.976501 -0.131292 0.684153
1590000 5.011674 -0.070862 0.745651
1600000 5.002210 -0.110249 0.815698
1610000 4.960418 -0.109676 0.602292
1620000 4.824710 -0.338934 0.705208
1630000 4.300999 -0.215137 0.674801
1640000 3.413328 -0.135212 0.722806
1650000 2.407841 -0.125112 0.698822
1660000 2.659358 -0.045362 0.696292
1670000 3.794048 -0.219314 0.681861
1680000 3.719721 -0.083712 0.717983
1690000 3.294641 -0.263137 0.732016
1700000 2.962239 -0.187381 0.540390
1710000 3.014585 -0.088269 0.655595
1720000 2.347143 -0.130840 0.729925
1730000 2.134022 -0.253244 0.682605
1740000 1.842590 -0.198834 0.636663
1750000 1.981528 0.018458 0.663357
1760000 2.032864 -0.161813 0.760723
1770000 2.778507 -0.199918 0.742410
1780000 3.822084 -0.246913 0.742805
1790000 4.599701 -0.335528 0.774154
1800000 4.282975 -0.276063 0.805390
1810000 4.412697 -0.220706 0.671704
1820000 4.697272 -0.273344 0.767899
1830000 4.225720 -0.279577 0.631214
1840000 3.478697 -0.175650 0.719956
1850000 3.155126 -0.153268 0.792279
1860000 3.133253 -0.245759 0.697610
1870000 2.279538 -0.269388 0.603984
1880000 2.969529 -0.247249 0.796463
1890000 3.057267 -0.212467 0.618441
1900000 3.277130 -0.061563 0.718423
1910000 3.712423 -0.105123 0.668289
1920000 4.291592 -0.204730 0.733346
1930000 4.516889 -0.266853 0.657920
1940000 4.563719 -0.148856 0.684249
1950000 4.426480 -0.054108 0.630389
1960000 5.015505 -0.073348 0.745253
1970000 4.892999 -0.285887 0.692908
1980000 4.985392 -0.242120 0.732130
1990000 3.479320 -0.102469 0.676324
2000000 4.082063 -0.193214 0.693421
2010000 3.669632 -0.221105 0.763089
2020000 4.297729 -0.033458 0.749380
2030000 4.769169 -0.214335 0.724882
2040000 4.957689 -0.162576 0.658588
2050000 4.890987 -0.200434 0.561477
2060000 5.027853 -0.248715 0.728713
2070000 4.359975 -0.124587 0.768492
2080000 4.148080 -0.204552 0.621375
2090000 4.101895 -0.265748 0.617027
2100000 4.016911 -0.160296 0.734944
2110000 4.256335 -0.249288 0.587186
2120000 4.516825 -0.157269 0.705453
2130000 4.486542 -0.184353 0.731717
2140000 4.102125 -0.139350 0.665262
2150000 5.043675 -0.122155 0.596353
2160000 4.863692 -0.052957 0.798449
2170000 4.774134 -0.179634 0.776276
2180000 5.010377 -0.197395 0.771179
2190000 4.917683 -0.172182 0.703471
2200000 4.097189 -0.226492 0.771873
2210000 3.240166 -0.222844 0.717560
2220000 2.864076 -0.133025 0.718327
2230000 2.004836 -0.243352 0.777253
2240000 1.420022 -0.185381 0.756400
2250000 1.173113 -0.112163 0.754590
2260000 0.919715 -0.240871 0.615805
2270000 0.984009 -0.144459 0.756396
2280000 1.022753 -0.229839 0.744782
2290000 0.666530 -0.163903 0.781678
2300000 1.044125 -0.109886 0.592680
2310000 0.762626 -0.240174 0.626702
2320000 1.132813 -0.110206 0.679021
2330000 1.076982 -0.195251 0.783745
2340000 1.037433 -0.079020 0.611291
2350000 1.450355 -0.246850 0.648369
2360000 1.506201 -0.166715 0.657316
2370000 1.401757 -0.121967 0.701600
2380000 1.363876 -0.226955 0.656757
2390000 1.577706 -0.026640 0.701049
2400000 1.722435 -0.208010 0.829626
2410000 1.943428 -0.197295 0.756125
2420000 1.603213 -0.293618 0.701349
2430000 1.332660 -0.041055 0.669786
2440000 1.257577 -0.138461 0.728948
2450000 1.909917 -0.113614 0.558838
2460000 1.631963 -0.167172 0.743381
2470000 1.658824 -0.230205 0.598200
2480000 2.101727 -0.257217 0.658456
2490000 2.492105 -0.149852 0.693674
2500000 3.305047 -0.298468 0.729128
2510000 3.467144 -0.168510 0.710409
2520000 3.409104 -0.197060 0.723532
2530000 2.008698 -0.150362 0.796254
2540000 2.867156 -0.159443 0.696570
2550000 2.557814 -0.075443 0.525333
2560000 3.322976 -0.087847 0.704096
2570000 3.421375 -0.231502 0.609219
2580000 3.714453 -0.244322 0.646734
2590000 3.703614 -0.328955 0.628111
2600000 3.794313 -0.315634 0.740846
2610000 3.866789 -0.241825 0.619504
2620000 4.110062 -0.205661 0.706285
2630000 3.289629 -0.095037 0.604883
2640000 2.733981 -0.303186 0.623600
2650000 2.068812 -0.184121 0.734688
2660000 2.050231 -0.142840 0.620502
2670000 2.904177 -0.188708 0.670786
2680000 3.129809 -0.252787 0.885937
2690000 2.931119 -0.285776 0.683629
2700000 3.420241 -0.074278 0.660912
2710000 4.327839 -0.111848 0.518644
2720000 4.863373 -0.256239 0.710451
2730000 4.930051 -0.165230 0.774206
2740000 4.106707 -0.315243 0.796793
2750000 3.553606 -0.211056 0.674649
2760000 3.439295 0.019938 0.688462
2770000 4.225820 -0.071929 0.720581
2780000 3.793581 -0.238742 0.721889
2790000 3.844130 -0.144017 0.726606
2800000 3.239589 -0.186200 0.664646
2810000 2.299113 -0.268399 0.646269
2820000 2.043180 -0.223446 0.603834
2830000 2.608749 -0.294049 0.786375
2840000 2.987752 -0.083399 0.603854
2850000 1.996308 -0.293308 0.698163
2860000 1.757346 -0.139511 0.612872
2870000 1.600389 -0.215657 0.635204
2880000 1.755689 -0.138744 0.748875
2890000 1.547300 -0.099349 0.703668
2900000 1.840007 -0.085041 0.681681
2910000 1.921096 0.047205 0.681094
2920000 2.520092 -0.170116 0.646961
2930000 1.939007 -0.216760 0.876740
2940000 1.990029 -0.034482 0.767726
2950000 2.658199 -0.253941 0.685889
2960000 2.401321 -0.283881 0.605964
2970000 2.547497 -0.163706 0.655070
2980000 3.401728 -0.202699 0.770410
2990000 4.048504 -0.108168 0.766718
3000000 4.888684 -0.292967 0.767457
3010000 4.604921 -0.083953 0.712473
3020000 4.996669 -0.264863 0.692882
3030000 5.068155 -0.211175 0.630830
3040000 4.590687 -0.221877 0.719917
3050000 4.440458 -0.218787 0.690307
3060000 4.245307 -0.162169 0.679198
3070000 3.692226 -0.213677 0.700896
3080000 3.629593 -0.185378 0.625648
3090000 4.990189 -0.164345 0.657420
3100000 4.269086 -0.098200 0.692671
3110000 4.343680 -0.064656 0.707660
3120000 3.145400 -0.203091 0.725444
3130000 3.305363 -0.124858 0.650676
3140000 2.781489 -0.190151 0.749189
3150000 3.005593 -0.156840 0.879779
3160000 3.076691 -0.129685 0.878585
3170000 2.825035 -0.308372 0.651229
3180000 2.884042 -0.081842 0.648658
3190000 3.973171 -0.184729 0.691647
3200000 5.058471 -0.266570 0.724779
3210000 4.009187 -0.027903 0.619722
3220000 3.782748 -0.111999 0.625542
3230000 2.774956 -0.230864 0.622111
3240000 2.291553 -0.287289 0.581143
3250000 1.960793 -0.207958 0.793822
3260000 2.473919 -0.148627 0.680224
3270000 1.523299 -0.136546 0.776387
3280000 1.057802 -0.205438 0.709390
3290000 1.087164 -0.208266 0.709452
3300000 0.984865 -0.203730 0.616463
3310000 1.187631 -0.175122 0.574888
3320000 1.117429 -0.220267 0.764230
3330000 1.099298 -0.157468 0.809499
3340000 1.021731 -0.224404 0.531327
3350000 1.129158 -0.093361 0.732774
3360000 1.152023 -0.206309 0.593848
3370000 1.293508 -0.166574 0.570790
3380000 1.369725 -0.171037 0.768488
3390000 1.391711 -0.144408 0.663349
3400000 1.169710 -0.204355 0.849544
3410000 1.333253 -0.178407 0.711334
3420000 1.186606 -0.214232 0.734391
3430000 1.213440 -0.154174 0.758874
3440000 1.541143 -0.256315 0.611382
3450000 1.454092 -0.222925 0.650299
3460000 1.209237 -0.164872 0.829098
3470000 1.412917 -0.189261 0.689907
3480000 1.443310 -0.224454 0.744658
3490000 1.509613 -0.257428 0.619983
3500000 1.573039 -0.023433 0.735479
3510000 1.133268 0.010003 0.746375
3520000 0.798328 -0.138666 0.748157
3530000 1.076396 -0.167804 0.706298
3540000 1.017018 -0.204398 0.762165
3550000 1.231466 -0.027070 0.748948
3560000 1.122729 -0.054849 0.616598
3570000 1.273412 -0.145854 0.656036
