100000 4.956471 2.979519 -2.781083
110000 3.919029 2.935838 -2.715775
120000 2.694774 2.948267 -2.914917
130000 2.712639 2.883759 -2.800708
140000 2.244455 2.946603 -2.697832
150000 2.749975 3.028659 -2.842662
160000 1.690539 3.085083 -2.821379
170000 1.221497 3.030660 -2.782175
180000 0.765774 -3.103194 -2.858087
190000 1.142935 -3.132468 -2.742158
200000 1.094698 2.990396 -2.746046
210000 1.229745 2.990196 -2.867610
220000 0.995682 3.065589 -2.790351
230000 0.613864 2.908311 -2.678176
240000 1.430429 2.946916 -2.782114
250000 1.546525 2.945635 -2.765545
260000 1.973796 2.942042 -2.704278
270000 2.257888 2.892833 -2.782906
280000 3.853973 3.052957 -2.614555
290000 4.504335 2.972441 -2.846735
300000 3.561109 3.014151 -2.793109
310000 3.409095 2.853378 -2.674447
320000 2.957006 2.905442 -2.905696
330000 4.479242 3.021500 -2.752508
340000 4.156876 3.064992 -2.850422
350000 2.588553 2.950183 -2.742141
360000 2.199343 2.927480 -2.895589
370000 1.657225 2.844620 -2.798765
380000 1.593926 3.054431 -2.739127
390000 2.089678 2.950618 -2.814015
400000 3.203828 2.931251 -2.916286
410000 3.450608 2.995138 -2.734877
420000 4.233940 3.025506 -2.756075
430000 3.265379 3.012639 -2.669198
440000 4.257894 3.077315 -2.726032
450000 4.717121 2.955649 -2.739346
460000 4.361883 2.851992 -2.831741
470000 3.435297 2.954153 -2.839062
480000 2.907257 2.920727 -2.754557
490000 2.528929 2.933257 -2.702794
500000 2.268633 3.040270 -2.731298
510000 1.915708 2.998203 -2.867711
520000 1.494286 3.003217 -2.847712
530000 0.605599 2.940415 -2.734208
540000 0.659161 3.002463 -2.911691
550000 0.882346 2.924975 -2.774341
560000 0.975674 3.025625 -2.906077
570000 0.857686 2.970957 -2.828071
580000 0.779449 2.974431 -2.831282
590000 1.296175 3.041867 -2.866758
600000 0.925686 3.006043 -2.865669
610000 1.101998 2.901124 -2.621558
620000 1.506549 2.960367 -2.803296
630000 1.756686 2.858114 -2.791190
640000 1.902932 2.874560 -2.729587
650000 2.396807 2.864711 -2.774822
660000 2.725809 3.013443 -2.928821
670000 3.487280 2.947011 -2.872262
680000 4.485164 2.982994 -2.814918
690000 4.167920 2.896821 -2.824974
700000 3.587715 2.980435 -2.892455
710000 2.965523 2.990890 -2.843816
720000 2.822659 2.955024 -2.825295
730000 2.248999 3.013094 -3.000336
740000 1.934886 2.972267 -2.756091
750000 1.768276 3.087645 -2.799102
760000 2.003333 2.959144 -2.758362
770000 2.220174 2.899347 -2.867997
780000 2.767780 2.962895 -2.787886
790000 4.713573 2.830001 -2.760838
800000 4.612373 2.941920 -2.879193
810000 4.731359 2.886886 -2.792237
820000 4.133572 2.846594 -2.722417
830000 3.620293 2.878649 -2.804477
840000 3.639191 2.836245 -2.868120
850000 3.574934 2.897132 -2.853931
860000 3.903632 2.795106 -2.793522
870000 4.025615 2.911043 -2.734634
880000 4.957108 2.844692 -2.846833
890000 4.739993 2.944393 -2.815345
900000 2.920071 3.039131 -2.834978
910000 4.276197 3.023816 -2.859739
920000 4.485166 2.995608 -2.819348
930000 4.554124 3.054570 -2.743385
940000 4.323465 2.964225 -2.772589
950000 2.608317 2.997176 -2.802726
960000 2.543305 3.054297 -2.895911
970000 2.238994 -3.078279 -2.688982
980000 2.354617 2.921104 -2.677569
990000 3.087078 2.913603 -2.836458
1000000 3.384815 2.972952 -2.832365
1010000 2.863775 2.827176 -2.828878
1020000 3.062844 2.957038 -2.716737
1030000 3.429845 2.918082 -2.779169
1040000 4.076545 2.985413 -2.801308
1050000 3.779494 2.936920 -2.764625
1060000 4.673562 2.904665 -2.804829
1070000 4.678201 3.002557 -2.803081
1080000 3.643545 3.034129 -2.854637
1090000 3.300778 3.076057 -2.728208
1100000 4.219873 3.030138 -2.700656
1110000 4.151733 2.916514 -2.704913
1120000 2.941036 3.064648 -2.811900
1130000 2.551792 3.020332 -2.704006
1140000 2.035280 2.941017 -2.744009
1150000 2.582521 3.011722 -2.836170
1160000 1.224394 2.812024 -2.877599
1170000 1.325102 2.992905 -2.713461
1180000 1.167877 2.866831 -2.825170
1190000 1.183398 2.929250 -2.703330
1200000 1.522864 2.931541 -2.784141
1210000 1.828880 2.867914 -2.884284
1220000 2.150880 3.026063 -2.748361
1230000 2.981275 3.052512 -2.774758
1240000 3.740113 2.976431 -2.635291
1250000 3.967305 3.098077 -2.665725
1260000 4.304905 3.017773 -2.872250
1270000 4.481411 2.940738 -2.634404
1280000 4.374586 2.918201 -2.788320
1290000 3.360622 2.872140 -2.687638
1300000 3.504910 2.982157 -2.753602
1310000 2.685141 2.951435 -2.879854
1320000 2.278168 2.903574 -2.811739
1330000 1.676029 2.944738 -2.796356
1340000 1.349993 3.026731 -2.933501
1350000 1.734844 3.058832 -2.824373
1360000 1.937157 3.051155 -2.748581
1370000 1.744202 3.012436 -2.847827
1380000 1.713517 2.991083 -2.914952
1390000 2.574124 2.920206 -2.698998
1400000 3.041037 2.865899 -2.806367
1410000 3.345064 2.892263 -2.759658
1420000 2.258539 2.907844 -2.740942
1430000 2.145743 3.068477 -2.684172
1440000 2.208030 2.968295 -2.889929
1450000 2.744293 3.020321 -2.855885
1460000 3.567353 3.012696 -2.781929
1470000 4.388967 2.992651 -2.794540
1480000 4.663698 2.894056 -2.668266
1490000 4.538574 2.937261 -2.838089
1500000 3.531066 3.007614 -2.784881
1510000 3.341929 2.863423 -2.758128
1520000 3.350289 2.983468 -2.800472
1530000 2.702060 2.974500 -2.632496
1540000 2.278345 3.035068 -2.575338
1550000 2.182665 2.974634 -2.673490
1560000 2.116625 2.959794 -2.738307
1570000 2.893074 3.018404 -2.887643
1580000 3.438213 2.886729 -2.711501
1590000 4.124976 3.013703 -2.673852
1600000 4.546256 2.910333 -2.895430
1610000 4.496002 2.916790 -2.722612
1620000 4.952942 3.078591 -2.750749
1630000 4.788540 2.931498 -2.775151
1640000 4.185028 2.980304 -2.657192
1650000 4.543488 3.128544 -2.840220
1660000 4.813182 3.062597 -2.712029
1670000 4.743111 2.845504 -2.762455
1680000 4.938702 2.945266 -2.765308
1690000 4.908070 3.085253 -2.817244
1700000 3.743430 3.033514 -2.796527
1710000 3.555085 2.883436 -2.879017
1720000 3.651895 2.850311 -2.882727
1730000 3.088693 2.835619 -2.928391
1740000 2.444972 3.054435 -2.768577
1750000 2.250452 2.984874 -2.853520
1760000 2.742677 2.884069 -2.780976
1770000 2.850863 2.940479 -2.728226
1780000 3.090206 2.937694 -2.719689
1790000 3.674760 3.064685 -2.874869
1800000 3.188513 2.893201 -2.657776
1810000 2.963198 2.939058 -2.753279
1820000 3.069561 3.060240 -2.906444
1830000 1.444611 2.735466 -2.850631
1840000 0.991883 3.010960 -2.722992
1850000 0.767524 2.905126 -2.889255
1860000 0.520840 2.983103 -2.860956
1870000 0.478721 2.839104 -2.723062
1880000 1.252543 2.832280 -2.761628
1890000 0.837465 2.915871 -2.798670
1900000 0.893526 2.929652 -2.766455
1910000 0.812327 2.865599 -2.779767
1920000 0.628459 3.066717 -2.775139
1930000 0.495886 3.016705 -2.753531
1940000 0.656318 2.981190 -2.912299
1950000 0.726285 3.031614 -2.833195
1960000 1.273358 2.791951 -2.779411
1970000 1.058271 3.130919 -2.689335
1980000 0.940343 2.893798 -2.754907
1990000 0.873768 3.002333 -2.730526
2000000 1.577940 3.038241 -2.840640
2010000 1.575693 2.915474 -2.829935
2020000 1.713799 3.010787 -2.876990
2030000 1.296119 3.005416 -2.800236
2040000 1.260102 3.015843 -2.718044
2050000 1.288617 2.950375 -2.869497
2060000 1.096095 2.989054 -2.822665
2070000 0.701037 2.902481 -2.788974
2080000 0.878151 2.888456 -2.724147
2090000 1.081759 3.100971 -2.789447
2100000 1.648239 2.986600 -2.714648
2110000 1.897930 2.973749 -2.750938
2120000 1.949843 2.974097 -2.863707
2130000 2.235892 2.967694 -2.711752
2140000 2.343159 2.986439 -2.703442
2150000 2.990334 2.802440 -2.658863
2160000 3.383989 2.844567 -2.932412
2170000 3.578262 2.922811 -2.737113
2180000 4.642139 2.803918 -2.887318
2190000 4.690278 2.931281 -2.770740
2200000 4.861743 3.054052 -2.712302
2210000 4.576621 2.980640 -2.813148
2220000 4.601010 2.987872 -2.825260
2230000 3.874330 2.926731 -2.680937
2240000 4.209283 2.895271 -2.840529
2250000 4.038588 3.085844 -2.912455
2260000 4.101842 2.967372 -2.763774
2270000 2.957274 2.997351 -2.808068
2280000 3.594304 3.007941 -2.819390
2290000 3.436240 2.844392 -2.634374
2300000 4.121783 2.987518 -2.731240
2310000 4.744929 2.977992 -2.830474
2320000 4.477743 2.960845 -2.731793
2330000 4.218744 2.941565 -2.816973
2340000 3.514738 3.050506 -2.906386
2350000 3.079572 2.864728 -2.715107
2360000 2.624216 2.942329 -2.820246
2370000 2.686588 3.018639 -2.917820
2380000 3.162204 2.951389 -2.884567
2390000 3.975887 3.103020 -2.791596
2400000 4.203792 2.970455 -2.749506
2410000 4.876094 2.741242 -2.838891
2420000 5.015012 2.865156 -2.738913
2430000 3.763279 2.961802 -2.762906
2440000 2.109924 3.014542 -2.726175
2450000 2.172939 3.031304 -2.804058
2460000 1.864338 2.994783 -2.787715
2470000 2.451930 2.990714 -2.776205
2480000 3.321862 2.959426 -2.756908
2490000 2.496109 2.920560 -2.786989
2500000 1.891000 3.020765 -2.823345
2510000 1.757129 3.037297 -2.807454
2520000 2.281436 2.998621 -2.986929
2530000 1.924391 2.945859 -2.776167
2540000 1.387714 2.898549 -2.761622
2550000 1.418638 3.013983 -2.692109
2560000 1.497350 3.050622 -2.839463
2570000 0.620183 2.992041 -2.701161
2580000 0.687906 3.116272 -2.734510
2590000 0.517834 2.843269 -2.826302
2600000 0.501302 3.077973 -2.869536
2610000 0.848437 3.085087 -2.786848
2620000 1.103211 2.933516 -2.780611
2630000 0.985175 3.056356 -2.753728
2640000 1.070948 3.022858 -2.690697
2650000 0.652689 2.977342 -2.885729
2660000 0.726159 2.940055 -2.934024
2670000 1.218289 2.992726 -2.702579
2680000 1.204140 2.905119 -2.811695
2690000 1.233848 3.046454 -2.839878
2700000 1.614758 2.925691 -2.945793
2710000 0.840495 2.892812 -2.777131
2720000 0.854505 2.955480 -2.743303
2730000 1.007588 2.956767 -2.798509
2740000 0.768963 2.844097 -2.894559
2750000 0.696475 3.037239 -2.917252
2760000 0.925767 2.972009 -2.685636
2770000 1.472891 3.056161 -2.745261
2780000 1.689763 3.065535 -2.836511
2790000 1.407089 2.878630 -2.815911
2800000 1.567173 2.981439 -2.730745
2810000 1.828657 3.068615 -2.857061
2820000 1.728241 3.023357 -2.823298
2830000 1.638938 2.931073 -2.783165
2840000 1.331147 2.949486 -2.734022
2850000 1.366175 2.775729 -2.676199
2860000 2.286130 3.025945 -2.724234
2870000 2.802665 3.094005 -2.704794
2880000 3.698936 3.077849 -2.754085
2890000 3.939835 2.866866 -2.826473
2900000 4.057063 2.857439 -2.809307
2910000 4.513164 2.823937 -2.669688
2920000 3.077922 2.818356 -2.858387
2930000 3.175134 2.902780 -2.775231
2940000 3.012750 3.077762 -2.816240
2950000 2.706132 3.082757 -2.782278
2960000 2.346636 3.048452 -2.777911
2970000 2.161821 3.073865 -2.799212
2980000 2.589777 2.907204 -2.760679
2990000 2.540851 2.971591 -2.726226
3000000 2.975303 3.042532 -2.895369
3010000 3.003363 2.975949 -2.814314
3020000 3.190271 2.941425 -2.834886
3030000 3.683318 2.995676 -2.941189
3040000 3.622177 2.931038 -2.925394
3050000 4.091965 3.030764 -2.604450
3060000 4.299105 2.813774 -2.672387
3070000 4.336356 3.055037 -2.748842
3080000 4.609271 2.893731 -2.758607
3090000 4.971872 2.890042 -2.715863
3100000 4.894093 2.879765 -2.849721
3110000 3.610067 2.954218 -2.817076
3120000 2.920348 2.957149 -2.742978
3130000 3.499522 3.019375 -2.623300
3140000 4.342281 2.969786 -2.831558
3150000 4.105005 3.046068 -2.792823
3160000 4.674545 2.897434 -2.746660
3170000 3.401502 2.923583 -2.837262
3180000 2.385705 3.012747 -2.697753
3190000 2.034068 3.098449 -2.764998
3200000 2.076383 2.936659 -2.793592
3210000 2.676249 2.953656 -2.794243
3220000 3.006398 2.964511 -2.813875
3230000 2.890829 2.916254 -2.823318
3240000 3.261445 2.921222 -2.837703
3250000 3.571645 3.002177 -2.770747
3260000 4.474513 2.876412 -2.726410
3270000 4.244380 2.966053 -2.863323
3280000 3.558316 3.072143 -2.832879
3290000 2.911774 2.903712 -2.868578
3300000 4.610528 2.939071 -2.755056
3310000 4.847685 2.930654 -2.662171
3320000 4.499519 2.909337 -2.850590
3330000 4.740203 2.952354 -2.910147
3340000 4.865986 2.997888 -2.817067
3350000 4.465342 3.027409 -2.839954
3360000 4.435510 3.085953 -2.847402
3370000 3.309726 2.844455 -2.854361
3380000 3.266637 2.968306 -2.853490
3390000 3.474118 2.992513 -2.787287
3400000 3.373013 2.820294 -2.890886
3410000 4.062834 3.038150 -2.741322
3420000 4.340543 2.915957 -2.789893
3430000 3.761655 2.905661 -2.805061
3440000 4.117087 2.914421 -2.832278
3450000 4.838069 2.930053 -2.909537
3460000 4.787709 2.966524 -2.838127
3470000 4.291912 2.924677 -2.786810
3480000 4.895546 3.022067 -2.817313
3490000 4.926690 3.122503 -2.800351
3500000 4.812307 2.917960 -2.731673
3510000 3.389661 2.861495 -2.738255
3520000 2.885115 2.954408 -2.753997
3530000 2.081756 2.969157 -2.840018
3540000 3.151755 2.906394 -2.732680
3550000 2.486290 2.961035 -2.723588
3560000 3.594108 2.979697 -2.647650
3570000 2.594543 3.019140 -2.807317
3580000 2.468052 3.020753 -2.788992
3590000 2.011283 2.870617 -2.780208
3600000 2.462330 2.901456 -2.712865
3610000 2.021163 2.941022 -2.739359
3620000 2.464181 3.068155 -2.779783
3630000 2.363403 3.017709 -2.718174
3640000 3.121909 3.099213 -2.674918
3650000 3.150157 2.963789 -2.788483
3660000 2.911123 2.923347 -2.790392
3670000 2.375418 2.964792 -2.830396
3680000 2.596380 3.011564 -2.834348
3690000 1.918596 2.951538 -2.775732
3700000 1.620092 3.067166 -2.846137
3710000 1.372351 2.956965 -2.649919
3720000 1.492144 2.954744 -2.830829
3730000 1.178215 3.025589 -2.835136
3740000 1.070638 2.871691 -2.770986
3750000 1.025441 3.062867 -2.771755
3760000 0.929831 2.845269 -2.845075
3770000 0.825115 2.932037 -2.894459
3780000 1.184182 2.936120 -2.688958
3790000 1.414466 3.037194 -2.791825
3800000 1.177812 -3.136594 -2.784449
3810000 0.929435 2.952179 -2.759545
3820000 1.064411 3.061148 -2.767023
3830000 1.460775 3.043003 -2.772641
3840000 1.720922 2.938758 -2.823188
3850000 1.815996 2.868745 -2.838624
3860000 1.611853 2.956119 -2.839107
3870000 1.460664 2.931346 -2.786724
3880000 1.287306 3.117052 -2.815287
3890000 1.502093 3.036767 -2.831875
3900000 0.766854 2.811618 -2.834706
3910000 0.502484 3.026571 -2.879021
3920000 0.598250 3.038323 -2.782452
3930000 0.572195 2.965031 -2.755293
3940000 0.752831 3.044216 -2.725222
3950000 0.784253 3.053697 -2.772790
3960000 0.868532 2.912291 -2.830719
3970000 0.783568 2.902249 -2.788270
3980000 0.950418 2.920996 -2.758505
3990000 1.017909 2.937090 -2.792329
4000000 0.969485 2.936085 -2.719046
