100000 4.913482 -0.152251 0.369280
110000 4.315185 -0.175956 0.260716
120000 3.278024 -0.237836 0.362393
130000 3.634537 -0.056103 0.178311
140000 4.462431 -0.295473 0.331798
150000 2.944586 -0.235415 0.290203
160000 3.032592 -0.206873 0.367707
170000 3.682032 -0.058167 0.361738
180000 2.708996 -0.103282 0.176942
190000 1.879083 -0.213995 0.312248
200000 1.098985 -0.217693 0.426376
210000 1.489148 -0.202840 0.303705
220000 0.848619 -0.190574 0.328681
230000 1.049780 -0.130085 0.403562
240000 1.904779 -0.262430 0.273859
250000 3.037478 -0.166357 0.391161
260000 2.559966 -0.245947 0.221638
270000 3.757996 -0.055379 0.353094
280000 4.899033 -0.277352 0.415021
290000 4.294575 -0.103666 0.407595
300000 4.982618 -0.191965 0.307903
310000 4.892330 -0.183750 0.431484
320000 4.786515 -0.019834 0.440271
330000 3.004608 -0.308665 0.405884
340000 3.791533 -0.167083 0.359069
350000 3.916471 -0.242769 0.452423
360000 3.748005 -0.178445 0.308505
370000 4.746299 -0.104250 0.224720
380000 3.816950 -0.223844 0.448983
390000 3.221152 -0.140831 0.269539
400000 2.042070 -0.114433 0.350756
410000 1.807595 -0.251289 0.353904
420000 1.462213 -0.182762 0.371959
430000 2.129831 -0.158335 0.319916
440000 2.224731 -0.169150 0.293344
450000 2.875343 -0.140509 0.358650
460000 3.865741 -0.259552 0.305733
470000 2.604642 -0.204899 0.328586
480000 2.663677 -0.200578 0.351835
490000 3.288143 -0.226477 0.344078
500000 1.906523 -0.017057 0.279682
510000 1.777468 -0.085044 0.421370
520000 1.554965 -0.283358 0.360717
530000 1.293052 -0.147258 0.465424
540000 2.189534 -0.118277 0.224222
550000 3.810482 -0.088876 0.168814
560000 3.747966 -0.281419 0.312411
570000 4.032379 -0.008781 0.367849
580000 4.174306 -0.142399 0.273239
590000 4.837327 -0.101555 0.358000
600000 4.172199 -0.290544 0.246649
610000 3.173968 -0.152153 0.397329
620000 3.756866 -0.047463 0.338439
630000 3.184797 -0.172843 0.225671
640000 2.525460 -0.172729 0.406669
650000 3.243843 -0.185161 0.340847
660000 2.064280 -0.183201 0.444237
670000 2.072293 -0.212086 0.420356
680000 2.114311 -0.317326 0.315016
690000 3.106202 -0.153620 0.325162
700000 3.561181 -0.068244 0.315584
710000 4.813370 -0.205170 0.471708
720000 4.063392 -0.219230 0.333375
730000 4.291563 -0.257310 0.263584
740000 3.937835 -0.352861 0.424774
750000 3.607753 -0.181285 0.229581
760000 3.009161 -0.133383 0.279789
770000 3.359161 -0.279929 0.231468
780000 2.881104 -0.194551 0.320761
790000 2.473142 -0.279649 0.340801
800000 2.657991 -0.214025 0.231123
810000 2.350847 -0.223966 0.338725
820000 1.481632 -0.277135 0.401441
830000 1.219967 -0.195296 0.482802
840000 0.982375 -0.165279 0.448984
850000 0.858118 -0.319806 0.263463
860000 1.253229 0.025784 0.384387
870000 1.202006 -0.098462 0.328351
880000 1.412034 -0.124078 0.381697
890000 1.827068 -0.158329 0.402710
900000 1.883719 -0.291979 0.317776
910000 2.306103 -0.253712 0.344777
920000 2.522431 -0.152217 0.385039
930000 2.290329 -0.120863 0.339297
940000 2.532587 -0.080753 0.344229
950000 2.308998 -0.248472 0.402811
960000 2.203435 -0.214259 0.299915
970000 1.982850 -0.203899 0.277842
980000 2.496312 -0.234001 0.354809
990000 3.400827 -0.132503 0.447117
1000000 4.444864 -0.167676 0.462880
1010000 4.930166 -0.136364 0.313254
1020000 4.263098 -0.175100 0.400171
1030000 4.653382 -0.125789 0.395401
1040000 4.570052 -0.080132 0.302687
1050000 4.648948 -0.199432 0.273532
1060000 4.663223 -0.047500 0.430948
1070000 4.012954 -0.232934 0.262812
1080000 3.571100 -0.150051 0.278137
1090000 3.075987 -0.061942 0.245900
1100000 3.236132 -0.150426 0.343347
1110000 2.773515 -0.100845 0.470238
1120000 3.824959 -0.113553 0.338245
1130000 4.201928 -0.114707 0.364184
1140000 2.827416 -0.202500 0.264575
1150000 4.213085 -0.132265 0.385009
1160000 4.724048 -0.144422 0.305334
1170000 4.388467 -0.217542 0.258508
1180000 4.713711 -0.232189 0.344405
1190000 4.884123 -0.203010 0.340615
1200000 4.623856 -0.172898 0.484100
1210000 3.563920 -0.198913 0.331224
1220000 2.549074 -0.167341 0.401058
1230000 3.000167 -0.286871 0.502220
1240000 3.307390 -0.102404 0.298187
1250000 3.767044 -0.227083 0.288288
1260000 4.301097 -0.156425 0.540240
1270000 4.102459 -0.221672 0.339375
1280000 3.395781 -0.090804 0.317887
1290000 3.507499 -0.122579 0.314192
1300000 3.563936 -0.241254 0.295678
1310000 2.450640 -0.283019 0.479055
1320000 2.473587 -0.161287 0.318237
1330000 2.312498 -0.220922 0.368849
1340000 3.216211 -0.119467 0.311098
1350000 4.546170 -0.222515 0.299039
1360000 4.175184 -0.233623 0.508958
1370000 3.599642 -0.217416 0.378326
1380000 2.716821 -0.226146 0.191915
1390000 1.807235 -0.193605 0.403589
1400000 2.356369 -0.191403 0.426675
1410000 1.684659 -0.015983 0.256422
1420000 0.629009 -0.117106 0.236323
1430000 0.825947 -0.167766 0.424327
1440000 0.697951 -0.121668 0.363775
1450000 0.589646 -0.147766 0.354035
1460000 0.847038 -0.192835 0.341514
1470000 0.956784 -0.055571 0.352992
1480000 0.620278 -0.268238 0.253929
1490000 1.254622 -0.209959 0.276964
1500000 1.243515 -0.215552 0.317552
1510000 1.108679 -0.181141 0.201454
1520000 1.096228 -0.190203 0.391003
1530000 1.227048 -0.139215 0.333351
1540000 1.471824 -0.006985 0.177838
1550000 1.062766 -0.109939 0.400252
1560000 1.655105 -0.098105 0.342206
1570000 0.997745 -0.309948 0.376557
1580000 0.940261 -0.262185 0.381997
1590000 1.836088 -0.230330 0.298478
1600000 1.584005 -0.102273 0.296220
1610000 1.355417 -0.185487 0.424209
1620000 1.042943 -0.196012 0.235389
1630000 1.547925 -0.168110 0.405373
1640000 1.312060 -0.091804 0.441939
1650000 1.049870 -0.282466 0.320579
1660000 1.034328 -0.070059 0.285737
1670000 0.936098 -0.212660 0.405507
1680000 0.886753 -0.215202 0.336870
1690000 0.817206 -0.035018 0.251920
1700000 0.919641 -0.224304 0.194314
1710000 0.905267 -0.163084 0.354937
1720000 1.276061 -0.290168 0.363636
1730000 2.207224 -0.185654 0.484673
1740000 3.138157 -0.286949 0.330134
1750000 4.340434 -0.206220 0.345149
1760000 5.019277 -0.104116 0.337110
1770000 4.969990 -0.119420 0.400475
1780000 4.824257 -0.196888 0.306194
1790000 4.178584 -0.209675 0.304295
1800000 4.628845 -0.181429 0.397676
1810000 3.975966 -0.135229 0.382701
1820000 3.716692 -0.264558 0.375604
1830000 2.917828 -0.258138 0.350543
1840000 2.479513 -0.178797 0.372787
1850000 2.945844 -0.139738 0.413503
1860000 3.180096 -0.234738 0.342533
1870000 3.471112 -0.217375 0.208015
1880000 3.526717 -0.255792 0.397560
1890000 3.414650 -0.165072 0.440071
1900000 4.479148 -0.170322 0.418662
1910000 4.673852 -0.079913 0.270922
1920000 4.301868 -0.114204 0.427212
1930000 4.765401 -0.047211 0.432286
1940000 4.298165 -0.224076 0.385019
1950000 4.298684 -0.234429 0.174012
1960000 3.911766 -0.151894 0.341220
1970000 4.303925 -0.055958 0.299637
1980000 5.028124 -0.157715 0.253270
1990000 4.474365 -0.188293 0.403848
2000000 4.099616 -0.179206 0.450087
2010000 3.743037 -0.156689 0.301319
2020000 3.378339 -0.278160 0.319538
2030000 2.629503 -0.186791 0.370277
2040000 2.541546 -0.056399 0.388476
2050000 1.763871 -0.195011 0.420975
2060000 1.785787 0.065243 0.399955
2070000 1.618292 -0.135770 0.278256
2080000 2.140015 -0.384262 0.436061
2090000 2.317092 -0.354436 0.413868
2100000 2.173300 -0.331946 0.301974
2110000 2.080657 -0.218184 0.373079
2120000 2.660909 -0.176177 0.217628
2130000 3.206054 -0.197205 0.289704
2140000 3.170386 -0.192310 0.355153
2150000 3.230237 -0.120328 0.364593
2160000 3.941473 -0.160349 0.160405
2170000 4.877213 -0.263837 0.248625
2180000 4.990276 -0.158065 0.280023
2190000 4.883253 -0.218538 0.321622
2200000 4.354101 -0.258874 0.403537
2210000 4.754452 -0.228401 0.386608
2220000 4.082031 -0.171702 0.238988
2230000 3.663677 -0.145103 0.374712
2240000 2.952096 -0.085358 0.359929
2250000 2.105906 -0.104850 0.314018
2260000 2.059990 -0.224780 0.301680
2270000 1.779472 -0.042758 0.373820
2280000 2.069740 -0.230321 0.361090
2290000 3.187365 -0.097857 0.325309
2300000 2.677788 -0.181594 0.248780
2310000 2.677917 -0.263796 0.321687
2320000 2.598149 -0.246108 0.387770
2330000 2.026141 -0.294624 0.457093
2340000 1.654626 -0.218669 0.293205
2350000 1.592354 -0.261295 0.341220
2360000 1.686704 -0.160747 0.276051
2370000 1.820875 -0.247015 0.375444
2380000 1.383743 -0.090910 0.378818
2390000 1.296400 -0.123823 0.421054
2400000 1.243211 -0.150129 0.308432
2410000 1.219726 -0.197695 0.235931
2420000 1.878532 -0.195222 0.353667
2430000 2.239693 -0.196556 0.387953
2440000 2.031548 -0.176219 0.235185
2450000 2.328943 -0.070610 0.265462
2460000 2.839150 -0.127951 0.376976
2470000 3.994697 -0.271080 0.371514
2480000 4.184430 -0.237932 0.250673
2490000 4.546538 -0.142348 0.327305
2500000 4.510111 -0.219922 0.364958
2510000 3.305673 -0.248612 0.358159
2520000 4.160145 -0.078816 0.339267
2530000 3.516413 -0.233209 0.366960
2540000 4.602325 -0.146527 0.281137
2550000 3.269216 -0.258089 0.485278
2560000 2.853543 -0.277028 0.372971
2570000 3.263220 -0.170789 0.403613
2580000 2.642062 -0.178638 0.328275
2590000 2.455063 -0.093167 0.430126
2600000 2.240417 -0.248313 0.364433
2610000 2.384820 -0.297808 0.443849
2620000 3.455173 -0.024248 0.394957
2630000 4.054176 -0.305952 0.175209
2640000 4.241487 -0.151871 0.300896
2650000 4.701929 -0.138283 0.374316
2660000 4.853669 -0.288848 0.350439
2670000 4.078990 -0.147115 0.263109
2680000 3.300195 -0.230869 0.440385
2690000 4.474512 -0.253186 0.385477
2700000 3.963436 -0.073222 0.429268
2710000 3.067363 -0.244954 0.303247
2720000 2.524901 -0.272225 0.350504
2730000 2.555845 -0.178531 0.389477
2740000 2.870977 -0.148420 0.465701
2750000 3.383024 -0.198367 0.345164
2760000 3.646027 -0.128478 0.378733
2770000 4.484242 -0.214198 0.337350
2780000 4.990510 -0.150960 0.400206
2790000 4.131631 -0.065123 0.299811
2800000 3.943611 -0.228162 0.422232
2810000 4.157411 -0.145698 0.382261
2820000 4.493518 -0.283806 0.397600
2830000 5.024952 -0.311806 0.284164
2840000 4.750826 -0.250723 0.301879
2850000 3.944110 -0.084232 0.380974
2860000 3.929813 -0.202152 0.357749
2870000 3.437846 -0.172827 0.254665
2880000 3.040624 -0.133365 0.368927
2890000 3.535935 -0.056690 0.358447
2900000 2.553231 -0.125838 0.268395
2910000 2.081340 -0.048735 0.293985
2920000 2.664670 -0.320171 0.340437
2930000 2.647265 -0.050183 0.370441
2940000 2.836669 -0.182152 0.463345
2950000 2.972676 -0.078143 0.365748
2960000 2.900350 -0.178769 0.369010
2970000 2.906571 -0.185886 0.354298
2980000 2.841626 -0.106608 0.225998
2990000 2.231879 -0.223088 0.383946
3000000 1.936723 -0.118289 0.297992
3010000 1.615481 -0.093821 0.257955
3020000 1.502937 -0.051888 0.267180
3030000 0.737938 -0.223071 0.353591
3040000 1.149793 -0.150788 0.307893
3050000 1.344323 -0.185341 0.315593
3060000 1.352771 -0.245423 0.350133
3070000 1.133394 -0.323997 0.321815
3080000 1.324948 -0.267932 0.466318
3090000 1.064483 -0.110102 0.296235
3100000 1.110980 0.010240 0.388133
3110000 1.458258 -0.092375 0.301845
3120000 1.452331 -0.102331 0.331615
3130000 1.339016 -0.267401 0.365417
3140000 0.878303 -0.109833 0.297050
3150000 1.012764 -0.014644 0.337315
3160000 1.160559 -0.081026 0.315282
3170000 1.926841 -0.147535 0.327673
3180000 1.936469 -0.115280 0.576133
3190000 1.993111 -0.071455 0.308254
3200000 2.075955 -0.214517 0.400558
3210000 2.257286 -0.093448 0.203650
3220000 2.530490 -0.225140 0.311902
3230000 3.041802 -0.155931 0.277109
3240000 2.616304 -0.165181 0.344032
3250000 2.235469 -0.242036 0.317900
3260000 1.722894 -0.127098 0.390482
3270000 2.442824 -0.200629 0.372421
3280000 2.669383 -0.343785 0.349596
3290000 3.025280 -0.106858 0.388109
3300000 4.186788 -0.310883 0.465151
3310000 4.824996 -0.246171 0.283245
3320000 4.132928 -0.080482 0.410752
3330000 4.224236 -0.259337 0.238569
3340000 4.451878 -0.141938 0.347965
3350000 4.742318 -0.251280 0.238360
3360000 3.776031 -0.105326 0.448218
3370000 4.102620 -0.200521 0.354400
3380000 3.624039 -0.252755 0.427376
3390000 4.824172 -0.242217 0.360846
3400000 4.892168 -0.273332 0.364281
3410000 4.942814 -0.196217 0.267723
3420000 4.820045 -0.221891 0.459822
3430000 4.018232 -0.220548 0.384821
3440000 4.758899 -0.063508 0.248008
3450000 4.197841 -0.173388 0.378998
3460000 3.573424 -0.078553 0.313272
3470000 3.532859 -0.155681 0.374962
3480000 3.639175 -0.121372 0.290117
3490000 3.985090 -0.145376 0.274806
3500000 3.416831 -0.289691 0.482201
3510000 2.646600 -0.114478 0.326998
3520000 3.918801 -0.070792 0.358362
3530000 4.671193 -0.049884 0.285160
3540000 3.669885 -0.214516 0.152196
3550000 3.198995 -0.124707 0.325602
3560000 3.000573 -0.192584 0.231861
3570000 3.793248 -0.236948 0.289540
3580000 4.067036 -0.272151 0.388845
3590000 4.593233 -0.233591 0.367884
3600000 4.366682 -0.186042 0.423381
3610000 4.055609 -0.050190 0.246864
3620000 3.601373 -0.185616 0.415313
3630000 4.420318 -0.123582 0.334137
3640000 4.244982 -0.217729 0.452119
3650000 4.870606 -0.277773 0.463940
3660000 4.116061 -0.120488 0.284131
3670000 3.118881 -0.240076 0.406381
3680000 3.768635 -0.194599 0.340850
3690000 4.082293 -0.144917 0.391087
3700000 2.992869 -0.160307 0.432920
3710000 2.659197 -0.174702 0.347727
3720000 3.103513 -0.037972 0.373171
3730000 2.961733 -0.173200 0.311528
3740000 3.870897 -0.132940 0.303839
3750000 3.253753 -0.146952 0.236072
3760000 2.345574 -0.156714 0.320087
3770000 2.180851 -0.175761 0.237742
3780000 2.701944 -0.252162 0.258451
3790000 2.256624 -0.131864 0.304923
3800000 1.600675 -0.189111 0.429694
3810000 1.594774 -0.122955 0.405687
3820000 1.994493 -0.074268 0.308795
3830000 1.323430 -0.057089 0.282154
3840000 1.105125 -0.233866 0.215323
3850000 1.147627 -0.114609 0.298497
3860000 1.337304 -0.073788 0.393478
3870000 1.517237 -0.135784 0.334597
3880000 1.730426 -0.216903 0.398028
3890000 1.839977 -0.197350 0.350886
3900000 1.751270 -0.153035 0.460959
3910000 1.590474 -0.106078 0.358062
3920000 1.560202 -0.214627 0.448340
3930000 1.826648 -0.305862 0.422230
3940000 2.127134 -0.039037 0.407192
3950000 2.135841 -0.297382 0.286257
3960000 2.800468 -0.158352 0.359936
