100000 3.990487 -0.255560 0.174897
110000 3.153990 -0.224323 0.120605
120000 3.889615 -0.206115 -0.057929
130000 4.008206 -0.184999 0.106041
140000 4.265679 -0.104715 -0.095687
150000 3.165611 -0.203803 0.033786
160000 3.481880 -0.134508 -0.101797
170000 4.074301 -0.097265 0.022972
180000 3.187061 -0.233572 0.090131
190000 2.949978 -0.132666 0.088617
200000 2.063216 -0.112255 0.095114
210000 1.503354 -0.069192 -0.021022
220000 2.178152 -0.276198 -0.057540
230000 2.118090 -0.161545 0.065397
240000 1.325125 -0.208417 -0.108556
250000 1.212064 -0.211031 -0.019806
260000 1.021373 -0.305842 0.131791
270000 0.759719 -0.200256 -0.016518
280000 1.315895 -0.121783 0.062940
290000 1.548025 -0.186896 -0.017433
300000 1.675401 -0.333792 0.065131
310000 2.273687 -0.140321 -0.069392
320000 3.941620 -0.289292 0.016341
330000 4.345844 -0.179773 0.150040
340000 4.627720 -0.145602 0.084136
350000 3.071205 -0.173073 -0.058251
360000 3.573185 -0.028757 -0.057337
370000 4.050146 -0.175844 0.049103
380000 4.896409 -0.235820 -0.074137
390000 3.992700 -0.148646 0.012331
400000 3.506152 -0.150365 0.139075
410000 4.613306 -0.166388 0.057743
420000 4.268368 -0.204676 0.069437
430000 3.335303 -0.172150 0.073177
440000 2.931804 -0.226144 -0.136840
450000 2.850904 -0.183179 0.059819
460000 2.446285 -0.204863 0.136489
470000 3.482229 -0.238082 0.097343
480000 3.919477 -0.307980 0.076641
490000 3.780839 -0.107539 -0.028131
500000 3.342164 -0.119070 -0.054881
510000 4.834152 -0.179509 -0.103485
520000 4.805289 -0.194675 0.120001
530000 4.775505 -0.126111 0.091226
540000 3.946226 -0.243154 0.040246
550000 4.030608 -0.179314 -0.021849
560000 3.263412 -0.159449 0.015495
570000 2.280533 -0.248714 -0.048662
580000 1.997664 -0.251311 -0.054541
590000 1.687077 -0.167145 0.035326
600000 2.125123 -0.126397 0.088312
610000 2.883071 -0.166244 -0.001870
620000 2.766346 -0.117246 -0.008279
630000 4.319155 -0.295196 -0.026553
640000 3.802316 -0.138719 0.105962
650000 4.968000 -0.197263 -0.027951
660000 4.675445 -0.125813 -0.049524
670000 3.929820 -0.104855 -0.006988
680000 3.987721 -0.203765 0.005074
690000 3.033504 -0.314289 0.109429
700000 3.011070 -0.170191 0.056641
710000 2.675472 -0.260356 -0.082717
720000 1.691259 0.007400 -0.068728
730000 1.844175 -0.163353 -0.109923
740000 1.474715 -0.126465 0.091882
750000 1.627765 -0.215900 -0.026799
760000 1.280086 -0.171768 0.118459
770000 1.934046 -0.255499 0.002776
780000 2.240616 -0.179399 -0.037131
790000 2.511517 -0.089765 -0.091029
800000 4.040837 -0.274325 -0.121793
810000 3.424586 -0.239458 0.085995
820000 3.543974 -0.171811 0.002402
830000 4.702477 -0.209691 0.220215
840000 4.370363 -0.231599 -0.135072
850000 4.082515 -0.258026 -0.019029
860000 3.535963 -0.136304 0.105453
870000 2.849292 -0.235092 0.010498
880000 2.251816 -0.285765 -0.032286
890000 2.377037 -0.283113 -0.148724
900000 1.603843 -0.017979 -0.108947
910000 3.258153 -0.163990 0.078932
920000 3.164933 -0.145012 0.052336
930000 2.357601 -0.137395 0.057932
940000 2.112499 -0.043755 0.026538
950000 1.880594 -0.142574 0.145462
960000 0.850400 -0.148117 -0.022307
970000 0.660420 -0.164700 -0.023498
980000 1.198915 -0.136596 0.064653
990000 1.059983 -0.251774 -0.136664
1000000 1.309115 -0.128783 -0.032112
1010000 0.847381 -0.175107 0.038122
1020000 0.965386 -0.176854 0.063180
1030000 1.420617 -0.016564 -0.048251
1040000 1.742706 -0.133239 -0.070650
1050000 1.512512 -0.194169 -0.021455
1060000 0.884921 -0.154610 0.090325
1070000 1.012091 -0.218078 -0.166875
1080000 1.058704 -0.219324 0.156968
1090000 1.449792 -0.245359 -0.050995
1100000 2.069433 -0.179527 -0.065119
1110000 3.098374 -0.211254 0.006612
1120000 3.201517 -0.214046 0.060415
1130000 4.338112 -0.131263 0.011005
1140000 4.614390 -0.304981 -0.062907
1150000 4.128007 -0.082574 -0.030903
1160000 4.840014 -0.068607 -0.075954
1170000 4.469482 -0.158862 0.153059
1180000 3.264788 -0.155670 0.097870
1190000 4.029146 -0.162039 -0.059530
1200000 4.264460 -0.182708 -0.050286
1210000 3.858923 -0.218538 -0.013770
1220000 4.839877 -0.070839 0.058374
1230000 3.164699 -0.022134 0.024797
1240000 3.450734 -0.201718 -0.094225
1250000 2.764953 -0.309835 -0.000249
1260000 2.446872 -0.242637 0.052889
1270000 2.127936 -0.144883 -0.015330
1280000 1.926736 -0.100978 -0.022951
1290000 2.042003 -0.129428 0.091296
1300000 1.754890 -0.207043 0.006766
1310000 2.244903 -0.182262 -0.038351
1320000 2.423978 -0.175157 0.013307
1330000 3.413808 -0.188796 -0.027961
1340000 3.688365 -0.314090 -0.049081
1350000 4.313554 -0.261992 0.112757
1360000 4.590500 -0.137389 -0.020002
1370000 4.354714 -0.144525 -0.020010
1380000 4.888993 -0.202390 -0.031106
1390000 3.827269 -0.183120 0.013353
1400000 4.343096 -0.127698 0.072233
1410000 3.177000 -0.282678 -0.114801
1420000 3.380366 -0.160270 -0.123182
1430000 3.199644 -0.195055 0.122032
1440000 3.957032 -0.074274 -0.025034
1450000 4.809606 -0.168680 0.003061
1460000 4.782258 -0.184729 -0.105446
1470000 3.595928 -0.196282 -0.117236
1480000 2.291283 -0.153748 -0.065329
1490000 2.499164 -0.118362 -0.124139
1500000 3.207340 -0.240332 0.072041
1510000 3.674568 -0.125062 0.043529
1520000 4.659686 -0.173908 0.060574
1530000 4.870603 -0.231681 -0.148359
1540000 4.826792 -0.226723 -0.096991
1550000 4.685810 -0.057285 0.077484
1560000 4.342860 -0.146510 -0.197069
1570000 4.104804 -0.210228 -0.181083
1580000 3.562796 -0.282083 0.001016
1590000 3.584109 -0.190432 0.139322
1600000 2.628576 -0.147428 -0.069982
1610000 2.227502 -0.179161 0.061204
1620000 1.527724 -0.223044 -0.046878
1630000 1.691423 -0.151488 0.120558
1640000 1.808829 -0.105926 0.037103
1650000 2.595506 -0.120092 0.065040
1660000 3.064231 -0.085821 -0.003399
1670000 2.568278 -0.230577 -0.002778
1680000 2.037900 -0.135732 -0.082330
1690000 2.267112 -0.250766 -0.078996
1700000 1.914651 -0.162562 0.047510
1710000 1.754970 -0.105567 -0.064784
1720000 1.220254 -0.257635 0.062560
1730000 1.137436 -0.216130 0.059260
1740000 1.297936 -0.204245 0.039066
1750000 1.105662 -0.165608 -0.045882
1760000 1.480664 -0.180394 -0.009573
1770000 1.737129 -0.128530 -0.025374
1780000 1.632765 -0.197380 0.038021
1790000 1.560033 -0.213112 0.113099
1800000 0.909580 -0.143194 0.066113
1810000 1.098297 -0.216552 0.124047
1820000 1.364716 -0.194948 0.031604
1830000 1.411688 -0.264111 0.046540
1840000 1.126717 -0.127399 0.076160
1850000 1.578676 -0.116276 0.010110
1860000 1.892354 -0.043029 -0.056076
1870000 1.621419 -0.055187 0.022730
1880000 2.150996 -0.136617 0.089868
1890000 2.443675 -0.149118 0.124196
1900000 2.108385 -0.156649 -0.009193
1910000 3.489688 -0.126742 0.025359
1920000 3.730169 -0.256232 -0.029164
1930000 4.987043 -0.188630 -0.134119
1940000 4.246268 -0.301143 -0.014910
1950000 4.837419 -0.193966 -0.025970
1960000 3.758354 -0.227405 -0.055637
1970000 3.585926 -0.139434 -0.011168
1980000 3.384215 -0.229911 -0.014992
1990000 4.331490 -0.239570 0.055833
2000000 4.240456 -0.166588 -0.135676
2010000 4.786750 -0.120837 -0.061677
2020000 4.716146 -0.180423 -0.044076
2030000 4.868768 -0.278143 0.067683
2040000 4.672236 -0.389786 0.058684
2050000 4.277638 -0.383886 0.022976
2060000 4.690966 -0.379050 -0.027009
2070000 3.175013 -0.131399 -0.029380
2080000 3.732507 -0.232817 -0.083337
2090000 2.929526 -0.256995 -0.019159
2100000 2.673853 -0.254571 0.011451
2110000 3.798062 -0.265458 0.118463
2120000 3.988846 -0.140142 0.048548
2130000 4.010692 -0.176508 -0.018553
2140000 4.155608 -0.252555 -0.098223
2150000 3.853273 -0.248658 0.037220
2160000 3.536487 -0.293824 0.096047
2170000 3.605125 -0.158452 0.075442
2180000 2.803794 -0.112493 0.016388
2190000 3.068639 -0.207785 -0.078520
2200000 4.021351 -0.111829 -0.053633
2210000 3.956826 -0.213719 -0.049423
2220000 5.004189 -0.167907 -0.062277
2230000 4.854930 -0.143740 -0.026950
2240000 4.376842 -0.144922 -0.111794
2250000 3.719063 -0.111272 -0.092111
2260000 3.795504 -0.151520 -0.119459
2270000 3.273894 -0.160929 0.178868
2280000 2.742224 -0.182798 0.099442
2290000 1.865831 -0.251926 0.004688
2300000 2.652487 -0.265615 0.091802
2310000 2.245181 -0.244101 -0.068331
2320000 2.253311 -0.269074 0.110140
2330000 3.623251 -0.292088 -0.003762
2340000 3.783819 -0.354457 -0.015076
2350000 4.698952 -0.082230 0.000410
2360000 4.925075 -0.201397 0.001531
2370000 3.920256 -0.248817 -0.034973
2380000 3.942982 -0.249553 0.104973
2390000 3.477441 -0.181848 -0.121941
2400000 3.693937 -0.240560 0.022759
2410000 4.401511 -0.216557 -0.080311
2420000 3.478166 -0.215275 -0.030568
2430000 3.157503 -0.147929 0.042031
2440000 3.720530 -0.116439 -0.064033
2450000 3.386021 -0.093768 -0.057638
2460000 4.503368 -0.044927 -0.086777
2470000 4.102519 -0.103447 0.173145
2480000 2.501535 -0.314641 -0.126328
2490000 1.829640 -0.189552 -0.002765
2500000 2.290053 -0.099209 0.072997
2510000 1.710794 -0.123569 0.064177
2520000 1.816961 -0.094757 -0.014959
2530000 2.075373 -0.147417 0.054616
2540000 1.879591 -0.223297 -0.026921
2550000 1.784990 -0.297558 0.014702
2560000 2.691455 -0.283235 0.146079
2570000 2.295811 -0.077231 0.004979
2580000 2.608127 -0.202619 -0.064933
2590000 2.992704 -0.201665 -0.052776
2600000 2.329627 -0.112385 0.121419
2610000 2.653193 -0.300705 -0.020923
2620000 2.779824 -0.062865 -0.068484
2630000 2.223267 -0.301507 0.071467
2640000 1.652391 -0.255805 0.054605
2650000 1.684280 -0.204478 -0.090418
2660000 1.436170 -0.052243 0.086911
2670000 1.221730 -0.128311 -0.024480
2680000 1.304630 -0.242394 0.022124
2690000 1.295081 -0.261173 -0.074836
2700000 1.314814 -0.256680 0.086763
2710000 0.837857 -0.145031 0.117175
2720000 0.846226 -0.241705 -0.125687
2730000 0.896588 -0.194185 -0.042657
2740000 0.819557 -0.127648 -0.007002
2750000 0.794086 -0.235860 0.013992
2760000 0.982760 -0.018539 -0.134510
2770000 0.937854 -0.239300 0.113424
2780000 1.139095 -0.271381 -0.082972
2790000 1.098660 -0.151494 -0.028863
2800000 1.075630 -0.112308 0.038851
2810000 1.378814 -0.146215 0.046091
2820000 1.498723 -0.203132 -0.045274
2830000 1.381435 -0.092043 0.043057
2840000 1.653100 -0.216312 -0.029019
2850000 1.736446 -0.119377 -0.060379
2860000 1.802929 -0.297086 0.023255
2870000 2.385086 -0.142154 -0.032660
2880000 2.583820 -0.050357 -0.084388
2890000 3.063177 -0.168351 -0.003923
2900000 4.752420 -0.137617 0.060532
2910000 4.916104 -0.215170 -0.000505
2920000 4.583258 -0.337633 -0.007322
2930000 4.819663 -0.169868 0.057309
2940000 4.429834 -0.261689 0.001791
2950000 4.713700 -0.131172 0.054860
2960000 4.990660 -0.178479 -0.053810
2970000 4.552897 -0.182584 0.129508
2980000 4.563358 -0.261460 0.025067
2990000 4.953715 -0.316708 0.075763
3000000 3.779066 -0.166727 0.081464
3010000 3.938565 -0.223998 -0.041443
3020000 3.140025 -0.282905 0.093807
3030000 2.715794 -0.135631 -0.001071
3040000 3.482497 -0.149013 0.020680
3050000 2.891837 -0.058111 0.007171
3060000 2.461919 -0.252857 0.086820
3070000 2.619414 -0.251334 0.039344
3080000 2.607087 -0.115247 -0.037764
3090000 3.376140 -0.200163 0.020199
3100000 2.661827 -0.148431 0.001679
3110000 3.323544 -0.197824 0.169909
3120000 3.685811 -0.131908 0.070419
3130000 4.388088 -0.089139 0.073090
3140000 4.256582 -0.182962 -0.012604
3150000 4.272012 -0.267778 0.075756
3160000 3.659847 -0.001165 0.003678
3170000 4.333081 -0.230646 -0.099474
3180000 4.258723 -0.109598 0.032845
3190000 4.010610 -0.065970 -0.008432
3200000 4.175754 -0.168540 -0.055767
3210000 3.817070 -0.129464 -0.004973
3220000 3.394767 -0.203153 0.060893
3230000 2.833705 -0.297117 -0.014514
3240000 2.286519 -0.242146 -0.062689
3250000 3.306250 -0.030172 -0.057613
3260000 3.998478 -0.214882 -0.067707
3270000 3.100803 -0.302634 0.057328
3280000 3.930593 -0.197456 0.123746
3290000 4.819401 -0.298095 -0.002327
3300000 4.582577 -0.213736 0.081762
3310000 4.958608 -0.174158 0.007449
3320000 4.482427 -0.299447 0.102402
3330000 3.049318 -0.205880 -0.010318
3340000 2.223862 0.050581 0.060206
3350000 1.888417 -0.137595 0.143494
3360000 2.051276 -0.229299 0.052292
3370000 2.219150 -0.229658 0.015586
3380000 1.929383 -0.080075 -0.082793
3390000 2.479670 -0.238718 -0.023066
3400000 2.308437 -0.192059 -0.048779
3410000 2.693239 -0.116745 -0.040970
3420000 2.732997 -0.254772 -0.024737
3430000 2.986062 -0.232407 -0.016684
3440000 3.606841 -0.193861 -0.049963
3450000 4.170162 -0.214410 0.058479
3460000 4.529124 -0.278909 -0.005336
3470000 4.113906 -0.102195 -0.099436
3480000 3.525783 -0.278022 -0.111327
3490000 3.169091 -0.075800 -0.071426
3500000 3.399377 -0.260423 -0.036258
3510000 3.927637 -0.175527 -0.039740
3520000 4.463185 -0.162323 0.024158
3530000 4.255625 -0.082531 0.092957
3540000 4.772505 -0.092921 0.064283
3550000 4.897790 -0.099712 0.032703
3560000 4.585131 -0.200803 -0.094678
3570000 2.510620 -0.170254 -0.133900
3580000 2.758980 -0.189473 0.166495
3590000 2.933964 -0.270751 0.024789
3600000 2.372442 -0.196846 0.079648
3610000 2.266910 -0.198712 -0.066814
3620000 2.281526 -0.245101 -0.008779
3630000 2.714956 -0.174000 -0.108451
3640000 3.409593 -0.156721 0.134349
3650000 3.741485 -0.145453 0.105376
3660000 3.143899 -0.178133 -0.009818
3670000 3.067834 -0.187481 -0.058350
3680000 4.121587 -0.295548 0.090072
3690000 3.451349 -0.159887 0.092409
3700000 3.374942 -0.264215 -0.033582
3710000 3.979907 -0.197461 0.098692
3720000 4.475194 -0.252232 -0.065343
3730000 4.184994 -0.135927 0.106793
3740000 3.499940 -0.199968 0.023484
3750000 2.989339 -0.119985 -0.017154
3760000 2.837499 -0.237707 0.171494
3770000 2.381160 -0.262275 -0.161306
3780000 1.854739 -0.257304 -0.031488
3790000 1.441180 -0.112785 -0.030755
3800000 1.408538 -0.205774 0.029121
3810000 1.664062 -0.226511 -0.007096
3820000 1.563206 -0.229708 -0.039362
3830000 1.825812 -0.195182 0.018383
3840000 1.629541 -0.034309 -0.041747
3850000 1.192846 -0.133452 0.056283
