100000 4.162372 -0.053980 -0.753554
110000 3.920522 -0.081312 -0.662964
120000 4.432450 -0.188160 -0.716967
130000 4.999022 -0.170171 -0.731654
140000 4.176360 -0.119650 -0.663269
150000 2.537239 -0.222657 -0.552316
160000 1.458552 -0.161957 -0.572602
170000 0.892746 -0.164639 -0.852309
180000 1.806836 -0.133253 -0.682554
190000 2.333035 -0.113253 -0.687570
200000 1.992073 -0.151043 -0.591542
210000 2.597675 -0.178881 -0.636419
220000 2.547186 -0.217238 -0.634671
230000 3.311692 -0.218349 -0.626435
240000 3.261564 -0.214661 -0.692055
250000 4.007967 -0.108722 -0.660824
260000 3.514187 -0.141852 -0.716459
270000 4.844019 -0.311749 -0.640409
280000 4.546457 -0.118026 -0.580059
290000 3.803683 -0.166150 -0.620658
300000 4.368932 -0.197508 -0.503577
310000 2.763281 -0.126611 -0.705309
320000 2.251595 -0.172307 -0.605002
330000 1.461896 -0.064555 -0.885921
340000 0.946989 -0.103881 -0.882520
350000 1.320367 -0.216883 -0.681340
360000 1.663779 -0.127217 -0.693278
370000 1.825536 -0.248819 -0.732226
380000 1.801402 -0.141440 -0.603856
390000 1.316607 -0.093116 -0.673459
400000 0.782502 -0.128087 -0.630969
410000 1.400292 -0.089934 -0.613246
420000 1.359550 -0.224452 -0.594658
430000 2.279853 -0.096789 -0.558859
440000 2.791019 -0.051547 -0.744783
450000 3.570693 -0.101793 -0.727016
460000 4.418847 -0.169648 -0.696966
470000 3.903699 -0.262034 -0.734928
480000 3.085014 -0.112982 -0.599410
490000 2.784624 -0.186082 -0.646817
500000 2.484822 -0.188902 -0.771396
510000 1.980983 -0.225871 -0.733983
520000 2.326614 -0.197879 -0.791264
530000 2.547974 -0.215555 -0.749520
540000 3.539189 -0.199440 -0.636126
550000 4.481748 -0.222992 -0.752307
560000 4.686699 -0.222998 -0.743720
570000 3.553436 -0.191918 -0.632538
580000 3.013001 -0.259864 -0.634373
590000 4.013585 -0.202441 -0.796019
600000 3.208376 -0.244797 -0.625865
610000 4.537112 -0.151128 -0.717115
620000 4.965803 -0.087558 -0.766347
630000 4.349252 -0.197275 -0.638744
640000 3.906689 -0.151960 -0.713068
650000 2.917796 -0.220671 -0.644129
660000 2.877820 -0.096199 -0.751737
670000 2.022688 -0.299032 -0.701398
680000 2.463873 -0.143019 -0.708998
690000 3.129797 -0.104221 -0.606706
700000 3.006419 -0.055949 -0.647539
710000 4.224220 -0.351046 -0.664559
720000 4.921016 -0.282504 -0.581104
730000 4.863557 -0.137037 -0.847715
740000 3.730315 -0.147725 -0.667983
750000 2.663879 -0.172811 -0.786485
760000 3.862037 -0.204374 -0.551087
770000 4.355190 -0.069195 -0.651381
780000 4.957573 -0.204317 -0.749625
790000 4.937618 -0.204812 -0.673890
800000 3.908400 -0.152678 -0.664713
810000 2.518288 -0.182381 -0.766991
820000 1.495848 -0.043968 -0.689307
830000 1.485744 -0.109106 -0.699399
840000 1.840511 -0.199111 -0.600552
850000 2.077409 -0.062424 -0.689828
860000 1.945405 -0.254108 -0.737051
870000 1.792115 -0.188217 -0.820100
880000 2.437228 -0.145788 -0.726118
890000 2.877154 -0.202681 -0.569547
900000 2.586812 -0.265828 -0.677288
910000 2.316290 -0.188747 -0.683877
920000 3.782534 -0.179361 -0.747480
930000 4.520736 -0.224040 -0.636856
940000 3.707702 -0.145554 -0.645227
950000 3.150230 -0.390564 -0.714713
960000 2.698542 -0.122517 -0.779386
970000 2.291563 -0.188877 -0.675979
980000 2.053768 -0.142785 -0.732012
990000 1.840671 -0.181071 -0.814115
1000000 2.230268 -0.238549 -0.833721
1010000 0.810857 -0.137142 -0.716805
1020000 0.824938 -0.415017 -0.607433
1030000 1.319427 -0.300333 -0.707656
1040000 1.027977 -0.177152 -0.698108
1050000 1.206038 -0.164961 -0.633356
1060000 1.353400 -0.199755 -0.617427
1070000 1.329419 -0.159854 -0.838990
1080000 0.854529 -0.179191 -0.598008
1090000 0.901835 -0.216338 -0.619900
1100000 1.149393 -0.149217 -0.612913
1110000 1.456036 -0.106205 -0.665120
1120000 1.607288 -0.217658 -0.823493
1130000 1.712105 -0.178314 -0.672508
1140000 1.973391 -0.113230 -0.607247
1150000 2.293279 -0.048701 -0.705272
1160000 1.527607 -0.326611 -0.760129
1170000 1.738941 -0.254573 -0.791273
1180000 1.889692 -0.044170 -0.749236
1190000 2.752335 -0.205769 -0.674678
1200000 3.754694 -0.043028 -0.796143
1210000 4.740652 -0.064756 -0.611206
1220000 4.641125 -0.150482 -0.568789
1230000 4.821286 -0.195845 -0.706344
1240000 3.497230 -0.034985 -0.535275
1250000 3.374951 -0.028765 -0.695707
1260000 4.042088 -0.193991 -0.662565
1270000 3.991848 -0.226680 -0.596452
1280000 3.940423 -0.156024 -0.698019
1290000 3.524458 -0.195597 -0.710483
1300000 2.945528 -0.302916 -0.715271
1310000 2.429346 -0.123184 -0.806873
1320000 2.345107 -0.301277 -0.656593
1330000 3.292571 -0.041839 -0.628556
1340000 2.607836 -0.116354 -0.668943
1350000 2.776473 -0.261420 -0.625948
1360000 2.141110 -0.187891 -0.652815
1370000 3.126235 -0.049592 -0.788984
1380000 2.804083 -0.093627 -0.652482
1390000 1.780137 -0.218334 -0.839648
1400000 2.313534 -0.359441 -0.772737
1410000 3.014164 -0.114072 -0.711827
1420000 3.482896 -0.186304 -0.734834
1430000 3.848288 -0.103226 -0.752883
1440000 4.270698 -0.252894 -0.646338
1450000 4.475908 -0.182482 -0.644991
1460000 4.905614 -0.027728 -0.633200
1470000 4.919190 -0.182504 -0.511619
1480000 4.655123 -0.232241 -0.648973
1490000 3.911045 -0.142289 -0.702060
1500000 2.968035 -0.274698 -0.695759
1510000 3.509846 -0.085144 -0.770055
1520000 4.378702 -0.190702 -0.722691
1530000 4.203779 -0.079506 -0.644506
1540000 4.983696 -0.153194 -0.549819
1550000 4.635860 -0.369079 -0.626652
1560000 4.723069 -0.146119 -0.676963
1570000 3.471321 -0.085007 -0.771394
1580000 2.846349 -0.184244 -0.619123
1590000 2.915493 -0.236171 -0.688431
1600000 3.151306 -0.225243 -0.566041
1610000 4.141483 -0.162273 -0.790606
1620000 4.575581 -0.127179 -0.780389
1630000 4.667361 -0.210958 -0.825737
1640000 3.531426 -0.137687 -0.686007
1650000 3.480756 -0.130378 -0.677150
1660000 3.449415 -0.166397 -0.702565
1670000 4.310787 -0.225070 -0.749622
1680000 4.009610 -0.165457 -0.721898
1690000 4.113894 -0.239552 -0.683854
1700000 3.949359 -0.256384 -0.656384
1710000 4.651898 -0.294763 -0.816358
1720000 4.080141 -0.220750 -0.687544
1730000 3.470759 -0.057025 -0.633527
1740000 4.233526 -0.327188 -0.613152
1750000 4.536286 -0.153434 -0.675196
1760000 4.834743 -0.057621 -0.679718
1770000 4.878605 -0.063360 -0.644578
1780000 4.492571 -0.116115 -0.653288
1790000 4.566452 -0.097471 -0.687731
1800000 3.973310 -0.237918 -0.684386
1810000 2.987338 -0.079924 -0.866410
1820000 2.908978 -0.021333 -0.616705
1830000 2.101756 -0.227684 -0.676762
1840000 1.443326 -0.132739 -0.783682
1850000 1.585341 -0.175863 -0.783318
1860000 2.153420 -0.076597 -0.671282
1870000 2.558183 -0.144648 -0.666371
1880000 2.037012 -0.177890 -0.707670
1890000 2.476802 -0.170199 -0.706758
1900000 2.858119 -0.150703 -0.689568
1910000 2.294861 -0.200679 -0.639274
1920000 1.438118 -0.123663 -0.733781
1930000 1.627750 -0.114553 -0.694911
1940000 1.216661 -0.270340 -0.744152
1950000 1.302568 -0.239638 -0.742625
1960000 1.273300 -0.253348 -0.592367
1970000 0.743212 -0.162231 -0.611959
1980000 0.728619 -0.156947 -0.750353
1990000 0.954879 -0.195697 -0.696585
2000000 0.857991 -0.242303 -0.774773
2010000 0.685105 -0.078633 -0.741310
2020000 0.499503 -0.257296 -0.702262
2030000 0.790879 -0.351151 -0.794107
2040000 0.979084 -0.083820 -0.579143
2050000 1.041757 -0.222370 -0.653742
2060000 1.053291 -0.261652 -0.682676
2070000 1.055957 -0.245410 -0.606158
2080000 0.813993 -0.060729 -0.540700
2090000 1.210320 -0.093954 -0.646151
2100000 1.238229 -0.181002 -0.685509
2110000 1.407039 -0.169393 -0.714192
2120000 1.989118 -0.030292 -0.587139
2130000 1.893440 -0.211846 -0.730827
2140000 2.074598 -0.195309 -0.663296
2150000 1.879276 -0.235045 -0.662735
2160000 1.811417 -0.190471 -0.575919
2170000 1.577004 -0.173092 -0.638617
2180000 1.635048 -0.248023 -0.804138
2190000 1.379741 -0.214115 -0.531604
2200000 1.530187 -0.047371 -0.802951
2210000 1.571992 -0.221498 -0.814494
2220000 1.821651 -0.191402 -0.713160
2230000 1.160276 -0.231095 -0.728467
2240000 1.349471 -0.243532 -0.806442
2250000 1.322224 -0.143428 -0.664541
2260000 1.799552 -0.344412 -0.855919
2270000 2.241353 -0.205020 -0.635608
2280000 2.827911 -0.242972 -0.748729
2290000 3.168714 -0.296164 -0.754284
2300000 3.481282 -0.153713 -0.873989
2310000 3.072915 -0.198931 -0.716280
2320000 3.217186 -0.208859 -0.573328
2330000 3.794471 -0.154197 -0.593937
2340000 3.137326 -0.206163 -0.608057
2350000 3.498862 -0.152112 -0.545308
2360000 4.387807 -0.147455 -0.799784
2370000 4.577014 -0.132111 -0.735510
2380000 4.614139 -0.122683 -0.726722
2390000 3.450746 -0.190912 -0.613009
2400000 2.545051 -0.186977 -0.731720
2410000 2.715481 -0.088173 -0.552472
2420000 3.280670 -0.220809 -0.653783
2430000 3.518474 -0.150168 -0.684539
2440000 3.547584 -0.182643 -0.621896
2450000 3.796744 -0.196543 -0.730280
2460000 3.764246 -0.114548 -0.795558
2470000 4.629890 -0.250884 -0.801924
2480000 4.619523 -0.212640 -0.712844
2490000 3.737571 -0.220911 -0.685506
2500000 4.871010 -0.205007 -0.727871
2510000 4.916414 -0.115786 -0.806119
2520000 4.476691 -0.138381 -0.798388
2530000 4.433660 -0.211544 -0.695456
2540000 4.664483 -0.185075 -0.701747
2550000 5.025775 -0.145387 -0.690772
2560000 4.827056 -0.172293 -0.818248
2570000 3.622044 -0.217785 -0.659969
2580000 3.058282 -0.304775 -0.688503
2590000 4.055600 -0.144279 -0.704652
2600000 3.536365 -0.177270 -0.716481
2610000 3.463363 -0.162766 -0.621481
2620000 2.603134 -0.295978 -0.705720
2630000 2.901971 -0.114243 -0.646030
2640000 2.640320 -0.190375 -0.694406
2650000 1.864962 -0.110174 -0.636975
2660000 2.365965 -0.242893 -0.624732
2670000 2.486592 -0.221877 -0.822675
2680000 2.993405 -0.143834 -0.689729
2690000 3.132051 -0.188870 -0.753110
2700000 2.912607 0.023004 -0.739425
2710000 3.166827 -0.231526 -0.729913
2720000 3.106334 -0.135158 -0.816044
2730000 3.635098 -0.232105 -0.682711
2740000 2.819422 -0.150291 -0.532365
2750000 3.549624 -0.118739 -0.572806
2760000 3.950491 -0.157806 -0.596040
2770000 4.658298 -0.132449 -0.719844
2780000 4.393891 -0.221696 -0.741939
2790000 4.610429 -0.111011 -0.637841
2800000 4.478658 -0.082862 -0.756657
2810000 3.890671 -0.193525 -0.677550
2820000 3.458034 -0.185653 -0.705103
2830000 2.590027 -0.052568 -0.729723
2840000 2.503771 -0.179496 -0.726914
2850000 1.659258 -0.208270 -0.657548
2860000 1.603994 -0.237218 -0.663917
2870000 1.909838 -0.043469 -0.817567
2880000 1.545836 -0.203153 -0.546576
2890000 1.599338 -0.115023 -0.766711
2900000 1.964746 -0.191952 -0.699921
2910000 1.020941 -0.180182 -0.567826
2920000 1.047189 -0.097284 -0.754574
2930000 1.195668 -0.139285 -0.835550
2940000 1.155835 -0.206843 -0.611652
2950000 0.993622 -0.174580 -0.689632
2960000 0.854340 -0.335357 -0.750011
2970000 1.285475 -0.091612 -0.763929
2980000 1.155897 -0.085804 -0.554161
2990000 1.062566 -0.218640 -0.654203
3000000 1.245831 -0.144458 -0.730775
3010000 1.193334 -0.206156 -0.638116
3020000 0.998518 -0.261460 -0.644684
3030000 0.932622 -0.191504 -0.749713
3040000 0.844416 -0.051368 -0.877857
3050000 1.479941 -0.187885 -0.672479
3060000 1.596540 -0.175197 -0.523510
3070000 1.784269 -0.025493 -0.634370
3080000 1.847381 -0.154843 -0.729086
3090000 1.482478 -0.153572 -0.615504
3100000 1.255394 -0.194869 -0.700230
3110000 1.493129 -0.130956 -0.675972
3120000 1.470019 -0.121634 -0.774426
3130000 1.187337 -0.146142 -0.568113
3140000 1.942190 -0.230455 -0.634921
3150000 2.490962 -0.242448 -0.685477
3160000 2.357497 -0.248890 -0.775401
3170000 2.579765 -0.091347 -0.775490
3180000 3.015003 -0.229893 -0.737465
3190000 2.451397 -0.059287 -0.809430
3200000 2.547868 -0.231504 -0.707550
3210000 2.670112 -0.185365 -0.627207
3220000 2.363274 -0.208141 -0.559554
3230000 3.408297 -0.208350 -0.686133
3240000 3.535540 -0.117892 -0.701526
3250000 4.862754 -0.139201 -0.754712
3260000 4.858091 -0.165749 -0.675302
3270000 5.026545 -0.175496 -0.793603
3280000 4.951157 -0.209247 -0.725653
3290000 4.486984 -0.162287 -0.543112
3300000 4.422478 -0.088936 -0.653129
3310000 4.883969 -0.136577 -0.606036
3320000 3.654902 -0.032661 -0.720314
3330000 3.542444 -0.136082 -0.633004
3340000 3.316094 -0.204010 -0.721282
3350000 3.251749 -0.245534 -0.642379
3360000 2.958374 -0.202651 -0.630437
3370000 2.879563 -0.219511 -0.756005
3380000 2.419486 -0.204540 -0.739102
3390000 2.244535 -0.164987 -0.684391
3400000 2.373653 -0.255475 -0.643089
3410000 2.104626 -0.248121 -0.715043
3420000 1.968902 -0.228043 -0.761255
3430000 1.730838 -0.264314 -0.793803
3440000 2.845300 -0.288162 -0.715471
3450000 2.212061 -0.207366 -0.649300
3460000 3.127583 -0.085219 -0.755099
3470000 3.691513 -0.169357 -0.620600
3480000 3.657717 -0.273868 -0.799222
3490000 3.832671 -0.220466 -0.565193
3500000 4.139104 -0.217226 -0.797527
3510000 4.683559 -0.166490 -0.638775
3520000 4.897553 -0.128372 -0.590151
3530000 4.428135 -0.092452 -0.677750
3540000 4.909597 -0.038344 -0.666265
3550000 4.798260 -0.149977 -0.597805
3560000 4.280963 -0.224465 -0.797716
3570000 4.698518 -0.184639 -0.704076
3580000 4.908482 -0.182034 -0.773517
3590000 4.713848 -0.183271 -0.647310
3600000 3.986413 -0.000238 -0.631551
3610000 4.741521 -0.026939 -0.676350
3620000 4.744703 -0.173944 -0.665442
3630000 4.969334 -0.251197 -0.725598
3640000 3.669072 -0.171726 -0.714151
3650000 3.938429 -0.173233 -0.738284
3660000 4.956593 -0.209088 -0.691617
3670000 4.407340 -0.111023 -0.726447
3680000 4.797981 -0.077405 -0.722975
3690000 3.294668 -0.342278 -0.652872
3700000 2.935097 -0.275975 -0.665267
3710000 2.843777 -0.160160 -0.751019
3720000 3.160214 -0.115321 -0.771699
3730000 3.099645 -0.110466 -0.536993
3740000 3.739809 -0.221653 -0.685131
3750000 2.765740 -0.227401 -0.719723
3760000 2.996711 -0.152603 -0.817776
3770000 2.324547 -0.323384 -0.791145
3780000 1.916072 -0.128046 -0.708396
3790000 1.806755 -0.198364 -0.863140
3800000 2.033166 -0.181684 -0.661125
3810000 2.629075 -0.121854 -0.651465
3820000 3.212548 -0.112787 -0.725754
3830000 3.943041 -0.162829 -0.625530
3840000 3.987113 -0.156527 -0.752258
3850000 4.504370 -0.182106 -0.772328
