100000 2.378261 -0.197942 -0.922382
110000 2.525600 -0.161286 -0.835393
120000 3.329914 -0.194371 -0.905438
130000 3.730791 -0.103023 -0.947136
140000 3.289530 -0.121077 -0.970848
150000 2.990761 -0.162904 -0.899919
160000 2.778128 -0.121128 -0.779961
170000 1.651314 -0.065391 -0.999720
180000 1.721746 -0.212452 -0.908133
190000 1.254527 -0.199874 -0.896188
200000 1.092507 -0.239763 -0.823654
210000 1.301387 -0.161663 -0.889340
220000 1.370216 -0.140112 -0.840121
230000 1.019737 -0.121881 -0.829374
240000 1.165343 -0.196884 -0.830652
250000 1.726971 -0.080126 -0.941731
260000 0.711420 -0.086557 -0.907996
270000 0.992754 -0.214299 -0.916468
280000 1.274965 -0.141591 -0.893021
290000 1.791215 -0.202895 -1.030627
300000 1.920446 -0.190286 -0.893144
310000 2.162183 -0.219778 -0.810278
320000 2.741833 -0.121494 -0.905184
330000 3.431058 -0.249656 -0.835483
340000 3.903305 -0.168687 -0.993884
350000 4.676328 -0.126495 -0.906240
360000 3.405165 -0.228089 -0.919516
370000 3.519181 -0.123303 -0.888666
380000 4.269013 -0.246148 -0.963751
390000 4.896123 -0.189794 -0.841362
400000 4.275750 -0.208514 -0.728786
410000 3.673414 -0.219670 -0.926871
420000 2.955764 -0.219553 -0.925312
430000 2.425215 -0.059891 -0.826010
440000 2.025890 -0.140518 -0.930017
450000 2.399170 -0.186581 -0.884520
460000 2.252295 -0.201343 -0.821561
470000 1.636968 -0.215016 -0.854532
480000 1.494615 -0.253917 -0.942709
490000 1.869140 -0.111750 -0.844005
500000 2.204791 -0.130110 -0.865952
510000 3.521606 -0.198970 -0.916280
520000 4.449693 -0.268195 -0.940978
530000 3.647204 -0.241438 -0.861145
540000 3.047026 -0.230917 -0.787772
550000 2.605721 -0.281749 -0.875757
560000 2.296149 -0.088734 -0.984250
570000 3.382131 -0.160233 -0.897999
580000 3.850718 -0.099098 -0.892750
590000 4.641429 -0.205652 -0.797009
600000 4.567840 -0.147697 -0.816990
610000 4.042863 -0.006995 -0.894958
620000 3.175755 -0.166283 -0.955324
630000 3.179411 -0.110182 -0.972505
640000 3.332312 -0.199451 -0.876291
650000 4.089285 -0.153081 -1.010107
660000 4.447603 -0.163713 -0.815176
670000 4.610983 -0.037488 -0.820958
680000 4.795443 -0.229845 -0.876157
690000 4.315198 -0.198148 -0.883922
700000 4.102893 -0.322312 -0.952433
710000 3.249749 -0.220257 -0.893412
720000 1.684675 -0.145885 -0.921923
730000 1.479901 -0.152429 -0.908994
740000 1.931791 -0.207963 -0.852462
750000 1.568225 -0.118867 -0.744782
760000 2.084719 -0.168526 -0.797377
770000 1.980053 -0.209754 -0.914053
780000 2.221002 -0.220426 -0.844906
790000 2.263942 -0.102259 -0.899076
800000 2.403811 -0.201585 -0.955986
810000 3.354357 -0.181868 -0.838667
820000 3.350099 -0.189033 -0.807207
830000 2.782240 -0.063158 -0.876281
840000 2.653153 -0.163293 -0.808973
850000 2.770887 -0.083893 -0.683696
860000 4.121805 -0.220309 -0.738125
870000 4.197449 -0.112982 -0.845936
880000 4.530958 -0.174614 -0.933554
890000 4.802564 -0.134615 -0.806928
900000 4.418334 -0.224684 -0.766595
910000 4.301129 -0.246970 -0.979882
920000 4.410991 -0.235378 -0.922182
930000 4.919063 -0.093838 -0.785495
940000 4.077275 -0.124013 -0.753777
950000 3.413118 -0.064802 -0.865207
960000 4.338640 -0.097500 -0.890483
970000 3.327142 -0.271916 -0.913533
980000 2.640369 -0.027492 -0.917354
990000 2.331778 -0.156179 -1.045765
1000000 2.971876 -0.219214 -0.854905
1010000 3.304605 -0.245168 -0.823020
1020000 2.498964 -0.221723 -0.806399
1030000 2.016181 -0.219390 -0.988308
1040000 1.246632 -0.230414 -0.986324
1050000 0.854588 -0.224803 -0.841964
1060000 1.341905 -0.235998 -0.911720
1070000 0.914033 -0.185491 -0.769421
1080000 1.139508 -0.207964 -0.856159
1090000 1.468918 -0.101838 -0.896041
1100000 0.707209 -0.197488 -0.870271
1110000 1.028485 -0.145254 -0.844146
1120000 0.585809 -0.080822 -0.817092
1130000 0.896434 -0.220855 -1.038375
1140000 1.671419 -0.147362 -0.836345
1150000 1.474031 -0.235676 -0.734833
1160000 1.267463 -0.159029 -0.866617
1170000 1.723413 -0.151159 -0.804746
1180000 1.823999 -0.220086 -0.860558
1190000 1.865504 -0.134668 -0.832131
1200000 2.233477 -0.289318 -0.914343
1210000 2.655232 -0.268516 -0.805966
1220000 3.245459 -0.284906 -0.864019
1230000 3.532913 -0.232935 -0.891367
1240000 4.310229 -0.045038 -0.837464
1250000 4.193494 -0.316417 -0.809361
1260000 4.141577 -0.212889 -0.921113
1270000 4.931729 -0.184659 -0.867568
1280000 4.472969 -0.286336 -0.840134
1290000 4.139508 -0.202396 -0.860620
1300000 3.528617 -0.257201 -0.885747
1310000 3.886652 -0.214136 -0.848206
1320000 3.447611 -0.138889 -0.771262
1330000 2.726300 -0.162825 -0.889664
1340000 2.441661 -0.089110 -0.863812
1350000 1.971981 -0.137440 -0.926498
1360000 2.395923 -0.264824 -0.774223
1370000 2.394033 -0.287044 -0.848041
1380000 2.440426 -0.073246 -0.905034
1390000 1.714370 -0.075518 -0.865396
1400000 1.694908 -0.160981 -0.800197
1410000 1.379934 -0.169791 -0.839915
1420000 0.932956 -0.119119 -0.906646
1430000 0.991064 -0.264413 -0.947281
1440000 0.802287 -0.268748 -0.947472
1450000 0.709668 -0.199269 -0.806119
1460000 1.008224 -0.194726 -0.988084
1470000 1.325189 -0.242489 -0.876412
1480000 1.405168 -0.150168 -0.942447
1490000 2.034735 -0.107613 -0.924414
1500000 1.686680 -0.173385 -0.834527
1510000 2.827150 -0.200536 -0.829417
1520000 3.007066 -0.158350 -0.958238
1530000 4.940108 -0.221763 -0.872570
1540000 4.881669 -0.211778 -0.857631
1550000 3.948562 -0.219563 -0.876709
1560000 4.626988 -0.265866 -0.899273
1570000 4.856231 -0.188679 -0.939693
1580000 4.808342 -0.089361 -0.840299
1590000 5.004832 -0.122409 -0.926027
1600000 4.830974 -0.253742 -1.009637
1610000 4.234156 -0.246177 -0.975249
1620000 3.428541 -0.224775 -0.927055
1630000 3.301154 -0.169741 -0.877950
1640000 2.914568 -0.167530 -0.873880
1650000 2.189146 -0.199657 -0.866634
1660000 1.968015 -0.168042 -1.043182
1670000 1.813594 -0.173543 -0.764779
1680000 1.215588 -0.248436 -0.940793
1690000 1.375174 -0.331353 -0.917683
1700000 1.152066 -0.043887 -0.825206
1710000 1.712932 -0.206095 -0.959642
1720000 2.004100 -0.240740 -0.930004
1730000 2.028933 -0.118720 -0.867147
1740000 3.058275 -0.249463 -0.795843
1750000 2.634599 -0.079941 -0.836556
1760000 3.554243 -0.201018 -0.796106
1770000 3.557520 -0.221631 -0.812290
1780000 4.001102 -0.265600 -0.869372
1790000 4.125465 -0.246292 -0.986628
1800000 4.281035 -0.235854 -0.884237
1810000 4.663675 -0.099610 -1.003425
1820000 4.543873 -0.230875 -0.820484
1830000 4.350394 -0.170066 -0.916712
1840000 4.313796 -0.169224 -0.935771
1850000 4.363199 -0.295326 -0.874008
1860000 4.382556 -0.065788 -0.838890
1870000 3.105234 -0.099398 -0.956181
1880000 4.090192 -0.074724 -0.746292
1890000 3.520907 -0.300717 -1.060098
1900000 4.607774 -0.134748 -0.984196
1910000 3.369778 -0.362323 -0.901246
1920000 2.740903 -0.156406 -0.877040
1930000 3.243321 -0.267795 -0.951933
1940000 3.027872 -0.121929 -0.902159
1950000 2.466342 -0.091743 -0.847194
1960000 2.245546 -0.002242 -0.950692
1970000 2.378967 -0.259160 -0.903106
1980000 2.433059 -0.205609 -0.984568
1990000 3.142099 -0.122054 -0.938984
2000000 4.051512 -0.160713 -0.827813
2010000 2.585424 -0.221417 -0.909042
2020000 2.026202 -0.114928 -0.947756
2030000 2.085660 -0.104293 -0.922984
2040000 2.331159 -0.181494 -1.069420
2050000 2.913608 -0.241344 -0.868888
2060000 3.707517 -0.163348 -0.836395
2070000 4.041851 -0.165412 -0.952616
2080000 4.374461 -0.086140 -0.897571
2090000 3.956706 -0.282495 -0.829309
2100000 4.802860 -0.129346 -0.879148
2110000 4.493338 -0.066712 -0.766738
2120000 4.112567 -0.205525 -0.890613
2130000 4.504288 -0.098134 -0.830228
2140000 3.363253 -0.214499 -0.890729
2150000 3.156265 -0.179425 -0.862830
2160000 2.270726 -0.166128 -0.899645
2170000 3.004675 -0.306443 -0.993188
2180000 3.398195 -0.131946 -0.966204
2190000 4.033095 -0.143405 -0.855655
2200000 3.423716 -0.131002 -0.848179
2210000 3.699227 -0.157582 -0.901821
2220000 2.742438 -0.202528 -0.974923
2230000 2.295905 -0.175935 -0.716944
2240000 1.772803 -0.208640 -0.925275
2250000 1.528771 -0.209742 -0.847407
2260000 1.684120 -0.186699 -0.785361
2270000 1.606035 -0.216386 -0.889208
2280000 1.509329 -0.144536 -0.907512
2290000 1.352563 -0.269656 -0.859457
2300000 1.006996 -0.132913 -0.853061
2310000 1.253740 -0.223764 -0.829810
2320000 1.081187 -0.070479 -0.902531
2330000 1.350427 -0.365046 -0.957005
2340000 0.996033 -0.294783 -0.775941
2350000 1.224106 -0.277263 -0.875838
2360000 1.441714 -0.204848 -0.859156
2370000 1.049015 -0.112880 -0.836407
2380000 1.359512 -0.231243 -0.858113
2390000 1.258193 -0.082682 -0.944176
2400000 1.540653 -0.264272 -0.829563
2410000 1.427629 -0.216609 -0.794503
2420000 1.053042 -0.178851 -0.838858
2430000 0.779402 -0.130082 -0.815812
2440000 0.871654 -0.296447 -0.677918
2450000 1.074949 -0.212755 -0.831406
2460000 1.180725 -0.142496 -0.914672
2470000 1.097495 -0.094226 -0.958422
2480000 1.890291 -0.260532 -0.902839
2490000 1.619713 -0.317728 -0.894388
2500000 2.007600 -0.187878 -0.814476
2510000 2.301028 -0.276894 -0.921613
2520000 2.431968 -0.131427 -0.970185
2530000 2.720082 -0.137791 -0.974075
2540000 3.785027 -0.229296 -0.915257
2550000 4.247722 -0.142460 -0.863941
2560000 4.377905 -0.194827 -0.818572
2570000 3.768879 -0.161939 -1.003857
2580000 3.641852 -0.190872 -1.042361
2590000 4.278787 -0.219260 -0.903983
2600000 4.401621 -0.131855 -0.834876
2610000 4.220061 -0.084575 -0.828906
2620000 4.886433 -0.190332 -0.918130
2630000 4.504066 -0.236312 -0.958201
2640000 4.543051 -0.155200 -0.846154
2650000 4.447857 -0.290539 -0.870607
2660000 5.039147 -0.293990 -1.043042
2670000 4.000452 -0.146919 -0.881293
2680000 3.345432 -0.129299 -0.907822
2690000 2.778397 -0.238338 -0.931472
2700000 2.705641 -0.169636 -0.930901
2710000 3.440918 -0.222413 -0.873982
2720000 4.531557 -0.076200 -0.868207
2730000 3.271275 -0.253107 -0.840123
2740000 3.327564 -0.101406 -0.931439
2750000 3.759191 -0.300436 -0.879322
2760000 2.429011 -0.163673 -0.959458
2770000 1.872001 -0.133073 -0.875471
2780000 1.855231 -0.271291 -0.973582
2790000 1.630549 -0.221961 -0.869899
2800000 1.927952 -0.199252 -0.802060
2810000 2.114190 -0.120414 -0.909352
2820000 2.279079 -0.354655 -0.828110
2830000 2.243221 -0.142703 -0.937504
2840000 1.553909 -0.137136 -0.929706
2850000 1.399604 -0.195338 -0.788659
2860000 1.672075 -0.144010 -0.890438
2870000 1.808278 -0.165230 -0.993012
2880000 2.012457 -0.274347 -0.971960
2890000 2.895082 -0.243913 -0.797571
2900000 3.243846 -0.184729 -0.780248
2910000 4.216706 -0.105440 -0.830054
2920000 3.454206 -0.156483 -0.942687
2930000 3.353152 -0.237602 -0.943012
2940000 3.642528 -0.245385 -0.936353
2950000 4.275423 -0.137388 -0.874950
2960000 4.669736 -0.260540 -0.820043
2970000 4.934971 -0.217499 -0.741625
2980000 5.005500 -0.175014 -0.876913
2990000 4.912592 -0.160516 -0.914642
3000000 3.704114 -0.162609 -0.805785
3010000 2.768907 -0.068700 -0.947835
3020000 2.586666 -0.104306 -0.900643
3030000 2.423424 -0.323362 -0.817606
3040000 2.680238 -0.073249 -0.814842
3050000 3.372050 -0.169969 -0.877184
3060000 4.060641 -0.149821 -1.005222
3070000 4.916527 -0.097179 -0.898962
3080000 3.798759 -0.239729 -1.015477
3090000 5.033386 -0.210341 -0.862355
3100000 4.103722 -0.194477 -0.845023
3110000 4.276761 -0.209854 -0.853372
3120000 5.034621 -0.224083 -0.852753
3130000 4.654146 -0.216340 -0.786144
3140000 4.746610 -0.165248 -0.900085
3150000 3.392389 -0.138196 -0.890645
3160000 3.304974 -0.135353 -0.710407
3170000 3.961070 -0.058364 -0.895097
3180000 4.365395 -0.322676 -0.949751
3190000 4.721667 -0.222612 -0.813679
3200000 4.899894 -0.078501 -0.754919
3210000 3.977785 -0.140249 -0.857904
3220000 3.066170 -0.267812 -0.781261
3230000 2.969014 -0.103968 -0.790529
3240000 3.577717 -0.119236 -0.861612
3250000 3.509531 -0.148460 -0.787505
3260000 4.919572 -0.133945 -0.828365
3270000 4.996158 -0.187617 -0.941664
3280000 4.600555 -0.287574 -1.028179
3290000 4.253787 -0.120352 -0.791276
3300000 3.723784 -0.201968 -0.790717
3310000 3.206337 -0.261496 -0.938184
3320000 2.474135 -0.303340 -0.846520
3330000 2.158458 -0.093931 -0.950169
3340000 2.571389 -0.211897 -0.884041
3350000 2.470716 -0.217015 -0.862141
3360000 2.020214 -0.079696 -0.963231
3370000 1.702032 -0.239174 -0.860334
3380000 1.454567 -0.175836 -0.851588
3390000 1.747863 -0.205767 -0.917927
3400000 1.988043 -0.131515 -0.824007
3410000 1.960027 -0.128554 -0.807622
3420000 1.658546 -0.129960 -0.920771
3430000 1.547899 -0.207688 -0.884523
3440000 1.707927 -0.093134 -0.938302
3450000 1.485427 -0.094438 -0.853028
3460000 1.483306 -0.239519 -0.944045
3470000 1.472708 -0.213522 -0.863220
3480000 1.082331 -0.149251 -0.982672
3490000 0.654281 -0.108651 -1.057482
3500000 0.591743 -0.073859 -0.842914
3510000 0.704974 -0.189486 -0.677940
3520000 0.770327 -0.231380 -0.837305
3530000 0.944173 -0.086202 -0.959344
3540000 1.236447 -0.121715 -0.945489
3550000 1.230321 -0.174395 -0.842312
3560000 0.922913 -0.132532 -0.784160
3570000 1.160854 -0.035076 -0.913694
3580000 0.839455 -0.153816 -0.955613
3590000 1.098919 0.003484 -0.965902
3600000 1.495564 -0.221048 -0.846051
3610000 1.596677 -0.216750 -0.747388
3620000 2.172366 -0.166506 -0.907176
3630000 2.241582 -0.174084 -0.912519
3640000 3.037542 -0.204496 -0.831486
3650000 2.672590 -0.143618 -0.848652
3660000 3.018568 -0.286392 -0.729009
3670000 2.813249 -0.134204 -0.878494
3680000 2.883710 -0.292550 -0.755789
3690000 2.523371 -0.080892 -0.811128
3700000 2.512288 -0.238236 -0.811286
3710000 2.570710 -0.146769 -0.952529
3720000 2.127961 -0.265398 -1.014243
3730000 1.785980 -0.296075 -0.982894
