100000 0.928345 3.079522 -2.844439
110000 1.253559 2.879692 -2.912465
120000 0.610599 2.893531 -2.968159
130000 0.678652 3.027607 -2.960126
140000 1.616351 3.022967 -2.951942
150000 1.420327 3.134504 -2.971083
160000 1.637582 2.941649 -2.974332
170000 2.247416 2.910270 -2.904882
180000 4.284146 3.039267 -3.095989
190000 3.484094 3.104877 -2.988504
200000 3.009137 2.965881 -2.922560
210000 2.462515 2.929695 -2.979195
220000 2.590717 2.952891 -3.006525
230000 4.318290 3.037281 -3.042177
240000 3.978750 2.948921 -2.940258
250000 4.178121 2.937082 -3.085615
260000 4.773094 3.016482 -2.939253
270000 3.898881 3.093376 -2.930005
280000 4.706284 3.013884 -2.815933
290000 3.722056 -3.134898 -2.942899
300000 3.643331 2.947907 -2.950298
310000 2.830647 2.986690 -2.808018
320000 3.105265 2.875427 -2.961745
330000 3.533639 2.881046 -2.980568
340000 4.017329 2.959383 -2.993711
350000 2.440921 2.918346 -2.868832
360000 2.078285 2.922490 -2.990133
370000 1.229752 3.025517 -3.029336
380000 2.073567 2.999537 -2.871601
390000 2.768344 2.976169 -3.094856
400000 2.912518 2.973637 -3.042755
410000 4.382872 2.994196 -2.789213
420000 5.005312 2.869143 -2.970876
430000 3.578002 2.991542 -2.878900
440000 4.105672 3.023137 -3.031787
450000 3.937652 2.972596 -3.074520
460000 3.020518 2.923210 -3.055820
470000 2.644919 2.914779 -2.885054
480000 2.127642 2.993382 -2.934315
490000 3.794494 2.800209 -2.996473
500000 3.040809 3.003187 -3.058089
510000 2.690317 2.892521 -3.075413
520000 3.652542 2.924417 -2.998455
530000 4.648462 2.961269 -2.963317
540000 3.664673 3.001571 -3.052044
550000 2.848750 2.929180 -2.971482
560000 3.468232 3.064839 -3.005095
570000 2.988760 2.993595 -3.063312
580000 1.693181 2.979855 -2.910687
590000 2.098092 3.049229 -2.902905
600000 1.138631 2.989066 -3.016840
610000 1.101693 2.906875 -2.938481
620000 1.617791 3.026314 -2.928556
630000 1.457795 2.904550 -3.022912
640000 1.534577 3.024216 -2.972740
650000 0.993844 2.953799 -3.097454
660000 0.622992 3.072966 -2.871614
670000 0.993871 3.060429 -2.995767
680000 1.021847 2.932263 -2.947759
690000 0.975546 3.015557 -2.985723
700000 1.035245 3.129102 -2.910429
710000 1.050832 2.892570 -2.939691
720000 1.521787 2.974347 -2.861158
730000 1.825996 2.995805 -2.954517
740000 1.999893 2.988211 -2.953953
750000 2.355377 3.133728 -3.007789
760000 1.753274 2.951110 -2.951401
770000 2.347917 2.867397 -2.913759
780000 2.942220 2.880888 -2.953616
790000 3.408293 2.902303 -2.816689
800000 2.862030 2.995423 -2.971083
810000 2.733151 2.938954 -2.941950
820000 2.208918 2.916803 3.116638
830000 1.666286 3.041307 -2.972525
840000 2.202227 2.970494 -2.947520
850000 2.495293 2.932711 -2.925807
860000 4.194200 2.971947 -2.928084
870000 4.729504 2.958380 -3.135673
880000 4.974210 2.979341 -2.955043
890000 5.036049 2.918787 -3.049369
900000 4.152966 2.990506 -3.048454
910000 3.664579 3.027291 -3.008867
920000 3.862121 2.983806 -2.884021
930000 4.852193 3.113756 -2.845743
940000 4.488061 2.931135 -3.014404
950000 4.212670 2.992276 -2.920740
960000 4.200085 2.966840 -2.970638
970000 4.260569 2.984863 -3.101157
980000 3.658764 3.115124 -3.025288
990000 3.429352 3.029690 -2.903947
1000000 3.229736 3.014923 -2.945581
1010000 3.211060 3.018395 -2.919324
1020000 4.244734 3.094240 -2.947249
1030000 4.335595 2.830810 -2.921057
1040000 4.868667 3.040588 -2.890003
1050000 4.515527 3.054476 -2.964067
1060000 3.700825 2.879786 -2.910064
1070000 3.679239 3.029456 -2.992160
1080000 4.108771 2.995110 -3.015808
1090000 2.740758 3.001328 -2.932721
1100000 2.473780 2.990337 -3.044417
1110000 2.768225 2.878284 -2.969288
1120000 2.382947 2.898932 -2.941813
1130000 1.969861 2.945707 -3.010221
1140000 1.605241 2.959143 -2.936031
1150000 1.631719 2.978434 -2.959852
1160000 1.828743 2.842087 -3.051352
1170000 2.509159 3.038407 -3.003855
1180000 3.267264 3.090483 -3.055386
1190000 3.452952 3.069979 -3.020640
1200000 2.177082 2.905556 -2.928013
1210000 2.033465 2.981074 -2.952493
1220000 2.149073 2.934502 -2.935520
1230000 1.968797 2.930573 -2.895658
1240000 2.856615 2.938451 -3.050138
1250000 2.918070 3.020202 -3.047994
1260000 3.123005 2.888934 -3.002930
1270000 2.387224 2.976205 -3.059625
1280000 2.226701 2.962631 -2.962744
1290000 2.792939 3.101650 -2.840940
1300000 3.806794 2.955146 -2.864986
1310000 4.525919 3.058048 -2.878353
1320000 4.852983 3.012684 -2.886717
1330000 4.643265 3.009981 -3.028473
1340000 4.126994 2.956513 -3.000263
1350000 4.568448 3.035953 -3.052521
1360000 4.886501 2.952414 -2.971394
1370000 4.852044 2.936179 -3.040402
1380000 4.556805 3.053215 -3.041856
1390000 3.379793 3.043111 -3.005147
1400000 4.527094 2.969671 -2.945736
1410000 4.854108 2.850201 -2.988983
1420000 3.478053 2.963911 -2.971885
1430000 2.618998 2.975635 -2.900559
1440000 2.463813 2.851683 -2.915291
1450000 1.936501 3.055138 -3.060031
1460000 2.366471 2.900401 -3.007568
1470000 1.405813 2.968400 -2.935129
1480000 1.259326 3.097818 -2.963553
1490000 1.077930 2.827441 -3.037096
1500000 1.225242 2.927722 -3.017583
1510000 1.390190 3.000767 -3.074708
1520000 1.311806 3.040763 -2.914446
1530000 1.353455 2.986894 -2.931027
1540000 1.468309 2.981182 -2.947961
1550000 1.036060 2.833630 -2.986561
1560000 1.078542 2.849884 -2.845532
1570000 0.729636 2.890409 -2.887762
1580000 0.893098 2.945167 -2.986439
1590000 0.609265 2.980910 -2.854737
1600000 0.860287 2.822206 -2.976635
1610000 0.674794 2.900558 -2.817399
1620000 0.711670 2.893248 -3.007444
1630000 0.675239 2.861717 -2.891490
1640000 1.036439 2.988952 -3.003509
1650000 1.635110 3.011611 -3.019255
1660000 1.717153 2.859256 -3.025585
1670000 1.288578 2.944164 -3.015812
1680000 1.351902 2.719976 -2.992251
1690000 1.464336 3.041682 -2.938307
1700000 1.591667 2.956558 -3.023031
1710000 1.915826 3.064684 -2.880945
1720000 1.605828 2.970065 -3.059268
1730000 1.925376 2.962274 -2.963622
1740000 3.255328 2.997333 -2.964585
1750000 3.445054 2.970380 -3.019646
1760000 3.356711 2.945217 -3.075582
1770000 2.706576 2.992771 -2.994363
1780000 4.222591 3.016223 -3.039008
1790000 3.981807 2.976329 -2.943686
1800000 4.120043 2.989070 -2.915820
1810000 3.906929 2.967217 -2.899052
1820000 3.782292 2.930168 -2.982707
1830000 3.395771 2.871046 -2.891191
1840000 4.414346 2.963505 -2.884464
1850000 4.951585 2.826770 -2.866335
1860000 4.219080 2.965197 -3.091173
1870000 4.108556 3.033331 -2.958908
1880000 3.803761 2.939761 -2.868392
1890000 4.731842 2.955844 -3.042209
1900000 4.863089 2.973644 -3.070083
1910000 2.922643 2.839254 -2.918162
1920000 2.730860 3.043753 -2.937628
1930000 2.573945 3.141403 -3.019185
1940000 2.885359 2.946755 -2.918874
1950000 2.969134 3.040609 -3.080913
1960000 3.573330 2.992068 -2.866840
1970000 3.376022 3.050198 -3.058967
1980000 3.346247 2.882481 -2.989352
1990000 2.176431 2.920625 -2.857820
2000000 3.183696 3.000894 -3.018971
2010000 3.033825 2.897801 -2.872059
2020000 4.088005 2.991090 -2.989870
2030000 4.850545 2.999013 -2.894790
2040000 4.244206 2.952832 -2.916984
2050000 4.101124 2.825318 -2.995832
2060000 4.354097 2.944239 -2.920918
2070000 4.264958 2.933379 -3.036888
2080000 4.638054 3.040787 -2.950750
2090000 4.688643 3.009627 -3.026333
2100000 4.101970 2.946617 -2.987033
2110000 4.436641 2.857971 -2.811201
2120000 3.795569 2.945105 -2.948811
2130000 3.289765 3.041332 -2.912913
2140000 3.080569 2.944298 -3.038705
2150000 3.422243 2.992824 -2.874827
2160000 2.884517 2.908760 -2.951877
2170000 1.973650 3.046441 -3.000252
2180000 2.146822 2.882737 -3.085044
2190000 2.551394 2.918435 -2.961166
2200000 2.380218 3.079183 -2.938733
2210000 1.752419 2.979499 -2.814463
2220000 1.919730 3.036064 -2.961191
2230000 1.775137 2.941121 -3.003644
2240000 2.000484 2.904681 -2.995156
2250000 2.284402 2.983542 -2.883462
2260000 2.411866 2.899309 -2.767107
2270000 2.717120 2.972143 -2.956615
2280000 3.283979 3.113137 -3.066744
2290000 2.347366 3.015063 -2.862382
2300000 2.939421 3.128750 -2.935489
2310000 4.006079 2.961630 -2.947366
2320000 4.798389 2.960158 -2.856044
2330000 4.899240 2.946144 -2.944841
2340000 4.601575 2.819764 -2.866401
2350000 4.213382 2.810598 -2.885355
2360000 4.238539 2.981619 -2.916352
2370000 4.076490 2.892264 -2.987629
2380000 4.108642 3.076497 -2.973229
2390000 2.619614 2.882548 -2.959746
2400000 3.237260 3.007637 -3.007631
2410000 2.782082 2.885716 -3.013385
2420000 3.713356 2.963387 -2.967153
2430000 4.720476 2.990592 -2.992271
2440000 4.255931 3.015305 -3.089266
2450000 4.337065 3.055462 -3.010843
2460000 4.088790 2.908657 -3.050743
2470000 3.702261 2.991303 -3.035830
2480000 2.106837 2.998895 -2.899230
2490000 1.862137 2.942936 -2.795802
2500000 1.459359 3.032149 -2.973251
2510000 1.471778 2.930279 -3.056905
2520000 0.938707 2.988304 -2.901816
2530000 1.049830 2.862717 -2.967385
2540000 1.104634 2.846672 -3.034254
2550000 1.452476 3.013668 -2.923442
2560000 0.603774 2.864067 -2.982415
2570000 1.037599 2.886060 -2.981122
2580000 1.203712 2.985450 -2.929054
2590000 1.413258 3.028419 -2.983437
2600000 1.406872 2.913335 -3.024225
2610000 1.468027 2.925498 -2.869105
2620000 1.418721 2.883016 -3.022452
2630000 1.584176 2.857912 -2.927719
2640000 1.077582 2.897188 -2.891263
2650000 1.366460 3.096751 -3.035545
2660000 1.703841 2.893799 -2.985601
2670000 2.146992 2.929203 -2.937661
2680000 2.553174 2.880900 -2.973644
2690000 2.255366 3.030198 -2.990138
2700000 2.296398 2.889742 -2.979489
2710000 1.969231 2.957019 -3.001486
2720000 1.974376 2.925058 -3.009008
2730000 1.737933 2.936790 -3.005587
2740000 1.504745 3.097962 -2.989199
2750000 1.661220 3.057282 -2.912227
2760000 0.968723 3.058587 -3.062329
2770000 0.496399 3.032341 -3.032795
2780000 0.492597 2.925283 -2.949943
2790000 0.581283 2.981803 -3.051027
2800000 0.670692 -3.117500 -3.040670
2810000 0.769826 2.889318 -2.983493
2820000 0.912695 2.961529 -3.089687
2830000 0.587774 2.946848 -2.852411
2840000 0.559705 2.900856 -2.894522
2850000 1.011952 2.923460 -2.776736
2860000 0.889747 2.930820 -3.090094
2870000 0.821888 2.920016 -2.786144
2880000 0.792901 3.039533 -3.004016
2890000 0.499058 2.970457 -2.848738
2900000 0.662144 3.033454 -3.014861
2910000 0.815526 2.981269 -3.009701
2920000 0.491865 2.925206 -2.976771
2930000 0.765097 2.974085 -2.980570
2940000 0.911994 2.756833 -3.028441
2950000 0.929971 3.139509 -2.958084
2960000 1.117386 2.947493 -2.968252
2970000 1.081230 2.932634 -2.916530
2980000 1.203963 2.994027 -3.139693
2990000 1.290109 2.933841 -2.880365
3000000 1.327595 3.050926 -2.862639
3010000 1.377915 3.078704 -3.045773
3020000 1.247839 2.886201 -2.921605
3030000 1.660596 3.032337 -2.960067
3040000 1.641515 2.946708 -3.041803
3050000 2.305197 3.019383 -3.009034
3060000 2.193107 3.032007 -2.947704
3070000 2.756870 3.036626 -2.940531
3080000 3.273513 2.955793 -2.988047
3090000 3.360363 2.978032 -2.902234
3100000 3.277687 2.905403 -2.866143
3110000 3.881676 2.987914 -2.949594
3120000 3.482747 3.084164 -3.003777
3130000 3.711484 2.956875 -2.937531
3140000 3.727143 3.011868 -2.987946
3150000 2.995447 2.944508 -3.082085
3160000 2.899033 3.000603 -2.911829
3170000 2.666682 2.961042 -3.007587
3180000 3.579246 2.849615 -3.004114
3190000 4.943077 3.025142 -3.029104
3200000 4.502905 2.951153 -3.067274
3210000 4.990301 2.974149 -2.899958
3220000 4.634951 3.116770 -2.888278
3230000 4.571108 3.110580 -3.038689
3240000 4.291666 2.989849 -3.126913
3250000 4.377165 3.037878 -2.958594
3260000 3.723510 2.930498 -3.017198
3270000 3.050001 3.084432 -2.899466
3280000 3.017592 3.037766 -2.970611
3290000 3.778495 2.837532 -2.986087
3300000 3.667187 2.867770 -2.993554
3310000 2.882788 3.043573 -2.925687
3320000 2.221553 2.937171 -2.946667
3330000 1.775548 2.933395 -3.022266
3340000 2.170329 2.996058 -2.907125
3350000 2.516033 3.029931 -3.001478
3360000 3.126782 2.937337 -3.066396
3370000 2.929981 2.917802 -2.961973
3380000 2.489578 3.012023 -2.978519
3390000 2.464873 3.028807 -2.873678
3400000 1.631386 2.912970 -2.839204
3410000 1.831247 3.118449 -3.075242
3420000 2.528635 3.046851 -2.901020
3430000 2.926493 2.971973 -2.901684
3440000 4.001263 2.916372 -3.011544
3450000 4.464884 -3.128972 -2.945085
3460000 4.719460 3.014132 -3.004807
3470000 4.973172 3.007110 -2.858316
3480000 4.878259 2.945487 -2.901079
3490000 4.588033 3.025313 -3.090164
3500000 4.532854 2.986148 -2.924930
3510000 4.236273 2.953258 -2.952883
3520000 3.757976 2.948292 -2.940499
3530000 3.819436 2.957616 -3.002389
3540000 4.412896 2.876199 -2.913519
3550000 4.574493 3.012999 -2.928490
3560000 4.546816 2.907857 -2.977287
3570000 4.459433 2.951385 -3.016263
3580000 4.433557 2.943920 -2.953389
3590000 4.200294 2.993831 -2.973161
3600000 4.657595 3.009480 -2.905445
3610000 3.622881 2.987712 -2.999054
3620000 3.979140 2.887718 -3.017796
3630000 3.059155 2.992236 -2.936915
3640000 3.551105 2.998474 -2.972462
3650000 3.371646 2.964759 -2.983055
3660000 3.875903 2.879630 -3.061497
3670000 3.557184 2.904708 -3.119642
3680000 4.006707 2.906035 -2.930077
3690000 4.923594 2.943946 -3.041939
3700000 4.107929 2.829308 -2.986995
3710000 2.402174 2.951082 -3.000873
3720000 2.268386 2.816336 -2.960434
3730000 2.217383 2.910377 -2.987815
3740000 2.627422 3.079503 -2.879846
3750000 3.168367 3.023362 -2.976971
3760000 2.795965 2.962764 -2.932683
3770000 1.951277 2.912337 -2.996007
3780000 3.325912 3.037508 -2.940696
3790000 2.968225 2.965899 -2.980028
3800000 3.510436 3.031196 -2.931732
3810000 4.184751 2.995380 -2.970278
3820000 4.261927 3.060520 -2.989400
3830000 3.577133 2.872946 -2.942750
3840000 2.903568 3.030365 -2.963343
3850000 2.294554 3.053941 -2.941240
3860000 2.275576 2.872444 -3.121442
3870000 2.442566 2.956293 -3.071957
3880000 2.686820 3.048065 -2.906388
3890000 2.832858 3.043378 -3.117237
3900000 3.726211 2.982903 -2.944280
3910000 4.277308 -3.107033 -2.995148
3920000 4.148923 3.061813 -2.891417
3930000 4.306943 2.931870 -3.049567
3940000 4.594329 2.968342 -2.951473
3950000 3.885030 2.976951 -2.890012
3960000 4.217794 3.031028 -3.049379
3970000 4.176557 2.873872 -2.908601
3980000 4.846137 3.037670 -2.913179
3990000 4.918622 2.982388 -2.925097
4000000 5.011097 3.075732 -3.046582
