100000 4.906822 -0.150263 -2.127664
110000 3.090484 -0.018572 -2.058504
120000 3.820933 -0.294668 -1.936656
130000 4.537567 -0.104987 -2.057700
140000 3.633736 -0.098706 -2.096956
150000 3.892079 -0.105218 -2.075852
160000 2.617388 -0.214466 -1.925434
170000 3.367987 -0.319345 -2.115030
180000 4.602122 -0.149210 -2.069327
190000 4.843617 -0.326168 -2.184321
200000 4.897756 -0.160809 -2.051741
210000 3.019593 -0.306342 -2.094887
220000 2.062154 -0.181395 -2.231950
230000 2.313939 -0.245537 -2.007454
240000 2.600460 -0.238465 -2.067513
250000 2.755199 -0.145179 -2.136415
260000 3.501030 -0.236622 -2.218300
270000 3.361967 -0.111042 -2.051638
280000 2.676509 -0.215411 -1.976437
290000 1.789872 -0.229078 -2.057743
300000 1.096443 -0.108209 -2.158075
310000 1.023094 -0.094934 -2.025739
320000 1.495966 -0.260481 -2.190809
330000 1.464728 -0.093945 -2.089489
340000 2.246049 -0.207141 -2.055717
350000 2.086093 -0.188655 -2.028600
360000 2.221244 -0.250764 -2.059806
370000 3.170947 -0.134153 -2.126313
380000 2.801416 -0.224784 -2.067859
390000 4.059266 -0.139135 -2.092824
400000 4.212272 -0.247275 -2.120341
410000 4.766578 -0.194756 -1.993165
420000 3.961543 -0.095979 -2.094285
430000 3.502065 -0.190739 -2.072966
440000 3.295893 -0.111760 -2.024880
450000 3.952611 -0.108726 -1.963033
460000 4.476055 -0.230191 -2.055082
470000 4.677648 -0.192832 -2.175165
480000 4.181702 -0.174129 -2.099916
490000 3.987951 -0.240448 -1.964098
500000 2.749880 -0.224080 -2.070625
510000 2.140555 -0.187554 -2.003430
520000 2.192794 -0.248053 -1.992509
530000 2.499563 -0.173466 -2.132770
540000 2.963025 -0.164655 -1.946804
550000 2.400524 -0.258912 -2.047398
560000 3.035405 -0.099940 -2.133465
570000 4.386508 -0.295142 -2.165499
580000 4.268397 -0.150255 -2.075094
590000 3.740307 -0.114728 -2.124891
600000 2.955137 -0.230203 -2.175885
610000 3.312603 -0.077698 -2.192827
620000 4.065406 -0.137720 -2.022960
630000 4.360199 -0.043500 -2.116481
640000 4.438612 -0.149686 -2.063693
650000 4.441570 -0.188536 -2.146265
660000 3.296510 -0.321581 -2.094516
670000 3.030505 -0.251037 -2.165765
680000 2.593585 -0.135486 -2.119965
690000 1.547259 -0.207655 -2.128356
700000 1.444355 -0.248156 -1.935013
710000 0.846791 -0.186955 -2.169788
720000 0.957172 -0.304677 -2.069622
730000 0.992312 -0.159969 -2.003799
740000 0.900975 -0.199569 -2.008451
750000 1.016559 -0.166515 -2.088781
760000 1.331833 -0.246706 -2.101962
770000 1.320473 -0.205040 -2.034363
780000 0.958847 -0.077880 -2.129145
790000 1.434239 -0.149929 -2.128764
800000 1.648714 -0.194385 -2.105812
810000 1.682965 -0.093079 -2.114759
820000 2.153761 -0.318927 -1.985441
830000 2.272219 -0.097348 -2.072258
840000 2.089419 -0.153550 -1.977175
850000 1.663859 -0.143179 -2.110977
860000 1.036615 -0.146222 -2.047788
870000 0.630100 -0.085654 -2.013107
880000 0.932443 -0.194535 -2.092064
890000 1.032808 -0.335824 -2.047723
900000 1.367100 -0.218795 -2.135020
910000 1.451482 -0.229232 -2.067407
920000 1.087641 -0.196593 -2.172454
930000 0.741095 -0.139993 -2.174042
940000 0.600477 -0.134458 -2.203998
950000 0.633937 -0.222358 -2.122680
960000 0.979609 -0.240356 -2.048004
970000 1.088228 -0.220171 -2.061240
980000 0.875310 -0.207500 -2.193202
990000 1.454926 -0.167446 -2.131252
1000000 1.936425 -0.209672 -2.024987
1010000 2.630920 -0.125637 -2.022762
1020000 2.804178 -0.169245 -2.030627
1030000 3.424253 -0.227032 -2.002016
1040000 2.756668 -0.140569 -2.076880
1050000 3.489624 -0.216362 -2.210542
1060000 3.912231 -0.180990 -2.069764
1070000 2.963281 -0.160390 -2.121172
1080000 3.864950 -0.201799 -1.977589
1090000 4.401752 -0.091057 -2.097794
1100000 4.810754 -0.236815 -2.155618
1110000 4.653322 -0.234640 -2.093389
1120000 4.692625 -0.150476 -2.080124
1130000 3.735753 -0.191761 -2.097215
1140000 4.434500 -0.132640 -2.129688
1150000 4.098933 -0.185072 -2.023054
1160000 3.153797 -0.203327 -2.119355
1170000 3.403297 -0.191161 -2.066524
1180000 3.455200 -0.153050 -2.195643
1190000 4.584933 -0.132580 -2.020998
1200000 4.804384 -0.177163 -2.184267
1210000 4.937740 -0.232823 -2.128455
1220000 3.681558 -0.121746 -2.012889
1230000 3.626136 -0.167519 -2.023317
1240000 3.323084 -0.262306 -2.071136
1250000 2.534043 -0.231175 -1.997471
1260000 2.655393 -0.146503 -2.187300
1270000 3.239124 -0.159081 -2.219730
1280000 2.511998 -0.250707 -2.207451
1290000 2.028783 -0.167418 -2.102512
1300000 3.075401 -0.188449 -2.063483
1310000 3.042519 -0.189475 -2.031168
1320000 2.735818 -0.216909 -2.112729
1330000 3.352511 -0.130220 -2.128569
1340000 2.698525 -0.294538 -2.027770
1350000 2.893965 -0.204920 -2.217930
1360000 1.865286 -0.187833 -2.229936
1370000 1.785203 -0.276550 -1.929334
1380000 1.825525 -0.141056 -2.057379
1390000 1.877418 -0.317945 -2.007184
1400000 2.052995 -0.054020 -2.134756
1410000 2.012912 -0.117922 -1.996899
1420000 1.898774 -0.141585 -2.079233
1430000 2.716675 -0.240631 -2.221522
1440000 2.291050 0.033462 -2.118978
1450000 1.811387 -0.181726 -2.046800
1460000 2.200565 -0.132388 -2.056298
1470000 2.849103 -0.175350 -1.931758
1480000 4.095699 -0.240099 -2.134529
1490000 4.303750 -0.228577 -2.041749
1500000 4.565811 -0.132084 -2.142182
1510000 4.021902 -0.147786 -2.172836
1520000 4.053237 -0.177220 -2.202370
1530000 4.749588 -0.211170 -2.231637
1540000 5.046126 -0.154580 -2.148493
1550000 5.036617 -0.123584 -2.204874
1560000 3.804135 -0.029727 -2.101158
1570000 3.599855 -0.215343 -2.119507
1580000 3.505151 -0.290400 -2.119150
1590000 3.060053 -0.227204 -2.079016
1600000 3.503413 -0.275854 -1.972387
1610000 4.707685 0.020472 -1.951764
1620000 3.782140 -0.229530 -2.056118
1630000 4.249668 -0.092514 -2.085974
1640000 4.215490 -0.229214 -2.180229
1650000 3.950875 -0.120949 -2.014662
1660000 3.116399 -0.179905 -2.127303
1670000 2.710650 -0.193721 -2.169148
1680000 2.833448 -0.229387 -2.110721
1690000 3.067697 -0.162980 -1.979421
1700000 2.509182 -0.237428 -2.074962
1710000 3.217474 -0.111769 -2.177008
1720000 2.690026 -0.146477 -2.097112
1730000 2.005587 -0.089412 -2.088432
1740000 1.943543 -0.139880 -2.046894
1750000 1.344401 -0.242532 -2.197015
1760000 1.398531 -0.133108 -2.108508
1770000 1.477781 -0.097234 -2.154249
1780000 1.546844 -0.155984 -2.061453
1790000 1.631185 -0.105560 -2.031425
1800000 1.714437 -0.103020 -2.109063
1810000 1.902019 -0.171569 -2.050792
1820000 1.836616 -0.173465 -2.271460
1830000 2.290198 -0.175959 -2.184029
1840000 2.514620 -0.083797 -2.188425
1850000 2.633448 -0.072808 -2.193867
1860000 3.640450 -0.155197 -2.089285
1870000 4.235715 -0.014813 -2.129556
1880000 4.288093 -0.042203 -2.155186
1890000 4.927448 -0.069499 -2.163948
1900000 4.512033 -0.195959 -2.129388
1910000 4.279513 -0.196035 -2.135939
1920000 4.333842 -0.125894 -2.105468
1930000 3.475098 -0.166311 -2.195864
1940000 3.536455 -0.329093 -1.963410
1950000 4.145160 -0.201589 -2.071353
1960000 4.602531 -0.116255 -1.921211
1970000 4.038956 -0.288711 -2.064055
1980000 3.879782 -0.122703 -2.160052
1990000 3.813703 -0.194560 -2.021318
2000000 4.440353 -0.140954 -2.267463
2010000 4.106675 -0.200649 -2.128612
2020000 3.329072 -0.126575 -2.053438
2030000 3.121378 -0.269488 -2.127104
2040000 2.520499 -0.179580 -2.155815
2050000 2.412447 -0.143604 -1.962173
2060000 3.199915 -0.058405 -2.093815
2070000 4.269860 -0.248681 -1.944200
2080000 3.924630 -0.240854 -2.125258
2090000 3.789523 -0.149137 -2.003514
2100000 4.243756 -0.184207 -2.066547
2110000 4.277710 -0.148117 -2.091989
2120000 4.667246 -0.326460 -2.136130
2130000 4.214810 -0.324796 -2.178772
2140000 4.843235 -0.152694 -2.118294
2150000 4.340907 -0.251952 -2.050020
2160000 3.289867 -0.235728 -2.145131
2170000 2.564767 -0.171814 -1.939569
2180000 2.876555 -0.187583 -1.944758
2190000 1.968166 -0.142114 -2.081795
2200000 1.656376 -0.305834 -2.115061
2210000 1.164722 -0.200548 -2.117834
2220000 1.338598 -0.236046 -2.065488
2230000 1.186173 -0.204433 -2.095749
2240000 1.258132 -0.240820 -2.078153
2250000 1.310769 -0.272330 -2.082296
2260000 0.841447 -0.226101 -2.127513
2270000 0.879674 0.022602 -2.210327
2280000 1.515497 -0.031687 -2.057925
2290000 1.448289 -0.135633 -2.052161
2300000 1.470307 -0.201321 -2.177539
2310000 1.466345 -0.181000 -2.173351
2320000 1.930306 -0.142516 -2.078860
2330000 1.916202 -0.240377 -2.158492
2340000 2.172026 -0.243592 -2.011745
2350000 2.605316 -0.164243 -2.194483
2360000 3.136361 -0.137986 -2.125446
2370000 3.304577 -0.090228 -2.222718
2380000 3.204327 -0.142772 -2.079776
2390000 3.156699 -0.159474 -2.154914
2400000 3.949739 -0.277132 -2.083231
2410000 4.161793 -0.138909 -2.090725
2420000 2.961411 -0.138380 -2.110217
2430000 1.713014 -0.204486 -2.172990
2440000 2.208222 -0.215508 -2.180694
2450000 2.103871 -0.152447 -2.125182
2460000 2.373861 -0.107799 -2.120397
2470000 1.632190 -0.206236 -2.017740
2480000 1.455354 -0.097312 -2.135402
2490000 1.301085 -0.199219 -2.152838
2500000 1.431092 -0.192027 -2.102979
2510000 1.319022 -0.098312 -2.007255
2520000 1.414979 -0.009032 -2.165076
2530000 1.615136 -0.163222 -2.067527
2540000 1.858920 -0.072197 -2.117531
2550000 2.101334 -0.107416 -2.055995
2560000 2.628589 -0.127943 -2.064026
2570000 3.403274 -0.309690 -2.054406
2580000 3.796842 -0.050143 -2.018315
2590000 3.975188 -0.242839 -2.004537
2600000 3.129757 -0.077487 -1.998889
2610000 3.916267 -0.068316 -2.067329
2620000 4.831829 -0.144291 -2.072129
2630000 4.920312 -0.093384 -2.230654
2640000 4.920721 -0.205736 -2.094059
2650000 4.649712 -0.246444 -2.137511
2660000 2.896327 -0.218258 -1.959602
2670000 2.942942 -0.205110 -2.142947
2680000 3.995686 -0.253178 -2.211509
2690000 3.034117 -0.177872 -2.164062
2700000 2.941186 -0.137547 -2.088507
2710000 3.149982 -0.250355 -2.219805
2720000 2.741995 -0.211998 -2.025969
2730000 2.656968 -0.160275 -2.167123
2740000 3.131042 -0.166990 -2.097280
2750000 2.104252 -0.262961 -1.996922
2760000 2.278458 -0.150717 -2.046634
2770000 2.229852 -0.143225 -2.151654
2780000 2.446750 -0.153018 -2.223288
2790000 2.478211 -0.083296 -2.092819
2800000 3.568557 -0.227660 -2.068885
2810000 4.020749 -0.112570 -2.105772
2820000 4.244264 -0.310369 -1.977739
2830000 4.119686 -0.260781 -2.138356
2840000 3.743577 -0.052243 -2.080863
2850000 3.548680 -0.304495 -2.036510
2860000 3.475848 -0.180422 -1.963893
2870000 2.875223 -0.147859 -1.997106
2880000 4.106494 -0.246758 -1.906441
2890000 4.930132 -0.238879 -1.936399
2900000 4.887212 -0.188955 -2.008421
2910000 4.651473 -0.129673 -1.973565
2920000 4.419960 -0.154730 -2.143502
2930000 3.550853 -0.150893 -2.133489
2940000 3.718366 -0.173167 -2.111602
2950000 3.773506 -0.145749 -2.034314
2960000 2.530657 -0.272438 -2.073580
2970000 3.045634 -0.212380 -1.987012
2980000 2.838046 -0.167599 -1.970712
2990000 2.623751 -0.151397 -2.055448
3000000 2.591611 -0.044166 -2.055725
3010000 2.025516 -0.146397 -2.163313
3020000 1.247863 -0.099781 -2.132563
3030000 1.104316 -0.188564 -2.150294
3040000 1.231085 -0.166380 -1.988821
3050000 1.241780 -0.231137 -2.131023
3060000 1.094614 -0.156132 -2.107582
3070000 1.085897 -0.155149 -2.210588
3080000 1.288458 -0.200128 -2.117229
3090000 1.399156 -0.146639 -1.964120
3100000 0.714922 -0.146793 -2.032141
3110000 0.840446 -0.185939 -2.132114
3120000 1.294624 -0.174709 -2.011215
3130000 1.152852 -0.166394 -2.008798
3140000 1.390504 -0.208218 -2.061740
3150000 1.836365 -0.184356 -1.989313
3160000 2.130029 -0.149671 -2.322528
3170000 1.772631 -0.186486 -2.181887
3180000 1.887950 -0.044231 -2.153659
3190000 2.382745 -0.138365 -2.049144
3200000 3.315095 -0.213341 -2.047387
3210000 3.685555 -0.166050 -2.149669
3220000 4.596063 -0.148770 -2.269188
3230000 5.015174 -0.101440 -2.146188
3240000 5.011736 -0.084872 -2.135587
3250000 4.719441 -0.260439 -2.006376
3260000 4.091951 -0.245477 -2.082420
3270000 3.665219 -0.139173 -2.072243
3280000 4.305953 -0.123333 -2.040345
3290000 3.667115 -0.115056 -2.143484
3300000 3.997098 -0.081046 -2.047566
3310000 4.446152 -0.204650 -2.063686
3320000 2.724343 -0.183453 -2.140272
3330000 3.184534 -0.233015 -2.130196
3340000 4.754687 -0.187308 -2.023981
3350000 4.987529 -0.135183 -2.078732
3360000 4.324334 -0.159221 -2.234541
3370000 4.385108 -0.161758 -2.125337
3380000 4.961212 -0.364933 -1.972646
3390000 4.261153 -0.293193 -2.114747
3400000 3.756222 -0.151051 -2.039426
3410000 2.866947 -0.273353 -2.075533
3420000 4.132118 -0.213279 -2.023159
3430000 4.260352 -0.319194 -2.063493
3440000 4.949955 -0.199893 -1.991764
3450000 4.918058 -0.086760 -2.142591
3460000 4.327813 -0.130809 -2.120373
3470000 2.995556 -0.224982 -2.068246
3480000 3.054469 -0.276377 -2.158690
3490000 2.576709 -0.162214 -2.100441
3500000 2.582782 -0.204547 -2.028485
3510000 2.020057 -0.178854 -2.067522
3520000 2.293415 -0.176521 -2.040838
3530000 2.298152 -0.303839 -2.114899
3540000 2.324804 -0.207651 -1.942403
3550000 2.869588 -0.023935 -2.046856
3560000 3.770918 -0.319601 -2.191584
3570000 3.749786 -0.243548 -2.184430
3580000 4.128329 -0.041057 -2.037636
3590000 4.949435 -0.303371 -2.048351
3600000 4.947250 -0.114516 -2.153215
3610000 4.324710 -0.172676 -2.110380
3620000 4.225112 -0.226446 -2.148931
3630000 3.221985 -0.215116 -2.131057
3640000 2.602108 -0.096228 -2.041104
3650000 1.608854 -0.179421 -2.114890
3660000 1.757721 -0.208307 -2.022264
3670000 1.513618 -0.238571 -2.091991
3680000 1.697030 -0.215349 -2.128420
3690000 1.496611 -0.230034 -2.182497
3700000 1.772395 -0.117407 -2.277196
3710000 2.326625 -0.232017 -2.105181
3720000 3.085034 -0.065442 -2.165831
3730000 2.428057 -0.115872 -2.198747
