100000 2.169202 -0.215383 -2.717430
110000 1.288778 -0.158018 -2.632569
120000 2.210257 -0.181396 -2.744022
130000 1.158769 -0.141382 -2.622898
140000 1.228853 -0.178491 -2.747891
150000 1.454447 -0.341433 -2.621037
160000 1.845634 -0.215021 -2.593282
170000 1.288689 -0.181863 -2.555228
180000 1.945701 -0.082102 -2.791484
190000 2.322467 -0.149460 -2.492087
200000 2.605991 -0.248937 -2.663677
210000 3.258408 -0.240834 -2.595206
220000 3.861172 -0.177351 -2.660254
230000 3.072306 -0.179102 -2.652745
240000 3.495833 -0.263958 -2.683134
250000 4.926402 -0.215929 -2.569166
260000 4.537876 -0.094188 -2.677282
270000 3.789658 -0.181537 -2.499299
280000 3.098378 -0.174067 -2.571315
290000 2.562204 -0.097303 -2.502716
300000 2.258696 -0.152967 -2.593170
310000 2.268329 -0.050601 -2.543499
320000 3.687591 -0.135054 -2.604268
330000 5.046331 -0.149816 -2.494343
340000 4.016247 -0.159918 -2.591580
350000 3.161704 -0.174890 -2.558966
360000 4.367211 -0.235110 -2.622013
370000 4.111882 -0.155668 -2.499809
380000 4.271147 -0.210131 -2.661055
390000 3.231540 -0.268995 -2.660875
400000 2.739071 -0.122786 -2.566597
410000 3.130840 -0.122109 -2.679756
420000 1.478203 -0.201418 -2.617970
430000 1.385333 -0.211092 -2.571608
440000 1.080512 -0.187952 -2.637373
450000 1.048275 -0.118071 -2.684848
460000 0.642192 -0.099700 -2.697383
470000 1.283044 -0.100902 -2.663572
480000 1.315614 -0.337565 -2.712868
490000 1.162843 -0.161816 -2.551857
500000 1.548117 -0.086625 -2.614092
510000 1.225786 -0.164975 -2.594463
520000 1.075977 -0.193560 -2.639356
530000 0.731874 -0.272617 -2.718360
540000 0.831972 -0.212548 -2.554488
550000 0.639716 -0.163374 -2.742859
560000 0.766758 -0.148099 -2.685663
570000 0.957487 -0.086662 -2.731739
580000 0.834635 -0.056779 -2.670148
590000 1.182611 -0.084939 -2.651727
600000 1.983101 -0.235758 -2.543081
610000 2.309627 -0.152533 -2.493930
620000 3.468750 -0.147346 -2.612959
630000 3.529632 -0.078470 -2.646511
640000 4.368511 -0.295752 -2.602487
650000 4.955908 -0.190805 -2.488731
660000 5.066538 -0.088850 -2.584074
670000 4.021663 -0.115726 -2.557091
680000 3.992097 -0.304748 -2.617728
690000 4.558661 -0.129115 -2.701992
700000 3.228204 -0.117569 -2.615085
710000 3.463239 -0.096543 -2.665541
720000 4.405107 -0.120522 -2.501735
730000 3.941532 -0.060085 -2.483004
740000 3.680355 -0.176941 -2.690773
750000 4.577249 -0.080583 -2.730451
760000 3.796205 -0.223519 -2.632671
770000 2.573575 -0.230337 -2.699352
780000 1.945215 -0.152004 -2.589860
790000 2.432078 -0.145231 -2.664608
800000 3.128477 -0.260115 -2.646901
810000 3.325918 -0.160093 -2.719220
820000 3.166401 -0.152679 -2.594172
830000 2.317179 -0.233484 -2.737535
840000 2.068200 -0.138384 -2.601204
850000 2.236342 -0.239251 -2.690544
860000 3.169627 -0.237576 -2.587343
870000 3.476637 -0.203364 -2.590964
880000 3.553698 -0.140857 -2.570109
890000 3.863832 -0.110974 -2.618563
900000 3.667701 -0.113001 -2.629537
910000 4.820119 -0.153605 -2.624329
920000 4.597218 -0.161163 -2.573795
930000 3.936425 -0.270358 -2.573849
940000 4.824894 -0.108550 -2.611605
950000 3.402879 -0.133945 -2.657991
960000 2.806416 -0.155468 -2.696467
970000 1.723202 -0.199652 -2.661602
980000 1.680659 -0.219214 -2.660990
990000 2.090315 -0.207339 -2.742434
1000000 2.129757 -0.073063 -2.567628
1010000 1.740147 -0.303054 -2.600956
1020000 1.812188 -0.288207 -2.688367
1030000 1.555208 -0.260614 -2.412971
1040000 2.171073 -0.257107 -2.642450
1050000 2.016653 -0.234770 -2.655760
1060000 2.899322 -0.100690 -2.678837
1070000 3.230519 -0.153225 -2.693541
1080000 2.683457 -0.150740 -2.734868
1090000 3.518371 -0.303147 -2.622502
1100000 2.871733 -0.094817 -2.728452
1110000 4.369658 -0.041462 -2.616009
1120000 4.876703 -0.219839 -2.493414
1130000 4.872518 -0.156889 -2.641220
1140000 4.597816 -0.187305 -2.613295
1150000 5.011900 -0.226074 -2.611893
1160000 4.257403 0.013920 -2.603002
1170000 3.870659 -0.114217 -2.597334
1180000 4.153365 -0.106993 -2.682675
1190000 4.360512 -0.204034 -2.714600
1200000 4.598199 -0.224253 -2.638398
1210000 3.739387 -0.245587 -2.633710
1220000 3.378975 -0.184299 -2.569451
1230000 3.004231 -0.131262 -2.646448
1240000 2.462605 -0.096451 -2.499830
1250000 2.711082 -0.182181 -2.560118
1260000 3.145633 -0.200260 -2.693332
1270000 1.909409 -0.079305 -2.666118
1280000 2.152847 -0.087745 -2.640633
1290000 1.719467 -0.197712 -2.464437
1300000 2.151997 -0.128348 -2.641721
1310000 1.271460 -0.082159 -2.630999
1320000 1.567518 -0.135896 -2.727247
1330000 1.451195 -0.289357 -2.620636
1340000 1.222878 -0.174200 -2.575901
1350000 1.289166 -0.089433 -2.629173
1360000 1.662276 -0.146202 -2.635580
1370000 1.911923 -0.134229 -2.660885
1380000 1.796585 -0.201439 -2.560537
1390000 1.083921 -0.274546 -2.736920
1400000 1.601570 -0.204196 -2.663205
1410000 1.159498 -0.063238 -2.612039
1420000 1.059474 -0.050125 -2.549827
1430000 1.074215 -0.199551 -2.589552
1440000 1.178030 -0.209555 -2.517477
1450000 1.238191 -0.149680 -2.567103
1460000 0.926515 -0.219521 -2.595841
1470000 1.148008 -0.158824 -2.563391
1480000 1.635624 -0.228239 -2.648896
1490000 2.333026 -0.178758 -2.509180
1500000 2.817301 -0.145251 -2.631364
1510000 2.435046 -0.108334 -2.634963
1520000 2.605143 -0.366777 -2.712367
1530000 2.678846 -0.158292 -2.608846
1540000 2.123990 -0.155260 -2.621228
1550000 2.422377 -0.211198 -2.791800
1560000 3.242212 -0.261878 -2.533580
1570000 4.003211 -0.157904 -2.574585
1580000 3.835711 -0.209698 -2.477675
1590000 3.118021 -0.176406 -2.538931
1600000 2.829861 -0.275196 -2.619376
1610000 3.861612 -0.304914 -2.700020
1620000 4.283313 -0.187713 -2.565028
1630000 4.880461 -0.194933 -2.621688
1640000 4.635280 -0.113507 -2.604555
1650000 4.979079 -0.062479 -2.653790
1660000 4.938278 -0.070168 -2.612516
1670000 5.026868 -0.307636 -2.555688
1680000 5.004318 -0.105769 -2.570913
1690000 4.298474 -0.062003 -2.582465
1700000 4.167033 -0.119833 -2.636570
1710000 3.969195 -0.089898 -2.513203
1720000 3.547596 -0.234817 -2.690025
1730000 3.519351 -0.173082 -2.598090
1740000 3.920141 -0.125166 -2.629326
1750000 2.581453 -0.124503 -2.614749
1760000 2.024097 -0.078726 -2.496953
1770000 2.303441 -0.204337 -2.703492
1780000 2.893625 -0.083315 -2.592805
1790000 2.588851 -0.199201 -2.490457
1800000 2.710486 -0.212294 -2.581032
1810000 3.105975 -0.122137 -2.603874
1820000 3.323826 -0.070661 -2.525567
1830000 4.370951 -0.358812 -2.608201
1840000 4.098611 -0.295821 -2.527213
1850000 4.554127 -0.126730 -2.667566
1860000 4.469430 -0.058418 -2.650336
1870000 4.200306 -0.209947 -2.472730
1880000 4.422415 -0.171911 -2.630624
1890000 3.512457 -0.298846 -2.689687
1900000 4.084351 -0.178847 -2.634141
1910000 3.896007 -0.120893 -2.613350
1920000 4.310221 -0.176386 -2.656487
1930000 3.672063 -0.298801 -2.659626
1940000 3.636953 -0.230511 -2.693528
1950000 3.713124 -0.182409 -2.594571
1960000 4.859655 -0.116070 -2.690342
1970000 3.040757 -0.237971 -2.501258
1980000 2.129296 -0.168435 -2.493430
1990000 1.951463 -0.190079 -2.586893
2000000 1.867648 -0.173350 -2.663366
2010000 2.090263 -0.128885 -2.544517
2020000 1.874303 -0.186267 -2.547402
2030000 1.913795 -0.203124 -2.572025
2040000 1.358100 -0.204731 -2.720636
2050000 2.075939 -0.211388 -2.497625
2060000 2.582109 -0.117868 -2.678910
2070000 2.394355 -0.057643 -2.798694
2080000 3.585867 -0.250862 -2.671820
2090000 2.857111 -0.112742 -2.672013
2100000 2.763033 -0.353112 -2.579864
2110000 3.508983 -0.140643 -2.541802
2120000 2.522722 -0.194671 -2.594685
2130000 2.853111 -0.283525 -2.657095
2140000 2.350752 -0.232746 -2.679691
2150000 2.991120 -0.224266 -2.622991
2160000 2.789659 -0.247123 -2.667128
2170000 3.917041 -0.142506 -2.452900
2180000 4.251131 -0.111175 -2.632593
2190000 4.828881 -0.126329 -2.503331
2200000 4.799821 -0.136845 -2.593431
2210000 3.486536 -0.071804 -2.662139
2220000 3.931618 -0.177872 -2.756037
2230000 3.595808 -0.285505 -2.607084
2240000 3.320540 -0.205812 -2.705983
2250000 2.565213 -0.212007 -2.787024
2260000 2.567731 -0.173806 -2.653131
2270000 2.465646 -0.213197 -2.622694
2280000 2.011073 -0.118386 -2.635084
2290000 1.731747 -0.091615 -2.573095
2300000 1.750237 -0.199095 -2.659869
2310000 2.467951 -0.036521 -2.728250
2320000 3.140461 -0.198083 -2.684748
2330000 3.467567 -0.228917 -2.696639
2340000 4.102269 -0.096277 -2.668763
2350000 4.299863 -0.129646 -2.544016
2360000 4.733773 -0.182834 -2.714019
2370000 4.866137 -0.002752 -2.598963
2380000 4.933384 -0.119697 -2.638868
2390000 4.707773 -0.112067 -2.576313
2400000 4.375489 -0.324952 -2.719086
2410000 3.936167 -0.070872 -2.567780
2420000 3.658011 -0.135023 -2.669347
2430000 3.291237 -0.107613 -2.550159
2440000 3.138658 -0.229794 -2.541595
2450000 4.082660 -0.149997 -2.641787
2460000 4.106220 -0.175593 -2.782238
2470000 3.769120 -0.069721 -2.685299
2480000 3.694937 -0.086115 -2.713392
2490000 4.697615 -0.208195 -2.764028
2500000 4.137795 -0.233529 -2.640699
2510000 4.095728 -0.004194 -2.684379
2520000 2.812345 -0.047897 -2.639488
2530000 3.338590 -0.271065 -2.661207
2540000 3.292666 -0.300415 -2.743817
2550000 3.821366 -0.142345 -2.588564
2560000 4.679890 -0.111658 -2.673164
2570000 4.644409 -0.209026 -2.704247
2580000 4.723783 -0.126500 -2.677681
2590000 3.702581 -0.140435 -2.646403
2600000 2.399477 -0.224827 -2.668576
2610000 2.530293 -0.261062 -2.572880
2620000 1.413192 -0.332054 -2.599130
2630000 1.510303 -0.227995 -2.606760
2640000 1.774229 -0.106967 -2.580041
2650000 1.743318 -0.105501 -2.695163
2660000 2.111677 -0.168430 -2.675596
2670000 1.649635 -0.271052 -2.511074
2680000 1.492219 -0.183070 -2.564671
2690000 1.056649 -0.262900 -2.759433
2700000 1.310844 -0.347442 -2.610906
2710000 0.772147 -0.196787 -2.690008
2720000 0.766204 -0.101686 -2.609507
2730000 0.690347 -0.035519 -2.661158
2740000 0.637535 -0.437002 -2.686626
2750000 0.938104 -0.149940 -2.574359
2760000 0.981179 -0.202430 -2.672396
2770000 0.986945 -0.121697 -2.534045
2780000 0.529398 -0.209331 -2.581541
2790000 0.526100 -0.146261 -2.605125
2800000 0.771916 -0.140402 -2.585790
2810000 0.796584 -0.133954 -2.615557
2820000 0.743881 -0.212018 -2.621638
2830000 1.102727 -0.192024 -2.705127
2840000 1.136782 -0.225097 -2.664932
2850000 1.353702 -0.114671 -2.637071
2860000 0.753611 -0.098712 -2.749483
2870000 0.999058 -0.226710 -2.486053
2880000 0.818842 -0.193918 -2.719758
2890000 1.242689 -0.105133 -2.625098
2900000 1.346606 -0.225235 -2.594768
2910000 1.462984 -0.123608 -2.589143
2920000 1.497763 -0.148489 -2.702038
2930000 2.120080 -0.127127 -2.601024
2940000 2.200086 -0.210075 -2.693658
2950000 2.858048 -0.168118 -2.704121
2960000 2.380229 -0.174111 -2.524339
2970000 2.632448 -0.200743 -2.515917
2980000 2.660211 -0.120215 -2.420302
2990000 3.407717 -0.166697 -2.718286
3000000 2.821698 -0.130397 -2.688796
3010000 2.259106 -0.241480 -2.492651
3020000 2.453440 -0.076026 -2.604557
3030000 1.913533 -0.242213 -2.761318
3040000 2.029946 -0.123568 -2.678479
3050000 1.587548 -0.073804 -2.629337
3060000 1.704459 -0.132467 -2.596324
3070000 1.586139 -0.012855 -2.415227
3080000 1.360238 -0.223558 -2.672350
3090000 1.433184 -0.161776 -2.594416
3100000 1.573099 -0.071892 -2.747662
3110000 1.288328 -0.299436 -2.681089
3120000 1.329811 -0.078644 -2.660773
3130000 1.763210 -0.096631 -2.705662
3140000 1.677993 -0.220595 -2.644637
3150000 1.531277 -0.199546 -2.593026
3160000 1.452435 -0.121372 -2.679907
3170000 1.141489 -0.145864 -2.643860
3180000 1.192929 -0.221017 -2.656372
3190000 1.358609 -0.306839 -2.614867
3200000 1.174904 -0.200804 -2.669326
3210000 1.397548 -0.044745 -2.519161
3220000 1.722646 -0.167702 -2.717120
3230000 1.135640 -0.055540 -2.817686
3240000 1.234597 -0.045172 -2.636564
3250000 1.366464 -0.138568 -2.548270
3260000 2.048139 -0.270161 -2.563741
3270000 2.585197 -0.273594 -2.670008
3280000 3.132961 -0.261526 -2.556557
3290000 4.056364 -0.181802 -2.534590
3300000 4.878102 -0.198054 -2.627828
3310000 4.885861 -0.052537 -2.633064
3320000 4.800930 -0.197592 -2.519007
3330000 4.347053 -0.069698 -2.593498
3340000 4.011252 -0.019760 -2.713784
3350000 3.616232 -0.279132 -2.547370
3360000 3.142031 -0.099175 -2.608742
3370000 3.554796 -0.288179 -2.473197
3380000 3.844296 -0.136795 -2.585596
3390000 3.488084 -0.164394 -2.581868
3400000 4.017097 -0.245968 -2.607179
3410000 4.814749 -0.074990 -2.648126
3420000 4.011780 -0.160877 -2.523247
3430000 4.314826 -0.238958 -2.707870
3440000 4.488598 -0.120904 -2.676409
3450000 4.802967 -0.102754 -2.700837
3460000 4.961025 -0.094451 -2.647530
3470000 5.050274 -0.301440 -2.577828
3480000 4.373558 -0.137341 -2.609539
3490000 5.084043 -0.099928 -2.539522
3500000 3.613250 -0.065740 -2.605206
3510000 3.520587 -0.237936 -2.719859
3520000 4.006011 -0.082813 -2.624510
3530000 4.426309 -0.121470 -2.580042
3540000 4.087257 -0.265419 -2.651487
3550000 4.017933 -0.089053 -2.706298
3560000 4.633750 -0.115325 -2.465197
3570000 4.236237 -0.212149 -2.640197
3580000 2.620988 -0.176091 -2.548728
3590000 2.816953 -0.288354 -2.633684
3600000 2.564335 -0.241874 -2.620995
3610000 2.325545 -0.269032 -2.622774
3620000 2.145029 -0.115546 -2.452115
3630000 2.820457 -0.107224 -2.684138
3640000 3.047637 -0.302307 -2.665310
3650000 3.123706 -0.054963 -2.740962
