100000 3.249318 -0.374086 -2.998786
110000 4.815951 -0.462364 -3.138506
120000 4.063842 -0.261315 3.092662
130000 4.397703 -0.371553 -3.094816
140000 4.828132 -0.307980 3.048499
150000 3.686502 -0.316960 -3.119892
160000 4.141562 -0.302538 3.101886
170000 4.230917 -0.254209 -3.110874
180000 3.434496 -0.230534 -3.128368
190000 2.555823 -0.366353 -3.085410
200000 2.208123 -0.245345 3.111254
210000 4.503520 -0.440632 3.078711
220000 2.640479 -0.333441 -3.112347
230000 3.847420 -0.482099 -3.139466
240000 2.542533 -0.311207 -3.036694
250000 4.163738 -0.374030 3.121311
260000 4.296678 -0.427334 -3.141365
270000 3.433378 -0.204068 3.114383
280000 3.126215 -0.272108 3.134779
290000 2.316041 -0.238776 3.091847
300000 2.786713 -0.211422 -3.097568
310000 3.507877 -0.425428 3.004875
320000 4.807358 -0.295382 3.061850
330000 4.662653 -0.278042 -3.139039
340000 4.716933 -0.327592 -3.024279
350000 4.838734 -0.345043 3.130429
360000 4.232388 -0.122045 -3.098245
370000 3.438708 -0.280172 3.094196
380000 2.752403 -0.443435 3.125732
390000 2.742976 -0.357709 3.058700
400000 1.988191 -0.177882 3.092924
410000 1.646850 -0.333338 -3.132274
420000 1.767572 -0.476422 -3.127322
430000 1.929827 -0.449334 -3.067104
440000 2.417943 -0.398262 3.127157
450000 2.457734 -0.522326 3.085693
460000 3.128590 -0.409817 2.947392
470000 3.738544 -0.392159 3.129052
480000 4.093432 -0.312588 3.099251
490000 4.943564 -0.515461 -3.093326
500000 4.630483 -0.369022 -3.084492
510000 4.693800 -0.408381 -3.137349
520000 4.342666 -0.501755 -3.027871
530000 4.157254 -0.387600 -3.099108
540000 4.174464 -0.313252 3.096596
550000 2.875794 -0.380200 -3.119243
560000 2.916940 -0.385959 3.116937
570000 2.289721 -0.248063 -3.041627
580000 2.305179 -0.329767 3.119692
590000 1.841125 -0.364857 -3.107386
600000 2.014752 -0.343205 -3.102181
610000 1.518850 -0.383550 3.135026
620000 1.540373 -0.318760 -3.107227
630000 1.605501 -0.167214 -3.017076
640000 3.264168 -0.342865 3.075251
650000 3.363355 -0.459283 -3.080662
660000 2.582833 -0.369420 -3.131676
670000 3.583388 -0.340516 3.025347
680000 4.395775 -0.425382 2.999867
690000 4.882947 -0.240720 -3.101641
700000 4.260058 -0.509433 -3.097299
710000 4.521390 -0.324419 -3.105192
720000 4.825803 -0.254806 -3.116847
730000 4.267910 -0.315418 -3.105229
740000 4.148152 -0.319155 3.050530
750000 3.956470 -0.470610 -3.126307
760000 2.935646 -0.338416 3.139973
770000 3.342858 -0.423902 3.078452
780000 4.501035 -0.362900 3.107790
790000 3.881571 -0.473499 -3.104607
800000 2.681751 -0.343802 -3.062119
810000 2.493732 -0.424206 2.944893
820000 2.296703 -0.319927 3.136322
830000 3.389056 -0.339780 -3.050606
840000 2.902027 -0.409272 3.138429
850000 2.961715 -0.341481 -3.129826
860000 4.041382 -0.392812 -3.121687
870000 4.034843 -0.223411 3.089254
880000 3.634729 -0.325794 -3.123305
890000 3.127028 -0.368913 3.088275
900000 4.789865 -0.352087 -3.133414
910000 4.950060 -0.376802 3.077433
920000 4.217581 -0.212184 -3.119049
930000 3.185904 -0.419158 3.099979
940000 4.984742 -0.512260 -3.137941
950000 4.361170 -0.347470 -2.978242
960000 3.862598 -0.396592 3.060839
970000 4.585987 -0.281633 -3.132690
980000 4.715414 -0.237108 -3.044528
990000 4.603326 -0.355594 -3.123038
1000000 4.171699 -0.379147 3.027448
1010000 2.956784 -0.503376 3.126860
1020000 2.486428 -0.297432 3.079267
1030000 3.064472 -0.474550 3.123824
1040000 2.043388 -0.470490 3.140443
1050000 2.101835 -0.447871 3.072153
1060000 1.631742 -0.141625 -3.112148
1070000 1.075858 -0.339944 -3.081009
1080000 1.230863 -0.428137 3.141544
1090000 1.154411 -0.245251 3.073870
1100000 0.786762 -0.444464 -3.100078
1110000 0.821639 -0.198913 -3.034148
1120000 0.825408 -0.230131 -3.035942
1130000 1.015137 -0.288667 3.129642
1140000 1.148857 -0.364862 3.117325
1150000 1.207659 -0.352367 -3.075624
1160000 1.331670 -0.438464 -3.111677
1170000 0.844098 -0.245833 -3.121277
1180000 0.652190 -0.350909 3.081398
1190000 0.729078 -0.408712 -3.131034
1200000 1.109943 -0.408016 2.946918
1210000 1.370493 -0.279044 -3.115405
1220000 1.153746 -0.378650 -3.102770
1230000 1.524566 -0.275962 -3.050486
1240000 1.094091 -0.279348 -3.079466
1250000 0.960370 -0.443372 -3.069880
1260000 0.976407 -0.313953 -3.099769
1270000 0.913360 -0.297394 3.102692
1280000 0.722756 -0.442825 -3.044331
1290000 0.857316 -0.371902 -3.057291
1300000 1.558054 -0.430008 -3.138015
1310000 1.500714 -0.388603 3.012984
1320000 2.016937 -0.268447 -3.084619
1330000 1.616853 -0.411479 -3.033782
1340000 1.894225 -0.300842 -3.115064
1350000 1.407485 -0.350685 -3.067604
1360000 1.389947 -0.312521 3.138568
1370000 1.172756 -0.412203 -3.018009
1380000 1.863537 -0.301415 -3.124769
1390000 2.134673 -0.295775 -3.140274
1400000 2.348198 -0.453105 3.058440
1410000 3.149615 -0.363697 -3.102923
1420000 3.141377 -0.413454 -3.001974
1430000 3.740403 -0.260562 3.139886
1440000 3.630070 -0.350479 3.102377
1450000 3.366474 -0.381038 -3.120151
1460000 3.949271 -0.304397 -3.081835
1470000 4.370857 -0.327334 -3.081588
1480000 3.904944 -0.335674 -3.137334
1490000 4.002290 -0.533958 -3.012162
1500000 2.867229 -0.494669 2.981200
1510000 2.516299 -0.271967 -3.081537
1520000 2.815029 -0.352586 3.033782
1530000 2.794357 -0.315254 3.056109
1540000 2.858855 -0.308566 -3.059187
1550000 2.349824 -0.495646 -3.113882
1560000 3.813465 -0.351736 -2.991989
1570000 2.948730 -0.303443 -3.059086
1580000 3.711152 -0.334312 -3.117212
1590000 3.366777 -0.339184 3.141104
1600000 2.671955 -0.337333 3.054962
1610000 2.274252 -0.442895 3.110933
1620000 2.146780 -0.332481 3.092628
1630000 2.083955 -0.357673 3.110653
1640000 1.882616 -0.393760 -3.042785
1650000 2.191943 -0.238586 -3.129302
1660000 3.043888 -0.435934 3.023010
1670000 3.220059 -0.263693 3.078102
1680000 4.213006 -0.301159 -3.097627
1690000 4.549717 -0.376028 2.987507
1700000 4.424721 -0.347199 -3.091935
1710000 4.936352 -0.335082 3.106677
1720000 4.180375 -0.327604 -3.107114
1730000 4.436616 -0.372504 -3.043171
1740000 3.478604 -0.365319 3.047214
1750000 4.238408 -0.328519 -2.986877
1760000 4.768428 -0.312099 3.030602
1770000 4.528245 -0.303514 -3.078491
1780000 4.117777 -0.298401 -3.021904
1790000 3.227447 -0.401903 -3.120464
1800000 2.717676 -0.336206 -3.138284
1810000 2.351483 -0.357946 3.135986
1820000 1.924912 -0.398182 3.100413
1830000 1.866830 -0.410147 3.086880
1840000 1.751699 -0.481924 3.053015
1850000 2.155563 -0.303198 -3.025942
1860000 1.932033 -0.329284 2.989653
1870000 1.633257 -0.485909 3.135282
1880000 1.649173 -0.367778 2.976032
1890000 1.550320 -0.477507 2.998342
1900000 1.740477 -0.410292 -3.120877
1910000 1.096156 -0.387322 3.084791
1920000 0.646589 -0.339278 -3.067743
1930000 0.994956 -0.308007 -2.970234
1940000 0.776281 -0.357965 2.983204
1950000 0.526236 -0.348447 -3.112228
1960000 0.844947 -0.335783 -3.124097
1970000 1.162236 -0.364480 3.053003
1980000 1.037282 -0.378498 -3.120942
1990000 1.153574 -0.241864 2.905859
2000000 0.922275 -0.379790 3.015709
2010000 1.308740 -0.366794 3.106241
2020000 1.193481 -0.187521 3.123040
2030000 1.375804 -0.283677 3.107776
2040000 1.136242 -0.340532 -3.086773
2050000 1.428628 -0.438759 3.098989
2060000 1.543503 -0.281223 2.982711
2070000 1.683204 -0.406491 3.056115
2080000 1.717845 -0.350253 3.138854
2090000 1.812822 -0.366584 2.986273
2100000 1.899085 -0.452212 -3.119148
2110000 1.124246 -0.352017 -3.119863
2120000 1.107169 -0.411630 3.140194
2130000 0.907096 -0.387430 3.114182
2140000 0.792487 -0.424597 3.134641
2150000 0.772835 -0.346438 -3.082294
2160000 0.923433 -0.335567 -3.064160
2170000 0.951247 -0.357019 3.116563
2180000 0.785333 -0.379432 -3.136738
2190000 0.980778 -0.452688 3.002071
2200000 1.217414 -0.513083 -3.124448
2210000 1.129578 -0.182220 -3.081033
2220000 1.107046 -0.358906 -3.062929
2230000 1.076311 -0.353140 3.122207
2240000 1.381966 -0.348549 3.104191
2250000 2.071479 -0.360449 3.096666
2260000 3.417918 -0.408821 -3.097578
2270000 2.973351 -0.341784 3.125564
2280000 4.255351 -0.431501 -3.108845
2290000 4.505140 -0.349710 3.128940
2300000 3.987340 -0.265931 -3.119284
2310000 4.949636 -0.302713 -3.135896
2320000 5.001730 -0.282897 3.130007
2330000 4.102995 -0.219908 -3.010096
2340000 3.477115 -0.316471 -3.091208
2350000 3.537726 -0.382077 3.104205
2360000 3.817683 -0.426079 -3.072751
2370000 3.551570 -0.262988 3.109478
2380000 4.008457 -0.270718 -3.062884
2390000 4.310496 -0.312685 -3.121662
2400000 4.643368 -0.293725 3.112501
2410000 3.169823 -0.340498 3.046310
2420000 2.582693 -0.438671 -3.133961
2430000 3.853419 -0.346663 3.070893
2440000 3.350372 -0.337894 3.090240
2450000 3.270490 -0.364805 -3.059581
2460000 3.083952 -0.299719 3.137494
2470000 2.581664 -0.317662 3.130294
2480000 2.934162 -0.342379 -3.112843
2490000 3.150036 -0.284833 3.065988
2500000 2.194967 -0.407817 3.048148
2510000 2.351065 -0.314693 3.030099
2520000 2.331371 -0.433363 3.130382
2530000 1.976127 -0.277568 3.054161
2540000 1.890559 -0.451051 3.132609
2550000 2.615979 -0.471752 -3.099393
2560000 1.897276 -0.362729 -3.120836
2570000 2.114992 -0.431787 -3.065013
2580000 2.471635 -0.342621 -3.104044
2590000 3.657743 -0.461083 -3.115701
2600000 3.906159 -0.306005 -3.125710
2610000 4.672196 -0.392791 3.028477
2620000 4.393269 -0.401230 3.128278
2630000 4.023117 -0.285224 3.128218
2640000 4.984029 -0.328242 -3.118934
2650000 4.746228 -0.373868 3.067965
2660000 4.901043 -0.393124 3.113791
2670000 4.369490 -0.358192 -3.126685
2680000 4.810183 -0.342737 3.036524
2690000 4.015650 -0.429652 -2.989687
2700000 3.434545 -0.406301 -3.074549
2710000 3.557852 -0.327847 3.092294
2720000 3.063258 -0.249473 3.138877
2730000 2.942868 -0.317250 3.061202
2740000 3.661598 -0.173343 -3.104960
2750000 4.087762 -0.410362 3.125131
2760000 4.932430 -0.376060 -3.115886
2770000 4.528257 -0.375095 3.088766
2780000 4.799921 -0.399593 3.108624
2790000 4.571619 -0.396587 -2.996412
2800000 3.292619 -0.352391 3.114306
2810000 3.303158 -0.392889 3.023769
2820000 3.787323 -0.328006 3.039310
2830000 4.012578 -0.344971 -3.128610
2840000 4.374791 -0.492868 -3.106953
2850000 4.363156 -0.528708 3.124080
2860000 4.279619 -0.390535 -3.109515
2870000 4.609032 -0.307286 -3.084119
2880000 4.077905 -0.226369 3.126828
2890000 3.081770 -0.466192 3.025911
2900000 2.527299 -0.446067 3.113852
2910000 2.464259 -0.336767 3.109191
2920000 2.057925 -0.377888 3.057779
2930000 2.280946 -0.290957 -3.064207
2940000 2.699712 -0.286053 -3.101622
2950000 2.358682 -0.287236 3.129734
2960000 2.778477 -0.455803 3.088355
2970000 3.610047 -0.418465 3.054217
2980000 3.369037 -0.438339 -3.117445
2990000 4.461110 -0.346993 -3.103417
3000000 4.101937 -0.393351 3.100885
3010000 4.679127 -0.281283 3.099788
3020000 4.625921 -0.412778 -3.092267
3030000 4.728106 -0.228575 3.121263
3040000 4.052078 -0.371676 -3.099529
3050000 3.089707 -0.289633 -3.020670
3060000 3.226204 -0.334373 -3.130687
3070000 3.308550 -0.371418 3.108479
3080000 2.893290 -0.323700 -3.110214
3090000 3.637333 -0.358402 3.101298
3100000 3.495748 -0.387404 -3.039322
3110000 3.748607 -0.438803 3.113448
3120000 3.838605 -0.427267 3.057584
3130000 3.845814 -0.303086 -3.012818
3140000 2.168598 -0.501735 3.119899
3150000 2.989339 -0.385158 -2.931805
3160000 1.975715 -0.418039 -3.115580
3170000 1.698345 -0.243813 3.137588
3180000 1.684637 -0.363057 -3.072145
3190000 2.248670 -0.447911 3.125873
3200000 1.877094 -0.531683 3.116897
3210000 2.338900 -0.217807 -3.022862
3220000 2.641907 -0.348142 3.079767
3230000 2.670869 -0.377431 3.098361
3240000 2.219568 -0.218066 3.115687
3250000 2.912478 -0.430606 -3.094761
3260000 2.722878 -0.538192 -3.055731
3270000 3.641670 -0.355085 -3.109227
3280000 4.864288 -0.422604 3.052279
3290000 4.434960 -0.381978 -3.056155
3300000 4.751713 -0.371890 3.065441
3310000 4.195212 -0.126346 -3.101572
3320000 4.233705 -0.418353 -3.139118
3330000 4.884563 -0.470532 -3.120813
3340000 4.207592 -0.281896 -3.063791
3350000 4.620202 -0.406906 -3.135425
3360000 4.303899 -0.354141 3.113829
3370000 4.666857 -0.303491 3.044085
3380000 3.539462 -0.308855 3.138186
3390000 2.501801 -0.369091 3.066828
3400000 3.522001 -0.341586 3.046815
3410000 3.512152 -0.406955 3.124883
3420000 3.800433 -0.353636 3.105358
3430000 3.182171 -0.315708 -3.136986
3440000 1.950725 -0.362461 -3.121182
3450000 1.597974 -0.291756 -3.133869
3460000 1.482212 -0.437666 3.027771
3470000 1.615757 -0.302714 3.110992
3480000 1.384327 -0.307578 -3.048052
3490000 1.496923 -0.429715 -3.124052
3500000 1.632848 -0.384785 -3.095955
3510000 1.762946 -0.242981 3.092932
3520000 1.586897 -0.485549 3.129383
3530000 2.101423 -0.472935 3.001369
3540000 2.395181 -0.471146 -2.996310
3550000 2.962769 -0.283690 -3.064472
3560000 3.520024 -0.438965 3.127238
3570000 3.480886 -0.383513 -3.092627
3580000 2.651718 -0.374946 -3.108093
3590000 3.785999 -0.193513 3.111405
3600000 3.030428 -0.397305 -3.098913
3610000 2.760229 -0.389502 3.081380
3620000 3.429449 -0.261594 3.052862
3630000 4.263387 -0.347951 2.997066
3640000 3.187294 -0.297302 3.116831
3650000 2.422824 -0.425861 3.118364
3660000 3.884185 -0.298781 -2.983769
3670000 4.384505 -0.398238 -3.100925
3680000 4.791941 -0.324781 -2.989389
3690000 4.842308 -0.334777 3.033032
3700000 4.585176 -0.347084 3.110929
3710000 4.418001 -0.504888 3.094886
3720000 4.198998 -0.342077 -3.079510
3730000 5.026002 -0.454382 3.082186
3740000 4.061556 -0.259517 -3.119117
3750000 4.536568 -0.379320 -3.089682
3760000 4.127897 -0.466816 3.057949
3770000 3.571912 -0.372957 3.060103
