100000 0.833286 -0.362219 1.583436
110000 2.013895 -0.285769 1.499392
120000 2.973604 -0.328820 1.655281
130000 4.312592 -0.350802 1.720851
140000 3.879463 -0.275113 1.553733
150000 4.530377 -0.359337 1.609965
160000 3.210747 -0.232677 1.557986
170000 2.486849 -0.334495 1.533327
180000 2.984059 -0.242357 1.467163
190000 3.862833 -0.234281 1.554453
200000 3.652700 -0.392086 1.631217
210000 2.584671 -0.425977 1.596885
220000 2.926578 -0.344153 1.672799
230000 4.534866 -0.288296 1.545488
240000 4.516616 -0.234447 1.672054
250000 4.743799 -0.233603 1.620244
260000 5.008523 -0.417556 1.638416
270000 4.458315 -0.369571 1.558805
280000 5.014008 -0.273117 1.591906
290000 3.540360 -0.426832 1.567090
300000 3.291263 -0.288264 1.649000
310000 3.795535 -0.403530 1.618839
320000 3.953821 -0.400217 1.604515
330000 4.483099 -0.482581 1.474089
340000 4.153223 -0.383417 1.550225
350000 3.668884 -0.340810 1.606925
360000 2.026824 -0.256398 1.510706
370000 2.344857 -0.354510 1.652141
380000 2.354211 -0.419754 1.552812
390000 3.137196 -0.353282 1.684056
400000 2.652813 -0.317897 1.573288
410000 2.210500 -0.447367 1.520580
420000 1.914561 -0.305916 1.631228
430000 3.059898 -0.376692 1.474359
440000 2.307961 -0.305714 1.612537
450000 1.691996 -0.409756 1.673517
460000 1.739469 -0.384388 1.481315
470000 2.231004 -0.356626 1.521395
480000 3.411445 -0.380419 1.477887
490000 4.188209 -0.348165 1.665337
500000 2.792256 -0.311489 1.504030
510000 4.209824 -0.299972 1.609586
520000 4.732721 -0.433067 1.564303
530000 3.561277 -0.325803 1.538351
540000 3.232600 -0.290108 1.564230
550000 3.393905 -0.301144 1.607498
560000 4.144746 -0.370752 1.564083
570000 2.906179 -0.302313 1.445772
580000 2.649490 -0.420970 1.568242
590000 2.440344 -0.367170 1.626162
600000 1.988917 -0.396582 1.647559
610000 1.569695 -0.354550 1.572306
620000 1.406943 -0.353212 1.570018
630000 1.243357 -0.231619 1.689955
640000 1.439656 -0.309223 1.719803
650000 1.637944 -0.372530 1.485363
660000 1.799675 -0.309067 1.537547
670000 1.943104 -0.367302 1.650589
680000 2.041016 -0.306940 1.754998
690000 3.528956 -0.332604 1.399559
700000 4.506322 -0.337727 1.565306
710000 4.962509 -0.405894 1.635804
720000 4.766908 -0.328500 1.577414
730000 3.531825 -0.450860 1.565482
740000 4.229580 -0.343160 1.409221
750000 4.412774 -0.331633 1.602303
760000 3.578803 -0.362186 1.657655
770000 3.267175 -0.399224 1.612804
780000 3.135138 -0.401698 1.587683
790000 3.385064 -0.380230 1.639351
800000 4.042541 -0.393706 1.679780
810000 3.633204 -0.336006 1.533728
820000 3.048738 -0.336303 1.602651
830000 2.440103 -0.410941 1.654594
840000 2.401563 -0.260647 1.484794
850000 2.790041 -0.176518 1.626994
860000 3.878240 -0.435931 1.521781
870000 4.045259 -0.501294 1.562744
880000 4.685365 -0.418893 1.599434
890000 4.822597 -0.275490 1.517581
900000 3.981810 -0.408836 1.645288
910000 3.754942 -0.355463 1.694663
920000 3.693780 -0.363344 1.403116
930000 4.224247 -0.352905 1.455431
940000 2.884337 -0.425018 1.603265
950000 2.336257 -0.307649 1.596777
960000 1.899081 -0.336678 1.615533
970000 1.538384 -0.396658 1.716776
980000 1.799613 -0.312839 1.613514
990000 2.362166 -0.389093 1.619277
1000000 2.271472 -0.353461 1.574398
1010000 2.931529 -0.282952 1.661502
1020000 3.470856 -0.260441 1.463850
1030000 3.917989 -0.403161 1.619774
1040000 3.926066 -0.418093 1.616538
1050000 4.016020 -0.444988 1.493860
1060000 3.382030 -0.235120 1.607962
1070000 2.720511 -0.286312 1.470118
1080000 3.160360 -0.314228 1.619224
1090000 2.611725 -0.453327 1.505459
1100000 2.568728 -0.269413 1.533400
1110000 2.308514 -0.438003 1.607391
1120000 1.826444 -0.270399 1.660886
1130000 1.112429 -0.413967 1.697250
1140000 0.718799 -0.290270 1.586836
1150000 0.858007 -0.294645 1.478757
1160000 1.001428 -0.408769 1.551734
1170000 1.272075 -0.398885 1.522616
1180000 1.274657 -0.370007 1.593385
1190000 1.301666 -0.291462 1.619621
1200000 1.116132 -0.341764 1.587616
1210000 1.147806 -0.390956 1.682836
1220000 0.875784 -0.311690 1.605703
1230000 1.088195 -0.466634 1.614533
1240000 0.958515 -0.314914 1.524300
1250000 1.119466 -0.282271 1.578286
1260000 1.296572 -0.333602 1.719348
1270000 1.570386 -0.323114 1.562140
1280000 1.699558 -0.372022 1.463769
1290000 1.686114 -0.271504 1.516910
1300000 1.772987 -0.393966 1.579430
1310000 2.162696 -0.361596 1.576745
1320000 3.279981 -0.221164 1.598144
1330000 4.465968 -0.445210 1.450114
1340000 4.663461 -0.423669 1.672571
1350000 4.261340 -0.234393 1.606976
1360000 4.445521 -0.390574 1.639993
1370000 3.539165 -0.240882 1.588593
1380000 4.344497 -0.418735 1.562118
1390000 5.011612 -0.221347 1.571370
1400000 4.660257 -0.347136 1.565142
1410000 3.574003 -0.315092 1.608451
1420000 2.834238 -0.335726 1.530556
1430000 3.202401 -0.280483 1.480799
1440000 2.421108 -0.317039 1.635320
1450000 2.049010 -0.280628 1.660533
1460000 3.347226 -0.409073 1.610124
1470000 3.782793 -0.463006 1.701661
1480000 3.744346 -0.362366 1.626371
1490000 3.284804 -0.399154 1.547994
1500000 3.054141 -0.296986 1.579932
1510000 2.603553 -0.236417 1.600764
1520000 1.888727 -0.378087 1.486251
1530000 1.667006 -0.328752 1.543791
1540000 1.305539 -0.404651 1.593572
1550000 0.962809 -0.293805 1.613504
1560000 0.944756 -0.331756 1.513149
1570000 0.727539 -0.257891 1.736981
1580000 0.725321 -0.414125 1.566771
1590000 0.718331 -0.373554 1.730821
1600000 1.049894 -0.368906 1.572760
1610000 1.100373 -0.368756 1.594185
1620000 1.137409 -0.250587 1.538821
1630000 1.207819 -0.397669 1.548836
1640000 1.359820 -0.344235 1.573215
1650000 1.226920 -0.452298 1.686540
1660000 1.179873 -0.362529 1.603646
1670000 1.057808 -0.385563 1.713029
1680000 1.407061 -0.483666 1.529229
1690000 1.392706 -0.338916 1.505437
1700000 1.517154 -0.275409 1.576202
1710000 1.752648 -0.328330 1.585349
1720000 1.790273 -0.248769 1.560372
1730000 1.873012 -0.359649 1.670110
1740000 1.961542 -0.260196 1.543396
1750000 2.195628 -0.364674 1.709249
1760000 2.365295 -0.398403 1.486323
1770000 2.084379 -0.449733 1.522457
1780000 1.946771 -0.289886 1.542355
1790000 2.462201 -0.344034 1.585092
1800000 2.841249 -0.393932 1.508698
1810000 4.244840 -0.339941 1.566283
1820000 4.498527 -0.434499 1.570454
1830000 4.896594 -0.276990 1.733247
1840000 4.459346 -0.327276 1.542734
1850000 4.108663 -0.370497 1.699902
1860000 4.318964 -0.348292 1.474537
1870000 4.852446 -0.403094 1.522922
1880000 3.563257 -0.393233 1.701310
1890000 4.841345 -0.321751 1.505509
1900000 4.865146 -0.325039 1.560791
1910000 4.626436 -0.285962 1.632898
1920000 4.601421 -0.265958 1.631487
1930000 4.571385 -0.292811 1.557700
1940000 4.181715 -0.372908 1.463389
1950000 4.033150 -0.366005 1.711253
1960000 3.980647 -0.351085 1.549805
1970000 3.086016 -0.272806 1.631284
1980000 3.502773 -0.344408 1.474407
1990000 4.099478 -0.296172 1.572199
2000000 4.723985 -0.336398 1.567573
2010000 4.470896 -0.309990 1.534179
2020000 4.567018 -0.337685 1.579597
2030000 3.436713 -0.406386 1.507959
2040000 2.791719 -0.390947 1.575852
2050000 2.687798 -0.472388 1.591928
2060000 2.818318 -0.392573 1.565053
2070000 2.396966 -0.347969 1.556939
2080000 2.609264 -0.419571 1.537509
2090000 3.485350 -0.271847 1.478303
2100000 3.436018 -0.326125 1.644381
2110000 3.590011 -0.335172 1.563955
2120000 3.320067 -0.299118 1.615673
2130000 4.080803 -0.410834 1.623925
2140000 4.551014 -0.292016 1.545028
2150000 4.547217 -0.228142 1.547837
2160000 4.920653 -0.310428 1.589358
2170000 4.374501 -0.286881 1.624479
2180000 4.468275 -0.459696 1.636667
2190000 3.888323 -0.340774 1.478105
2200000 4.356173 -0.278845 1.458577
2210000 3.106856 -0.434239 1.563752
2220000 2.557754 -0.339652 1.522776
2230000 2.926167 -0.385618 1.485494
2240000 2.683787 -0.253235 1.484289
2250000 2.164061 -0.396194 1.507870
2260000 2.222864 -0.455071 1.622870
2270000 2.212704 -0.259448 1.615970
2280000 1.744470 -0.270076 1.640059
2290000 1.604927 -0.389593 1.464943
2300000 1.920018 -0.199757 1.688802
2310000 1.525743 -0.383797 1.552446
2320000 1.512051 -0.299615 1.575022
2330000 1.460496 -0.384130 1.516803
2340000 1.276790 -0.350734 1.737152
2350000 1.224710 -0.295110 1.581714
2360000 1.206366 -0.264810 1.685699
2370000 1.043224 -0.334938 1.516617
2380000 0.918733 -0.271987 1.612578
2390000 1.028279 -0.453531 1.640873
2400000 1.261605 -0.343168 1.449884
2410000 1.218321 -0.386598 1.629665
2420000 1.038840 -0.421855 1.553065
2430000 1.352590 -0.468718 1.782512
2440000 1.549641 -0.426584 1.595600
2450000 1.534294 -0.404383 1.583869
2460000 1.747182 -0.214302 1.539528
2470000 1.711672 -0.330187 1.565979
2480000 2.029599 -0.199871 1.660148
2490000 2.483863 -0.387398 1.540447
2500000 2.639481 -0.340246 1.664455
2510000 3.262163 -0.327855 1.519486
2520000 4.126482 -0.366011 1.626691
2530000 3.118875 -0.407740 1.531061
2540000 2.344186 -0.382294 1.419415
2550000 2.042702 -0.312098 1.506235
2560000 2.995908 -0.300856 1.591463
2570000 3.238614 -0.354036 1.489664
2580000 4.101340 -0.325837 1.545730
2590000 4.803516 -0.383052 1.577283
2600000 4.934678 -0.307159 1.515811
2610000 4.455718 -0.288845 1.607958
2620000 4.416437 -0.279294 1.580850
2630000 4.767427 -0.376799 1.495084
2640000 4.111448 -0.381058 1.660853
2650000 3.518421 -0.371792 1.645469
2660000 4.015965 -0.345343 1.558379
2670000 4.497501 -0.338656 1.591573
2680000 4.585939 -0.427280 1.638637
2690000 3.850443 -0.462533 1.527887
2700000 2.897569 -0.439036 1.578367
2710000 2.566043 -0.438880 1.509161
2720000 2.511433 -0.208658 1.497040
2730000 3.034240 -0.299792 1.563227
2740000 3.349483 -0.333562 1.587342
2750000 3.032594 -0.354858 1.531183
2760000 3.301571 -0.300515 1.660649
2770000 3.839671 -0.379070 1.558955
2780000 2.962926 -0.343809 1.581230
2790000 2.157336 -0.310241 1.572216
2800000 2.317088 -0.269488 1.562447
2810000 2.508155 -0.306244 1.601955
2820000 3.209113 -0.186319 1.591012
2830000 3.265485 -0.349661 1.548196
2840000 2.742542 -0.396987 1.637501
2850000 2.261813 -0.352594 1.532329
2860000 2.159539 -0.340519 1.725374
2870000 2.142171 -0.465848 1.585016
2880000 2.626561 -0.325994 1.488175
2890000 2.353304 -0.380659 1.550591
2900000 3.243845 -0.360105 1.484759
2910000 3.827671 -0.286546 1.578198
2920000 4.104480 -0.362629 1.610944
2930000 4.625378 -0.382114 1.574151
2940000 4.882555 -0.300809 1.523624
2950000 3.573850 -0.278086 1.404702
2960000 3.567583 -0.343449 1.718054
2970000 3.107256 -0.227011 1.650935
2980000 3.392005 -0.326262 1.517634
2990000 3.828088 -0.335361 1.466207
3000000 4.565712 -0.283701 1.477287
3010000 3.971093 -0.254151 1.664250
3020000 4.074092 -0.430553 1.544608
3030000 3.973930 -0.328292 1.701764
3040000 3.600119 -0.459313 1.633734
3050000 2.566626 -0.472600 1.614025
3060000 2.769640 -0.355303 1.620043
3070000 2.867215 -0.369212 1.508554
3080000 2.543168 -0.432353 1.609599
3090000 1.937945 -0.329724 1.526894
3100000 1.999727 -0.312064 1.587367
3110000 1.998876 -0.284456 1.489104
3120000 2.066169 -0.366127 1.555369
3130000 2.850587 -0.457051 1.601899
3140000 2.609623 -0.411295 1.548366
3150000 2.660551 -0.395275 1.642173
3160000 4.153732 -0.265207 1.744050
3170000 4.434474 -0.321646 1.664544
3180000 3.493160 -0.327348 1.561977
3190000 4.307718 -0.357238 1.435357
3200000 4.700573 -0.273539 1.544188
3210000 4.056381 -0.321025 1.508186
3220000 3.224536 -0.447020 1.627546
3230000 2.778923 -0.569629 1.566807
3240000 3.229075 -0.234306 1.731217
3250000 3.698248 -0.362068 1.665247
3260000 4.222162 -0.488936 1.465499
3270000 5.026361 -0.326404 1.545920
3280000 4.818648 -0.248879 1.603664
3290000 4.980869 -0.390415 1.512835
3300000 4.875633 -0.357138 1.538241
3310000 4.681316 -0.347632 1.415826
3320000 3.932729 -0.240139 1.615920
3330000 4.233903 -0.329831 1.557303
3340000 4.855625 -0.355460 1.586997
3350000 3.358492 -0.441710 1.498907
3360000 4.370723 -0.348860 1.545436
3370000 3.676739 -0.358768 1.676958
3380000 3.402280 -0.445367 1.483171
3390000 4.431974 -0.444334 1.531492
3400000 4.881818 -0.277609 1.536245
3410000 4.768547 -0.334231 1.517118
3420000 4.245120 -0.336788 1.577299
3430000 4.103472 -0.319919 1.600269
3440000 4.447829 -0.325720 1.491506
3450000 3.999516 -0.344721 1.665362
3460000 3.800862 -0.194029 1.653903
3470000 3.630778 -0.315296 1.518709
3480000 2.182179 -0.362064 1.552804
3490000 1.995074 -0.315805 1.528959
3500000 2.352735 -0.295479 1.587347
3510000 2.335155 -0.332008 1.489933
3520000 2.025622 -0.314961 1.548893
3530000 2.384218 -0.425875 1.564093
3540000 2.903381 -0.399510 1.541928
3550000 3.044148 -0.473170 1.579402
3560000 2.921272 -0.350806 1.641155
3570000 2.858139 -0.374363 1.572935
3580000 2.379599 -0.343851 1.597122
3590000 3.289638 -0.382355 1.722494
3600000 3.353926 -0.353656 1.557642
3610000 2.654641 -0.315868 1.514284
3620000 1.561234 -0.279069 1.604262
3630000 1.712662 -0.353551 1.525129
3640000 1.736161 -0.221497 1.626746
3650000 1.583667 -0.338229 1.600102
3660000 1.420537 -0.325644 1.586853
3670000 1.477718 -0.281595 1.468998
3680000 1.739484 -0.316165 1.582001
3690000 1.783507 -0.291927 1.575804
3700000 1.950497 -0.533208 1.548938
3710000 2.230438 -0.478310 1.636278
3720000 2.379455 -0.359051 1.681144
3730000 2.628439 -0.314524 1.478439
3740000 3.514948 -0.409047 1.541632
3750000 2.088857 -0.340070 1.642698
3760000 2.225324 -0.304797 1.523409
3770000 2.393865 -0.399145 1.568872
3780000 3.476025 -0.381910 1.479236
3790000 3.851590 -0.424698 1.559045
3800000 4.699384 -0.364752 1.552994
3810000 4.281178 -0.339710 1.711173
3820000 4.030363 -0.494741 1.534309
3830000 3.593958 -0.237582 1.635877
3840000 3.272124 -0.389710 1.665520
3850000 4.489533 -0.302242 1.663371
3860000 4.059063 -0.438387 1.526592
3870000 4.879842 -0.403851 1.592736
