100000 3.983770 -0.371616 0.900117
110000 3.083869 -0.269980 0.819539
120000 1.641117 -0.397261 0.861397
130000 1.399826 -0.355241 0.804850
140000 1.786686 -0.259964 0.834876
150000 2.305487 -0.253250 0.945373
160000 1.990947 -0.354997 0.869949
170000 2.325013 -0.239283 0.833644
180000 2.541743 -0.353777 0.822613
190000 3.023358 -0.311466 0.817954
200000 4.259936 -0.328753 0.785152
210000 3.174232 -0.307721 0.901280
220000 3.791821 -0.314908 0.894149
230000 4.068410 -0.233164 0.932606
240000 4.792482 -0.457037 0.834298
250000 4.545890 -0.506653 0.819171
260000 4.485383 -0.275807 0.855591
270000 2.617110 -0.393277 0.866071
280000 2.288611 -0.353124 0.807280
290000 2.900829 -0.207995 0.815263
300000 3.655006 -0.262404 0.860303
310000 2.973569 -0.400808 0.913407
320000 2.827936 -0.251912 0.804280
330000 1.277745 -0.311557 0.831531
340000 0.898592 -0.331918 0.815996
350000 0.933158 -0.282303 0.978962
360000 1.252231 -0.404993 0.872713
370000 1.314526 -0.224137 0.886556
380000 1.461770 -0.401689 0.834537
390000 1.107363 -0.398762 0.736576
400000 1.362319 -0.307493 1.001019
410000 1.764977 -0.364017 0.928505
420000 2.065455 -0.377133 0.814106
430000 1.610655 -0.374894 0.931805
440000 1.636694 -0.322908 0.915540
450000 1.450342 -0.431832 0.890688
460000 1.261420 -0.397860 0.855999
470000 1.934660 -0.284925 0.814982
480000 2.765460 -0.305131 0.761735
490000 3.398031 -0.400932 1.141319
500000 4.410174 -0.353485 0.831116
510000 4.756877 -0.284903 0.856004
520000 4.066735 -0.318680 0.883682
530000 4.758147 -0.303133 0.808939
540000 3.215971 -0.419540 0.835989
550000 3.441955 -0.454112 0.956097
560000 2.336092 -0.394793 0.852843
570000 2.370338 -0.349130 0.863210
580000 2.096038 -0.416843 0.947418
590000 2.444252 -0.255002 0.652501
600000 2.501199 -0.412667 0.851727
610000 3.481368 -0.376952 0.758594
620000 3.626861 -0.310205 0.871866
630000 4.714580 -0.386597 0.894050
640000 4.063833 -0.352550 0.969839
650000 3.486573 -0.315733 0.961227
660000 3.148580 -0.237957 0.772467
670000 3.772063 -0.388601 0.971567
680000 4.117666 -0.233676 0.931618
690000 4.582323 -0.353733 1.038060
700000 3.524438 -0.322425 0.891249
710000 4.056753 -0.288369 0.973569
720000 4.080624 -0.417156 0.832217
730000 4.491240 -0.329679 0.789825
740000 4.683287 -0.303147 0.832075
750000 3.618208 -0.465704 0.806801
760000 3.609916 -0.368337 0.872479
770000 2.534658 -0.301914 0.891702
780000 2.328157 -0.396492 0.876628
790000 3.066655 -0.297308 0.958575
800000 3.214834 -0.348962 0.857590
810000 3.348642 -0.448867 0.742383
820000 3.998197 -0.540108 0.856673
830000 2.798757 -0.245083 0.820574
840000 3.172274 -0.309622 0.963360
850000 2.902443 -0.315383 0.824440
860000 2.327916 -0.419824 0.911594
870000 2.305574 -0.357524 0.983979
880000 1.251456 -0.449619 0.833644
890000 0.793428 -0.318739 0.904350
900000 0.840103 -0.325733 0.910843
910000 1.108244 -0.381470 0.959310
920000 1.362355 -0.442428 0.772689
930000 1.042785 -0.224232 0.874680
940000 1.435551 -0.275076 0.897053
950000 1.556060 -0.389518 0.985608
960000 1.520912 -0.330020 0.837298
970000 1.781197 -0.360463 0.837070
980000 1.650226 -0.208479 0.860934
990000 1.940323 -0.287035 0.913993
1000000 2.241240 -0.369497 0.783508
1010000 2.586436 -0.308005 0.855541
1020000 3.132477 -0.415682 0.869420
1030000 2.643629 -0.227147 0.851580
1040000 2.835477 -0.421939 0.921468
1050000 3.320823 -0.361502 0.864549
1060000 4.775452 -0.291836 0.811723
1070000 4.813138 -0.454186 0.842553
1080000 4.258764 -0.349980 0.793201
1090000 4.107799 -0.256166 0.849730
1100000 3.977220 -0.420545 0.972586
1110000 2.877520 -0.321523 0.877712
1120000 3.739242 -0.365194 0.853109
1130000 4.552228 -0.241626 0.782991
1140000 4.313170 -0.346038 0.868061
1150000 4.709162 -0.216594 0.958212
1160000 4.559512 -0.393596 0.811021
1170000 3.402868 -0.359964 0.894135
1180000 3.665076 -0.239673 0.835178
1190000 4.521408 -0.254139 0.965621
1200000 4.604446 -0.303183 0.806174
1210000 4.303128 -0.432492 0.783816
1220000 4.032444 -0.376237 0.915385
1230000 3.324886 -0.234630 0.896107
1240000 2.855654 -0.412882 0.840914
1250000 3.094263 -0.345799 0.777365
1260000 2.611151 -0.402052 0.891313
1270000 2.122183 -0.323395 0.802263
1280000 2.666512 -0.406643 0.904955
1290000 2.054610 -0.148923 0.904469
1300000 1.896075 -0.267348 0.814877
1310000 1.668795 -0.227460 0.908147
1320000 1.554533 -0.279882 0.896651
1330000 2.196392 -0.338965 0.872144
1340000 2.625023 -0.395993 0.932328
1350000 3.726960 -0.221826 0.964518
1360000 3.822938 -0.433476 0.782804
1370000 3.840270 -0.359382 0.920847
1380000 3.410133 -0.321758 0.890342
1390000 3.086799 -0.260336 0.894047
1400000 3.506299 -0.260128 0.857877
1410000 3.040315 -0.388015 0.784099
1420000 2.606370 -0.285938 0.846418
1430000 2.460021 -0.384725 1.037684
1440000 2.071955 -0.418157 1.015791
1450000 1.915327 -0.275584 0.960717
1460000 1.879028 -0.320996 0.901137
1470000 1.034321 -0.175972 1.023699
1480000 1.209355 -0.354057 0.902838
1490000 1.117076 -0.367060 0.903104
1500000 1.214145 -0.365374 0.772456
1510000 1.562309 -0.281706 0.882603
1520000 1.441459 -0.375055 0.885276
1530000 1.618875 -0.413602 0.937244
1540000 1.648293 -0.370672 0.809904
1550000 1.606487 -0.300840 0.982922
1560000 2.079595 -0.320953 1.026989
1570000 1.327792 -0.297167 0.896355
1580000 1.240655 -0.354747 0.877767
1590000 1.391636 -0.433728 0.819200
1600000 1.048404 -0.406511 0.881366
1610000 0.797009 -0.335207 0.838641
1620000 1.547176 -0.448289 0.932800
1630000 1.290895 -0.225719 0.870365
1640000 1.354206 -0.428646 0.884724
1650000 1.619539 -0.309185 0.955468
1660000 1.581724 -0.448660 0.833210
1670000 1.018188 -0.332916 0.756132
1680000 0.958416 -0.269196 1.042912
1690000 0.812114 -0.234233 1.018108
1700000 0.807295 -0.330730 0.828600
1710000 0.618377 -0.264829 0.773373
1720000 0.669404 -0.319689 0.832381
1730000 0.780049 -0.460675 0.860357
1740000 0.879468 -0.223075 0.921661
1750000 1.134186 -0.358335 0.865752
1760000 1.264403 -0.273324 0.789086
1770000 1.422659 -0.268048 0.846199
1780000 1.582608 -0.315100 0.770781
1790000 1.904194 -0.319936 0.783864
1800000 1.561104 -0.216794 0.851348
1810000 1.835434 -0.280051 0.962346
1820000 2.209443 -0.359631 0.788601
1830000 2.896786 -0.389122 0.836500
1840000 2.704111 -0.412845 0.820629
1850000 3.157104 -0.298926 0.816754
1860000 4.381206 -0.303123 0.833412
1870000 4.326630 -0.327945 0.808003
1880000 4.140170 -0.473763 0.816389
1890000 4.160393 -0.427066 0.824963
1900000 2.926805 -0.468702 0.842152
1910000 3.319571 -0.371992 0.804165
1920000 2.580790 -0.344578 0.887482
1930000 4.342133 -0.487814 0.986820
1940000 4.707432 -0.235429 0.847203
1950000 4.622901 -0.376224 0.962201
1960000 4.894014 -0.200047 0.961360
1970000 4.993335 -0.377485 0.995012
1980000 4.369244 -0.435307 0.794812
1990000 3.781875 -0.276007 0.728154
2000000 4.774790 -0.310801 0.890882
2010000 4.827833 -0.335990 0.848782
2020000 4.935884 -0.161508 0.861338
2030000 3.966443 -0.236104 0.865241
2040000 3.343759 -0.255893 0.811434
2050000 2.544849 -0.390223 0.927879
2060000 2.791818 -0.292779 0.901692
2070000 2.316861 -0.391580 0.843213
2080000 2.085807 -0.402465 0.973978
2090000 2.499717 -0.326561 0.844736
2100000 3.220003 -0.350131 0.848443
2110000 3.311266 -0.384439 0.899670
2120000 3.334505 -0.470385 0.819416
2130000 2.842653 -0.349753 0.887886
2140000 2.637226 -0.311233 0.881676
2150000 3.085915 -0.388508 0.787800
2160000 3.318434 -0.379334 0.801770
2170000 4.000916 -0.448597 0.805586
2180000 4.402741 -0.285394 0.797426
2190000 3.834629 -0.471071 0.855342
2200000 4.162669 -0.317807 0.835575
2210000 3.767009 -0.296379 0.951843
2220000 3.435419 -0.456337 0.950595
2230000 2.935543 -0.372028 0.867210
2240000 3.731233 -0.276727 0.843502
2250000 4.443227 -0.334890 0.787966
2260000 3.164111 -0.501026 0.810484
2270000 4.599743 -0.318482 0.831445
2280000 4.705582 -0.381976 0.732762
2290000 4.274503 -0.305979 0.894485
2300000 5.031977 -0.399325 0.846014
2310000 4.616727 -0.283872 0.968448
2320000 4.302774 -0.402896 0.942502
2330000 4.901844 -0.360461 0.966234
2340000 4.893849 -0.337044 0.893357
2350000 4.863490 -0.402793 0.896661
2360000 3.792753 -0.393739 0.900085
2370000 3.971162 -0.316864 0.815437
2380000 4.440428 -0.340258 0.904499
2390000 4.488827 -0.333717 0.894616
2400000 3.181938 -0.442873 0.909919
2410000 2.075116 -0.348534 0.918524
2420000 2.535367 -0.395817 0.742145
2430000 2.100638 -0.254111 0.919032
2440000 2.667191 -0.359743 0.820010
2450000 3.397094 -0.458159 0.941081
2460000 3.001837 -0.299942 0.899046
2470000 3.384521 -0.392305 0.827375
2480000 3.187556 -0.341176 0.759382
2490000 3.549527 -0.440736 0.800103
2500000 2.600049 -0.380311 0.938122
2510000 3.564620 -0.303087 0.659208
2520000 2.559566 -0.250573 0.782561
2530000 2.759764 -0.521710 0.874782
2540000 2.930306 -0.312618 0.866406
2550000 3.359691 -0.281933 0.826321
2560000 4.218770 -0.215995 0.805515
2570000 4.295269 -0.418467 0.778959
2580000 4.861486 -0.356689 0.930829
2590000 4.469626 -0.454067 0.854273
2600000 3.754979 -0.313659 0.818183
2610000 4.745192 -0.383339 0.857132
2620000 4.847790 -0.374584 0.863399
2630000 4.421444 -0.322867 0.857430
2640000 4.945717 -0.459506 1.045288
2650000 4.051440 -0.446931 0.864211
2660000 3.647423 -0.325137 1.014206
2670000 3.377503 -0.295361 0.941195
2680000 3.270376 -0.394091 0.966562
2690000 2.540499 -0.274184 0.853534
2700000 2.118630 -0.321528 0.877955
2710000 2.207441 -0.386362 0.878663
2720000 1.887934 -0.369018 0.875801
2730000 2.111405 -0.324394 0.852960
2740000 2.249260 -0.397159 0.948599
2750000 1.672807 -0.359918 0.952854
2760000 1.913236 -0.343179 0.947208
2770000 1.893038 -0.437266 0.803523
2780000 1.614154 -0.373374 0.893698
2790000 1.892034 -0.443833 0.981005
2800000 1.724184 -0.369967 0.831946
2810000 2.285930 -0.278110 0.918490
2820000 3.092467 -0.317139 0.819674
2830000 3.326446 -0.336537 0.795080
2840000 3.410759 -0.324879 0.995366
2850000 4.337734 -0.349949 0.904969
2860000 4.036138 -0.394850 0.859442
2870000 4.096699 -0.286264 0.942516
2880000 5.006725 -0.288202 0.870106
2890000 4.643938 -0.457898 0.971180
2900000 3.817343 -0.430003 0.861447
2910000 2.459378 -0.293929 0.822888
2920000 2.585140 -0.495433 0.894222
2930000 2.128171 -0.468848 0.769848
2940000 2.033602 -0.194975 0.990421
2950000 2.910370 -0.294498 0.892442
2960000 3.492278 -0.278120 0.954087
2970000 3.999562 -0.513324 0.774854
2980000 4.542621 -0.301278 0.867059
2990000 3.391424 -0.404623 0.904663
3000000 3.137359 -0.419070 0.874750
3010000 3.588133 -0.313435 0.872629
3020000 4.670784 -0.293944 0.864200
3030000 4.031814 -0.214913 0.914521
3040000 4.246403 -0.330452 0.917837
3050000 3.643859 -0.380369 0.888889
3060000 2.960035 -0.384065 0.896694
3070000 2.552330 -0.494538 0.808075
3080000 2.740364 -0.339269 0.887563
3090000 3.494004 -0.313278 0.879143
3100000 2.923598 -0.465037 0.822312
3110000 1.973934 -0.360760 0.879045
3120000 1.253293 -0.418704 0.817815
3130000 1.219716 -0.345254 0.951126
3140000 1.136945 -0.354796 0.830322
3150000 1.012571 -0.442848 0.871061
3160000 1.237510 -0.295903 0.794862
3170000 1.393943 -0.352623 0.782594
3180000 1.250266 -0.244270 0.937557
3190000 1.289668 -0.311606 0.938314
3200000 1.460125 -0.366490 0.891241
3210000 1.479779 -0.215809 0.895723
3220000 1.543649 -0.440877 1.068841
3230000 1.281415 -0.256727 0.754730
3240000 0.879039 -0.401572 1.048269
3250000 0.871405 -0.263864 0.908652
3260000 0.868104 -0.346512 0.777049
3270000 0.965512 -0.456613 0.836852
3280000 0.811222 -0.339223 0.884840
3290000 1.101853 -0.296094 0.831033
3300000 1.235078 -0.334677 0.773932
3310000 1.188026 -0.284506 0.811933
3320000 0.918102 -0.422597 1.002109
3330000 0.599346 -0.300338 0.891816
3340000 0.579198 -0.264066 0.883514
3350000 0.691626 -0.290529 0.694586
3360000 0.504432 -0.445422 0.779089
3370000 0.754038 -0.312937 0.896379
3380000 0.825418 -0.494125 0.885173
3390000 0.662863 -0.265679 0.891968
3400000 0.721705 -0.346823 0.915763
3410000 0.811485 -0.300437 0.862151
3420000 1.296926 -0.273565 0.916057
3430000 1.777786 -0.243334 0.821881
3440000 1.548090 -0.302784 0.971220
3450000 1.503025 -0.276267 0.798623
3460000 1.695731 -0.341722 0.912158
3470000 1.770214 -0.151264 0.998761
3480000 1.879495 -0.416793 0.896963
3490000 2.297200 -0.498449 0.815532
3500000 2.344919 -0.380091 0.830834
3510000 2.051594 -0.354692 0.903362
3520000 2.043459 -0.342779 0.810685
3530000 1.864952 -0.364404 0.919109
3540000 2.032855 -0.182631 0.876960
3550000 3.003332 -0.434206 0.829155
3560000 3.354888 -0.343171 0.860564
3570000 3.321274 -0.391067 0.764158
