100000 3.361658 2.711672 2.843134
110000 3.862329 2.698869 2.851249
120000 4.349190 2.833731 2.678594
130000 3.510508 2.686688 2.885270
140000 4.130269 2.853055 2.811946
150000 2.802984 2.892435 2.747844
160000 3.880859 2.701116 2.765317
170000 4.613487 2.739253 2.775673
180000 4.905159 2.790910 2.863334
190000 4.016748 2.804174 2.821418
200000 3.651808 2.845777 2.864308
210000 3.646397 2.821218 2.810615
220000 2.521363 2.747376 2.749281
230000 1.564452 2.786401 2.892118
240000 0.988754 2.913689 2.821440
250000 1.029470 2.829439 2.839339
260000 1.316274 2.823397 2.844722
270000 1.896171 2.912409 2.738482
280000 0.774438 2.974236 2.824594
290000 0.840760 2.743408 2.708040
300000 0.918220 2.808220 2.898151
310000 1.025216 2.844749 2.940051
320000 1.717738 2.597272 2.678083
330000 1.709595 2.750606 2.736761
340000 2.689622 2.791693 2.705366
350000 3.277682 2.806256 2.744846
360000 2.942143 2.679185 2.725751
370000 3.165127 2.837324 2.788478
380000 3.795277 2.854893 2.602907
390000 4.666598 2.859448 2.901717
400000 3.838195 2.671963 2.693482
410000 3.743230 2.857375 2.825042
420000 4.738653 2.803139 2.782563
430000 5.014297 2.739594 2.826164
440000 4.719899 2.810537 2.811664
450000 3.450091 2.623721 2.720903
460000 3.872320 2.835802 2.826381
470000 2.879737 2.954382 2.790512
480000 4.203496 2.939454 2.897366
490000 3.666550 2.890114 2.904206
500000 4.773263 2.622146 2.795724
510000 4.838728 2.786128 2.816863
520000 3.919132 2.839120 2.801388
530000 5.004363 2.938422 2.812644
540000 5.041652 2.901164 2.790996
550000 3.977410 2.772916 2.874567
560000 4.016678 2.929761 2.940288
570000 2.156921 2.931173 2.815670
580000 2.067217 2.847161 2.801680
590000 1.451003 2.799398 2.722445
600000 2.721232 2.855809 2.945692
610000 2.213693 2.783284 2.647115
620000 2.781455 2.807508 2.814479
630000 2.518004 2.750021 2.683740
640000 1.883540 2.794106 2.713237
650000 1.654483 2.756831 2.756266
660000 1.205772 2.862617 2.684546
670000 0.605040 2.784504 2.853193
680000 0.771921 2.919593 2.772573
690000 1.120464 2.881588 2.933420
700000 1.122858 2.740393 2.815194
710000 1.209011 2.839200 2.707832
720000 1.384221 2.831972 2.689331
730000 0.929028 2.856540 2.950252
740000 0.641444 2.909448 2.827274
750000 1.187893 2.845013 2.727265
760000 1.638591 2.834606 2.792954
770000 1.139557 2.796814 2.881591
780000 1.033568 2.856116 2.793357
790000 1.168497 2.805145 2.643507
800000 2.113471 2.820561 2.847896
810000 2.865461 2.911861 2.781272
820000 3.342755 2.607822 2.902475
830000 3.086658 2.857494 2.711870
840000 3.551505 2.793412 2.741247
850000 2.012578 2.699194 2.837012
860000 2.284124 2.681321 2.766038
870000 3.183888 2.937345 2.893469
880000 2.278915 2.664591 2.769714
890000 2.258432 2.846412 2.800149
900000 1.807580 2.797408 2.841085
910000 2.397360 2.794665 2.704957
920000 3.733020 2.886643 2.830571
930000 4.158795 2.769609 2.831516
940000 4.493455 2.672507 2.857830
950000 4.407116 2.775403 2.635411
960000 4.026054 2.844916 2.696374
970000 4.056222 2.857823 2.724487
980000 2.709912 2.771317 2.758580
990000 3.172637 2.850610 2.864629
1000000 4.566263 2.854015 2.666904
1010000 3.877441 2.865835 2.741288
1020000 2.630186 2.754178 2.751753
1030000 4.031146 2.823054 2.709752
1040000 2.682197 2.909790 2.874658
1050000 2.543319 2.712972 2.756003
1060000 2.822534 2.696746 2.793687
1070000 2.079125 2.948883 2.715278
1080000 1.584209 2.794248 2.716676
1090000 1.614139 2.872624 2.823675
1100000 1.677022 2.806540 2.910417
1110000 1.441577 2.781217 2.742826
1120000 1.360138 2.744566 2.758199
1130000 1.216623 2.638515 2.753690
1140000 1.046615 2.839357 2.731713
1150000 0.862776 2.837257 2.792666
1160000 1.018471 2.754565 2.853891
1170000 1.031568 2.731914 2.832440
1180000 0.804059 2.751356 2.814867
1190000 0.502946 2.697827 2.963956
1200000 0.569007 2.706672 2.826961
1210000 0.708680 2.836445 2.768425
1220000 0.979033 2.720107 2.798807
1230000 1.483002 2.741607 2.692004
1240000 1.406705 2.568541 2.732472
1250000 1.665084 2.789604 2.908912
1260000 1.904021 2.983142 2.787768
1270000 2.126922 2.662703 2.850003
1280000 1.921682 2.827899 2.883790
1290000 2.344311 2.889984 2.739952
1300000 2.667560 2.866817 2.954800
1310000 3.672827 2.704027 2.748206
1320000 3.188024 2.731739 2.752911
1330000 4.519155 2.775011 2.744479
1340000 4.791969 2.888038 2.658691
1350000 4.919522 2.867033 2.712405
1360000 4.708638 2.873158 2.790615
1370000 4.835938 2.855488 2.809379
1380000 4.482228 2.677542 2.858870
1390000 4.321564 2.706378 2.790851
1400000 4.242248 2.698968 2.826057
1410000 3.560004 2.790324 2.860238
1420000 3.545193 2.668190 2.826146
1430000 3.272503 2.745023 2.791266
1440000 3.051368 2.781553 2.833602
1450000 3.145520 2.672100 2.848869
1460000 2.588070 2.814128 2.782172
1470000 2.991827 2.784431 2.888317
1480000 3.427337 2.716041 2.699318
1490000 3.349706 2.901492 2.841390
1500000 4.030954 2.959631 2.712343
1510000 4.398214 2.865442 2.772646
1520000 4.861112 2.750966 2.854346
1530000 4.471743 2.781610 2.672581
1540000 4.786613 2.881353 2.831016
1550000 3.281315 2.793162 2.712987
1560000 3.653548 2.774926 2.720406
1570000 3.093418 2.771606 2.790632
1580000 2.657833 2.730410 2.794742
1590000 3.090019 2.779942 2.822496
1600000 4.205699 2.713497 2.834948
1610000 4.646708 2.775465 2.749604
1620000 3.972604 2.840579 2.804211
1630000 3.550221 2.808418 2.760927
1640000 3.978829 2.600731 2.652191
1650000 4.651214 2.866150 2.566018
1660000 4.856097 2.675157 2.680160
1670000 4.822698 2.785533 2.830302
1680000 3.012407 2.758021 2.677025
1690000 2.749251 2.715241 2.711701
1700000 3.198017 2.785196 2.871038
1710000 2.196270 2.890908 2.787592
1720000 2.258698 2.777234 2.806147
1730000 1.297464 2.856995 2.745831
1740000 1.619298 2.891927 2.839955
1750000 2.065522 2.735444 2.709350
1760000 3.153592 2.717862 2.840253
1770000 2.657767 2.773346 2.711371
1780000 2.321397 2.831807 2.733395
1790000 2.933644 2.738318 2.865417
1800000 4.122625 2.685752 2.730638
1810000 4.323297 2.819685 2.875838
1820000 3.669408 2.904610 2.801065
1830000 4.022735 2.874465 2.716186
1840000 4.024230 2.660594 2.756196
1850000 4.876667 2.729311 2.904855
1860000 4.618286 2.817945 2.717262
1870000 4.908707 2.926881 2.809626
1880000 4.856284 2.813004 2.793474
1890000 4.176441 2.768469 2.811586
1900000 3.676589 2.837295 2.727847
1910000 3.901630 2.870990 2.750781
1920000 4.293763 2.803313 2.761993
1930000 5.019893 2.762906 2.809776
1940000 4.467102 2.761231 2.786695
1950000 4.069271 2.702310 2.857885
1960000 3.842201 2.873632 2.836578
1970000 3.639707 2.727909 2.924659
1980000 3.740910 2.913156 2.726562
1990000 2.492791 2.837350 2.671383
2000000 1.991998 2.700083 2.800991
2010000 1.742762 2.630165 2.783093
2020000 1.511964 2.754372 2.711318
2030000 1.909997 2.884109 2.812878
2040000 2.384400 2.653373 2.795342
2050000 2.086542 2.786237 2.813725
2060000 2.033052 2.803986 2.838706
2070000 1.701204 2.786465 2.854349
2080000 1.565490 2.776386 2.662590
2090000 1.731225 2.800762 2.731291
2100000 1.328727 2.788012 2.854987
2110000 1.113769 2.865989 2.748115
2120000 1.363019 2.713946 2.827417
2130000 1.088881 2.858865 2.867784
2140000 1.053239 2.932181 2.843477
2150000 0.894594 2.933565 2.859438
2160000 1.180411 2.768882 2.759982
2170000 1.437676 2.833536 2.735212
2180000 1.434383 2.805582 2.868183
2190000 1.105274 2.782584 2.768449
2200000 1.586985 2.753160 2.771055
2210000 1.417963 2.855486 2.905616
2220000 1.312954 2.743623 2.826801
2230000 1.146387 2.734908 2.806720
2240000 0.721494 2.650420 2.743437
2250000 0.905329 2.790664 2.730601
2260000 0.923967 2.741230 2.673856
2270000 0.749901 2.808263 2.800236
2280000 0.667841 3.015190 2.814699
2290000 0.835465 2.795313 2.786243
2300000 0.944716 2.700349 2.793520
2310000 0.951782 2.968344 2.796089
2320000 0.830696 2.764742 2.848761
2330000 0.759262 2.849936 2.756489
2340000 0.748876 2.832322 2.726810
2350000 0.800922 2.922066 2.752467
2360000 1.002673 2.694184 2.793210
2370000 0.926673 2.791320 2.716027
2380000 1.066249 2.822262 2.830302
2390000 1.058618 2.833087 2.654644
2400000 0.934067 2.828435 2.731293
2410000 0.548723 2.814855 2.804210
2420000 0.583447 2.953905 2.859675
2430000 0.502162 2.873023 2.762210
2440000 0.599474 2.755100 2.782478
2450000 0.607813 2.841885 2.897204
2460000 0.799494 2.854788 2.731783
2470000 0.874531 2.846480 2.706988
2480000 0.838135 2.668305 2.694053
2490000 1.119543 2.687250 2.797325
2500000 1.864229 2.593020 2.783250
2510000 2.423071 2.879096 2.851844
2520000 2.582930 2.684885 2.836340
2530000 3.209059 2.882988 2.727298
2540000 3.064355 2.727056 2.714234
2550000 3.125088 2.814828 2.657418
2560000 3.172505 2.680473 2.821531
2570000 3.312996 2.724484 2.703653
2580000 4.699702 2.871506 2.811677
2590000 4.998529 2.731462 2.778439
2600000 4.995117 2.710376 2.785137
2610000 4.299742 2.837291 2.822321
2620000 4.453743 2.795593 2.858246
2630000 4.829893 2.839222 2.816201
2640000 4.374640 2.677882 2.986273
2650000 4.820061 2.825901 2.771754
2660000 3.157979 2.632963 2.763158
2670000 4.402496 2.867783 2.788602
2680000 3.667511 2.728663 2.916352
2690000 2.611557 2.746986 2.644749
2700000 2.334037 2.830781 2.750271
2710000 2.694927 2.881709 2.814116
2720000 2.190471 2.793392 2.745302
2730000 2.728899 2.793162 2.746425
2740000 2.293460 2.870675 2.807866
2750000 3.163296 2.740021 2.768677
2760000 3.277093 2.857698 2.767536
2770000 3.832626 2.732688 2.774492
2780000 4.316203 2.697183 2.753757
2790000 4.099626 2.804282 2.846012
2800000 3.915987 2.837934 2.818134
2810000 5.001112 2.831990 2.747214
2820000 4.838171 2.858249 2.888345
2830000 3.397437 2.754474 2.733723
2840000 2.810306 2.842560 2.646066
2850000 3.163689 2.753801 2.859016
2860000 2.572481 2.796114 2.681776
2870000 2.128938 2.673761 2.882081
2880000 3.101495 2.684970 2.732360
2890000 3.178315 2.712879 2.714841
2900000 2.611264 2.726538 2.658184
2910000 2.676698 2.929047 2.799433
2920000 3.382402 2.835630 2.779212
2930000 4.117219 2.792044 2.842617
2940000 4.951713 2.908472 2.919475
2950000 4.821333 2.827939 2.709695
2960000 4.861356 2.832290 2.779325
2970000 5.032378 2.750192 2.833137
2980000 4.643606 2.763514 2.799344
2990000 4.285394 2.796560 2.778672
3000000 3.964174 2.734581 2.831765
3010000 3.514971 2.794265 2.839697
3020000 4.716372 2.775331 2.958079
3030000 4.112410 2.813159 2.905864
3040000 4.920315 2.916586 2.889617
3050000 4.667820 2.871574 2.740306
3060000 4.863599 2.834893 2.632092
3070000 4.924756 2.743626 2.739817
3080000 4.556396 2.649389 2.762545
3090000 4.696514 2.865525 2.739734
3100000 3.303162 2.714667 2.881263
3110000 3.980686 2.729386 2.813009
3120000 2.849989 2.655623 2.720699
3130000 3.370692 2.721880 2.704558
3140000 2.827705 2.732374 2.766222
3150000 2.834636 2.766256 2.763887
3160000 1.913430 2.861427 2.916859
3170000 1.922615 2.984851 2.863926
3180000 1.989676 2.773777 2.661464
3190000 2.307579 2.743381 2.771284
3200000 1.938287 2.813839 2.821260
3210000 1.797354 3.018039 2.694911
3220000 2.184988 2.760220 2.820353
3230000 3.095063 2.752677 2.820577
3240000 3.830700 2.726519 2.744219
3250000 3.501797 2.752026 2.715587
3260000 2.859867 2.883342 2.848068
3270000 3.397495 2.724307 2.584449
3280000 1.995112 2.916498 2.738858
3290000 2.629349 2.777060 2.769550
3300000 2.420731 2.859162 2.882648
3310000 2.809207 2.775789 2.843480
3320000 2.648371 2.855497 2.829107
3330000 2.760402 2.862101 2.689385
3340000 2.557154 2.868902 2.747941
3350000 1.718322 2.877554 2.834135
3360000 1.573940 2.749731 2.822188
3370000 1.569263 2.702157 2.798489
3380000 1.650034 2.766249 2.795710
3390000 2.090262 2.872797 2.946265
3400000 2.680506 2.808661 2.725828
3410000 3.028098 2.911709 2.715649
3420000 2.570321 2.726634 2.771239
3430000 3.718925 2.746614 2.776170
3440000 4.632921 2.729917 2.834177
3450000 3.644548 2.719263 2.766960
3460000 4.327303 2.834298 2.878695
3470000 4.487402 2.833075 2.792052
3480000 4.491756 2.748980 2.752978
3490000 4.242616 2.772469 2.743488
3500000 4.922349 2.875642 2.826076
3510000 4.720824 2.832877 2.848767
3520000 4.844319 2.822290 2.894936
3530000 4.403780 2.800824 2.768227
3540000 4.430904 2.798062 2.879657
3550000 4.586815 2.740024 2.845743
3560000 4.373036 2.747651 2.784405
3570000 4.176290 2.735881 2.800615
3580000 4.826046 2.838180 2.906219
3590000 4.386750 2.736948 2.785502
3600000 3.536810 2.763135 2.715676
3610000 3.297278 2.917464 2.850999
3620000 3.600073 2.852745 2.751046
3630000 3.205565 2.734988 2.702561
