100000 4.676477 -0.153755 -0.684539
110000 4.032154 -0.400476 -0.721927
120000 4.148293 -0.308182 -0.783055
130000 3.592357 -0.363773 -0.707665
140000 2.132704 -0.310840 -0.638049
150000 1.592716 -0.386612 -0.688222
160000 2.536948 -0.348855 -0.610831
170000 3.474615 -0.300295 -0.625962
180000 3.229655 -0.267146 -0.791942
190000 2.263007 -0.386808 -0.793166
200000 1.318627 -0.320667 -0.694834
210000 1.700030 -0.308509 -0.711705
220000 1.709790 -0.357366 -0.690353
230000 2.054171 -0.265644 -0.811571
240000 2.666707 -0.439443 -0.788424
250000 4.034194 -0.354129 -0.702165
260000 4.388864 -0.365060 -0.835163
270000 2.840480 -0.594007 -0.750646
280000 3.448732 -0.456658 -0.729876
290000 4.584020 -0.394632 -0.680243
300000 3.747549 -0.406193 -0.628089
310000 4.646635 -0.304124 -0.726772
320000 4.807999 -0.328043 -0.645161
330000 3.497689 -0.235481 -0.752233
340000 4.593131 -0.363353 -0.687390
350000 3.529610 -0.253766 -0.645124
360000 2.445375 -0.375564 -0.606981
370000 2.281170 -0.346481 -0.707529
380000 2.408316 -0.383027 -0.736010
390000 2.706818 -0.454203 -0.579902
400000 3.325357 -0.394066 -0.739007
410000 3.354970 -0.329390 -0.792340
420000 3.794274 -0.315244 -0.715786
430000 4.257928 -0.289572 -0.758848
440000 3.828436 -0.247971 -0.749474
450000 4.919304 -0.371727 -0.779268
460000 3.834763 -0.336243 -0.660296
470000 4.177630 -0.400835 -0.653196
480000 2.944627 -0.368556 -0.634549
490000 2.325509 -0.437592 -0.710341
500000 1.850714 -0.375434 -0.771294
510000 0.906322 -0.336818 -0.699400
520000 0.987178 -0.453400 -0.745581
530000 1.226843 -0.430227 -0.726911
540000 0.865234 -0.321838 -0.647958
550000 1.269298 -0.291501 -0.780066
560000 0.879291 -0.397741 -0.564545
570000 1.593198 -0.316370 -0.745783
580000 1.479015 -0.257155 -0.701067
590000 2.177077 -0.361597 -0.713611
600000 2.035291 -0.250842 -0.717323
610000 2.455355 -0.402681 -0.697598
620000 3.059687 -0.349403 -0.762198
630000 2.882810 -0.258928 -0.610552
640000 2.691327 -0.384734 -0.714818
650000 3.319027 -0.286450 -0.728470
660000 3.801199 -0.371804 -0.652579
670000 4.514415 -0.339384 -0.811858
680000 3.760225 -0.376594 -0.550094
690000 4.453387 -0.145003 -0.825573
700000 4.438958 -0.404733 -0.723964
710000 2.497498 -0.354615 -0.766815
720000 2.346525 -0.265919 -0.661902
730000 2.579712 -0.261868 -0.553472
740000 1.703992 -0.429450 -0.819662
750000 1.728036 -0.258312 -0.673871
760000 1.933767 -0.384819 -0.663246
770000 2.326779 -0.381766 -0.613188
780000 1.835108 -0.235881 -0.723747
790000 2.618134 -0.210236 -0.685490
800000 2.640026 -0.430331 -0.637119
810000 3.115060 -0.377772 -0.672566
820000 3.179709 -0.363053 -0.599287
830000 3.712554 -0.426089 -0.625642
840000 4.151821 -0.218101 -0.789670
850000 4.149153 -0.409327 -0.722896
860000 3.695987 -0.286956 -0.762174
870000 3.008041 -0.285758 -0.515187
880000 2.746356 -0.455864 -0.544368
890000 3.431667 -0.308007 -0.607454
900000 4.306162 -0.311939 -0.721053
910000 4.272718 -0.274404 -0.792475
920000 3.248596 -0.428569 -0.761005
930000 4.728364 -0.327812 -0.662504
940000 3.616068 -0.265579 -0.675423
950000 5.019810 -0.230549 -0.751567
960000 4.242013 -0.349660 -0.717974
970000 4.229110 -0.224984 -0.595516
980000 3.315217 -0.381370 -0.746487
990000 2.330572 -0.297171 -0.670199
1000000 2.153692 -0.306420 -0.603134
1010000 0.700852 -0.468110 -0.761257
1020000 0.699895 -0.328066 -0.605962
1030000 1.045475 -0.341214 -0.594058
1040000 0.697469 -0.222837 -0.754020
1050000 0.924371 -0.300344 -0.743426
1060000 1.263597 -0.410670 -0.721434
1070000 1.132157 -0.415928 -0.653578
1080000 1.280238 -0.274143 -0.601920
1090000 0.945011 -0.379976 -0.644902
1100000 0.881055 -0.579804 -0.662864
1110000 0.612728 -0.341888 -0.658406
1120000 0.849134 -0.364926 -0.658521
1130000 0.530264 -0.285055 -0.640161
1140000 0.816755 -0.325681 -0.803626
1150000 1.050006 -0.482561 -0.695500
1160000 0.975720 -0.324053 -0.821333
1170000 1.136150 -0.300394 -0.698911
1180000 1.466590 -0.364019 -0.816602
1190000 1.731911 -0.351610 -0.659398
1200000 1.787529 -0.306185 -0.685374
1210000 2.225105 -0.417361 -0.776853
1220000 2.729546 -0.333756 -0.674576
1230000 2.293441 -0.201892 -0.643105
1240000 2.233025 -0.406797 -0.784449
1250000 1.556914 -0.324026 -0.782502
1260000 1.468654 -0.308097 -0.652558
1270000 1.352954 -0.294788 -0.645923
1280000 1.731292 -0.407989 -0.742581
1290000 2.384458 -0.432507 -0.671366
1300000 2.321849 -0.363786 -0.852231
1310000 2.694921 -0.339949 -0.482985
1320000 3.183611 -0.434845 -0.791008
1330000 2.915889 -0.341845 -0.575660
1340000 3.653029 -0.320414 -0.733869
1350000 3.466558 -0.486582 -0.727007
1360000 4.219200 -0.353126 -0.702527
1370000 4.877142 -0.246362 -0.726954
1380000 3.927305 -0.413626 -0.819933
1390000 3.129009 -0.419038 -0.701937
1400000 3.223592 -0.321553 -0.687484
1410000 2.536030 -0.320889 -0.846811
1420000 2.461116 -0.397260 -0.798635
1430000 2.986135 -0.346052 -0.737088
1440000 2.852819 -0.370756 -0.772337
1450000 2.046777 -0.395129 -0.589723
1460000 2.312948 -0.256010 -0.619803
1470000 2.674166 -0.314115 -0.754834
1480000 3.527867 -0.286270 -0.594946
1490000 3.995599 -0.425470 -0.730405
1500000 4.695728 -0.400894 -0.775063
1510000 4.279084 -0.313556 -0.692195
1520000 4.227505 -0.435726 -0.636567
1530000 3.985756 -0.489137 -0.602951
1540000 3.748491 -0.220569 -0.659667
1550000 3.041912 -0.203547 -0.537330
1560000 2.969085 -0.366269 -0.589803
1570000 3.525968 -0.388114 -0.632357
1580000 2.428094 -0.325881 -0.703000
1590000 2.320649 -0.280027 -0.722029
1600000 1.920735 -0.322881 -0.727974
1610000 1.897938 -0.444143 -0.720170
1620000 1.119920 -0.311298 -0.796786
1630000 1.018365 -0.296341 -0.679465
1640000 1.226561 -0.190414 -0.697353
1650000 1.299610 -0.292406 -0.683333
1660000 0.993089 -0.245898 -0.819889
1670000 0.976567 -0.111754 -0.718176
1680000 0.975769 -0.391188 -0.753327
1690000 1.266720 -0.357495 -0.654671
1700000 1.175169 -0.487006 -0.713554
1710000 1.543976 -0.414550 -0.672655
1720000 1.795859 -0.390912 -0.720609
1730000 1.437631 -0.253722 -0.606314
1740000 1.591243 -0.373189 -0.714352
1750000 1.498311 -0.375145 -0.769973
1760000 1.992288 -0.397842 -0.671469
1770000 1.954388 -0.324256 -0.781713
1780000 1.845800 -0.363381 -0.695335
1790000 2.308994 -0.363530 -0.686610
1800000 2.472199 -0.397096 -0.763733
1810000 2.459938 -0.353704 -0.626109
1820000 2.980370 -0.402697 -0.696975
1830000 3.819670 -0.292120 -0.716087
1840000 4.179122 -0.373134 -0.651688
1850000 4.678740 -0.292272 -0.741973
1860000 4.979287 -0.480568 -0.671734
1870000 4.856336 -0.451980 -0.779974
1880000 3.884315 -0.267308 -0.588909
1890000 4.602815 -0.376236 -0.651362
1900000 4.724341 -0.233229 -0.778656
1910000 3.982718 -0.305417 -0.699371
1920000 3.854491 -0.434250 -0.654060
1930000 3.179730 -0.404628 -0.577169
1940000 4.511887 -0.359927 -0.821592
1950000 4.239584 -0.322333 -0.718168
1960000 4.269486 -0.355022 -0.683544
1970000 3.978977 -0.393532 -0.722698
1980000 3.470786 -0.286319 -0.798857
1990000 3.587804 -0.398689 -0.716187
2000000 3.067850 -0.279945 -0.644661
2010000 3.825940 -0.470735 -0.609620
2020000 3.742209 -0.335034 -0.736197
2030000 3.655578 -0.319520 -0.715961
2040000 2.839359 -0.369663 -0.756137
2050000 2.962565 -0.401893 -0.719355
2060000 4.263159 -0.404951 -0.685673
2070000 4.143074 -0.306834 -0.652083
2080000 3.837487 -0.312952 -0.660630
2090000 2.661561 -0.403740 -0.712638
2100000 2.482923 -0.299137 -0.733541
2110000 2.730807 -0.428192 -0.665156
2120000 2.164360 -0.406625 -0.723703
2130000 1.999595 -0.456906 -0.764271
2140000 1.542146 -0.341312 -0.820938
2150000 1.853000 -0.268690 -0.587815
2160000 2.259941 -0.313708 -0.774508
2170000 2.318250 -0.384219 -0.752771
2180000 2.032034 -0.362217 -0.860854
2190000 3.415893 -0.356306 -0.653486
2200000 2.721735 -0.432048 -0.654281
2210000 4.257152 -0.393990 -0.688486
2220000 3.827470 -0.287516 -0.669678
2230000 4.297689 -0.512566 -0.714221
2240000 4.552471 -0.408580 -0.704538
2250000 3.883947 -0.344338 -0.685146
2260000 4.696013 -0.457815 -0.758286
2270000 4.098122 -0.262313 -0.706830
2280000 4.907592 -0.331805 -0.684726
2290000 4.531356 -0.373387 -0.730525
2300000 4.793350 -0.449629 -0.711933
2310000 2.922518 -0.438427 -0.756228
2320000 3.514531 -0.364344 -0.756589
2330000 3.155809 -0.398944 -0.639656
2340000 2.862232 -0.328684 -0.555580
2350000 3.243749 -0.232581 -0.580826
2360000 4.486732 -0.268568 -0.754987
2370000 3.211419 -0.397514 -0.653623
2380000 2.707037 -0.404953 -0.719769
2390000 2.030862 -0.340571 -0.761755
2400000 2.025391 -0.417324 -0.635448
2410000 3.169086 -0.330167 -0.735506
2420000 3.328844 -0.360654 -0.672100
2430000 2.291893 -0.315036 -0.837339
2440000 3.156597 -0.242234 -0.688732
2450000 4.803346 -0.538682 -0.707716
2460000 4.557836 -0.393771 -0.664589
2470000 4.441018 -0.282462 -0.740098
2480000 4.624820 -0.428534 -0.631627
2490000 4.079809 -0.398217 -0.680778
2500000 4.991788 -0.420442 -0.892151
2510000 4.110151 -0.343654 -0.682005
2520000 3.517793 -0.347148 -0.840662
2530000 2.083637 -0.248548 -0.732724
2540000 1.756732 -0.442384 -0.689695
2550000 1.369017 -0.402955 -0.630327
2560000 1.702897 -0.406521 -0.669898
2570000 1.485671 -0.406068 -0.797617
2580000 0.991909 -0.434278 -0.867438
2590000 0.642773 -0.403977 -0.745820
2600000 0.798928 -0.368314 -0.794234
2610000 0.888363 -0.358112 -0.532859
2620000 0.996652 -0.257292 -0.717852
2630000 1.057044 -0.437178 -0.688428
2640000 0.823832 -0.457100 -0.684727
2650000 0.669488 -0.245404 -0.688299
2660000 0.983397 -0.347298 -0.722299
2670000 1.253469 -0.413263 -0.797461
2680000 1.162709 -0.389677 -0.696955
2690000 1.197246 -0.385370 -0.634038
2700000 1.051568 -0.420089 -0.746117
2710000 1.449582 -0.402252 -0.762264
2720000 1.416829 -0.400070 -0.678867
2730000 1.366960 -0.409486 -0.643250
2740000 1.067965 -0.404905 -0.755126
2750000 1.228002 -0.450586 -0.674291
2760000 1.541208 -0.449574 -0.660499
2770000 1.047398 -0.450243 -0.704331
2780000 1.225501 -0.316571 -0.510745
2790000 1.574352 -0.360361 -0.717661
2800000 1.559851 -0.352801 -0.662917
2810000 1.904752 -0.219476 -0.810283
2820000 2.597921 -0.341800 -0.684017
2830000 3.009037 -0.442708 -0.733821
2840000 2.666054 -0.370383 -0.761056
2850000 3.832524 -0.415828 -0.695142
2860000 3.587438 -0.391572 -0.758245
2870000 4.209084 -0.450639 -0.620833
2880000 4.190212 -0.316610 -0.681831
2890000 4.620009 -0.430035 -0.766503
2900000 4.980248 -0.414207 -0.697202
2910000 4.799421 -0.434256 -0.725909
2920000 4.669506 -0.249405 -0.657217
2930000 4.574851 -0.508180 -0.734379
2940000 4.011063 -0.335931 -0.646586
2950000 4.111729 -0.346821 -0.660221
2960000 4.749467 -0.387864 -0.757844
2970000 4.684718 -0.319998 -0.679280
2980000 4.805291 -0.321769 -0.857237
2990000 3.405656 -0.375361 -0.848412
3000000 3.647103 -0.411897 -0.710336
3010000 3.291118 -0.390638 -0.655347
3020000 2.963364 -0.408464 -0.672657
3030000 3.343011 -0.411991 -0.717397
3040000 2.674622 -0.383627 -0.708218
3050000 2.914288 -0.351895 -0.700522
3060000 2.527789 -0.328370 -0.753554
3070000 2.172329 -0.207352 -0.665862
3080000 2.023024 -0.479623 -0.719861
3090000 2.279719 -0.303762 -0.741161
3100000 1.594114 -0.376847 -0.731876
3110000 1.439587 -0.389233 -0.690257
3120000 1.677965 -0.429010 -0.695005
3130000 1.769599 -0.381563 -0.722659
3140000 1.897725 -0.403240 -0.764891
3150000 2.431916 -0.432108 -0.807904
3160000 2.147401 -0.192217 -0.746981
3170000 2.375536 -0.335964 -0.734144
3180000 2.503120 -0.443105 -0.669506
3190000 2.313033 -0.411189 -0.775268
3200000 3.873735 -0.417327 -0.788402
3210000 3.747449 -0.373856 -0.722537
3220000 3.486806 -0.393972 -0.643208
3230000 3.379753 -0.326790 -0.680389
3240000 3.117877 -0.313797 -0.738047
3250000 3.263331 -0.344794 -0.700044
3260000 4.110816 -0.395110 -0.658222
3270000 4.000312 -0.444771 -0.739431
3280000 4.259079 -0.372187 -0.859184
3290000 4.936569 -0.305744 -0.651059
3300000 3.748182 -0.522393 -0.706221
3310000 3.587996 -0.288559 -0.601511
3320000 3.145633 -0.352644 -0.583981
3330000 3.108711 -0.406352 -0.700020
3340000 2.977166 -0.348522 -0.751032
3350000 2.928768 -0.339605 -0.614291
3360000 2.333815 -0.461480 -0.673511
3370000 3.433654 -0.329908 -0.585508
3380000 4.330377 -0.308879 -0.763027
3390000 3.832746 -0.279845 -0.703891
3400000 4.559388 -0.390065 -0.655520
3410000 3.557465 -0.288888 -0.661592
3420000 3.838531 -0.296459 -0.645999
3430000 4.146481 -0.439906 -0.752276
3440000 4.132920 -0.389442 -0.728599
3450000 4.631684 -0.363998 -0.646241
3460000 4.827563 -0.316950 -0.721366
3470000 4.492024 -0.372553 -0.764900
3480000 4.509288 -0.419218 -0.706482
3490000 4.207021 -0.457390 -0.810115
3500000 4.934459 -0.404891 -0.737658
3510000 4.645554 -0.501352 -0.825135
3520000 4.945740 -0.340108 -0.812855
3530000 4.353707 -0.423988 -0.740167
3540000 3.788135 -0.208613 -0.666427
3550000 2.968999 -0.304437 -0.687151
3560000 3.135314 -0.208107 -0.847782
3570000 2.497970 -0.411620 -0.649427
3580000 2.627650 -0.296855 -0.760022
3590000 3.413304 -0.320974 -0.811831
3600000 3.199901 -0.326357 -0.734331
3610000 2.088491 -0.292311 -0.758806
3620000 2.303894 -0.212011 -0.800263
3630000 2.205567 -0.492703 -0.612751
3640000 1.994416 -0.361664 -0.538728
3650000 2.110890 -0.353202 -0.697042
