100000 4.183751 -0.281433 -0.950685
110000 4.656247 -0.364755 -0.968994
120000 3.712618 -0.213782 -0.868327
130000 3.508204 -0.338740 -1.133028
140000 2.744833 -0.303866 -0.911401
150000 3.037075 -0.370093 -1.104756
160000 4.123716 -0.398078 -1.071913
170000 4.692148 -0.430338 -1.063776
180000 5.031946 -0.271924 -1.110807
190000 4.307356 -0.219570 -1.096708
200000 3.669690 -0.346765 -1.086229
210000 4.032637 -0.368453 -0.983927
220000 3.880343 -0.334493 -0.997988
230000 2.696385 -0.425591 -1.007177
240000 1.854097 -0.331424 -1.078155
250000 1.466142 -0.401912 -1.130757
260000 1.458564 -0.233986 -1.115388
270000 1.257398 -0.193264 -1.010466
280000 1.906379 -0.375398 -1.021767
290000 2.122000 -0.370224 -1.010092
300000 2.684801 -0.426243 -1.118366
310000 2.194549 -0.312757 -0.949306
320000 3.330687 -0.349865 -1.223425
330000 4.211904 -0.297447 -1.001110
340000 3.679890 -0.269449 -1.005412
350000 2.559578 -0.382915 -0.893267
360000 1.861940 -0.495166 -1.155269
370000 1.634568 -0.233023 -0.943216
380000 1.417052 -0.350422 -1.036137
390000 1.845018 -0.328822 -0.963178
400000 2.329482 -0.314889 -1.060158
410000 2.191777 -0.440766 -1.097194
420000 2.764000 -0.351207 -1.080028
430000 3.502369 -0.337135 -1.151260
440000 4.538761 -0.416948 -1.100192
450000 4.208726 -0.368211 -0.967173
460000 4.594181 -0.335377 -1.040917
470000 4.758959 -0.315547 -1.016831
480000 3.508698 -0.307812 -1.155405
490000 3.102484 -0.359151 -1.002193
500000 4.396348 -0.294497 -1.052627
510000 2.777063 -0.364431 -1.074456
520000 3.077523 -0.405701 -1.033436
530000 4.419475 -0.333887 -1.075119
540000 4.781115 -0.390320 -1.001174
550000 3.570385 -0.243903 -1.051320
560000 3.751078 -0.442547 -1.142327
570000 3.651294 -0.160024 -0.903489
580000 4.373215 -0.441124 -1.183150
590000 3.084852 -0.424369 -1.070621
600000 3.698903 -0.247887 -1.076888
610000 2.753515 -0.270268 -1.010120
620000 2.821314 -0.279464 -1.055077
630000 2.667953 -0.447836 -1.087054
640000 2.264083 -0.438055 -0.977061
650000 1.736723 -0.245460 -1.115626
660000 1.521695 -0.268003 -1.210707
670000 1.413241 -0.354954 -1.069042
680000 1.103497 -0.355020 -0.961286
690000 0.897108 -0.325291 -1.206152
700000 1.254694 -0.387577 -0.907244
710000 1.325011 -0.285681 -0.899364
720000 2.135135 -0.383339 -1.149325
730000 2.282082 -0.440122 -1.067365
740000 1.767430 -0.372869 -1.057731
750000 1.962843 -0.197671 -1.045932
760000 1.693502 -0.475722 -0.985371
770000 1.862607 -0.398504 -0.991093
780000 2.794276 -0.360248 -1.009463
790000 3.493908 -0.350169 -1.028188
800000 4.915411 -0.365117 -1.033280
810000 4.975896 -0.485631 -1.009359
820000 4.232347 -0.380830 -1.066069
830000 4.845266 -0.266877 -0.894165
840000 3.449516 -0.231193 -1.108736
850000 3.242512 -0.358138 -1.133435
860000 4.598531 -0.441364 -1.177286
870000 4.442178 -0.436960 -1.113374
880000 3.851849 -0.306599 -0.981119
890000 3.314944 -0.516846 -0.999148
900000 3.055921 -0.192256 -0.934949
910000 4.342130 -0.409761 -0.948182
920000 4.873604 -0.398046 -1.133756
930000 4.770225 -0.346626 -1.021143
940000 4.558985 -0.298177 -1.028203
950000 3.973279 -0.318402 -1.025376
960000 3.984690 -0.430967 -1.002799
970000 2.634871 -0.488978 -1.028005
980000 3.418082 -0.363006 -1.053624
990000 3.304352 -0.407312 -1.095822
1000000 2.287859 -0.417752 -0.993409
1010000 3.771654 -0.220767 -1.062230
1020000 3.032872 -0.257930 -1.013740
1030000 3.903782 -0.240399 -1.092424
1040000 4.639455 -0.259304 -1.089119
1050000 4.873255 -0.157063 -1.068884
1060000 4.273171 -0.313650 -1.079388
1070000 3.966308 -0.340804 -1.048161
1080000 2.595051 -0.351150 -1.036169
1090000 2.531334 -0.310001 -1.046667
1100000 2.161129 -0.395042 -1.029478
1110000 1.863593 -0.236255 -1.051017
1120000 1.488104 -0.339548 -1.020167
1130000 1.506232 -0.188858 -1.016229
1140000 2.235146 -0.366586 -0.960999
1150000 2.703316 -0.336014 -1.066635
1160000 2.256615 -0.251024 -1.139217
1170000 2.074835 -0.414651 -1.043963
1180000 2.683224 -0.322743 -1.002153
1190000 2.830877 -0.193131 -0.945559
1200000 2.886813 -0.389719 -1.090669
1210000 3.824653 -0.440314 -0.973498
1220000 4.473822 -0.361579 -0.973504
1230000 4.273300 -0.365792 -1.016915
1240000 4.543449 -0.377729 -1.083921
1250000 4.707194 -0.317873 -1.067384
1260000 4.793996 -0.320277 -1.134778
1270000 3.856415 -0.264924 -1.091680
1280000 2.642660 -0.349420 -1.047240
1290000 3.117277 -0.163654 -1.148908
1300000 3.614464 -0.318919 -1.069375
1310000 3.801465 -0.469268 -0.988327
1320000 4.625839 -0.173037 -1.146117
1330000 4.780949 -0.300939 -1.187079
1340000 4.097772 -0.349201 -1.087061
1350000 4.279201 -0.254140 -1.033481
1360000 4.368751 -0.428966 -1.079056
1370000 3.544679 -0.347674 -1.079662
1380000 3.171776 -0.304264 -1.030446
1390000 2.528758 -0.494501 -1.045704
1400000 1.614637 -0.413869 -1.057506
1410000 1.355614 -0.477708 -1.067918
1420000 1.527243 -0.260585 -0.952757
1430000 1.035903 -0.304185 -1.079543
1440000 0.692636 -0.300909 -1.050810
1450000 0.593071 -0.400573 -1.168684
1460000 0.896689 -0.356731 -1.062942
1470000 0.976972 -0.270930 -1.170011
1480000 1.081363 -0.333390 -1.112132
1490000 0.937151 -0.341460 -1.090150
1500000 0.854047 -0.434639 -1.008459
1510000 1.047014 -0.264327 -1.064839
1520000 1.110783 -0.197870 -1.178995
1530000 1.215705 -0.436404 -0.942233
1540000 1.212967 -0.340859 -0.963446
1550000 1.293532 -0.244540 -1.032734
1560000 1.053837 -0.424147 -1.085742
1570000 1.073190 -0.492014 -1.123372
1580000 0.975390 -0.415109 -1.015851
1590000 1.263389 -0.324440 -1.037738
1600000 1.407652 -0.353462 -1.004113
1610000 1.658928 -0.469843 -1.117362
1620000 1.555594 -0.524077 -1.146407
1630000 1.841035 -0.295701 -1.005517
1640000 1.424854 -0.390769 -1.005562
1650000 1.034336 -0.389291 -1.031249
1660000 1.262518 -0.348105 -1.078482
1670000 0.785428 -0.378666 -1.087060
1680000 1.010074 -0.303610 -1.095685
1690000 0.665558 -0.436081 -1.122717
1700000 1.220661 -0.281519 -1.061420
1710000 1.943717 -0.307553 -0.977984
1720000 2.315649 -0.314335 -1.006486
1730000 2.049494 -0.387579 -1.069915
1740000 1.812501 -0.327826 -1.113140
1750000 2.446000 -0.291687 -1.062943
1760000 3.088042 -0.412639 -1.163817
1770000 2.202388 -0.325188 -1.115115
1780000 2.635533 -0.360407 -1.140405
1790000 3.333849 -0.244417 -1.188832
1800000 3.370868 -0.214826 -1.111246
1810000 4.445975 -0.356947 -0.965623
1820000 4.870363 -0.337594 -1.015591
1830000 4.285939 -0.402030 -1.012995
1840000 4.897890 -0.372225 -0.984076
1850000 3.429546 -0.368248 -1.021320
1860000 3.384850 -0.362163 -0.959114
1870000 3.160583 -0.423632 -0.984445
1880000 3.212724 -0.291724 -1.047406
1890000 3.339215 -0.388761 -1.098424
1900000 2.953162 -0.413569 -1.079628
1910000 2.459387 -0.250892 -0.893667
1920000 3.591181 -0.382392 -1.084052
1930000 2.797466 -0.259975 -1.036853
1940000 2.711746 -0.400733 -1.128110
1950000 3.023251 -0.326729 -0.984203
1960000 4.134965 -0.393542 -0.986076
1970000 3.737671 -0.387340 -1.184572
1980000 4.615489 -0.383591 -1.082538
1990000 4.422684 -0.406586 -1.188676
2000000 4.992060 -0.341793 -1.107240
2010000 4.071622 -0.245337 -1.086748
2020000 4.709681 -0.304865 -1.037156
2030000 4.969472 -0.366272 -1.130587
2040000 4.169681 -0.387659 -1.033967
2050000 3.864900 -0.487013 -1.134477
2060000 3.355750 -0.451058 -1.044318
2070000 1.947680 -0.428616 -1.034840
2080000 1.980612 -0.333365 -1.087266
2090000 1.975925 -0.334963 -1.097277
2100000 1.572297 -0.271260 -1.112518
2110000 2.037348 -0.294442 -1.081539
2120000 2.300067 -0.276899 -1.090483
2130000 3.137734 -0.418507 -0.964160
2140000 2.143114 -0.327626 -1.167017
2150000 2.696064 -0.276688 -0.936405
2160000 2.375198 -0.359771 -1.127987
2170000 1.481191 -0.417724 -0.998773
2180000 1.643311 -0.272962 -1.065548
2190000 1.541578 -0.289837 -0.956259
2200000 1.586834 -0.295718 -1.018687
2210000 1.659085 -0.314698 -1.082328
2220000 1.936080 -0.391364 -1.041534
2230000 2.431498 -0.397003 -1.188156
2240000 2.558658 -0.346551 -0.993253
2250000 3.093142 -0.430010 -0.966116
2260000 3.327936 -0.416657 -1.194194
2270000 3.278081 -0.322382 -1.043970
2280000 4.223581 -0.290289 -1.050378
2290000 3.202123 -0.428743 -1.222222
2300000 2.948625 -0.292175 -1.033038
2310000 2.852186 -0.284338 -1.156571
2320000 3.602748 -0.266895 -1.005189
2330000 4.337191 -0.249605 -1.111523
2340000 4.771742 -0.351783 -1.000262
2350000 3.848192 -0.252233 -0.917547
2360000 3.911274 -0.422940 -1.167328
2370000 4.252990 -0.242655 -1.116902
2380000 3.758800 -0.414964 -1.059384
2390000 4.291701 -0.406433 -0.909197
2400000 4.653685 -0.409832 -1.062524
2410000 4.345164 -0.227137 -0.996215
2420000 4.193106 -0.319900 -1.097303
2430000 3.925770 -0.262502 -0.959979
2440000 3.780776 -0.366177 -0.983337
2450000 3.118762 -0.346404 -1.061230
2460000 3.811622 -0.408891 -0.922821
2470000 3.600731 -0.397360 -0.981382
2480000 3.155064 -0.348642 -1.120275
2490000 2.265340 -0.272995 -1.024489
2500000 2.468908 -0.438593 -1.086651
2510000 3.573644 -0.410333 -0.964793
2520000 3.736700 -0.315740 -1.077143
2530000 2.870238 -0.339310 -1.192315
2540000 1.969400 -0.385643 -1.074413
2550000 2.214118 -0.231466 -0.948022
2560000 1.703235 -0.258787 -1.095173
2570000 1.652219 -0.291486 -1.046021
2580000 2.171551 -0.246498 -1.112817
2590000 2.509483 -0.328671 -1.062576
2600000 2.001064 -0.385039 -1.031201
2610000 2.170004 -0.435827 -1.155991
2620000 1.973261 -0.327893 -1.145541
2630000 2.729992 -0.432563 -1.032464
2640000 3.351863 -0.329546 -0.918531
2650000 3.773048 -0.298371 -1.031877
2660000 2.518890 -0.406238 -1.035310
2670000 2.656465 -0.379890 -1.137597
2680000 2.798861 -0.334815 -1.096952
2690000 3.135535 -0.209806 -0.859549
2700000 2.993070 -0.356017 -0.936583
2710000 3.842582 -0.354834 -1.152884
2720000 4.544713 -0.382489 -1.127261
2730000 4.644060 -0.324896 -1.120758
2740000 4.261972 -0.268136 -1.246445
2750000 4.834918 -0.309056 -1.090211
2760000 4.370808 -0.403421 -1.090574
2770000 4.197291 -0.604427 -1.147245
2780000 4.248179 -0.325699 -1.218546
2790000 3.690542 -0.340364 -0.910009
2800000 4.279931 -0.267366 -0.968302
2810000 3.879513 -0.384615 -0.879579
2820000 4.455968 -0.310579 -0.959441
2830000 3.273670 -0.464058 -1.166222
2840000 3.475852 -0.511100 -0.991289
2850000 4.054208 -0.330033 -1.071700
2860000 3.719455 -0.295720 -1.131415
2870000 4.909830 -0.329194 -0.967362
2880000 4.980225 -0.401795 -1.016641
2890000 4.509476 -0.308216 -1.040249
2900000 4.561794 -0.316765 -1.134791
2910000 4.304527 -0.518017 -0.996709
2920000 4.617442 -0.371860 -1.120973
2930000 3.409618 -0.260344 -0.984151
2940000 2.785413 -0.243893 -1.089766
2950000 2.339958 -0.325644 -1.145283
2960000 3.619239 -0.448458 -0.937004
2970000 3.208488 -0.426734 -1.112922
2980000 2.669442 -0.404695 -1.064965
2990000 1.956709 -0.284477 -0.938890
3000000 1.397069 -0.327957 -0.996144
3010000 1.291858 -0.444866 -0.970918
3020000 1.296581 -0.282047 -1.043296
3030000 0.808608 -0.379796 -1.083399
3040000 0.808575 -0.281073 -1.175591
3050000 1.137999 -0.256774 -0.983675
3060000 1.243292 -0.212299 -1.031668
3070000 1.363264 -0.256413 -1.110542
3080000 1.400670 -0.451697 -1.094202
3090000 1.094886 -0.335843 -1.147709
3100000 1.209139 -0.328683 -0.982246
3110000 1.106984 -0.356707 -1.004416
3120000 1.357821 -0.277832 -1.046658
3130000 1.416023 -0.275658 -0.977530
3140000 1.459064 -0.323208 -1.036231
3150000 1.648045 -0.167565 -1.011682
3160000 1.399592 -0.331419 -1.002116
3170000 1.608878 -0.354236 -1.122986
3180000 0.797910 -0.409708 -1.156246
3190000 0.515110 -0.337827 -1.189508
3200000 0.595714 -0.387095 -1.179680
3210000 0.714269 -0.374291 -1.025964
3220000 0.520561 -0.339849 -1.026052
3230000 0.800593 -0.277219 -1.067195
3240000 0.491206 -0.320054 -1.062825
3250000 0.557083 -0.395844 -1.090235
3260000 0.856390 -0.350757 -1.169764
3270000 0.782500 -0.274319 -1.078126
3280000 0.793923 -0.425351 -1.081568
3290000 0.781798 -0.291778 -1.208443
3300000 0.952724 -0.367332 -1.066867
3310000 0.972571 -0.400987 -1.115881
3320000 0.969453 -0.321713 -0.937988
3330000 0.807961 -0.355005 -1.124059
3340000 1.091903 -0.361654 -0.953478
3350000 1.446514 -0.430441 -1.046750
3360000 1.668607 -0.361486 -0.966276
3370000 1.855191 -0.376271 -0.943512
3380000 1.552572 -0.447228 -1.007346
3390000 1.657319 -0.468259 -1.000678
3400000 1.816947 -0.301295 -1.090774
3410000 1.393773 -0.323355 -0.976898
3420000 1.291862 -0.288077 -1.011974
3430000 1.708140 -0.442696 -1.062444
3440000 1.651103 -0.373280 -0.938647
3450000 1.874239 -0.263590 -0.933131
3460000 2.295456 -0.232704 -1.148387
3470000 3.189063 -0.328373 -1.047066
3480000 3.338205 -0.414236 -1.046239
3490000 3.053672 -0.364645 -1.097171
3500000 2.101656 -0.354373 -1.227495
3510000 2.088421 -0.498891 -0.987918
3520000 2.791630 -0.340257 -1.119591
3530000 2.368079 -0.382996 -1.046094
3540000 1.933202 -0.350045 -1.074021
3550000 1.819031 -0.338045 -0.911843
3560000 2.076655 -0.179606 -1.124763
3570000 2.563018 -0.323081 -1.098681
3580000 3.239282 -0.347283 -0.914933
3590000 3.604542 -0.477662 -0.993549
3600000 2.778927 -0.384646 -1.066278
3610000 3.786849 -0.312410 -1.107045
3620000 3.821175 -0.431609 -1.086969
3630000 4.874284 -0.388124 -0.989667
3640000 4.450757 -0.409521 -1.109205
