100000 3.254046 -0.435937 -1.327927
110000 2.700508 -0.233233 -1.276602
120000 1.255442 -0.492884 -1.158848
130000 1.282656 -0.241135 -1.234356
140000 1.560714 -0.350577 -1.120825
150000 1.853383 -0.338193 -1.299804
160000 2.119704 -0.375833 -1.257667
170000 2.152440 -0.376824 -1.165628
180000 1.747875 -0.392064 -1.297530
190000 2.030923 -0.345296 -1.245947
200000 2.403198 -0.435190 -1.178096
210000 2.768842 -0.259040 -1.260966
220000 4.119479 -0.377378 -1.335118
230000 4.588776 -0.370865 -1.228536
240000 4.126362 -0.292579 -1.187101
250000 4.444556 -0.370201 -1.378451
260000 4.799686 -0.197030 -1.167725
270000 3.613362 -0.361965 -1.148159
280000 3.442261 -0.331290 -1.121280
290000 3.322705 -0.267156 -1.355389
300000 3.874844 -0.333814 -1.197369
310000 2.927737 -0.378501 -1.313481
320000 2.457501 -0.379958 -1.124024
330000 2.078297 -0.379630 -1.190683
340000 1.729433 -0.253692 -1.274343
350000 1.202713 -0.281733 -1.197888
360000 0.923637 -0.320115 -1.135135
370000 1.106519 -0.365621 -1.209011
380000 1.244466 -0.388123 -1.254404
390000 0.887016 -0.309193 -1.308180
400000 1.320222 -0.308709 -1.031265
410000 1.252139 -0.311383 -1.255634
420000 0.647238 -0.419702 -1.233935
430000 0.863980 -0.302173 -1.201704
440000 0.896458 -0.327814 -1.266825
450000 1.481110 -0.428072 -1.175589
460000 1.385541 -0.349793 -1.269933
470000 2.057986 -0.283174 -1.291594
480000 2.601783 -0.314473 -1.170680
490000 2.848673 -0.458413 -1.305982
500000 3.897606 -0.485936 -1.150213
510000 4.954033 -0.385839 -1.199256
520000 4.728521 -0.273196 -1.323864
530000 3.787479 -0.318934 -1.242538
540000 3.325560 -0.413186 -1.188096
550000 2.705416 -0.370318 -1.201861
560000 2.727240 -0.377860 -1.158515
570000 2.066254 -0.409897 -1.163646
580000 1.975726 -0.302004 -1.284826
590000 2.828047 -0.439125 -1.211785
600000 3.363237 -0.384511 -1.150378
610000 4.552042 -0.298922 -1.313736
620000 4.224366 -0.279338 -1.221365
630000 3.632386 -0.434443 -1.205318
640000 4.766312 -0.323314 -1.153756
650000 4.000152 -0.432330 -1.257933
660000 3.382118 -0.334084 -1.265217
670000 3.884644 -0.380340 -1.182568
680000 3.404572 -0.282366 -1.323899
690000 2.579632 -0.427145 -1.180725
700000 3.024329 -0.345696 -1.051224
710000 3.680228 -0.398523 -1.049884
720000 4.087993 -0.385891 -1.141021
730000 4.706128 -0.488468 -1.279809
740000 3.798854 -0.377239 -1.253968
750000 3.165504 -0.356366 -1.079729
760000 2.209960 -0.328549 -1.102525
770000 1.658859 -0.307101 -1.216319
780000 1.589166 -0.456395 -1.156705
790000 1.704168 -0.399726 -1.257747
800000 2.100874 -0.410791 -1.342556
810000 1.955650 -0.394276 -1.105105
820000 1.349323 -0.372588 -1.308319
830000 1.128000 -0.312392 -1.248605
840000 1.172810 -0.369341 -1.184289
850000 0.877406 -0.324369 -1.178426
860000 1.385028 -0.325871 -1.218404
870000 1.184334 -0.389864 -1.257436
880000 1.630092 -0.291200 -1.131422
890000 1.813905 -0.341028 -1.366348
900000 2.297679 -0.390374 -1.256293
910000 2.632689 -0.221175 -1.193461
920000 2.882519 -0.350725 -1.302516
930000 4.538620 -0.478695 -1.177573
940000 3.749092 -0.340511 -1.237645
950000 4.034573 -0.348332 -1.213136
960000 2.716795 -0.363716 -1.266417
970000 3.347367 -0.374961 -1.181823
980000 3.898972 -0.527097 -1.275299
990000 4.794196 -0.347340 -1.204594
1000000 4.213278 -0.391289 -1.260867
1010000 3.661642 -0.347810 -1.179150
1020000 3.425665 -0.436602 -1.250630
1030000 2.253434 -0.469270 -1.303610
1040000 2.468399 -0.343221 -1.150448
1050000 2.208946 -0.404915 -1.265870
1060000 2.787614 -0.396148 -1.185986
1070000 2.299046 -0.315424 -1.312976
1080000 1.579379 -0.406380 -1.284897
1090000 1.875041 -0.340742 -1.273326
1100000 2.638984 -0.415639 -1.281731
1110000 3.157970 -0.294123 -1.077974
1120000 2.979703 -0.382633 -1.239305
1130000 3.491586 -0.425902 -1.101441
1140000 4.295035 -0.389422 -1.121598
1150000 4.586738 -0.212002 -1.198397
1160000 3.975675 -0.409556 -1.105998
1170000 4.735044 -0.348457 -1.408393
1180000 4.799060 -0.465809 -1.090685
1190000 4.676549 -0.276053 -1.233528
1200000 4.223719 -0.290442 -1.169741
1210000 3.019673 -0.372189 -1.255288
1220000 2.615822 -0.446207 -1.267657
1230000 3.133956 -0.424608 -1.237400
1240000 2.759784 -0.427964 -1.285888
1250000 1.959506 -0.210705 -1.202453
1260000 1.964851 -0.396172 -1.170710
1270000 2.553267 -0.353447 -1.104642
1280000 2.051326 -0.359489 -1.274701
1290000 1.531070 -0.399259 -1.088697
1300000 1.587168 -0.223655 -1.303691
1310000 1.320746 -0.274790 -1.298177
1320000 2.479709 -0.325799 -1.207224
1330000 3.072343 -0.219667 -1.179417
1340000 3.882819 -0.389782 -1.191220
1350000 3.073559 -0.466888 -1.285672
1360000 3.729658 -0.314412 -1.239514
1370000 4.375431 -0.407208 -1.144795
1380000 4.693314 -0.302626 -1.179152
1390000 4.280374 -0.374627 -1.145331
1400000 3.438413 -0.342880 -1.136476
1410000 3.948437 -0.366788 -1.240237
1420000 4.534727 -0.366903 -1.236694
1430000 4.623723 -0.393663 -1.161123
1440000 4.017916 -0.480543 -1.211736
1450000 3.475167 -0.291954 -1.269065
1460000 2.693569 -0.393307 -1.118254
1470000 2.946290 -0.250358 -1.283064
1480000 2.992173 -0.374554 -1.125625
1490000 2.721594 -0.486970 -1.298965
1500000 2.418491 -0.400622 -1.328445
1510000 3.648082 -0.357287 -1.269658
1520000 3.949138 -0.439717 -1.270002
1530000 4.693878 -0.238534 -1.120979
1540000 4.107155 -0.269825 -1.336643
1550000 4.737032 -0.286087 -1.313414
1560000 4.500597 -0.308547 -1.272967
1570000 3.750680 -0.513773 -1.042029
1580000 3.064012 -0.399990 -1.228638
1590000 3.791313 -0.474134 -1.255061
1600000 4.365339 -0.323488 -1.263604
1610000 4.273583 -0.524485 -1.308241
1620000 4.433730 -0.389618 -1.109643
1630000 3.959433 -0.411863 -1.163795
1640000 3.367220 -0.264975 -1.304046
1650000 2.232220 -0.360238 -1.136523
1660000 1.579246 -0.380509 -1.325867
1670000 2.102490 -0.379170 -1.227824
1680000 1.918585 -0.282453 -1.279389
1690000 1.383687 -0.404999 -1.287458
1700000 2.330995 -0.476601 -1.084120
1710000 2.423017 -0.327267 -1.214059
1720000 1.892612 -0.362937 -1.252758
1730000 1.474321 -0.303748 -1.265132
1740000 1.311888 -0.253630 -1.173415
1750000 1.121254 -0.227659 -1.058899
1760000 0.834443 -0.258487 -1.284461
1770000 0.996116 -0.410546 -1.253253
1780000 0.841412 -0.293198 -1.367769
1790000 1.129487 -0.308515 -1.280390
1800000 1.143074 -0.361585 -1.214949
1810000 1.218545 -0.314893 -1.095521
1820000 1.149183 -0.474655 -1.298703
1830000 1.301955 -0.378909 -1.253311
1840000 1.113552 -0.319988 -1.257051
1850000 1.057122 -0.389972 -1.044121
1860000 1.440400 -0.384267 -1.056720
1870000 1.623684 -0.339361 -1.203042
1880000 1.739983 -0.306102 -1.233758
1890000 2.388284 -0.408222 -1.265317
1900000 2.943829 -0.294344 -1.202953
1910000 3.059445 -0.439494 -1.245523
1920000 3.549457 -0.314650 -1.251530
1930000 4.816734 -0.252958 -1.265787
1940000 4.560833 -0.487933 -1.351914
1950000 4.309553 -0.313354 -1.227352
1960000 2.582206 -0.385193 -1.232368
1970000 2.934044 -0.367647 -1.256273
1980000 3.437645 -0.308001 -1.233677
1990000 2.619510 -0.377653 -1.227895
2000000 2.789445 -0.304588 -1.294949
2010000 3.275414 -0.312964 -1.299273
2020000 3.606154 -0.320759 -1.117216
2030000 2.790926 -0.393722 -1.298158
2040000 2.110827 -0.438746 -1.251482
2050000 2.018519 -0.329687 -1.276465
2060000 2.408114 -0.353701 -1.321090
2070000 2.993828 -0.301292 -1.178693
2080000 3.612090 -0.298522 -1.155489
2090000 4.273992 -0.462359 -1.225300
2100000 4.138311 -0.422440 -1.144654
2110000 4.290471 -0.266715 -1.316107
2120000 4.791825 -0.397338 -1.225084
2130000 4.446194 -0.352340 -1.158844
2140000 3.420919 -0.380880 -1.322818
2150000 3.944052 -0.306827 -1.416571
2160000 3.778269 -0.280389 -1.400806
2170000 4.739555 -0.252283 -1.237903
2180000 4.711446 -0.415615 -1.152979
2190000 4.399237 -0.292834 -1.207355
2200000 4.588980 -0.328851 -1.184028
2210000 3.702673 -0.370236 -1.143704
2220000 4.833198 -0.388694 -1.151853
2230000 3.229170 -0.483049 -1.248653
2240000 3.730804 -0.246640 -1.298098
2250000 3.087348 -0.360854 -1.144525
2260000 2.969238 -0.296579 -1.202251
2270000 2.031694 -0.283907 -1.187143
2280000 2.478999 -0.250560 -1.365125
2290000 1.731537 -0.341058 -1.324934
2300000 1.835484 -0.332670 -1.210012
2310000 1.718972 -0.412261 -1.151872
2320000 1.637720 -0.374535 -1.141266
2330000 1.621219 -0.332129 -1.182325
2340000 2.300998 -0.388465 -1.295746
2350000 1.538518 -0.342185 -1.278718
2360000 2.005808 -0.404452 -1.345949
2370000 2.201393 -0.398129 -1.228528
2380000 3.055451 -0.328101 -1.119559
2390000 2.906722 -0.267884 -1.150140
2400000 3.375806 -0.384439 -1.098340
2410000 3.263076 -0.464410 -1.236090
2420000 2.612903 -0.200814 -1.215792
2430000 2.549699 -0.429743 -1.300461
2440000 2.981183 -0.338600 -1.201082
2450000 3.490871 -0.441634 -1.252398
2460000 2.722396 -0.409720 -1.289586
2470000 3.756966 -0.447895 -1.334529
2480000 3.929786 -0.398036 -1.167936
2490000 4.580918 -0.332488 -1.131925
2500000 4.466262 -0.351175 -1.378847
2510000 3.321903 -0.261319 -1.226815
2520000 4.283151 -0.377230 -1.386821
2530000 4.110325 -0.338855 -1.272108
2540000 4.514027 -0.387495 -1.252274
2550000 4.849621 -0.351888 -1.245947
2560000 4.258300 -0.226602 -1.264998
2570000 4.518756 -0.325926 -1.326135
2580000 3.966518 -0.401093 -1.113879
2590000 4.043559 -0.419005 -1.236980
2600000 3.057387 -0.256468 -1.331006
2610000 4.734087 -0.326754 -1.268754
2620000 3.860638 -0.431480 -1.290510
2630000 3.658767 -0.272054 -1.165760
2640000 2.653549 -0.401945 -1.325266
2650000 2.165923 -0.357078 -1.184222
2660000 2.225079 -0.452576 -1.115494
2670000 2.840814 -0.276129 -1.234056
2680000 2.229743 -0.368961 -1.251709
2690000 1.801622 -0.301490 -1.121919
2700000 1.367327 -0.236217 -1.090313
2710000 1.291137 -0.355312 -1.301445
2720000 1.286560 -0.312989 -1.118511
2730000 1.210548 -0.391944 -1.346623
2740000 1.535338 -0.358422 -1.231282
2750000 1.262665 -0.204039 -1.198523
2760000 1.606787 -0.301039 -1.357558
2770000 1.509149 -0.259619 -1.190816
2780000 1.857590 -0.407424 -1.234150
2790000 2.417177 -0.402439 -1.230498
2800000 2.221303 -0.357586 -1.142340
2810000 3.388094 -0.315042 -1.172420
2820000 3.116385 -0.304944 -1.313693
2830000 3.841298 -0.288788 -1.188956
2840000 3.479910 -0.246004 -1.164686
2850000 3.696259 -0.318032 -1.175404
2860000 3.887822 -0.324267 -1.196736
2870000 2.671155 -0.493179 -1.163110
2880000 2.810571 -0.415850 -1.244398
2890000 2.003354 -0.269128 -1.227041
2900000 2.002214 -0.359825 -1.238794
2910000 2.572373 -0.355359 -1.223065
2920000 2.129126 -0.288496 -1.197041
2930000 2.500121 -0.255858 -1.130437
2940000 2.576715 -0.367806 -1.141658
2950000 2.171660 -0.243766 -1.150315
2960000 1.908883 -0.310918 -1.304648
2970000 1.847142 -0.259306 -1.235672
2980000 2.802605 -0.327318 -1.347061
2990000 2.238730 -0.385627 -1.329250
3000000 2.331866 -0.295231 -1.253255
3010000 3.161924 -0.367882 -1.275285
3020000 3.149350 -0.310852 -1.154575
3030000 3.993224 -0.315114 -1.141336
3040000 4.296934 -0.344699 -1.215539
3050000 4.867059 -0.425384 -1.310377
3060000 4.363228 -0.390114 -1.232329
3070000 4.283692 -0.286387 -1.262533
3080000 4.455602 -0.303204 -1.215992
3090000 4.397043 -0.373490 -1.230250
3100000 4.129811 -0.342209 -1.211480
3110000 3.951254 -0.339842 -1.242878
3120000 3.561847 -0.352501 -1.172865
3130000 3.397278 -0.309319 -1.056327
3140000 2.796682 -0.290357 -1.095626
3150000 2.978664 -0.308197 -1.185462
3160000 3.003517 -0.390740 -1.318265
3170000 2.116325 -0.272456 -1.200313
3180000 1.606447 -0.317187 -1.255759
3190000 1.674964 -0.269190 -1.247701
3200000 1.794266 -0.242206 -1.173902
3210000 1.503516 -0.361008 -1.272468
3220000 1.554519 -0.234164 -1.355042
3230000 1.402408 -0.402011 -1.129538
3240000 1.720271 -0.513103 -1.242979
3250000 1.702264 -0.323397 -1.316024
3260000 0.596105 -0.296157 -1.174705
3270000 0.606914 -0.425943 -1.256629
3280000 0.587511 -0.503335 -1.217918
3290000 0.732765 -0.391406 -1.134536
3300000 0.568563 -0.486298 -1.307062
3310000 0.858566 -0.352712 -1.310387
3320000 0.990492 -0.282495 -1.240367
3330000 0.797950 -0.378941 -1.220199
3340000 1.003752 -0.273409 -1.272466
3350000 0.876930 -0.372767 -1.333438
3360000 0.692156 -0.214678 -1.331153
3370000 0.506418 -0.455329 -1.291333
3380000 0.560496 -0.277526 -1.226696
3390000 0.632936 -0.274715 -1.281019
3400000 0.791190 -0.410665 -1.318796
3410000 0.879495 -0.324911 -1.318491
3420000 0.957623 -0.279963 -1.274781
3430000 0.667516 -0.351949 -1.225217
3440000 1.051603 -0.298091 -1.251429
3450000 0.994483 -0.306842 -1.170885
3460000 1.127990 -0.313812 -1.334909
3470000 1.169676 -0.361487 -1.254687
3480000 1.080859 -0.363296 -1.301967
3490000 0.956835 -0.291122 -1.207387
3500000 1.139800 -0.272862 -1.197048
3510000 1.424633 -0.336478 -1.150032
3520000 1.452918 -0.414495 -1.217537
