100000 3.228952 -0.425905 -1.846900
110000 1.915365 -0.345161 -1.863409
120000 2.607381 -0.320484 -1.963494
130000 4.227303 -0.296297 -1.905806
140000 4.269812 -0.218810 -1.924769
150000 4.691059 -0.349162 -1.899095
160000 3.432215 -0.296531 -2.000789
170000 4.027918 -0.384596 -1.852765
180000 4.953645 -0.405262 -2.045309
190000 4.366273 -0.299518 -1.943080
200000 4.018804 -0.249099 -1.914744
210000 4.414210 -0.377224 -1.998673
220000 4.165271 -0.296058 -1.908494
230000 3.196118 -0.352452 -1.934906
240000 4.414723 -0.366258 -1.886213
250000 4.982383 -0.324077 -1.867508
260000 4.963531 -0.366869 -1.961488
270000 2.771066 -0.412817 -1.994947
280000 3.671163 -0.391492 -2.017817
290000 2.326136 -0.271808 -1.918541
300000 1.499691 -0.278999 -1.982371
310000 1.707883 -0.367120 -1.753384
320000 2.157308 -0.369141 -1.923927
330000 2.463556 -0.525134 -1.796986
340000 1.790721 -0.304396 -1.954039
350000 2.527287 -0.442075 -1.920748
360000 2.224028 -0.349323 -1.908367
370000 1.386397 -0.322777 -1.799402
380000 1.468563 -0.441483 -1.957265
390000 1.707374 -0.444420 -1.970748
400000 2.591888 -0.272509 -1.861454
410000 2.671623 -0.384686 -2.018307
420000 3.500389 -0.262030 -1.913815
430000 4.268111 -0.286161 -1.885057
440000 3.720196 -0.290935 -1.976524
450000 3.316325 -0.329818 -1.938845
460000 4.248042 -0.393239 -1.855544
470000 4.021188 -0.371310 -1.933234
480000 3.435121 -0.296453 -2.025827
490000 3.433447 -0.305629 -1.849418
500000 2.561014 -0.386539 -1.915765
510000 3.000717 -0.384323 -1.950260
520000 3.693797 -0.379284 -2.058513
530000 4.625152 -0.416181 -1.834050
540000 5.064165 -0.471522 -1.752925
550000 4.531517 -0.286802 -1.967235
560000 3.986259 -0.265028 -1.906875
570000 4.537821 -0.263424 -1.777455
580000 3.240233 -0.431666 -2.033153
590000 1.708816 -0.357472 -2.010555
600000 1.836451 -0.289061 -1.887062
610000 0.975794 -0.382686 -1.988038
620000 1.151808 -0.371839 -1.961189
630000 1.053119 -0.494181 -1.844088
640000 1.465942 -0.370574 -1.930434
650000 1.786257 -0.282351 -1.867886
660000 1.379861 -0.277037 -2.011160
670000 2.060810 -0.406799 -1.866743
680000 2.216685 -0.356181 -2.071146
690000 1.606433 -0.500233 -1.879505
700000 2.185591 -0.275580 -1.883699
710000 3.216542 -0.367691 -2.017771
720000 2.644283 -0.518449 -1.961890
730000 2.600074 -0.226478 -1.937815
740000 3.525151 -0.232067 -1.837921
750000 4.091250 -0.264426 -2.059276
760000 4.917752 -0.305764 -1.868609
770000 4.893425 -0.382372 -1.829442
780000 4.172714 -0.379145 -1.923786
790000 4.304584 -0.366864 -1.803924
800000 3.310192 -0.268701 -1.971111
810000 2.718270 -0.293777 -1.932727
820000 2.249523 -0.276484 -1.923867
830000 3.714109 -0.351687 -1.877976
840000 4.509641 -0.377752 -2.059709
850000 4.849989 -0.481859 -1.896294
860000 4.105154 -0.365928 -1.820845
870000 3.703197 -0.267249 -1.966213
880000 3.118798 -0.363383 -1.877458
890000 2.672356 -0.344005 -1.877200
900000 2.228674 -0.432239 -1.872433
910000 2.354030 -0.240933 -1.880185
920000 3.329153 -0.189179 -1.985531
930000 2.670115 -0.320024 -1.875406
940000 1.927825 -0.291656 -1.818568
950000 1.921629 -0.397223 -1.820143
960000 1.911109 -0.394230 -1.890112
970000 1.184131 -0.319960 -1.894116
980000 0.919778 -0.358804 -1.946189
990000 0.791519 -0.364838 -1.779388
1000000 0.971716 -0.338055 -1.989742
1010000 0.862134 -0.377991 -1.793361
1020000 1.142035 -0.448997 -1.879969
1030000 0.939817 -0.435122 -1.865660
1040000 1.260477 -0.285206 -1.836505
1050000 1.144710 -0.374952 -2.046665
1060000 1.512268 -0.529253 -1.841271
1070000 1.052743 -0.369564 -1.948071
1080000 0.906378 -0.414398 -1.956349
1090000 0.934641 -0.323587 -1.938974
1100000 1.104600 -0.414308 -1.890044
1110000 1.235745 -0.306190 -1.904327
1120000 1.303130 -0.396581 -1.954647
1130000 1.492659 -0.258721 -2.059617
1140000 1.759442 -0.349772 -2.002671
1150000 1.412821 -0.243489 -1.921822
1160000 1.810401 -0.460177 -1.846027
1170000 2.058154 -0.487049 -1.866526
1180000 2.879604 -0.396096 -1.870356
1190000 2.211541 -0.328725 -1.930217
1200000 2.847768 -0.238950 -1.956451
1210000 2.134084 -0.321283 -1.864424
1220000 2.381657 -0.360021 -2.032504
1230000 3.212412 -0.393457 -1.999680
1240000 3.339807 -0.379164 -1.937225
1250000 4.339596 -0.284872 -1.979185
1260000 4.621104 -0.356276 -1.935595
1270000 3.819538 -0.375416 -1.846476
1280000 4.405741 -0.356870 -1.961243
1290000 5.017599 -0.434173 -2.046560
1300000 3.868133 -0.278347 -1.808080
1310000 3.257766 -0.390613 -2.067707
1320000 3.364483 -0.337367 -1.863655
1330000 2.891219 -0.407131 -1.863043
1340000 2.560192 -0.431002 -1.864572
1350000 3.718813 -0.300227 -1.882162
1360000 4.576645 -0.378422 -1.804207
1370000 4.925732 -0.386915 -1.965546
1380000 4.225512 -0.241214 -1.942500
1390000 4.198459 -0.373317 -1.923122
1400000 3.706754 -0.526172 -1.960546
1410000 3.621780 -0.383411 -1.894661
1420000 4.418337 -0.316850 -1.890524
1430000 3.644187 -0.455899 -1.883787
1440000 3.108748 -0.320600 -1.897603
1450000 2.699306 -0.508411 -1.869922
1460000 2.084386 -0.459228 -1.907378
1470000 1.593608 -0.436873 -1.920112
1480000 1.530707 -0.360115 -1.883302
1490000 1.352151 -0.454468 -1.946266
1500000 1.434176 -0.447554 -1.871169
1510000 1.800613 -0.412422 -1.851916
1520000 2.073210 -0.443465 -2.013944
1530000 2.714595 -0.319970 -1.862735
1540000 2.899102 -0.404522 -1.908220
1550000 2.792459 -0.330681 -1.946987
1560000 2.986463 -0.405175 -1.997966
1570000 3.584722 -0.407002 -1.866344
1580000 4.152833 -0.504546 -1.927954
1590000 3.810495 -0.384054 -1.937970
1600000 4.369159 -0.359897 -1.889132
1610000 4.680551 -0.396331 -1.967329
1620000 3.807581 -0.273308 -1.840518
1630000 4.379221 -0.441413 -1.883328
1640000 4.913584 -0.473862 -1.814436
1650000 4.923483 -0.461381 -1.895060
1660000 4.656424 -0.475490 -1.853804
1670000 5.001098 -0.344244 -1.754894
1680000 4.903667 -0.406017 -1.912827
1690000 3.469856 -0.280591 -1.968460
1700000 3.834737 -0.461680 -1.814788
1710000 4.025925 -0.340855 -1.891877
1720000 3.239683 -0.333934 -2.040105
1730000 2.813413 -0.268435 -1.911602
1740000 2.566044 -0.352757 -1.972053
1750000 2.036806 -0.383344 -1.931092
1760000 2.526972 -0.275107 -1.755321
1770000 2.628310 -0.413828 -1.979532
1780000 3.181722 -0.454240 -1.845258
1790000 3.081919 -0.325872 -1.889933
1800000 3.337707 -0.143819 -1.988920
1810000 3.419502 -0.238768 -1.975023
1820000 4.297394 -0.373857 -1.840778
1830000 3.743326 -0.440704 -2.026029
1840000 2.411236 -0.323527 -1.957685
1850000 1.918928 -0.282818 -2.028772
1860000 2.967679 -0.290171 -1.938768
1870000 3.317693 -0.301054 -2.075300
1880000 3.905968 -0.355471 -1.960577
1890000 4.421865 -0.230371 -1.932878
1900000 4.737001 -0.310274 -1.831922
1910000 4.991019 -0.332572 -1.962721
1920000 4.549020 -0.426773 -1.822812
1930000 4.851693 -0.277325 -2.013419
1940000 4.859433 -0.330479 -1.877666
1950000 3.705442 -0.422385 -1.840999
1960000 4.669210 -0.249820 -1.942611
1970000 2.635814 -0.395464 -1.875576
1980000 1.789823 -0.305821 -1.802754
1990000 1.470276 -0.390493 -2.016272
2000000 1.877939 -0.230086 -1.807898
2010000 2.015082 -0.374762 -1.945337
2020000 2.062908 -0.369885 -1.920643
2030000 2.397816 -0.406033 -1.902166
2040000 2.283373 -0.352529 -1.968774
2050000 2.306091 -0.397151 -2.083011
2060000 3.020984 -0.240605 -1.727723
2070000 3.388413 -0.251258 -1.808119
2080000 2.800641 -0.386540 -1.952501
2090000 2.752237 -0.473322 -2.057443
2100000 2.549779 -0.306982 -1.907861
2110000 2.762773 -0.201205 -1.875024
2120000 3.207876 -0.290846 -1.819557
2130000 3.588187 -0.330055 -1.933779
2140000 4.097060 -0.367929 -1.981757
2150000 4.920272 -0.363039 -2.007671
2160000 4.339460 -0.360323 -1.921388
2170000 4.443004 -0.295404 -1.972334
2180000 4.386143 -0.305929 -1.729948
2190000 3.952489 -0.359938 -1.995118
2200000 3.731005 -0.357020 -1.907919
2210000 3.744914 -0.438527 -1.763387
2220000 4.738311 -0.313405 -1.818622
2230000 4.283226 -0.221569 -1.893440
2240000 3.682958 -0.276620 -1.882382
2250000 2.756691 -0.373602 -1.867925
2260000 2.266056 -0.465541 -1.897713
2270000 2.159128 -0.454265 -1.909232
2280000 1.320022 -0.353807 -1.891723
2290000 1.331368 -0.374408 -1.773767
2300000 1.468623 -0.352144 -1.895045
2310000 1.507513 -0.266436 -1.980193
2320000 1.419635 -0.442182 -1.932986
2330000 1.790757 -0.284496 -2.004612
2340000 1.466500 -0.242341 -1.932480
2350000 1.263670 -0.461380 -1.825402
2360000 1.225334 -0.389130 -1.975275
2370000 1.629886 -0.300432 -1.944658
2380000 1.459231 -0.301981 -1.893776
2390000 1.176136 -0.374700 -1.999390
2400000 0.930281 -0.317437 -2.093172
2410000 0.802466 -0.352677 -2.084539
2420000 1.138698 -0.171315 -1.962887
2430000 1.121517 -0.438657 -1.938301
2440000 1.410444 -0.249606 -2.018381
2450000 1.808159 -0.318638 -1.939361
2460000 2.005006 -0.324151 -1.798354
2470000 1.913118 -0.382521 -1.971681
2480000 2.663458 -0.282995 -1.850320
2490000 2.792685 -0.384376 -1.950981
2500000 3.717861 -0.201646 -1.979159
2510000 3.114446 -0.236313 -1.944537
2520000 3.843482 -0.375958 -2.002219
2530000 4.976691 -0.335010 -1.941144
2540000 5.047410 -0.338487 -1.924229
2550000 4.391603 -0.291220 -1.974354
2560000 4.517505 -0.291164 -1.867369
2570000 4.779986 -0.253873 -1.925646
2580000 4.170617 -0.246134 -1.888608
2590000 3.695203 -0.291065 -1.957042
2600000 3.765709 -0.382241 -2.020550
2610000 3.700492 -0.342740 -1.925758
2620000 3.133451 -0.238137 -1.972555
2630000 3.847111 -0.340146 -1.931089
2640000 3.447407 -0.314878 -1.934247
2650000 4.670764 -0.312913 -1.908932
2660000 4.825103 -0.290855 -1.998960
2670000 4.813257 -0.365558 -2.000465
2680000 4.309772 -0.376229 -2.020588
2690000 4.429238 -0.413036 -1.897659
2700000 4.591256 -0.291348 -1.799919
2710000 3.545591 -0.427107 -1.928731
2720000 3.171640 -0.457966 -1.898865
2730000 3.413690 -0.466963 -1.946122
2740000 3.813979 -0.337146 -1.985054
2750000 3.004817 -0.330564 -1.964884
2760000 2.536026 -0.352986 -1.965855
2770000 2.650390 -0.311174 -2.008044
2780000 3.244234 -0.266316 -1.878329
2790000 2.888911 -0.481032 -1.965734
2800000 2.613202 -0.350363 -2.017662
2810000 2.617612 -0.324371 -1.924086
2820000 1.956039 -0.347666 -1.879523
2830000 1.740988 -0.392764 -1.956183
2840000 1.766301 -0.451376 -1.801931
2850000 1.713298 -0.344339 -1.840652
2860000 1.486447 -0.396478 -1.994702
2870000 1.653839 -0.327248 -1.875860
2880000 1.569579 -0.307133 -1.915504
2890000 1.721829 -0.245528 -1.753770
2900000 1.312057 -0.422903 -1.832586
2910000 1.162060 -0.381601 -1.935158
2920000 0.659228 -0.276500 -1.975353
2930000 0.876543 -0.224781 -2.047264
2940000 0.875816 -0.256179 -2.041729
2950000 0.979429 -0.301500 -2.058057
2960000 0.911182 -0.268234 -1.924041
2970000 1.030990 -0.314316 -1.904844
2980000 1.013083 -0.210947 -1.863278
2990000 1.022877 -0.343776 -2.097796
3000000 0.843592 -0.395716 -1.875001
3010000 0.958869 -0.322577 -1.928093
3020000 0.839511 -0.337751 -1.919229
3030000 0.747656 -0.458613 -2.076024
3040000 1.174233 -0.495384 -1.891993
3050000 1.198121 -0.405000 -1.976233
3060000 1.201735 -0.241316 -1.937197
3070000 1.008582 -0.391028 -1.821573
3080000 1.177479 -0.366438 -1.889196
3090000 1.321120 -0.265289 -2.087909
3100000 1.465425 -0.432221 -1.975393
3110000 1.563233 -0.329769 -1.916810
3120000 1.662388 -0.228773 -1.804849
3130000 2.105025 -0.374658 -1.970789
3140000 2.467057 -0.357961 -1.736863
3150000 2.277126 -0.446731 -1.926886
3160000 2.594050 -0.350184 -1.845453
3170000 3.207049 -0.369280 -1.920367
3180000 3.107382 -0.270314 -1.888782
3190000 1.923217 -0.359221 -1.950030
3200000 2.130968 -0.401763 -1.953439
3210000 2.262334 -0.295403 -2.026884
3220000 1.389982 -0.381516 -1.977355
3230000 1.824594 -0.368931 -1.909551
3240000 1.894459 -0.337152 -1.829874
3250000 2.632648 -0.253326 -2.079214
3260000 3.055328 -0.384271 -1.923570
3270000 3.493050 -0.340220 -1.900928
3280000 3.981267 -0.308950 -1.880744
3290000 3.851953 -0.367400 -1.831219
3300000 4.462412 -0.420743 -1.842708
3310000 4.911548 -0.335871 -1.925108
3320000 4.523462 -0.401225 -1.937893
3330000 4.841022 -0.573478 -1.808753
3340000 3.672529 -0.381054 -2.037368
3350000 4.923602 -0.406051 -1.846352
3360000 3.838394 -0.385901 -1.894657
3370000 3.951294 -0.287461 -1.849732
3380000 3.413382 -0.319646 -1.832475
3390000 4.449493 -0.346478 -1.966260
3400000 4.442362 -0.473786 -1.938520
3410000 4.323457 -0.465630 -1.987392
3420000 4.016775 -0.342194 -2.079029
3430000 4.219720 -0.290154 -2.011725
3440000 4.841181 -0.333993 -1.937201
3450000 4.999950 -0.364619 -1.938712
3460000 4.563974 -0.299837 -1.780492
3470000 4.796527 -0.296315 -1.911123
3480000 4.114816 -0.311989 -1.817678
3490000 2.925708 -0.278095 -1.885508
3500000 3.099792 -0.320971 -1.824608
3510000 2.954283 -0.333987 -1.793226
3520000 3.306070 -0.324234 -1.846010
3530000 3.483389 -0.300017 -1.925498
3540000 3.558534 -0.264312 -1.986165
3550000 3.395900 -0.307115 -1.870942
3560000 3.130062 -0.277257 -1.985931
3570000 2.637414 -0.329335 -1.993078
3580000 2.652460 -0.403411 -1.917026
