100000 4.497819 -0.399013 -2.743753
110000 3.725340 -0.335720 -2.859140
120000 3.196329 -0.230625 -2.909025
130000 2.364934 -0.266679 -2.699141
140000 3.163684 -0.329389 -2.840508
150000 3.829374 -0.263515 -2.893969
160000 4.675600 -0.429292 -2.730303
170000 4.732184 -0.289817 -2.654766
180000 4.105142 -0.341516 -2.835561
190000 2.624905 -0.305011 -2.833484
200000 1.820709 -0.365136 -2.826494
210000 1.375605 -0.340963 -2.885105
220000 2.226415 -0.416204 -2.821379
230000 2.598727 -0.396403 -2.885328
240000 3.127753 -0.310370 -2.776401
250000 2.391174 -0.417380 -2.793529
260000 1.883814 -0.307492 -2.700587
270000 1.142550 -0.350138 -2.750799
280000 0.653635 -0.249815 -2.758959
290000 0.995904 -0.304025 -2.778125
300000 1.230783 -0.304647 -2.811222
310000 0.920093 -0.308711 -2.779634
320000 1.473115 -0.276552 -2.820225
330000 1.727523 -0.409183 -2.897476
340000 2.126323 -0.408438 -2.683262
350000 1.577596 -0.408090 -2.671631
360000 1.309653 -0.301486 -2.822004
370000 1.056995 -0.398769 -2.797539
380000 0.570149 -0.351180 -2.744569
390000 0.872174 -0.422274 -2.711897
400000 0.641857 -0.217819 -2.918263
410000 1.050176 -0.443897 -2.809063
420000 0.968283 -0.398984 -2.700591
430000 1.560705 -0.453907 -2.796900
440000 1.270376 -0.340194 -2.772001
450000 2.101416 -0.412758 -2.850730
460000 3.957767 -0.324110 -2.912419
470000 2.757645 -0.295521 -2.808483
480000 2.918539 -0.333098 -2.844682
490000 3.794848 -0.379014 -2.778868
500000 4.558732 -0.505266 -2.695390
510000 4.499997 -0.285366 -2.703285
520000 4.225604 -0.236820 -2.665149
530000 3.973758 -0.409787 -2.784048
540000 3.567576 -0.305479 -2.872708
550000 3.031227 -0.314161 -2.772179
560000 2.673911 -0.462332 -2.758692
570000 2.330567 -0.332237 -2.764206
580000 2.272677 -0.393309 -2.780146
590000 2.939734 -0.336442 -2.708481
600000 4.962212 -0.264470 -2.775796
610000 4.318795 -0.373301 -2.729570
620000 3.458204 -0.365061 -2.798797
630000 3.402123 -0.352569 -2.777409
640000 2.817723 -0.348544 -2.769360
650000 1.878561 -0.236303 -2.910188
660000 2.098894 -0.397964 -2.774271
670000 2.275724 -0.346592 -2.648055
680000 1.665420 -0.290258 -2.861519
690000 3.063669 -0.342884 -2.763632
700000 3.943994 -0.302983 -2.792326
710000 3.707924 -0.355760 -2.781613
720000 4.484071 -0.308116 -2.799998
730000 4.305375 -0.381874 -2.859167
740000 3.612697 -0.365329 -2.886870
750000 3.949457 -0.331071 -2.717419
760000 3.167950 -0.274008 -2.699621
770000 2.564456 -0.423812 -2.702219
780000 2.179863 -0.305716 -2.835839
790000 1.605151 -0.176702 -2.762280
800000 2.081498 -0.348023 -2.717348
810000 2.761859 -0.365704 -2.902276
820000 3.355469 -0.351358 -2.787258
830000 4.551961 -0.465182 -2.890820
840000 4.962599 -0.331563 -2.768891
850000 3.606804 -0.433929 -2.687270
860000 4.238743 -0.421521 -2.812857
870000 4.753993 -0.377686 -2.790230
880000 3.630159 -0.306164 -2.802703
890000 3.406384 -0.325857 -2.719526
900000 2.931651 -0.294196 -2.726880
910000 4.601579 -0.314985 -2.715103
920000 4.162434 -0.361618 -2.818079
930000 4.800170 -0.289872 -2.771522
940000 4.457417 -0.289731 -2.737343
950000 2.906420 -0.315549 -2.790639
960000 2.251463 -0.139628 -2.741371
970000 1.725750 -0.374975 -2.948934
980000 1.356856 -0.261389 -2.809994
990000 1.559274 -0.344957 -2.880566
1000000 1.507353 -0.335204 -2.818028
1010000 1.691306 -0.322053 -2.899356
1020000 2.243414 -0.371712 -2.877967
1030000 3.370054 -0.287980 -2.830990
1040000 3.517576 -0.273045 -2.881146
1050000 3.814696 -0.322383 -2.738100
1060000 4.149531 -0.325303 -2.894339
1070000 2.823790 -0.422823 -2.780611
1080000 2.420121 -0.282490 -2.820233
1090000 3.153322 -0.312415 -2.910285
1100000 3.073392 -0.390429 -2.811702
1110000 2.102033 -0.274554 -2.912136
1120000 2.569752 -0.468542 -2.731978
1130000 2.503559 -0.442112 -2.728745
1140000 1.569114 -0.406329 -2.701185
1150000 2.263502 -0.395671 -2.704945
1160000 1.918395 -0.375824 -2.791314
1170000 2.388360 -0.430237 -2.762832
1180000 4.240354 -0.242958 -2.753757
1190000 4.535777 -0.307491 -2.796969
1200000 3.260017 -0.443168 -2.882944
1210000 4.537172 -0.283391 -2.699740
1220000 4.875111 -0.355108 -2.882805
1230000 4.563504 -0.303674 -2.872806
1240000 4.109905 -0.237813 -2.753796
1250000 3.588561 -0.270104 -2.699113
1260000 2.742376 -0.328932 -2.801451
1270000 2.265555 -0.398091 -2.776626
1280000 1.879575 -0.442056 -2.731567
1290000 1.841763 -0.398459 -2.839500
1300000 1.130687 -0.346542 -2.841768
1310000 0.566769 -0.328963 -2.819683
1320000 1.001837 -0.377115 -2.805413
1330000 1.143835 -0.254454 -2.786720
1340000 0.978158 -0.328253 -2.693021
1350000 0.856212 -0.229711 -2.769941
1360000 1.034761 -0.342926 -2.966285
1370000 1.201355 -0.399411 -2.759880
1380000 1.357285 -0.280826 -2.821176
1390000 1.021865 -0.289205 -2.761387
1400000 1.036200 -0.195856 -2.651008
1410000 1.637768 -0.241742 -2.876281
1420000 1.456025 -0.290427 -2.820659
1430000 1.424940 -0.271998 -2.709585
1440000 1.664959 -0.390778 -2.765690
1450000 1.793604 -0.443908 -2.876461
1460000 1.854537 -0.373378 -2.828166
1470000 2.403009 -0.334559 -2.877407
1480000 2.502644 -0.436532 -2.773574
1490000 3.546839 -0.265551 -2.781921
1500000 4.210467 -0.336427 -2.894383
1510000 4.362731 -0.377863 -2.835190
1520000 4.099722 -0.368359 -2.703015
1530000 3.398136 -0.243468 -2.749801
1540000 3.516265 -0.249633 -2.872770
1550000 3.267825 -0.403871 -2.914371
1560000 2.754760 -0.359301 -2.734587
1570000 4.557013 -0.256531 -2.846592
1580000 4.242353 -0.397564 -2.832862
1590000 4.958707 -0.301198 -2.786032
1600000 3.802122 -0.413116 -2.813054
1610000 3.340493 -0.336703 -2.834838
1620000 2.865415 -0.354071 -2.745832
1630000 3.799503 -0.320395 -2.761841
1640000 3.463990 -0.402187 -2.755985
1650000 4.127869 -0.286143 -2.806673
1660000 4.809786 -0.350211 -2.814158
1670000 4.508930 -0.404960 -2.970665
1680000 4.880703 -0.317779 -2.935083
1690000 4.812261 -0.398760 -2.760654
1700000 4.289681 -0.229594 -2.733679
1710000 5.011171 -0.234056 -2.738108
1720000 3.213807 -0.295119 -2.895802
1730000 3.921452 -0.285254 -2.818446
1740000 4.587478 -0.303619 -2.923632
1750000 4.476710 -0.339128 -2.819810
1760000 4.934690 -0.370536 -2.796856
1770000 4.628190 -0.305636 -2.859957
1780000 4.776152 -0.451142 -2.721079
1790000 3.874851 -0.389820 -2.773844
1800000 3.659056 -0.416337 -2.609927
1810000 3.953336 -0.333627 -2.574548
1820000 4.470874 -0.363888 -2.779021
1830000 3.918906 -0.373858 -2.741369
1840000 3.955195 -0.376857 -2.796370
1850000 3.273441 -0.432300 -2.834315
1860000 2.517709 -0.325420 -2.739561
1870000 2.018933 -0.379823 -2.705922
1880000 2.498400 -0.335503 -2.850543
1890000 2.691862 -0.499504 -2.771381
1900000 2.728911 -0.263721 -2.803176
1910000 2.365845 -0.325118 -2.768635
1920000 2.354794 -0.430972 -2.864697
1930000 1.637184 -0.339402 -2.792916
1940000 1.887494 -0.461002 -2.896115
1950000 2.348515 -0.338051 -2.865116
1960000 1.993095 -0.337085 -2.900145
1970000 2.086065 -0.369919 -2.730812
1980000 2.916095 -0.472068 -2.773559
1990000 3.123841 -0.366223 -2.750880
2000000 3.060809 -0.383170 -2.855585
2010000 2.905101 -0.390094 -2.818216
2020000 2.611469 -0.298343 -2.716039
2030000 3.343292 -0.413648 -2.877669
2040000 2.481213 -0.451414 -2.814362
2050000 1.962126 -0.392697 -2.752507
2060000 1.769009 -0.342426 -2.818027
2070000 1.226894 -0.238979 -2.744480
2080000 1.179401 -0.263292 -2.726988
2090000 1.233969 -0.384677 -2.823387
2100000 1.230899 -0.291603 -2.815784
2110000 1.516264 -0.384044 -2.780847
2120000 1.617273 -0.284462 -2.873462
2130000 1.788846 -0.352086 -2.814626
2140000 2.242756 -0.489064 -2.876747
2150000 2.580819 -0.289524 -2.982443
2160000 2.907767 -0.392769 -2.887160
2170000 3.300561 -0.382266 -2.727508
2180000 3.597449 -0.383533 -2.792080
2190000 3.883551 -0.339376 -2.641387
2200000 4.469833 -0.435658 -2.945661
2210000 4.628963 -0.326528 -2.669676
2220000 4.923051 -0.246885 -2.824715
2230000 4.118899 -0.328699 -2.739252
2240000 4.521851 -0.490506 -2.802764
2250000 3.954270 -0.254677 -2.816321
2260000 3.676015 -0.332603 -2.716748
2270000 3.505857 -0.337985 -2.828407
2280000 3.446329 -0.318223 -2.765893
2290000 1.925883 -0.317750 -2.794119
2300000 2.506294 -0.388297 -2.830303
2310000 3.477458 -0.302907 -2.813226
2320000 3.154380 -0.418177 -2.806879
2330000 3.080051 -0.326300 -2.769877
2340000 3.966069 -0.427598 -2.809980
2350000 3.853749 -0.370635 -2.725535
2360000 3.281015 -0.265766 -2.803574
2370000 3.919337 -0.410438 -2.706845
2380000 4.526120 -0.422760 -2.781832
2390000 4.898961 -0.363009 -2.717681
2400000 4.090019 -0.396368 -2.746340
2410000 4.556015 -0.416247 -2.748030
2420000 5.048748 -0.336413 -2.731102
2430000 4.996589 -0.300332 -2.893204
2440000 4.702470 -0.340136 -2.845245
2450000 5.026169 -0.299186 -2.775464
2460000 4.621834 -0.378531 -2.699333
2470000 4.878088 -0.296964 -2.968784
2480000 4.888326 -0.292883 -2.798126
2490000 4.839046 -0.419829 -2.766157
2500000 4.095161 -0.399338 -2.777112
2510000 3.738813 -0.392715 -2.825577
2520000 3.622395 -0.344840 -2.797302
2530000 2.717262 -0.271124 -2.828310
2540000 2.099438 -0.450153 -2.740034
2550000 1.598787 -0.252320 -2.718830
2560000 1.692171 -0.320547 -2.773388
2570000 1.313134 -0.371059 -2.834704
2580000 0.916585 -0.372344 -2.899955
2590000 1.105250 -0.331868 -2.810055
2600000 0.935849 -0.282965 -2.687162
2610000 1.254378 -0.315570 -2.770213
2620000 0.907078 -0.271314 -2.738050
2630000 1.301024 -0.454185 -2.734862
2640000 1.262802 -0.367212 -2.844095
2650000 1.584923 -0.359271 -2.832898
2660000 2.040018 -0.350792 -2.780561
2670000 2.333132 -0.239133 -2.806843
2680000 2.329174 -0.347915 -2.775827
2690000 3.078156 -0.325064 -2.773229
2700000 3.147953 -0.395335 -2.807827
2710000 3.138779 -0.284036 -2.696147
2720000 2.464440 -0.382895 -2.839638
2730000 2.997435 -0.416503 -2.945390
2740000 3.286027 -0.208544 -2.740932
2750000 4.043132 -0.262158 -2.805801
2760000 4.362557 -0.314020 -2.838579
2770000 3.735352 -0.319832 -2.809286
2780000 3.950207 -0.324393 -2.792114
2790000 3.780021 -0.355624 -2.639085
2800000 2.725391 -0.292141 -2.804719
2810000 2.499461 -0.244576 -2.798114
2820000 1.624924 -0.312548 -2.840187
2830000 1.352913 -0.421041 -2.734572
2840000 1.111893 -0.432152 -2.798188
2850000 1.163069 -0.473574 -2.943085
2860000 1.338599 -0.408553 -2.832845
2870000 0.747958 -0.265774 -2.742840
2880000 0.932011 -0.358602 -2.758267
2890000 0.797391 -0.392983 -2.813714
2900000 0.744930 -0.350473 -2.715505
2910000 1.265478 -0.447525 -2.821908
2920000 1.238512 -0.273482 -2.766956
2930000 1.506838 -0.249127 -2.757608
2940000 1.822408 -0.233969 -2.814046
2950000 2.404934 -0.281459 -2.715818
2960000 2.408602 -0.412852 -2.881733
2970000 2.453517 -0.356801 -2.814470
2980000 1.857979 -0.358798 -2.864273
2990000 1.698201 -0.231145 -2.834699
3000000 1.495690 -0.352456 -2.674262
3010000 1.606886 -0.287131 -2.768880
3020000 1.439892 -0.341713 -2.917630
3030000 1.482832 -0.446050 -2.763181
3040000 0.629124 -0.450028 -2.829809
3050000 1.197841 -0.325819 -2.784426
3060000 0.576530 -0.251566 -2.774933
3070000 0.650211 -0.385534 -2.847702
3080000 0.541306 -0.225100 -2.883610
3090000 1.177981 -0.401927 -2.775144
3100000 1.464783 -0.257434 -2.813156
3110000 1.736683 -0.396483 -2.778567
3120000 2.178009 -0.357140 -2.825957
3130000 2.783436 -0.372786 -2.884075
3140000 3.348528 -0.330087 -2.763203
3150000 4.523267 -0.328659 -2.637851
3160000 4.532680 -0.352047 -2.575025
3170000 3.955906 -0.462213 -2.681461
3180000 3.419735 -0.418785 -2.700113
3190000 3.605501 -0.415196 -2.786353
3200000 3.315187 -0.354571 -2.838068
3210000 4.840522 -0.316063 -2.907973
3220000 4.983164 -0.445909 -2.815547
3230000 4.631497 -0.350576 -2.788482
3240000 3.274706 -0.315895 -2.767433
3250000 3.010917 -0.395869 -2.714523
3260000 3.416234 -0.227287 -2.772974
3270000 2.508399 -0.311295 -2.754081
3280000 2.927381 -0.308334 -2.771241
3290000 4.222838 -0.409713 -2.813933
3300000 3.786399 -0.265739 -2.799424
3310000 2.561708 -0.220304 -2.747532
3320000 2.362080 -0.228053 -2.684295
3330000 2.578865 -0.328739 -2.842161
3340000 2.150005 -0.430102 -2.772288
3350000 2.359800 -0.396809 -2.722963
3360000 2.579748 -0.368267 -2.796850
3370000 2.849987 -0.379519 -2.711722
3380000 2.918895 -0.390966 -2.784649
3390000 3.579684 -0.348915 -2.851930
3400000 4.669652 -0.458499 -2.783904
3410000 4.503819 -0.470799 -2.780235
3420000 4.881070 -0.367427 -2.789525
3430000 4.297842 -0.321814 -2.738373
3440000 4.781511 -0.364984 -2.683564
3450000 4.412495 -0.303355 -2.869117
3460000 4.803922 -0.388861 -2.775545
3470000 4.906442 -0.179465 -2.737760
3480000 5.031009 -0.393936 -2.688661
3490000 4.960993 -0.432973 -2.771470
3500000 4.274760 -0.395090 -2.830236
3510000 4.398109 -0.340456 -2.727060
3520000 3.482279 -0.366484 -2.788087
3530000 4.872111 -0.417903 -2.863134
