100000 1.579347 -0.465171 -3.127081
110000 1.917333 -0.347747 -3.114807
120000 1.821755 -0.465955 3.010320
130000 3.169750 -0.598450 -3.126522
140000 3.508422 -0.481925 -3.134960
150000 2.976222 -0.552982 3.087093
160000 3.446507 -0.419299 -3.023651
170000 4.337479 -0.479191 3.127037
180000 4.009196 -0.431830 3.133715
190000 4.519249 -0.505964 -3.106770
200000 3.251543 -0.399385 3.109274
210000 4.533289 -0.493516 2.987850
220000 4.410656 -0.453890 3.062500
230000 5.004199 -0.548073 -3.089323
240000 5.038765 -0.531708 3.111297
250000 4.397920 -0.406702 -2.987848
260000 4.892018 -0.483355 -3.107096
270000 3.332987 -0.416503 3.108288
280000 2.415351 -0.527057 -3.110438
290000 2.447817 -0.504378 -3.078507
300000 2.618395 -0.548253 -3.111733
310000 3.621383 -0.531702 -3.125877
320000 3.667102 -0.502320 3.040018
330000 3.316509 -0.709456 3.136608
340000 1.917948 -0.362942 3.094372
350000 1.881454 -0.446696 -3.075082
360000 2.219026 -0.511076 3.026863
370000 1.910151 -0.456221 3.123642
380000 4.016963 -0.472427 3.081779
390000 5.041264 -0.542647 -3.137299
400000 3.982745 -0.609320 3.076631
410000 4.226088 -0.408222 -3.123232
420000 3.363752 -0.467122 3.136470
430000 3.940134 -0.601811 -2.994364
440000 4.416350 -0.438237 -3.075695
450000 4.401248 -0.590532 -3.105431
460000 3.084636 -0.612096 -3.063692
470000 2.746623 -0.608432 3.122904
480000 2.983381 -0.498409 3.096812
490000 2.589496 -0.660593 -2.936834
500000 1.539598 -0.454909 -3.070323
510000 2.416461 -0.544853 -3.012949
520000 1.409813 -0.479824 -3.116604
530000 1.312651 -0.590732 3.134758
540000 1.164898 -0.568476 3.071328
550000 0.878482 -0.521126 3.133536
560000 0.920182 -0.434272 3.020736
570000 1.252954 -0.616398 3.041526
580000 1.617130 -0.510889 -3.141011
590000 1.238095 -0.465550 3.059279
600000 1.707133 -0.443596 3.085125
610000 2.018097 -0.480296 -3.064260
620000 1.572664 -0.514381 -3.074735
630000 1.706363 -0.529411 3.079811
640000 2.879603 -0.609033 3.097138
650000 3.282878 -0.560558 3.030191
660000 4.190794 -0.547035 3.104835
670000 4.988885 -0.500047 -3.086363
680000 4.274618 -0.562439 -3.065561
690000 4.000545 -0.533487 3.072732
700000 3.339023 -0.546520 3.036215
710000 3.257314 -0.534789 -3.056389
720000 2.608396 -0.478110 3.075384
730000 3.017569 -0.534354 3.124979
740000 3.325666 -0.506412 -3.137202
750000 2.206032 -0.494679 -3.089798
760000 2.353192 -0.520666 -3.119783
770000 2.200005 -0.503616 3.097971
780000 2.564857 -0.488282 -3.101364
790000 3.740393 -0.400346 3.135457
800000 4.278530 -0.487937 -3.079137
810000 4.742609 -0.547630 -3.116088
820000 4.625344 -0.501711 -2.972943
830000 4.364594 -0.527116 3.078497
840000 3.815198 -0.487700 2.980669
850000 3.600116 -0.572130 -3.141263
860000 3.296492 -0.482534 -3.084168
870000 3.929537 -0.624570 -3.127844
880000 4.203218 -0.566984 3.087321
890000 4.862371 -0.453621 3.093155
900000 4.252852 -0.472891 -3.014291
910000 3.632655 -0.404127 3.122903
920000 3.445262 -0.500725 3.081523
930000 2.293044 -0.536473 -3.014738
940000 3.205292 -0.456483 3.117686
950000 2.871054 -0.473162 3.079754
960000 3.891326 -0.525545 3.115758
970000 3.903696 -0.473728 -3.080391
980000 4.437136 -0.483974 3.091108
990000 4.817064 -0.656593 3.042387
1000000 3.288811 -0.641401 3.059343
1010000 3.348099 -0.478045 3.101927
1020000 2.829113 -0.431536 -3.052980
1030000 2.659673 -0.562331 3.099173
1040000 3.324303 -0.345973 -3.015490
1050000 3.839846 -0.523654 3.045421
1060000 4.306436 -0.502877 3.054808
1070000 4.755775 -0.626710 -3.139593
1080000 3.687441 -0.505230 3.068518
1090000 4.171401 -0.470885 3.044588
1100000 4.959620 -0.528469 3.131123
1110000 3.880986 -0.433163 -3.022857
1120000 3.536451 -0.420048 -3.102755
1130000 2.531671 -0.434072 -3.043028
1140000 1.755211 -0.526799 -3.110866
1150000 1.746149 -0.469255 -3.000487
1160000 1.591344 -0.614166 3.105175
1170000 2.228046 -0.547714 -2.999764
1180000 2.499572 -0.477550 3.122169
1190000 2.455027 -0.525947 -3.094316
1200000 2.096921 -0.528789 3.113642
1210000 3.153729 -0.558819 3.056243
1220000 2.980203 -0.559723 -3.124476
1230000 2.730702 -0.455437 -3.127397
1240000 3.291939 -0.587848 3.054485
1250000 4.599835 -0.615276 -3.091359
1260000 3.543694 -0.581839 -2.998217
1270000 4.600349 -0.455682 -3.067071
1280000 4.775822 -0.432438 -3.137319
1290000 4.240927 -0.451235 -3.086786
1300000 4.158712 -0.588012 3.089816
1310000 3.574573 -0.556967 -3.109758
1320000 3.388180 -0.521032 -3.114521
1330000 2.852836 -0.549015 -3.086190
1340000 2.142893 -0.548253 3.124412
1350000 1.524889 -0.597413 -3.068117
1360000 1.197268 -0.484582 -3.073450
1370000 1.631910 -0.442882 3.011393
1380000 1.853280 -0.508635 -3.066379
1390000 2.108409 -0.644975 -3.139457
1400000 2.418358 -0.440465 3.129390
1410000 1.759666 -0.561255 -3.103768
1420000 2.502800 -0.617083 3.124794
1430000 2.701846 -0.602658 -3.006626
1440000 2.790223 -0.558112 -2.956442
1450000 3.516498 -0.643023 3.140337
1460000 4.929380 -0.560768 3.123834
1470000 4.662246 -0.515326 -3.129966
1480000 4.205273 -0.545881 3.095789
1490000 4.599943 -0.613825 -3.085539
1500000 3.259419 -0.449325 -3.073370
1510000 4.911664 -0.480299 -2.936743
1520000 3.064789 -0.500497 3.082430
1530000 3.336485 -0.620869 -3.098288
1540000 4.248907 -0.485749 3.063945
1550000 4.775742 -0.512905 -3.096094
1560000 4.811963 -0.561809 -3.098303
1570000 4.569105 -0.486412 -3.078244
1580000 5.051917 -0.498971 -2.981304
1590000 4.358247 -0.606896 3.133461
1600000 4.002592 -0.653151 3.079793
1610000 2.980946 -0.483944 -3.047803
1620000 2.270993 -0.422631 3.119895
1630000 2.343755 -0.518706 -3.035352
1640000 1.671070 -0.592955 -3.130559
1650000 1.846234 -0.516898 -3.066743
1660000 2.753207 -0.582559 3.006305
1670000 3.047591 -0.571196 3.046142
1680000 2.743656 -0.564884 3.085928
1690000 2.540450 -0.519335 3.132588
1700000 1.503720 -0.547005 3.019597
1710000 0.724332 -0.435576 3.053928
1720000 0.604515 -0.544156 3.093671
1730000 0.769130 -0.617941 -3.074036
1740000 0.730698 -0.688891 -3.132870
1750000 0.538126 -0.629188 3.126852
1760000 0.963059 -0.485852 3.014120
1770000 1.075111 -0.502246 3.094997
1780000 0.935749 -0.521754 -3.126289
1790000 0.753084 -0.653573 -3.121991
1800000 1.226663 -0.577739 3.093932
1810000 1.039234 -0.476881 -3.122781
1820000 0.711872 -0.534356 3.031629
1830000 0.599883 -0.548090 -3.126638
1840000 0.570076 -0.562069 3.019950
1850000 0.581718 -0.515860 -3.042982
1860000 1.170194 -0.685840 -3.113746
1870000 0.950174 -0.649619 3.099180
1880000 1.281450 -0.577631 2.992164
1890000 1.322765 -0.571275 3.072092
1900000 1.467665 -0.528889 3.063296
1910000 1.377881 -0.454042 3.094015
1920000 1.822066 -0.494034 3.113651
1930000 1.106188 -0.608286 -3.045665
1940000 1.232657 -0.412782 -3.110660
1950000 1.438201 -0.450132 -3.005820
1960000 1.131176 -0.495619 -3.037448
1970000 1.456381 -0.487878 -3.068996
1980000 1.248075 -0.580662 2.988478
1990000 2.055792 -0.494125 -3.054647
2000000 2.112992 -0.543952 -3.140114
2010000 1.961257 -0.566335 3.121159
2020000 2.011650 -0.407537 -3.105184
2030000 1.976363 -0.345964 -3.112943
2040000 2.668614 -0.504657 -3.038845
2050000 3.003975 -0.495845 -3.132377
2060000 3.068882 -0.517594 2.992341
2070000 3.809814 -0.487747 -3.105824
2080000 3.604919 -0.557690 -3.068808
2090000 4.165493 -0.528088 3.135157
2100000 3.926754 -0.659580 3.071994
2110000 4.631631 -0.369552 -3.032537
2120000 4.098246 -0.525321 -3.059803
2130000 3.973042 -0.577577 3.114450
2140000 3.187744 -0.575957 -3.117871
2150000 3.025901 -0.515580 -3.009644
2160000 3.623513 -0.581607 3.086322
2170000 3.528330 -0.396110 3.066693
2180000 4.520009 -0.348997 3.112503
2190000 4.778782 -0.435048 3.020007
2200000 4.679327 -0.508346 -3.130876
2210000 4.512227 -0.491765 3.040823
2220000 4.588304 -0.424889 3.121544
2230000 3.921062 -0.489569 3.132055
2240000 3.607034 -0.515496 3.141403
2250000 3.588486 -0.688926 3.101228
2260000 2.390597 -0.477291 -3.139596
2270000 2.211297 -0.497736 3.118763
2280000 2.933655 -0.525571 3.141014
2290000 2.644755 -0.541783 3.132076
2300000 2.465745 -0.536972 3.031202
2310000 3.131588 -0.461014 -3.129532
2320000 3.139926 -0.484514 -3.078385
2330000 2.069979 -0.450717 3.134408
2340000 2.870967 -0.553035 -3.076048
2350000 2.296283 -0.452743 3.078414
2360000 2.041231 -0.598010 -3.138440
2370000 2.186123 -0.619633 3.104460
2380000 2.676035 -0.520508 -3.096294
2390000 3.666830 -0.587476 3.088942
2400000 3.419195 -0.493850 -3.116326
2410000 4.925782 -0.426905 -3.050982
2420000 4.797294 -0.604156 -3.128105
2430000 4.636630 -0.536841 3.082365
2440000 4.223389 -0.519978 -3.106718
2450000 3.860593 -0.432006 3.063721
2460000 3.732287 -0.556183 3.075031
2470000 3.732737 -0.567325 3.019959
2480000 3.383012 -0.632655 -2.987211
2490000 3.058905 -0.454003 3.040213
2500000 2.721261 -0.584789 2.976308
2510000 2.249435 -0.493130 3.099424
2520000 1.789848 -0.527751 3.053934
2530000 1.807541 -0.557759 3.087317
2540000 1.545083 -0.567012 3.137879
2550000 1.433364 -0.592214 -3.139746
2560000 1.984778 -0.468015 -2.989680
2570000 1.958254 -0.570862 -3.133362
2580000 1.353235 -0.668634 3.134692
2590000 1.534306 -0.392738 -2.983041
2600000 1.265033 -0.449356 3.069693
2610000 0.924972 -0.567331 3.043488
2620000 1.028793 -0.611901 3.024805
2630000 0.910352 -0.598800 3.020129
2640000 0.977669 -0.522544 3.108333
2650000 0.726334 -0.475213 -3.135701
2660000 0.848608 -0.565247 3.076925
2670000 0.980364 -0.544305 3.038161
2680000 0.946327 -0.561868 -3.086216
2690000 0.717785 -0.573254 3.116440
2700000 0.502025 -0.607337 -3.100315
2710000 1.228353 -0.606353 -3.068318
2720000 1.370264 -0.506931 3.113150
2730000 1.287578 -0.474546 3.104021
2740000 1.068810 -0.533945 3.112301
2750000 0.772530 -0.537109 -3.104023
2760000 1.001726 -0.693447 3.098542
2770000 0.969043 -0.451747 3.079171
2780000 1.029741 -0.562749 -3.124250
2790000 1.230275 -0.551188 -3.135830
2800000 1.463740 -0.662038 -3.044541
2810000 1.566775 -0.511063 -3.113155
2820000 1.580701 -0.557314 -3.108786
2830000 1.844234 -0.572518 3.101715
2840000 2.537839 -0.444243 3.019277
2850000 2.142449 -0.542180 -3.115528
2860000 3.670104 -0.488655 3.131239
2870000 3.921473 -0.637599 3.095761
2880000 3.111036 -0.477460 -3.006921
2890000 2.287276 -0.579607 -3.029531
2900000 3.416387 -0.398910 -3.034965
2910000 4.137632 -0.496795 3.091307
2920000 4.631687 -0.625352 -3.077803
2930000 4.467259 -0.572675 3.127503
2940000 4.412439 -0.588931 3.111472
2950000 3.666897 -0.541004 3.095423
2960000 3.669157 -0.504710 3.035806
2970000 4.725950 -0.481700 -3.109081
2980000 4.836023 -0.619835 3.084215
2990000 4.163491 -0.489554 -3.054449
3000000 4.361094 -0.438170 -2.994620
3010000 4.641803 -0.587450 3.082596
3020000 3.931693 -0.473612 3.114760
3030000 4.431151 -0.472093 3.085373
3040000 5.011480 -0.554929 3.052834
3050000 4.561786 -0.384994 -3.129774
3060000 3.959604 -0.639705 3.091716
3070000 3.580298 -0.471820 3.123417
3080000 2.927780 -0.634756 -3.140638
3090000 2.420602 -0.472111 -3.021302
3100000 2.199528 -0.439779 3.121957
3110000 2.853807 -0.603796 3.138546
3120000 2.743870 -0.450853 2.946835
3130000 3.197243 -0.691853 3.078294
3140000 3.609089 -0.457947 -3.122236
3150000 4.121925 -0.612894 -3.120829
3160000 3.998201 -0.527060 -3.141049
3170000 4.693705 -0.621945 -3.136987
3180000 5.049064 -0.750765 3.125307
3190000 5.008357 -0.530382 3.043863
3200000 4.910490 -0.573862 -3.113775
3210000 4.176520 -0.578793 -3.074160
3220000 4.469218 -0.501134 -3.111388
3230000 3.332065 -0.477295 -3.069921
3240000 2.806727 -0.551485 3.122121
3250000 2.295991 -0.434020 3.005928
3260000 2.525478 -0.460145 3.069886
3270000 2.096793 -0.510850 3.047189
3280000 2.085549 -0.489188 3.111085
3290000 2.304534 -0.482702 -3.126863
3300000 2.871143 -0.573582 3.081141
3310000 3.366389 -0.505759 -3.100612
3320000 4.069208 -0.474872 2.953826
3330000 4.769480 -0.521497 -3.039018
3340000 4.828930 -0.509791 3.115210
3350000 4.854260 -0.474171 -3.056358
3360000 4.991961 -0.482095 -3.098260
3370000 4.572929 -0.481796 -3.089501
3380000 4.617663 -0.469624 3.074602
3390000 4.359760 -0.579700 -3.121456
3400000 4.132701 -0.468796 -3.130623
3410000 3.781207 -0.555832 -3.080134
3420000 3.142277 -0.464646 -3.032550
3430000 3.573074 -0.458393 3.129761
3440000 3.317895 -0.547308 -3.120382
3450000 2.469992 -0.594040 -2.996454
3460000 2.534756 -0.503820 -3.063231
3470000 1.883341 -0.526741 -3.121414
3480000 1.820964 -0.456889 3.088892
3490000 1.522190 -0.501942 -3.106982
3500000 1.690654 -0.514148 3.098645
3510000 1.597073 -0.735206 3.107921
3520000 1.636845 -0.478085 -3.121785
3530000 2.232541 -0.438778 3.073114
3540000 1.387426 -0.424517 -3.022006
3550000 1.520842 -0.494535 3.088729
3560000 1.226990 -0.417497 3.132903
