100000 1.144691 2.784977 2.480708
110000 0.871396 2.866857 2.453820
120000 0.687699 2.953791 2.485278
130000 1.143432 2.764402 2.264101
140000 1.486159 2.850193 2.457248
150000 1.104507 2.781517 2.442940
160000 1.650993 2.852163 2.393180
170000 2.194045 2.723440 2.353465
180000 2.952194 2.825884 2.293347
190000 4.766380 2.824789 2.399531
200000 4.097676 2.732180 2.447442
210000 4.628158 2.815266 2.397974
220000 4.398533 2.760958 2.459729
230000 3.141474 2.790535 2.424816
240000 2.464273 2.921951 2.532439
250000 4.031796 2.863440 2.422536
260000 4.790216 2.833239 2.434777
270000 3.469268 2.836526 2.413912
280000 3.632365 2.804675 2.425720
290000 3.967745 2.770727 2.399558
300000 4.111550 2.869697 2.479002
310000 4.585348 2.798022 2.528677
320000 3.082054 2.890082 2.326761
330000 2.988320 2.673719 2.363151
340000 2.459003 2.799401 2.451903
350000 3.908996 2.800168 2.353769
360000 4.672955 2.913085 2.537778
370000 4.171747 2.797376 2.448816
380000 4.500696 2.803374 2.357239
390000 3.155754 2.844671 2.465354
400000 2.358850 2.872210 2.484253
410000 2.662846 2.855592 2.446311
420000 1.772240 2.850469 2.357128
430000 1.610500 2.809537 2.406002
440000 2.189711 2.863596 2.365808
450000 1.836108 2.772485 2.551379
460000 1.708941 2.841998 2.469818
470000 3.019789 2.876472 2.396707
480000 3.158182 2.693713 2.510036
490000 4.123045 2.743255 2.481390
500000 4.255155 2.765324 2.435824
510000 4.328598 2.807667 2.462403
520000 3.764251 2.792566 2.435143
530000 3.141184 2.762631 2.568801
540000 2.498852 2.810764 2.468823
550000 3.330963 2.754760 2.395060
560000 4.764532 2.806435 2.355453
570000 4.270074 2.905778 2.480728
580000 3.355585 2.882052 2.419530
590000 2.527440 2.878859 2.577975
600000 2.786622 2.811132 2.388554
610000 1.879965 2.795529 2.508222
620000 1.473276 2.637510 2.522372
630000 1.335748 2.839618 2.416572
640000 2.484840 2.703272 2.489883
650000 2.657292 2.807893 2.441758
660000 3.410886 2.771233 2.406944
670000 2.509880 2.831838 2.498326
680000 2.023292 2.810985 2.432046
690000 2.954988 2.836757 2.495701
700000 3.767834 2.675226 2.406352
710000 4.645536 2.788951 2.435140
720000 4.349874 2.828702 2.428649
730000 4.073180 2.722605 2.531903
740000 3.040628 2.714088 2.444795
750000 3.133749 2.755909 2.435448
760000 3.183105 2.748106 2.382529
770000 2.299819 2.938304 2.420562
780000 1.918354 2.733494 2.444926
790000 2.790803 2.858886 2.429817
800000 2.762283 2.722667 2.498941
810000 4.338710 2.647662 2.359661
820000 4.484596 2.772821 2.362295
830000 3.537000 2.831235 2.333441
840000 3.983781 2.610119 2.429063
850000 4.763898 2.792530 2.608020
860000 4.651951 2.928239 2.354908
870000 4.970835 2.852214 2.458068
880000 4.997694 2.720596 2.508262
890000 4.143597 2.921026 2.413103
900000 4.947399 2.840033 2.548959
910000 3.837877 2.953279 2.317129
920000 3.480156 2.800982 2.524927
930000 4.023900 2.758054 2.406121
940000 4.161588 2.675420 2.433858
950000 4.484643 2.627545 2.405873
960000 2.660701 2.756174 2.444718
970000 2.917774 2.729226 2.374358
980000 2.748052 2.754757 2.439968
990000 3.315303 2.718824 2.476593
1000000 4.488935 2.884706 2.472153
1010000 4.494470 2.642434 2.370264
1020000 4.882451 2.866045 2.363241
1030000 4.695169 2.812003 2.443322
1040000 4.940405 2.950316 2.332574
1050000 3.573882 2.666214 2.370234
1060000 4.878726 2.872091 2.421807
1070000 4.948762 2.709819 2.484049
1080000 4.854799 2.843372 2.436461
1090000 3.359882 2.738929 2.561685
1100000 3.083900 2.840652 2.403261
1110000 1.921714 2.796609 2.503134
1120000 2.404257 2.886037 2.359779
1130000 1.811182 2.733398 2.346416
1140000 1.593394 2.976829 2.370998
1150000 1.255075 2.717102 2.376071
1160000 1.320364 2.630463 2.379466
1170000 0.953340 2.895516 2.522171
1180000 0.961252 2.867786 2.469981
1190000 0.845008 2.770372 2.452572
1200000 1.077509 2.834117 2.425765
1210000 0.991212 2.775687 2.497596
1220000 1.765830 2.751682 2.304155
1230000 1.936469 2.816658 2.420383
1240000 1.412111 2.777600 2.394860
1250000 1.182659 2.690358 2.501531
1260000 0.893323 2.788935 2.459251
1270000 0.558652 2.746173 2.532003
1280000 0.504390 2.832492 2.494362
1290000 0.648902 2.813372 2.496722
1300000 0.510415 2.758394 2.342204
1310000 0.835900 2.801436 2.345386
1320000 1.154967 2.787497 2.422164
1330000 1.627875 2.863086 2.558111
1340000 1.270563 2.684362 2.340063
1350000 1.241755 2.811853 2.357002
1360000 1.169404 2.788986 2.344045
1370000 1.635423 2.798159 2.372603
1380000 2.218480 2.774313 2.427571
1390000 2.087008 2.769579 2.457469
1400000 2.355184 2.869797 2.433139
1410000 2.536584 2.781771 2.444997
1420000 3.114543 2.816632 2.573143
1430000 3.836957 2.765916 2.403435
1440000 3.551184 2.673457 2.443607
1450000 3.263473 2.826091 2.471049
1460000 4.909020 2.858100 2.491229
1470000 4.300771 2.845457 2.410315
1480000 4.980266 2.652401 2.329424
1490000 4.907677 2.797926 2.463346
1500000 4.535364 2.695540 2.366858
1510000 3.445928 2.750326 2.460476
1520000 4.603692 2.735009 2.496977
1530000 3.499676 2.809476 2.438892
1540000 2.472092 2.837121 2.405101
1550000 2.523652 2.714062 2.522022
1560000 2.942850 2.673728 2.510748
1570000 2.287340 2.824825 2.458056
1580000 2.064884 2.742693 2.399027
1590000 2.666495 2.782549 2.408246
1600000 4.191656 2.886408 2.417555
1610000 4.019444 2.759760 2.509742
1620000 3.499390 2.795011 2.469307
1630000 2.279715 2.682162 2.557044
1640000 1.909048 2.765139 2.402457
1650000 1.697516 2.861612 2.482482
1660000 1.524117 2.669857 2.436637
1670000 2.932427 2.651955 2.459883
1680000 3.679670 2.760840 2.422594
1690000 3.043083 2.829328 2.411272
1700000 3.588462 2.834510 2.335181
1710000 4.140672 2.834354 2.361996
1720000 3.919072 2.858222 2.290221
1730000 4.160513 2.759542 2.455785
1740000 3.850439 2.761371 2.502425
1750000 2.741090 2.799022 2.419457
1760000 3.270897 2.623336 2.530827
1770000 2.934219 2.820489 2.507867
1780000 4.361728 2.869487 2.522000
1790000 4.567863 2.726657 2.461581
1800000 4.914127 2.775106 2.512871
1810000 4.060934 2.779462 2.528555
1820000 3.428694 2.715284 2.452165
1830000 2.379750 2.664778 2.405746
1840000 2.408949 2.903769 2.434639
1850000 2.807249 2.787044 2.506779
1860000 2.698409 2.685289 2.385691
1870000 2.074237 2.965233 2.480236
1880000 1.458923 2.765184 2.490261
1890000 1.460382 2.754064 2.537382
1900000 1.328274 2.905282 2.392643
1910000 1.686102 2.744410 2.479857
1920000 0.906000 2.933349 2.715883
1930000 0.709241 2.800257 2.480508
1940000 0.856999 2.908737 2.564186
1950000 0.997524 2.808471 2.420530
1960000 0.720036 2.801178 2.349976
1970000 0.912441 2.693171 2.509854
1980000 0.478548 2.752255 2.582656
1990000 0.704190 2.874730 2.497561
2000000 0.844813 2.733227 2.431254
2010000 1.178349 2.802383 2.470929
2020000 0.757859 2.835020 2.428844
2030000 1.229545 2.881552 2.391136
2040000 1.585334 2.768516 2.522050
2050000 1.486501 2.711315 2.548504
2060000 1.377396 2.872964 2.420041
2070000 1.433319 2.867930 2.516469
2080000 1.302696 2.811262 2.442946
2090000 1.906347 2.788456 2.535832
2100000 2.164429 2.822107 2.381379
2110000 3.684656 2.682442 2.424788
2120000 2.803532 2.787677 2.312846
2130000 3.247557 2.826470 2.437325
2140000 3.344960 2.825184 2.374230
2150000 2.087973 2.687121 2.480918
2160000 1.888869 2.730849 2.409835
2170000 2.260316 2.776635 2.428581
2180000 2.312721 2.761620 2.324799
2190000 3.127975 2.695940 2.350876
2200000 2.580532 2.786795 2.370467
2210000 3.000251 2.694531 2.468850
2220000 3.701666 2.718989 2.481766
2230000 4.555604 2.973028 2.387651
2240000 4.206546 2.867412 2.383278
2250000 3.576285 2.764744 2.387986
2260000 4.063516 2.879879 2.418228
2270000 3.637792 2.855013 2.426549
2280000 3.357147 2.772449 2.456529
2290000 4.749700 2.711881 2.504086
2300000 5.065175 2.809950 2.452778
2310000 4.454681 2.770524 2.592530
2320000 4.660313 2.887277 2.315168
2330000 4.865390 2.594577 2.209606
2340000 5.026069 2.977060 2.470703
2350000 3.814664 2.823184 2.561279
2360000 4.225307 2.801376 2.482825
2370000 4.997683 2.839386 2.469268
2380000 4.299220 2.757831 2.565038
2390000 3.322089 2.773373 2.613028
2400000 3.027639 2.749076 2.413960
2410000 3.267541 2.798485 2.439834
2420000 3.676571 2.741784 2.388365
2430000 3.172806 2.762949 2.529238
2440000 4.554908 2.873420 2.380071
2450000 3.865734 2.811156 2.509974
2460000 2.835364 2.778598 2.470298
2470000 2.185609 2.719934 2.408020
2480000 2.553939 2.732179 2.464262
2490000 3.340279 2.716920 2.438456
2500000 2.712949 2.685168 2.360979
2510000 2.255595 2.798481 2.504328
2520000 1.702541 2.748050 2.550862
2530000 2.326917 2.820715 2.356103
2540000 1.950803 2.845693 2.523489
2550000 2.042316 2.819190 2.404666
2560000 1.819107 2.676600 2.388616
2570000 1.627537 2.839477 2.400343
2580000 1.802599 2.909095 2.447669
2590000 1.834858 2.706538 2.447620
2600000 2.350710 2.807520 2.481242
2610000 2.802490 2.624500 2.463014
2620000 3.578293 2.767253 2.419330
2630000 4.201051 2.694906 2.504639
2640000 4.907997 2.860606 2.483305
2650000 4.356680 2.786050 2.426410
2660000 4.087973 2.682818 2.444355
2670000 4.093297 2.713103 2.317044
2680000 3.568377 2.626502 2.614910
2690000 3.105532 2.798265 2.489018
2700000 2.981016 2.763634 2.354167
2710000 2.937331 2.877589 2.360274
2720000 3.458607 2.904723 2.414660
2730000 3.639238 2.772429 2.526557
2740000 3.170874 2.769390 2.414261
2750000 4.330790 2.831993 2.497009
2760000 4.304549 2.738573 2.509574
2770000 3.915995 2.905646 2.422365
2780000 4.389276 2.941656 2.458419
2790000 4.226844 2.967251 2.519814
2800000 4.570084 2.916132 2.374718
2810000 3.524212 2.929761 2.330785
2820000 2.903351 2.668818 2.466976
2830000 2.672581 2.792918 2.462633
2840000 2.538730 2.801211 2.380670
2850000 2.690202 2.778016 2.427152
2860000 2.502879 2.765764 2.413853
2870000 2.173541 2.865938 2.388832
2880000 2.062915 2.773431 2.431053
2890000 2.213935 2.745220 2.417793
2900000 2.460843 2.776804 2.462253
2910000 1.598200 2.652150 2.535590
2920000 1.806858 2.910548 2.516499
2930000 1.225659 2.684482 2.415428
2940000 1.096664 2.898131 2.483420
2950000 1.092405 2.728425 2.467322
2960000 0.925205 2.798761 2.465258
2970000 1.132225 2.823454 2.411171
2980000 1.310443 2.708356 2.384514
2990000 1.124959 2.792677 2.428879
3000000 1.330120 2.869078 2.416936
3010000 1.285964 2.857287 2.462025
3020000 1.171234 2.727159 2.517215
3030000 0.997352 2.853262 2.378262
3040000 1.050476 2.760798 2.524687
3050000 1.078437 2.665221 2.341167
3060000 0.894378 2.788019 2.496607
3070000 1.451809 2.774195 2.507188
3080000 1.478590 2.800182 2.350314
3090000 1.508555 2.818106 2.425557
3100000 1.455873 2.840131 2.385159
3110000 1.847239 2.753930 2.413617
3120000 2.014362 2.692407 2.408437
3130000 1.763908 2.777710 2.500983
3140000 2.571253 2.633083 2.569841
3150000 2.417560 2.790166 2.387236
3160000 2.774147 2.729963 2.441669
3170000 4.251959 2.835610 2.385453
3180000 4.678540 2.770500 2.372496
3190000 4.928889 2.666499 2.386194
3200000 4.343044 2.728675 2.544119
3210000 3.419629 2.863761 2.335543
3220000 3.286381 2.849390 2.495843
3230000 3.162486 2.812513 2.465320
3240000 2.967870 2.723866 2.377664
3250000 3.046061 2.718604 2.484559
3260000 3.966943 2.875868 2.317999
3270000 4.134751 2.800114 2.384778
3280000 3.942442 2.904034 2.568014
3290000 4.232417 2.836844 2.465991
3300000 5.033114 2.867584 2.326851
3310000 2.583535 2.799152 2.462455
3320000 3.446962 2.821245 2.487878
3330000 2.910638 2.857640 2.408936
3340000 2.300102 2.742042 2.474873
3350000 2.741617 2.857449 2.419293
3360000 2.112974 2.867940 2.425821
3370000 2.038049 2.867349 2.322952
3380000 2.585023 2.818887 2.463058
3390000 2.464331 2.950832 2.363620
3400000 2.162042 2.667588 2.552540
3410000 2.189916 2.825733 2.536097
3420000 2.773762 2.839924 2.340243
3430000 3.373486 2.961535 2.499664
3440000 4.268620 2.713881 2.410249
3450000 3.155488 2.769993 2.404394
3460000 3.092557 2.709372 2.488479
3470000 3.253872 2.832603 2.478976
3480000 3.860125 2.797444 2.505849
3490000 3.728261 2.828710 2.426708
3500000 4.299440 2.774862 2.483144
3510000 4.168429 2.839610 2.458930
3520000 4.788347 2.840738 2.509671
3530000 4.493223 2.655648 2.593663
3540000 4.757026 2.783631 2.537093
3550000 4.553502 2.880521 2.405600
3560000 4.621284 2.805675 2.421047
3570000 4.216606 2.837587 2.493800
3580000 3.885947 2.673061 2.494078
3590000 3.960258 2.718242 2.457359
3600000 4.177439 2.727309 2.504405
3610000 4.234847 2.665766 2.471789
3620000 3.782488 2.818704 2.567076
3630000 3.474786 2.770733 2.423297
3640000 2.527877 2.802377 2.567385
3650000 2.823089 2.815137 2.626048
3660000 3.205776 2.743329 2.490057
3670000 1.888229 2.810112 2.476518
3680000 2.035586 2.739802 2.363204
3690000 1.520448 2.855190 2.398502
3700000 2.048529 2.826469 2.473759
3710000 3.202217 2.688637 2.552747
3720000 2.829661 2.740081 2.460524
3730000 2.465108 2.806825 2.373816
3740000 2.375454 2.754323 2.479609
