100000 1.548147 -0.471147 2.350527
110000 1.678374 -0.626069 2.211738
120000 1.525130 -0.426007 2.319148
130000 1.036207 -0.532476 2.266608
140000 1.367196 -0.511337 2.300026
150000 1.444306 -0.375147 2.289846
160000 1.075756 -0.560433 2.201401
170000 2.051199 -0.388572 2.255545
180000 2.132182 -0.562108 2.172808
190000 1.884390 -0.484235 2.330364
200000 1.793350 -0.525395 2.249959
210000 2.409722 -0.552895 2.305935
220000 2.440857 -0.619218 2.328786
230000 3.247406 -0.651147 2.313962
240000 4.687999 -0.649392 2.327872
250000 4.973048 -0.640954 2.161811
260000 4.780290 -0.514289 2.196407
270000 3.912759 -0.635736 2.252634
280000 4.672500 -0.566497 2.260137
290000 4.637007 -0.618903 2.248314
300000 4.983881 -0.500859 2.218739
310000 3.906496 -0.580485 2.278500
320000 4.412570 -0.503216 2.184736
330000 4.460797 -0.525656 2.166999
340000 3.153527 -0.646684 2.424388
350000 2.724722 -0.623580 2.217627
360000 2.390996 -0.575710 2.395686
370000 2.861528 -0.524236 2.219262
380000 3.482314 -0.579476 2.192350
390000 3.507673 -0.475509 2.419946
400000 2.767991 -0.480622 2.116244
410000 1.998853 -0.543575 2.206867
420000 1.936001 -0.603381 2.282215
430000 1.310796 -0.612517 2.327323
440000 1.834532 -0.656104 2.343300
450000 1.788328 -0.576143 2.280079
460000 2.602138 -0.567024 2.254601
470000 3.099011 -0.631108 2.291984
480000 3.621386 -0.522920 2.281796
490000 3.966487 -0.482413 2.162258
500000 4.999116 -0.757720 2.232455
510000 4.159689 -0.619817 2.224022
520000 4.281082 -0.436996 2.400870
530000 2.954015 -0.566951 2.185439
540000 3.504178 -0.629066 2.223829
550000 3.182039 -0.367050 2.389850
560000 4.527685 -0.544445 2.386563
570000 4.157713 -0.509901 2.242202
580000 2.356572 -0.371358 2.243000
590000 2.112014 -0.522570 2.264653
600000 2.151952 -0.540432 2.381957
610000 3.372408 -0.604922 2.338839
620000 3.729902 -0.459798 2.148119
630000 4.735877 -0.490505 2.258401
640000 4.727255 -0.587206 2.212863
650000 4.355136 -0.623864 2.236285
660000 3.304896 -0.552600 2.186755
670000 2.621779 -0.608132 2.220417
680000 3.040255 -0.465531 2.185833
690000 1.940284 -0.564690 2.250235
700000 1.205660 -0.467631 2.417526
710000 0.870015 -0.489453 2.339690
720000 0.790698 -0.472728 2.345403
730000 1.024550 -0.454643 2.256894
740000 1.030077 -0.464384 2.135154
750000 0.780969 -0.508767 2.328677
760000 0.657366 -0.391600 2.256636
770000 1.268278 -0.499555 2.297822
780000 1.382889 -0.594278 2.337599
790000 2.207795 -0.518752 2.193576
800000 1.889510 -0.503020 2.178081
810000 2.161288 -0.551853 2.227760
820000 1.283448 -0.620064 2.284995
830000 1.265418 -0.531541 2.278730
840000 1.134166 -0.477438 2.467900
850000 0.980712 -0.553527 2.284579
860000 1.131671 -0.615296 2.338648
870000 1.214409 -0.643545 2.248856
880000 1.926952 -0.520381 2.261819
890000 1.815628 -0.540494 2.332640
900000 1.564727 -0.529126 2.178267
910000 2.286938 -0.546484 2.300538
920000 3.083154 -0.503278 2.195226
930000 3.424114 -0.343059 2.334004
940000 4.675829 -0.600864 2.245557
950000 4.326794 -0.420078 2.253735
960000 4.461665 -0.668630 2.304573
970000 4.386664 -0.541359 2.258727
980000 3.139673 -0.564338 2.340145
990000 3.905663 -0.454772 2.351766
1000000 4.812650 -0.515451 2.301121
1010000 5.058618 -0.583474 2.182469
1020000 5.021133 -0.456678 2.276637
1030000 4.616990 -0.628457 2.249002
1040000 3.524040 -0.521350 2.312207
1050000 2.996703 -0.500993 2.224760
1060000 4.010824 -0.486324 2.215190
1070000 4.183239 -0.436104 2.281462
1080000 3.722710 -0.656989 2.243885
1090000 4.799760 -0.524070 2.230734
1100000 4.732971 -0.633725 2.163588
1110000 4.328139 -0.525783 2.282244
1120000 2.860866 -0.412273 2.232220
1130000 3.120682 -0.568020 2.272750
1140000 2.661671 -0.516150 2.253524
1150000 2.336400 -0.582338 2.305758
1160000 2.556707 -0.577069 2.327094
1170000 3.322052 -0.378007 2.313659
1180000 3.569245 -0.554065 2.329678
1190000 3.645101 -0.613983 2.298269
1200000 4.490841 -0.590019 2.289846
1210000 4.237703 -0.619684 2.348387
1220000 3.630559 -0.572132 2.248634
1230000 3.228861 -0.558145 2.242671
1240000 3.665017 -0.607544 2.185308
1250000 2.879595 -0.480401 2.298189
1260000 2.458801 -0.475707 2.254328
1270000 2.277361 -0.543578 2.370461
1280000 2.200823 -0.578020 2.360822
1290000 1.967766 -0.362569 2.237648
1300000 1.945016 -0.429148 2.370998
1310000 1.389777 -0.428658 2.285253
1320000 1.272195 -0.487492 2.237029
1330000 1.396550 -0.524664 2.321534
1340000 1.279835 -0.572958 2.425916
1350000 1.384799 -0.551591 2.131814
1360000 1.469752 -0.465880 2.363033
1370000 1.352701 -0.584474 2.270232
1380000 1.353253 -0.656822 2.400108
1390000 1.030473 -0.506061 2.400050
1400000 0.873910 -0.527731 2.374172
1410000 1.107146 -0.495565 2.305523
1420000 0.728865 -0.452532 2.463434
1430000 0.518687 -0.428649 2.520231
1440000 0.497663 -0.604100 2.447865
1450000 0.499672 -0.504241 2.434264
1460000 0.903736 -0.617121 2.341614
1470000 0.980715 -0.583299 2.256073
1480000 0.945740 -0.661901 2.368575
1490000 0.666077 -0.543263 2.263365
1500000 1.074149 -0.504862 2.464783
1510000 1.011148 -0.469826 2.273855
1520000 1.190858 -0.510010 2.186889
1530000 0.789296 -0.416527 2.387491
1540000 0.499726 -0.617301 2.488340
1550000 0.685843 -0.479979 2.334692
1560000 0.677550 -0.500115 2.362587
1570000 0.620248 -0.526133 2.450634
1580000 1.715671 -0.569441 2.226259
1590000 2.050724 -0.540815 2.232948
1600000 2.254320 -0.382446 2.284820
1610000 1.847668 -0.488719 2.215173
1620000 1.555026 -0.501993 2.242124
1630000 1.548971 -0.488341 2.112768
1640000 1.746456 -0.573372 2.144664
1650000 2.007783 -0.550048 2.340447
1660000 2.035100 -0.544715 2.326932
1670000 2.856045 -0.625439 2.125300
1680000 2.826036 -0.488408 2.246185
1690000 4.018277 -0.461987 2.366653
1700000 4.101842 -0.529622 2.293547
1710000 4.985643 -0.432636 2.209386
1720000 4.622871 -0.645177 2.316451
1730000 4.565961 -0.477973 2.310020
1740000 3.508813 -0.470561 2.231499
1750000 3.193941 -0.596707 2.206588
1760000 3.473241 -0.488915 2.234359
1770000 3.586263 -0.604214 2.297565
1780000 3.902370 -0.606717 2.296053
1790000 3.900585 -0.535611 2.287276
1800000 4.024930 -0.506163 2.361176
1810000 3.669123 -0.566626 2.271754
1820000 3.102926 -0.559778 2.236809
1830000 3.339148 -0.506464 2.251609
1840000 4.483434 -0.454730 2.247945
1850000 3.810935 -0.511267 2.283303
1860000 4.890157 -0.506972 2.272210
1870000 4.626193 -0.485741 2.261429
1880000 4.150321 -0.487631 2.389376
1890000 3.711776 -0.447804 2.316725
1900000 3.233393 -0.526797 2.390006
1910000 2.805638 -0.621030 2.300350
1920000 2.339159 -0.501241 2.201675
1930000 2.695331 -0.554269 2.325760
1940000 3.216570 -0.604813 2.356380
1950000 4.032860 -0.414333 2.208253
1960000 4.493544 -0.369113 2.201762
1970000 4.217784 -0.573476 2.170937
1980000 4.019020 -0.525065 2.348318
1990000 3.630849 -0.416708 2.244889
2000000 4.583905 -0.621120 2.358290
2010000 4.535546 -0.613489 2.274075
2020000 4.342148 -0.507402 2.220619
2030000 4.640277 -0.558737 2.356844
2040000 4.961656 -0.383402 2.222806
2050000 4.901735 -0.645185 2.385162
2060000 4.799925 -0.560848 2.182909
2070000 4.188120 -0.424519 2.270832
2080000 3.430779 -0.585510 2.230524
2090000 3.989393 -0.653364 2.334258
2100000 3.906716 -0.581889 2.344427
2110000 2.596216 -0.604906 2.174539
2120000 2.379448 -0.538824 2.140890
2130000 2.479015 -0.690537 2.208317
2140000 2.919056 -0.550519 2.214605
2150000 2.763408 -0.491712 2.354886
2160000 2.229090 -0.414556 2.307017
2170000 2.618013 -0.423596 2.314921
2180000 2.606820 -0.548993 2.189787
2190000 2.226575 -0.466978 2.512987
2200000 1.908144 -0.515977 2.295943
2210000 2.492023 -0.477731 2.311028
2220000 2.999335 -0.517705 2.237574
2230000 3.107899 -0.450191 2.197896
2240000 3.204022 -0.580459 2.082816
2250000 3.486796 -0.500313 2.317613
2260000 3.294462 -0.533737 2.352017
2270000 3.063433 -0.498033 2.278450
2280000 2.414214 -0.471812 2.313546
2290000 2.346944 -0.520812 2.139957
2300000 2.774523 -0.484086 2.307986
2310000 4.106995 -0.542198 2.240957
2320000 4.272668 -0.336664 2.325739
2330000 4.812913 -0.451649 2.240910
2340000 4.745675 -0.339505 2.164221
2350000 4.232038 -0.548782 2.156958
2360000 4.382318 -0.376057 2.196601
2370000 4.914312 -0.625321 2.300835
2380000 4.390249 -0.537467 2.205499
2390000 3.722124 -0.500853 2.174962
2400000 4.417472 -0.544567 2.279221
2410000 3.184255 -0.491487 2.255935
2420000 2.993050 -0.399795 2.197041
2430000 3.809101 -0.464999 2.296910
2440000 3.620883 -0.581673 2.276469
2450000 4.374923 -0.431371 2.285121
2460000 4.834625 -0.593266 2.186068
2470000 4.575506 -0.527035 2.178811
2480000 3.678353 -0.437283 2.128274
2490000 3.143762 -0.441553 2.213416
2500000 2.103442 -0.490483 2.082789
2510000 2.986133 -0.367634 2.169832
2520000 2.150880 -0.463708 2.271461
2530000 1.787666 -0.561086 2.258180
2540000 1.626836 -0.660747 2.178743
2550000 2.179842 -0.507797 2.417742
2560000 1.497837 -0.525579 2.237336
2570000 1.656610 -0.609124 2.306474
2580000 1.944482 -0.587812 2.210666
2590000 1.359612 -0.482230 2.375143
2600000 1.228226 -0.493247 2.318155
2610000 1.379922 -0.444336 2.220060
2620000 1.323119 -0.474785 2.215856
2630000 1.206483 -0.574056 2.312907
2640000 1.266122 -0.468323 2.377557
2650000 1.307973 -0.353711 2.304402
2660000 1.379839 -0.559862 2.325390
2670000 1.778848 -0.430331 2.191302
2680000 1.963951 -0.515857 2.349687
2690000 1.898334 -0.591415 2.304059
2700000 1.937388 -0.483416 2.312357
2710000 2.054198 -0.526575 2.272244
2720000 1.633451 -0.548360 2.314287
2730000 1.584693 -0.543896 2.287882
2740000 1.456277 -0.627241 2.241821
2750000 1.276112 -0.501452 2.293304
2760000 1.055217 -0.519975 2.344617
2770000 0.927572 -0.454957 2.248003
2780000 0.949127 -0.541364 2.259838
2790000 0.877265 -0.494381 2.429903
2800000 0.857880 -0.552369 2.266180
2810000 0.964554 -0.582432 2.330738
2820000 1.203618 -0.519528 2.253130
2830000 1.163344 -0.462557 2.292573
2840000 1.202910 -0.504504 2.261996
2850000 1.415967 -0.440881 2.341180
2860000 1.507752 -0.456311 2.366197
2870000 1.427756 -0.652995 2.316090
2880000 2.129906 -0.415670 2.115551
2890000 2.261824 -0.519554 2.114623
2900000 2.881625 -0.423813 2.199003
2910000 3.265904 -0.523061 2.180321
2920000 3.307558 -0.420083 2.243567
2930000 3.039618 -0.584502 2.326087
2940000 3.679473 -0.513704 2.268187
2950000 3.015950 -0.612397 2.274540
2960000 4.323552 -0.685255 2.348410
2970000 3.946007 -0.521742 2.304299
2980000 4.117444 -0.562872 2.341693
2990000 4.772979 -0.678334 2.096260
3000000 4.975633 -0.505129 2.404203
3010000 4.351035 -0.495584 2.322837
3020000 3.953945 -0.413940 2.275414
3030000 4.707639 -0.540371 2.396553
3040000 3.588681 -0.663650 2.221449
3050000 3.889140 -0.399824 2.329644
3060000 3.978183 -0.385379 2.152537
3070000 3.966015 -0.565525 2.376967
3080000 3.429927 -0.585010 2.334176
3090000 4.828332 -0.639464 2.298582
3100000 4.968983 -0.593751 2.258224
3110000 4.637819 -0.557973 2.303296
3120000 4.468110 -0.615293 2.292858
3130000 4.694997 -0.455845 2.327739
3140000 4.888864 -0.487506 2.282644
3150000 5.046527 -0.511539 2.190555
3160000 4.622397 -0.553357 2.359188
3170000 4.260368 -0.674132 2.257376
3180000 3.333074 -0.574537 2.343384
3190000 2.362647 -0.569202 2.079973
3200000 2.575682 -0.330164 2.245869
3210000 2.398227 -0.586590 2.380722
3220000 2.766876 -0.613135 2.282874
3230000 2.155445 -0.519603 2.177431
3240000 1.992573 -0.536799 2.357590
3250000 2.388241 -0.391452 2.281606
3260000 3.022840 -0.588305 2.185857
3270000 3.330579 -0.477551 2.318112
3280000 3.042131 -0.567078 2.461896
3290000 2.940361 -0.497151 2.300132
3300000 3.733984 -0.568390 2.425458
3310000 3.221110 -0.533315 2.265344
3320000 3.334486 -0.480246 2.374234
3330000 3.614912 -0.501305 2.279485
3340000 3.022084 -0.453827 2.360400
3350000 2.434920 -0.619696 2.362651
3360000 2.852980 -0.454389 2.272365
3370000 3.707876 -0.652553 2.248781
3380000 3.888686 -0.575512 2.220364
3390000 4.426806 -0.362097 2.299882
3400000 3.326650 -0.372963 2.370383
3410000 4.068294 -0.489710 2.156376
3420000 4.327868 -0.656635 2.397137
3430000 4.206489 -0.531511 2.232248
3440000 4.303445 -0.480758 2.317139
3450000 5.037394 -0.614130 2.322602
3460000 4.791521 -0.635047 2.307481
3470000 4.230411 -0.503286 2.195565
3480000 3.081298 -0.515439 2.252786
3490000 2.586391 -0.557865 2.327896
3500000 2.238140 -0.527270 2.104642
3510000 2.137715 -0.538251 2.298137
3520000 1.956045 -0.520304 2.327724
