100000 4.852659 -0.459080 2.091620
110000 4.813026 -0.545595 1.877476
120000 4.890253 -0.631724 1.982744
130000 4.455997 -0.619775 1.861668
140000 2.756670 -0.674723 1.923277
150000 2.611984 -0.463007 1.931202
160000 2.087974 -0.574081 1.875108
170000 1.854873 -0.509848 1.876775
180000 1.423051 -0.472800 1.984035
190000 1.838198 -0.428460 2.065697
200000 2.998604 -0.581835 1.898557
210000 3.656547 -0.464116 1.925349
220000 2.837870 -0.565530 1.871995
230000 3.647267 -0.532987 1.840342
240000 4.327259 -0.473754 1.999867
250000 4.046803 -0.479737 1.839606
260000 3.296389 -0.526341 1.956839
270000 4.912894 -0.488204 1.959341
280000 4.834305 -0.425509 1.769820
290000 4.265683 -0.440040 1.919209
300000 2.980675 -0.511027 1.896386
310000 2.456365 -0.558784 1.919665
320000 2.912679 -0.499952 1.950931
330000 4.444988 -0.605021 2.071314
340000 4.224807 -0.369602 2.014712
350000 2.937516 -0.611251 2.040960
360000 2.215029 -0.494205 1.911492
370000 1.819081 -0.516755 1.995442
380000 1.636941 -0.543634 1.996037
390000 1.290281 -0.459580 1.885417
400000 1.331264 -0.496996 1.910004
410000 1.950312 -0.463383 1.909139
420000 1.886969 -0.625134 1.965117
430000 2.128781 -0.450482 1.911799
440000 1.931059 -0.608294 1.907654
450000 2.755502 -0.496838 1.989815
460000 3.978874 -0.547442 1.893490
470000 3.033690 -0.488532 1.937262
480000 3.673019 -0.511108 1.850147
490000 3.845820 -0.485238 1.937421
500000 4.554853 -0.554995 1.988723
510000 4.264108 -0.545100 1.991138
520000 3.557257 -0.503400 1.972133
530000 3.601938 -0.543004 1.855417
540000 2.802404 -0.545356 1.890465
550000 2.554200 -0.565230 1.874214
560000 2.743974 -0.473496 1.872879
570000 3.524971 -0.420291 1.846008
580000 4.163581 -0.576952 1.982637
590000 4.221881 -0.572877 1.901193
600000 3.171551 -0.507161 1.906439
610000 3.326638 -0.504708 1.961357
620000 3.349746 -0.444334 1.916042
630000 4.480027 -0.494750 1.840760
640000 4.001815 -0.384523 1.965873
650000 4.620140 -0.389972 1.967094
660000 3.074980 -0.490868 1.902032
670000 2.433569 -0.577673 1.767451
680000 2.381554 -0.509564 1.969999
690000 1.974178 -0.561479 1.996375
700000 1.588414 -0.477489 1.975184
710000 0.785148 -0.660803 2.040232
720000 0.810979 -0.496471 2.016922
730000 1.329838 -0.658090 1.996797
740000 1.129721 -0.538394 2.049669
750000 1.523167 -0.467392 1.908174
760000 1.479390 -0.403562 1.928398
770000 1.185688 -0.549525 1.938289
780000 1.596264 -0.542249 1.853318
790000 1.791582 -0.490412 1.961271
800000 2.042742 -0.561327 1.987544
810000 2.275671 -0.591532 1.868906
820000 2.873868 -0.601157 1.983838
830000 3.845763 -0.671192 1.917273
840000 4.797930 -0.543953 1.931110
850000 4.602972 -0.514898 2.019409
860000 4.282574 -0.469404 1.853938
870000 4.338659 -0.538375 1.850051
880000 3.292890 -0.537071 1.892432
890000 3.383749 -0.553934 2.099393
900000 2.645027 -0.607538 2.041341
910000 2.411312 -0.474876 1.962493
920000 2.389782 -0.615689 1.885465
930000 2.221790 -0.483618 1.946920
940000 2.958596 -0.490447 1.814210
950000 4.043818 -0.520974 1.968742
960000 3.789070 -0.451687 2.041422
970000 4.559450 -0.450793 1.838559
980000 4.282410 -0.565501 2.000741
990000 3.486874 -0.496153 1.947827
1000000 3.750420 -0.413588 1.840582
1010000 2.983875 -0.566134 1.932186
1020000 2.519222 -0.488482 1.806475
1030000 3.102003 -0.525753 1.816218
1040000 4.063265 -0.642019 1.921140
1050000 4.561117 -0.499194 1.941766
1060000 4.023963 -0.573998 1.995669
1070000 3.751269 -0.615797 1.860616
1080000 3.451649 -0.659447 1.857946
1090000 4.579724 -0.549522 1.889317
1100000 4.587274 -0.602776 1.980491
1110000 4.841474 -0.590280 1.869242
1120000 4.743990 -0.571441 1.923886
1130000 3.326132 -0.652989 1.811066
1140000 3.789513 -0.548088 1.832655
1150000 3.109539 -0.455387 1.902560
1160000 2.904992 -0.520997 1.875351
1170000 1.780891 -0.567468 1.994462
1180000 2.226428 -0.590797 1.945408
1190000 1.705128 -0.584318 1.956152
1200000 0.951864 -0.607391 2.010699
1210000 0.745277 -0.479046 2.090548
1220000 0.745995 -0.460104 1.896763
1230000 0.802498 -0.536608 1.934403
1240000 0.856225 -0.656808 1.946882
1250000 1.160417 -0.381127 1.900102
1260000 1.228411 -0.496790 1.840383
1270000 1.241512 -0.527999 1.911058
1280000 1.383779 -0.461920 1.923329
1290000 1.496103 -0.616194 1.955297
1300000 2.025930 -0.600424 1.827346
1310000 2.366870 -0.512729 1.944813
1320000 2.488927 -0.651849 1.914603
1330000 3.095449 -0.612112 1.850371
1340000 3.835284 -0.670326 1.903639
1350000 3.402305 -0.535967 1.849246
1360000 2.708518 -0.466126 1.951363
1370000 2.897200 -0.488999 1.962318
1380000 2.558781 -0.431628 1.823287
1390000 2.112140 -0.582926 1.815061
1400000 1.704291 -0.512377 2.076970
1410000 2.176450 -0.676282 1.882538
1420000 2.000633 -0.687315 1.982807
1430000 1.989326 -0.461296 2.011623
1440000 2.018414 -0.496090 1.923677
1450000 1.780699 -0.431088 1.891756
1460000 1.505038 -0.594361 1.828399
1470000 1.466615 -0.556026 1.951777
1480000 1.534589 -0.449872 1.939873
1490000 1.567681 -0.547692 1.825673
1500000 1.254157 -0.684643 1.968387
1510000 1.151970 -0.575144 1.990972
1520000 1.256665 -0.437246 1.918906
1530000 1.186303 -0.621172 1.920267
1540000 0.976944 -0.514834 1.971994
1550000 0.963859 -0.486181 1.989087
1560000 1.109445 -0.504858 1.928991
1570000 1.386369 -0.482693 1.892483
1580000 0.894471 -0.609121 1.939123
1590000 0.795859 -0.519493 1.974620
1600000 0.905293 -0.353180 2.004051
1610000 0.895502 -0.572390 1.945448
1620000 0.741899 -0.530529 2.051389
1630000 1.030672 -0.527652 1.942211
1640000 1.006657 -0.591575 1.894308
1650000 1.305094 -0.555037 1.957129
1660000 1.656441 -0.478159 1.878989
1670000 2.306688 -0.467735 1.912775
1680000 2.841653 -0.550545 1.954762
1690000 3.876942 -0.516179 1.986100
1700000 4.829609 -0.489492 1.835693
1710000 4.502917 -0.568457 1.892547
1720000 4.732537 -0.474698 1.998502
1730000 4.007222 -0.471678 1.924150
1740000 4.861128 -0.411632 2.038408
1750000 4.564748 -0.547475 2.011987
1760000 4.942379 -0.383877 2.053212
1770000 5.057956 -0.481383 1.952541
1780000 4.716146 -0.419186 1.927805
1790000 4.808252 -0.492154 1.874718
1800000 4.345850 -0.488990 2.076757
1810000 3.568749 -0.537324 1.949105
1820000 3.657106 -0.628640 1.802861
1830000 4.087391 -0.623519 2.008714
1840000 3.188962 -0.588483 1.840376
1850000 3.396459 -0.571652 2.022405
1860000 2.634423 -0.567201 1.890143
1870000 3.286153 -0.545148 1.940505
1880000 3.451061 -0.545823 1.873962
1890000 2.814231 -0.492559 2.040206
1900000 3.570375 -0.621359 1.980550
1910000 4.128112 -0.542490 1.911339
1920000 4.200814 -0.556686 1.870592
1930000 4.303981 -0.447591 1.903627
1940000 3.976577 -0.474476 1.905945
1950000 4.327001 -0.434034 1.737640
1960000 4.356498 -0.440821 1.781829
1970000 3.859286 -0.578564 1.939537
1980000 4.296563 -0.559931 1.866796
1990000 4.613184 -0.571255 1.948278
2000000 4.225162 -0.447733 1.757036
2010000 3.282106 -0.606382 1.826103
2020000 2.086610 -0.599373 1.845607
2030000 2.500769 -0.539511 1.847023
2040000 1.855880 -0.581348 1.888070
2050000 1.735064 -0.538720 1.874381
2060000 1.816708 -0.583745 1.918201
2070000 2.665460 -0.380103 1.872338
2080000 3.296404 -0.509218 1.953989
2090000 3.779596 -0.640402 1.911521
2100000 2.877477 -0.535920 1.822553
2110000 2.625702 -0.586504 2.016104
2120000 3.894190 -0.496908 1.818973
2130000 4.136463 -0.435140 1.924743
2140000 4.435656 -0.534167 1.906132
2150000 3.251196 -0.523775 1.933186
2160000 3.174249 -0.633663 1.964277
2170000 3.767642 -0.540114 1.858182
2180000 5.029861 -0.442532 1.862311
2190000 4.416775 -0.471841 1.910599
2200000 4.390657 -0.459641 1.840016
2210000 4.287080 -0.544566 2.044433
2220000 3.522481 -0.604007 1.967863
2230000 4.654574 -0.458364 1.943598
2240000 3.483011 -0.412298 1.912932
2250000 3.504295 -0.439767 1.990295
2260000 3.009836 -0.699152 1.840260
2270000 2.733117 -0.625504 1.987711
2280000 2.257496 -0.511176 1.948036
2290000 2.681435 -0.540888 1.849619
2300000 2.903829 -0.482474 1.973127
2310000 2.212043 -0.624748 2.052570
2320000 2.339146 -0.578352 1.959429
2330000 2.513960 -0.470210 1.941547
2340000 3.439071 -0.565026 1.917227
2350000 2.935680 -0.534426 1.787185
2360000 3.661468 -0.455622 1.894930
2370000 3.276273 -0.510072 1.872427
2380000 3.578771 -0.559768 1.810891
2390000 3.895673 -0.591150 1.867075
2400000 5.013159 -0.477800 1.909023
2410000 4.262872 -0.522835 1.956756
2420000 4.637007 -0.587401 1.946088
2430000 4.139897 -0.422114 1.866229
2440000 4.688589 -0.529533 1.751995
2450000 4.493050 -0.525222 1.913503
2460000 4.839296 -0.568996 1.891739
2470000 4.762630 -0.480352 1.846530
2480000 5.004095 -0.552363 1.930140
2490000 5.059209 -0.635918 1.868041
2500000 4.591258 -0.598904 1.907812
2510000 4.413221 -0.453838 1.909151
2520000 4.255671 -0.622157 2.029163
2530000 4.265380 -0.425148 1.908411
2540000 4.253560 -0.365292 1.904069
2550000 3.296707 -0.514774 1.855232
2560000 2.764818 -0.425909 1.997224
2570000 1.811138 -0.524830 1.919501
2580000 2.140038 -0.542056 1.973930
2590000 2.342447 -0.543797 1.856701
2600000 1.659447 -0.458703 2.002839
2610000 1.728069 -0.462685 2.000780
2620000 1.199521 -0.499921 1.888790
2630000 1.145939 -0.521695 1.779757
2640000 1.089233 -0.445151 1.948052
2650000 1.274834 -0.523910 1.879372
2660000 0.733116 -0.493948 1.913199
2670000 0.615892 -0.596749 1.993063
2680000 1.031852 -0.584689 1.873709
2690000 1.048754 -0.520478 1.842826
2700000 0.951374 -0.589745 1.773583
2710000 0.741324 -0.555293 1.908241
2720000 0.950761 -0.508313 1.894971
2730000 1.517644 -0.465934 1.822917
2740000 1.843235 -0.550543 1.927426
2750000 2.039805 -0.503742 1.859682
2760000 2.205998 -0.537404 2.000151
2770000 2.263357 -0.390008 1.903251
2780000 2.252907 -0.562383 1.849258
2790000 2.247192 -0.499812 1.840569
2800000 2.336304 -0.401876 1.781955
2810000 2.372537 -0.462682 1.885536
2820000 2.575717 -0.677941 1.868162
2830000 3.068873 -0.564105 1.986445
2840000 3.567846 -0.506040 1.925328
2850000 3.229272 -0.422143 1.892850
2860000 2.749492 -0.572859 1.901272
2870000 4.020314 -0.585098 1.894842
2880000 3.683512 -0.531377 2.013146
2890000 3.113729 -0.605817 1.918547
2900000 3.488768 -0.530824 1.973085
2910000 3.039907 -0.700981 1.791336
2920000 3.207748 -0.583385 1.885916
2930000 4.055797 -0.440174 1.891707
2940000 4.081696 -0.599985 1.882762
2950000 3.935399 -0.587470 2.000078
2960000 4.297704 -0.600369 1.895926
2970000 4.902691 -0.605284 1.838286
2980000 3.843038 -0.476779 1.938659
2990000 2.812897 -0.408974 1.844558
3000000 2.650979 -0.574318 1.889868
3010000 2.971609 -0.591887 2.022182
3020000 2.043123 -0.396152 1.972275
3030000 1.602886 -0.497296 2.019228
3040000 1.766911 -0.273981 1.900344
3050000 1.436927 -0.377005 2.037709
3060000 1.503516 -0.497868 1.870999
3070000 1.241662 -0.488105 1.891701
3080000 1.256438 -0.574021 1.819673
3090000 1.145384 -0.643387 1.960007
3100000 1.460797 -0.439175 1.819577
3110000 0.931946 -0.462866 2.050066
3120000 0.772267 -0.518397 2.084717
3130000 0.683576 -0.459094 1.898057
3140000 0.681016 -0.520184 1.904563
3150000 0.646005 -0.497131 1.837577
3160000 0.732517 -0.626874 1.816865
3170000 0.704638 -0.494327 1.957217
3180000 1.019748 -0.664124 1.910660
3190000 1.037524 -0.492383 1.981035
3200000 1.250669 -0.496070 1.957504
3210000 1.328896 -0.464834 1.906708
3220000 1.571535 -0.439139 1.976070
3230000 1.639539 -0.547039 1.875427
3240000 1.599191 -0.507622 1.942376
3250000 1.834785 -0.565099 1.918301
3260000 1.985485 -0.444229 1.860886
3270000 2.386074 -0.581407 1.941489
3280000 2.434482 -0.501425 1.824883
3290000 3.423701 -0.374670 1.878259
3300000 4.269619 -0.623138 1.905092
3310000 4.512038 -0.435328 1.999365
3320000 4.656056 -0.557297 1.904091
3330000 4.663784 -0.553287 1.878046
3340000 3.941328 -0.575100 2.092654
3350000 4.008186 -0.567778 2.001550
3360000 4.624555 -0.460934 2.089796
