100000 2.307703 -0.551422 1.655833
110000 4.706851 -0.495627 1.556470
120000 4.967313 -0.594661 1.650910
130000 4.757510 -0.555996 1.386945
140000 5.043210 -0.410446 1.434877
150000 4.815974 -0.606315 1.629898
160000 3.289178 -0.467976 1.535117
170000 3.945056 -0.538603 1.530912
180000 4.966528 -0.451169 1.512517
190000 4.448684 -0.613555 1.600839
200000 5.032957 -0.637040 1.593900
210000 4.086052 -0.545861 1.550773
220000 5.022987 -0.444504 1.691576
230000 2.933493 -0.489260 1.545372
240000 2.749561 -0.478429 1.497084
250000 2.663635 -0.537544 1.454554
260000 1.379914 -0.554265 1.590735
270000 1.582433 -0.641108 1.616206
280000 1.865929 -0.471959 1.569451
290000 1.939493 -0.540785 1.642593
300000 2.087877 -0.435055 1.638527
310000 1.665580 -0.514746 1.548226
320000 2.341546 -0.529316 1.582726
330000 2.849817 -0.479549 1.606767
340000 3.413583 -0.663429 1.674739
350000 2.782801 -0.437519 1.626775
360000 3.074609 -0.583262 1.658369
370000 4.604605 -0.473003 1.648429
380000 4.784935 -0.541951 1.704271
390000 5.005045 -0.509177 1.554605
400000 3.720216 -0.610812 1.605245
410000 3.682577 -0.586900 1.642765
420000 4.131608 -0.566362 1.514039
430000 4.065049 -0.574456 1.501621
440000 3.220441 -0.501259 1.657431
450000 2.262913 -0.538648 1.580259
460000 1.990595 -0.574015 1.611564
470000 1.324138 -0.599178 1.657931
480000 1.144057 -0.469087 1.488121
490000 0.811911 -0.514629 1.550748
500000 1.075772 -0.518938 1.532874
510000 1.201353 -0.606480 1.625133
520000 0.928106 -0.577342 1.583949
530000 1.422047 -0.567673 1.555541
540000 1.614065 -0.423589 1.549116
550000 1.206994 -0.430793 1.606249
560000 1.335890 -0.554040 1.663121
570000 1.928714 -0.617073 1.722037
580000 1.721850 -0.594844 1.411479
590000 2.155599 -0.480362 1.498050
600000 2.728461 -0.488806 1.720550
610000 3.363476 -0.570301 1.585692
620000 3.062980 -0.489926 1.560052
630000 2.522843 -0.588063 1.532768
640000 3.082109 -0.546352 1.448740
650000 2.808013 -0.576297 1.558933
660000 3.608525 -0.597204 1.587296
670000 4.193989 -0.530075 1.655189
680000 4.467370 -0.494858 1.496711
690000 4.496560 -0.526316 1.410256
700000 5.009066 -0.528246 1.585184
710000 4.365117 -0.496657 1.514636
720000 4.119209 -0.438119 1.519041
730000 3.683630 -0.592645 1.507401
740000 4.273232 -0.442778 1.583502
750000 4.889896 -0.512377 1.567182
760000 4.518202 -0.515202 1.389292
770000 3.074269 -0.497462 1.412882
780000 3.059532 -0.535571 1.552052
790000 2.150239 -0.542513 1.656674
800000 1.902820 -0.575241 1.610110
810000 2.258628 -0.533713 1.545525
820000 1.799942 -0.589613 1.541500
830000 2.265724 -0.533260 1.565117
840000 3.535685 -0.493493 1.541065
850000 2.964700 -0.454392 1.546464
860000 3.916566 -0.535470 1.621159
870000 4.562144 -0.519681 1.530050
880000 4.269536 -0.446423 1.551890
890000 4.191126 -0.624124 1.680319
900000 3.439886 -0.493842 1.515036
910000 4.484417 -0.495347 1.654904
920000 4.122512 -0.607771 1.518874
930000 3.747381 -0.661369 1.603910
940000 2.814326 -0.469151 1.557349
950000 2.454341 -0.557793 1.525295
960000 2.827631 -0.496880 1.478169
970000 3.377902 -0.596129 1.479799
980000 3.649818 -0.520248 1.510272
990000 2.376279 -0.452754 1.451468
1000000 2.572203 -0.589239 1.576906
1010000 3.338809 -0.436756 1.574660
1020000 4.995561 -0.564300 1.617317
1030000 4.381575 -0.499695 1.784659
1040000 3.796810 -0.447526 1.690515
1050000 4.244159 -0.584686 1.494846
1060000 4.960559 -0.341883 1.543545
1070000 4.501690 -0.466247 1.455353
1080000 3.368280 -0.417119 1.542596
1090000 4.355411 -0.542737 1.535612
1100000 4.614087 -0.575260 1.576544
1110000 3.817509 -0.421752 1.583270
1120000 3.423269 -0.553304 1.564674
1130000 3.325628 -0.529838 1.592068
1140000 3.669278 -0.587288 1.623630
1150000 3.128218 -0.418369 1.662374
1160000 1.542772 -0.604762 1.625677
1170000 1.681893 -0.453548 1.617625
1180000 1.646956 -0.519993 1.530942
1190000 0.720207 -0.700085 1.534962
1200000 0.814442 -0.567167 1.450271
1210000 1.041264 -0.388316 1.566746
1220000 1.290401 -0.403794 1.594009
1230000 0.911682 -0.375916 1.536338
1240000 1.158687 -0.451749 1.653102
1250000 1.357496 -0.430635 1.550482
1260000 1.594429 -0.449230 1.531290
1270000 1.439365 -0.545907 1.628495
1280000 1.580427 -0.432784 1.570565
1290000 1.775203 -0.497094 1.547081
1300000 1.809506 -0.469093 1.714521
1310000 1.780787 -0.443036 1.693094
1320000 1.705149 -0.473295 1.643111
1330000 2.210249 -0.592008 1.575392
1340000 1.955657 -0.616615 1.564721
1350000 2.715496 -0.552910 1.567869
1360000 2.268192 -0.490145 1.624606
1370000 2.416949 -0.432276 1.504079
1380000 1.962946 -0.580504 1.503547
1390000 2.165575 -0.431241 1.507122
1400000 1.746914 -0.434636 1.580148
1410000 1.871910 -0.598815 1.404213
1420000 1.676802 -0.491940 1.607952
1430000 1.438278 -0.452431 1.629796
1440000 1.077232 -0.571319 1.542689
1450000 1.295654 -0.500404 1.561082
1460000 1.506611 -0.513280 1.619732
1470000 0.982715 -0.588245 1.683739
1480000 0.718544 -0.592273 1.573084
1490000 0.856265 -0.592791 1.634715
1500000 0.780747 -0.504141 1.557274
1510000 0.531718 -0.504606 1.528993
1520000 0.930276 -0.529054 1.589363
1530000 0.888210 -0.543339 1.622726
1540000 1.432773 -0.530637 1.521883
1550000 1.474341 -0.522216 1.587002
1560000 1.751042 -0.489760 1.593487
1570000 2.033694 -0.460951 1.520308
1580000 1.979220 -0.367770 1.441293
1590000 2.405185 -0.590617 1.504891
1600000 3.388850 -0.616364 1.587657
1610000 2.973045 -0.465989 1.562623
1620000 4.946164 -0.550160 1.461886
1630000 4.897080 -0.415563 1.532497
1640000 4.145682 -0.421167 1.602784
1650000 4.333167 -0.481110 1.616297
1660000 4.946728 -0.422002 1.467014
1670000 5.035871 -0.589104 1.586182
1680000 4.582076 -0.490687 1.457686
1690000 4.976328 -0.567540 1.592796
1700000 4.959221 -0.480120 1.601662
1710000 3.752001 -0.518070 1.499607
1720000 4.202072 -0.564814 1.508437
1730000 4.509388 -0.601194 1.617403
1740000 4.142459 -0.467236 1.539679
1750000 3.545548 -0.519005 1.465517
1760000 2.454293 -0.498769 1.621743
1770000 2.931439 -0.409083 1.604903
1780000 3.110871 -0.522158 1.356300
1790000 3.455982 -0.679037 1.481036
1800000 4.317741 -0.478902 1.578993
1810000 4.889856 -0.385855 1.538041
1820000 4.741701 -0.417046 1.541963
1830000 5.012049 -0.662261 1.662495
1840000 4.849706 -0.522903 1.614124
1850000 4.480909 -0.351641 1.651333
1860000 3.127062 -0.636158 1.584053
1870000 3.266494 -0.521825 1.649120
1880000 2.898618 -0.551636 1.497346
1890000 2.734430 -0.535388 1.606381
1900000 2.207187 -0.373006 1.645780
1910000 2.335563 -0.600257 1.559820
1920000 2.407867 -0.423981 1.635728
1930000 2.943151 -0.437569 1.602765
1940000 2.732084 -0.588478 1.660774
1950000 3.147072 -0.497546 1.561691
1960000 3.300124 -0.541352 1.608725
1970000 3.702686 -0.590446 1.600535
1980000 4.693493 -0.569071 1.565338
1990000 4.585727 -0.421804 1.581783
2000000 4.045602 -0.534235 1.697946
2010000 4.679914 -0.503421 1.550628
2020000 5.079780 -0.424046 1.554840
2030000 4.923632 -0.397029 1.560091
2040000 4.943606 -0.619009 1.632042
2050000 4.125183 -0.357714 1.617775
2060000 4.127400 -0.447208 1.562731
2070000 3.304136 -0.508939 1.633617
2080000 2.147496 -0.545337 1.767132
2090000 2.027900 -0.635339 1.499380
2100000 1.861506 -0.620845 1.501231
2110000 1.952538 -0.418857 1.628090
2120000 2.673389 -0.547776 1.543234
2130000 2.483640 -0.537677 1.470623
2140000 3.380310 -0.610698 1.574905
2150000 3.792493 -0.492477 1.619966
2160000 4.078410 -0.644167 1.528791
2170000 4.711384 -0.470738 1.651044
2180000 4.848351 -0.421082 1.734409
2190000 4.922743 -0.738095 1.516365
2200000 4.255719 -0.550618 1.504379
2210000 4.001436 -0.486826 1.455314
2220000 4.669813 -0.479799 1.649546
2230000 4.155074 -0.542243 1.572354
2240000 3.681546 -0.496414 1.543866
2250000 3.898345 -0.529208 1.664349
2260000 2.980405 -0.489564 1.614042
2270000 2.167187 -0.552653 1.610179
2280000 2.717186 -0.518940 1.603956
2290000 2.999864 -0.396910 1.567929
2300000 3.891242 -0.516421 1.485761
2310000 4.910989 -0.647694 1.499331
2320000 5.023835 -0.602390 1.594207
2330000 4.438274 -0.514420 1.588907
2340000 4.451420 -0.560920 1.552100
2350000 3.435952 -0.507138 1.581024
2360000 3.964170 -0.717496 1.521781
2370000 4.295815 -0.613470 1.565552
2380000 4.225936 -0.400248 1.669518
2390000 3.079313 -0.658208 1.623127
2400000 2.549599 -0.581595 1.538162
2410000 2.499605 -0.544370 1.573961
2420000 2.200563 -0.581433 1.578709
2430000 1.671722 -0.550145 1.523147
2440000 1.416377 -0.458150 1.559677
2450000 1.407303 -0.552277 1.579305
2460000 1.174707 -0.478758 1.473924
2470000 1.768107 -0.532003 1.434758
2480000 1.669921 -0.495040 1.530681
2490000 1.996230 -0.419805 1.619653
2500000 1.818445 -0.471442 1.644969
2510000 1.526351 -0.491709 1.789690
2520000 1.565288 -0.579037 1.586173
2530000 1.551384 -0.522389 1.471074
2540000 1.283873 -0.502587 1.334206
2550000 1.123381 -0.600759 1.569398
2560000 1.046184 -0.550760 1.464774
2570000 1.260728 -0.486089 1.633463
2580000 0.912352 -0.698470 1.695643
2590000 0.500628 -0.638309 1.739175
2600000 0.714357 -0.657999 1.640336
2610000 0.980988 -0.382904 1.449121
2620000 0.900992 -0.521980 1.724440
2630000 1.060564 -0.442603 1.551638
2640000 0.840234 -0.589901 1.696806
2650000 1.025699 -0.618051 1.583128
2660000 1.063086 -0.472278 1.509434
2670000 1.208295 -0.483007 1.653096
2680000 1.069185 -0.411247 1.492526
2690000 1.282370 -0.534275 1.678951
2700000 1.068010 -0.595216 1.635700
2710000 1.344724 -0.585382 1.724404
2720000 1.299667 -0.472056 1.535704
2730000 1.530272 -0.582575 1.767738
2740000 1.591859 -0.603643 1.543104
2750000 1.515902 -0.651218 1.569502
2760000 1.323786 -0.442795 1.624164
2770000 1.839192 -0.542690 1.451001
2780000 1.977433 -0.472888 1.503158
2790000 2.206544 -0.536461 1.486617
2800000 2.521707 -0.404178 1.571446
2810000 2.620181 -0.519244 1.451708
2820000 2.012420 -0.498841 1.583090
2830000 2.476525 -0.567190 1.615198
2840000 2.153063 -0.445004 1.662130
2850000 2.912975 -0.384045 1.541783
2860000 2.959173 -0.472347 1.589548
2870000 3.713068 -0.517238 1.516020
2880000 3.071773 -0.560065 1.578235
2890000 3.541841 -0.416611 1.705776
2900000 4.237011 -0.551358 1.582038
2910000 4.191119 -0.653097 1.575357
2920000 4.355853 -0.536103 1.445402
2930000 4.301464 -0.516629 1.634464
2940000 4.358891 -0.582465 1.565588
2950000 4.815887 -0.568225 1.589455
2960000 4.564983 -0.546351 1.525264
2970000 5.004346 -0.546940 1.498812
2980000 5.039069 -0.511832 1.582001
2990000 3.646565 -0.353298 1.571235
3000000 3.154676 -0.671309 1.641474
3010000 3.710149 -0.483557 1.627719
3020000 4.350264 -0.513289 1.482758
3030000 4.677408 -0.537908 1.641014
3040000 4.982208 -0.589940 1.673953
3050000 4.734287 -0.587489 1.644820
3060000 3.630306 -0.580571 1.594531
3070000 3.546999 -0.572579 1.625098
3080000 3.969719 -0.555298 1.577304
3090000 3.949541 -0.361591 1.576740
3100000 3.351326 -0.481890 1.610574
3110000 4.834989 -0.583501 1.565744
3120000 4.718866 -0.482986 1.571809
3130000 4.880816 -0.583299 1.555378
3140000 4.577814 -0.393908 1.533827
3150000 3.559913 -0.344912 1.699102
3160000 2.661307 -0.476352 1.619356
3170000 2.794412 -0.520556 1.408892
3180000 2.584807 -0.602657 1.456203
3190000 2.245148 -0.480812 1.755144
3200000 2.829149 -0.551077 1.558654
3210000 3.309237 -0.486177 1.630389
3220000 4.093385 -0.626912 1.477764
3230000 4.342078 -0.541998 1.527243
3240000 4.195767 -0.521096 1.635478
3250000 3.532695 -0.533911 1.551357
3260000 4.249071 -0.587683 1.489646
3270000 4.982109 -0.496181 1.635636
3280000 4.574167 -0.513865 1.620281
3290000 3.725655 -0.387459 1.477706
3300000 3.596651 -0.520574 1.684871
3310000 2.822370 -0.576063 1.432563
3320000 3.223939 -0.382905 1.584946
3330000 3.658686 -0.539298 1.510399
3340000 3.961532 -0.485053 1.514043
3350000 3.676493 -0.445649 1.479007
3360000 2.836461 -0.383499 1.576292
3370000 2.720739 -0.518356 1.595199
3380000 2.404201 -0.587787 1.568986
3390000 2.404270 -0.442447 1.492690
