100000 1.727358 -0.454098 1.305602
110000 2.430023 -0.516877 1.393926
120000 2.718899 -0.534813 1.325445
130000 3.731391 -0.510040 1.422729
140000 3.942988 -0.628111 1.416796
150000 2.712723 -0.474800 1.259688
160000 3.682775 -0.492683 1.377739
170000 4.377764 -0.498777 1.396235
180000 4.421742 -0.545565 1.515308
190000 3.328441 -0.504694 1.440848
200000 3.384600 -0.611748 1.411721
210000 4.296174 -0.507483 1.424001
220000 4.907138 -0.452155 1.365110
230000 5.041851 -0.447796 1.417291
240000 4.697814 -0.699508 1.493750
250000 4.777600 -0.630339 1.361693
260000 4.860115 -0.590735 1.451115
270000 4.835899 -0.568504 1.375088
280000 4.926672 -0.586284 1.298527
290000 3.977632 -0.457565 1.481718
300000 2.696236 -0.622772 1.398032
310000 1.569948 -0.550032 1.500538
320000 2.267151 -0.470739 1.437360
330000 2.926432 -0.440486 1.316478
340000 1.925945 -0.432115 1.453944
350000 2.730224 -0.609046 1.292323
360000 3.246928 -0.565425 1.280281
370000 3.701859 -0.633086 1.394572
380000 3.293410 -0.510181 1.464004
390000 2.579008 -0.611009 1.431709
400000 1.530558 -0.475627 1.335287
410000 2.065174 -0.572662 1.404431
420000 2.675212 -0.465515 1.243825
430000 3.994473 -0.570497 1.293858
440000 4.049054 -0.478232 1.441544
450000 3.472383 -0.509753 1.453401
460000 5.000302 -0.512862 1.392713
470000 3.968013 -0.429431 1.328127
480000 4.793133 -0.524363 1.442460
490000 4.763800 -0.641886 1.386626
500000 3.962752 -0.451323 1.439140
510000 3.538639 -0.558750 1.338542
520000 4.417536 -0.448511 1.438735
530000 2.885947 -0.629767 1.346913
540000 2.804029 -0.518405 1.440996
550000 2.454219 -0.522216 1.393862
560000 2.370689 -0.375317 1.378852
570000 1.585137 -0.642681 1.418612
580000 1.674079 -0.489351 1.365172
590000 1.846436 -0.521965 1.452232
600000 1.914894 -0.586229 1.432149
610000 2.649584 -0.436312 1.458763
620000 3.476904 -0.607457 1.394777
630000 4.858857 -0.560261 1.352703
640000 4.330254 -0.572977 1.379389
650000 4.868874 -0.489173 1.394033
660000 4.753942 -0.431166 1.481339
670000 3.522233 -0.584566 1.425826
680000 3.552978 -0.464346 1.336010
690000 4.075703 -0.411019 1.342783
700000 2.802897 -0.446919 1.377284
710000 2.582206 -0.537911 1.380163
720000 2.976560 -0.512167 1.533829
730000 2.461334 -0.463589 1.333692
740000 2.243436 -0.463939 1.319238
750000 1.291578 -0.528128 1.487890
760000 0.921103 -0.575349 1.386475
770000 1.053149 -0.447461 1.362481
780000 1.157820 -0.491688 1.434933
790000 0.986362 -0.523970 1.355528
800000 0.660182 -0.488076 1.497222
810000 1.279183 -0.541178 1.299538
820000 1.321877 -0.450109 1.410032
830000 1.514246 -0.505391 1.464944
840000 1.492866 -0.548658 1.380102
850000 2.585982 -0.505290 1.389253
860000 4.293649 -0.621500 1.323119
870000 4.901788 -0.540866 1.554152
880000 4.338229 -0.537289 1.327089
890000 4.991604 -0.560382 1.329376
900000 4.792840 -0.607797 1.381009
910000 4.749510 -0.536113 1.370044
920000 3.504648 -0.474949 1.414286
930000 3.534216 -0.624906 1.454893
940000 3.113149 -0.508987 1.365165
950000 3.837649 -0.508423 1.498313
960000 4.719825 -0.480929 1.546553
970000 4.421951 -0.556409 1.374653
980000 3.087409 -0.650982 1.364218
990000 2.935768 -0.600643 1.432629
1000000 3.357785 -0.485899 1.486101
1010000 4.065983 -0.553165 1.372751
1020000 4.510722 -0.643820 1.440734
1030000 3.906145 -0.530632 1.512575
1040000 3.190321 -0.590473 1.488756
1050000 3.240407 -0.625216 1.421813
1060000 2.215425 -0.397844 1.452387
1070000 2.500925 -0.532040 1.325632
1080000 2.850398 -0.604582 1.501485
1090000 4.299360 -0.542551 1.229480
1100000 4.678429 -0.488401 1.365948
1110000 4.171597 -0.536049 1.339348
1120000 4.193360 -0.649008 1.474473
1130000 3.751311 -0.381822 1.431867
1140000 3.219688 -0.441295 1.443723
1150000 2.393066 -0.561882 1.359892
1160000 1.928978 -0.580611 1.320905
1170000 1.761405 -0.595573 1.525468
1180000 2.459385 -0.474607 1.361065
1190000 1.987210 -0.457782 1.368853
1200000 1.953353 -0.564448 1.443982
1210000 2.812410 -0.568618 1.470531
1220000 2.675668 -0.405711 1.422739
1230000 2.316276 -0.533497 1.495735
1240000 3.052838 -0.666981 1.516756
1250000 2.837846 -0.470299 1.357015
1260000 3.165836 -0.567436 1.434125
1270000 3.272053 -0.423439 1.285814
1280000 3.424558 -0.490799 1.366844
1290000 4.797135 -0.569140 1.359366
1300000 4.899396 -0.544484 1.462042
1310000 4.024684 -0.388805 1.419242
1320000 3.631020 -0.510384 1.441509
1330000 4.775027 -0.546930 1.394163
1340000 4.941981 -0.607876 1.507929
1350000 4.742435 -0.494386 1.429467
1360000 4.075621 -0.428950 1.412332
1370000 3.280530 -0.494157 1.371844
1380000 3.353384 -0.467349 1.510538
1390000 3.927499 -0.563624 1.426088
1400000 4.738618 -0.488388 1.331838
1410000 4.297375 -0.441851 1.441311
1420000 4.158744 -0.597407 1.385575
1430000 5.063335 -0.610575 1.384987
1440000 4.567707 -0.540124 1.429041
1450000 4.055552 -0.588226 1.447186
1460000 4.735455 -0.519613 1.365607
1470000 3.558138 -0.445417 1.433951
1480000 2.703558 -0.485453 1.241898
1490000 2.391060 -0.728419 1.362610
1500000 2.174240 -0.625842 1.323218
1510000 1.538825 -0.538965 1.457689
1520000 1.365191 -0.637367 1.393572
1530000 1.085294 -0.410847 1.544327
1540000 0.769736 -0.616206 1.446532
1550000 0.973537 -0.532614 1.417484
1560000 0.628863 -0.571636 1.339335
1570000 0.793652 -0.629692 1.480183
1580000 1.079810 -0.586781 1.544769
1590000 1.062694 -0.458267 1.348947
1600000 1.227074 -0.497562 1.286422
1610000 1.040596 -0.468986 1.356088
1620000 1.501564 -0.506976 1.356545
1630000 1.275690 -0.528145 1.277887
1640000 0.863410 -0.498062 1.364314
1650000 1.029441 -0.571623 1.398399
1660000 0.639742 -0.701278 1.461860
1670000 0.564979 -0.639601 1.365399
1680000 0.872214 -0.642030 1.427688
1690000 0.784925 -0.619339 1.286468
1700000 1.302536 -0.609672 1.255236
1710000 1.154400 -0.547300 1.318542
1720000 1.059374 -0.622218 1.398432
1730000 1.238711 -0.501970 1.318813
1740000 1.475245 -0.559659 1.414303
1750000 1.504374 -0.494266 1.309504
1760000 1.902592 -0.522726 1.301938
1770000 2.121393 -0.529001 1.392832
1780000 1.845058 -0.591407 1.315345
1790000 2.237894 -0.557650 1.328372
1800000 2.839806 -0.444760 1.329197
1810000 2.091751 -0.558371 1.340133
1820000 2.090775 -0.527821 1.519971
1830000 3.074577 -0.516863 1.439533
1840000 3.087255 -0.473006 1.490930
1850000 3.598448 -0.626313 1.458334
1860000 3.636370 -0.526354 1.369449
1870000 3.886492 -0.551092 1.283453
1880000 3.885959 -0.399730 1.375443
1890000 4.044232 -0.455768 1.454389
1900000 4.697629 -0.482136 1.400610
1910000 3.385418 -0.496735 1.511646
1920000 3.067361 -0.452184 1.294104
1930000 2.459763 -0.467972 1.331956
1940000 2.047903 -0.662316 1.384018
1950000 2.677516 -0.479172 1.334599
1960000 3.237787 -0.552265 1.462163
1970000 3.093625 -0.586396 1.435813
1980000 3.474275 -0.526651 1.341425
1990000 3.145427 -0.571164 1.363624
2000000 2.357854 -0.620608 1.368003
2010000 2.064081 -0.554269 1.340352
2020000 1.786064 -0.438662 1.437039
2030000 1.807436 -0.401699 1.237450
2040000 1.457681 -0.485526 1.354481
2050000 1.669332 -0.611176 1.374856
2060000 1.575248 -0.569649 1.411694
2070000 1.295523 -0.521844 1.301659
2080000 1.710404 -0.444230 1.271374
2090000 1.507348 -0.430339 1.379898
2100000 1.976576 -0.641497 1.440653
2110000 2.431548 -0.628113 1.496152
2120000 2.430316 -0.586496 1.356788
2130000 3.409658 -0.622790 1.230350
2140000 3.940134 -0.527679 1.462904
2150000 4.668214 -0.476434 1.463145
2160000 4.242169 -0.418406 1.381116
2170000 3.571871 -0.493879 1.456191
2180000 4.550551 -0.589599 1.350824
2190000 4.121849 -0.579650 1.317169
2200000 4.993884 -0.458927 1.360427
2210000 4.707157 -0.547235 1.363381
2220000 4.284724 -0.506590 1.434572
2230000 4.248673 -0.631985 1.328295
2240000 4.801382 -0.651109 1.445409
2250000 4.500821 -0.449423 1.384970
2260000 3.462101 -0.645610 1.329948
2270000 3.241853 -0.529458 1.471094
2280000 2.749795 -0.607452 1.392659
2290000 2.895265 -0.497723 1.311059
2300000 2.141462 -0.406831 1.421081
2310000 2.233108 -0.569465 1.517443
2320000 1.972729 -0.440973 1.411374
2330000 1.790167 -0.494931 1.385794
2340000 1.730979 -0.468774 1.424287
2350000 1.863548 -0.454152 1.485554
2360000 1.414081 -0.590888 1.419596
2370000 1.473537 -0.563445 1.358749
2380000 1.624268 -0.431079 1.284423
2390000 1.586669 -0.614749 1.396491
2400000 2.204204 -0.529309 1.399307
2410000 3.096801 -0.400901 1.365385
2420000 3.341894 -0.708313 1.409628
2430000 3.889076 -0.504799 1.360680
2440000 4.147509 -0.626254 1.399872
2450000 4.376406 -0.585890 1.361667
2460000 4.946607 -0.519269 1.462203
2470000 4.832600 -0.538495 1.328516
2480000 4.357828 -0.519668 1.395632
2490000 3.683092 -0.698891 1.491191
2500000 3.782636 -0.610979 1.385491
2510000 4.981315 -0.585154 1.423134
2520000 3.997117 -0.472063 1.452414
2530000 3.676990 -0.325876 1.492388
2540000 4.009995 -0.586537 1.489446
2550000 4.237976 -0.679782 1.288624
2560000 2.974910 -0.488884 1.379319
2570000 2.607233 -0.591043 1.626959
2580000 3.407460 -0.490863 1.419390
2590000 2.702662 -0.535158 1.345428
2600000 2.214972 -0.597012 1.417564
2610000 2.850033 -0.546664 1.414525
2620000 3.018201 -0.513055 1.183803
2630000 2.579587 -0.508992 1.422174
2640000 2.414750 -0.514083 1.395999
2650000 2.037956 -0.519786 1.392279
2660000 2.271365 -0.421625 1.355577
2670000 2.591500 -0.450137 1.338650
2680000 3.340700 -0.533031 1.374301
2690000 3.215618 -0.564261 1.373673
2700000 3.712332 -0.509480 1.336441
2710000 4.164320 -0.438117 1.282789
2720000 3.569268 -0.480905 1.620912
2730000 3.454427 -0.535041 1.404287
2740000 3.017998 -0.497182 1.307605
2750000 3.084055 -0.467946 1.315994
2760000 2.563966 -0.442725 1.277892
2770000 2.129157 -0.555337 1.439874
2780000 2.485343 -0.632975 1.508740
2790000 2.996228 -0.536280 1.371698
2800000 2.415410 -0.489128 1.401775
2810000 2.540318 -0.507920 1.277865
2820000 2.290324 -0.571062 1.360297
2830000 2.078936 -0.493061 1.430939
2840000 1.380380 -0.613728 1.437270
2850000 1.298126 -0.510108 1.389687
2860000 1.011082 -0.625601 1.497992
2870000 0.719891 -0.728549 1.443208
2880000 0.785158 -0.581380 1.428722
2890000 0.524278 -0.621974 1.417551
2900000 0.496660 -0.505788 1.369264
2910000 0.595011 -0.511559 1.434919
2920000 0.719131 -0.558355 1.441532
2930000 0.844503 -0.612267 1.394833
2940000 1.142106 -0.489496 1.441703
2950000 1.190118 -0.368383 1.390300
2960000 1.387494 -0.568815 1.319352
2970000 1.430207 -0.513194 1.371955
2980000 1.407027 -0.640237 1.289753
2990000 1.528171 -0.420521 1.649714
3000000 1.673257 -0.439914 1.246561
3010000 1.173507 -0.491253 1.526345
3020000 1.300037 -0.485052 1.444254
3030000 1.068793 -0.502573 1.242631
3040000 1.509735 -0.451432 1.357168
3050000 1.334410 -0.449117 1.347151
3060000 1.036652 -0.486057 1.622409
3070000 1.516437 -0.417182 1.476547
3080000 1.826464 -0.485335 1.551368
3090000 1.804942 -0.546661 1.445900
3100000 1.927377 -0.659485 1.508627
3110000 1.943395 -0.609002 1.376402
3120000 1.511386 -0.526664 1.359083
3130000 0.899851 -0.415204 1.424800
3140000 0.956036 -0.537576 1.461364
3150000 0.926715 -0.573923 1.380657
3160000 1.017316 -0.578066 1.517782
3170000 0.852420 -0.555540 1.416480
3180000 1.108706 -0.611062 1.433965
3190000 1.204115 -0.550812 1.513548
3200000 1.354810 -0.605637 1.468105
3210000 0.919752 -0.450505 1.353651
3220000 0.884954 -0.615313 1.412595
3230000 1.001617 -0.504919 1.342347
3240000 1.309271 -0.624394 1.394581
3250000 1.123849 -0.470218 1.359678
3260000 1.488126 -0.463880 1.351789
3270000 1.698695 -0.405740 1.404995
