100000 4.796862 2.845051 2.260175
110000 4.276418 2.763174 2.260574
120000 4.918338 2.895192 2.289131
130000 3.636780 2.626685 2.112485
140000 3.239561 2.788679 2.257682
150000 2.502363 2.783760 2.206951
160000 1.316362 2.882963 2.377300
170000 1.092495 2.743896 2.261759
180000 0.981857 2.664318 2.275141
190000 1.964347 2.808003 2.271475
200000 2.096253 2.599717 2.339772
210000 1.775576 2.656457 2.436625
220000 0.866803 2.825922 2.330793
230000 1.254560 2.776020 2.255588
240000 1.329761 2.896536 2.331311
250000 0.866609 2.857489 2.455723
260000 0.893328 2.752913 2.251253
270000 1.144348 2.616183 2.359775
280000 1.415342 2.756324 2.345252
290000 2.555025 2.813771 2.228566
300000 2.002655 2.774164 2.247146
310000 2.615006 2.901702 2.269203
320000 3.570812 2.707343 2.251854
330000 4.806977 2.805065 2.180743
340000 4.128631 2.680131 2.268844
350000 3.855087 2.718967 2.368937
360000 3.187863 2.790451 2.327906
370000 2.863957 2.789440 2.295616
380000 3.756427 2.869508 2.290506
390000 4.506547 2.970019 2.240235
400000 4.358760 2.715751 2.338322
410000 4.522521 2.682574 2.309397
420000 4.520830 2.921819 2.362450
430000 4.235955 2.882338 2.382819
440000 3.762960 2.827798 2.265558
450000 3.432534 2.834285 2.445840
460000 3.149550 2.793910 2.239430
470000 3.858992 2.882691 2.300159
480000 2.850998 2.783763 2.132041
490000 2.148422 2.763491 2.296919
500000 2.287838 2.698810 2.173930
510000 3.014299 2.736998 2.374244
520000 3.269625 2.741442 2.289023
530000 2.439566 2.700568 2.332660
540000 1.924666 2.871215 2.355487
550000 1.833549 2.770367 2.245619
560000 2.146076 2.763668 2.298122
570000 1.463476 2.823815 2.253054
580000 1.271467 2.805417 2.346557
590000 1.667492 2.935364 2.291584
600000 1.399030 2.837338 2.245514
610000 0.919567 2.903268 2.368053
620000 0.885039 2.902639 2.195188
630000 1.170887 2.904823 2.408393
640000 1.303072 2.745876 2.371974
650000 2.071383 2.795263 2.260595
660000 1.995468 2.812674 2.390975
670000 2.069160 2.816278 2.362837
680000 2.454934 2.760372 2.311100
690000 3.601643 2.832364 2.298274
700000 4.454207 2.685465 2.330202
710000 4.484752 2.795238 2.161796
720000 4.791398 2.693495 2.268686
730000 4.551698 2.810462 2.245578
740000 4.031089 2.956988 2.249457
750000 3.343025 2.824658 2.251250
760000 3.235446 2.821927 2.193713
770000 3.134007 2.758892 2.422297
780000 4.678988 2.759079 2.277288
790000 4.133476 2.812041 2.282049
800000 4.148216 2.812825 2.218406
810000 4.083097 2.740578 2.145715
820000 4.563281 2.874728 2.295666
830000 4.869099 2.875513 2.298909
840000 3.556679 2.767681 2.218969
850000 3.205311 2.848580 2.292199
860000 2.260933 2.759751 2.345393
870000 2.062040 2.731508 2.353914
880000 1.930606 2.865700 2.245502
890000 1.353554 2.943858 2.180911
900000 1.395436 2.870952 2.227988
910000 2.117663 2.777072 2.209120
920000 2.157646 2.755874 2.267821
930000 2.722079 2.796633 2.393589
940000 3.107146 2.822748 2.366991
950000 3.692373 2.669851 2.290112
960000 4.479776 2.749252 2.326230
970000 4.449082 2.756786 2.348107
980000 4.333065 2.781302 2.298259
990000 4.216832 2.812799 2.303704
1000000 3.417439 2.879022 2.245024
1010000 4.502479 2.881492 2.022648
1020000 4.250477 2.803860 2.231042
1030000 2.920825 2.895475 2.376961
1040000 3.203762 2.925370 2.446448
1050000 3.118296 2.684996 2.170293
1060000 3.284504 2.995490 2.322041
1070000 4.136106 2.797832 2.290617
1080000 4.366397 2.904139 2.296722
1090000 4.022071 2.821188 2.245440
1100000 3.373544 2.860389 2.308893
1110000 2.430892 2.849152 2.355039
1120000 2.807475 2.880945 2.123301
1130000 2.740544 2.796019 2.240371
1140000 2.052710 2.809325 2.380253
1150000 2.007111 2.769429 2.183352
1160000 1.528082 2.794547 2.432040
1170000 1.130626 2.776880 2.348465
1180000 0.938705 2.757535 2.249938
1190000 1.375381 2.779099 2.441502
1200000 1.098949 2.848573 2.171426
1210000 1.091092 2.712826 2.222179
1220000 1.351657 2.821206 2.408515
1230000 1.648673 2.780203 2.263055
1240000 1.065871 2.716372 2.410546
1250000 0.636684 2.996009 2.386180
1260000 0.593976 2.818288 2.078348
1270000 0.534810 2.756847 2.351447
1280000 0.825324 2.821684 2.280115
1290000 0.960398 2.797592 2.418750
1300000 1.023918 2.757296 2.275925
1310000 0.947219 2.814808 2.291959
1320000 1.357986 2.708031 2.301790
1330000 1.804207 2.846519 2.179918
1340000 1.689952 2.864678 2.352812
1350000 2.197626 2.763236 2.104132
1360000 2.220635 2.782669 2.258493
1370000 1.535491 2.722183 2.208632
1380000 2.682431 2.771214 2.339728
1390000 3.060504 2.811888 2.329808
1400000 3.653016 2.858459 2.152560
1410000 3.874160 2.801733 2.199078
1420000 4.761402 2.843196 2.215448
1430000 4.925272 2.712882 2.196685
1440000 4.823562 2.750808 2.286361
1450000 4.945159 2.707854 2.341572
1460000 5.018546 2.725636 2.172447
1470000 4.865704 2.629657 2.218502
1480000 3.972687 2.701596 2.248544
1490000 3.308443 2.759505 2.137961
1500000 3.551564 2.770221 2.240079
1510000 3.671179 2.731299 2.149658
1520000 3.964475 2.843054 2.291954
1530000 4.544108 2.651703 2.288028
1540000 4.980599 2.748160 2.263246
1550000 4.573741 2.642844 2.244150
1560000 3.759067 2.746228 2.278267
1570000 2.923950 2.812008 2.179649
1580000 2.838597 2.765103 2.197545
1590000 2.440701 2.759130 2.238263
1600000 2.189716 2.750726 2.274342
1610000 3.160970 2.709250 2.247629
1620000 3.079924 2.796330 2.311705
1630000 2.434029 2.776876 2.424414
1640000 2.980117 2.775044 2.220835
1650000 2.455899 2.721689 2.175137
1660000 3.087568 2.791647 2.220070
1670000 3.406143 2.810342 2.231322
1680000 3.132476 2.790500 2.345064
1690000 3.809236 2.836227 2.208481
1700000 4.209623 2.804842 2.211852
1710000 4.219190 2.778635 2.299359
1720000 4.776020 2.688101 2.309897
1730000 5.021232 2.738805 2.330170
1740000 4.839990 2.771297 2.262222
1750000 4.716239 2.746070 2.256061
1760000 4.407658 2.732250 2.261761
1770000 4.193302 2.754355 2.155876
1780000 4.031139 2.756517 2.259066
1790000 4.195513 2.834451 2.191000
1800000 3.331918 2.676501 2.219589
1810000 4.668801 2.797023 2.335444
1820000 4.363179 2.812028 2.271729
1830000 3.735778 2.777156 2.374493
1840000 3.834564 2.724237 2.279111
1850000 2.137650 2.755875 2.225580
1860000 1.776456 2.791612 2.232938
1870000 2.449276 2.746708 2.332784
1880000 1.992237 2.849508 2.359918
1890000 2.622443 2.850504 2.230551
1900000 2.339788 2.774513 2.135073
1910000 1.590657 2.748143 2.259107
1920000 1.873773 2.788545 2.364362
1930000 1.319808 2.798847 2.187328
1940000 1.190331 2.828743 2.172604
1950000 1.499857 2.722493 2.252196
1960000 1.606856 2.828090 2.254453
1970000 2.315436 2.689723 2.257191
1980000 2.350695 2.699633 2.167932
1990000 3.016326 2.702030 2.289555
2000000 2.534250 2.814192 2.269654
2010000 3.430023 2.732015 2.280632
2020000 3.260850 2.762226 2.364828
2030000 4.063884 2.865898 2.312330
2040000 3.361279 2.879588 2.332987
2050000 2.822305 2.827622 2.277988
2060000 3.452419 2.773585 2.357411
2070000 3.617674 2.787310 2.308694
2080000 4.819273 2.748242 2.341749
2090000 4.440253 2.826952 2.275864
2100000 4.292531 2.725722 2.323624
2110000 3.396589 2.878496 2.280498
2120000 3.202844 2.923778 2.253316
2130000 3.911665 2.759417 2.351282
2140000 2.966093 2.897643 2.243420
2150000 2.242851 2.780391 2.285432
2160000 2.451493 2.768714 2.133699
2170000 2.709939 2.776261 2.358252
2180000 3.457766 2.709205 2.268028
2190000 4.072298 2.813936 2.221686
2200000 4.812767 2.872506 2.272890
2210000 4.699832 2.706038 2.360125
2220000 4.629887 2.867812 2.253891
2230000 4.577970 2.884336 2.274262
2240000 4.083492 2.834160 2.250442
2250000 4.863343 2.742159 2.385362
2260000 4.996475 2.936560 2.269015
2270000 4.845023 2.854972 2.266498
2280000 4.309275 2.769829 2.394296
2290000 3.620316 2.860598 2.171531
2300000 4.240317 2.847361 2.378099
2310000 4.700011 2.846357 2.265733
2320000 4.557897 2.808557 2.322259
2330000 3.780695 2.781902 2.266570
2340000 3.502466 2.734623 2.245333
2350000 3.166222 2.948077 2.169543
2360000 2.218852 2.783069 2.268839
2370000 2.482943 2.770541 2.317077
2380000 1.932812 2.830897 2.323533
2390000 1.688252 2.866203 2.343309
2400000 1.739126 2.716585 2.202445
2410000 2.505509 2.828615 2.278792
2420000 2.793167 2.794525 2.289454
2430000 4.057142 2.808924 2.248278
2440000 4.526428 2.765424 2.171730
2450000 4.528051 2.845145 2.208499
2460000 4.182195 2.824402 2.221868
2470000 4.295654 2.884099 2.316643
2480000 4.651921 2.799880 2.378743
2490000 4.029893 2.723052 2.222974
2500000 3.733430 2.738920 2.285120
2510000 3.704806 2.732420 2.248502
2520000 2.758614 2.822157 2.205278
2530000 2.239049 2.721774 2.264348
2540000 1.525752 2.799871 2.344982
2550000 1.124257 2.723376 2.333105
2560000 0.951683 2.920615 2.348677
2570000 1.044988 2.777187 2.264294
2580000 1.358199 2.693819 2.211651
2590000 0.893103 2.795355 2.312807
2600000 0.832518 2.734368 2.219082
2610000 0.900465 2.835052 2.236141
2620000 0.986416 2.680270 2.178248
2630000 0.635340 2.931600 2.365492
2640000 0.499728 2.831286 2.193158
2650000 0.546688 2.835231 2.262798
2660000 0.707846 2.889297 2.404521
2670000 0.784841 2.756176 2.258293
2680000 0.784541 2.805076 2.156359
2690000 1.195788 2.628142 2.188442
2700000 1.278986 2.802458 2.293903
2710000 1.644392 2.798884 2.261373
2720000 1.411901 2.868853 2.221223
2730000 1.276909 2.691755 2.202884
2740000 1.560928 2.735051 2.213219
2750000 1.859411 2.818237 2.216913
2760000 1.119092 2.753452 2.269598
2770000 1.091225 2.702103 2.287025
2780000 1.313824 2.840390 2.276437
2790000 1.462894 2.713836 2.294461
2800000 1.885579 2.725219 2.277571
2810000 1.801930 2.719992 2.247754
2820000 1.984073 2.826028 2.401268
2830000 2.207952 2.859759 2.332127
2840000 1.882852 2.643863 2.186401
2850000 1.875002 2.830408 2.175477
2860000 1.909544 2.794445 2.187589
2870000 2.853227 2.718866 2.186551
2880000 2.735757 2.723202 2.164097
2890000 3.117524 3.000120 2.244265
2900000 3.842559 2.796158 2.296720
2910000 3.700308 2.852157 2.312056
2920000 3.405164 2.780607 2.316383
2930000 4.243161 2.694889 2.302735
2940000 3.785844 2.727036 2.338059
2950000 2.841263 2.915491 2.284504
2960000 3.082709 2.750085 2.186199
2970000 2.336771 2.800221 2.199201
2980000 2.696573 2.889915 2.306695
2990000 3.316339 2.847707 2.244038
3000000 3.199868 2.795030 2.280097
3010000 3.973001 2.986895 2.288406
3020000 3.418379 2.900848 2.327740
3030000 2.490945 2.749119 2.436659
3040000 2.251346 2.951299 2.315794
3050000 1.906812 2.731965 2.231317
3060000 1.752286 2.754925 2.376540
3070000 2.019189 2.842738 2.234988
3080000 2.220922 2.729616 2.343497
3090000 2.374909 2.772992 2.159033
3100000 2.255835 2.847020 2.365986
3110000 2.846972 2.768362 2.159163
3120000 3.258877 2.781687 2.212574
3130000 4.055108 2.839257 2.337619
3140000 4.163559 2.917917 2.303183
3150000 5.058184 2.843823 2.209032
3160000 4.791346 2.786241 2.184981
3170000 4.210185 3.017945 2.246600
3180000 3.986789 2.830837 2.262460
3190000 4.188363 2.962272 2.276059
3200000 4.858601 2.715176 2.370834
3210000 4.589411 2.815252 2.183926
3220000 3.176064 2.870274 2.228534
3230000 4.058224 2.676093 2.253236
3240000 3.354366 2.684882 2.245023
3250000 3.155362 2.833632 2.328682
3260000 2.492804 2.796148 2.267634
3270000 2.777517 2.855919 2.229185
3280000 2.471634 2.824780 2.261556
3290000 3.467615 2.740901 2.280318
3300000 2.741024 2.688080 2.152353
3310000 3.242043 2.779362 2.154911
3320000 4.309038 2.782773 2.349367
3330000 4.259001 2.699881 2.205178
3340000 2.933474 2.794056 2.274347
3350000 4.148109 2.741455 2.380930
3360000 4.473617 2.550093 2.370229
3370000 3.909080 2.811814 2.254040
3380000 3.430292 2.897507 2.234200
3390000 3.592325 2.817814 2.302263
3400000 3.913530 2.781918 2.205505
3410000 4.496414 2.847229 2.124215
3420000 4.897414 2.786564 2.219697
3430000 4.325765 2.881516 2.300254
3440000 3.246520 2.669906 2.309031
3450000 3.707345 2.740923 2.102587
3460000 4.771468 2.838977 2.190374
3470000 3.563440 2.770339 2.180420
3480000 2.139430 3.015687 2.302093
3490000 1.336113 2.798296 2.217710
3500000 1.101116 2.812205 2.355906
3510000 1.330470 2.844242 2.326615
3520000 0.871700 2.789102 2.323361
3530000 1.250837 2.806630 2.260661
3540000 1.290989 2.735044 2.266610
3550000 1.028793 2.788669 2.288926
3560000 0.866109 2.904970 2.360099
3570000 1.356756 2.798299 2.209576
3580000 1.187714 2.801285 2.214946
3590000 0.794883 2.811146 2.311391
3600000 0.699113 2.918701 2.225289
3610000 0.648124 2.789283 2.189767
3620000 0.955482 2.872734 2.220124
3630000 0.942589 2.724596 2.336795
3640000 1.140959 2.818918 2.252361
3650000 0.911334 2.774994 2.336624
3660000 1.128164 2.735844 2.304874
3670000 1.474305 2.847087 2.346319
3680000 1.694269 2.863695 2.297344
3690000 1.425033 2.780232 2.317380
3700000 1.474678 2.812564 2.307253
3710000 1.886422 2.878013 2.333573
3720000 1.341042 2.842296 2.251677
3730000 1.502656 2.738188 2.285898
3740000 1.781044 2.866627 2.273021
3750000 1.641361 2.853833 2.254032
3760000 1.878367 2.822499 2.265520
