100000 0.918142 -0.533660 -1.130552
110000 1.302293 -0.527860 -1.215100
120000 1.804753 -0.503081 -1.250979
130000 2.356945 -0.391404 -1.239656
140000 3.047865 -0.588596 -1.208062
150000 4.183961 -0.377164 -1.219511
160000 3.826416 -0.570866 -1.270741
170000 3.677003 -0.656343 -1.159159
180000 4.186290 -0.432020 -1.298532
190000 2.778034 -0.519723 -1.177020
200000 3.232472 -0.639504 -1.242711
210000 3.685829 -0.511170 -1.236228
220000 4.864388 -0.578409 -1.255568
230000 3.448393 -0.408288 -1.222445
240000 2.963918 -0.512633 -1.228670
250000 1.930135 -0.475320 -1.260172
260000 1.927792 -0.423667 -1.314460
270000 1.804088 -0.576467 -1.239781
280000 2.554432 -0.571124 -1.170821
290000 2.865475 -0.439806 -1.275778
300000 4.174200 -0.514000 -1.235455
310000 4.249400 -0.429294 -1.295399
320000 3.523871 -0.615143 -1.188961
330000 2.826803 -0.439849 -1.053979
340000 2.796775 -0.454061 -1.160079
350000 3.975435 -0.426328 -1.075605
360000 4.186155 -0.486480 -1.275864
370000 5.027893 -0.373559 -1.154408
380000 4.616457 -0.537044 -1.203089
390000 3.063467 -0.532103 -1.262615
400000 3.736893 -0.531594 -1.207180
410000 4.187110 -0.573088 -1.189303
420000 4.843604 -0.523002 -1.171422
430000 4.665339 -0.483095 -1.147956
440000 3.690582 -0.424651 -1.082925
450000 4.022481 -0.565562 -1.304072
460000 4.600723 -0.469320 -1.243865
470000 4.615761 -0.503646 -1.195313
480000 2.535977 -0.583913 -1.261363
490000 2.044146 -0.550028 -1.295709
500000 2.730517 -0.668617 -1.229419
510000 3.266380 -0.618480 -1.189682
520000 2.923977 -0.451772 -1.249988
530000 1.635573 -0.543632 -1.230457
540000 1.657391 -0.665067 -1.132615
550000 1.634135 -0.585077 -1.158663
560000 1.675476 -0.517096 -1.232407
570000 2.218127 -0.713770 -1.136000
580000 2.493595 -0.452780 -1.227001
590000 1.973569 -0.488559 -1.287374
600000 2.612016 -0.440459 -1.170830
610000 3.724586 -0.439079 -1.172632
620000 2.900575 -0.638900 -1.164053
630000 2.757153 -0.572158 -1.324722
640000 2.380862 -0.478821 -1.267651
650000 2.030767 -0.434610 -1.288074
660000 1.173762 -0.588750 -1.195805
670000 1.200304 -0.447060 -1.286730
680000 1.536799 -0.491838 -1.352050
690000 1.493065 -0.460425 -1.178312
700000 2.196696 -0.532788 -1.326073
710000 1.829920 -0.620372 -1.026068
720000 2.677484 -0.459797 -1.212595
730000 3.981327 -0.480255 -1.253900
740000 3.440440 -0.554382 -1.281001
750000 3.991043 -0.619188 -1.341846
760000 3.381061 -0.491648 -1.209190
770000 4.409204 -0.659765 -1.244192
780000 4.986128 -0.540982 -1.177895
790000 4.217179 -0.548891 -1.226734
800000 3.640442 -0.461257 -1.301992
810000 3.028606 -0.622103 -1.176561
820000 3.120525 -0.519349 -1.239130
830000 2.406417 -0.600713 -1.198544
840000 3.953817 -0.584117 -1.174419
850000 4.585113 -0.424035 -1.239985
860000 4.936391 -0.557537 -1.227099
870000 4.643256 -0.579102 -1.259951
880000 5.049186 -0.466639 -1.292455
890000 4.700187 -0.497725 -1.266529
900000 4.962314 -0.577264 -1.197693
910000 3.466872 -0.418122 -1.360929
920000 3.466906 -0.535815 -1.171504
930000 2.968209 -0.609081 -1.199782
940000 2.240268 -0.558775 -1.225957
950000 3.617062 -0.520513 -1.132534
960000 3.671810 -0.565083 -1.265010
970000 4.577271 -0.543688 -1.075887
980000 4.641680 -0.402121 -1.196656
990000 4.376771 -0.435863 -1.256961
1000000 2.897197 -0.382825 -1.050086
1010000 4.418305 -0.531177 -1.185632
1020000 4.582589 -0.612068 -1.206842
1030000 3.183823 -0.503995 -1.196331
1040000 2.612262 -0.535749 -1.306571
1050000 2.593496 -0.505751 -1.195094
1060000 2.884363 -0.536836 -1.202667
1070000 2.449892 -0.479366 -1.255046
1080000 1.655342 -0.541529 -1.202484
1090000 1.672518 -0.439703 -1.201940
1100000 1.175258 -0.567090 -1.200513
1110000 0.870092 -0.633907 -1.257006
1120000 0.735805 -0.554548 -1.214881
1130000 0.736342 -0.512983 -1.175157
1140000 0.953369 -0.414607 -1.181884
1150000 0.873544 -0.471958 -1.203044
1160000 1.212114 -0.538699 -1.299965
1170000 0.938727 -0.624168 -1.302278
1180000 1.413116 -0.451131 -1.215525
1190000 1.351419 -0.465543 -1.287627
1200000 0.894460 -0.548143 -1.291307
1210000 0.794605 -0.550366 -1.235439
1220000 1.157137 -0.567415 -1.235213
1230000 1.648594 -0.416853 -1.322335
1240000 1.663722 -0.504557 -1.261112
1250000 2.149746 -0.483366 -1.293615
1260000 2.648786 -0.484402 -1.183565
1270000 2.008377 -0.560570 -1.200048
1280000 2.612334 -0.374582 -1.321020
1290000 2.655560 -0.484629 -1.188880
1300000 3.365886 -0.644917 -1.207973
1310000 4.283495 -0.410714 -1.243911
1320000 3.472573 -0.561248 -1.094914
1330000 4.238101 -0.483270 -1.270341
1340000 4.974571 -0.464833 -1.196764
1350000 4.894163 -0.513893 -1.176848
1360000 4.610427 -0.536261 -1.278403
1370000 4.868651 -0.431522 -1.231822
1380000 3.928964 -0.575371 -1.198118
1390000 4.337478 -0.560197 -1.174520
1400000 4.646455 -0.454284 -1.198808
1410000 3.470267 -0.431249 -1.243158
1420000 3.156941 -0.436982 -1.127140
1430000 2.966888 -0.588999 -1.179563
1440000 2.465030 -0.589762 -1.100207
1450000 2.898325 -0.448616 -1.378425
1460000 3.376885 -0.559654 -1.223469
1470000 4.489582 -0.562740 -1.212076
1480000 4.004316 -0.353597 -1.191921
1490000 3.165087 -0.498187 -1.059928
1500000 2.740540 -0.627356 -1.113630
1510000 1.906935 -0.494667 -1.223702
1520000 1.516403 -0.507717 -1.216730
1530000 1.901916 -0.539433 -1.330954
1540000 2.178750 -0.541978 -1.221447
1550000 3.283550 -0.486848 -1.175878
1560000 3.588251 -0.466396 -1.256364
1570000 4.440725 -0.483700 -1.242626
1580000 4.498086 -0.533335 -1.183240
1590000 4.742326 -0.420947 -1.292759
1600000 3.795791 -0.546319 -1.239349
1610000 4.031943 -0.478325 -1.195495
1620000 4.906134 -0.460347 -1.094821
1630000 4.648339 -0.550939 -1.217549
1640000 4.669431 -0.544583 -1.218458
1650000 3.906765 -0.664257 -1.212289
1660000 3.097663 -0.415799 -1.298807
1670000 3.339023 -0.399345 -1.264857
1680000 3.080270 -0.510195 -1.216437
1690000 4.591980 -0.487532 -1.149139
1700000 4.568156 -0.624997 -1.257775
1710000 4.645462 -0.585101 -1.160590
1720000 4.325700 -0.539767 -1.187706
1730000 3.196114 -0.676817 -1.152016
1740000 2.831973 -0.468065 -1.273373
1750000 2.046691 -0.500691 -1.267810
1760000 1.688582 -0.376051 -1.259502
1770000 1.430361 -0.717325 -1.231844
1780000 1.570197 -0.595308 -1.180610
1790000 1.283666 -0.553571 -1.207306
1800000 0.636836 -0.533706 -1.264549
1810000 0.579858 -0.596436 -1.247428
1820000 0.773016 -0.383155 -1.268538
1830000 0.557141 -0.509378 -1.301173
1840000 0.754122 -0.608036 -1.354014
1850000 0.947363 -0.418637 -1.185061
1860000 1.205010 -0.507532 -1.204175
1870000 1.293044 -0.574976 -1.300874
1880000 1.078706 -0.428506 -1.226890
1890000 0.899639 -0.478172 -1.266615
1900000 1.372852 -0.460412 -1.245821
1910000 0.968286 -0.412761 -1.278441
1920000 1.456622 -0.451203 -1.229073
1930000 1.423325 -0.474649 -1.205724
1940000 1.647848 -0.678436 -1.203433
1950000 1.234919 -0.580051 -1.252031
1960000 0.741783 -0.639517 -1.319936
1970000 0.784242 -0.470900 -1.245860
1980000 0.979082 -0.507114 -1.377324
1990000 1.103375 -0.430941 -1.186431
2000000 1.995457 -0.553190 -1.045054
2010000 2.297852 -0.457657 -1.312281
2020000 2.722687 -0.512985 -1.227817
2030000 2.231576 -0.574678 -1.162467
2040000 2.387434 -0.519874 -1.161504
2050000 1.865569 -0.563528 -1.286031
2060000 2.443712 -0.592473 -1.055818
2070000 2.179645 -0.451875 -1.092088
2080000 1.943365 -0.524273 -1.171120
2090000 1.815661 -0.665121 -1.258636
2100000 1.907221 -0.616938 -1.331180
2110000 2.531190 -0.517724 -1.339111
2120000 3.249905 -0.612570 -1.115149
2130000 3.293645 -0.519698 -1.232631
2140000 3.457671 -0.466971 -1.158212
2150000 2.813300 -0.451013 -1.125064
2160000 3.004081 -0.516121 -1.230762
2170000 3.844636 -0.443452 -1.266960
2180000 4.438724 -0.512487 -1.118306
2190000 4.071549 -0.558241 -1.195738
2200000 4.132000 -0.513112 -1.046312
2210000 3.592052 -0.609147 -1.087803
2220000 2.375348 -0.635721 -1.218517
2230000 3.226011 -0.582665 -1.159301
2240000 2.845601 -0.485921 -1.316853
2250000 4.498815 -0.510183 -1.270599
2260000 4.892664 -0.544531 -1.448050
2270000 4.826285 -0.538246 -1.240062
2280000 4.425920 -0.621155 -1.243754
2290000 4.028231 -0.664004 -1.158828
2300000 3.112406 -0.592285 -1.213954
2310000 3.409108 -0.615997 -1.233157
2320000 4.282729 -0.475514 -1.222352
2330000 4.576603 -0.470117 -1.261263
2340000 4.709732 -0.549880 -1.254906
2350000 4.986881 -0.532501 -1.176985
2360000 4.553144 -0.435808 -1.196927
2370000 2.618402 -0.569061 -1.117805
2380000 2.258075 -0.409009 -1.231701
2390000 2.674688 -0.620781 -1.214291
2400000 2.843393 -0.482537 -1.268677
2410000 4.268815 -0.480186 -1.075155
2420000 3.662488 -0.624353 -1.247205
2430000 3.478106 -0.435669 -1.117929
2440000 3.418076 -0.538240 -1.275124
2450000 4.727308 -0.576991 -1.302460
2460000 4.240928 -0.528467 -1.286150
2470000 3.553683 -0.612382 -1.313780
2480000 2.427483 -0.661714 -1.310585
2490000 2.639743 -0.468844 -1.267672
2500000 1.703430 -0.544214 -1.273866
2510000 2.237773 -0.457420 -1.179434
2520000 2.288012 -0.321837 -1.237003
2530000 2.768971 -0.521899 -1.152714
2540000 3.819760 -0.505666 -1.101786
2550000 4.148670 -0.501558 -1.214241
2560000 4.920576 -0.476583 -1.193348
2570000 5.075657 -0.512227 -1.265089
2580000 4.801455 -0.418725 -1.231224
2590000 4.724765 -0.474760 -1.248618
2600000 4.467715 -0.494083 -1.154641
2610000 4.391049 -0.546185 -1.174133
2620000 3.158174 -0.474411 -1.296425
2630000 2.980026 -0.627568 -1.349705
2640000 3.028985 -0.590771 -1.267240
2650000 3.867377 -0.664897 -1.283791
2660000 3.603069 -0.567088 -1.166126
2670000 2.383031 -0.389426 -1.131042
2680000 1.911492 -0.485415 -1.259395
2690000 1.555009 -0.497406 -1.192838
2700000 1.643574 -0.416949 -1.146161
2710000 1.417623 -0.547781 -1.216997
2720000 1.472994 -0.465173 -1.124973
2730000 1.485475 -0.490982 -1.252588
2740000 1.735527 -0.401048 -1.363595
2750000 1.835025 -0.531605 -1.134803
2760000 1.942026 -0.434202 -1.183744
2770000 1.584611 -0.617089 -1.228637
2780000 1.300448 -0.577485 -1.320818
2790000 1.066448 -0.619772 -1.277606
2800000 1.432087 -0.335337 -1.406854
2810000 2.006407 -0.499053 -1.209440
2820000 2.043392 -0.538627 -1.244649
2830000 2.164372 -0.441940 -1.317596
2840000 2.273732 -0.665200 -1.417944
2850000 2.829340 -0.497441 -1.279216
2860000 2.206400 -0.444260 -1.288237
2870000 2.605848 -0.521628 -1.340471
2880000 3.174092 -0.456603 -1.185061
2890000 2.880183 -0.390415 -1.219814
2900000 3.921278 -0.525627 -1.158106
2910000 4.223170 -0.651277 -1.299260
2920000 4.134339 -0.484517 -1.186718
2930000 4.041965 -0.355997 -1.136741
2940000 4.868301 -0.638864 -1.186986
2950000 4.902761 -0.405168 -1.133944
2960000 4.755470 -0.540715 -1.184949
2970000 4.741160 -0.526126 -1.115864
2980000 3.791458 -0.431794 -1.162145
2990000 4.128365 -0.540081 -1.158149
3000000 4.562268 -0.595414 -1.088379
3010000 4.521919 -0.349183 -1.191212
3020000 4.141054 -0.559201 -1.331830
3030000 3.548424 -0.526387 -1.181028
3040000 3.368861 -0.515009 -1.126692
3050000 3.643046 -0.531845 -1.246206
3060000 3.707146 -0.500878 -1.153282
3070000 3.852857 -0.529308 -1.316455
3080000 4.384343 -0.524674 -1.160115
3090000 4.468350 -0.505219 -1.325992
3100000 4.816989 -0.611108 -1.156360
3110000 4.777650 -0.444693 -1.215852
3120000 4.889652 -0.501659 -1.089402
