100000 1.888396 -0.480910 -1.324761
110000 1.633648 -0.370711 -1.360055
120000 2.165183 -0.584327 -1.405666
130000 1.272609 -0.551357 -1.281158
140000 1.779438 -0.506823 -1.332976
150000 2.371535 -0.573930 -1.328911
160000 1.180690 -0.526417 -1.318045
170000 0.944991 -0.592207 -1.441182
180000 1.093730 -0.527708 -1.409276
190000 1.352875 -0.571734 -1.412435
200000 1.270712 -0.564422 -1.362510
210000 1.224665 -0.682013 -1.556272
220000 1.189775 -0.516809 -1.368253
230000 1.118294 -0.629906 -1.403482
240000 1.235149 -0.453091 -1.410088
250000 0.857914 -0.416298 -1.357900
260000 0.655559 -0.522108 -1.391974
270000 0.859928 -0.468021 -1.416112
280000 0.847648 -0.468919 -1.374616
290000 0.730901 -0.489879 -1.355277
300000 2.004465 -0.487084 -1.512659
310000 2.980261 -0.649184 -1.462322
320000 3.745251 -0.404523 -1.479194
330000 2.977710 -0.568412 -1.340986
340000 3.775650 -0.577246 -1.425434
350000 3.558051 -0.478127 -1.315462
360000 4.758698 -0.673629 -1.411111
370000 3.387537 -0.413290 -1.248001
380000 2.240081 -0.504060 -1.370223
390000 1.956747 -0.529472 -1.354838
400000 1.779867 -0.495521 -1.503911
410000 1.599162 -0.571468 -1.491546
420000 2.027508 -0.598199 -1.376873
430000 2.829590 -0.467449 -1.564994
440000 2.834329 -0.566340 -1.429262
450000 4.417295 -0.451831 -1.384886
460000 3.717812 -0.512490 -1.367634
470000 3.729495 -0.546506 -1.241876
480000 4.447394 -0.370118 -1.391626
490000 4.091408 -0.541828 -1.388080
500000 3.573909 -0.454235 -1.476234
510000 2.503363 -0.509088 -1.431757
520000 3.032040 -0.485275 -1.427375
530000 4.563729 -0.541798 -1.445323
540000 3.490577 -0.553125 -1.306284
550000 2.221700 -0.488195 -1.238048
560000 2.118995 -0.653153 -1.437315
570000 1.614372 -0.453367 -1.464047
580000 1.953754 -0.439294 -1.337087
590000 1.454430 -0.585081 -1.317155
600000 1.653482 -0.491353 -1.355584
610000 1.571120 -0.501617 -1.397083
620000 1.171671 -0.494327 -1.390091
630000 1.180425 -0.511970 -1.388629
640000 1.265013 -0.565930 -1.332337
650000 1.433207 -0.567503 -1.354999
660000 0.893825 -0.442576 -1.492770
670000 1.044881 -0.395591 -1.364675
680000 0.831620 -0.582111 -1.380447
690000 0.811364 -0.543013 -1.405612
700000 1.646347 -0.435359 -1.370077
710000 1.917357 -0.557827 -1.417564
720000 2.803211 -0.465858 -1.464303
730000 3.054665 -0.516211 -1.382294
740000 2.694162 -0.537269 -1.411509
750000 1.948507 -0.445765 -1.344555
760000 2.641723 -0.346638 -1.364713
770000 3.584317 -0.583972 -1.396890
780000 4.355178 -0.649397 -1.390904
790000 4.758637 -0.585956 -1.313288
800000 4.319794 -0.510618 -1.392156
810000 4.489836 -0.533692 -1.349146
820000 3.409275 -0.669595 -1.389620
830000 4.339125 -0.556444 -1.420973
840000 4.680950 -0.550419 -1.340292
850000 2.935708 -0.535566 -1.408756
860000 2.998240 -0.527697 -1.380296
870000 3.254088 -0.499910 -1.384135
880000 4.542504 -0.466624 -1.255234
890000 4.371146 -0.578668 -1.495351
900000 3.773325 -0.476366 -1.320951
910000 2.885245 -0.523425 -1.195997
920000 2.708160 -0.582630 -1.377127
930000 2.942767 -0.619565 -1.345357
940000 2.042671 -0.526540 -1.374355
950000 2.534974 -0.575625 -1.386270
960000 2.504989 -0.428630 -1.308724
970000 3.321603 -0.580396 -1.443833
980000 2.447811 -0.433623 -1.405449
990000 2.570207 -0.602029 -1.435029
1000000 2.153558 -0.555012 -1.455230
1010000 2.204299 -0.573319 -1.443760
1020000 3.666324 -0.498389 -1.471098
1030000 3.845264 -0.580478 -1.379220
1040000 4.329670 -0.500503 -1.380016
1050000 4.681724 -0.508001 -1.423182
1060000 4.439018 -0.631787 -1.273514
1070000 3.312356 -0.596784 -1.487791
1080000 3.352325 -0.606183 -1.444813
1090000 3.491077 -0.531380 -1.415040
1100000 4.356486 -0.491707 -1.424471
1110000 4.321054 -0.534407 -1.351810
1120000 4.620696 -0.543402 -1.394068
1130000 3.289530 -0.506081 -1.346349
1140000 2.846679 -0.599198 -1.301169
1150000 3.356723 -0.508764 -1.335889
1160000 4.316282 -0.508245 -1.350686
1170000 4.573413 -0.423128 -1.414963
1180000 4.591781 -0.553056 -1.404361
1190000 4.588130 -0.515277 -1.204686
1200000 4.934275 -0.533199 -1.359404
1210000 4.249305 -0.525173 -1.482856
1220000 3.000259 -0.498978 -1.394102
1230000 2.902387 -0.578791 -1.448118
1240000 2.151243 -0.409669 -1.396167
1250000 1.975290 -0.431821 -1.375712
1260000 1.673860 -0.643090 -1.386694
1270000 2.297157 -0.534261 -1.367898
1280000 2.425053 -0.426211 -1.389937
1290000 2.744780 -0.630706 -1.265657
1300000 2.976625 -0.422430 -1.465744
1310000 3.488217 -0.577336 -1.349554
1320000 2.755925 -0.422369 -1.460783
1330000 2.304587 -0.495469 -1.276856
1340000 2.519070 -0.509179 -1.282912
1350000 3.588083 -0.491596 -1.358632
1360000 4.454230 -0.515264 -1.423731
1370000 3.184979 -0.631083 -1.468434
1380000 3.778664 -0.562829 -1.411794
1390000 4.566951 -0.530788 -1.342973
1400000 2.965326 -0.484260 -1.438103
1410000 2.326117 -0.509057 -1.404278
1420000 1.712853 -0.513576 -1.372606
1430000 2.257727 -0.616192 -1.499885
1440000 3.305908 -0.496199 -1.435979
1450000 4.084955 -0.547280 -1.406938
1460000 3.344091 -0.578873 -1.519424
1470000 4.398801 -0.515210 -1.543554
1480000 4.819579 -0.373871 -1.360122
1490000 4.378612 -0.538058 -1.411754
1500000 4.672770 -0.538883 -1.340743
1510000 4.648705 -0.563100 -1.415028
1520000 4.678998 -0.579284 -1.511731
1530000 3.966100 -0.524939 -1.354523
1540000 3.952014 -0.563644 -1.310404
1550000 4.250600 -0.661125 -1.301018
1560000 3.017490 -0.558529 -1.450070
1570000 2.235655 -0.644887 -1.439399
1580000 2.355882 -0.545492 -1.384581
1590000 3.388341 -0.519154 -1.332411
1600000 2.850255 -0.720573 -1.522452
1610000 2.866660 -0.585033 -1.464025
1620000 1.403645 -0.488950 -1.459597
1630000 1.360065 -0.663314 -1.428062
1640000 1.317599 -0.542904 -1.506098
1650000 1.064711 -0.648168 -1.428834
1660000 1.530085 -0.442964 -1.360207
1670000 1.318973 -0.480939 -1.317565
1680000 1.293211 -0.506418 -1.353060
1690000 1.358633 -0.564974 -1.377585
1700000 1.646751 -0.695500 -1.485538
1710000 1.577324 -0.335349 -1.460291
1720000 1.760057 -0.380754 -1.286684
1730000 1.752732 -0.574662 -1.399692
1740000 1.602910 -0.462725 -1.342714
1750000 1.443083 -0.445004 -1.509853
1760000 1.664979 -0.477927 -1.413776
1770000 1.890801 -0.583521 -1.474187
1780000 1.839713 -0.500166 -1.332341
1790000 2.124836 -0.584072 -1.422066
1800000 2.211034 -0.395108 -1.425659
1810000 2.581299 -0.472408 -1.405594
1820000 2.326226 -0.436685 -1.382247
1830000 3.317119 -0.526547 -1.325806
1840000 2.737390 -0.533601 -1.364340
1850000 2.993787 -0.578935 -1.399687
1860000 4.391303 -0.580918 -1.608141
1870000 4.777952 -0.650655 -1.354823
1880000 3.816538 -0.583007 -1.385124
1890000 3.922095 -0.419283 -1.441391
1900000 3.543588 -0.667181 -1.388900
1910000 3.015933 -0.520719 -1.226275
1920000 2.551121 -0.430976 -1.389733
1930000 2.465965 -0.395989 -1.512827
1940000 2.740814 -0.480657 -1.435229
1950000 2.361778 -0.585779 -1.489208
1960000 2.667906 -0.426551 -1.445903
1970000 3.652110 -0.527878 -1.317491
1980000 4.722336 -0.417794 -1.501741
1990000 4.477572 -0.508494 -1.352063
2000000 4.872752 -0.447734 -1.384846
2010000 4.888190 -0.641961 -1.404106
2020000 4.440066 -0.475961 -1.347433
2030000 4.895083 -0.458155 -1.335423
2040000 4.104236 -0.496424 -1.472712
2050000 3.664009 -0.539034 -1.475099
2060000 3.923697 -0.503011 -1.413664
2070000 3.551021 -0.488109 -1.510898
2080000 3.317239 -0.514703 -1.307713
2090000 3.796902 -0.664921 -1.365709
2100000 4.266959 -0.563889 -1.368756
2110000 3.490231 -0.510786 -1.366241
2120000 2.831795 -0.593162 -1.371866
2130000 2.365174 -0.575796 -1.410333
2140000 2.573657 -0.497537 -1.394690
2150000 2.813252 -0.579724 -1.423219
2160000 2.084880 -0.453008 -1.413004
2170000 1.789087 -0.392496 -1.402302
2180000 1.642920 -0.489260 -1.377331
2190000 1.541196 -0.372567 -1.492922
2200000 1.560317 -0.479971 -1.486703
2210000 1.099121 -0.481348 -1.423465
2220000 1.258121 -0.519239 -1.365366
2230000 0.605260 -0.561607 -1.307407
2240000 0.770808 -0.626057 -1.499388
2250000 0.823100 -0.609868 -1.607793
2260000 0.839980 -0.536703 -1.554312
2270000 1.128411 -0.576192 -1.189702
2280000 0.854849 -0.453309 -1.368399
2290000 1.092852 -0.504345 -1.434798
2300000 1.089644 -0.512226 -1.377789
2310000 1.027692 -0.637923 -1.332619
2320000 0.790139 -0.479422 -1.516418
2330000 0.723626 -0.463103 -1.355303
2340000 1.064186 -0.561564 -1.459912
2350000 0.846177 -0.528113 -1.282482
2360000 0.883997 -0.576846 -1.435221
2370000 1.278590 -0.575110 -1.350325
2380000 1.405081 -0.619604 -1.363136
2390000 1.397942 -0.644449 -1.437673
2400000 2.033328 -0.621971 -1.315601
2410000 1.931834 -0.520913 -1.377506
2420000 2.373296 -0.636673 -1.438160
2430000 3.466235 -0.610479 -1.345928
2440000 4.046986 -0.429053 -1.465982
2450000 4.880217 -0.437530 -1.350495
2460000 4.347193 -0.480305 -1.379570
2470000 4.583889 -0.587402 -1.514866
2480000 4.373460 -0.655821 -1.356163
2490000 3.917782 -0.364542 -1.402301
2500000 3.181639 -0.565107 -1.329998
2510000 3.871669 -0.433595 -1.437979
2520000 2.861670 -0.636148 -1.426900
2530000 3.089343 -0.531270 -1.372426
2540000 2.541976 -0.644896 -1.378086
2550000 2.329526 -0.571308 -1.414049
2560000 2.277996 -0.536978 -1.370686
2570000 2.381833 -0.540872 -1.397818
2580000 2.651797 -0.592361 -1.286222
2590000 3.336448 -0.473736 -1.388569
2600000 4.121640 -0.481166 -1.414584
2610000 3.298322 -0.617424 -1.431411
2620000 4.697541 -0.594609 -1.377303
2630000 4.409738 -0.495116 -1.436005
2640000 4.565207 -0.576214 -1.502094
2650000 4.069291 -0.454498 -1.324748
2660000 3.333285 -0.482546 -1.529459
2670000 4.790222 -0.421064 -1.376502
2680000 4.534579 -0.475259 -1.416566
2690000 4.657272 -0.446756 -1.478699
2700000 3.950161 -0.484257 -1.476613
2710000 3.750669 -0.413164 -1.388080
2720000 3.018506 -0.490932 -1.443286
2730000 2.613389 -0.610194 -1.587833
2740000 2.266206 -0.561169 -1.451583
2750000 2.156677 -0.441543 -1.387674
2760000 2.082436 -0.582670 -1.338631
2770000 1.721735 -0.638447 -1.349257
2780000 2.759852 -0.419140 -1.390618
2790000 3.078775 -0.531558 -1.426005
2800000 3.703429 -0.606110 -1.514366
2810000 3.289031 -0.480514 -1.307281
2820000 3.809869 -0.450381 -1.538647
2830000 2.604521 -0.494979 -1.457120
2840000 1.891514 -0.441841 -1.336693
2850000 1.662654 -0.528532 -1.451979
2860000 2.497589 -0.426988 -1.521016
2870000 2.913813 -0.604857 -1.486680
2880000 3.561590 -0.492964 -1.343445
2890000 4.178718 -0.505454 -1.446507
2900000 4.052645 -0.611345 -1.474401
2910000 4.649545 -0.460109 -1.353918
2920000 4.692484 -0.532254 -1.439558
2930000 4.118627 -0.551374 -1.355784
2940000 3.069012 -0.429433 -1.421964
2950000 2.882404 -0.382719 -1.321679
2960000 3.431991 -0.486957 -1.380999
2970000 2.870317 -0.572222 -1.456969
2980000 2.393913 -0.526208 -1.331291
2990000 2.873114 -0.478156 -1.523077
3000000 2.997144 -0.635675 -1.539890
3010000 4.621673 -0.523290 -1.356471
3020000 3.999181 -0.590593 -1.552609
3030000 4.682872 -0.563923 -1.432995
3040000 3.724054 -0.599181 -1.405046
3050000 3.771994 -0.568898 -1.423993
3060000 3.578326 -0.614601 -1.429533
3070000 3.753904 -0.371553 -1.522985
3080000 4.464397 -0.708089 -1.417172
3090000 4.559550 -0.481890 -1.372876
3100000 4.895055 -0.469182 -1.415180
3110000 4.666591 -0.500797 -1.416715
3120000 4.934426 -0.449144 -1.344499
3130000 4.543444 -0.439913 -1.331943
3140000 4.764630 -0.493591 -1.365148
3150000 4.510214 -0.429779 -1.429551
3160000 4.122016 -0.528447 -1.330945
