100000 3.288711 -0.604704 -2.075684
110000 4.980668 -0.557804 -2.061085
120000 4.335833 -0.439268 -2.073050
130000 3.958788 -0.638170 -2.105804
140000 2.934408 -0.547278 -2.189784
150000 3.094630 -0.624259 -2.134574
160000 3.525952 -0.411470 -2.047042
170000 2.219088 -0.593425 -2.174670
180000 1.893821 -0.547472 -2.244100
190000 2.723728 -0.649524 -2.094917
200000 2.981503 -0.477944 -2.082270
210000 4.524170 -0.537158 -2.119330
220000 3.405095 -0.479444 -2.106448
230000 3.969466 -0.443463 -1.981427
240000 4.707800 -0.460586 -2.288684
250000 4.698691 -0.488789 -2.213265
260000 4.640292 -0.432202 -2.105855
270000 4.243312 -0.504143 -2.111855
280000 2.927774 -0.563401 -2.151109
290000 2.559881 -0.597497 -2.008503
300000 1.754694 -0.565606 -1.993535
310000 1.522828 -0.509186 -2.149561
320000 1.251127 -0.459143 -2.134674
330000 2.130211 -0.557965 -2.070504
340000 1.736721 -0.614799 -2.185708
350000 3.049954 -0.536505 -2.063442
360000 3.364215 -0.541936 -2.095569
370000 4.246712 -0.425301 -2.102156
380000 4.393516 -0.542377 -2.124001
390000 4.661594 -0.502943 -2.074501
400000 4.819297 -0.492850 -1.995521
410000 4.945803 -0.598278 -2.161003
420000 4.278826 -0.501645 -2.153788
430000 2.983384 -0.460647 -1.995266
440000 3.161981 -0.558763 -2.006514
450000 3.471365 -0.690872 -2.087453
460000 2.620164 -0.573384 -2.073661
470000 2.696598 -0.567443 -1.988793
480000 1.768031 -0.435915 -2.175405
490000 1.563977 -0.391320 -2.137791
500000 1.514474 -0.532143 -2.031257
510000 0.695532 -0.637912 -2.068696
520000 0.831962 -0.525127 -2.110442
530000 1.139797 -0.369358 -2.147599
540000 1.395198 -0.573609 -2.214679
550000 1.027338 -0.532287 -2.087687
560000 0.782424 -0.452696 -2.120901
570000 1.381478 -0.368250 -2.013638
580000 1.285502 -0.514058 -2.097056
590000 0.609438 -0.596275 -2.190405
600000 0.719665 -0.477354 -2.023567
610000 0.799882 -0.512710 -2.058290
620000 0.847538 -0.530628 -1.943938
630000 0.837296 -0.566391 -2.065174
640000 0.986168 -0.524863 -2.131653
650000 1.707910 -0.464407 -1.944358
660000 2.275227 -0.495159 -2.126726
670000 1.470349 -0.501574 -2.131591
680000 2.120116 -0.581899 -2.143461
690000 2.840087 -0.596191 -2.162457
700000 3.445930 -0.565462 -2.116519
710000 4.000712 -0.558704 -2.128548
720000 4.468352 -0.403432 -2.106882
730000 3.418621 -0.529694 -2.024504
740000 3.974974 -0.505203 -2.096898
750000 4.003145 -0.646814 -2.120837
760000 2.779403 -0.560200 -1.996163
770000 2.638345 -0.550670 -2.274033
780000 2.258106 -0.592067 -2.039644
790000 3.793754 -0.446702 -2.171913
800000 1.858049 -0.399470 -2.022429
810000 2.721852 -0.643238 -2.175528
820000 4.095480 -0.430856 -2.109283
830000 4.800273 -0.399419 -2.194073
840000 4.753805 -0.357221 -2.065225
850000 4.181248 -0.417253 -2.183273
860000 3.704760 -0.471612 -2.047643
870000 4.111414 -0.524821 -2.147507
880000 3.949554 -0.504353 -2.155291
890000 3.298099 -0.489993 -2.114926
900000 3.152475 -0.525915 -2.155032
910000 2.355135 -0.552102 -2.046026
920000 2.515338 -0.533327 -1.932780
930000 3.060723 -0.514661 -1.974589
940000 3.680043 -0.541960 -2.047265
950000 3.984991 -0.510776 -2.048089
960000 3.459176 -0.615304 -2.189111
970000 3.194676 -0.550552 -2.127341
980000 4.536152 -0.608253 -2.089609
990000 4.275656 -0.524527 -2.133067
1000000 4.808778 -0.545817 -2.103854
1010000 4.485371 -0.650232 -2.072215
1020000 5.023357 -0.415465 -2.161838
1030000 4.571738 -0.462580 -2.045090
1040000 3.716567 -0.522514 -2.082060
1050000 2.949161 -0.526191 -2.158149
1060000 2.278548 -0.556206 -2.088396
1070000 2.663276 -0.560180 -2.133149
1080000 3.562993 -0.467131 -2.200491
1090000 2.896734 -0.426718 -2.104339
1100000 3.956264 -0.599397 -2.089504
1110000 4.003066 -0.641947 -2.018842
1120000 3.277227 -0.492041 -2.061922
1130000 3.217638 -0.681081 -2.117597
1140000 4.239358 -0.610249 -2.043187
1150000 4.508709 -0.438558 -2.038669
1160000 3.994710 -0.428332 -2.014162
1170000 3.495394 -0.590564 -2.050829
1180000 4.249368 -0.463070 -2.030647
1190000 4.266420 -0.532595 -2.090759
1200000 4.325005 -0.603898 -2.164469
1210000 4.033147 -0.552404 -2.135781
1220000 3.155800 -0.537078 -2.161217
1230000 2.481290 -0.502531 -1.980577
1240000 1.602728 -0.505828 -2.144051
1250000 1.560223 -0.592440 -2.025852
1260000 1.333143 -0.536612 -2.115722
1270000 1.877900 -0.626891 -2.029750
1280000 2.028815 -0.604048 -1.981730
1290000 1.995718 -0.582735 -2.099569
1300000 2.119539 -0.544228 -2.023780
1310000 2.510256 -0.443498 -2.108431
1320000 2.080872 -0.543793 -2.069470
1330000 1.528545 -0.676647 -2.107292
1340000 1.271367 -0.304505 -2.041600
1350000 1.152888 -0.412505 -2.115390
1360000 1.548571 -0.405317 -2.080649
1370000 1.444564 -0.519959 -2.041239
1380000 1.104796 -0.563822 -2.037308
1390000 0.983167 -0.557618 -2.160366
1400000 0.846005 -0.333211 -2.102442
1410000 1.112242 -0.594863 -2.082159
1420000 1.588221 -0.599427 -1.849434
1430000 2.117805 -0.442822 -2.076758
1440000 3.038232 -0.695475 -2.051521
1450000 3.054435 -0.559531 -2.019058
1460000 3.411061 -0.492096 -2.032649
1470000 2.442701 -0.599063 -2.114252
1480000 2.543455 -0.473383 -2.037545
1490000 2.877338 -0.551188 -2.173102
1500000 2.757954 -0.559111 -2.001747
1510000 3.256165 -0.526085 -2.160960
1520000 2.664595 -0.581734 -2.162117
1530000 2.096392 -0.456077 -2.007299
1540000 1.678234 -0.522094 -2.050289
1550000 1.503036 -0.464930 -1.948185
1560000 1.972349 -0.554563 -2.166653
1570000 1.617866 -0.704073 -2.065638
1580000 1.302540 -0.529073 -2.125610
1590000 1.599302 -0.556698 -2.068922
1600000 1.911747 -0.475293 -2.019499
1610000 2.187047 -0.354560 -2.041297
1620000 2.382426 -0.544853 -2.145999
1630000 2.807048 -0.647703 -2.053285
1640000 3.506172 -0.559057 -2.032899
1650000 3.749517 -0.416624 -2.109710
1660000 3.097371 -0.509078 -2.121488
1670000 3.700239 -0.516174 -2.151269
1680000 3.826004 -0.513965 -2.037214
1690000 4.101719 -0.727362 -2.043409
1700000 3.243768 -0.594028 -2.246259
1710000 3.295897 -0.471792 -2.085963
1720000 4.121300 -0.515815 -2.031874
1730000 4.717670 -0.508349 -2.123016
1740000 4.324947 -0.535194 -2.209607
1750000 4.205570 -0.393246 -2.181683
1760000 3.831664 -0.469936 -2.145932
1770000 4.080813 -0.548619 -2.099593
1780000 4.637370 -0.496111 -2.231781
1790000 4.343189 -0.587476 -2.016645
1800000 4.665458 -0.454170 -2.138477
1810000 2.902158 -0.561505 -2.089364
1820000 3.513272 -0.586179 -1.990775
1830000 2.679420 -0.522475 -1.947508
1840000 2.780783 -0.485352 -2.139012
1850000 2.378578 -0.487168 -2.165229
1860000 3.111631 -0.493813 -2.126833
1870000 2.960965 -0.506859 -2.192188
1880000 2.302975 -0.498219 -2.129025
1890000 2.272543 -0.661258 -2.031927
1900000 2.424021 -0.511401 -2.087765
1910000 1.879020 -0.457042 -2.098307
1920000 1.603078 -0.574777 -2.148605
1930000 1.720136 -0.490668 -2.136468
1940000 2.586702 -0.494576 -1.990046
1950000 2.743751 -0.525721 -2.111073
1960000 3.307670 -0.392085 -1.956528
1970000 4.298571 -0.539464 -2.156944
1980000 3.975431 -0.522876 -2.124991
1990000 4.664473 -0.543675 -2.113321
2000000 4.302932 -0.590219 -1.954248
2010000 4.509032 -0.533335 -2.070088
2020000 3.918864 -0.589801 -2.161333
2030000 4.783012 -0.516767 -2.168728
2040000 4.085975 -0.560574 -2.057021
2050000 3.859246 -0.464091 -2.198473
2060000 3.784418 -0.524131 -2.122874
2070000 4.070887 -0.553213 -2.112618
2080000 2.958003 -0.425440 -2.200594
2090000 2.530656 -0.528481 -2.063935
2100000 1.870182 -0.496538 -2.102469
2110000 2.126698 -0.464136 -2.099238
2120000 1.935668 -0.437514 -2.213843
2130000 1.991434 -0.460967 -2.037395
2140000 1.847466 -0.534794 -2.146005
2150000 1.175968 -0.488869 -2.227931
2160000 0.796108 -0.549021 -1.992152
2170000 1.047390 -0.478626 -2.030492
2180000 0.990655 -0.513914 -2.080271
2190000 1.066384 -0.468275 -2.064793
2200000 1.088952 -0.543970 -2.098945
2210000 1.127204 -0.552149 -2.090638
2220000 1.321674 -0.637098 -2.045476
2230000 1.378740 -0.509438 -1.981142
2240000 0.546912 -0.527213 -2.259380
2250000 0.569524 -0.416299 -2.173896
2260000 0.699769 -0.519620 -2.137387
2270000 0.924674 -0.581164 -2.251221
2280000 0.747813 -0.468902 -2.007821
2290000 0.956108 -0.550879 -2.054454
2300000 0.603142 -0.425747 -2.033112
2310000 0.741347 -0.563935 -2.101500
2320000 0.984021 -0.505842 -2.110479
2330000 1.301138 -0.550077 -2.043986
2340000 1.117387 -0.494960 -2.156763
2350000 1.441800 -0.601904 -2.136690
2360000 1.403228 -0.492537 -2.124775
2370000 1.294986 -0.574019 -2.188079
2380000 1.169516 -0.496132 -2.041082
2390000 1.274612 -0.481299 -2.075514
2400000 1.500769 -0.482260 -2.194081
2410000 1.545823 -0.560813 -2.076511
2420000 1.504574 -0.350374 -2.061827
2430000 1.341908 -0.499876 -2.065963
2440000 1.587819 -0.434424 -2.011931
2450000 1.501880 -0.560276 -2.062094
2460000 1.953794 -0.524727 -2.187716
2470000 2.166798 -0.582380 -2.133610
2480000 1.848968 -0.528301 -2.151795
2490000 1.849707 -0.601585 -2.207693
2500000 2.569648 -0.485977 -2.075001
2510000 2.824677 -0.529283 -2.183626
2520000 3.352339 -0.388235 -2.124873
2530000 3.240898 -0.578833 -2.112181
2540000 3.638350 -0.599964 -2.009468
2550000 4.126117 -0.550999 -2.129385
2560000 4.355532 -0.529461 -2.008753
2570000 5.038523 -0.534720 -2.066420
2580000 4.832497 -0.474080 -2.108042
2590000 4.165939 -0.411460 -2.084209
2600000 3.647736 -0.509453 -2.055000
2610000 3.239602 -0.610726 -2.121095
2620000 2.540138 -0.538621 -2.032336
2630000 2.281259 -0.467459 -2.108993
2640000 2.838640 -0.462195 -2.087570
2650000 2.467792 -0.476302 -2.036898
2660000 3.085230 -0.376300 -1.999039
2670000 3.645864 -0.373744 -2.234955
2680000 3.158753 -0.471855 -2.035535
2690000 4.311864 -0.503191 -2.069272
2700000 4.811245 -0.473611 -2.035267
2710000 5.002930 -0.640324 -2.204266
2720000 4.968468 -0.516457 -2.170351
2730000 5.013107 -0.514259 -1.945125
2740000 4.439491 -0.469814 -2.053964
2750000 4.148239 -0.625716 -2.095549
2760000 4.390348 -0.667285 -2.066583
2770000 3.623750 -0.588984 -2.022608
2780000 2.853976 -0.741975 -2.036599
2790000 2.142587 -0.600954 -2.229039
2800000 2.164896 -0.505446 -2.136466
2810000 2.507992 -0.380023 -2.048086
2820000 1.844556 -0.498718 -2.237097
2830000 1.740494 -0.535230 -2.022068
2840000 2.028987 -0.477664 -2.096921
2850000 3.126043 -0.564028 -2.098219
2860000 3.312596 -0.415859 -1.942502
2870000 2.954997 -0.491710 -2.125289
2880000 3.856942 -0.451910 -2.089714
2890000 4.000239 -0.532758 -2.102998
2900000 3.576814 -0.715342 -2.102830
2910000 4.192938 -0.413513 -2.106371
2920000 4.339435 -0.661827 -2.087899
2930000 5.012060 -0.524182 -2.143662
2940000 4.986408 -0.427464 -2.197467
2950000 4.890643 -0.547527 -2.142628
2960000 4.150271 -0.650664 -2.090838
2970000 3.848288 -0.573608 -2.167877
2980000 4.645610 -0.632959 -2.168309
2990000 4.668715 -0.667963 -2.141351
3000000 4.750843 -0.513605 -2.135252
3010000 3.638283 -0.585446 -2.085524
3020000 4.263513 -0.560458 -2.251111
3030000 4.076854 -0.469238 -2.096214
