100000 4.919870 -0.457114 -2.568459
110000 4.700101 -0.402630 -2.532100
120000 3.575782 -0.485698 -2.568580
130000 3.936141 -0.553981 -2.665764
140000 3.736299 -0.482948 -2.584877
150000 3.258770 -0.550650 -2.550936
160000 4.258576 -0.417153 -2.628037
170000 4.698452 -0.491627 -2.664142
180000 4.788223 -0.537291 -2.630288
190000 4.158710 -0.375145 -2.652175
200000 3.021609 -0.602658 -2.718555
210000 2.451493 -0.599207 -2.566684
220000 2.658917 -0.573089 -2.568910
230000 1.804419 -0.461020 -2.611847
240000 1.861366 -0.599485 -2.589546
250000 1.987282 -0.527685 -2.642636
260000 1.623063 -0.520993 -2.615836
270000 1.042709 -0.434597 -2.491675
280000 0.842273 -0.632994 -2.650839
290000 1.265406 -0.657983 -2.633296
300000 0.950911 -0.572110 -2.639534
310000 1.626295 -0.611384 -2.577122
320000 1.725103 -0.524478 -2.658545
330000 1.036437 -0.570364 -2.617607
340000 1.455732 -0.609201 -2.638990
350000 1.267433 -0.509857 -2.560502
360000 1.894183 -0.543677 -2.650751
370000 2.195767 -0.504181 -2.538416
380000 3.023140 -0.468143 -2.581357
390000 3.563491 -0.562265 -2.663041
400000 4.468639 -0.551293 -2.564520
410000 4.195806 -0.502076 -2.690349
420000 4.179137 -0.604225 -2.641235
430000 4.891167 -0.473715 -2.622868
440000 4.955784 -0.504034 -2.576164
450000 3.523001 -0.517370 -2.707417
460000 3.085043 -0.558182 -2.602068
470000 3.303652 -0.569174 -2.576109
480000 4.065900 -0.609936 -2.508347
490000 3.656964 -0.481135 -2.453643
500000 4.376727 -0.587455 -2.717860
510000 3.592606 -0.492776 -2.707865
520000 2.910478 -0.569883 -2.550571
530000 2.322273 -0.533706 -2.596343
540000 2.133141 -0.475799 -2.779524
550000 2.371128 -0.544791 -2.634793
560000 1.796807 -0.529497 -2.645504
570000 1.502929 -0.476287 -2.625800
580000 3.234329 -0.519476 -2.554342
590000 2.457613 -0.522244 -2.587023
600000 3.046013 -0.445054 -2.550889
610000 4.395855 -0.520140 -2.601822
620000 3.468960 -0.423379 -2.507442
630000 3.376471 -0.586873 -2.601444
640000 2.874686 -0.535637 -2.621765
650000 2.474272 -0.412004 -2.597398
660000 2.644838 -0.563072 -2.649790
670000 4.476261 -0.609079 -2.623179
680000 4.629543 -0.476580 -2.641104
690000 4.774114 -0.566205 -2.726107
700000 4.960219 -0.576455 -2.716330
710000 4.631422 -0.546449 -2.670085
720000 4.218439 -0.580710 -2.678185
730000 2.719980 -0.558333 -2.502922
740000 2.526271 -0.558886 -2.634094
750000 2.039035 -0.567457 -2.637657
760000 2.328514 -0.564208 -2.556959
770000 1.987932 -0.414104 -2.746844
780000 2.577591 -0.505010 -2.727644
790000 2.472814 -0.541999 -2.586930
800000 4.838290 -0.585847 -2.588711
810000 4.703098 -0.560826 -2.704054
820000 4.079704 -0.613247 -2.553110
830000 3.632441 -0.556877 -2.604602
840000 3.215226 -0.645924 -2.655921
850000 3.557791 -0.517198 -2.546757
860000 4.243638 -0.522173 -2.621756
870000 3.970297 -0.511732 -2.576961
880000 4.812742 -0.393591 -2.563240
890000 4.543645 -0.501428 -2.617476
900000 5.038725 -0.548892 -2.678900
910000 4.230733 -0.530035 -2.678983
920000 3.414402 -0.483528 -2.529110
930000 3.359025 -0.578486 -2.578275
940000 2.109681 -0.588968 -2.579496
950000 1.682709 -0.539816 -2.621989
960000 1.135830 -0.516500 -2.613212
970000 1.267575 -0.575237 -2.497967
980000 1.493985 -0.542186 -2.673150
990000 1.296479 -0.515003 -2.699130
1000000 1.155781 -0.421098 -2.616911
1010000 1.931276 -0.490686 -2.739098
1020000 2.017211 -0.480837 -2.707963
1030000 1.463552 -0.612843 -2.717089
1040000 2.191543 -0.441414 -2.544592
1050000 1.980243 -0.493811 -2.492764
1060000 2.448688 -0.519173 -2.738239
1070000 2.771562 -0.396357 -2.635324
1080000 2.565037 -0.337434 -2.546182
1090000 2.363390 -0.521708 -2.693363
1100000 2.751265 -0.530262 -2.654616
1110000 3.394151 -0.502342 -2.706786
1120000 3.576045 -0.552834 -2.495889
1130000 4.354411 -0.537133 -2.535166
1140000 3.979503 -0.498153 -2.733818
1150000 3.018536 -0.544051 -2.571784
1160000 2.405465 -0.599996 -2.478184
1170000 1.813170 -0.496415 -2.634435
1180000 2.496502 -0.535185 -2.643418
1190000 2.944212 -0.541399 -2.602062
1200000 4.357776 -0.458156 -2.520282
1210000 4.518539 -0.591489 -2.669563
1220000 3.903183 -0.550086 -2.688531
1230000 3.024271 -0.411925 -2.647857
1240000 4.143122 -0.580193 -2.599335
1250000 4.024921 -0.511274 -2.580043
1260000 3.340618 -0.450632 -2.709223
1270000 3.873090 -0.570993 -2.548738
1280000 4.694119 -0.506098 -2.588059
1290000 4.096298 -0.524806 -2.584917
1300000 3.602517 -0.586369 -2.603457
1310000 4.786724 -0.661809 -2.552083
1320000 4.335687 -0.607294 -2.584793
1330000 4.273362 -0.623611 -2.711776
1340000 3.140092 -0.554571 -2.639762
1350000 2.790180 -0.568907 -2.769874
1360000 2.546496 -0.586543 -2.553647
1370000 2.535910 -0.581538 -2.661462
1380000 1.808173 -0.697776 -2.521506
1390000 1.639283 -0.460530 -2.532805
1400000 2.180343 -0.517740 -2.629707
1410000 2.081025 -0.559899 -2.646567
1420000 2.714642 -0.439219 -2.606610
1430000 3.681441 -0.508700 -2.587273
1440000 3.319932 -0.485545 -2.529119
1450000 4.483490 -0.500369 -2.633347
1460000 4.877918 -0.520854 -2.501937
1470000 4.667188 -0.404915 -2.542265
1480000 4.977173 -0.576553 -2.716137
1490000 4.505254 -0.588463 -2.663815
1500000 4.029470 -0.425259 -2.529054
1510000 3.728092 -0.410987 -2.572204
1520000 2.939014 -0.574224 -2.635964
1530000 2.698430 -0.481419 -2.672087
1540000 3.397382 -0.488253 -2.683213
1550000 3.865672 -0.435774 -2.642544
1560000 3.628699 -0.444661 -2.580428
1570000 3.159453 -0.496645 -2.578932
1580000 2.989517 -0.344321 -2.477995
1590000 2.231428 -0.453223 -2.584723
1600000 0.610386 -0.549003 -2.726985
1610000 0.722059 -0.560016 -2.509113
1620000 0.811675 -0.523885 -2.619416
1630000 0.745837 -0.558272 -2.631743
1640000 0.599148 -0.365537 -2.731294
1650000 1.043511 -0.422583 -2.624500
1660000 0.835859 -0.544056 -2.624588
1670000 1.004737 -0.654838 -2.617171
1680000 0.995423 -0.538285 -2.673268
1690000 1.190233 -0.439211 -2.729283
1700000 1.236394 -0.446805 -2.602111
1710000 0.577701 -0.505606 -2.619210
1720000 0.711890 -0.587539 -2.621567
1730000 0.887053 -0.527671 -2.549904
1740000 1.003643 -0.481749 -2.600077
1750000 0.820437 -0.423278 -2.734723
1760000 0.954282 -0.459556 -2.644539
1770000 0.851411 -0.529192 -2.643553
1780000 1.429818 -0.668957 -2.642744
1790000 1.359031 -0.477350 -2.668804
1800000 1.813785 -0.439834 -2.602215
1810000 1.729075 -0.521978 -2.560406
1820000 1.831578 -0.484591 -2.618131
1830000 2.165574 -0.464727 -2.603681
1840000 2.215295 -0.441450 -2.527511
1850000 1.669941 -0.506705 -2.714639
1860000 2.374912 -0.570945 -2.523124
1870000 2.577990 -0.472572 -2.606397
1880000 2.892540 -0.512632 -2.471670
1890000 4.030918 -0.504119 -2.635569
1900000 4.501931 -0.576813 -2.643321
1910000 4.576866 -0.536282 -2.616951
1920000 3.860751 -0.491008 -2.571920
1930000 3.851500 -0.658760 -2.615642
1940000 3.712428 -0.495879 -2.508026
1950000 2.972151 -0.553261 -2.522624
1960000 2.307120 -0.579479 -2.575834
1970000 3.358090 -0.501962 -2.535873
1980000 2.926560 -0.547860 -2.543088
1990000 3.580298 -0.495304 -2.582613
2000000 4.357074 -0.421786 -2.575525
2010000 3.889903 -0.527509 -2.516019
2020000 3.935593 -0.533548 -2.551374
2030000 4.193906 -0.462340 -2.501567
2040000 4.765078 -0.544830 -2.818096
2050000 4.689202 -0.414977 -2.665854
2060000 4.774987 -0.420684 -2.642045
2070000 5.006638 -0.562743 -2.605744
2080000 4.955109 -0.448835 -2.762680
2090000 4.778217 -0.570017 -2.655623
2100000 3.916656 -0.460851 -2.584433
2110000 3.406131 -0.536529 -2.614464
2120000 3.566107 -0.503881 -2.732105
2130000 4.445761 -0.588204 -2.714307
2140000 3.109747 -0.660285 -2.620259
2150000 2.943146 -0.610064 -2.622683
2160000 2.355835 -0.392614 -2.557017
2170000 2.713450 -0.504054 -2.686493
2180000 2.617060 -0.551980 -2.561385
2190000 1.567776 -0.552021 -2.630938
2200000 1.622917 -0.581929 -2.535396
2210000 1.617998 -0.553509 -2.616783
2220000 1.121615 -0.586881 -2.573007
2230000 1.477977 -0.582851 -2.518247
2240000 1.101057 -0.552647 -2.558878
2250000 1.153056 -0.559076 -2.645945
2260000 0.892892 -0.555436 -2.649721
2270000 1.021710 -0.492598 -2.517958
2280000 0.664176 -0.481614 -2.562165
2290000 0.653420 -0.527790 -2.555432
2300000 0.772252 -0.631361 -2.564794
2310000 1.242364 -0.533602 -2.574399
2320000 1.269149 -0.489606 -2.729638
2330000 1.365171 -0.620354 -2.688763
2340000 1.521538 -0.515670 -2.743445
2350000 1.580185 -0.450923 -2.575120
2360000 1.806836 -0.527228 -2.698791
2370000 2.140576 -0.506350 -2.712923
2380000 1.927912 -0.521375 -2.644852
2390000 1.934351 -0.494369 -2.566680
2400000 2.289482 -0.530674 -2.578586
2410000 2.590299 -0.565753 -2.651822
2420000 2.938165 -0.541424 -2.622166
2430000 3.069421 -0.547105 -2.659894
2440000 3.319283 -0.610149 -2.668141
2450000 4.523076 -0.448990 -2.586392
2460000 4.499394 -0.511169 -2.645945
2470000 3.783466 -0.582166 -2.657913
2480000 3.165136 -0.622844 -2.727081
2490000 3.498403 -0.585127 -2.516360
2500000 2.412268 -0.505919 -2.742825
2510000 3.108466 -0.439961 -2.741415
2520000 2.483193 -0.558059 -2.538372
2530000 2.532508 -0.449443 -2.561192
2540000 3.024007 -0.416706 -2.618558
2550000 2.136343 -0.422239 -2.724012
2560000 2.013477 -0.642561 -2.594871
2570000 2.063606 -0.479901 -2.544979
2580000 1.612301 -0.411560 -2.630062
2590000 1.417778 -0.555663 -2.535636
2600000 1.241641 -0.634937 -2.734272
2610000 0.947516 -0.449332 -2.588926
2620000 0.947992 -0.459154 -2.579528
2630000 1.023890 -0.610515 -2.482486
2640000 0.678027 -0.535049 -2.583213
2650000 0.639885 -0.642678 -2.633215
2660000 1.138592 -0.516721 -2.544327
2670000 1.169666 -0.624800 -2.739051
2680000 1.572862 -0.512369 -2.704276
2690000 2.071646 -0.583727 -2.598652
2700000 2.377301 -0.427451 -2.610534
2710000 3.845158 -0.454385 -2.653708
2720000 4.443512 -0.497940 -2.621633
2730000 4.384433 -0.656705 -2.614768
2740000 5.043316 -0.448753 -2.593498
2750000 4.112984 -0.524062 -2.633431
2760000 3.796204 -0.590248 -2.575116
2770000 3.881512 -0.524147 -2.611343
2780000 3.241790 -0.506776 -2.740866
2790000 3.867786 -0.573243 -2.554412
2800000 4.609120 -0.513359 -2.796150
2810000 4.749643 -0.489574 -2.555810
2820000 4.132483 -0.586740 -2.516033
2830000 4.939171 -0.589956 -2.603168
2840000 4.700076 -0.611930 -2.614768
2850000 3.764132 -0.579825 -2.573503
2860000 3.526940 -0.467902 -2.501550
2870000 2.835084 -0.505160 -2.672640
2880000 3.216873 -0.545589 -2.657167
2890000 3.541979 -0.584712 -2.666232
2900000 3.136417 -0.662382 -2.493366
2910000 2.832963 -0.462024 -2.635903
2920000 3.973401 -0.464189 -2.786393
2930000 4.809978 -0.534760 -2.548298
2940000 4.524421 -0.506595 -2.592154
2950000 4.172240 -0.463204 -2.710000
2960000 4.396231 -0.499371 -2.615615
2970000 4.170394 -0.606534 -2.581252
2980000 3.812377 -0.413432 -2.408261
2990000 4.603851 -0.421619 -2.600965
3000000 4.790964 -0.527645 -2.561609
3010000 4.585182 -0.504821 -2.688177
