100000 0.947121 -0.745300 0.269096
110000 2.494767 -0.667178 0.208804
120000 4.232718 -0.548250 0.308504
130000 4.135613 -0.729726 0.363921
140000 3.853385 -0.731614 0.348079
150000 2.473714 -0.705973 0.434577
160000 1.760793 -0.584615 0.264940
170000 2.353764 -0.720407 0.314115
180000 2.807283 -0.717099 0.371713
190000 3.253882 -0.649482 0.310779
200000 4.034003 -0.742396 0.212993
210000 4.891362 -0.751303 0.293381
220000 4.779239 -0.617467 0.376176
230000 4.244360 -0.695532 0.253767
240000 5.086898 -0.623140 0.302473
250000 3.156661 -0.672223 0.406954
260000 3.215608 -0.618989 0.432831
270000 2.164826 -0.809679 0.473351
280000 2.205274 -0.654166 0.369792
290000 1.239370 -0.784658 0.472410
300000 0.998910 -0.727444 0.411861
310000 1.101325 -0.695150 0.486163
320000 1.172070 -0.580540 0.429427
330000 1.282008 -0.524993 0.379757
340000 1.619907 -0.702237 0.326701
350000 2.269914 -0.682198 0.312043
360000 2.536218 -0.448595 0.388589
370000 2.864886 -0.782254 0.344494
380000 3.607734 -0.751909 0.392017
390000 4.070443 -0.716939 0.417426
400000 4.398651 -0.697657 0.365143
410000 4.765288 -0.692511 0.227261
420000 3.830859 -0.728715 0.256781
430000 3.629715 -0.526238 0.421455
440000 3.770049 -0.665389 0.370698
450000 2.832704 -0.591877 0.241603
460000 2.719463 -0.706393 0.481916
470000 2.372797 -0.770578 0.318675
480000 3.527452 -0.830261 0.368303
490000 3.847355 -0.488349 0.320119
500000 5.022071 -0.652797 0.403024
510000 4.055497 -0.701725 0.281357
520000 4.107018 -0.770471 0.428273
530000 4.974045 -0.796046 0.426504
540000 3.887644 -0.669420 0.381970
550000 1.885617 -0.681858 0.392561
560000 1.819077 -0.768134 0.355054
570000 1.732230 -0.425268 0.205281
580000 1.266511 -0.771746 0.201873
590000 1.393482 -0.694162 0.270335
600000 0.740828 -0.542045 0.280661
610000 1.004372 -0.636745 0.481649
620000 1.095812 -0.630215 0.362307
630000 0.662389 -0.777816 0.412999
640000 1.665995 -0.698464 0.406003
650000 2.247375 -0.636590 0.275994
660000 2.933167 -0.604150 0.373280
670000 3.024180 -0.642883 0.368854
680000 2.565402 -0.674441 0.309588
690000 2.703857 -0.719894 0.409525
700000 1.874806 -0.627767 0.302359
710000 2.133990 -0.833362 0.361348
720000 2.781434 -0.715333 0.262182
730000 3.869253 -0.626794 0.390467
740000 4.186906 -0.717064 0.289196
750000 4.961923 -0.759501 0.443237
760000 4.848643 -0.804257 0.585983
770000 4.684450 -0.712051 0.344794
780000 4.373798 -0.672445 0.367941
790000 3.845681 -0.614332 0.381681
800000 2.929969 -0.733539 0.286277
810000 3.971869 -0.664519 0.402274
820000 4.700475 -0.751830 0.224384
830000 3.837568 -0.664323 0.205793
840000 3.340616 -0.680471 0.328576
850000 4.168076 -0.667236 0.362428
860000 4.188764 -0.625782 0.328229
870000 2.719534 -0.645529 0.392293
880000 2.813560 -0.728514 0.264164
890000 2.429255 -0.752779 0.339414
900000 2.202978 -0.569571 0.478698
910000 1.894766 -0.675547 0.396219
920000 1.338300 -0.623023 0.251025
930000 1.444034 -0.739817 0.194961
940000 1.619011 -0.647571 0.349035
950000 1.392769 -0.719230 0.336488
960000 1.031438 -0.815764 0.310208
970000 1.195464 -0.797925 0.420422
980000 1.310190 -0.737377 0.310165
990000 0.520321 -0.691568 0.308123
1000000 0.863108 -0.716213 0.487775
1010000 1.151530 -0.711709 0.434475
1020000 0.727525 -0.708309 0.361754
1030000 1.101086 -0.638848 0.344749
1040000 0.975263 -0.595388 0.427825
1050000 2.044199 -0.656521 0.335818
1060000 2.274872 -0.717717 0.435920
1070000 3.383967 -0.726245 0.345594
1080000 2.573743 -0.657807 0.366504
1090000 3.008076 -0.745402 0.353001
1100000 4.775167 -0.660565 0.382489
1110000 4.816500 -0.756067 0.444576
1120000 4.658296 -0.783441 0.218379
1130000 4.574437 -0.797032 0.406819
1140000 4.485916 -0.679291 0.468769
1150000 3.719825 -0.635162 0.288547
1160000 4.415819 -0.560372 0.384691
1170000 4.801867 -0.765991 0.364791
1180000 4.676999 -0.573862 0.299562
1190000 3.315162 -0.816981 0.301948
1200000 2.607932 -0.688025 0.315426
1210000 2.737896 -0.850608 0.443284
1220000 2.153369 -0.846833 0.348869
1230000 1.766978 -0.756772 0.410218
1240000 1.896428 -0.790910 0.298323
1250000 2.387026 -0.626385 0.276059
1260000 2.841753 -0.676803 0.411671
1270000 3.656900 -0.844610 0.294147
1280000 4.441921 -0.860468 0.408411
1290000 3.462281 -0.722552 0.441693
1300000 3.336782 -0.703727 0.222856
1310000 2.890568 -0.651908 0.322860
1320000 4.387048 -0.745872 0.489979
1330000 4.270684 -0.731350 0.369763
1340000 4.328234 -0.629391 0.438043
1350000 5.048508 -0.779777 0.336389
1360000 4.601500 -0.713539 0.314232
1370000 3.210442 -0.733039 0.367405
1380000 2.603535 -0.826190 0.202459
1390000 2.684746 -0.799766 0.348189
1400000 2.153765 -0.728183 0.463368
1410000 3.261119 -0.609136 0.357928
1420000 3.706061 -0.577734 0.456987
1430000 4.444887 -0.711792 0.409066
1440000 4.392174 -0.739278 0.412122
1450000 4.039878 -0.609823 0.388790
1460000 3.197441 -0.678892 0.267445
1470000 2.970673 -0.752223 0.283461
1480000 3.182550 -0.650337 0.175086
1490000 4.133867 -0.746708 0.308301
1500000 5.046745 -0.712082 0.436422
1510000 4.990413 -0.751335 0.326120
1520000 3.987621 -0.754146 0.403830
1530000 4.014575 -0.719190 0.368674
1540000 4.131381 -0.638528 0.555390
1550000 2.678122 -0.763486 0.182298
1560000 2.616707 -0.597921 0.377431
1570000 1.914275 -0.772143 0.347491
1580000 1.622180 -0.742919 0.410297
1590000 1.983846 -0.787513 0.267335
1600000 1.710977 -0.669187 0.298445
1610000 1.734386 -0.656219 0.429330
1620000 1.368606 -0.648439 0.352303
1630000 1.171658 -0.533506 0.285071
1640000 0.650476 -0.656162 0.384339
1650000 0.502268 -0.790241 0.403689
1660000 0.634577 -0.704126 0.545107
1670000 0.488580 -0.762647 0.437729
1680000 0.856142 -0.602599 0.433081
1690000 0.849738 -0.838564 0.311255
1700000 0.931859 -0.677100 0.375222
1710000 1.499664 -0.684631 0.263811
1720000 1.430320 -0.714599 0.406837
1730000 0.982265 -0.624615 0.399630
1740000 1.339410 -0.729062 0.390827
1750000 1.797849 -0.671359 0.400673
1760000 1.776964 -0.696701 0.346167
1770000 2.066583 -0.714121 0.234226
1780000 2.264427 -0.737718 0.268330
1790000 3.019116 -0.634284 0.292988
1800000 3.376170 -0.719028 0.335961
1810000 2.932734 -0.859130 0.266500
1820000 2.229988 -0.712938 0.363833
1830000 2.280846 -0.772963 0.383975
1840000 2.416456 -0.798103 0.403508
1850000 2.107550 -0.705215 0.430652
1860000 2.106950 -0.866103 0.311341
1870000 2.762625 -0.769854 0.382345
1880000 2.801310 -0.732390 0.287301
1890000 3.524975 -0.602141 0.307875
1900000 3.522629 -0.702149 0.316259
1910000 4.826350 -0.693074 0.421775
1920000 4.389841 -0.711124 0.418382
1930000 4.970496 -0.750559 0.350211
1940000 5.050566 -0.772560 0.400200
1950000 4.488783 -0.732593 0.434453
1960000 4.512607 -0.805989 0.326087
1970000 4.748500 -0.780384 0.449326
1980000 4.814346 -0.608425 0.407339
1990000 4.609632 -0.677785 0.336421
2000000 4.858637 -0.652626 0.362508
2010000 4.961580 -0.602948 0.262280
2020000 3.875887 -0.702253 0.331765
2030000 4.194232 -0.788750 0.315176
2040000 3.077477 -0.727159 0.434708
2050000 2.417838 -0.773265 0.451418
2060000 2.616642 -0.800350 0.371451
2070000 2.021932 -0.664388 0.288544
2080000 2.072079 -0.768521 0.375130
2090000 2.531929 -0.670779 0.274826
2100000 1.929642 -1.224058 0.179572
2110000 1.441117 -0.664708 0.301164
2120000 1.636589 -0.791133 0.332863
2130000 3.024461 -0.690453 0.382297
2140000 2.229198 -0.807755 0.329486
2150000 3.583227 -0.757401 0.226239
2160000 3.476508 -0.614101 0.255414
2170000 4.312206 -0.745957 0.360191
2180000 4.458449 -0.810278 0.370147
2190000 4.435470 -0.657935 0.174918
2200000 3.843292 -0.667343 0.352591
2210000 3.992587 -0.572663 0.511444
2220000 3.854272 -0.808876 0.468894
2230000 3.285667 -0.594225 0.286351
2240000 3.506921 -0.770262 0.238007
2250000 4.958337 -0.627969 0.259150
2260000 3.045298 -0.575929 0.405909
2270000 3.636865 -0.643881 0.437325
2280000 3.086370 -0.635221 0.293632
2290000 2.823162 -0.738442 0.550211
2300000 3.330733 -0.701194 0.379999
2310000 3.179313 -0.648269 0.272939
2320000 2.572403 -0.778667 0.357759
2330000 2.485755 -0.740804 0.382195
2340000 1.430515 -0.707247 0.399013
2350000 1.779747 -0.692662 0.251151
2360000 1.370915 -0.690445 0.383711
2370000 1.232234 -0.913728 0.259566
2380000 1.496390 -0.687048 0.307201
2390000 1.436646 -0.679483 0.361938
2400000 1.449599 -0.805550 0.307020
2410000 1.272458 -0.718015 0.372579
2420000 1.886336 -0.678736 0.312582
2430000 2.085829 -0.712294 0.293347
2440000 2.081293 -0.682698 0.262969
2450000 1.827709 -0.759846 0.323458
2460000 2.118847 -0.613401 0.377837
2470000 3.138911 -0.674377 0.286578
2480000 3.037336 -0.669086 0.445928
2490000 3.417538 -0.774303 0.488841
2500000 3.277458 -0.759417 0.442070
2510000 4.319507 -0.752410 0.290592
2520000 4.749862 -0.638664 0.391172
2530000 4.392137 -0.550336 0.448449
2540000 3.634876 -0.705168 0.240373
2550000 4.650411 -0.647615 0.444037
2560000 3.737198 -0.600370 0.245932
2570000 3.939217 -0.755988 0.313209
2580000 3.695541 -0.791290 0.361994
2590000 3.801528 -0.749775 0.299487
2600000 3.264724 -0.703599 0.334868
2610000 2.930485 -0.669015 0.260695
2620000 2.180893 -0.634873 0.308365
2630000 2.297288 -0.693153 0.346882
2640000 4.244417 -0.677623 0.282755
2650000 4.457125 -0.678615 0.420556
2660000 4.514986 -0.731156 0.259293
2670000 4.277327 -0.596741 0.455815
2680000 4.458144 -0.575458 0.336262
2690000 3.912725 -0.676010 0.481947
2700000 3.502509 -0.708657 0.362298
2710000 3.306134 -0.657700 0.244091
2720000 2.749285 -0.766254 0.426551
2730000 4.225520 -0.745111 0.314519
2740000 4.497940 -0.654828 0.375074
2750000 3.881035 -0.646830 0.402988
2760000 4.562346 -0.671064 0.321663
2770000 4.088018 -0.686314 0.393542
2780000 3.702075 -0.673660 0.410673
2790000 3.253164 -0.751513 0.403903
2800000 3.713650 -0.798121 0.416205
2810000 3.011798 -0.701902 0.437619
2820000 2.514439 -0.593778 0.419625
2830000 2.440099 -0.768102 0.343977
2840000 2.397645 -0.704748 0.379977
2850000 2.958659 -0.815064 0.388020
2860000 3.150654 -0.590324 0.212339
2870000 2.103015 -0.787878 0.308287
2880000 2.166110 -0.592072 0.337168
2890000 2.702238 -0.690617 0.345364
2900000 2.123324 -0.656034 0.297607
2910000 1.850071 -0.616778 0.296940
2920000 2.520970 -0.755281 0.319365
2930000 1.384334 -0.678916 0.406314
2940000 1.774027 -0.801998 0.282554
2950000 1.533511 -0.735960 0.383014
2960000 0.901686 -0.740872 0.432780
2970000 0.886987 -0.712984 0.335856
2980000 1.058899 -0.678396 0.265900
2990000 0.613572 -0.791603 0.311400
3000000 0.856804 -0.564083 0.331955
3010000 0.722449 -0.684607 0.373125
3020000 0.825890 -0.710309 0.245408
3030000 0.506301 -0.856574 0.464862
3040000 0.790044 -0.683311 0.432751
3050000 1.090818 -0.715561 0.332364
3060000 0.884827 -0.752610 0.356675
3070000 1.153292 -0.584191 0.229558
3080000 1.107419 -0.739458 0.267227
3090000 1.133340 -0.723365 0.369316
3100000 1.075917 -0.609289 0.378753
3110000 0.976924 -0.763049 0.473183
3120000 1.294171 -0.770461 0.384049
3130000 0.733686 -0.669304 0.154254
3140000 0.671550 -0.673640 0.311541
3150000 0.681667 -0.635712 0.360501
3160000 1.218470 -0.784446 0.421390
3170000 1.291307 -0.775683 0.420296
3180000 1.233596 -0.673425 0.359473
3190000 1.378828 -0.751110 0.359046
3200000 1.676878 -0.778316 0.348432
3210000 1.691195 -0.628158 0.248974
3220000 1.645603 -0.678389 0.444618
3230000 1.542803 -0.663769 0.409994
3240000 1.222001 -0.588530 0.274215
3250000 1.315829 -0.788901 0.295746
3260000 1.468761 -0.626526 0.300494
3270000 1.293915 -0.604596 0.265877
3280000 1.008434 -0.726607 0.290868
3290000 0.996061 -0.653564 0.281668
3300000 0.880939 -0.735168 0.340833
3310000 1.080153 -0.652436 0.288174
3320000 1.193678 -0.688566 0.307518
3330000 1.199140 -0.496107 0.268520
3340000 0.900223 -0.717252 0.519300
3350000 1.550307 -0.668432 0.372876
3360000 1.974856 -0.664848 0.375376
3370000 2.028427 -0.660907 0.287452
3380000 2.066865 -0.634604 0.438352
3390000 2.021759 -0.794585 0.434538
3400000 1.787360 -0.695091 0.403250
3410000 1.633073 -0.558060 0.284110
3420000 1.633312 -0.746001 0.296127
3430000 1.489405 -0.697900 0.337816
3440000 0.988901 -0.676493 0.295672
3450000 0.977525 -0.700751 0.440912
3460000 1.031748 -0.715055 0.393207
3470000 0.962793 -0.652912 0.341292
3480000 0.837299 -0.724992 0.393261
3490000 0.779669 -0.682701 0.329652
3500000 1.413238 -0.666723 0.318792
3510000 1.502669 -0.739199 0.324874
3520000 0.982453 -0.882378 0.400977
3530000 1.193682 -0.667403 0.552569
3540000 0.973649 -0.581676 0.406884
3550000 0.946254 -0.698831 0.371664
3560000 1.142914 -0.728718 0.338981
3570000 1.025460 -0.783423 0.434383
3580000 0.957549 -0.818438 0.181218
3590000 1.178946 -0.793857 0.351329
3600000 0.951119 -0.715032 0.395358
3610000 1.365457 -0.681001 0.262014
3620000 1.601873 -0.737653 0.364427
3630000 2.146840 -0.694841 0.377288
3640000 2.482325 -0.730860 0.292099
3650000 2.517647 -0.727929 0.267258
3660000 3.282829 -0.618081 0.463661
3670000 3.295105 -0.704374 0.521583
3680000 4.126020 -0.650536 0.173907
3690000 3.282370 -0.576455 0.291785
3700000 3.913432 -0.648702 0.405086
3710000 3.335792 -0.572890 0.320775
3720000 4.169023 -0.716313 0.436135
3730000 3.216976 -0.757002 0.321682
3740000 2.754920 -0.694406 0.336836
3750000 3.394136 -0.673296 0.346863
3760000 3.585776 -0.671907 0.400304
3770000 4.299720 -0.662744 0.471886
3780000 4.190476 -0.838486 0.313903
3790000 4.664175 -0.689689 0.347172
3800000 4.567625 -0.757431 0.295156
3810000 4.331276 -0.737303 0.188766
3820000 3.922017 -0.596305 0.262755
3830000 4.417675 -0.726112 0.363945
3840000 4.791943 -0.757985 0.376026
3850000 4.222429 -0.682783 0.328605
3860000 4.108104 -0.574378 0.221790
3870000 4.915045 -0.583098 0.403879
3880000 3.945692 -0.659650 0.367703
3890000 4.699995 -0.703050 0.279190
3900000 4.960380 -0.681362 0.318311
3910000 4.422811 -0.768742 0.234468
3920000 3.659710 -0.748756 0.255509
3930000 3.113500 -0.742402 0.325399
3940000 2.575062 -0.694470 0.310392
3950000 2.479749 -0.682845 0.299085
3960000 2.209502 -0.644905 0.222025
3970000 2.795665 -0.719924 0.387591
3980000 2.496695 -0.655321 0.438008
3990000 2.179712 -0.828051 0.362066
4000000 2.309057 -0.805230 0.277885
