100000 1.257564 -0.692887 0.068991
110000 1.651467 -0.530294 0.137460
120000 2.585362 -0.633540 0.159840
130000 3.302389 -0.699292 0.203513
140000 4.400770 -0.674951 0.210179
150000 4.102182 -0.732133 0.202813
160000 4.871716 -0.762733 0.212130
170000 3.511496 -0.719329 0.058757
180000 2.756836 -0.793385 0.116163
190000 2.100687 -0.746894 0.172417
200000 3.459768 -0.658167 0.141939
210000 3.156881 -0.775158 0.240135
220000 4.464381 -0.627590 0.043562
230000 4.561275 -0.727083 0.087919
240000 4.255403 -0.799932 0.161457
250000 5.016178 -0.737232 0.149885
260000 4.664266 -0.760966 0.343418
270000 3.698058 -0.617490 0.182156
280000 2.898623 -0.808760 0.207509
290000 3.459811 -0.688666 0.191766
300000 3.753862 -0.719382 0.251843
310000 3.075154 -0.591835 0.222463
320000 4.777435 -0.643722 0.126577
330000 3.682727 -0.683321 0.224344
340000 1.758105 -0.731674 0.164182
350000 1.579124 -0.615679 0.152757
360000 2.230178 -0.626151 0.174299
370000 2.455147 -0.728252 0.103626
380000 2.930121 -0.663690 0.228218
390000 4.100247 -0.643735 0.272450
400000 3.918475 -0.662046 0.167753
410000 4.869283 -0.578883 0.135331
420000 4.631831 -0.748292 0.162454
430000 4.817518 -0.657501 0.187571
440000 4.331450 -0.725114 0.268770
450000 3.673089 -0.726003 0.141626
460000 2.891673 -0.729372 0.168335
470000 3.429536 -0.649094 0.238219
480000 3.999196 -0.745437 0.115251
490000 3.105019 -0.587919 0.331293
500000 2.216909 -0.719501 0.255401
510000 1.509930 -0.716125 0.122062
520000 1.131217 -0.709874 0.110725
530000 0.973815 -0.840065 0.317817
540000 0.674564 -0.787990 0.216829
550000 0.924836 -0.739512 0.166223
560000 0.882044 -0.922656 0.218573
570000 1.275705 -0.681524 0.169587
580000 0.911307 -0.789163 0.291062
590000 1.640652 -0.564011 0.118886
600000 1.481057 -0.745295 0.143569
610000 1.391989 -0.719347 0.150644
620000 1.256072 -0.641838 0.177211
630000 0.936071 -0.686398 0.133391
640000 0.595912 -0.628991 0.123286
650000 0.718046 -0.734705 0.214425
660000 0.642528 -0.671703 0.129239
670000 0.764761 -0.785490 0.217201
680000 1.217827 -0.658848 0.164545
690000 0.942756 -0.784749 0.133090
700000 2.007302 -0.690085 0.135723
710000 2.149652 -0.581932 0.165282
720000 2.651433 -0.751477 0.233463
730000 3.767086 -0.666712 0.242838
740000 3.828277 -0.671861 0.196010
750000 4.145319 -0.541431 0.068315
760000 4.402172 -0.874581 0.211421
770000 3.173010 -0.675433 0.162932
780000 3.342272 -0.609010 0.169890
790000 3.966288 -0.694129 0.159175
800000 3.794630 -0.748921 0.177726
810000 3.396153 -0.757423 0.354931
820000 4.482751 -0.690628 0.197582
830000 4.136705 -0.624448 0.098785
840000 2.666854 -0.737041 0.193922
850000 3.636099 -0.757885 0.118275
860000 3.724580 -0.674586 0.220428
870000 2.141176 -0.686184 0.204537
880000 1.946057 -0.517776 0.129590
890000 3.172966 -0.731109 0.101780
900000 3.062488 -0.568507 0.124844
910000 3.961968 -0.790503 0.157192
920000 4.356071 -0.724446 0.120969
930000 4.220140 -0.664616 0.161978
940000 2.909843 -0.738537 0.159672
950000 2.027296 -0.718232 0.223767
960000 1.967679 -0.839909 0.232832
970000 2.529813 -0.779351 0.255610
980000 2.061983 -0.687388 0.049160
990000 1.530149 -0.627758 0.156516
1000000 1.743178 -0.627471 0.233268
1010000 1.808785 -0.673836 0.200935
1020000 1.972875 -0.688612 0.169292
1030000 2.371248 -0.700667 0.043448
1040000 3.010987 -0.587794 0.223642
1050000 3.965794 -0.746544 0.198895
1060000 4.422330 -0.683146 0.161653
1070000 5.063134 -0.744774 0.220387
1080000 3.316074 -0.732386 0.151288
1090000 2.727588 -0.712343 0.171113
1100000 2.448045 -0.604352 0.317754
1110000 2.044729 -0.695817 0.242639
1120000 2.333731 -0.819697 0.028017
1130000 2.566490 -0.628327 0.214478
1140000 3.040835 -0.763249 0.239961
1150000 4.333229 -0.707214 0.090336
1160000 4.801448 -0.680413 0.279211
1170000 4.822674 -0.692239 0.172835
1180000 4.330790 -0.682074 0.213315
1190000 3.994029 -0.703071 0.271654
1200000 4.537216 -0.549425 0.147548
1210000 4.882125 -0.781735 0.181983
1220000 4.375841 -0.697278 0.143905
1230000 4.757651 -0.722080 0.245434
1240000 3.376278 -0.606479 0.229078
1250000 3.116222 -0.744400 0.258191
1260000 3.945934 -0.733001 0.238948
1270000 3.452142 -0.654194 0.082479
1280000 3.525074 -0.725270 0.166094
1290000 2.567871 -0.656923 0.203978
1300000 2.564434 -0.719692 0.133576
1310000 2.035532 -0.653834 0.086058
1320000 1.872902 -0.624080 0.215498
1330000 1.334948 -0.729627 0.206100
1340000 1.609897 -0.837896 0.190440
1350000 1.244544 -0.780568 0.329430
1360000 1.136839 -0.707838 0.256129
1370000 1.849886 -0.613425 0.190821
1380000 2.121141 -0.658817 0.219062
1390000 2.418440 -0.659750 0.175353
1400000 2.174985 -0.567889 0.110400
1410000 1.822585 -0.599870 0.151362
1420000 1.540288 -0.739508 0.155676
1430000 1.393288 -0.693603 0.055502
1440000 1.047467 -0.685289 0.224714
1450000 0.943837 -0.742185 0.108159
1460000 1.080185 -0.744203 0.014814
1470000 1.248210 -0.729833 0.290514
1480000 1.538131 -0.669154 0.159321
1490000 1.441072 -0.718073 0.196973
1500000 1.239758 -0.655758 0.107373
1510000 1.078278 -0.650458 0.161116
1520000 1.113845 -0.609519 0.100491
1530000 0.891133 -0.520153 0.217666
1540000 0.926266 -0.732941 0.287156
1550000 1.186290 -0.722036 0.050606
1560000 1.905228 -0.564005 0.208774
1570000 3.082532 -0.775085 0.247232
1580000 4.303130 -0.705889 0.057673
1590000 4.088568 -0.645826 0.176205
1600000 4.625996 -0.749453 0.251580
1610000 4.004000 -0.681418 0.114025
1620000 3.890723 -0.723820 0.037317
1630000 3.263184 -0.690522 0.160643
1640000 3.586325 -0.699313 0.217326
1650000 3.926277 -0.763478 0.246475
1660000 4.621664 -0.730803 0.214511
1670000 3.951445 -0.726118 0.259234
1680000 4.126036 -0.687770 0.256189
1690000 4.954596 -0.771451 0.224828
1700000 4.557434 -0.582846 0.151589
1710000 4.717303 -0.581965 0.179205
1720000 4.308116 -0.687874 0.213767
1730000 3.367151 -0.729875 0.064114
1740000 2.695045 -0.678375 0.204051
1750000 2.889827 -0.721807 0.199299
1760000 3.069192 -0.743353 0.209349
1770000 3.138313 -0.655425 0.190081
1780000 2.726528 -0.750943 0.163871
1790000 3.220137 -0.661536 0.061210
1800000 3.812126 -0.675650 0.269233
1810000 3.492735 -0.761004 0.048342
1820000 3.869452 -0.698154 0.189024
1830000 4.285909 -0.582771 0.226881
1840000 4.947226 -0.743515 0.034292
1850000 5.005617 -0.616626 0.164700
1860000 4.098636 -0.832882 0.184225
1870000 3.220038 -0.770266 0.215650
1880000 2.877916 -0.786422 0.198108
1890000 2.146906 -0.633971 0.111935
1900000 2.606464 -0.671088 0.140828
1910000 3.312582 -0.665624 0.081332
1920000 2.266180 -0.700457 0.247798
1930000 1.621363 -0.659469 0.220188
1940000 1.448533 -0.721775 0.194071
1950000 1.928015 -0.849588 0.159435
1960000 2.412445 -0.703679 0.171222
1970000 2.319148 -0.749716 0.218690
1980000 2.637985 -0.611302 0.131370
1990000 2.595993 -0.751705 0.156023
2000000 3.191116 -0.799486 0.121167
2010000 4.498391 -0.661917 0.210704
2020000 4.089233 -0.726538 0.087871
2030000 4.649431 -0.794542 0.163009
2040000 4.373391 -0.692584 0.283035
2050000 4.747540 -0.805996 0.188177
2060000 4.080617 -0.774098 0.092336
2070000 3.307115 -0.578698 0.122525
2080000 2.526433 -0.677652 0.184144
2090000 3.224644 -0.714255 0.248151
2100000 2.652924 -0.618200 0.119732
2110000 3.797882 -0.641071 0.094150
2120000 2.272067 -0.751995 0.178116
2130000 2.266706 -0.678071 0.128343
2140000 1.819736 -0.611618 0.119801
2150000 2.202598 -0.719620 0.060263
2160000 2.781958 -0.689703 0.179141
2170000 2.866747 -0.764844 0.226507
2180000 2.141296 -0.669209 0.122279
2190000 1.808018 -0.776206 0.090487
2200000 1.364832 -0.618729 0.227039
2210000 1.360668 -0.658207 0.149330
2220000 1.563836 -0.629440 0.233007
2230000 1.713715 -0.645435 0.190315
2240000 2.254553 -0.689189 0.185420
2250000 2.462571 -0.777747 0.147282
2260000 4.375434 -0.658451 0.200482
2270000 4.375155 -0.781223 0.092276
2280000 5.002465 -0.645176 0.347321
2290000 4.752211 -0.733436 0.219689
2300000 4.095131 -0.700945 0.184473
2310000 4.293703 -0.787338 0.089917
2320000 4.552045 -0.614482 0.067061
2330000 4.977603 -0.696825 0.290172
2340000 4.115122 -0.724772 0.097097
2350000 3.631484 -0.714171 0.215189
2360000 3.823973 -0.632938 0.255430
2370000 4.160053 -0.685523 0.209648
2380000 4.499129 -0.825658 0.160224
2390000 3.511009 -0.809244 0.113434
2400000 2.772707 -0.727159 0.225765
2410000 2.908719 -0.768038 -0.038754
2420000 5.045485 -0.686132 0.139038
2430000 4.646098 -0.749497 0.098629
2440000 4.141881 -0.740102 0.118355
2450000 4.998191 -0.629636 0.149342
2460000 4.645201 -0.679052 0.115510
2470000 4.959822 -0.695573 0.089921
2480000 4.237746 -0.615873 0.116235
2490000 2.478164 -0.714959 0.277317
2500000 2.719320 -0.816931 0.137028
2510000 1.910028 -0.538561 0.257686
2520000 2.318467 -0.734341 0.243458
2530000 3.118535 -0.707483 0.184231
2540000 2.663111 -0.766717 0.227404
2550000 3.583429 -0.659030 0.287093
2560000 3.896339 -0.672801 -0.008312
2570000 3.343896 -0.778735 0.138910
2580000 3.417177 -0.775881 0.079779
2590000 3.239236 -0.735157 0.170856
2600000 4.033751 -0.676469 0.111865
2610000 3.705701 -0.692480 0.226063
2620000 4.645170 -0.844948 0.205225
2630000 3.377592 -0.773256 0.199099
2640000 3.757882 -0.750686 0.322421
2650000 3.552459 -0.686721 0.143897
2660000 2.754471 -0.691312 0.272200
2670000 2.967121 -0.569955 0.104589
2680000 2.948732 -0.690650 0.105758
2690000 2.151176 -0.812497 0.131046
2700000 2.418050 -0.725579 0.190422
2710000 1.582386 -0.685371 0.109923
2720000 1.579312 -0.664105 0.104006
2730000 1.302763 -0.779451 0.186848
2740000 1.369959 -0.603693 0.135769
2750000 0.819826 -0.781746 0.179302
2760000 0.685955 -0.631768 0.261491
2770000 0.502046 -0.716508 0.096358
2780000 0.616508 -0.829313 0.132872
2790000 0.498113 -0.697101 0.181868
2800000 0.709827 -0.823410 0.133438
2810000 0.956474 -0.698931 0.309808
2820000 0.662633 -0.781332 0.234539
2830000 0.803647 -0.765885 0.298015
2840000 0.935554 -0.628824 0.228715
2850000 0.896807 -0.753644 0.171752
2860000 1.111816 -0.691791 0.131619
2870000 0.777689 -0.676054 0.207704
2880000 0.874574 -0.713322 0.190889
2890000 1.209880 -0.697975 0.073968
2900000 1.129541 -0.700085 0.181996
2910000 1.025760 -0.711115 0.173745
2920000 0.922625 -0.621727 0.264734
2930000 0.706155 -0.757277 0.173599
2940000 0.581857 -0.800509 0.188182
2950000 1.009744 -0.646406 0.150513
2960000 1.431829 -0.736608 0.170463
2970000 1.766261 -0.726048 0.160411
2980000 1.921425 -0.663969 0.030420
2990000 1.669593 -0.570474 0.066276
3000000 1.776418 -0.696921 0.198158
3010000 2.296623 -0.737834 0.170785
3020000 2.586581 -0.755162 0.109262
3030000 2.531107 -0.841740 0.195847
3040000 3.185938 -0.677371 0.082264
3050000 2.521732 -0.724202 0.196776
3060000 4.109785 -0.680361 0.092832
3070000 4.026303 -0.758726 0.127664
3080000 4.772368 -0.713313 0.139655
3090000 4.290618 -0.574069 0.303287
3100000 4.579366 -0.558924 0.187231
3110000 4.998232 -0.758683 0.112607
3120000 4.833016 -0.588632 0.226727
3130000 4.769624 -0.701659 0.242835
3140000 4.235978 -0.712509 0.100695
3150000 4.883444 -0.746670 0.063028
3160000 4.612410 -0.580042 0.175700
3170000 4.700284 -0.701411 0.296092
3180000 3.801970 -0.763628 0.195955
3190000 3.692383 -0.752384 0.176027
3200000 3.760874 -0.718561 0.283255
3210000 3.579231 -0.713518 0.147230
3220000 3.105187 -0.848329 0.167906
3230000 2.866052 -0.704513 0.244604
3240000 2.168661 -0.738401 0.114289
3250000 2.922159 -0.587436 0.107405
3260000 2.759228 -0.748761 0.127411
3270000 3.025560 -0.753989 0.123394
3280000 3.330282 -0.763524 0.059756
3290000 3.014422 -0.583111 0.107608
3300000 2.902168 -0.508089 0.237176
3310000 2.521379 -0.734120 0.264017
3320000 1.926220 -0.678009 0.202668
3330000 2.146690 -0.668821 0.150453
3340000 1.779284 -0.683804 0.225035
3350000 2.117502 -0.659287 0.051920
3360000 1.824471 -0.634099 0.237122
3370000 1.789245 -0.717277 0.075708
3380000 1.378757 -0.760114 0.110248
3390000 1.419556 -0.829196 0.193525
3400000 1.793669 -0.621314 0.196384
3410000 1.892352 -0.790633 0.207757
3420000 1.943265 -0.863645 0.150305
3430000 2.461622 -0.650694 0.118362
3440000 2.030022 -0.549829 0.176280
3450000 2.218995 -0.753424 0.289277
3460000 1.434108 -0.729898 0.211494
3470000 1.377280 -0.665038 0.171474
3480000 1.258368 -0.688073 0.152084
3490000 1.501936 -0.756866 0.217589
3500000 1.638512 -0.782886 0.128024
3510000 1.139796 -0.595150 0.285565
3520000 1.221244 -0.537767 0.168928
3530000 1.476350 -0.690556 0.091902
3540000 1.475002 -0.743257 0.167228
3550000 0.639280 -0.675904 0.172120
3560000 0.743885 -0.667304 0.149942
3570000 0.908196 -0.580000 0.156005
3580000 0.820862 -0.694106 0.084227
3590000 0.995795 -0.704436 0.239266
3600000 0.777442 -0.778820 0.227954
3610000 0.878258 -0.655947 0.127861
3620000 0.884399 -0.865666 0.290894
3630000 0.949327 -0.789596 0.111539
3640000 1.069147 -0.567494 0.104241
3650000 0.638520 -0.747377 0.290071
3660000 1.228412 -0.846420 0.270496
3670000 1.387536 -0.809054 0.043433
3680000 1.187816 -0.764360 0.295982
3690000 1.289513 -0.728909 0.250165
3700000 1.363584 -0.833915 0.289370
3710000 1.210576 -0.701023 0.129735
3720000 1.222753 -0.691453 0.099343
3730000 1.379566 -0.695254 0.247999
3740000 1.689795 -0.750298 0.167495
3750000 1.891222 -0.731382 0.149293
3760000 1.399062 -0.766909 0.162380
3770000 1.965809 -0.915290 0.242480
3780000 1.652489 -0.821391 0.279224
3790000 1.728618 -0.584528 0.141468
3800000 2.311281 -0.702677 0.126653
3810000 2.754129 -0.722649 0.216624
3820000 2.771389 -0.885837 0.222981
3830000 3.179948 -0.718091 0.321083
3840000 3.557536 -0.718207 0.132022
3850000 3.974627 -0.716583 0.109844
3860000 4.700838 -0.731164 0.341771
3870000 4.522653 -0.556856 0.104147
3880000 4.784435 -0.712066 0.137639
3890000 4.800737 -0.692189 0.112058
3900000 4.394546 -0.677097 0.187200
3910000 4.890808 -0.808939 0.099245
3920000 4.946551 -0.795282 0.122261
3930000 4.889070 -0.584637 0.215211
3940000 4.745730 -0.671254 0.085215
3950000 4.180733 -0.753927 0.304374
3960000 4.355386 -0.772591 0.262563
3970000 4.418361 -0.841310 0.176751
3980000 4.067617 -0.641529 0.245293
3990000 3.423466 -0.802805 0.286155
4000000 2.724521 -0.705464 0.187485
