100000 1.872094 -0.627302 -0.377707
110000 2.298336 -0.758210 -0.361027
120000 2.777629 -0.662402 -0.194454
130000 2.862130 -0.707563 -0.419853
140000 3.630504 -0.638570 -0.326916
150000 3.225958 -0.732926 -0.362259
160000 2.322766 -0.618187 -0.242255
170000 2.131824 -0.637074 -0.391951
180000 2.638503 -0.696305 -0.305259
190000 2.056061 -0.596463 -0.292588
200000 3.067056 -0.809201 -0.369825
210000 3.180767 -0.762072 -0.259331
220000 4.394444 -0.735680 -0.194589
230000 4.788586 -0.718819 -0.355852
240000 4.802767 -0.744635 -0.298501
250000 3.588442 -0.618289 -0.298277
260000 3.534805 -0.744605 -0.183285
270000 4.101562 -0.797248 -0.317481
280000 3.887850 -0.652595 -0.284096
290000 4.092934 -0.597353 -0.367015
300000 4.491395 -0.760293 -0.386151
310000 4.615519 -0.602451 -0.280713
320000 4.739422 -0.713934 -0.378047
330000 5.009057 -0.706292 -0.325116
340000 4.343295 -0.683241 -0.370948
350000 3.434304 -0.685589 -0.309063
360000 3.493909 -0.612209 -0.494586
370000 3.654232 -0.633440 -0.357720
380000 3.846392 -0.682621 -0.338788
390000 3.746919 -0.772019 -0.360879
400000 3.273630 -0.683755 -0.408889
410000 3.942368 -0.657824 -0.254647
420000 4.315640 -0.744123 -0.273375
430000 2.888279 -0.669799 -0.193192
440000 2.780058 -0.784476 -0.324979
450000 3.318813 -0.567862 -0.424373
460000 2.271509 -0.649380 -0.430822
470000 3.251287 -0.761390 -0.388424
480000 3.066548 -0.821197 -0.388237
490000 2.148892 -0.695626 -0.383422
500000 1.410511 -0.620105 -0.221628
510000 2.231019 -0.684204 -0.306746
520000 1.902815 -0.709539 -0.405164
530000 2.320871 -0.584494 -0.306926
540000 2.464514 -0.678913 -0.267789
550000 2.606599 -0.633839 -0.299212
560000 3.209418 -0.705879 -0.326509
570000 4.754397 -0.658538 -0.325418
580000 4.369800 -0.703730 -0.310479
590000 3.626786 -0.619049 -0.449208
600000 3.350020 -0.648473 -0.417955
610000 3.683917 -0.669101 -0.355867
620000 3.157769 -0.726470 -0.292935
630000 2.908930 -0.756103 -0.295143
640000 4.420920 -0.651775 -0.379933
650000 3.848076 -0.732829 -0.441044
660000 4.593402 -0.615985 -0.360156
670000 4.630303 -0.688367 -0.403818
680000 4.825680 -0.746803 -0.346958
690000 3.259407 -0.604802 -0.372686
700000 2.716544 -0.665833 -0.393467
710000 2.056651 -0.744228 -0.390423
720000 3.026249 -0.585819 -0.331483
730000 3.651465 -0.695644 -0.453154
740000 2.825164 -0.576392 -0.381240
750000 2.815841 -0.797112 -0.422384
760000 2.606199 -0.669704 -0.311358
770000 1.929889 -0.669870 -0.378967
780000 1.585817 -0.800150 -0.212802
790000 1.332906 -0.734409 -0.464197
800000 1.687130 -0.741733 -0.445932
810000 1.306957 -0.750614 -0.396129
820000 1.546976 -0.769712 -0.304096
830000 1.422683 -0.803417 -0.351581
840000 1.988004 -0.604703 -0.325562
850000 2.197776 -0.647520 -0.290242
860000 1.594706 -0.680920 -0.287115
870000 1.536961 -0.842382 -0.400076
880000 1.564111 -0.753946 -0.270748
890000 1.235076 -0.693609 -0.319433
900000 0.495330 -0.647121 -0.256963
910000 0.621496 -0.740849 -0.385358
920000 0.582721 -0.743672 -0.219603
930000 0.695126 -0.916377 -0.342586
940000 0.816408 -0.750870 -0.469129
950000 0.600040 -0.746941 -0.370351
960000 0.805428 -0.751972 -0.244603
970000 0.766522 -0.633984 -0.408139
980000 3.823873 -0.532983 -0.465928
990000 3.128978 -0.694469 -0.383975
1000000 3.642582 -0.631435 -0.328494
1010000 2.339316 -0.791925 -0.391356
1020000 2.368485 -0.637392 -0.363895
1030000 2.281733 -0.773275 -0.306572
1040000 2.087264 -0.769759 -0.295685
1050000 1.477918 -0.803684 -0.383068
1060000 1.324954 -0.569132 -0.375852
1070000 1.230788 -0.793882 -0.380550
1080000 0.666658 -0.659590 -0.407747
1090000 0.761041 -0.511337 -0.336034
1100000 0.554623 -0.726224 -0.278045
1110000 0.910778 -0.730224 -0.357103
1120000 1.113369 -0.874327 -0.287274
1130000 0.738124 -0.790177 -0.347824
1140000 1.057530 -0.845439 -0.233346
1150000 1.104201 -0.773650 -0.366554
1160000 1.346247 -0.621344 -0.367383
1170000 1.790807 -0.820310 -0.403772
1180000 2.074514 -0.660999 -0.348419
1190000 3.021806 -0.759320 -0.404311
1200000 4.057464 -0.581075 -0.346359
1210000 4.340960 -0.769637 -0.400797
1220000 4.136274 -0.781578 -0.318995
1230000 3.260367 -0.849693 -0.366304
1240000 3.886538 -0.575272 -0.399904
1250000 3.226359 -0.628653 -0.372869
1260000 2.923559 -0.749721 -0.268886
1270000 3.367603 -0.813156 -0.275066
1280000 3.489885 -0.610278 -0.342667
1290000 2.611237 -0.736789 -0.333162
1300000 4.466204 -0.685353 -0.262568
1310000 4.408027 -0.672931 -0.435889
1320000 4.770338 -0.476699 -0.359748
1330000 4.994380 -0.685073 -0.365434
1340000 4.584308 -0.528353 -0.428478
1350000 4.270183 -0.687567 -0.335399
1360000 3.234712 -0.630826 -0.446934
1370000 4.529630 -0.639990 -0.307771
1380000 4.151092 -0.633021 -0.385604
1390000 3.735641 -0.858370 -0.364728
1400000 3.254299 -0.760613 -0.419536
1410000 3.741472 -0.720242 -0.247315
1420000 4.965100 -0.821502 -0.360264
1430000 4.932943 -0.838475 -0.325783
1440000 4.979426 -0.684643 -0.224451
1450000 4.955347 -0.790678 -0.310914
1460000 4.947489 -0.657754 -0.399711
1470000 4.065759 -0.748703 -0.309734
1480000 3.050930 -0.685962 -0.344012
1490000 2.081626 -0.687779 -0.317140
1500000 2.110742 -0.613564 -0.560768
1510000 2.680842 -0.760701 -0.387430
1520000 3.174526 -0.796780 -0.364783
1530000 3.043753 -0.757723 -0.373955
1540000 2.257777 -0.682607 -0.450595
1550000 2.174289 -0.560879 -0.293491
1560000 2.017535 -0.664458 -0.320023
1570000 2.153840 -0.578298 -0.438077
1580000 1.857326 -0.574013 -0.370416
1590000 1.704655 -0.777881 -0.382475
1600000 1.390573 -0.666459 -0.378669
1610000 1.286797 -0.742257 -0.362124
1620000 1.631884 -0.664629 -0.381342
1630000 1.049212 -0.715970 -0.334220
1640000 0.975311 -0.757823 -0.300387
1650000 1.106309 -0.730525 -0.177589
1660000 1.051264 -0.734492 -0.326938
1670000 0.803994 -0.711349 -0.397410
1680000 0.885334 -0.749264 -0.375793
1690000 1.502301 -0.683430 -0.373676
1700000 1.849405 -0.666133 -0.428303
1710000 1.990656 -0.701159 -0.382050
1720000 2.407774 -0.715397 -0.321411
1730000 2.468205 -0.700599 -0.285898
1740000 3.338220 -0.771223 -0.390115
1750000 3.893398 -0.659682 -0.413703
1760000 4.255401 -0.683774 -0.273979
1770000 5.025986 -0.658141 -0.275882
1780000 4.611151 -0.601923 -0.402119
1790000 4.143298 -0.674161 -0.322058
1800000 4.793262 -0.672384 -0.469624
1810000 4.518858 -0.654370 -0.404256
1820000 3.098992 -0.616972 -0.352602
1830000 3.959418 -0.612152 -0.443680
1840000 3.401911 -0.627131 -0.212153
1950000 0.924196 -0.674001 -0.199910
1960000 0.698234 -0.598072 -0.303889
