100000 2.187851 -0.791813 -1.860001
110000 2.449337 -0.738817 -1.926210
120000 3.121512 -0.785522 -1.980232
130000 2.699325 -0.714680 -1.837345
140000 4.436757 -0.677616 -1.947919
150000 3.641974 -0.729614 -1.997061
160000 4.999689 -0.648088 -2.024138
170000 3.421082 -0.691031 -1.909183
180000 3.731343 -0.602012 -1.891508
190000 4.160727 -0.691045 -1.858571
200000 4.498886 -0.606350 -2.039435
210000 2.571181 -0.634567 -1.923466
220000 1.373458 -0.675209 -1.907946
230000 1.042022 -0.882745 -1.792889
240000 0.856165 -0.650831 -2.066286
250000 1.079315 -0.779107 -1.847598
260000 1.379586 -0.769498 -1.815824
270000 1.848292 -0.601195 -1.970033
280000 1.965480 -0.707030 -1.813400
290000 2.703603 -0.648366 -1.884640
300000 2.877192 -0.625761 -1.858982
310000 2.876146 -0.643182 -1.905516
320000 3.429962 -0.738335 -1.819661
330000 4.495415 -0.669928 -1.923285
340000 4.263021 -0.760710 -1.911183
350000 3.217904 -0.820477 -2.017099
360000 1.663777 -0.640255 -2.041103
370000 1.857425 -0.749117 -2.060757
380000 2.084048 -0.715260 -1.840780
390000 3.550490 -0.620876 -2.038698
400000 4.504944 -0.679064 -1.961794
410000 3.538176 -0.775474 -2.008013
420000 3.503275 -0.738477 -1.900107
430000 3.418392 -0.745392 -1.842162
440000 2.219916 -0.625379 -1.921525
450000 3.046111 -0.788432 -1.872511
460000 4.101725 -0.732429 -1.884411
470000 4.596085 -0.727705 -1.980591
480000 4.249390 -0.842943 -1.893440
490000 4.703747 -0.602078 -1.913102
500000 3.992207 -0.588553 -1.951497
510000 4.964920 -0.634052 -1.822044
520000 4.671641 -0.590781 -2.027251
530000 3.529533 -0.598425 -1.931127
540000 2.786099 -0.638692 -1.901779
550000 2.094081 -0.856964 -1.959288
560000 1.437295 -0.701852 -1.896678
570000 0.918691 -0.810131 -1.966665
580000 0.644479 -0.617936 -1.912008
590000 0.866881 -0.756891 -1.957485
600000 1.165303 -0.765679 -1.875400
610000 1.377884 -0.709258 -1.902887
620000 1.237819 -0.777055 -2.000817
630000 1.122707 -0.644049 -1.900285
640000 0.943101 -0.703274 -1.923924
650000 0.563403 -0.771606 -1.817298
660000 0.622791 -0.682376 -1.794727
670000 0.860875 -0.646181 -1.936350
680000 0.838471 -0.793252 -1.908202
690000 1.723634 -0.644641 -1.873915
700000 1.934689 -0.718133 -1.966072
710000 1.756561 -0.745547 -1.869543
720000 1.141664 -0.827020 -1.980184
730000 1.277594 -0.712948 -2.028890
740000 1.585071 -0.735031 -1.983951
750000 0.823994 -0.602874 -2.035034
760000 1.047745 -0.572158 -1.938565
770000 1.101500 -0.721447 -1.842354
780000 0.632612 -0.775081 -1.972078
790000 1.071160 -0.624365 -1.916652
800000 1.057674 -0.818489 -1.901579
810000 1.295908 -0.885793 -1.874895
820000 2.021909 -0.590251 -1.870722
830000 1.835693 -0.821486 -1.918794
840000 1.876949 -0.663514 -1.969714
850000 2.463570 -0.619347 -1.936253
860000 2.472572 -0.758986 -2.077235
870000 1.723193 -0.639177 -1.958806
880000 1.987518 -0.798871 -2.093413
890000 3.176484 -0.710008 -1.793593
900000 3.473729 -0.686928 -1.904404
910000 4.022588 -0.681295 -1.885588
920000 4.277123 -0.643219 -1.819707
930000 4.900746 -0.791323 -1.979065
940000 4.657575 -0.709774 -1.909498
950000 3.819337 -0.707328 -1.783147
960000 2.803276 -0.683499 -1.929750
970000 3.742086 -0.759085 -1.815787
980000 3.711342 -0.598848 -1.917998
990000 2.799367 -0.796095 -2.028469
1000000 2.693600 -0.774339 -1.881255
1010000 2.508864 -0.650699 -1.915533
1020000 2.181408 -0.609407 -1.869450
1030000 1.997782 -0.617868 -1.966732
1040000 2.130908 -0.808480 -1.975057
1050000 2.508336 -0.671132 -1.859203
1060000 3.697210 -0.589505 -1.817499
1070000 4.263911 -0.602216 -1.968473
1080000 4.902185 -0.781349 -1.952117
1090000 4.984734 -0.719420 -1.827000
1100000 4.499248 -0.705882 -2.051323
1110000 4.661264 -0.665716 -1.896962
1120000 3.889014 -0.752518 -1.974049
1130000 3.439860 -0.825299 -1.920260
1140000 3.550052 -0.640314 -1.783004
1150000 2.649406 -0.718696 -1.887111
1160000 2.508984 -0.764870 -1.835650
1170000 2.656096 -0.668337 -1.791831
1180000 2.251947 -0.595627 -1.945862
1190000 2.439995 -0.693787 -1.835794
1200000 3.605176 -0.682640 -2.014211
1210000 4.549149 -0.651331 -1.753356
1220000 4.978825 -0.625651 -1.907251
1230000 4.613887 -0.653253 -1.914349
1240000 5.011645 -0.657096 -1.927452
1250000 4.860549 -0.606004 -1.930702
1260000 4.998898 -0.592548 -1.884840
1270000 4.032717 -0.655908 -1.967159
1280000 3.506646 -0.756873 -1.887315
1290000 3.828933 -0.823247 -1.860231
1300000 4.921110 -0.778991 -1.800735
1310000 4.997256 -0.675537 -1.907594
1320000 5.023249 -0.642508 -1.948708
1330000 5.043586 -0.821041 -2.039559
1340000 4.894509 -0.702898 -1.894667
1350000 4.510878 -0.688927 -1.900149
1360000 3.883848 -0.814121 -2.036252
1370000 2.980674 -0.728915 -2.017789
1380000 2.804122 -0.763039 -1.946384
1390000 3.574294 -0.775614 -2.015647
1400000 3.722282 -0.658147 -1.875387
1410000 3.463399 -0.689731 -1.974384
1420000 4.385287 -0.737513 -1.781871
1430000 4.142116 -0.768947 -1.854717
1440000 3.507707 -0.670502 -1.796561
1450000 2.836260 -0.821208 -1.813473
1460000 3.316342 -0.630631 -1.741131
1470000 3.487238 -0.679790 -1.951123
1480000 4.117419 -0.670114 -1.804206
1490000 4.601744 -0.793082 -1.820065
1500000 4.546861 -0.632456 -1.885717
1510000 4.533767 -0.688629 -2.016771
1520000 5.012438 -0.619917 -2.110485
1530000 4.573573 -0.600669 -1.975931
1540000 4.281458 -0.655513 -1.987733
1550000 3.838173 -0.699179 -2.019396
1560000 3.437755 -0.705384 -1.768734
1570000 2.387497 -0.678877 -1.863785
1580000 1.642716 -0.737961 -1.918588
1590000 2.097111 -0.798329 -1.751233
1600000 2.568699 -0.726294 -1.999614
1610000 2.918782 -0.786973 -1.978746
1620000 1.866852 -0.668830 -1.952928
1630000 1.448604 -0.750321 -1.961044
1640000 1.416793 -0.648259 -1.784167
1650000 1.643750 -0.690705 -1.829116
1660000 1.768354 -0.783167 -1.991951
1670000 2.280995 -0.587237 -1.969485
1680000 2.022613 -0.737232 -1.917692
1690000 1.826386 -0.819716 -1.958450
1700000 2.193365 -0.613939 -1.826818
1710000 1.248921 -0.798964 -2.022085
1720000 1.512801 -0.744165 -2.155878
1730000 1.695201 -0.838284 -2.008407
1740000 1.293535 -0.671187 -1.971124
1750000 1.307995 -0.742464 -1.917331
1760000 1.214981 -0.803032 -1.865692
1770000 1.098691 -0.781635 -2.047276
1780000 0.499129 -0.670172 -1.843121
1790000 0.582288 -0.825495 -1.924217
1800000 0.736116 -0.657058 -1.923386
1810000 0.766250 -0.711725 -1.904636
1820000 0.923577 -0.760863 -1.825044
1830000 1.000575 -0.629534 -1.917164
1840000 1.206978 -0.605686 -1.857553
1850000 0.972825 -0.685230 -2.008212
1860000 0.502567 -0.827043 -1.926461
1870000 0.673883 -0.600147 -1.949226
1880000 1.126569 -0.713615 -1.940955
1890000 1.158733 -0.763878 -1.874502
1900000 1.362238 -0.716387 -1.852430
1910000 1.144878 -0.531160 -2.033347
1920000 1.093368 -0.695366 -2.025989
1930000 1.362658 -0.713009 -1.892379
1940000 1.480804 -0.791135 -1.908605
1950000 1.654042 -0.672288 -1.885712
1960000 1.813941 -0.724892 -1.983075
1970000 1.518226 -0.804234 -1.899620
1980000 1.430430 -0.690600 -1.799111
1990000 2.535003 -0.634161 -1.961873
2000000 3.138925 -0.774890 -1.857078
2010000 3.669754 -0.714744 -1.958981
2020000 2.861550 -0.780548 -1.827320
2030000 2.659908 -0.740565 -1.898101
2040000 3.475036 -0.655933 -1.805317
2050000 4.093723 -0.703985 -1.920701
2060000 4.458608 -0.575584 -1.855791
2070000 4.719260 -0.805242 -1.860984
2080000 4.270813 -0.653360 -1.989156
2090000 3.619183 -0.683714 -1.854606
2100000 3.464285 -0.692080 -1.834763
2110000 4.391053 -0.765544 -1.982909
2120000 4.663784 -0.750838 -1.901992
2130000 3.741950 -0.593482 -2.096467
2140000 2.595603 -0.695276 -1.946152
2150000 2.645079 -0.629072 -1.921242
2160000 3.475254 -0.688403 -1.993177
2170000 3.561909 -0.596285 -1.827605
2180000 4.840058 -0.795594 -1.946099
2190000 4.555787 -0.750654 -1.820730
2200000 4.620480 -0.604721 -1.915039
2210000 3.878444 -0.751591 -1.922134
2220000 4.552472 -0.677445 -1.862446
2230000 4.321453 -0.731355 -1.924755
2240000 3.351881 -0.714635 -1.948492
2250000 2.906682 -0.761851 -1.925357
2260000 3.504534 -0.603304 -1.899735
2270000 3.663819 -0.593771 -1.875096
2280000 4.882165 -0.782960 -1.909257
2290000 4.563598 -0.841139 -1.793684
2300000 4.163230 -0.717438 -1.950410
2310000 3.565089 -0.617354 -1.875358
2320000 2.126310 -0.742255 -1.892546
2330000 2.514077 -0.710665 -1.953855
2340000 2.140883 -0.705508 -1.808801
2350000 2.531544 -0.705643 -1.869065
2360000 2.426342 -0.713467 -1.968457
2370000 2.644670 -0.673370 -2.014258
2380000 2.451393 -0.676004 -2.013939
2390000 1.992250 -0.752164 -1.855376
2400000 1.927871 -0.840371 -1.836285
2410000 1.779507 -0.771562 -1.913987
2420000 1.723618 -0.749081 -1.838345
2430000 2.238201 -0.645402 -1.943417
2440000 2.859029 -0.754556 -1.782023
2450000 3.201247 -0.632519 -1.842368
2460000 3.546297 -0.654209 -1.839164
2470000 4.009572 -0.617137 -2.046743
2480000 4.952622 -0.718208 -1.870846
2490000 4.955421 -0.806053 -1.947689
2500000 3.786154 -0.729014 -1.859466
2510000 4.017282 -0.890161 -1.936866
2520000 4.174661 -0.858326 -1.965298
2530000 3.439419 -0.634311 -1.979329
2540000 3.349904 -0.700598 -1.823654
2550000 3.117973 -0.699779 -1.958289
2560000 3.325823 -0.616401 -1.838461
2570000 2.460165 -0.671342 -1.827445
2580000 2.831334 -0.693582 -1.901743
2590000 2.619764 -0.743523 -1.983758
2600000 3.296956 -0.697865 -1.998111
2610000 3.513570 -0.784637 -1.885057
2620000 3.734417 -0.721868 -1.846699
2630000 3.825339 -0.625098 -1.762983
2640000 4.769634 -0.611487 -1.864990
2650000 4.225712 -0.638911 -1.934942
2660000 3.774964 -0.767394 -2.008417
2670000 4.882778 -0.828094 -1.914289
2680000 4.660638 -0.641445 -1.828988
2690000 4.354619 -0.665237 -2.045992
2700000 3.506508 -0.683319 -1.934334
2710000 4.921448 -0.653606 -1.924061
2720000 4.684722 -0.704998 -1.745424
2730000 3.707789 -0.722621 -2.031381
2740000 2.881928 -0.654874 -2.002113
2750000 2.306787 -0.642164 -1.907576
2760000 3.124858 -0.785450 -1.892661
2770000 4.651176 -0.760648 -1.927807
2780000 4.690941 -0.819016 -1.996544
2790000 3.560540 -0.710615 -1.863830
2800000 1.957176 -0.699461 -2.019067
2810000 1.959849 -0.684875 -1.943122
2820000 1.882018 -0.690253 -1.914401
2830000 1.716567 -0.638485 -1.960427
2840000 1.582390 -0.599432 -1.937825
2850000 1.224545 -0.700224 -1.969104
2860000 0.731090 -0.667220 -2.056907
2870000 0.567320 -0.697907 -1.802179
2880000 1.056980 -0.609115 -1.947274
2890000 0.582728 -0.749770 -1.834182
2900000 0.830976 -0.674415 -1.923739
2910000 0.725559 -0.825599 -1.879490
2920000 1.068321 -0.596053 -1.921382
2930000 1.059296 -0.781755 -1.861824
2940000 0.793317 -0.715189 -1.984981
2950000 0.785386 -0.677478 -1.818205
2960000 0.493258 -0.731568 -1.786380
2970000 0.498850 -0.638635 -1.940773
2980000 0.497954 -0.721733 -1.881060
2990000 0.654784 -0.909121 -1.854042
3000000 0.499329 -0.642933 -2.000184
3010000 0.640082 -0.775920 -1.839612
3020000 1.023883 -0.791394 -1.994008
3030000 0.989730 -0.744796 -1.911336
3040000 0.910693 -0.705411 -1.994298
3050000 1.122241 -0.653493 -1.856215
3060000 1.242174 -0.737271 -1.987278
3070000 1.168556 -0.700987 -1.969603
3080000 1.443158 -0.758994 -1.794581
3090000 1.493867 -0.722726 -1.833073
3100000 1.367329 -0.748885 -1.939370
3110000 1.568349 -0.733723 -1.986465
3120000 1.313266 -0.620073 -1.818096
3130000 1.017145 -0.771383 -1.965799
3140000 0.936661 -0.597009 -1.966364
3150000 1.159723 -0.735193 -2.009638
3160000 1.748954 -0.636628 -1.887789
3170000 2.506264 -0.666484 -1.968284
3180000 2.033650 -0.727932 -1.979610
3190000 1.948665 -0.820646 -1.938047
3200000 1.735081 -0.691206 -1.830425
3210000 2.752554 -0.690667 -1.846381
3220000 3.136658 -0.750917 -1.958958
3230000 2.875626 -0.635486 -2.018495
3240000 2.804029 -0.794781 -1.968069
3250000 3.444496 -0.678289 -2.052868
3260000 3.275359 -0.713227 -1.756577
3270000 2.760260 -0.651375 -1.975461
3280000 4.066058 -0.587377 -1.913170
3290000 4.348664 -0.762682 -1.968671
3300000 5.001293 -0.704159 -1.925887
3310000 4.984054 -0.695357 -1.948014
3320000 4.790605 -0.686615 -1.904496
3330000 3.665370 -0.646697 -1.861138
3340000 3.900323 -0.779543 -1.867180
3350000 4.532714 -0.732929 -1.861918
3360000 3.595473 -0.658395 -1.923507
3370000 4.551977 -0.695259 -1.891025
3380000 3.879752 -0.609145 -1.969160
3390000 4.258753 -0.645967 -1.879123
3400000 4.787023 -0.724157 -1.893642
3410000 4.439417 -0.654267 -2.075866
3420000 4.732528 -0.810464 -1.926314
3430000 4.067094 -0.699426 -1.852861
3440000 3.853055 -0.793229 -1.968936
3450000 4.992961 -0.618078 -1.909979
3460000 4.395057 -0.706731 -1.904737
3470000 4.328270 -0.724758 -1.806799
3480000 2.932253 -0.643350 -1.770589
3490000 2.443572 -0.680190 -1.942714
3500000 2.436586 -0.697159 -1.780272
3510000 2.712646 -0.746442 -1.898099
3520000 2.836233 -0.671400 -1.990312
3530000 2.258680 -0.828885 -1.990014
3540000 2.229561 -0.666777 -1.955956
3550000 1.875019 -0.682436 -1.924597
3560000 1.975609 -0.609705 -1.998798
3570000 1.548583 -0.748881 -1.798696
3580000 1.478657 -0.698330 -1.883216
3590000 1.463283 -0.836723 -1.908873
3600000 1.515571 -0.765309 -1.967442
3610000 1.221165 -0.713117 -1.931685
3620000 1.176163 -0.645881 -2.006552
3630000 1.286874 -0.742109 -1.893653
3640000 1.391622 -0.787436 -1.956052
3650000 1.187826 -0.707350 -1.912988
3660000 1.272493 -0.659596 -1.794505
3670000 1.681721 -0.710779 -1.872279
3680000 1.445573 -0.645479 -2.044511
3690000 1.806733 -0.679299 -1.914927
3700000 2.041116 -0.782909 -1.867805
3710000 1.805632 -0.614837 -1.924224
3720000 1.997232 -0.693198 -1.942540
3730000 2.453625 -0.682941 -1.974679
3740000 2.269784 -0.671291 -2.027213
3750000 2.244170 -0.670653 -1.971144
3760000 2.889927 -0.769616 -1.857558
3770000 2.835472 -0.761623 -1.856675
3780000 3.321395 -0.798561 -1.879141
3790000 3.149935 -0.831820 -1.948273
3800000 2.412956 -0.647653 -1.928602
3810000 2.328617 -0.591414 -1.997614
3820000 3.184439 -0.772626 -1.872466
3830000 2.988487 -0.637656 -1.868866
3840000 3.378051 -0.736806 -1.907986
3850000 2.877285 -0.799141 -1.908596
3860000 3.679972 -0.789817 -1.960348
3870000 3.157148 -0.650459 -1.920285
3880000 3.700742 -0.645382 -1.872659
3890000 3.682695 -0.742101 -1.895179
3900000 4.943525 -0.687000 -1.966816
3910000 4.450797 -0.659461 -1.971708
3920000 3.338392 -0.829077 -1.866401
3930000 3.403906 -0.705661 -1.879147
3940000 3.927674 -0.731364 -1.984027
3950000 4.150334 -0.747877 -1.900386
3960000 4.537694 -0.664363 -1.837586
3970000 4.698852 -0.651838 -1.870278
3980000 4.358137 -0.804105 -1.893815
3990000 3.994482 -0.769345 -1.870196
4000000 2.958593 -0.706531 -1.945016
