100000 3.299073 -0.898473 3.028477
110000 4.569730 -0.909874 3.049903
120000 3.152562 -0.855361 2.909888
130000 2.235480 -0.881038 3.056224
140000 4.112653 -0.915752 2.959906
150000 4.892741 -0.861971 2.960599
160000 4.784677 -0.901755 3.056360
170000 3.635670 -0.987489 2.895028
180000 4.138529 -0.890706 2.826928
190000 2.850239 -0.875715 2.955379
200000 1.976635 -0.760301 2.906531
210000 0.769690 -0.777848 2.890353
220000 1.198150 -0.827841 2.921993
230000 1.414453 -0.891432 2.870407
240000 2.091129 -0.845734 2.933360
250000 2.041510 -0.806008 2.990825
260000 1.315315 -0.856813 2.905799
270000 0.912425 -0.832663 2.952355
280000 1.175706 -1.024434 3.085048
290000 0.726250 -0.956684 2.877770
300000 1.832969 -1.031979 2.872358
310000 2.645538 -0.839830 2.981897
320000 4.278008 -0.938164 3.062073
330000 4.961424 -0.879919 2.866278
340000 4.637731 -0.909678 2.861667
350000 4.351483 -0.772105 2.956017
360000 4.184673 -0.960510 2.858617
370000 3.487472 -0.871541 2.931767
380000 3.651526 -0.868036 2.974094
390000 2.769722 -0.797803 3.014731
400000 2.300363 -0.840133 2.998069
410000 2.529884 -0.900272 3.077871
420000 1.585490 -0.670115 2.988709
430000 1.371536 -0.863333 2.930367
440000 1.292411 -0.846671 2.960469
450000 1.224957 -0.859136 2.982147
460000 0.952171 -0.835416 2.953482
470000 0.735506 -0.766177 3.049055
480000 1.217695 -0.946199 3.033249
490000 1.831922 -0.709989 2.878018
500000 2.654991 -0.846921 3.064205
510000 1.964593 -0.760944 2.873375
520000 1.693924 -0.963120 2.921278
530000 2.953049 -0.886202 3.119825
540000 3.575876 -0.903438 3.045519
550000 4.092920 -0.781144 2.847087
560000 3.925641 -0.795634 2.760615
570000 4.282079 -0.935505 3.031529
580000 3.271234 -0.937692 3.037231
590000 3.726544 -0.981039 2.879357
600000 2.715175 -0.887226 3.028888
610000 4.018020 -0.963661 2.887471
620000 4.235083 -0.914280 3.037501
630000 4.430026 -0.859274 2.997285
640000 5.044084 -0.867371 3.046494
650000 3.623123 -0.942117 2.920411
660000 3.167396 -0.874503 2.950718
670000 3.698709 -0.789556 2.926608
680000 3.418064 -0.904686 2.998819
690000 3.004663 -0.830724 2.988044
700000 2.243745 -0.940017 3.087063
710000 1.575234 -0.921043 2.968358
720000 1.960948 -0.840723 3.034013
730000 1.565122 -0.778643 3.018523
740000 1.959272 -0.898406 2.941023
750000 2.553584 -0.751391 2.864295
760000 3.254920 -0.907796 2.909121
770000 2.323835 -1.000739 2.941938
780000 2.028848 -0.880861 3.004442
790000 2.791556 -0.905087 2.941440
800000 3.204837 -0.892209 2.952751
810000 4.016868 -0.798669 2.925447
820000 4.004542 -0.807107 3.060126
830000 4.770943 -0.913969 2.951757
840000 4.044713 -0.965982 2.970551
850000 3.700225 -0.830951 2.865969
860000 3.282387 -0.962419 2.924426
870000 2.856293 -0.790162 2.993151
880000 2.416584 -0.959741 2.912056
890000 3.615250 -0.904031 2.969937
900000 3.287427 -0.931872 3.008168
910000 2.688034 -0.810045 2.925716
920000 3.999982 -0.901545 2.833494
930000 4.849632 -0.788278 2.991206
940000 4.577584 -0.932181 3.017674
950000 4.812615 -0.791371 2.999593
960000 5.068840 -0.816028 2.969722
970000 3.995302 -0.843260 3.088853
980000 4.898153 -0.785872 2.850003
990000 5.038971 -0.727959 2.986248
1000000 4.940072 -0.841780 2.924779
1010000 3.543234 -0.982824 2.988534
1020000 2.521022 -0.867694 2.937151
1030000 1.928684 -0.803303 3.015677
1040000 1.790972 -0.740342 2.866548
1050000 1.746459 -0.754390 2.930113
1060000 1.025659 -0.808122 -3.125499
1070000 0.498269 -0.931730 2.997473
1080000 0.925013 -0.842060 2.763346
1090000 0.839608 -0.890196 2.745534
1100000 1.129872 -0.855328 2.965701
1110000 1.395687 -0.775704 3.075797
1120000 1.370700 -0.998172 2.988502
1130000 1.345434 -0.823864 3.034697
1140000 1.005325 -0.915469 2.891024
1150000 0.683309 -0.785546 2.935223
1160000 0.844088 -0.762319 2.907102
1170000 0.501896 -0.997002 2.910183
1180000 0.607955 -0.805030 3.078772
1190000 0.919781 -0.835038 2.891778
1200000 0.977076 -0.896305 2.846362
1210000 1.282338 -0.934872 3.024211
1220000 0.983879 -0.867972 2.973958
1230000 1.329466 -0.859447 2.965642
1240000 1.258020 -0.684621 2.956098
1250000 1.615856 -0.822619 2.744164
1260000 1.188206 -0.968765 2.993607
1270000 0.938373 -0.827585 2.918279
1280000 0.762033 -0.806435 2.867773
1290000 0.733966 -0.827980 3.030739
1300000 0.924703 -0.852415 2.825628
1310000 0.745260 -0.681957 2.886637
1320000 1.147844 -0.966165 2.952607
1330000 1.300158 -0.878118 2.988327
1340000 2.138062 -0.809446 2.926755
1350000 2.351268 -0.856021 3.021611
1360000 2.484287 -0.864671 2.878735
1370000 2.338148 -0.867225 2.889089
1380000 2.934724 -0.810501 2.985707
1390000 3.397233 -0.885038 2.816376
1400000 4.124567 -0.813064 2.930838
1410000 3.643362 -0.814634 2.861010
1420000 2.979388 -0.895728 2.869090
1430000 4.744009 -0.830696 2.901784
1440000 3.483993 -0.896793 3.110760
1450000 4.378194 -0.855190 2.926789
1460000 4.472298 -0.955265 2.991485
1470000 3.213981 -0.864436 2.982128
1480000 4.511870 -0.924898 2.960162
1490000 3.895986 -0.832792 2.970499
1500000 4.424190 -0.822107 2.945723
1510000 3.181675 -0.822497 2.980336
1520000 2.723723 -0.780425 2.904411
1530000 1.722199 -0.967058 2.996214
1540000 2.280005 -0.925502 2.927188
1550000 2.793793 -0.848225 2.915270
1560000 3.283439 -0.810640 2.960287
1570000 2.486224 -0.759177 3.074786
1580000 3.204676 -0.922540 2.913343
1590000 3.506349 -0.923317 2.870937
1600000 4.555904 -0.949217 2.943670
1610000 4.003048 -0.944062 2.886864
1620000 4.572003 -0.875529 3.019807
1630000 4.310757 -0.827672 2.880952
1640000 3.278951 -0.824600 2.926932
1650000 2.435334 -0.967636 2.873706
1660000 2.033173 -0.628250 3.082768
1670000 2.483372 -0.938390 2.944689
1680000 2.397638 -0.777914 2.851413
1690000 2.126018 -0.961537 2.757267
1700000 1.693558 -0.925898 2.942175
1710000 1.875997 -0.800237 2.989305
1720000 2.016661 -0.765207 2.930455
1730000 1.654370 -1.024087 2.935128
1740000 1.477407 -0.853744 2.955111
1750000 1.320739 -0.764109 2.981862
1760000 1.386298 -0.723756 2.909392
1770000 1.323267 -0.906173 2.957872
1780000 1.194703 -0.871098 3.015812
1790000 1.086041 -0.939463 2.848062
1800000 0.855681 -0.907819 2.979097
1810000 0.960177 -0.914147 3.118600
1820000 0.693047 -0.939087 2.902200
1830000 1.434948 -0.828011 2.978053
1840000 1.381896 -0.761296 2.927654
1850000 1.355263 -0.752744 2.959016
1860000 2.440204 -0.739677 2.966391
1870000 2.544201 -0.868637 2.810446
1880000 1.897506 -0.981005 2.999613
1890000 1.771310 -0.940614 2.951628
1900000 1.877428 -0.880045 2.938493
1910000 2.371498 -0.772891 2.973214
1920000 1.650541 -0.929262 2.827209
1930000 1.709821 -0.764016 2.898257
1940000 2.015899 -0.839614 3.036375
1950000 2.144182 -0.788194 3.014168
1960000 2.948359 -0.960733 2.883225
1970000 2.990422 -0.985627 2.871036
1980000 3.370508 -0.776303 3.045130
1990000 4.300931 -0.817769 2.836756
2000000 4.194609 -0.764305 3.016583
2010000 4.861636 -0.901023 2.817452
2020000 3.887213 -0.867491 2.907362
2030000 3.909157 -1.011929 2.974216
2040000 4.482296 -0.796665 2.989086
2050000 3.520577 -0.852894 3.083332
2060000 2.767481 -0.948831 3.108985
2070000 3.733091 -0.773806 2.926446
2080000 4.088669 -0.934226 2.958654
2090000 4.357206 -0.846768 2.914914
2100000 4.628493 -0.845033 3.076178
2110000 4.355259 -0.818559 3.061167
2120000 4.981343 -1.041380 2.978136
2130000 4.947458 -0.799990 2.870969
2140000 4.069421 -0.892162 2.960875
2150000 3.266418 -0.803938 2.985367
2160000 3.036693 -0.961017 2.990553
2170000 2.686623 -0.932698 2.970994
2180000 2.928803 -1.099337 2.992704
2190000 2.432700 -0.861162 2.977592
2200000 2.980200 -0.889998 2.924082
2210000 3.366401 -0.853923 2.983594
2220000 4.102408 -0.836148 2.988108
2230000 3.894615 -0.851208 3.004579
2240000 4.267904 -0.902308 2.856539
2250000 4.145837 -0.901807 2.960580
2260000 3.263469 -0.866125 2.991110
2270000 3.775123 -0.718871 2.972422
2280000 3.290784 -0.809596 2.949886
2290000 3.389749 -0.994827 3.038651
2300000 2.743180 -0.986486 2.898306
2310000 2.974061 -0.848030 2.890234
2320000 4.295777 -0.818499 2.999206
2330000 4.411829 -0.855781 2.957587
2340000 4.077030 -0.904512 2.971595
2350000 4.860969 -0.874052 3.013396
2360000 4.119301 -0.934351 2.925481
2370000 3.797814 -0.898513 2.967322
2380000 3.587408 -0.864102 2.961829
2390000 3.687055 -0.849540 2.961014
2400000 2.642204 -0.965496 2.954236
2410000 2.590686 -0.903238 2.867551
2420000 2.307361 -0.816634 2.917368
2430000 1.893679 -0.849316 2.910468
2440000 1.772816 -0.873731 2.918161
2450000 1.923445 -0.769995 2.992086
2460000 1.478395 -0.907883 2.851140
2470000 1.501790 -0.794887 3.053415
2480000 1.213174 -0.802919 2.940633
2490000 1.114579 -0.783613 3.059460
2500000 1.120809 -0.914539 3.054254
2510000 1.211644 -0.849738 2.937662
2520000 1.555437 -0.921753 2.976498
2530000 1.634452 -0.900131 2.964045
2540000 1.496577 -0.911137 3.136583
2550000 1.465197 -0.862890 2.980830
2560000 1.698328 -0.910046 2.827955
2570000 1.607907 -0.888126 2.962335
2580000 0.644617 -0.938953 2.962612
2590000 0.499403 -0.880723 2.875618
2600000 0.610774 -0.866437 2.967324
2610000 0.624738 -0.966999 2.882703
2620000 0.663023 -0.862813 2.979872
2630000 0.504049 -0.808679 2.904886
2640000 0.732056 -0.796957 2.782349
2650000 0.655868 -0.873099 3.007311
2660000 0.774398 -0.696377 2.837142
2670000 1.034402 -0.916435 3.009784
2680000 1.092417 -0.839371 3.030317
2690000 1.085648 -0.931595 3.051189
2700000 0.936403 -0.622554 2.944968
2710000 0.771890 -0.753233 2.972489
2720000 0.747919 -0.932397 2.813920
2730000 0.766802 -0.845647 2.859550
2740000 1.159809 -0.907542 2.920311
2750000 1.173640 -0.801448 2.926314
2760000 1.641333 -0.741072 3.046932
2770000 0.882889 -0.799270 2.837567
2780000 1.069578 -0.962605 2.954350
2790000 0.579463 -0.901354 3.065478
2800000 0.657976 -0.867264 2.875638
2810000 0.735552 -0.917051 2.930601
2820000 0.791514 -0.878158 3.028479
2830000 0.902616 -0.947787 2.875455
2840000 0.887358 -0.849927 3.017695
2850000 1.066365 -0.721256 2.865331
2860000 1.037240 -0.841500 3.033788
2870000 1.310093 -0.799617 2.908139
2880000 1.301082 -0.854133 2.932806
2890000 1.278103 -0.849756 2.872627
2900000 1.422219 -0.824064 2.897365
2910000 1.729256 -0.935820 3.067141
2920000 1.923461 -0.923762 3.064142
2930000 2.563433 -0.812619 2.913992
2940000 2.908172 -0.985041 3.063252
2950000 3.264819 -0.906387 2.977160
2960000 4.809834 -0.978470 2.955265
2970000 3.626022 -0.881497 2.991832
2980000 3.235386 -0.797772 2.820945
2990000 2.879770 -0.769801 2.945455
3000000 2.648816 -0.931723 2.913819
3010000 2.417534 -0.895232 3.061981
3020000 2.592411 -0.851509 2.874337
3030000 3.506008 -0.847054 2.949355
3040000 4.162165 -0.837678 2.970204
3050000 4.503003 -0.935319 3.076410
3060000 4.082239 -0.860780 3.052361
3070000 3.574716 -0.914562 2.980982
3080000 3.294677 -0.914681 2.966788
3090000 3.065324 -0.767587 2.942743
3100000 3.765101 -0.774741 2.894748
3110000 4.758958 -0.834007 2.982394
3120000 4.340829 -0.807437 2.937406
3130000 5.049934 -0.930974 2.966875
3140000 3.634076 -0.977343 2.854210
3150000 4.847651 -0.912657 2.973513
3160000 4.253905 -0.750122 2.971980
3170000 3.755412 -0.882068 2.992830
3180000 4.009522 -0.799366 2.941130
3190000 3.317641 -0.741201 2.860069
3200000 2.134943 -1.017206 2.954746
3210000 2.157770 -0.965870 3.030975
3220000 3.052556 -0.914103 3.108397
3230000 3.015191 -0.886361 2.945234
3240000 3.596611 -0.902247 2.907615
3250000 3.788988 -0.867451 2.913688
3260000 5.074638 -0.992239 2.996202
3270000 4.495996 -0.945707 2.942832
3280000 3.619623 -0.789365 3.009096
3290000 3.917555 -0.826330 2.765561
3300000 3.988195 -0.852298 2.885277
3310000 2.952122 -0.999489 3.053901
3320000 2.702514 -0.824866 3.062509
3330000 2.458062 -0.954863 3.057147
3340000 2.100942 -0.913756 3.050966
3350000 1.943539 -0.886328 2.991158
3360000 2.054125 -0.833340 3.120015
3370000 2.584790 -0.757815 3.005214
3380000 3.237509 -0.889954 2.892032
3390000 2.787296 -0.864636 2.963074
3400000 2.414126 -0.857133 3.116263
3410000 3.291181 -0.893032 3.078365
3420000 3.226249 -0.909750 2.810962
3430000 2.697735 -0.871423 3.128807
3440000 1.818914 -0.837682 3.000551
3450000 2.440482 -0.901057 2.970495
3460000 2.939673 -0.956849 3.007918
3470000 3.661050 -0.954269 2.899569
3480000 4.019885 -0.922759 2.986775
3490000 4.395799 -1.005699 2.879745
3500000 4.883271 -0.950678 2.936700
3510000 4.925369 -0.931105 2.956908
3520000 5.063148 -0.826337 2.904710
3530000 3.796917 -0.870157 2.987959
3540000 3.174501 -0.960701 3.050050
3550000 4.539470 -0.829083 3.006148
3560000 3.992348 -0.839401 2.939624
3570000 3.815976 -0.881833 2.890006
3580000 3.584947 -1.036376 3.025280
3590000 4.148070 -0.937422 2.985262
3600000 4.797475 -0.834501 3.034350
3610000 4.434190 -0.865945 2.818083
3620000 2.713843 -0.731633 2.915150
3630000 3.186930 -0.901585 2.929433
3640000 2.929583 -0.840823 3.032241
3650000 2.778666 -0.973115 3.003286
3660000 2.897611 -0.768217 2.953367
3670000 1.880640 -0.813574 3.011455
3680000 1.736234 -0.951493 3.015092
3690000 2.067671 -0.850389 3.114429
3700000 1.754121 -0.817203 2.965005
3710000 1.796540 -0.909860 2.971729
3720000 2.046569 -0.943782 3.003707
3730000 2.674149 -0.997619 2.952540
3740000 2.400206 -0.830350 2.996084
3750000 3.358283 -0.830541 3.086426
3760000 3.589596 -0.702137 2.923292
3770000 5.040974 -0.908699 2.864275
3780000 4.793890 -0.947216 3.063372
3790000 4.347240 -0.836350 2.871101
3800000 3.804454 -0.984747 3.031120
3810000 4.330457 -0.860162 2.896926
3820000 4.665102 -0.879549 3.002047
3830000 4.630792 -0.834621 2.839698
3840000 4.904224 -0.838133 3.018992
3850000 4.256731 -0.904502 2.906158
3860000 4.012201 -0.941205 3.046306
3870000 4.033044 -0.808171 3.033382
3880000 3.919996 -0.965412 3.014779
3890000 4.259827 -0.823698 2.936145
3900000 3.911999 -0.883692 2.917925
3910000 2.849419 -0.840061 3.007206
3920000 2.852186 -0.903339 3.042431
3930000 2.203388 -0.896254 3.072234
3940000 2.260826 -0.844994 2.932479
3950000 2.642366 -0.914039 2.869996
3960000 2.308629 -0.807582 3.132977
3970000 2.054281 -0.833638 2.924605
3980000 1.670895 -0.879807 2.936971
3990000 2.257873 -0.797670 2.988067
4000000 2.364857 -0.864770 2.912494
