100000 2.521593 2.826628 1.158055
110000 2.336397 2.808157 1.282465
120000 2.044155 2.769450 1.201787
130000 2.638740 2.823131 1.260804
140000 1.881581 2.769763 1.327123
150000 1.465215 2.935470 1.161473
160000 0.889908 2.651074 1.193273
170000 1.308349 2.866716 1.379875
180000 0.726130 2.765211 1.272033
190000 1.472063 2.724416 1.176322
200000 1.264534 2.788688 1.200562
210000 1.624049 2.772339 1.293780
220000 2.192470 2.779158 1.319212
230000 3.317992 2.806979 1.254832
240000 3.990091 2.755783 1.317994
250000 4.590084 2.848002 1.276580
260000 3.323457 2.835429 1.117193
270000 3.440286 2.800350 1.192402
280000 4.164761 2.785844 1.235694
290000 5.002846 2.749637 1.332538
300000 3.818016 2.793190 1.266638
310000 4.658989 2.845461 1.290252
320000 3.897188 2.754933 1.199108
330000 3.224044 2.736448 1.253031
340000 3.367640 2.717497 1.326388
350000 2.792597 2.713360 1.231757
360000 2.262728 2.788382 1.207992
370000 2.760635 2.768583 1.224698
380000 3.532590 2.756258 1.072344
390000 3.368002 2.717321 1.311336
400000 4.246321 2.934212 1.189180
410000 4.806722 2.907875 1.129884
420000 4.683272 2.857216 1.324631
430000 3.950405 2.832713 1.307795
440000 3.125767 2.815850 1.204617
450000 3.988890 2.760974 1.228723
460000 4.746879 2.752725 1.270870
470000 4.311560 2.759178 1.389097
480000 4.108113 2.799032 1.267511
490000 3.857563 2.761325 1.201764
500000 3.143835 2.876241 1.116602
510000 2.578483 2.735166 1.263226
520000 1.980460 2.752117 1.190979
530000 2.163385 2.924786 1.029488
540000 1.498162 2.871656 1.217544
550000 0.980422 2.974677 1.253001
560000 1.515526 2.727512 1.242123
570000 1.000470 2.825030 1.308735
580000 0.854776 2.799439 1.280380
590000 0.761752 2.820181 1.257100
600000 1.042464 2.681297 1.214297
610000 1.181022 2.850296 1.366774
620000 1.062260 2.824525 1.240177
630000 1.892994 2.698795 1.151473
640000 1.548543 2.793398 1.256798
650000 1.970750 2.755949 1.262491
660000 1.750962 2.793513 1.208220
670000 1.641308 2.788983 1.191278
680000 1.630100 2.694963 1.353551
690000 1.360770 2.738470 1.312846
700000 1.457414 2.809381 1.393493
710000 1.237652 2.840461 1.282909
720000 1.509411 2.675309 1.233141
730000 1.746365 2.724859 1.150111
740000 0.639547 2.869250 1.194957
750000 0.599365 2.785028 1.266079
760000 0.870745 2.860683 1.360114
770000 1.074512 2.776176 1.187796
780000 1.075590 2.787641 1.257327
790000 0.796159 2.900917 1.219100
800000 0.968148 2.712388 1.173909
810000 0.947135 2.724163 1.272306
820000 1.090408 2.925545 1.217400
830000 1.637816 2.906488 1.220780
840000 2.196552 2.752539 1.238973
850000 2.755584 2.672540 1.309690
860000 3.641261 2.819579 1.224011
870000 3.014167 2.724181 1.266355
880000 2.608448 2.787498 1.156612
890000 2.934996 2.891657 1.243808
900000 4.077592 2.898033 1.213652
910000 4.315442 2.837637 1.154654
920000 4.254447 2.831985 1.167966
930000 4.557483 2.762596 1.287182
940000 4.829045 2.861751 1.165551
950000 4.826607 2.735011 1.178164
960000 4.278598 2.891397 1.151936
970000 4.050445 2.919135 1.423753
980000 2.988300 2.888004 1.200872
990000 3.358300 2.785978 1.109748
1000000 4.064234 2.878468 1.140038
1010000 4.366029 2.677988 1.096817
1020000 3.342630 2.816578 1.304528
1030000 2.354143 2.858230 1.329501
1040000 2.291734 2.880842 1.127899
1050000 2.355264 2.878683 1.314419
1060000 2.949275 2.878156 1.154744
1070000 3.070603 2.768198 1.280901
1080000 2.901241 2.795530 1.201129
1090000 2.281451 2.636936 1.243548
1100000 3.468833 2.720615 1.252633
1110000 4.321984 2.860320 1.174004
1120000 3.369641 2.788566 1.337258
1130000 4.831130 2.809637 1.137810
1140000 4.715816 2.835699 1.354237
1150000 4.210134 2.875776 1.288676
1160000 3.475585 2.956310 1.220947
1170000 3.528897 2.841031 1.180473
1180000 3.102743 2.749374 1.234281
1190000 2.527275 2.767862 1.259602
1200000 2.073664 2.743701 1.251715
1210000 1.967735 2.741018 1.206243
1220000 2.092197 2.748324 1.127192
1230000 2.416585 2.746819 1.228853
1240000 2.903656 2.781232 1.310005
1250000 3.711958 2.876852 1.284342
1260000 4.567746 2.789423 1.106736
1270000 4.948703 2.838576 1.293313
1280000 3.487061 2.851804 1.191648
1290000 3.020944 2.758867 1.279354
1300000 4.142109 2.787143 1.321642
1310000 3.802675 2.735405 1.179620
1320000 3.383344 2.713157 1.203574
1330000 3.850256 2.748590 1.190541
1340000 2.518104 2.829575 1.178987
1350000 1.983492 2.747022 1.125453
1360000 2.228913 2.876843 1.113841
1370000 2.634671 2.664370 1.196225
1380000 2.097053 2.784294 1.113557
1390000 1.889449 2.739679 1.299165
1400000 1.947096 2.861435 1.221832
1410000 1.995059 2.671371 1.284696
1420000 3.113520 2.666151 1.170282
1430000 3.423718 2.762666 1.221378
1440000 4.735838 2.630045 1.233390
1450000 4.781490 2.867135 1.112422
1460000 4.774572 2.868427 1.146391
1470000 4.461118 2.729509 1.269074
1480000 3.542810 2.855384 1.331875
1490000 3.767293 2.773922 1.269283
1500000 3.614525 2.788259 1.181613
1510000 4.427135 2.926896 1.222853
1520000 5.009547 2.848041 1.254421
1530000 4.416105 2.788705 1.202710
1540000 3.759891 2.810091 1.304627
1550000 3.293117 2.849171 1.275986
1560000 2.800002 2.870322 1.267756
1570000 2.013232 2.726316 1.283897
1580000 2.190989 2.677237 1.232870
1590000 1.597074 2.741750 1.417115
1600000 1.263375 2.766007 1.365962
1610000 1.306183 2.755355 1.208745
1620000 1.010078 2.779733 1.206274
1630000 1.300346 2.697496 1.267846
1640000 1.187918 2.624459 1.225522
1650000 1.404141 2.772354 1.091633
1660000 1.966254 2.710046 1.167448
1670000 1.531836 2.814822 1.267933
1680000 1.642983 2.835447 1.199094
1690000 1.382299 2.791729 1.273373
1700000 0.994092 2.684439 1.222277
1710000 1.135982 2.779180 1.227093
1720000 1.319392 2.782313 1.326618
1730000 1.644169 2.814103 1.181154
1740000 1.287274 2.774649 1.189137
1750000 1.033610 2.889452 1.263379
1760000 0.548773 2.855423 1.232285
1770000 0.726622 2.820789 1.208999
1780000 0.548025 2.825764 1.408034
1790000 0.746611 2.877139 1.198291
1800000 0.521249 2.942175 1.141029
1810000 0.827211 2.818352 1.220713
1820000 0.888620 2.776227 1.192731
1830000 0.483430 2.707701 1.169001
1840000 0.711151 2.838702 1.279532
1850000 0.722820 2.910280 1.345192
1860000 0.926865 2.738680 1.223523
1870000 0.806907 2.730233 1.145591
1880000 0.690634 2.823895 1.244943
1890000 0.795735 2.760772 1.136345
1900000 0.722515 2.815872 1.266449
1910000 1.181961 2.760221 1.361006
1920000 1.932174 2.870363 1.300382
1930000 2.677513 2.811985 1.110940
1940000 2.718299 2.593151 1.262140
1950000 3.221792 2.721648 1.203409
1960000 3.835304 2.806612 1.276957
1970000 4.149195 2.761949 1.236262
1980000 4.084936 2.757614 1.120208
1990000 3.729543 2.801671 1.379402
2000000 3.044728 2.893682 1.281993
2010000 3.494622 2.823339 1.153977
2020000 2.564933 2.729380 1.169071
2030000 2.849499 2.727302 1.252027
2040000 2.799378 2.790761 0.948689
2050000 3.041158 2.643634 1.147399
2060000 2.320164 2.636316 1.438951
2070000 2.933873 2.776274 1.209365
2080000 3.099507 2.979399 1.287134
2090000 4.582523 2.716443 1.124751
2100000 4.710707 2.713565 1.129486
2110000 4.741384 2.776117 1.265361
2120000 4.034962 2.800036 1.149768
2130000 3.462375 2.742462 1.249814
2140000 4.634912 2.736174 1.256028
2150000 4.464793 2.742821 1.269173
2160000 4.778410 2.835029 1.250476
2170000 4.886168 2.745944 1.202359
2180000 4.947931 2.760464 1.210754
2190000 3.333698 2.682538 1.179708
2200000 2.943884 2.784853 1.262125
2210000 3.316145 2.763682 1.167028
2220000 3.780734 2.791984 1.296297
2230000 3.390324 2.767556 1.232273
2240000 4.064718 2.763866 1.223275
2250000 3.339988 2.770173 1.108740
2260000 2.835595 2.806772 1.112925
2270000 2.226483 2.819586 1.221739
2280000 2.017205 2.702398 1.296066
2290000 2.097629 2.862658 1.157666
2300000 1.866052 2.749079 1.223023
2310000 1.686014 2.785711 1.212208
2320000 1.472970 2.772961 1.268601
2330000 1.356842 2.695501 1.201340
2340000 1.643445 2.931989 1.107721
2350000 1.877391 2.776869 1.399670
2360000 1.805976 2.785572 1.173451
2370000 1.280227 2.821299 1.255599
2380000 1.225449 2.969314 1.190514
2390000 1.630891 2.813150 1.218958
2400000 1.507159 2.748201 1.299404
2410000 1.647755 2.757832 1.367564
2420000 1.110520 2.805202 1.217083
2430000 2.291157 2.736311 1.136318
2440000 2.461645 2.906890 1.252108
2450000 2.197191 2.793800 1.172423
2460000 2.299415 2.708153 1.119725
2470000 2.756448 2.727603 1.204837
2480000 2.789115 2.804565 1.251275
2490000 2.556807 2.751146 1.173269
2500000 3.347178 2.823995 1.194330
2510000 2.886347 2.788304 1.233000
2520000 3.194692 2.754934 1.191925
2530000 3.332781 2.758479 1.121747
2540000 4.269896 2.823956 1.329551
2550000 4.240543 2.793423 1.281717
2560000 4.648675 2.735200 1.161111
2570000 3.937532 2.710111 1.147591
2580000 4.248441 2.875302 1.221589
2590000 3.797593 2.912686 1.234740
2600000 3.411727 2.789769 1.317602
2610000 3.745987 2.864876 1.337019
2620000 4.576403 2.817002 1.234872
2630000 3.365730 2.782039 1.255630
2640000 4.330789 2.677590 1.322994
2650000 3.915954 2.756629 1.101166
2660000 3.839386 2.797140 1.280477
2670000 3.137250 2.873262 1.290358
2680000 2.833651 2.815046 1.153188
2690000 2.511662 2.706290 1.249053
2700000 2.216069 2.908852 1.350933
2710000 2.450839 2.854124 1.258409
2720000 1.979427 2.853149 1.208533
2730000 2.358166 2.849470 1.239156
2740000 3.313860 2.789378 1.276786
2750000 2.565815 2.868567 1.331463
2760000 2.298265 2.799406 1.203679
2770000 2.662439 2.790763 1.137853
2780000 2.969528 2.810003 1.258015
2790000 3.172162 2.880909 1.312235
2800000 3.335610 2.747794 1.252661
2810000 3.236006 2.652035 1.252584
2820000 3.071597 2.820010 1.137561
2830000 3.386996 2.896566 1.256714
2840000 3.869753 2.783146 1.211436
2850000 4.458482 2.903680 1.203469
2860000 4.892592 2.851699 1.144164
2870000 4.761134 2.789268 1.317465
2880000 4.633352 2.869193 1.256747
2890000 4.866116 2.775150 1.136662
2900000 4.811625 2.629224 1.155728
2910000 3.995407 2.727289 1.119516
2920000 4.037787 2.714084 1.301757
2930000 3.630082 2.736913 1.244374
2940000 4.491040 2.897988 1.099174
2950000 4.790517 2.757390 1.316055
2960000 4.496320 2.810430 1.249465
2970000 4.979428 2.724777 1.296160
2980000 4.824163 2.727583 1.181012
2990000 4.929217 2.857717 1.233577
3000000 3.761131 2.902126 1.236132
3010000 5.009948 2.771958 1.261245
3020000 3.961221 2.776896 1.251556
3030000 3.798528 2.826636 1.337989
3040000 2.972662 2.816067 1.163799
3050000 2.799128 2.785816 1.221209
3060000 3.037138 2.665782 1.274570
3070000 3.352823 2.712205 1.249901
3080000 2.664184 2.889121 1.344342
3090000 1.951137 2.873159 1.271549
3100000 1.921335 2.885891 1.368669
3110000 1.848559 2.824498 1.314841
3120000 1.621814 2.854599 1.331222
3130000 1.339853 2.755887 1.224341
3140000 1.419627 2.796634 1.204006
3150000 1.250294 2.896815 1.293432
3160000 1.477415 2.771353 1.303330
3170000 1.742323 2.735496 1.246573
3180000 1.861612 2.704302 1.060834
3190000 2.452031 2.760790 1.258399
3200000 2.468333 2.781000 1.275940
3210000 2.537371 2.736361 1.225728
3220000 1.764051 2.819894 1.244871
3230000 1.898750 2.638239 1.143612
3240000 1.195267 2.707204 1.128907
3250000 1.168165 2.844070 1.257249
3260000 1.043711 2.806957 1.293790
3270000 1.117811 2.749541 1.047028
3280000 1.295406 2.791502 1.257546
3290000 1.291130 2.832953 1.149730
3300000 1.273471 2.764924 1.196919
3310000 1.515235 2.750899 1.172866
3320000 1.552044 2.648473 1.282713
3330000 0.917505 2.810113 1.221621
3340000 1.010499 2.882957 1.273007
3350000 0.879173 2.851191 1.215330
3360000 1.058481 2.681409 1.155542
3370000 1.082893 2.775349 1.105427
3380000 1.158031 2.999851 1.207186
3390000 0.974916 2.793280 1.148844
3400000 0.821786 2.830559 1.275815
3410000 1.318334 2.608515 1.213813
3420000 1.648408 2.684030 1.242858
3430000 2.076779 2.667745 1.230010
3440000 2.667429 2.833078 1.305123
3450000 2.518743 2.734347 1.277983
3460000 2.618186 2.626543 1.126661
3470000 2.847856 2.685152 1.201279
3480000 2.640509 2.787692 1.197940
3490000 2.452875 2.719071 1.232780
3500000 1.959923 2.597414 1.345819
3510000 2.019963 2.873737 1.202602
3520000 2.457127 2.905204 1.260451
3530000 3.360181 2.934012 1.334025
3540000 3.390918 2.616735 1.325683
3550000 3.467271 2.788452 1.046507
3560000 3.873538 2.821419 1.113745
3570000 3.224011 2.860925 1.284345
3580000 4.012713 2.799441 1.166233
3590000 3.016845 2.716253 1.138049
3600000 2.930235 2.923719 1.229048
3610000 4.126316 2.762240 1.288038
3620000 4.524016 2.716598 1.123880
3630000 4.920322 2.824107 1.135500
3640000 4.447275 2.780452 1.317506
