100000 4.742405 -0.913269 2.895594
110000 3.411985 -0.996428 2.990216
120000 2.607100 -0.832118 2.655296
130000 3.332770 -0.854199 2.794168
140000 4.362449 -0.895783 2.819346
150000 3.492564 -0.973954 2.795417
160000 2.191810 -0.903078 2.665309
170000 2.718484 -0.974931 2.813658
180000 2.626508 -0.907692 2.819137
190000 4.128063 -0.901797 2.802936
200000 4.471937 -0.843216 2.791384
210000 4.628916 -0.930317 2.770438
220000 4.607382 -1.015691 2.760244
230000 4.080351 -0.816327 2.745000
240000 3.306912 -0.997365 2.729323
250000 2.249136 -0.854726 2.761663
260000 3.535810 -0.743801 2.738351
270000 2.508536 -0.928358 3.025866
280000 4.288027 -1.040926 2.767531
290000 4.937474 -0.794125 2.729045
300000 3.747937 -0.861323 2.695079
310000 2.829388 -0.677285 2.755071
320000 1.940581 -0.998908 2.804580
330000 1.182267 -0.902134 2.782227
340000 1.598467 -0.955738 2.772271
350000 1.761258 -0.839498 2.798929
360000 1.872150 -0.982940 2.895430
370000 2.593180 -0.896999 2.825245
380000 2.372042 -0.687047 2.700990
390000 1.639787 -0.906224 2.858416
400000 2.185253 -0.794716 2.806960
410000 2.662528 -0.885240 2.787947
420000 4.096665 -0.966858 2.888168
430000 4.296353 -0.726742 2.831781
440000 4.948947 -0.930719 2.805855
450000 4.474401 -0.917112 2.836085
460000 4.209769 -0.919830 2.828498
470000 4.932038 -0.838765 2.789666
480000 3.391464 -0.925545 2.835015
490000 3.097933 -1.043350 2.685916
500000 2.540055 -0.779762 2.872310
510000 3.806010 -0.869539 2.749408
520000 4.268223 -0.820060 2.853325
530000 4.584518 -0.891906 2.661690
540000 4.095681 -0.837425 2.792025
550000 2.898642 -0.968072 2.675756
560000 2.735431 -0.918584 2.723862
570000 1.385016 -0.910470 2.905469
580000 1.066379 -0.876731 2.633269
590000 0.777269 -0.791957 2.887739
600000 1.144470 -0.887816 2.755286
610000 1.275491 -0.765684 2.812015
620000 0.916046 -0.859555 2.755548
630000 0.687877 -0.937410 2.859072
640000 1.091993 -0.907391 2.745246
650000 1.485855 -0.850426 2.888798
660000 1.995396 -0.778540 2.725023
670000 1.334909 -0.880511 2.738630
680000 1.595787 -1.048316 2.742600
690000 2.089707 -0.884762 2.674796
700000 1.952803 -0.873907 2.793937
710000 2.418047 -0.913146 2.646824
720000 1.254474 -0.943161 2.779519
730000 1.285400 -0.876226 2.828967
740000 0.584770 -0.875949 2.840279
750000 0.592830 -0.848833 2.777099
760000 0.855524 -0.901164 2.787954
770000 1.019726 -0.784642 2.708140
780000 0.914306 -0.900016 2.670435
790000 1.153399 -0.783097 2.814032
800000 1.330091 -0.687733 2.830714
810000 1.452017 -0.885448 2.741585
820000 1.194379 -0.838121 2.820954
830000 1.359537 -0.831038 2.777827
840000 2.208622 -0.847874 2.727505
850000 3.058609 -0.840586 2.687865
860000 2.692767 -0.825125 2.620564
870000 3.423712 -0.822069 2.831739
880000 3.485089 -0.903634 2.885658
890000 3.787717 -0.919789 2.865555
900000 4.699073 -0.842344 2.814095
910000 4.672779 -0.845295 2.685703
920000 4.918245 -0.958108 2.862575
930000 4.129993 -0.804812 2.762829
940000 3.407745 -0.784439 2.796317
950000 4.752714 -0.919293 2.789481
960000 4.469682 -0.727164 2.878662
970000 3.221701 -0.776731 2.700798
980000 4.511295 -0.794309 2.839366
990000 4.824640 -0.801524 2.732430
1000000 4.366196 -0.907051 2.824855
1010000 3.368553 -0.977491 2.840185
1020000 2.805693 -0.766352 2.626054
1030000 2.487814 -0.769999 2.866049
1040000 2.285757 -0.900322 2.802418
1050000 2.642161 -0.877285 2.860998
1060000 3.686621 -0.961507 2.825270
1070000 4.993564 -0.857029 2.822624
1080000 4.025305 -0.843615 2.873971
1090000 4.658070 -0.841099 2.695868
1100000 4.997449 -0.921441 2.720051
1110000 3.486525 -1.038858 2.673444
1120000 3.095839 -0.914746 2.758656
1130000 2.712656 -0.911304 2.795114
1140000 2.098190 -0.844244 2.843692
1150000 1.721760 -0.908139 2.901089
1160000 2.914220 -0.847939 2.682611
1170000 2.786434 -0.857595 2.781476
1180000 3.032866 -0.845492 2.697093
1190000 1.937904 -0.933298 2.831247
1200000 1.967096 -0.972335 2.831076
1210000 1.885645 -0.897829 2.795593
1220000 1.403867 -0.875051 2.741424
1230000 1.631274 -1.008972 2.936112
1240000 1.212732 -0.798649 2.834644
1250000 1.600247 -0.999577 2.802017
1260000 1.560110 -0.842762 2.687727
1270000 1.690381 -0.951992 2.772309
1280000 2.432392 -0.768267 2.801996
1290000 3.645833 -0.726522 2.700902
1300000 4.026871 -0.872305 2.744465
1310000 4.807387 -0.776495 2.753951
1320000 4.437566 -0.754764 2.805391
1330000 4.347895 -0.918958 2.751625
1340000 4.943376 -0.859577 2.675576
1350000 4.904505 -0.774971 2.889586
1360000 4.549106 -0.918690 2.779386
1370000 4.134230 -0.839173 2.936064
1380000 3.410905 -0.903125 2.850238
1390000 2.951097 -0.938016 2.808633
1400000 4.568743 -0.851706 2.742743
1410000 4.789410 -0.984009 2.812030
1420000 4.918310 -0.820001 2.701484
1430000 3.512479 -0.816720 2.675528
1440000 3.372523 -0.843619 2.805256
1450000 4.247564 -0.889952 2.719126
1460000 4.848494 -1.000479 2.795865
1470000 4.700672 -0.898363 2.729801
1480000 3.948555 -0.896425 2.835663
1490000 2.981754 -0.907273 2.879391
1500000 3.097111 -0.872709 2.727594
1510000 3.297582 -0.832608 2.855063
1520000 2.278944 -0.949402 2.852802
1530000 3.009760 -0.949722 2.697598
1540000 3.664071 -0.910611 2.734492
1550000 3.817225 -0.878170 2.834460
1560000 4.561938 -0.868994 2.719465
1570000 4.682827 -0.748790 2.603800
1580000 4.897786 -0.870561 2.696155
1590000 4.698300 -0.878165 2.731135
1600000 3.710073 -0.796284 2.917922
1610000 2.410010 -0.898838 2.723935
1620000 1.733103 -0.823255 2.854491
1630000 2.193003 -0.949466 2.761029
1640000 2.353655 -0.906875 2.764303
1650000 3.071173 -0.959093 2.647836
1660000 3.759486 -0.768370 2.868851
1670000 4.406381 -0.699820 2.781635
1680000 4.999483 -0.822364 2.823396
1690000 4.950399 -0.793394 2.695089
1700000 4.818718 -0.900630 2.755949
1710000 4.400898 -0.917665 2.822600
1720000 3.987828 -0.908894 2.757828
1730000 3.886499 -0.797110 2.802054
1740000 3.415985 -0.939849 2.828994
1750000 2.433561 -0.899197 2.753388
1760000 2.561600 -1.000711 2.726561
1770000 2.900627 -0.875636 2.796885
1780000 3.087346 -0.957924 2.846006
1790000 3.617012 -0.953080 2.846338
1800000 4.943372 -0.786117 2.795964
1810000 3.909793 -0.883335 2.793268
1820000 4.387736 -1.086969 2.770891
1830000 5.013081 -0.771439 2.805018
1840000 3.708540 -0.914534 2.777383
1850000 4.524436 -0.817088 2.913329
1860000 4.846925 -0.981091 2.820639
1870000 3.367773 -0.977484 2.724316
1880000 4.060010 -0.701896 2.719610
1890000 3.819917 -0.860821 2.770965
1900000 2.511931 -0.936911 2.861563
1910000 2.336481 -0.904563 2.973183
1920000 2.695302 -0.791474 2.857731
1930000 2.141732 -0.963328 2.742336
1940000 1.638311 -0.925311 2.920162
1950000 1.764569 -0.760722 2.703295
1960000 1.741603 -0.873239 2.805878
1970000 1.918020 -0.782768 2.790153
1980000 0.860383 -0.828283 2.835782
1990000 0.847383 -0.799572 2.889850
2000000 0.687284 -0.932630 2.814298
2010000 0.942114 -0.860684 2.808258
2020000 0.646414 -0.894821 2.800025
2030000 0.676839 -0.838403 2.730575
2040000 0.637407 -0.987172 2.834702
2050000 0.722821 -0.800055 2.878629
2060000 0.815091 -0.910462 2.748217
2070000 1.208246 -1.059741 2.767436
2080000 1.311308 -0.830902 2.718632
2090000 1.323372 -0.934179 2.730067
2100000 1.210196 -0.804422 2.896712
2110000 1.354963 -0.833166 2.860718
2120000 1.495797 -0.825863 2.859687
2130000 1.380510 -0.837421 2.824743
2140000 1.732048 -0.719475 2.853739
2150000 1.895971 -0.903900 2.701023
2160000 1.953334 -0.722023 2.814706
2170000 2.224919 -0.914722 2.801579
2180000 2.559976 -0.871796 2.766119
2190000 2.609966 -0.865210 2.826497
2200000 3.663852 -0.891541 2.701561
2210000 3.592401 -0.915771 2.837319
2220000 3.843929 -0.953887 2.785250
2230000 4.224444 -0.830616 2.662525
2240000 4.659010 -0.912705 2.882109
2250000 3.964070 -0.841813 2.809856
2260000 4.050605 -0.880354 2.856161
2270000 4.946043 -0.915659 2.847311
2280000 5.058628 -0.811449 2.863277
2290000 4.117256 -0.872522 2.834216
2300000 4.109873 -0.795295 2.907029
2310000 2.738697 -0.933379 2.911733
2320000 2.776271 -0.888502 2.805908
2330000 2.379298 -0.930451 2.906673
2340000 2.476829 -0.879760 2.778060
2350000 3.020674 -0.895787 2.774445
2360000 3.369696 -0.890522 2.797158
2370000 4.795216 -0.941437 2.851122
2380000 4.887328 -1.028417 2.807366
2390000 4.375111 -0.905930 2.877207
2400000 4.679403 -0.819664 2.793536
2410000 4.489430 -1.007643 2.788181
2420000 4.330026 -0.785167 2.803355
2430000 3.801651 -0.901836 2.699130
2440000 2.803489 -0.827966 2.753342
2450000 2.414726 -0.866500 2.764230
2460000 2.269207 -0.887198 2.824215
2470000 1.910092 -0.726881 2.690074
2480000 2.663480 -0.880704 2.748762
2490000 2.854135 -0.819444 2.779936
2500000 3.120379 -0.732705 2.837132
2510000 2.631294 -0.812733 2.793079
2520000 2.461568 -0.850539 2.730754
2530000 2.100388 -0.988311 2.758353
2540000 1.860608 -0.969026 2.842398
2550000 1.586759 -0.941632 2.814306
2560000 1.953148 -0.910154 2.665944
2570000 2.507820 -0.742167 2.789163
2580000 2.306658 -0.690637 2.696010
2590000 3.437041 -0.935683 2.879204
2600000 3.126698 -0.956804 2.698903
2610000 3.686155 -0.875553 2.718174
2620000 3.554890 -0.873431 2.734593
2630000 4.128782 -0.816417 2.857140
2640000 4.168266 -0.691708 2.976311
2650000 3.458449 -0.930313 2.731610
2660000 2.683820 -0.903671 2.638120
2670000 3.590827 -0.873694 2.728555
2680000 4.729787 -1.074031 2.866694
2690000 4.920903 -0.805438 2.816746
2700000 4.984310 -0.762527 2.764678
2710000 4.132726 -0.853150 2.760246
2720000 4.780806 -0.861654 2.749634
2730000 4.682413 -0.902960 2.716624
2740000 4.083515 -0.904202 2.812139
2750000 3.606397 -0.743569 2.811383
2760000 3.883280 -0.793274 2.786767
2770000 3.769186 -0.873070 2.884883
2780000 3.497628 -0.984113 2.917154
2790000 2.179289 -0.767290 2.783449
2800000 2.191624 -0.784741 2.950221
2810000 1.587599 -1.037670 2.838495
2820000 0.979461 -0.976819 2.738992
2830000 0.820339 -1.030832 2.885296
2840000 0.655360 -0.880119 2.831449
2850000 0.729770 -0.899516 2.782890
2860000 1.000278 -1.004645 2.933833
2870000 0.773662 -0.994404 2.807661
2880000 1.030581 -0.819582 2.678760
2890000 0.805066 -0.915241 2.958388
2900000 0.678438 -0.903449 2.843285
2910000 0.502097 -0.933474 2.726397
2920000 0.502189 -0.881358 2.827672
2930000 0.568759 -0.871661 2.759549
2940000 0.811294 -0.854731 2.859813
2950000 1.120285 -0.777266 2.827802
2960000 1.063047 -1.014444 2.818657
2970000 1.247957 -1.006685 2.844853
2980000 1.243164 -0.945202 2.789740
2990000 1.409828 -0.905448 2.771857
3000000 1.094968 -0.836672 2.645069
3010000 1.552734 -0.924212 2.802842
3020000 1.614544 -0.936505 2.811185
3030000 1.531246 -0.694997 2.748794
3040000 1.644731 -0.868551 2.904624
3050000 1.361799 -0.923338 2.793510
3060000 1.358786 -0.894580 2.739115
3070000 1.072606 -0.863604 2.712206
3080000 1.333186 -0.842511 2.750944
3090000 1.599408 -0.832556 2.756760
3100000 1.704519 -0.848628 2.754112
3110000 1.968209 -0.910376 2.767759
3120000 1.969939 -0.868808 2.867617
3130000 1.278850 -0.992875 2.821306
3140000 1.242901 -0.843994 2.913058
3150000 0.963987 -0.862841 2.768650
3160000 0.861530 -0.881350 2.683235
3170000 0.804613 -1.017182 2.805251
3180000 1.026818 -0.888961 2.748031
3190000 1.133960 -0.898944 2.738988
3200000 1.011118 -0.864579 2.727126
3210000 0.570785 -0.930642 2.690415
3220000 0.573157 -1.042778 2.798527
3230000 0.596588 -0.771102 2.877945
3240000 0.652471 -0.886064 2.758704
3250000 0.860900 -0.974883 2.843064
3260000 1.022718 -0.842963 2.858012
3270000 0.930345 -0.752936 2.772799
3280000 1.171740 -0.856558 2.946754
3290000 1.146212 -0.880833 2.828387
3300000 1.240777 -0.881878 2.696154
3310000 1.292907 -0.949992 2.738980
3320000 0.951821 -0.825649 2.916758
3330000 0.781629 -0.873501 2.889235
3340000 0.913816 -0.699534 2.809310
3350000 1.258184 -0.873158 2.748328
3360000 1.026913 -0.914366 2.762785
3370000 0.667057 -0.934868 2.741448
3380000 1.113409 -0.764032 2.845390
3390000 1.528127 -0.838682 2.807422
3400000 1.801843 -1.072334 2.806824
3410000 2.184072 -0.855518 2.816260
3420000 2.662324 -0.868719 2.745909
3430000 3.225778 -0.794528 2.815386
3440000 4.207231 -0.981953 2.785680
3450000 4.301474 -0.812596 2.749036
3460000 4.961481 -0.803870 2.882522
3470000 4.544780 -0.957188 2.757899
3480000 5.058285 -0.771447 2.845967
3490000 4.217068 -0.865014 2.750293
3500000 4.028016 -0.895691 2.729707
3510000 3.503498 -0.881688 2.753669
3520000 3.403699 -0.916463 2.857474
3530000 3.095387 -0.913017 2.789725
3540000 2.719861 -0.843600 2.723284
3550000 2.955220 -0.957052 2.838926
3560000 2.484213 -0.988267 2.720922
3570000 2.381556 -0.950696 2.717476
3580000 2.078380 -0.825333 2.690670
3590000 2.874305 -0.877964 2.824770
3600000 2.357738 -0.947392 2.659664
3610000 2.645308 -0.908159 2.724910
3620000 2.131967 -1.038301 2.892415
3630000 2.027164 -0.987534 2.868183
3640000 2.302502 -0.813254 2.803052
3650000 3.040810 -0.874414 2.757942
3660000 3.070742 -0.895099 2.835143
3670000 3.563870 -0.788357 2.768967
3680000 3.874955 -0.902402 2.781316
3690000 2.987175 -0.858065 2.833281
3700000 2.668653 -0.974254 2.922285
3710000 3.733323 -0.896257 2.939674
3720000 2.798930 -0.718121 2.771127
3730000 2.244575 -0.861312 2.783986
3740000 2.246173 -0.859648 2.738131
3750000 2.350783 -0.702289 2.796750
3760000 3.070562 -0.884695 2.744054
3770000 2.823891 -0.957459 2.857635
3780000 4.390264 -0.830033 2.812896
3790000 4.066033 -0.886659 2.823628
3800000 3.731786 -1.018918 2.751334
3810000 4.204885 -0.812708 2.740289
3820000 4.243482 -0.838586 2.823964
3830000 3.999310 -0.826757 2.822497
3840000 4.152905 -0.843287 2.844693
3850000 4.490659 -0.744133 2.875804
3860000 3.869686 -0.847133 2.891004
3870000 3.124094 -0.890823 2.819284
3880000 3.977909 -0.928360 2.829322
3890000 4.507448 -0.964277 2.858513
3900000 4.756775 -0.841344 2.644875
3910000 3.926355 -0.802859 2.824038
3920000 3.723378 -0.849876 2.861825
3930000 4.760163 -0.886892 2.882525
3940000 4.631472 -0.808561 2.635189
3950000 4.849313 -0.992714 2.765200
3960000 4.899622 -0.740155 2.735437
3970000 4.705430 -0.894830 2.918085
3980000 4.820807 -0.850228 2.787928
3990000 4.277453 -1.042448 2.852364
4000000 3.387168 -0.763477 2.748154
