100000 0.980015 -0.868600 2.412249
110000 0.972939 -0.908856 2.357990
120000 1.280850 -0.969401 2.173958
130000 2.086623 -0.829241 2.288758
140000 2.769917 -0.873077 2.226467
150000 3.757533 -0.961258 2.370552
160000 4.980829 -0.943327 2.323530
170000 5.053489 -0.887516 2.315969
180000 4.908194 -0.927951 2.288213
190000 4.424698 -0.886270 2.369278
200000 3.534019 -0.926004 2.200543
210000 4.219181 -0.897187 2.213726
220000 3.491036 -0.859415 2.229367
230000 2.673722 -0.947976 2.391348
240000 2.046551 -0.859993 2.272812
250000 1.495339 -0.983511 2.302958
260000 1.692971 -0.883794 2.299261
270000 1.723928 -0.859246 2.322853
280000 2.049315 -0.822180 2.279137
290000 2.331043 -0.788196 2.243179
300000 2.810957 -0.829908 2.194980
310000 4.203107 -0.807379 2.245240
320000 4.236468 -0.921909 2.338260
330000 3.133563 -0.840720 2.282018
340000 4.504229 -0.870065 2.240642
350000 3.911720 -0.918729 2.324342
360000 4.112372 -0.803559 2.337254
370000 4.859922 -0.893991 2.271428
380000 4.944975 -0.860924 2.291381
390000 4.016097 -0.975058 2.188260
400000 2.997054 -0.924018 2.223605
410000 3.056654 -0.811622 2.368011
420000 2.888755 -0.925989 2.296567
430000 1.934722 -0.892747 2.287556
440000 2.575334 -0.751628 2.325163
450000 3.777035 -0.789716 2.406202
460000 3.757391 -0.900202 2.255130
470000 3.326252 -0.762430 2.335415
480000 4.099602 -0.933337 2.320119
490000 3.746595 -0.798991 2.234522
500000 5.011528 -0.868017 2.398704
510000 4.983999 -0.920143 2.125138
520000 3.713610 -0.869744 2.351821
530000 2.639266 -0.852741 2.227557
540000 2.822071 -0.897040 2.281110
550000 2.153214 -0.942338 2.177268
560000 1.560606 -0.849871 2.337415
570000 0.839924 -0.723639 2.271371
580000 0.982609 -0.911494 2.300141
590000 0.835724 -0.905760 2.290155
600000 1.289671 -0.780201 2.199885
610000 1.340691 -0.937050 2.189369
620000 0.918880 -0.942177 2.368050
630000 0.566348 -0.863831 2.454296
640000 1.640558 -0.783517 2.164228
650000 1.609390 -0.860423 2.144177
660000 1.626316 -0.957759 2.271198
670000 1.180008 -0.918389 2.194658
680000 1.122547 -1.021122 2.177461
690000 0.973442 -0.822211 2.246875
700000 1.069966 -0.828980 2.186014
710000 1.311965 -0.863405 2.303678
720000 1.127154 -0.756487 2.266265
730000 1.459628 -0.804470 2.294254
740000 1.923164 -0.747331 2.368367
750000 2.480735 -0.992372 2.368568
760000 3.048248 -0.741245 2.265637
770000 3.723214 -0.819284 2.345251
780000 2.900182 -0.912792 2.198587
790000 2.497681 -0.817761 2.312562
800000 2.160764 -0.949387 2.345825
810000 2.676052 -0.815674 2.292596
820000 2.744768 -0.906659 2.177853
830000 3.825644 -0.893355 2.277083
840000 4.375125 -0.985319 2.259238
850000 4.868770 -0.944344 2.221429
860000 4.216725 -0.884323 2.323199
870000 3.379727 -0.895590 2.298758
880000 4.110855 -0.848368 2.274116
890000 4.848406 -0.977514 2.255796
900000 4.253429 -0.993004 2.175653
910000 2.469800 -1.012390 2.244438
920000 3.291898 -0.936526 2.413379
930000 3.608552 -0.850226 2.153902
940000 4.353550 -0.885187 2.282736
950000 5.055016 -0.781021 2.325651
960000 4.933047 -0.951928 2.189071
970000 4.965173 -0.871001 2.365210
980000 5.047715 -0.847758 2.396178
990000 4.633330 -0.856829 2.323983
1000000 4.294180 -0.905028 2.330074
1010000 3.707779 -0.875410 2.430544
1020000 3.255385 -0.955628 2.258848
1030000 4.836230 -0.926952 2.203389
1040000 4.291229 -0.994203 2.235522
1050000 3.332480 -0.952538 2.200299
1060000 2.240539 -0.782265 2.366647
1070000 1.783683 -1.054293 2.174021
1080000 2.429274 -0.834743 2.199960
1090000 1.657212 -0.961273 2.264003
1100000 1.955152 -0.860139 2.190784
1110000 2.465945 -0.757988 2.186628
1120000 3.098961 -0.839094 2.278076
1130000 3.173196 -0.932474 2.367771
1140000 3.778923 -0.807211 2.296573
1150000 3.695080 -0.814058 2.314595
1160000 3.114237 -0.920066 2.182828
1170000 3.485595 -0.979374 2.255467
1180000 2.295432 -0.745068 2.307845
1190000 2.772363 -0.735606 2.102893
1200000 1.811246 -0.797199 2.452334
1210000 1.578481 -0.803441 2.297420
1220000 1.451933 -0.692933 2.336013
1230000 1.927340 -0.852832 2.265728
1240000 2.246255 -1.019075 2.246909
1250000 2.264234 -0.818345 2.255974
1260000 2.332493 -0.860179 2.385989
1270000 2.411409 -0.916465 2.340528
1280000 3.331590 -0.867892 2.132687
1290000 3.999415 -0.992808 2.191539
1300000 4.273783 -0.823321 2.154798
1310000 4.811868 -0.851650 2.170597
1320000 4.077729 -0.745304 2.273972
1330000 4.025451 -0.698193 2.292699
1340000 4.939709 -0.992368 2.248702
1350000 4.737537 -0.902290 2.195141
1360000 3.815563 -0.852704 2.298464
1370000 3.235624 -0.900201 2.306834
1380000 3.980093 -0.984481 2.269334
1390000 3.876214 -0.759351 2.146756
1400000 3.063086 -0.868599 2.271926
1410000 3.192771 -0.879366 2.256873
1420000 3.744802 -0.881756 2.157135
1430000 4.902783 -0.918971 2.160888
1440000 4.850119 -0.863373 2.262942
1450000 5.041017 -0.949364 2.209110
1460000 4.290556 -0.963992 2.229413
1470000 4.300475 -0.900615 2.245098
1480000 4.795032 -0.926997 2.227965
1490000 4.206623 -0.856756 2.065627
1500000 3.586664 -0.898884 2.226407
1510000 3.050987 -0.882775 2.412173
1520000 2.655713 -0.894725 2.143857
1530000 2.394464 -0.755085 2.281745
1540000 2.740015 -0.860624 2.357364
1550000 2.392467 -0.901273 2.279782
1560000 2.073185 -0.795223 2.083298
1570000 1.623075 -0.826582 2.326475
1580000 1.940001 -0.982555 2.289776
1590000 2.981461 -0.926806 2.374436
1600000 3.263597 -0.793710 2.286822
1610000 3.347049 -0.872010 2.195626
1620000 3.435321 -0.910172 2.277777
1630000 2.921130 -0.831977 2.219035
1640000 2.403912 -0.862422 2.202381
1650000 2.355929 -0.892021 2.279085
1660000 1.644289 -0.840073 2.091437
1670000 1.923852 -0.928045 2.271414
1680000 2.841459 -0.937376 2.364117
1690000 2.174749 -0.825909 2.194844
1700000 2.052157 -0.732490 2.381622
1710000 1.732111 -0.807854 2.257292
1720000 0.543193 -0.910515 2.298674
1730000 0.640245 -0.876207 2.418586
1740000 0.498326 -0.890725 2.334963
1750000 1.158402 -0.809451 2.182017
1760000 1.055384 -0.805375 2.180891
1770000 1.333472 -0.822670 2.272072
1780000 1.037083 -0.873021 2.340151
1790000 1.116883 -0.885300 2.239100
1800000 0.909678 -0.895721 2.327119
1810000 0.976705 -0.755548 2.316003
1820000 1.360466 -0.838682 2.218443
1830000 1.254362 -0.832392 1.999243
1840000 1.565708 -0.818442 2.217674
1850000 1.525902 -0.889648 2.265230
1860000 1.659174 -0.708864 2.276579
1870000 1.701440 -0.834950 2.256322
1880000 1.669284 -1.046679 2.366712
1890000 1.968412 -0.806492 2.263627
1900000 2.053733 -0.961025 2.327882
1910000 2.268198 -0.942679 2.309969
1920000 2.809613 -0.973693 2.227698
1930000 2.552019 -0.911383 2.262017
1940000 3.715924 -0.856404 2.313865
1950000 4.013007 -0.795144 2.140215
1960000 4.649548 -0.931872 2.244715
1970000 3.902211 -0.887478 2.301660
1980000 3.482979 -0.973569 2.300319
1990000 3.692346 -1.003853 2.279206
2000000 3.537157 -0.981597 2.255708
2010000 4.818427 -0.792665 2.217337
2020000 4.952748 -0.920237 2.204873
2030000 4.156017 -0.789355 2.174365
2040000 4.336633 -0.907572 2.315691
2050000 4.881802 -0.828853 2.314210
2060000 3.980238 -0.761947 2.202739
2070000 3.520447 -0.875232 2.286576
2080000 3.127922 -0.909273 2.261528
2090000 3.456516 -0.834635 2.107531
2100000 4.242816 -0.927340 2.248395
2110000 4.936255 -0.863266 2.269465
2120000 3.842312 -0.864789 2.360260
2130000 3.152103 -0.858244 2.294374
2140000 2.886556 -0.834751 2.210914
2150000 2.634013 -0.952243 2.364876
2160000 3.127949 -0.735768 2.271431
2170000 3.565658 -0.908449 2.245201
2180000 4.770892 -0.876474 2.177148
2190000 4.802183 -0.966149 2.304186
2200000 4.450574 -0.834595 2.314302
2210000 4.056886 -0.766214 2.112498
2220000 4.237830 -0.881615 2.313449
2230000 4.771545 -0.835815 2.169247
2240000 3.868302 -0.970362 2.206720
2250000 2.984752 -0.887735 2.199800
2260000 2.165105 -0.964048 2.212691
2270000 2.125511 -1.022441 2.155153
2280000 1.997342 -0.931667 2.180541
2290000 2.199283 -0.957244 2.311846
2300000 2.530797 -0.725060 2.106272
2310000 2.579885 -0.881468 2.310002
2320000 2.811214 -0.823507 2.212912
2330000 2.632517 -0.944577 2.364236
2340000 4.447042 -1.080451 2.371374
2350000 3.387432 -0.856587 2.305203
2360000 3.509238 -0.816680 2.355247
2370000 4.611232 -0.853284 2.291120
2380000 3.654684 -0.840962 2.357269
2390000 3.233673 -0.940973 2.304440
2400000 4.565390 -0.850530 2.304533
2410000 4.711566 -0.820092 2.232872
2420000 4.854678 -0.918650 2.432372
2430000 3.781357 -0.837966 2.213262
2440000 3.495641 -0.979136 2.120016
2450000 3.557101 -0.899284 2.125899
2460000 3.556489 -0.751433 2.254672
2470000 2.354178 -0.725982 2.120762
2480000 1.562832 -1.071466 2.329582
2490000 1.568385 -0.918012 2.245193
2500000 0.740374 -1.070492 2.334203
2510000 0.814651 -0.943641 2.300211
2520000 0.909415 -0.955129 2.410648
2530000 0.690865 -0.791831 2.353483
2540000 0.980278 -0.934631 2.247692
2550000 0.500198 -1.007778 2.370844
2560000 0.617588 -0.938587 2.427426
2570000 0.581277 -0.850344 2.404758
2580000 0.604557 -0.942361 2.385529
2590000 0.577401 -0.989671 2.377352
2600000 0.977768 -0.838590 2.381162
2610000 1.132159 -0.901994 2.195476
2620000 1.537286 -0.905200 2.221847
2630000 1.225407 -0.861686 2.280009
2640000 1.001815 -0.949640 2.253237
2650000 1.079281 -0.778508 2.277251
2660000 1.249739 -0.803681 2.256649
2670000 0.909416 -0.920737 2.363665
2680000 1.340309 -0.699768 2.274391
2690000 1.494558 -0.828220 2.333119
2700000 1.861082 -0.837596 2.385985
2710000 1.988400 -0.808602 2.200681
2720000 1.810432 -0.934991 2.258369
2730000 1.742239 -0.965107 2.262222
2740000 1.626646 -1.005150 2.345215
2750000 1.424473 -0.831027 2.118278
2760000 1.146563 -0.888907 2.353204
2770000 0.963725 -0.896976 2.237957
2780000 0.854043 -0.884609 2.257961
2790000 0.854424 -0.855035 2.281431
2800000 0.865003 -0.896474 2.195062
2810000 0.719370 -0.874285 2.304498
2820000 0.625053 -0.908685 2.344219
2830000 0.747376 -0.844956 2.365327
2840000 1.046240 -0.942989 2.356802
2850000 1.331305 -0.799024 2.271005
2860000 1.513726 -0.883817 2.263711
2870000 1.978761 -0.744650 2.302363
2880000 2.424968 -0.771827 2.414080
2890000 2.582373 -0.860273 2.362348
2900000 2.795472 -0.873452 2.382825
2910000 3.325599 -0.856506 2.333134
2920000 3.196555 -0.852270 2.165467
2930000 4.255190 -0.979010 2.295727
2940000 5.003600 -0.836665 2.218222
2950000 5.091000 -0.850743 2.190299
2960000 4.391286 -0.919890 2.338688
2970000 3.732805 -1.050865 2.250183
2980000 4.936611 -0.812822 2.272385
2990000 4.962453 -0.845882 2.177319
3000000 4.623346 -0.956578 2.261684
3010000 4.655056 -0.996903 2.321260
3020000 4.837078 -1.017702 2.303315
3030000 5.033045 -0.875738 2.299252
3040000 4.923341 -0.893265 2.219813
3050000 4.181866 -0.853500 2.371262
3060000 4.290578 -0.981102 2.311705
3070000 3.282255 -0.883726 2.306649
3080000 2.691852 -0.836049 2.311670
3090000 2.719292 -0.677540 2.298368
3100000 2.641965 -0.867182 2.333351
3110000 2.504571 -0.860796 2.310204
3120000 3.142284 -0.887697 2.385759
3130000 3.138524 -1.117092 2.347164
3140000 2.953992 -0.818592 2.257963
3150000 2.246516 -0.769441 2.182012
3160000 1.877554 -0.850410 2.297041
3170000 1.921920 -0.940216 2.318038
3180000 2.260815 -0.785490 2.322085
3190000 2.028376 -0.883560 2.191785
3200000 2.406506 -0.836321 2.342985
3210000 2.729498 -0.946869 2.214008
3220000 3.055954 -0.957630 2.145865
3230000 3.162033 -0.899750 2.230635
3240000 4.217882 -0.879326 2.394199
3250000 4.837482 -0.965572 2.256904
3260000 4.220293 -0.723548 2.322765
3270000 3.674578 -0.782498 2.264945
3280000 4.421922 -1.000299 2.231029
3290000 3.458354 -0.884463 2.290053
3300000 3.711431 -1.025404 2.174183
3310000 4.396469 -0.912397 2.280726
3320000 4.728748 -0.878929 2.205162
3330000 4.240683 -0.951628 2.296839
3340000 3.640609 -0.806952 2.276135
3350000 3.437395 -0.794615 2.225125
3360000 2.810573 -0.936106 2.284736
3370000 2.291460 -0.824873 2.150063
3380000 1.694537 -0.997224 2.086011
3390000 1.615121 -0.708917 2.345215
3400000 2.020985 -0.988974 2.331589
3410000 2.118747 -0.836672 2.132144
3420000 2.268430 -0.885757 2.310421
3430000 2.287240 -0.974002 2.238016
3440000 1.857292 -0.948083 2.306851
3450000 1.270492 -0.820702 2.151383
3460000 1.030687 -0.951828 2.180623
3470000 1.269897 -0.835894 2.305012
3480000 1.199374 -0.891694 2.257430
3490000 1.050774 -1.006275 2.337978
3500000 1.309611 -0.850827 2.229367
3510000 1.233823 -0.842055 2.291864
3520000 1.357733 -0.887861 2.209406
3530000 1.499181 -0.780480 2.260431
3540000 1.090479 -0.916371 2.242333
3550000 1.560606 -0.918456 2.252124
3560000 1.643538 -0.936778 2.258408
3570000 1.619085 -0.860655 2.215941
3580000 1.786843 -0.847749 2.139699
3590000 1.849958 -1.004631 2.178600
3600000 1.508858 -0.980862 2.230402
3610000 2.326341 -1.049768 2.260115
3620000 2.715266 -0.878365 2.274915
3630000 2.966770 -0.861221 2.319559
3640000 2.680039 -0.928441 2.269951
3650000 2.742025 -0.846546 2.312489
3660000 3.798609 -0.836112 2.294603
3670000 4.639769 -0.808641 2.335218
3680000 4.714384 -0.942130 2.373632
3690000 5.025742 -0.940880 2.213361
3700000 4.889543 -0.841519 2.246212
3710000 5.039452 -0.988731 2.275154
3720000 4.992004 -0.816550 2.248335
3730000 3.751713 -0.915593 2.262847
3740000 3.360565 -0.822331 2.243370
3750000 4.133656 -0.860441 2.241721
3760000 3.673478 -0.933908 2.260107
3770000 4.368637 -0.925126 2.221723
3780000 4.259830 -0.904073 2.231240
3790000 4.092064 -0.777183 2.412488
3800000 4.950341 -0.887082 2.176657
3810000 4.732586 -0.893573 2.202869
3820000 3.806414 -0.985675 2.194605
3830000 3.387574 -0.805155 2.251833
3840000 2.937544 -0.905417 2.396356
3850000 2.832403 -0.821129 2.250375
3860000 3.509367 -0.918289 2.239079
3870000 4.312342 -0.864657 2.236398
3880000 3.629780 -0.801516 2.309283
3890000 2.340151 -0.873610 2.303699
3900000 2.335333 -0.870100 2.333258
3910000 2.818230 -0.917813 2.280662
3920000 2.317941 -0.887382 2.369459
3930000 2.337561 -0.815106 2.236561
3940000 3.833438 -0.912087 2.234341
3950000 3.908209 -0.970576 2.256532
3960000 2.905861 -0.947647 2.301483
3970000 2.728673 -0.804871 2.318793
3980000 2.424974 -0.946148 2.371593
3990000 4.070164 -0.727716 2.284013
4000000 4.525010 -0.818027 2.194630
