100000 0.686992 -0.939641 1.558495
110000 0.952749 -0.819942 1.547645
120000 1.234056 -1.003551 1.622488
130000 1.268925 -0.875030 1.548647
140000 2.231298 -0.848083 1.467545
150000 3.017539 -0.907764 1.526269
160000 2.514293 -0.865711 1.555799
170000 1.858476 -0.816594 1.669620
180000 2.169681 -0.877879 1.560273
190000 1.648509 -0.815137 1.505227
200000 1.011599 -0.775627 1.598585
210000 0.938096 -0.816646 1.457784
220000 0.819328 -0.819850 1.648046
230000 0.926731 -0.760067 1.497619
240000 1.102502 -0.877695 1.574148
250000 1.072806 -0.700774 1.726456
260000 1.164162 -0.884471 1.538332
270000 1.094150 -0.842207 1.507185
280000 1.396726 -0.742950 1.634808
290000 1.443541 -0.950309 1.663976
300000 1.720321 -0.856087 1.570824
310000 2.373332 -0.789115 1.462308
320000 2.708052 -0.737512 1.577151
330000 4.237070 -1.023737 1.605976
340000 3.998920 -0.708768 1.648667
350000 3.755504 -0.885510 1.667675
360000 4.007961 -0.973541 1.529370
370000 4.509032 -0.888302 1.621616
380000 4.030220 -0.882340 1.562815
390000 3.084475 -0.974817 1.662872
400000 3.555042 -0.883077 1.515753
410000 2.687974 -0.876835 1.688942
420000 2.724962 -0.788538 1.490871
430000 2.165134 -0.816386 1.475462
440000 3.039427 -1.037577 1.494021
450000 3.308041 -0.863316 1.589165
460000 4.064269 -0.860754 1.602705
470000 3.556133 -0.758522 1.445941
480000 3.363240 -0.893248 1.617245
490000 4.629793 -0.980800 1.471243
500000 4.554963 -0.837124 1.676576
510000 4.423265 -0.943805 1.351950
520000 4.352189 -0.834197 1.627372
530000 4.951773 -0.842862 1.608342
540000 4.359080 -0.898435 1.570770
550000 4.661488 -0.989389 1.592593
560000 4.925611 -0.859141 1.501185
570000 4.775633 -0.932849 1.577081
580000 3.414770 -0.867662 1.585283
590000 3.186888 -0.836952 1.642014
600000 3.334098 -0.938664 1.550004
610000 3.051542 -0.894282 1.611761
620000 2.553602 -0.933922 1.529632
630000 2.773280 -0.824993 1.526688
640000 2.936040 -0.890800 1.658525
650000 2.197369 -0.877645 1.543466
660000 1.857574 -0.939274 1.501608
670000 2.109204 -0.924163 1.601731
680000 2.356358 -0.860042 1.613197
690000 1.804478 -1.004450 1.503114
700000 1.372303 -0.743647 1.593806
710000 1.244899 -0.928786 1.527024
720000 1.759701 -0.841026 1.607196
730000 1.591889 -0.925189 1.601385
740000 1.777682 -0.692228 1.508039
750000 1.414126 -0.952540 1.609334
760000 1.304563 -0.849342 1.549447
770000 1.180188 -0.931888 1.633758
780000 1.044960 -0.934206 1.611570
790000 0.537863 -0.921910 1.467804
800000 0.708836 -0.886146 1.600148
810000 0.834291 -0.906528 1.563228
820000 0.822625 -0.969831 1.666062
830000 0.811847 -0.900437 1.446550
840000 1.015350 -0.852693 1.611336
850000 1.093273 -0.880646 1.474276
860000 1.345020 -0.713564 1.448749
870000 1.238329 -1.028313 1.557606
880000 0.804663 -0.934397 1.553294
890000 1.016608 -0.856604 1.579200
900000 1.680044 -0.859708 1.548870
910000 1.040642 -0.897227 1.596084
920000 0.858384 -0.834349 1.558936
930000 0.966197 -0.927096 1.426180
940000 0.722913 -0.799721 1.597219
950000 0.787751 -0.899491 1.620393
960000 1.360769 -0.817142 1.558993
970000 1.728997 -0.852526 1.519621
980000 2.296357 -0.954710 1.635482
990000 3.091470 -0.979611 1.574939
1000000 2.727907 -0.802974 1.528808
1010000 2.581305 -0.942567 1.576682
1020000 4.245398 -0.848319 1.496542
1030000 3.758549 -0.996593 1.689481
1040000 4.065705 -0.890931 1.580870
1050000 4.092921 -1.005603 1.627057
1060000 4.438105 -1.051176 1.501810
1070000 4.957823 -0.764603 1.604778
1080000 3.898001 -0.883563 1.548264
1090000 4.511744 -0.931992 1.476287
1100000 3.443475 -0.922646 1.488947
1110000 3.129851 -0.918845 1.607305
1120000 2.660404 -0.907193 1.680842
1130000 2.434982 -0.935838 1.490501
1140000 2.932943 -0.846477 1.572459
1150000 2.574940 -0.798091 1.617183
1160000 2.028190 -0.752844 1.469476
1170000 1.909065 -0.795356 1.513979
1180000 2.282875 -0.912053 1.608008
1190000 2.868014 -0.922952 1.614373
1200000 3.785554 -0.798444 1.603976
1210000 4.618084 -0.727567 1.583396
1220000 4.144897 -0.840799 1.555549
1230000 5.052112 -0.766287 1.539823
1240000 4.563059 -0.852273 1.512230
1250000 4.778248 -0.888160 1.522787
1260000 4.711792 -0.965786 1.613867
1270000 4.149827 -0.954971 1.645017
1280000 3.519524 -1.028104 1.561384
1290000 3.141273 -0.800064 1.599781
1300000 3.701017 -0.942377 1.405005
1310000 2.485928 -0.944033 1.711156
1320000 2.959544 -0.927785 1.520355
1330000 3.618512 -0.853580 1.629125
1340000 3.552635 -0.862967 1.566912
1350000 4.805558 -0.917401 1.560137
1360000 4.621811 -0.877476 1.424061
1370000 4.120310 -0.987634 1.623735
1380000 4.104230 -0.965350 1.501238
1390000 3.580348 -0.825837 1.512350
1400000 3.634456 -0.952330 1.431152
1410000 3.262781 -0.917487 1.512040
1420000 2.932448 -0.917389 1.505359
1430000 2.734494 -0.883385 1.639570
1440000 2.052518 -0.920180 1.559354
1450000 1.914149 -0.658978 1.639489
1460000 2.142224 -0.866250 1.770243
1470000 1.622091 -0.909252 1.605174
1480000 1.782254 -0.739464 1.529557
1490000 2.043769 -0.889919 1.563584
1500000 2.552062 -0.805590 1.602375
1510000 2.858067 -0.828159 1.551010
1520000 3.166988 -0.795481 1.578037
1530000 4.370054 -0.773740 1.612942
1540000 3.826274 -0.856117 1.472525
1550000 3.928540 -1.026483 1.605755
1560000 4.979010 -0.872560 1.467007
1570000 4.823831 -0.903841 1.668420
1580000 4.410558 -0.899104 1.543986
1590000 4.285606 -0.765273 1.560284
1600000 4.170892 -0.907421 1.491888
1610000 3.274937 -0.812558 1.571507
1620000 3.846258 -0.919634 1.693723
1630000 3.156102 -0.887840 1.575186
1640000 3.162714 -0.894736 1.528981
1650000 2.789354 -0.899579 1.544220
1660000 2.337788 -0.881639 1.524246
1670000 2.622009 -0.837888 1.537125
1680000 2.554300 -0.751900 1.561099
1690000 3.189044 -0.854009 1.588283
1700000 4.714752 -0.919410 1.627795
1710000 4.375629 -0.837044 1.675203
1720000 4.120345 -0.691356 1.591215
1730000 5.040997 -0.960720 1.541733
1740000 4.580767 -1.015127 1.568486
1750000 3.968765 -0.803039 1.471215
1760000 3.215380 -0.969556 1.503787
1770000 2.908162 -0.820116 1.545986
1780000 2.026848 -0.943821 1.500137
1790000 2.385022 -0.799676 1.509228
1800000 2.844582 -0.927368 1.571669
1810000 2.932308 -0.963487 1.678591
1820000 2.652094 -0.947875 1.500214
1830000 4.000258 -0.948575 1.625306
1840000 3.837736 -0.846593 1.544263
1850000 4.615583 -0.984711 1.617068
1860000 4.641142 -0.783029 1.619168
1870000 4.627285 -0.944064 1.726819
1880000 4.985115 -0.962591 1.607504
1890000 4.717768 -0.969392 1.568094
1900000 4.341945 -0.862157 1.452334
1910000 2.774513 -0.936221 1.576499
1920000 1.955303 -0.859095 1.657714
1930000 1.594530 -0.932316 1.411802
1940000 2.231448 -0.799523 1.609750
1950000 1.972778 -0.893650 1.521643
1960000 1.487940 -0.853739 1.420072
1970000 1.439560 -0.948616 1.525666
1980000 1.622907 -0.868462 1.677014
1990000 1.329759 -0.833354 1.570009
2000000 1.127717 -0.743269 1.509280
2010000 0.889978 -1.000650 1.684466
2020000 0.936876 -1.059545 1.632146
2030000 0.816288 -0.804587 1.563761
2040000 0.502130 -0.902983 1.706480
2050000 0.584783 -0.866119 1.616554
2060000 0.592813 -0.939274 1.689199
2070000 0.633397 -1.008486 1.611561
2080000 0.648500 -0.849124 1.560603
2090000 0.725871 -0.801085 1.637781
2100000 0.648544 -0.837396 1.789214
2110000 0.629724 -1.005947 1.503201
2120000 0.967489 -0.943131 1.472849
2130000 1.244939 -0.741451 1.525406
2140000 1.583513 -0.940801 1.522616
2150000 1.320755 -0.898349 1.588000
2160000 1.317055 -0.765157 1.579457
2170000 1.726993 -0.827342 1.515309
2180000 1.802233 -0.858635 1.681623
2190000 2.196359 -0.913119 1.635200
2200000 2.674226 -0.778460 1.643455
2210000 3.445496 -0.848123 1.603190
2220000 3.123379 -0.948252 1.593658
2230000 3.741706 -0.881941 1.489261
2240000 3.750243 -0.962899 1.573992
2250000 4.223963 -0.858440 1.565420
2260000 4.591426 -0.758647 1.525985
2270000 4.466531 -0.890799 1.548054
2280000 4.605632 -0.936289 1.536319
2290000 4.368039 -0.844649 1.625829
2300000 4.033422 -1.016599 1.675958
2310000 3.776169 -0.914020 1.551052
2320000 3.007487 -0.911001 1.554181
2330000 2.447314 -0.870297 1.593668
2340000 2.772756 -0.824234 1.618925
2350000 2.648087 -0.875671 1.451395
2360000 2.195429 -0.892445 1.533842
2370000 2.345797 -0.877769 1.562339
2380000 2.287118 -0.883511 1.622675
2390000 1.883559 -0.958151 1.607288
2400000 1.749396 -0.899075 1.482083
2410000 1.601923 -0.775431 1.392363
2420000 2.257912 -0.871068 1.611299
2430000 2.594420 -0.948483 1.579532
2440000 3.796524 -0.810130 1.539271
2450000 3.230313 -0.879036 1.638137
2460000 3.645600 -0.925148 1.550435
2470000 4.150739 -0.922705 1.616863
2480000 2.777371 -0.960731 1.620225
2490000 2.686487 -0.857284 1.672266
2500000 3.242191 -0.883113 1.580173
2510000 3.576009 -0.982280 1.619417
2520000 4.423307 -0.904403 1.494119
2530000 4.235070 -0.845348 1.700981
2540000 3.907151 -0.821260 1.521777
2550000 4.402631 -0.826693 1.640027
2560000 3.619936 -0.861455 1.573426
2570000 3.654320 -0.768551 1.613211
2580000 3.821530 -0.832210 1.505457
2590000 3.785009 -0.938783 1.415532
2600000 4.546387 -0.946096 1.441008
2610000 4.374652 -0.842900 1.562315
2620000 4.867335 -0.762379 1.666432
2630000 4.834141 -0.970261 1.586813
2640000 4.880816 -0.827943 1.533786
2650000 4.784781 -0.815814 1.618231
2660000 4.191627 -0.807967 1.547684
2670000 4.165373 -0.821535 1.617774
2680000 3.570467 -0.826406 1.578761
2690000 4.089749 -0.959491 1.485148
2700000 2.958268 -0.885700 1.489478
2710000 3.013034 -0.823444 1.579223
2720000 2.106483 -0.716178 1.495606
2730000 2.207983 -0.830925 1.588496
2740000 1.946504 -0.983145 1.557205
2750000 1.794852 -0.852264 1.574275
2760000 1.551235 -0.901989 1.572716
2770000 1.606484 -0.819754 1.464438
2780000 1.593952 -0.936720 1.647083
2790000 1.147033 -0.942077 1.522761
2800000 1.048596 -0.829415 1.595087
2810000 1.059901 -0.893521 1.542942
2820000 1.494161 -0.906334 1.625224
2830000 1.364920 -1.065547 1.649751
2840000 1.572585 -0.852314 1.507405
2850000 1.531772 -0.776197 1.616852
2860000 2.030919 -0.810050 1.426582
2870000 1.890193 -0.885298 1.465412
2880000 2.001174 -1.060218 1.521414
2890000 2.383489 -0.839046 1.449585
2900000 2.928225 -0.849172 1.537289
2910000 2.815991 -0.841848 1.687917
2920000 2.810104 -0.889701 1.544525
2930000 2.820253 -0.939993 1.581506
2940000 3.828837 -0.826393 1.401042
2950000 3.429384 -0.776601 1.508151
2960000 4.340862 -0.801784 1.561918
2970000 4.559789 -0.893408 1.550030
2980000 3.711654 -1.002226 1.574824
2990000 2.951681 -0.808919 1.558668
3000000 2.671362 -0.735933 1.654014
3010000 2.641978 -0.930212 1.487397
3020000 3.429585 -0.900608 1.603411
3030000 3.557350 -0.939801 1.462240
3040000 2.886114 -0.833460 1.536269
3050000 3.632328 -0.968817 1.544107
3060000 4.296625 -0.887922 1.508953
3070000 3.294588 -0.745717 1.624611
3080000 4.688296 -0.818800 1.577703
3090000 3.706781 -0.903080 1.490223
3100000 4.390010 -0.889796 1.594715
3110000 4.894125 -0.826699 1.684608
3120000 4.128429 -0.842084 1.555908
3130000 4.827490 -0.775662 1.524977
3140000 3.369221 -0.862859 1.509541
3150000 3.271487 -0.807581 1.588516
3160000 3.944017 -0.792873 1.472715
3170000 4.161350 -0.927223 1.727418
3180000 3.857821 -0.854009 1.594296
3190000 3.997333 -0.898797 1.654502
3200000 2.432210 -0.984074 1.671493
3210000 2.380791 -0.808978 1.543798
3220000 1.934851 -0.847488 1.602851
3230000 2.793439 -0.788972 1.484409
3240000 2.555167 -0.835571 1.622885
3250000 3.581887 -0.886937 1.612731
3260000 2.992201 -0.857771 1.591829
3270000 4.009029 -0.892198 1.579979
3280000 3.475488 -0.883497 1.578630
3290000 4.344392 -0.848811 1.702230
3300000 4.770435 -0.908987 1.554129
3310000 4.836680 -0.870136 1.582616
3320000 4.861349 -0.954209 1.498892
3330000 4.999415 -1.007363 1.527286
3340000 5.010430 -0.914484 1.598769
3350000 4.993758 -0.810761 1.554417
3360000 4.597362 -0.829775 1.676726
3370000 4.310131 -0.797934 1.713077
3380000 4.767910 -0.866404 1.544075
3390000 4.080742 -0.794408 1.700272
3400000 3.560026 -0.848725 1.661483
3410000 4.085985 -0.762552 1.568777
3420000 3.259287 -0.817935 1.640571
3430000 2.736333 -0.922168 1.514466
3440000 2.965273 -0.832089 1.563661
3450000 2.178963 -0.861566 1.600876
3460000 2.562532 -0.810733 1.454021
3470000 3.374487 -1.009668 1.495487
3480000 2.382088 -0.740878 1.671830
3490000 2.085264 -0.770846 1.505346
3500000 1.980624 -0.859697 1.600470
3510000 2.449220 -0.739189 1.512438
3520000 2.508044 -0.844859 1.420015
3530000 2.091679 -0.810736 1.462181
3540000 1.938823 -0.876854 1.582635
3550000 2.244592 -0.880862 1.590862
3560000 2.827660 -0.895939 1.534193
3570000 2.117533 -0.883006 1.653103
3580000 1.802869 -0.868073 1.519443
3590000 2.012825 -0.918093 1.614048
3600000 1.470491 -0.817479 1.651672
3610000 1.285494 -0.826706 1.563329
3620000 1.256716 -0.803885 1.529493
3630000 1.235933 -0.935727 1.641836
3640000 1.287376 -0.847179 1.595836
3650000 1.130610 -0.819195 1.559099
3660000 1.175810 -0.787318 1.652451
3670000 1.067072 -0.964149 1.562597
3680000 0.995601 -0.850059 1.604684
3690000 1.097694 -0.935320 1.536867
3700000 0.780767 -0.815461 1.714465
3710000 1.341486 -0.925713 1.605151
3720000 1.549237 -0.885498 1.506308
3730000 1.279115 -0.903728 1.648348
3740000 1.234253 -0.935041 1.628881
3750000 1.410970 -0.893632 1.667748
3760000 1.543146 -0.930526 1.491198
3770000 1.748593 -0.844467 1.578273
3780000 1.606703 -0.931658 1.554567
3790000 1.487426 -0.895934 1.426733
3800000 1.426512 -0.919271 1.581830
3810000 1.886169 -0.884776 1.564366
3820000 1.937532 -0.836139 1.691916
3830000 1.820704 -0.923001 1.743786
3840000 1.722435 -0.966887 1.609847
3850000 1.745553 -0.822225 1.616062
3860000 2.016531 -0.974303 1.519872
3870000 1.974436 -0.853044 1.575549
3880000 2.237003 -0.838721 1.646642
3890000 2.588270 -0.925209 1.632499
3900000 3.003965 -0.884793 1.546935
3910000 2.940831 -0.871203 1.573506
3920000 3.062077 -0.883301 1.423511
3930000 3.601641 -0.891299 1.579833
3940000 4.245109 -0.834009 1.553125
3950000 3.015682 -0.902334 1.645020
3960000 3.113153 -0.836593 1.396812
3970000 3.861545 -0.928314 1.546416
3980000 3.297940 -0.848809 1.506312
3990000 4.544501 -0.990792 1.581968
4000000 4.576477 -0.900586 1.577810
