100000 4.760822 -0.890152 1.411540
110000 3.433377 -0.861411 1.506803
120000 3.972343 -0.880940 1.338544
130000 3.297885 -0.923706 1.453574
140000 2.950551 -0.877524 1.369698
150000 3.170336 -0.848309 1.399399
160000 3.543859 -0.762060 1.408995
170000 2.685082 -0.883547 1.525508
180000 2.654701 -0.979326 1.372098
190000 3.188058 -0.950762 1.437678
200000 2.874762 -0.938782 1.411038
210000 4.386549 -1.051601 1.390589
220000 4.106791 -0.800029 1.343444
230000 4.011514 -0.829795 1.225220
240000 4.416280 -0.875438 1.371813
250000 4.261733 -0.799559 1.358803
260000 4.659265 -0.775579 1.274261
270000 3.543174 -0.807109 1.413096
280000 3.364191 -0.951943 1.429837
290000 2.359100 -0.944598 1.386340
300000 2.125299 -0.898047 1.435104
310000 1.985141 -0.920560 1.488243
320000 1.641945 -0.958636 1.396639
330000 1.602911 -0.903731 1.286536
340000 1.378640 -0.911038 1.425277
350000 1.142411 -0.882152 1.450910
360000 1.264529 -0.813563 1.319302
370000 1.095277 -0.939405 1.389497
380000 0.562875 -0.973228 1.494781
390000 0.723524 -0.988810 1.367870
400000 0.951919 -0.940286 1.464963
410000 0.767343 -0.770864 1.438749
420000 0.742775 -0.848190 1.399553
430000 1.393131 -0.975221 1.511730
440000 1.525808 -0.886354 1.295132
450000 1.490027 -0.955770 1.382429
460000 2.163965 -0.929158 1.480760
470000 2.098136 -0.947203 1.339814
480000 2.362189 -1.025342 1.344173
490000 2.578638 -0.870827 1.382216
500000 2.518201 -0.913286 1.362790
510000 3.036805 -0.921613 1.383281
520000 3.313038 -0.903727 1.292838
530000 3.140422 -0.853879 1.387253
540000 3.865084 -0.860253 1.344726
550000 4.468698 -1.023566 1.452055
560000 3.632968 -0.803589 1.543059
570000 4.918792 -0.903555 1.451813
580000 4.712444 -0.916097 1.305256
590000 4.511544 -0.797574 1.523899
600000 4.889214 -0.882106 1.277155
610000 5.020580 -0.857297 1.497886
620000 4.495086 -0.966159 1.444848
630000 3.700427 -0.772155 1.309720
640000 2.451122 -0.914795 1.304374
650000 1.884974 -1.004104 1.569956
660000 1.976749 -0.874166 1.392695
670000 2.099461 -0.819980 1.320357
680000 2.050432 -0.964862 1.357520
690000 2.361595 -0.879071 1.390489
700000 3.395385 -0.955879 1.297503
710000 4.688989 -0.859869 1.196714
720000 4.930700 -0.795898 1.347307
730000 5.128678 -0.950679 1.335686
740000 4.606646 -0.903698 1.294724
750000 4.090621 -0.760631 1.376286
760000 4.022876 -0.854075 1.282920
770000 3.064690 -0.838344 1.323245
780000 3.331447 -0.844944 1.400905
790000 3.887347 -0.861453 1.477860
800000 3.696811 -0.915378 1.337363
810000 4.556434 -0.871673 1.368225
820000 4.890725 -0.866795 1.327268
830000 4.968902 -0.915801 1.435376
840000 4.779856 -0.840686 1.401086
850000 4.380655 -1.001052 1.489357
860000 4.428371 -0.855123 1.486090
870000 3.262084 -0.779354 1.391535
880000 2.787714 -0.857288 1.438750
890000 3.197070 -0.933098 1.450425
900000 2.742047 -0.947730 1.376573
910000 2.327937 -0.943449 1.361724
920000 1.684540 -0.810995 1.340072
930000 1.422723 -0.926199 1.389483
940000 1.574195 -0.945156 1.311456
950000 1.404963 -0.884496 1.407190
960000 1.225431 -0.843890 1.388622
970000 1.337996 -0.827671 1.393381
980000 1.315401 -0.906353 1.282095
990000 1.675727 -0.886952 1.402536
1000000 1.889920 -0.905121 1.325350
1010000 2.040499 -0.967700 1.329475
1020000 2.567284 -0.910221 1.458997
1030000 2.791982 -0.930182 1.481433
1040000 2.510785 -0.807736 1.326867
1050000 3.700565 -0.947156 1.288531
1060000 3.631685 -0.931637 1.375649
1070000 4.585825 -0.967644 1.458186
1080000 4.245213 -0.877069 1.526611
1090000 4.160290 -0.977105 1.462627
1100000 3.657487 -0.754317 1.398698
1110000 3.536817 -0.933042 1.351399
1120000 4.409875 -0.794669 1.448848
1130000 4.866604 -0.898067 1.314059
1140000 4.752802 -0.820905 1.389824
1150000 4.230735 -0.804801 1.403238
1160000 3.233103 -0.905754 1.469535
1170000 3.882618 -0.954373 1.368592
1180000 5.128516 -0.892178 1.386914
1190000 4.920839 -0.918921 1.493635
1200000 5.016705 -1.004711 1.397648
1210000 2.905831 -0.819515 1.450154
1220000 3.326017 -1.067457 1.433087
1230000 2.993951 -0.840139 1.408436
1240000 2.577591 -0.744143 1.379606
1250000 1.998829 -0.785906 1.386967
1260000 1.896074 -0.879169 1.429349
1270000 2.237560 -0.972522 1.430496
1280000 2.277920 -0.870180 1.380513
1290000 2.711434 -0.898916 1.311410
1300000 2.429101 -0.836729 1.389867
1310000 3.182395 -0.869913 1.373241
1320000 3.013271 -0.899452 1.360676
1330000 3.027803 -0.726609 1.382435
1340000 2.595470 -0.826308 1.385208
1350000 2.428190 -0.935519 1.573468
1360000 2.594380 -0.893036 1.459170
1370000 1.716450 -0.919409 1.384219
1380000 1.854966 -0.849413 1.302203
1390000 1.719048 -0.807329 1.383916
1400000 1.596349 -0.864947 1.433812
1410000 1.162613 -1.047005 1.383976
1420000 0.985722 -0.796343 1.268910
1430000 1.056712 -0.926331 1.427954
1440000 0.909060 -0.881267 1.376904
1450000 1.284040 -0.889177 1.438357
1460000 1.277431 -0.977557 1.395985
1470000 1.213611 -0.952751 1.436690
1480000 1.002085 -0.934322 1.469531
1490000 1.270404 -0.735425 1.514519
1500000 1.200170 -0.791219 1.307256
1510000 1.257797 -0.973432 1.433711
1520000 1.398749 -0.884688 1.452868
1530000 1.248131 -0.812342 1.445886
1540000 1.515821 -0.875226 1.394255
1550000 1.555078 -0.788196 1.382354
1560000 1.341539 -0.907417 1.392844
1570000 1.511621 -0.830484 1.321572
1580000 1.499355 -0.909943 1.429645
1590000 1.279162 -1.026535 1.397993
1600000 1.055379 -0.957021 1.592367
1610000 1.051319 -0.798129 1.505710
1620000 0.762718 -0.931102 1.463544
1630000 1.238987 -0.876420 1.381803
1640000 1.299942 -0.824887 1.436833
1650000 1.223146 -0.886020 1.466461
1660000 1.180817 -0.750693 1.525143
1670000 0.973898 -0.772650 1.523853
1680000 0.725753 -0.924506 1.438999
1690000 0.694302 -0.879460 1.461661
1700000 0.770086 -0.813036 1.442226
1710000 0.611885 -1.093945 1.394409
1720000 0.795737 -0.944131 1.466386
1730000 0.745435 -0.924862 1.495172
1740000 0.795211 -0.823295 1.439537
1750000 0.498105 -0.777578 1.347046
1760000 0.499981 -1.015463 1.612967
1770000 0.573367 -0.948196 1.457578
1780000 0.493175 -0.902579 1.632457
1790000 0.499746 -0.979023 1.521086
1800000 0.581680 -0.932425 1.474208
1810000 0.496545 -0.914913 1.515888
1820000 0.855638 -0.891505 1.459438
1830000 0.898984 -0.927031 1.248972
1840000 1.099448 -0.849465 1.471868
1850000 1.114354 -0.870066 1.341571
1860000 1.186303 -0.854723 1.373061
1870000 1.685234 -0.908086 1.241113
1880000 1.713640 -0.818119 1.333418
1890000 1.944960 -0.812685 1.350756
1900000 2.264435 -0.866259 1.401706
1910000 2.328347 -0.855386 1.493864
1920000 3.523584 -0.678688 1.387950
1930000 4.150232 -0.805703 1.435218
1940000 3.965940 -0.974307 1.309969
1950000 3.403958 -0.957088 1.364888
1960000 4.363389 -0.940386 1.386977
1970000 4.269447 -0.794371 1.353773
1980000 4.041884 -1.004248 1.302522
1990000 3.736188 -0.964144 1.425927
2000000 3.697979 -0.905622 1.535513
2010000 3.264180 -0.869522 1.268012
2020000 3.183326 -0.953668 1.395682
2030000 2.753880 -0.760668 1.499085
2040000 2.792226 -0.817217 1.401247
2050000 3.389055 -0.762725 1.344389
2060000 3.610969 -0.878915 1.387197
2070000 4.348362 -0.901214 1.365634
2080000 3.967410 -0.896117 1.379659
2090000 4.424709 -0.859396 1.364803
2100000 4.313980 -0.879750 1.317243
2110000 4.331239 -0.836294 1.411104
2120000 4.947450 -0.909853 1.462971
2130000 4.299613 -0.916095 1.439358
2140000 5.036918 -0.965765 1.444072
2150000 3.937939 -0.864376 1.276835
2160000 3.115226 -0.975071 1.366570
2170000 2.704081 -0.881672 1.382703
2180000 2.874985 -0.801327 1.340687
2190000 2.147739 -0.882232 1.420530
2200000 2.189848 -0.917894 1.430308
2210000 1.985669 -0.899826 1.389646
2220000 2.247051 -0.940566 1.402970
2230000 1.956356 -0.962067 1.346397
2240000 2.080069 -0.857209 1.362250
2250000 1.807224 -0.866903 1.315037
2260000 1.858271 -0.838973 1.379994
2270000 2.423401 -0.924535 1.587382
2280000 2.936117 -0.896716 1.354571
2290000 3.937470 -0.904601 1.484285
2300000 4.178984 -0.862606 1.556108
2310000 4.734026 -0.905964 1.365807
2320000 4.578411 -0.852855 1.412687
2330000 4.010894 -0.865276 1.361541
2340000 3.162204 -0.891086 1.373427
2350000 2.739333 -0.831812 1.415524
2360000 3.230091 -1.052194 1.315453
2370000 3.309040 -0.872915 1.338142
2380000 3.775693 -0.914927 1.361283
2390000 4.583928 -0.739381 1.461351
2400000 4.995698 -0.832413 1.472807
2410000 4.642714 -0.845025 1.349931
2420000 4.001343 -0.831441 1.328379
2430000 4.723008 -0.875724 1.420943
2440000 4.688675 -0.863796 1.495981
2450000 5.061419 -0.932372 1.363284
2460000 3.865449 -0.928803 1.265314
2470000 2.869025 -0.835120 1.545488
2480000 2.167539 -0.896416 1.366687
2490000 3.277351 -0.871601 1.316738
2500000 3.572065 -0.798692 1.411535
2510000 3.657294 -0.907418 1.397853
2520000 2.519377 -0.861516 1.462800
2530000 2.006922 -0.768305 1.370630
2540000 2.036660 -0.866793 1.318970
2550000 2.188467 -0.817031 1.444527
2560000 2.375610 -1.002953 1.518786
2570000 2.737214 -0.855046 1.418603
2580000 2.931195 -0.785887 1.377508
2590000 3.034757 -0.828287 1.515151
2600000 3.449261 -0.787769 1.362602
2610000 2.784549 -0.804625 1.399495
2620000 1.997810 -0.847167 1.391718
2630000 2.778495 -0.885624 1.424790
2640000 3.695826 -0.814678 1.490745
2650000 3.879402 -1.057537 1.379579
2660000 4.173205 -0.881202 1.368388
2670000 4.682260 -0.775686 1.387650
2680000 4.608955 -0.786679 1.484043
2690000 3.452991 -0.912456 1.599968
2700000 3.285852 -0.843572 1.395984
2710000 3.061550 -0.943954 1.542414
2720000 2.744992 -0.833783 1.353829
2730000 3.352026 -0.759730 1.481433
2740000 4.060411 -0.944993 1.387514
2750000 4.639524 -1.004100 1.383426
2760000 4.383804 -0.891618 1.550230
2770000 4.692798 -0.990801 1.414740
2780000 4.601641 -0.790196 1.364082
2790000 4.017658 -0.832983 1.383433
2800000 3.858104 -0.849687 1.373633
2810000 4.782841 -0.898011 1.394035
2820000 4.415462 -0.823580 1.494102
2830000 4.075484 -0.993168 1.337531
2840000 3.487986 -0.884607 1.411463
2850000 3.467036 -0.854996 1.463128
2860000 3.358378 -0.789117 1.404194
2870000 4.224380 -0.912502 1.396634
2880000 4.669420 -0.871624 1.356248
2890000 4.257319 -0.883018 1.413835
2900000 4.196505 -0.780302 1.288805
2910000 4.419795 -0.884421 1.383407
2920000 4.139324 -0.796301 1.405680
2930000 4.053879 -0.932270 1.424743
2940000 4.748242 -0.995403 1.344809
