100000 4.510465 -0.830529 0.881340
110000 2.729109 -0.737838 0.931121
120000 3.864726 -0.844821 0.961394
130000 3.058848 -0.936780 0.828634
140000 3.123188 -0.860102 0.740950
150000 3.076597 -0.798431 0.781685
160000 1.874974 -0.774828 0.930656
170000 2.649955 -1.058463 0.857603
180000 1.633057 -0.841488 0.814809
190000 1.792822 -0.877933 0.942024
200000 1.224863 -0.797006 0.948170
210000 1.739384 -0.964345 0.901585
220000 0.886332 -0.789330 0.810041
230000 1.129018 -0.965669 0.867384
240000 1.940779 -0.737451 0.874245
250000 2.144160 -0.732069 0.956437
260000 3.871261 -0.762933 0.934592
270000 3.969707 -1.011912 0.832846
280000 3.444940 -0.796087 0.703698
290000 3.063882 -0.938481 0.940444
300000 4.672921 -0.958273 0.834874
310000 3.978367 -0.817546 0.903561
320000 4.265245 -0.858104 0.876510
330000 5.032454 -0.890642 0.910418
340000 4.717072 -0.954078 0.800386
350000 4.748010 -0.850032 0.963336
360000 3.967269 -0.843552 0.859142
370000 3.891344 -1.070969 0.872984
380000 3.412665 -0.733455 0.783546
390000 2.651849 -0.859869 0.928699
400000 2.615102 -0.878793 0.860002
410000 2.336540 -0.964913 0.694556
420000 3.236730 -0.851282 0.797991
430000 3.632231 -0.745202 0.855838
440000 3.918125 -0.944833 0.966186
450000 4.998072 -0.918361 1.050010
460000 4.035287 -0.867544 1.021994
470000 2.624033 -0.787790 0.958098
480000 2.108909 -0.856249 0.905464
490000 1.512640 -0.842836 0.854840
500000 0.844589 -0.880776 0.885191
510000 1.027832 -0.808546 0.768246
520000 0.736803 -0.738515 0.924273
530000 1.230981 -0.839883 0.907288
540000 1.444330 -0.844628 0.811247
550000 1.497937 -0.883642 0.823484
560000 1.748482 -0.811086 0.880449
570000 2.201769 -0.760041 0.938774
580000 1.591301 -0.872248 1.005695
590000 1.605767 -0.843172 0.895225
600000 1.718304 -0.771969 0.814160
610000 2.544239 -0.765023 0.927021
620000 3.210178 -0.938235 0.746967
630000 3.598130 -0.756015 0.912256
640000 3.520782 -0.893475 0.931506
650000 4.312076 -0.802401 0.811774
660000 4.386388 -0.889638 0.899682
670000 4.728608 -0.882090 0.950804
680000 3.774737 -0.778477 0.887112
690000 3.469189 -0.953178 0.832174
700000 2.804182 -0.900519 0.799120
710000 2.582742 -0.909981 0.942685
720000 2.120827 -0.907651 0.820210
730000 2.041861 -0.798225 0.770763
740000 2.653767 -0.750346 0.826684
750000 3.711806 -0.704201 0.855584
760000 4.654491 -0.817292 0.748327
770000 3.877786 -0.850514 0.891698
780000 3.199501 -0.936580 0.783809
790000 4.046519 -0.776144 0.866226
800000 4.381663 -0.775691 0.854276
810000 3.283927 -0.872517 0.806101
820000 2.573155 -0.921338 0.796786
830000 2.950329 -0.783345 0.824016
840000 3.280436 -0.983107 0.933341
850000 3.476150 -0.871172 0.794124
860000 4.587303 -0.929269 0.819900
870000 4.272448 -0.937156 0.905866
880000 4.845627 -0.781521 0.907729
890000 4.100748 -0.904969 0.893179
900000 4.601290 -0.883924 0.947289
910000 3.664124 -0.788206 0.876243
920000 3.547725 -0.931874 0.801084
930000 3.080768 -0.871523 0.744934
940000 2.625842 -0.904459 1.084527
950000 1.831103 -0.814923 0.743369
960000 1.161708 -0.828824 0.908115
970000 0.681794 -0.873269 1.005425
980000 0.737298 -0.991551 0.848005
990000 0.987294 -0.917729 0.980217
1000000 1.251561 -0.758586 0.824143
1010000 1.292133 -0.943731 0.842619
1020000 1.570678 -0.855733 0.940878
1030000 1.501592 -0.869369 0.709877
1040000 2.058175 -0.923421 0.735041
1050000 1.577446 -0.844907 0.859776
1060000 2.119269 -0.849007 0.797849
1070000 2.657028 -0.877722 0.757195
1080000 2.930212 -0.845574 0.865280
1090000 4.062500 -0.872755 0.902128
1100000 2.944205 -0.723415 0.856234
1110000 2.780194 -0.965456 0.849807
1120000 2.001336 -0.965755 0.859904
1130000 2.948274 -0.909310 0.831175
1140000 2.402975 -0.820480 0.855647
1150000 3.979843 -0.957989 0.855721
1160000 4.878951 -0.899587 0.882792
1170000 5.012081 -0.788789 0.897321
1180000 4.665169 -0.815452 0.764797
1190000 5.054007 -0.874303 0.887899
1200000 5.003623 -0.829433 0.930698
1210000 4.027409 -0.814277 0.826858
1220000 4.245903 -0.891058 0.926635
1230000 4.622964 -0.897240 0.786598
1240000 4.008562 -0.883550 0.944517
1250000 3.720862 -0.722096 0.905385
1260000 3.260694 -0.911310 0.874710
1270000 2.729697 -0.829087 0.825220
1280000 2.063152 -0.836954 0.809650
1290000 1.250504 -0.874129 0.954770
1300000 1.486172 -0.864630 0.842515
1310000 1.544384 -0.734609 0.969383
1320000 1.159632 -0.927614 0.826207
1330000 0.710578 -0.913061 0.980630
1340000 0.694670 -0.922883 0.790354
1350000 1.041205 -0.863564 0.872565
1360000 1.027155 -0.911434 0.816993
1370000 0.672835 -0.889888 0.906754
1380000 0.915085 -1.043086 0.729152
1390000 0.901939 -0.855428 0.720488
1400000 0.733747 -0.889740 0.909782
1410000 1.203980 -0.963239 0.836851
1420000 1.599985 -0.825064 0.731754
1430000 1.597838 -0.721076 0.705062
1440000 1.924663 -0.798638 0.795041
1450000 1.374034 -0.875979 0.796349
1460000 1.587220 -0.873951 0.776221
1470000 1.668794 -0.810474 0.853654
1480000 2.172913 -0.848960 1.068013
1490000 1.766271 -0.827126 0.949424
1500000 2.542029 -0.873043 0.738742
1510000 2.766547 -0.826187 0.882237
1520000 2.424468 -0.870561 0.876821
1530000 3.576564 -0.986408 0.872819
1540000 4.621461 -0.848200 0.895577
1550000 4.177900 -0.683901 0.814318
1560000 2.703644 -0.990101 0.959282
1570000 3.850561 -0.882433 0.827431
1580000 3.345070 -0.896207 0.899260
1590000 2.858965 -0.932442 0.808850
1600000 2.257245 -0.770448 0.784002
1610000 2.108933 -0.794088 0.808144
1620000 1.656435 -0.782601 0.984286
1630000 1.612733 -0.874923 0.860525
1640000 1.485019 -0.888309 0.897333
1650000 1.213487 -0.898216 1.026245
1660000 1.702712 -0.803420 0.943170
1670000 1.977804 -0.803285 1.013636
1680000 2.625372 -0.823414 0.802305
1690000 2.951368 -0.844320 0.860483
1700000 3.806370 -0.870347 0.850035
1710000 4.895132 -0.905129 0.912893
1720000 4.693763 -0.767736 0.911896
1730000 5.068409 -0.895497 0.937778
1740000 4.623705 -0.857675 0.852120
1750000 3.532493 -0.926015 0.899762
1760000 4.492860 -0.834543 0.911485
1770000 4.901325 -0.820734 0.809251
1780000 4.050746 -0.918923 0.883000
1790000 4.992911 -0.924133 0.818350
1800000 3.876712 -0.934171 0.897355
1810000 3.353832 -0.881676 0.851641
1820000 4.541953 -0.978215 0.860185
1830000 4.232954 -0.805606 0.874846
1840000 3.574219 -0.991159 0.856264
1850000 3.997549 -0.723280 0.933800
1860000 3.122807 -0.868777 0.826057
1870000 2.605361 -0.900480 0.932539
1880000 2.587740 -1.012695 0.840418
1890000 3.198945 -0.888165 0.888080
1900000 4.507581 -0.731197 0.897036
1910000 4.519318 -0.775223 0.792084
1920000 4.342488 -0.949845 0.871768
1930000 4.746363 -0.864303 0.950848
1940000 4.256636 -0.850354 0.755236
1950000 3.675422 -0.966846 0.913555
1960000 3.017805 -0.860565 0.779097
1970000 3.892744 -0.839702 0.879357
1980000 3.487843 -1.011535 0.900409
1990000 4.608734 -0.731358 0.808561
2000000 4.564734 -0.847823 1.031490
2010000 4.289291 -0.856655 0.877973
2020000 2.586107 -0.889732 0.880115
2030000 3.327043 -1.048149 0.779951
2040000 2.369089 -0.885422 0.853651
2050000 2.166946 -0.854990 0.912656
2060000 2.663264 -0.929544 0.999133
2070000 3.210224 -0.819963 0.693298
2080000 2.935772 -0.957468 0.841571
2090000 2.263967 -0.836173 0.881708
2100000 2.242179 -0.764731 0.788321
2110000 2.204589 -0.887463 0.880647
2120000 3.021159 -0.851027 0.888931
2130000 4.363322 -0.851283 0.794550
2140000 3.498525 -0.949966 0.743072
2150000 4.388095 -0.784451 0.917390
2160000 4.630960 -0.814335 0.846743
2170000 4.722126 -0.838023 0.859399
2180000 3.525377 -0.880419 0.867802
2190000 3.155937 -0.910485 0.967819
2200000 2.616015 -0.915481 0.923889
2210000 3.218016 -0.700223 0.939229
2220000 4.444177 -0.835354 0.784149
2230000 4.894003 -0.915468 0.839761
2240000 4.697229 -0.815303 0.906546
2250000 4.509200 -0.917008 0.999984
2260000 4.490503 -0.946381 0.936293
2270000 3.791215 -0.884985 0.763727
2280000 3.295953 -0.828178 0.880256
2290000 3.722523 -0.863308 0.776249
2300000 3.187416 -0.846227 0.869929
2310000 2.031792 -0.877126 0.843638
2320000 1.632410 -0.894212 0.942525
2330000 1.375919 -0.782130 0.779103
2340000 1.806616 -0.973834 0.927426
2350000 2.121237 -0.884855 0.839001
2360000 1.375177 -0.763087 0.841434
2370000 1.713736 -0.956020 0.814103
2380000 1.864886 -0.920818 0.948133
2390000 1.825095 -0.793144 0.752902
2400000 1.600208 -0.842267 0.931089
2410000 1.550707 -0.822608 0.927070
2420000 1.865826 -0.893969 0.813041
2430000 2.684082 -0.897713 0.901476
2440000 3.292379 -0.838089 0.910175
2450000 3.683780 -0.778145 0.862853
2460000 2.987518 -0.945956 0.924334
2470000 3.513721 -0.848830 0.878329
2480000 3.986814 -0.823800 0.814140
2490000 3.961055 -0.894112 0.755295
2500000 5.054721 -0.913241 0.867569
2510000 4.664148 -0.920498 0.912617
2520000 4.730216 -0.928035 0.749128
2530000 4.385124 -0.763713 0.950474
2540000 3.909605 -0.939794 0.837471
2550000 2.506456 -0.859762 0.836160
2560000 2.362345 -0.963739 0.902006
2570000 2.009102 -0.869158 0.853997
2580000 2.241761 -0.908874 0.955738
2590000 2.052131 -0.756069 0.913579
2600000 2.591680 -0.795224 0.904367
2610000 2.741977 -0.947485 0.926792
2620000 2.413918 -0.857143 0.864731
2630000 2.888184 -0.859992 0.720285
2640000 3.584547 -0.835357 0.838503
2650000 3.340170 -0.809926 0.910399
2660000 3.321789 -0.951812 0.766619
2670000 2.483443 -0.881222 0.880341
2680000 2.770572 -0.953033 0.862156
2690000 3.368250 -0.780534 0.882885
2700000 3.717570 -0.959137 0.860036
2710000 3.881560 -0.927627 0.864919
2720000 3.341526 -0.830866 0.898403
2730000 3.484736 -0.843600 0.956162
2740000 2.875285 -0.799312 0.959920
2750000 2.366303 -0.762682 0.950027
2760000 2.226153 -0.902765 0.891306
2770000 1.826915 -0.842612 0.814788
2780000 1.860508 -0.804126 0.843152
2790000 0.935944 -0.869814 0.891863
2800000 0.878638 -0.877595 0.883523
2810000 0.681361 -0.916888 0.876019
2820000 1.322108 -0.843442 0.963952
2830000 1.001792 -0.830711 0.911265
2840000 0.906921 -0.831111 0.899492
2850000 0.969296 -0.951214 0.862728
2860000 1.081253 -0.878881 0.932159
2870000 0.913289 -1.058029 0.892516
2880000 0.647860 -0.985150 0.782471
2890000 0.728502 -0.905633 0.824050
2900000 1.370757 -0.958556 0.844999
2910000 1.283318 -0.842889 0.894923
2920000 1.112836 -0.768003 0.904136
2930000 1.446818 -0.870717 0.723997
2940000 1.301156 -0.898782 0.832178
2950000 0.943591 -0.954289 0.937333
2960000 0.499661 -0.950415 0.847429
2970000 0.879757 -0.891683 0.977169
2980000 1.181071 -0.987335 0.779076
2990000 0.821642 -0.758366 0.860016
3000000 1.001466 -0.885879 0.838892
3010000 0.718772 -0.848560 0.975744
3020000 1.036013 -0.861884 0.918793
3030000 1.036370 -0.921382 0.825838
3040000 1.398992 -0.987808 0.807436
3050000 1.134452 -0.991601 0.950175
3060000 1.833571 -0.658833 0.857079
3070000 1.683202 -0.873056 0.937459
3080000 2.028626 -0.752639 0.880282
3090000 2.067553 -0.791315 0.702287
3100000 3.423971 -0.842191 0.909005
3110000 3.419706 -0.896662 0.824273
3120000 4.003589 -0.906342 1.008978
3130000 4.069119 -0.999247 0.761130
3140000 4.663322 -0.880506 0.868386
3150000 4.718930 -0.894158 0.967494
3160000 4.014590 -0.876515 0.806806
3170000 4.706388 -0.879270 0.888382
3180000 4.276676 -0.995868 0.898375
3190000 4.669693 -0.855881 0.867684
3200000 4.707064 -0.848525 0.871701
3210000 4.331030 -0.891152 0.918642
3220000 3.993051 -0.837512 0.797531
3230000 3.964649 -0.897026 0.967518
3240000 4.169767 -0.744831 0.867648
3250000 5.016681 -0.802201 1.012605
3260000 4.400788 -0.961423 0.895150
3270000 3.615397 -0.835141 0.856945
3280000 2.484433 -0.979713 0.903558
3290000 2.233049 -0.920808 0.865955
3300000 2.181686 -0.958153 0.867575
3310000 1.812034 -0.805703 0.916169
3320000 1.641534 -0.762311 0.989246
3330000 1.816728 -0.952342 0.999876
3340000 1.364592 -0.941806 0.845406
3350000 1.014452 -0.814470 0.814308
3360000 1.026852 -0.941626 0.885089
3370000 1.336185 -0.792739 0.898706
3380000 1.258969 -0.827532 1.013769
3390000 1.412789 -0.757776 0.977545
3400000 1.628965 -0.818217 0.885748
3410000 1.625822 -1.027395 0.833211
3420000 2.027092 -0.909861 0.862996
3430000 2.990261 -0.891454 0.905862
3440000 2.988150 -0.970969 0.825255
3450000 3.596239 -0.887545 0.890771
3460000 3.757618 -0.926387 0.872923
3470000 4.580608 -0.982246 0.932391
3480000 4.978506 -0.866363 0.883395
3490000 4.869218 -0.897657 0.829282
3500000 4.304807 -0.875406 0.947157
3510000 3.724194 -0.877782 0.784325
3520000 3.238621 -0.819709 0.833132
3530000 2.274602 -0.796629 0.813707
3540000 2.325908 -0.888432 0.873368
3550000 3.044479 -0.953014 0.830092
3560000 3.661625 -0.898714 0.807471
3570000 2.923757 -0.926430 0.940470
3580000 3.802787 -0.755765 0.808186
3590000 2.226948 -0.901719 0.832688
3600000 2.822160 -0.993433 0.861059
3610000 2.670899 -0.923630 0.877668
3620000 2.287671 -0.916726 0.917441
3630000 2.111840 -0.986765 0.879891
3640000 2.475015 -0.931796 0.817843
3650000 3.177212 -0.791792 0.859096
3660000 4.189815 -0.953909 0.803914
3670000 4.108547 -0.944316 0.849572
3680000 4.055664 -0.823257 0.757862
3690000 4.223796 -0.782379 0.813839
3700000 4.925778 -0.864849 0.840997
3710000 5.023080 -0.809335 0.968460
3720000 4.316699 -1.034374 0.810657
3730000 4.848649 -0.891889 0.837481
3740000 4.468948 -0.811512 0.857614
3750000 4.312803 -1.013651 0.774492
3760000 3.573535 -0.812116 0.962033
3770000 3.360838 -0.855271 0.801947
3780000 3.194552 -0.842911 0.871134
3790000 4.833781 -0.780658 0.924834
3800000 4.574630 -0.881782 0.929352
3810000 4.755947 -0.939912 0.890099
3820000 4.081648 -0.805941 0.837417
3830000 2.728994 -0.880988 0.872677
3840000 2.725779 -1.036776 0.954908
3850000 2.012874 -0.805125 0.881616
3860000 2.084169 -0.783085 0.942325
3870000 2.437333 -0.857654 0.889001
3880000 2.006964 -0.860126 0.808412
3890000 3.367915 -0.842075 0.844562
3900000 2.559099 -0.967212 0.979154
3910000 1.935274 -0.859970 0.824732
3920000 2.103706 -0.911646 0.922534
3930000 1.465606 -0.845187 0.792542
3940000 1.427028 -0.855795 0.941243
3950000 1.365360 -0.897784 0.750736
3960000 1.530558 -0.859357 0.833110
3970000 1.709933 -0.780726 0.760931
3980000 2.507972 -0.867638 0.883365
3990000 2.068503 -0.829574 0.898365
4000000 2.566232 -1.012669 0.878875
