100000 1.180104 -0.750721 0.138642
110000 1.858327 -0.844418 0.125571
120000 2.384962 -0.946046 0.183669
130000 1.203567 -0.811261 0.122580
140000 1.090024 -0.830100 0.234826
150000 1.566072 -0.892805 0.178949
160000 1.875756 -1.006730 0.090332
170000 2.448449 -0.912211 0.246120
180000 2.801196 -0.931371 0.191798
190000 1.986586 -1.010960 0.060488
200000 4.007368 -0.826513 0.155760
210000 4.368263 -0.914206 0.210730
220000 4.213892 -0.823914 0.207118
230000 4.476705 -0.777922 0.189275
240000 3.138902 -0.843642 0.219942
250000 4.232580 -0.849702 0.200008
260000 4.660139 -0.993326 0.147706
270000 3.105163 -0.901777 0.259661
280000 3.839217 -0.736734 0.227685
290000 4.452505 -0.923590 0.167654
300000 4.442360 -0.834656 0.097278
310000 4.965713 -0.870240 0.165096
320000 5.084030 -0.928336 0.124506
330000 4.060994 -0.953266 0.195089
340000 2.915481 -1.049393 0.121891
350000 2.029333 -1.049131 0.073396
360000 1.839857 -0.907077 0.132430
370000 1.277974 -0.797823 0.201657
380000 1.822735 -0.903715 0.174901
390000 2.532588 -0.905426 0.005856
400000 3.770879 -0.715962 0.205051
410000 3.316778 -0.946053 0.227439
420000 2.863821 -0.826089 0.087828
430000 4.017972 -0.953827 0.282940
440000 2.463522 -0.949418 0.122343
450000 1.844513 -0.867501 0.139887
460000 1.325626 -0.791930 0.356550
470000 1.127796 -0.853095 0.271272
480000 0.761677 -0.860406 0.124205
490000 1.152457 -0.756500 0.174018
500000 0.561369 -0.972748 0.335554
510000 0.828143 -0.828806 0.084963
520000 1.432344 -0.903382 0.154435
530000 0.902778 -0.909265 0.077245
540000 1.278595 -0.917593 0.150152
550000 1.067478 -0.828360 0.014207
560000 1.109669 -0.781630 0.234480
570000 1.761629 -0.795542 0.167149
580000 2.314292 -0.949416 0.162935
590000 2.490554 -1.012221 0.135559
600000 4.337068 -0.935851 0.130620
610000 3.356593 -1.008073 0.123783
620000 3.215825 -0.779098 0.167963
630000 4.634848 -0.946115 0.209195
640000 4.518870 -0.894370 0.310441
650000 4.182129 -0.952210 -0.002347
660000 2.952320 -1.013628 0.201150
670000 2.899122 -1.001218 0.195482
680000 3.731520 -0.762151 0.219151
690000 2.577145 -0.838922 0.171535
700000 3.160634 -0.945876 0.124356
710000 3.048641 -0.833444 0.100055
720000 3.495751 -0.914088 0.124958
730000 4.511116 -0.751234 0.022425
740000 3.501680 -0.862538 0.079486
750000 4.738757 -0.812202 0.181253
760000 3.867751 -0.986482 0.237008
770000 3.352551 -0.796867 0.192190
780000 2.754968 -0.826207 0.199665
790000 2.203894 -0.878271 0.240797
800000 2.029460 -0.897248 0.212426
810000 1.953929 -0.796325 0.157868
820000 1.739294 -0.862860 0.156353
830000 1.740617 -0.863458 0.202921
840000 2.202439 -0.886637 0.197683
850000 1.859283 -0.861172 0.284457
860000 1.908467 -0.939727 0.118842
870000 1.359005 -0.962346 0.124602
880000 1.280051 -0.787850 0.051367
890000 1.543956 -1.003955 0.176716
900000 1.924748 -0.768872 0.053427
910000 2.499524 -0.749556 0.098544
920000 3.576830 -0.929852 0.110100
930000 3.465548 -0.983525 0.139564
940000 3.581258 -0.790526 0.057981
950000 5.083424 -0.850838 0.190789
960000 3.991671 -0.923310 0.170381
970000 4.664167 -0.780656 0.175475
980000 4.499338 -0.844976 0.065885
990000 3.815384 -0.924109 0.140811
1000000 4.703445 -1.008091 0.111062
1010000 4.667200 -0.739313 0.092629
1020000 4.372099 -0.800612 0.120504
1030000 3.455701 -1.029052 0.092705
1040000 3.082324 -0.899909 0.265396
1050000 2.446109 -0.943608 0.108550
1060000 2.082707 -0.859000 0.217697
1070000 3.222091 -0.809011 0.093338
1080000 3.164346 -0.827487 0.059973
1090000 3.769352 -0.899594 0.293281
1100000 3.154909 -0.978656 0.169894
1110000 4.027625 -0.742411 0.200076
1120000 4.123529 -0.774424 0.222765
1130000 3.429458 -0.971465 0.197860
1140000 4.832529 -0.877229 0.056757
1150000 3.508099 -0.899577 0.222119
1160000 2.953101 -0.909283 0.081758
1170000 2.871004 -0.835347 0.164515
1180000 1.720222 -0.867574 0.097178
1190000 1.640484 -0.933825 0.223067
1200000 2.650416 -0.952285 0.171077
1210000 2.404194 -1.091573 0.201052
1220000 1.563034 -0.924178 0.171263
1230000 1.713576 -0.923436 0.285831
1240000 1.621976 -0.877650 0.073862
1250000 1.628037 -0.867010 0.270669
1260000 1.301733 -0.962980 0.298797
1270000 1.102084 -0.803620 0.194255
1280000 0.850859 -0.921656 0.135851
1290000 1.250111 -0.957097 0.140606
1300000 1.253672 -0.981945 0.202389
1310000 0.908345 -0.862874 0.215231
1320000 1.356357 -0.907046 0.155039
1330000 1.350763 -0.914691 0.241355
1340000 1.534348 -0.872045 0.171059
1350000 1.624701 -0.811368 0.175787
1360000 1.476559 -0.892318 0.166950
1370000 1.299394 -0.880715 0.170924
1380000 0.982283 -0.912565 0.152026
1390000 0.895937 -0.971504 0.134941
1400000 0.808926 -0.909018 0.252469
1410000 0.931826 -0.964723 0.220589
1420000 0.853329 -0.993862 0.119178
1430000 1.110344 -0.971373 0.166692
1440000 1.021993 -0.946715 0.171055
1450000 0.871631 -0.859726 0.189327
1460000 1.344958 -0.943021 0.165974
1470000 1.397928 -0.752832 0.260149
1480000 1.421888 -0.961060 0.023916
1490000 1.149802 -0.909870 0.148034
1500000 1.439258 -0.859214 0.159781
1510000 1.860906 -0.942086 0.147485
1520000 2.681230 -0.920847 0.248938
1530000 2.688380 -0.887366 0.013587
1540000 2.930225 -0.939359 0.174147
1550000 3.217963 -0.978711 0.259301
1560000 3.684663 -0.908053 0.104457
1570000 4.173053 -0.822837 0.237682
1580000 3.088514 -0.897880 0.129741
1590000 4.056612 -0.939014 0.183216
1600000 3.976183 -0.833168 0.194227
1610000 4.421783 -0.814476 0.211086
1620000 4.814077 -0.915005 0.127230
1630000 4.681834 -0.855159 0.288128
1640000 4.407514 -0.812187 0.150801
1650000 3.700532 -0.934864 0.026819
1660000 4.221828 -0.820664 0.168411
1670000 3.940566 -0.795296 0.136061
1680000 3.075138 -0.971358 0.138107
1690000 2.787788 -0.922644 0.243017
1700000 2.961305 -0.903576 0.213154
1710000 2.073718 -0.774942 0.134567
1720000 2.986146 -0.938156 0.038384
1730000 2.477370 -0.833991 0.239265
1740000 3.235271 -0.829427 0.130383
1750000 3.554943 -0.858687 0.265918
1760000 4.419961 -0.963516 0.120077
1770000 5.043424 -0.925052 0.117103
1780000 5.009592 -0.980191 0.209796
1790000 4.922143 -0.858186 0.141859
1800000 4.739196 -0.921236 0.139176
1810000 4.924123 -0.775760 0.203452
1820000 4.328445 -0.937068 0.218433
1830000 3.339208 -0.875623 0.237335
1840000 3.321392 -0.709478 0.200108
1850000 2.369290 -0.794358 0.155866
1860000 1.897668 -0.816477 0.209381
1870000 1.934284 -0.923857 0.091237
1880000 1.686282 -0.799265 0.153010
1890000 2.130038 -0.772658 0.295820
1900000 2.713781 -0.863058 0.157663
1910000 3.115889 -1.079455 0.368999
1920000 3.356760 -0.931112 0.287449
1930000 3.651291 -1.025563 0.301461
1940000 4.223026 -0.775263 0.265468
1950000 2.994171 -0.909365 0.244503
1960000 3.020672 -0.965350 0.115682
1970000 2.533941 -0.986000 0.102859
1980000 2.447178 -0.883461 0.145961
1990000 3.309943 -0.688588 0.099656
2000000 4.853882 -0.814855 0.197167
2010000 4.577512 -0.935888 0.240730
2020000 3.880855 -0.878752 0.203457
2030000 4.623116 -0.878827 0.139287
2040000 3.781038 -0.877297 0.144070
2050000 4.724332 -0.901319 0.095261
2060000 4.332031 -0.897875 0.302267
2070000 3.421209 -0.898976 0.227114
2080000 3.488786 -0.865213 0.077969
2090000 2.923268 -0.908960 0.131514
2100000 1.927026 -0.790964 0.223096
2110000 2.376911 -0.924289 0.123720
2120000 3.123954 -0.839929 0.076586
2130000 3.823958 -0.892942 0.164260
2140000 4.855545 -0.771684 0.216943
2150000 5.048851 -0.902271 0.146097
2160000 4.909971 -0.860128 0.248846
2170000 4.254392 -0.860566 0.274723
2180000 4.685939 -0.897275 0.168641
2190000 5.012880 -0.958007 0.254729
2200000 5.019212 -0.845271 0.173482
2210000 4.394531 -0.790930 0.219986
2220000 3.922720 -0.930881 0.326144
2230000 4.593706 -0.939348 0.226413
2240000 4.901533 -0.747072 0.206085
2250000 3.931502 -0.841904 0.304265
2260000 3.306131 -1.004557 0.224231
2270000 2.926501 -0.876275 0.115465
2280000 2.051614 -0.837749 0.234567
2290000 2.034043 -0.708590 0.128228
2300000 1.655728 -0.912622 0.281752
2310000 1.582326 -0.823825 0.146992
2320000 1.717686 -0.794107 0.178057
2330000 1.662450 -0.937762 0.161258
2340000 1.537323 -0.790825 0.235115
2350000 1.279613 -1.018040 0.105688
2360000 1.648873 -0.789460 0.238756
2370000 1.765897 -0.827929 0.174174
2380000 1.607755 -1.075332 0.166808
2390000 1.442622 -0.891516 0.032004
2400000 1.103190 -0.888118 0.194915
2410000 1.075803 -0.779037 0.057514
2420000 1.172492 -0.967327 0.176508
2430000 0.994940 -0.878611 0.234347
2440000 0.907018 -0.899559 0.193169
2450000 0.589955 -0.962247 0.070459
2460000 0.716146 -0.823510 0.288537
2470000 0.943845 -0.780863 0.179405
2480000 1.211721 -0.794808 0.167428
2490000 1.190411 -0.931452 0.173136
2500000 0.824433 -0.938861 0.185830
2510000 1.137268 -0.814557 0.072847
2520000 1.094864 -0.803433 0.209033
2530000 1.080201 -0.904510 0.113339
2540000 1.436423 -0.733968 0.182194
2550000 1.319757 -0.928319 0.073339
2560000 1.266049 -0.947914 0.095910
2570000 1.928197 -0.903381 0.007277
2580000 1.815448 -1.088988 0.265149
2590000 1.986716 -0.831055 0.232725
2600000 2.110298 -0.848175 0.142232
2610000 2.737366 -0.789434 0.181808
2620000 3.189476 -0.893476 0.140137
2630000 2.239528 -0.911494 0.272273
2640000 2.593500 -0.879320 0.151457
2650000 2.544837 -0.918377 0.225246
2660000 2.289212 -0.859525 0.180524
2670000 2.423520 -0.845903 0.268335
2680000 2.119624 -0.973874 0.245670
2690000 3.284857 -0.781677 0.047823
2700000 3.407388 -0.870097 0.263563
2710000 3.745257 -0.830943 0.189614
2720000 4.238894 -0.828342 0.068253
2730000 4.882067 -0.928626 0.203430
2740000 5.070315 -0.966412 0.254786
2750000 4.824850 -0.951184 0.059241
2760000 4.259189 -0.918307 0.145298
2770000 3.845422 -0.700597 0.313028
2780000 3.422171 -0.832868 0.079973
2790000 3.701316 -0.758943 0.184101
2800000 3.581249 -0.893979 0.190294
2810000 3.148461 -0.903494 0.139345
2820000 4.288635 -0.889338 0.267994
2830000 3.369238 -0.880156 0.132959
2840000 3.137850 -0.895105 0.179080
2850000 4.081237 -0.856503 0.229566
2860000 4.402973 -0.769990 0.181645
2870000 4.643491 -0.883145 0.225280
2880000 4.895282 -0.762710 0.158779
2890000 4.729299 -0.980754 0.213520
2900000 4.595921 -0.870263 0.196595
2910000 4.221074 -0.856389 0.114465
2920000 4.077490 -0.865069 0.148190
2930000 4.894812 -0.890983 0.100815
2940000 4.356308 -1.003235 0.242571
2950000 3.870602 -0.890108 0.224024
2960000 4.168860 -0.808189 0.301204
2970000 3.604036 -0.851591 0.061902
2980000 2.851237 -0.781036 0.166533
2990000 2.645266 -0.861923 0.162006
3000000 3.304272 -0.843450 0.117627
3010000 3.867855 -0.955088 0.188829
3020000 3.144737 -0.794759 0.215700
3030000 3.052496 -0.847177 0.114142
3040000 3.363102 -0.885618 0.093540
3050000 3.586664 -0.914390 0.088218
3060000 3.457114 -0.867425 0.256259
3070000 4.850341 -0.724376 0.179609
3080000 4.685791 -0.998055 0.062109
3090000 4.563824 -0.817166 0.161778
3100000 4.258981 -0.933211 0.193615
3110000 3.936015 -0.866289 0.123838
3120000 2.984907 -0.866705 0.216038
3130000 2.685064 -0.944273 0.200450
3140000 2.663691 -0.906800 0.227380
3150000 2.418524 -0.923185 0.288837
3160000 2.109471 -1.001642 0.090778
3170000 1.860628 -0.910359 0.291118
3180000 1.635006 -0.792028 0.123259
3190000 1.809393 -0.937988 0.187549
3200000 1.620095 -0.947199 0.242852
3210000 1.631786 -0.911635 0.197619
3220000 1.949412 -0.894187 0.129261
3230000 1.981389 -0.937562 0.124282
3240000 2.245975 -0.935437 0.048719
3250000 2.289319 -0.877009 0.164286
3260000 2.202487 -0.887666 0.126680
3270000 2.566216 -0.773870 0.151186
3280000 2.898073 -0.849717 0.289076
3290000 3.290052 -0.845815 0.183467
3300000 3.728004 -0.978101 0.159468
3310000 3.445258 -0.778858 0.219638
3320000 3.360999 -0.836385 -0.014610
3330000 4.496147 -0.800841 0.191796
3340000 3.511981 -0.913247 0.169731
3350000 4.783017 -0.926831 0.294497
3360000 3.434341 -0.861696 0.040974
3370000 3.690461 -0.894312 0.186379
3380000 4.263100 -0.839275 0.146129
3390000 4.709182 -0.907386 0.106235
3400000 4.909773 -0.905240 0.084910
3410000 4.908494 -0.857282 0.240915
3420000 4.732424 -0.895455 0.232427
3430000 4.145760 -0.990065 0.078160
3440000 4.912274 -0.872205 0.369295
3450000 4.519606 -0.877965 0.142715
3460000 4.670506 -0.997729 0.155357
3470000 5.001399 -0.944408 0.216016
3480000 4.870351 -0.866913 0.199114
3490000 4.894125 -0.744824 0.225318
