100000 1.588699 -0.795102 -0.225645
110000 2.487891 -0.975891 -0.233156
120000 3.433077 -0.993435 -0.121883
130000 3.763245 -0.819501 -0.195757
140000 4.268335 -0.862670 -0.155408
150000 4.754109 -0.926904 -0.171740
160000 3.999032 -0.876868 -0.137094
170000 4.907924 -0.737748 -0.267958
180000 4.870981 -0.817769 -0.127538
190000 4.820607 -0.828207 -0.036576
200000 4.392916 -0.791464 -0.092161
210000 3.859606 -0.841042 -0.231545
220000 2.462998 -0.775823 -0.101476
230000 2.974960 -0.842737 -0.179891
240000 3.418968 -0.832724 -0.198904
250000 4.249247 -0.974423 -0.029526
260000 2.766584 -0.915282 -0.280517
270000 2.101074 -0.934484 -0.259907
280000 2.911839 -0.961084 -0.183474
290000 2.708787 -0.900702 -0.161981
300000 1.622200 -0.978079 -0.144270
310000 1.969990 -0.869262 -0.135470
320000 2.266074 -0.856148 -0.054674
330000 2.256271 -0.848465 -0.214726
340000 3.538089 -0.950007 -0.088770
350000 3.211898 -0.830382 -0.123066
360000 4.449320 -0.752920 -0.152005
370000 4.288677 -0.887875 -0.182866
380000 3.673882 -0.927291 -0.095547
390000 2.802257 -0.831078 -0.175441
400000 4.120356 -0.731058 -0.078068
410000 3.148079 -0.940372 -0.293827
420000 2.244640 -0.864946 -0.195763
430000 1.102956 -0.985401 -0.209095
440000 0.844814 -0.728727 -0.175902
450000 0.787607 -0.811325 -0.142887
460000 1.264405 -0.914330 -0.142040
470000 1.446735 -0.819283 -0.302692
480000 0.874622 -0.820721 -0.182042
490000 0.614801 -0.984949 -0.187756
500000 1.563605 -0.858875 -0.189643
510000 1.615003 -0.947550 -0.219774
520000 1.438122 -0.909132 -0.106197
530000 1.905920 -0.901007 -0.161325
540000 2.162166 -0.951747 -0.191010
550000 1.450561 -0.918182 -0.159379
560000 2.864369 -0.881122 -0.090117
570000 3.515706 -0.987484 -0.100115
580000 4.370073 -0.877212 -0.141723
590000 4.970653 -0.911091 -0.176028
600000 4.987413 -0.949156 -0.223509
610000 3.943990 -0.793306 -0.187850
620000 2.788614 -0.895975 -0.018921
630000 2.352754 -0.893864 -0.207446
640000 3.392413 -0.873059 -0.176419
650000 2.947880 -0.869657 -0.117895
660000 3.385078 -0.923262 -0.228239
670000 4.604280 -0.856371 -0.219484
680000 4.711602 -0.926916 -0.292144
690000 3.638540 -1.003219 -0.120238
700000 4.368466 -0.793594 -0.193593
710000 4.710684 -0.870605 -0.129864
720000 3.649068 -0.955016 -0.032144
730000 3.911335 -0.806847 -0.135173
740000 3.218834 -0.847943 -0.186719
750000 2.506409 -0.842200 -0.134496
760000 2.118496 -0.760001 -0.148204
770000 1.867222 -0.887034 -0.109331
780000 1.948032 -0.918454 -0.227185
790000 1.080795 -1.020058 -0.124019
800000 1.230340 -0.888301 -0.162566
810000 1.239259 -0.942199 -0.111914
820000 1.395255 -1.009662 -0.139759
830000 1.087832 -0.934744 -0.049816
840000 1.275275 -0.869307 -0.282742
850000 0.631822 -0.934301 -0.070150
860000 0.898616 -0.740637 -0.138611
870000 0.801006 -0.918983 -0.115361
880000 1.074756 -0.979167 -0.186061
890000 1.705166 -0.822239 -0.063614
900000 1.688202 -0.769239 -0.221330
910000 1.977625 -0.937470 -0.103331
920000 2.647437 -0.885365 -0.119556
930000 2.783410 -0.873350 -0.090077
940000 3.584007 -0.779731 -0.161416
950000 4.391109 -1.025031 -0.131694
960000 3.352366 -0.940636 -0.306043
970000 3.595860 -0.948140 -0.150170
980000 3.840561 -0.767472 -0.291887
990000 3.331689 -0.878269 -0.232866
1000000 3.839697 -0.881889 -0.194268
1010000 2.436683 -0.881085 -0.187048
1020000 2.832884 -0.808506 -0.134604
1030000 3.615365 -0.900681 -0.148152
1040000 4.688798 -0.863992 -0.282520
1050000 4.584507 -0.989692 -0.208897
1060000 4.617642 -0.775324 -0.142907
1070000 3.264781 -0.891407 -0.208091
1080000 2.829620 -0.937849 -0.144077
1090000 2.409314 -0.900336 -0.081574
1100000 2.932873 -0.914956 -0.134398
1110000 4.379313 -0.834184 -0.156184
1120000 4.623458 -0.816551 -0.082873
1130000 3.218273 -0.922352 -0.044649
1140000 3.124361 -0.848429 -0.237952
1150000 1.694550 -0.833214 -0.174388
1160000 2.002476 -0.969398 -0.155644
1170000 1.604875 -0.796417 -0.176062
1180000 1.822797 -0.948579 -0.162476
1190000 1.397149 -0.923736 -0.141829
1200000 1.910896 -0.860622 -0.088476
1210000 1.866370 -0.925830 -0.144368
1220000 2.722939 -0.895881 -0.070283
1230000 3.223805 -0.893255 -0.076177
1240000 4.989842 -0.883035 -0.167918
1250000 4.855640 -0.928053 -0.072291
1260000 3.371731 -0.809972 -0.199723
1270000 4.504051 -0.803755 -0.221028
1280000 4.440567 -0.835052 -0.123629
1290000 4.128007 -0.833358 -0.131781
1300000 3.101290 -0.998438 -0.064976
1310000 2.285024 -0.798249 -0.133834
1320000 2.260417 -0.868573 -0.227425
1330000 4.262607 -0.927536 -0.113529
1340000 2.953147 -0.957291 -0.279048
1350000 2.857299 -0.772592 -0.153752
1360000 2.298869 -0.919450 -0.101338
1370000 2.307374 -0.907651 -0.239484
1380000 3.553560 -0.883713 -0.174063
1390000 4.433774 -0.909425 -0.054664
1400000 4.758169 -0.824751 -0.101016
1410000 4.402723 -0.924827 -0.124940
1420000 5.080557 -0.949685 -0.124775
1430000 4.780071 -0.906478 -0.190605
1440000 3.599375 -0.765258 -0.143861
1450000 3.025692 -0.846066 -0.007091
1460000 3.351942 -0.801512 -0.173392
1470000 4.531679 -0.866178 -0.198242
1480000 4.521896 -0.752404 -0.092264
1490000 4.884085 -0.887097 -0.171011
1500000 3.491182 -0.828914 -0.153085
1510000 3.757598 -0.880237 -0.246028
1520000 4.341336 -0.836000 -0.064960
1530000 3.851438 -0.884432 -0.249610
1540000 4.212971 -1.025248 -0.293353
1550000 4.582465 -0.910784 -0.132355
1560000 3.286288 -0.970203 -0.167791
1570000 3.037306 -0.819203 -0.210885
1580000 3.236919 -0.749753 -0.185266
1590000 3.629754 -0.954709 -0.200121
1600000 2.553511 -0.836183 -0.249574
1610000 2.090152 -0.912579 -0.261722
1620000 1.501573 -0.823574 -0.216287
1630000 1.376599 -0.796329 -0.231771
1640000 1.742661 -0.871485 -0.140329
1650000 2.047236 -0.930928 -0.204745
1660000 1.641676 -0.797294 -0.163411
1670000 1.041820 -0.863990 -0.085880
1680000 0.822250 -0.915896 -0.159509
1690000 0.804349 -0.901637 -0.096232
1700000 0.747997 -0.944454 -0.232028
1710000 0.619980 -0.897919 -0.146827
1720000 0.826883 -0.891742 -0.208420
1730000 0.693176 -0.990245 0.027944
1740000 1.144046 -0.828341 -0.164074
1750000 1.352609 -0.911877 -0.133513
1760000 1.139027 -0.818639 -0.198531
1770000 1.490234 -0.866269 -0.188463
1780000 1.620608 -0.759421 -0.243875
1790000 2.528559 -0.842704 -0.199313
1800000 2.414625 -0.957246 -0.163223
1810000 2.786355 -0.787144 -0.100497
1820000 3.351585 -0.953948 -0.064257
1830000 3.004338 -0.794832 0.009928
1840000 2.150546 -0.906155 -0.067362
1850000 2.614279 -0.742021 -0.073906
1860000 2.033843 -0.911913 -0.150403
1870000 2.002245 -0.842046 -0.205729
1880000 3.216628 -0.765565 -0.196160
1890000 3.732357 -1.043383 -0.258779
1900000 3.960712 -0.964184 -0.324243
1910000 4.725911 -0.816232 -0.123502
1920000 3.464997 -0.869292 -0.063222
1930000 4.214485 -0.920766 -0.271045
1940000 3.598722 -0.822954 -0.212709
1950000 3.113499 -0.921872 -0.123113
1960000 2.801862 -0.883502 -0.196803
1970000 3.174008 -0.905565 -0.006285
1980000 3.412659 -0.989999 -0.207489
1990000 3.594910 -0.818471 -0.301836
2000000 2.659495 -0.929631 -0.193846
2010000 2.026060 -0.819839 -0.211188
2020000 2.417508 -0.965163 -0.189613
2030000 2.690759 -0.854328 -0.073836
2040000 2.887885 -0.805532 -0.238642
2050000 3.250775 -0.953937 -0.176021
2060000 3.630645 -0.866631 -0.195779
2070000 4.456847 -0.812603 -0.114821
2080000 4.566819 -0.979720 -0.096667
2090000 4.039773 -0.815729 -0.213543
2100000 4.394819 -0.862996 -0.189478
2110000 4.673885 -0.966805 -0.104236
2120000 4.212501 -0.844456 -0.211048
2130000 4.572543 -1.018309 -0.316328
2140000 4.727956 -0.848959 -0.268364
2150000 4.900976 -0.839905 -0.234858
2160000 3.641160 -0.890984 -0.110795
2170000 3.529585 -0.862774 -0.136846
2180000 3.393940 -0.854061 -0.105256
2190000 3.221811 -0.859102 -0.193846
2200000 3.488553 -0.846755 -0.252512
2210000 2.120502 -0.845108 -0.163043
2220000 1.732902 -0.973483 -0.211609
2230000 1.524788 -0.819370 -0.218736
2240000 1.412097 -0.801240 -0.021357
2250000 1.166686 -0.864322 -0.233497
2260000 1.050334 -0.841346 -0.115657
2270000 1.109999 -0.926904 -0.116126
2280000 0.958733 -0.873502 -0.124164
2290000 1.238232 -0.952080 -0.119780
2300000 0.852674 -0.930842 -0.232494
2310000 0.997462 -0.884666 -0.219674
2320000 1.209992 -0.883594 -0.153618
2330000 0.800604 -0.826074 -0.204309
2340000 1.049536 -0.875067 -0.218284
2350000 1.284744 -0.859194 -0.295052
2360000 1.371418 -0.926216 -0.123239
2370000 1.497453 -0.836110 -0.260281
2380000 1.080567 -0.884863 -0.247072
2390000 0.495758 -0.830294 -0.099921
2400000 0.660339 -0.928471 -0.231893
2410000 0.853795 -0.900918 -0.151148
2420000 0.905028 -0.974869 -0.160865
2430000 0.500756 -0.883148 -0.160048
2440000 0.692462 -0.898983 -0.232692
2450000 0.621196 -0.911219 -0.263956
2460000 0.928196 -0.902631 -0.101842
2470000 1.339196 -0.932402 -0.179093
2480000 1.642491 -0.823535 -0.287271
2490000 1.935895 -0.812559 -0.319658
2500000 2.283034 -0.890563 -0.291745
2510000 2.353461 -0.770361 -0.187200
2520000 2.839416 -0.880620 -0.122327
2530000 2.899825 -0.866705 -0.142869
2540000 2.506734 -0.868864 -0.190839
2550000 2.814360 -0.921270 -0.207695
2560000 2.118203 -0.904538 -0.080486
2570000 2.517987 -1.001247 -0.140935
2580000 2.408978 -0.766801 -0.178396
2590000 2.786964 -0.991615 -0.150578
2600000 3.160330 -0.847002 -0.226399
2610000 4.215529 -0.900448 -0.133748
2620000 4.953178 -0.901346 -0.206198
2630000 4.566895 -0.841508 -0.141359
2640000 4.514594 -1.078385 -0.170250
2650000 5.042461 -0.887280 -0.090673
2660000 4.539317 -0.920038 -0.007537
2670000 4.549085 -0.905208 -0.215877
2680000 3.895831 -0.865112 -0.240352
2690000 4.812262 -0.775128 -0.222967
2700000 3.720741 -0.945216 -0.248623
2710000 3.801007 -0.864611 -0.109138
2720000 3.840979 -1.046043 -0.133855
2730000 4.711392 -0.712632 -0.144365
2740000 4.964402 -0.964917 -0.317015
2750000 4.991829 -0.836602 -0.162011
2760000 4.680195 -0.935779 -0.164425
2770000 5.068506 -0.981947 -0.127591
2780000 4.602581 -0.856306 -0.112312
2790000 3.638544 -0.872983 -0.053773
2800000 4.222681 -0.893031 -0.149620
2810000 3.217688 -0.751311 -0.099796
2820000 3.268184 -0.779795 -0.168828
2830000 3.090893 -0.871803 -0.184258
2840000 2.494899 -0.947104 -0.195244
2850000 2.920854 -0.985554 -0.039016
2860000 3.351620 -0.903694 -0.261705
2870000 4.638064 -0.880230 -0.166698
2880000 4.901977 -0.902110 -0.307608
2890000 4.992112 -0.829038 -0.147013
2900000 4.120593 -0.955394 -0.124852
2910000 4.954013 -0.884876 -0.232424
2920000 4.946620 -0.897033 -0.222618
2930000 4.708993 -0.826104 -0.253556
2940000 4.280430 -0.873771 -0.109226
2950000 4.848484 -0.866390 -0.300166
2960000 3.667887 -0.841440 -0.212690
2970000 3.890857 -1.035759 -0.313637
2980000 3.328435 -0.883507 -0.181295
2990000 3.146667 -0.787634 -0.128875
3000000 3.322693 -0.903704 -0.181729
3010000 1.958007 -0.883526 -0.248082
3020000 1.960487 -0.942486 -0.031918
3030000 1.953458 -0.945887 -0.230277
3040000 1.843198 -0.869549 -0.193612
3050000 2.099180 -0.751740 -0.073374
3060000 1.920134 -0.864739 -0.216369
3070000 1.556583 -0.807455 -0.102770
3080000 1.274878 -0.936123 -0.186281
3090000 0.973841 -0.787189 -0.221248
3100000 1.246857 -0.810081 -0.266725
3110000 1.462173 -0.863218 -0.156096
3120000 1.416870 -0.912016 -0.200964
3130000 1.403310 -0.822252 -0.220349
3140000 1.585882 -0.896768 -0.105449
3150000 1.880770 -1.038738 -0.205552
3160000 2.151967 -0.923147 -0.208449
3170000 2.825866 -0.956934 -0.239724
3180000 3.341514 -0.909157 -0.152552
3190000 3.799693 -0.841902 -0.137683
3200000 4.248580 -0.743704 -0.088692
3210000 4.303426 -0.821116 -0.167029
3220000 4.918387 -0.917360 -0.131395
3230000 4.943260 -0.853049 -0.133370
3240000 4.852499 -0.862542 -0.135691
3250000 4.900665 -0.918174 -0.154426
3260000 4.719660 -0.891332 -0.191708
3270000 4.737233 -0.735588 -0.162422
3280000 4.243470 -0.837868 -0.121060
3290000 3.652004 -0.935289 -0.145540
3300000 3.313975 -0.939407 -0.321398
3310000 2.326261 -0.874427 -0.168577
3320000 2.439895 -0.628520 -0.114945
3330000 2.077295 -0.700324 -0.191931
3340000 1.743592 -0.927232 -0.193883
3350000 1.712693 -0.897458 -0.265213
3360000 1.417702 -0.834574 -0.130741
3370000 1.451271 -0.947664 -0.205966
3380000 1.764973 -0.781254 -0.240231
3390000 1.943804 -0.862086 -0.104599
3400000 2.324636 -0.815738 -0.269004
3410000 2.753182 -0.788090 -0.154497
3420000 3.504668 -0.841430 -0.267781
3430000 3.367563 -0.804551 -0.069937
3440000 3.988412 -0.950956 -0.165283
3450000 4.287952 -0.886911 -0.223183
3460000 3.995365 -0.774829 -0.139929
3470000 3.336079 -0.823187 -0.189914
3480000 2.968108 -0.828956 -0.125268
3490000 2.925515 -0.919624 -0.103498
3500000 2.605757 -0.958397 -0.240845
3510000 2.445309 -0.879953 -0.199229
3520000 2.877736 -0.845635 -0.236046
3530000 3.300693 -0.846776 -0.058403
3540000 3.752064 -0.790989 -0.181215
3550000 3.100341 -0.834527 -0.199542
3560000 2.721995 -0.830306 -0.136837
3570000 3.400968 -0.912765 -0.198171
3580000 3.029188 -0.887978 -0.285631
3590000 4.400323 -0.897000 -0.227701
3600000 3.988886 -0.799627 -0.186554
3610000 4.740478 -0.871694 -0.075245
3620000 4.486618 -0.914710 -0.043313
3630000 4.809560 -0.959754 -0.241119
3640000 3.792311 -0.998865 -0.136786
3650000 3.564834 -0.893772 -0.278640
3660000 3.537869 -0.855983 -0.197197
3670000 3.503520 -0.925819 -0.166209
3680000 2.409900 -0.886032 -0.296367
3690000 2.650621 -0.778406 -0.084838
3700000 2.124133 -0.929550 -0.348214
3710000 2.203315 -0.870149 -0.171851
3720000 2.631415 -0.959749 -0.184409
3730000 2.760267 -0.935224 -0.155787
3740000 2.458973 -0.865162 -0.168036
3750000 2.003019 -0.791121 -0.184983
3760000 1.757441 -0.889714 -0.111967
3770000 1.613633 -0.710148 -0.149396
3780000 1.536157 -0.852166 -0.042624
3790000 1.800631 -0.893087 -0.171727
3800000 2.021187 -0.834202 -0.183213
3810000 1.684461 -0.954224 -0.247815
3820000 1.694947 -0.857598 -0.286866
3830000 1.468120 -0.877338 -0.144173
3840000 0.982120 -0.898443 -0.199523
3850000 1.081801 -0.720544 -0.162971
3860000 0.979473 -0.878136 -0.063760
3870000 0.948948 -0.867346 -0.114345
3880000 0.947056 -0.818044 -0.145733
3890000 1.122453 -0.904750 -0.270865
3900000 1.079623 -0.746677 -0.158624
3910000 1.019829 -0.862613 -0.103661
3920000 1.181540 -0.878645 -0.288562
3930000 1.122175 -0.882759 -0.075217
3940000 1.182796 -0.945809 -0.166190
3950000 1.392257 -0.942369 -0.305743
3960000 1.331335 -0.820958 -0.281393
3970000 1.475414 -0.837526 -0.127353
3980000 1.766185 -0.848131 -0.240549
3990000 1.791549 -0.932345 -0.065905
4000000 2.053351 -0.863223 -0.181848
