100000 1.720954 -0.822978 -0.596522
110000 2.186111 -0.877963 -0.573929
120000 2.541173 -0.863899 -0.564774
130000 4.079548 -0.974041 -0.544298
140000 4.150397 -1.022813 -0.732101
150000 4.887338 -0.748547 -0.641968
160000 4.629727 -0.850304 -0.621252
170000 2.972067 -0.849419 -0.363129
180000 3.675405 -0.874023 -0.568885
190000 2.947736 -0.917456 -0.533591
200000 3.397467 -1.006537 -0.566671
210000 4.498345 -0.964621 -0.452355
220000 4.654348 -0.773565 -0.488498
230000 3.883236 -0.918028 -0.467673
240000 4.444218 -0.840365 -0.507826
250000 4.006820 -0.787000 -0.511783
260000 2.671504 -0.866210 -0.543957
270000 1.553824 -0.977238 -0.586205
280000 1.054481 -0.805163 -0.506886
290000 0.845217 -0.773135 -0.543357
300000 0.934088 -0.809286 -0.523017
310000 1.631367 -0.928857 -0.586107
320000 1.914000 -0.983770 -0.531982
330000 1.643443 -0.769711 -0.626216
340000 1.621742 -0.963070 -0.478013
350000 1.087896 -0.933665 -0.477897
360000 0.603712 -0.969957 -0.644335
370000 0.913757 -0.941183 -0.440094
380000 0.710852 -0.938185 -0.606227
390000 0.678313 -0.882259 -0.582995
400000 1.614296 -0.809581 -0.599492
410000 1.586396 -0.932485 -0.446799
420000 1.674137 -0.952997 -0.361057
430000 1.252646 -0.850678 -0.467520
440000 1.221884 -0.790136 -0.440488
450000 1.815908 -0.864379 -0.419294
460000 2.632976 -0.818088 -0.521708
470000 2.928816 -0.764419 -0.566014
480000 3.634730 -0.941357 -0.633454
490000 2.818156 -0.897668 -0.497893
500000 3.176871 -0.792205 -0.627354
510000 3.552302 -0.983243 -0.577931
520000 4.944577 -0.876106 -0.458600
530000 4.222385 -0.966763 -0.428090
540000 3.349206 -0.762985 -0.602240
550000 4.264017 -0.802396 -0.453908
560000 4.517741 -0.868041 -0.505428
570000 3.989798 -0.899152 -0.486433
580000 2.701992 -0.828512 -0.372450
590000 2.218141 -0.834543 -0.581121
600000 2.601797 -0.889583 -0.442917
610000 3.413910 -0.781983 -0.450785
620000 2.716141 -0.975956 -0.477645
630000 1.997990 -0.785821 -0.390395
640000 1.721917 -0.944940 -0.588261
650000 2.434208 -0.769180 -0.496462
660000 1.876539 -0.895688 -0.528683
670000 2.075400 -0.972270 -0.458156
680000 3.543679 -0.825836 -0.596883
690000 2.992702 -0.756540 -0.532444
700000 3.750396 -0.853076 -0.657440
710000 3.777604 -0.926666 -0.479150
720000 4.507326 -0.817140 -0.561906
730000 2.845734 -0.874596 -0.526174
740000 2.949571 -0.975829 -0.414943
750000 4.520973 -0.899435 -0.489783
760000 4.370514 -0.905880 -0.494531
770000 4.708317 -0.798208 -0.520079
780000 3.696982 -0.974515 -0.578448
790000 2.750025 -0.830917 -0.508870
800000 2.787426 -0.950570 -0.462484
810000 2.253422 -0.954672 -0.583569
820000 1.910401 -1.079072 -0.482917
830000 1.395680 -0.893733 -0.521933
840000 1.144877 -0.825076 -0.479803
850000 1.599139 -0.823338 -0.523954
860000 1.021228 -0.895605 -0.480558
870000 1.178771 -0.809441 -0.484039
880000 1.756589 -0.767684 -0.452803
890000 1.888612 -0.933740 -0.398404
900000 2.642609 -0.872170 -0.604485
910000 3.212519 -0.858855 -0.576363
920000 3.693348 -0.805163 -0.392188
930000 4.539129 -0.842365 -0.547525
940000 3.529398 -0.746531 -0.583810
950000 3.781222 -0.842626 -0.351417
960000 4.973861 -0.830242 -0.456186
970000 4.730301 -0.846378 -0.587315
980000 4.878844 -0.714914 -0.513342
990000 4.841126 -0.824104 -0.469933
1000000 4.298915 -0.854930 -0.648541
1010000 4.277339 -0.854582 -0.597117
1020000 3.079370 -0.909725 -0.638902
1030000 3.097004 -0.958548 -0.582764
1040000 2.726740 -0.938715 -0.507590
1050000 2.152071 -0.961192 -0.453919
1060000 2.091474 -0.946291 -0.579281
1070000 3.748524 -0.872139 -0.476647
1080000 3.322912 -0.943639 -0.540681
1090000 4.027294 -0.931360 -0.448499
1100000 2.899653 -0.913894 -0.753181
1110000 3.455213 -0.900898 -0.505061
1120000 4.414254 -0.888563 -0.586375
1130000 3.462121 -0.918720 -0.569221
1140000 5.038443 -0.678619 -0.558773
1150000 4.006622 -0.874537 -0.522681
1160000 2.543134 -0.865627 -0.499166
1170000 2.775692 -0.786925 -0.433347
1180000 2.501458 -0.836372 -0.414311
1190000 1.807281 -0.779757 -0.528452
1200000 1.822680 -0.861085 -0.511758
1210000 1.620938 -0.967834 -0.596373
1220000 1.364653 -0.896671 -0.585803
1230000 0.706505 -0.814828 -0.689556
1240000 0.584281 -0.695616 -0.513014
1250000 0.739237 -0.888499 -0.595994
1260000 0.499879 -0.979670 -0.649623
1270000 0.690397 -0.822982 -0.641318
1280000 0.853738 -0.794618 -0.513275
1290000 1.089105 -0.828878 -0.364435
1300000 1.250668 -0.903807 -0.507530
1310000 1.077133 -0.883834 -0.548920
1320000 0.833113 -1.013961 -0.518871
1330000 1.318120 -0.980464 -0.537718
1340000 1.894072 -0.972680 -0.341316
1350000 2.252304 -0.846015 -0.510874
1360000 1.807888 -0.862194 -0.490743
1370000 1.592510 -0.931309 -0.493211
1380000 1.224964 -0.806633 -0.538034
1390000 1.703576 -0.860580 -0.493274
1400000 1.206291 -0.887220 -0.560246
1410000 1.192229 -0.814595 -0.381463
1420000 1.423314 -0.982523 -0.637645
1430000 1.468337 -0.774744 -0.496679
1440000 1.225636 -0.888635 -0.494521
1450000 2.009337 -0.964372 -0.478623
1460000 2.483103 -1.030840 -0.503135
1470000 2.590463 -0.865904 -0.555579
1480000 2.965884 -0.876017 -0.557425
1490000 3.328470 -0.867838 -0.516903
1500000 4.249476 -0.949531 -0.452260
1510000 4.921728 -0.876964 -0.603853
1520000 3.939252 -0.890801 -0.566409
1530000 3.102004 -0.894440 -0.623812
1540000 2.546310 -0.859524 -0.532757
1550000 3.120865 -0.883901 -0.581188
1560000 3.745887 -0.687359 -0.523319
1570000 3.926813 -0.828395 -0.619921
1580000 4.104900 -0.875480 -0.572116
1590000 4.386369 -0.894280 -0.613448
1600000 4.737548 -0.972989 -0.472923
1610000 4.942936 -1.084308 -0.502658
1620000 4.712638 -0.865470 -0.659058
1630000 4.330886 -0.820841 -0.435555
1640000 3.318421 -0.961932 -0.616033
1650000 3.242836 -1.009303 -0.466313
1660000 2.952659 -0.847054 -0.522294
1670000 3.250219 -0.856748 -0.510479
1680000 2.348408 -0.947014 -0.472433
1690000 2.220949 -0.814250 -0.610141
1700000 2.968906 -0.987339 -0.519638
1710000 3.446946 -0.936541 -0.601305
1720000 3.853146 -0.906006 -0.456883
1730000 2.553582 -0.809164 -0.483475
1740000 2.405856 -0.869225 -0.482947
1750000 2.399333 -0.818243 -0.520809
1760000 1.841856 -0.894118 -0.651266
1770000 2.174099 -0.894906 -0.511602
1780000 1.796488 -0.883815 -0.544048
1790000 2.397018 -0.832725 -0.467997
1800000 1.678640 -0.832530 -0.564138
1810000 1.824392 -0.760507 -0.526061
1820000 1.892592 -0.891009 -0.575471
1830000 2.116432 -0.956117 -0.374281
1840000 2.689285 -0.772335 -0.571494
1850000 3.248427 -0.869887 -0.502456
1860000 4.172801 -0.855965 -0.618463
1870000 4.813846 -0.937485 -0.531289
1880000 4.604708 -0.809540 -0.624489
1890000 4.049790 -0.900990 -0.485484
1900000 4.156423 -0.759871 -0.460841
1910000 4.742875 -0.866875 -0.527897
1920000 4.694580 -0.846278 -0.446148
1930000 4.948381 -0.801433 -0.505928
1940000 5.071672 -0.797214 -0.614159
1950000 4.538229 -0.872423 -0.584563
1960000 3.832256 -0.714742 -0.675000
1970000 3.874585 -0.779288 -0.578930
1980000 4.932750 -1.027644 -0.550781
1990000 3.773719 -0.957733 -0.614317
2000000 3.943987 -0.900282 -0.478131
2010000 5.028631 -0.889094 -0.486406
2020000 4.967062 -0.957181 -0.518433
2030000 4.187737 -0.793571 -0.648859
2040000 4.656078 -0.836435 -0.546431
2050000 4.933760 -0.751915 -0.497494
2060000 4.074501 -1.035322 -0.590563
2070000 3.414532 -1.021540 -0.429055
2080000 2.780303 -0.816542 -0.633002
2090000 2.886654 -0.742941 -0.449900
2100000 3.244653 -0.927715 -0.679190
2110000 3.754294 -0.721451 -0.574166
2120000 4.160124 -0.912376 -0.604144
2130000 3.550148 -0.820165 -0.506708
2140000 3.885758 -0.830023 -0.594857
2150000 3.438394 -0.851451 -0.526432
2160000 3.088656 -0.836672 -0.512735
2170000 2.510166 -0.793448 -0.552230
2180000 2.491808 -0.827225 -0.528253
2190000 2.162886 -0.800901 -0.605510
2200000 2.201824 -0.698278 -0.599843
2210000 1.707771 -1.093217 -0.571767
2220000 1.730344 -0.886271 -0.564070
2230000 1.002529 -0.915913 -0.560357
2240000 1.018257 -0.926972 -0.460267
2250000 1.051825 -0.949239 -0.543625
2260000 1.097286 -0.759500 -0.574153
2270000 0.940180 -0.834595 -0.587076
2280000 0.730704 -0.720388 -0.520346
2290000 0.816268 -0.892708 -0.441088
2300000 1.185524 -0.865667 -0.542962
2310000 1.360993 -0.912481 -0.464015
2320000 1.404655 -0.943141 -0.449953
2330000 1.121310 -0.807745 -0.452981
2340000 1.017350 -0.863262 -0.605752
2350000 1.015990 -0.882924 -0.572803
2360000 0.853416 -0.887596 -0.486468
2370000 1.237754 -0.722456 -0.601814
2380000 1.791035 -0.766464 -0.708478
2390000 1.970069 -0.848321 -0.477551
2400000 1.318430 -0.776716 -0.480247
2410000 1.597276 -0.797786 -0.564020
2420000 1.240466 -0.797071 -0.488140
2430000 1.152643 -0.743256 -0.550760
2440000 1.412154 -1.002002 -0.503286
2450000 1.928448 -0.856980 -0.546160
2460000 2.157586 -0.756023 -0.620089
2470000 2.133271 -0.949405 -0.523182
2480000 2.638798 -0.776424 -0.531992
2490000 2.834993 -0.733274 -0.531176
2500000 2.216790 -0.854071 -0.487422
2510000 2.781399 -0.790822 -0.526739
2520000 2.874618 -0.985436 -0.417021
2530000 2.801084 -0.848632 -0.625119
2540000 3.643219 -0.886731 -0.488769
2550000 4.189148 -0.939229 -0.489274
2560000 4.925111 -0.880476 -0.522798
2570000 4.163745 -0.858588 -0.507250
2580000 3.843675 -0.930458 -0.549738
2590000 3.221257 -0.805905 -0.616791
2600000 2.580245 -0.809482 -0.446927
2610000 3.027709 -0.858886 -0.506698
2620000 3.941785 -0.982108 -0.420604
2630000 4.435600 -0.885219 -0.397566
2640000 4.769913 -0.870796 -0.431706
2650000 3.763365 -0.916388 -0.477925
2660000 3.981621 -0.785197 -0.498739
2670000 4.106277 -0.887348 -0.462521
2680000 4.737295 -0.910243 -0.499248
2690000 4.765515 -0.774779 -0.377489
2700000 4.860499 -0.937918 -0.382968
2710000 4.388785 -0.639092 -0.512465
2720000 4.909248 -0.878193 -0.557419
2730000 4.880891 -0.998644 -0.575867
2740000 4.740290 -0.922282 -0.497211
2750000 3.469556 -0.845198 -0.555871
2760000 3.797140 -0.875513 -0.522806
2770000 3.186239 -0.867379 -0.497203
2780000 2.647468 -0.915624 -0.551461
2790000 3.088141 -0.947330 -0.607306
2800000 3.630393 -0.968516 -0.477376
2810000 4.142070 -0.852230 -0.510159
2820000 3.867696 -0.871786 -0.507062
2830000 2.722490 -0.882273 -0.553825
2840000 2.540756 -0.872578 -0.603429
2850000 1.937580 -0.986925 -0.419593
2860000 1.812242 -0.910319 -0.601608
2870000 2.268865 -0.927556 -0.480610
2880000 1.615826 -0.885899 -0.603873
2890000 1.913807 -0.943994 -0.625122
2900000 2.321449 -0.990596 -0.562090
2910000 2.389809 -0.768836 -0.502889
2920000 1.749544 -1.011647 -0.426780
2930000 1.632902 -0.738662 -0.592736
2940000 1.679560 -0.795734 -0.586151
2950000 1.858780 -0.873037 -0.596643
2960000 1.742831 -0.781218 -0.586308
2970000 2.104809 -0.831756 -0.575171
2980000 2.807353 -0.822310 -0.503460
2990000 1.945330 -0.805634 -0.482988
3000000 2.231399 -0.749463 -0.615133
3010000 2.712753 -0.834819 -0.675424
3020000 3.280610 -0.784286 -0.546181
3030000 2.823445 -0.890752 -0.471307
3040000 3.330521 -0.908472 -0.547661
3050000 3.403508 -0.963282 -0.589809
3060000 4.242785 -0.999187 -0.536646
3070000 4.919130 -0.843367 -0.467754
3080000 4.414080 -0.961108 -0.391149
3090000 3.858294 -0.975830 -0.610784
3100000 3.368650 -0.887362 -0.548380
3110000 4.104160 -0.773001 -0.612074
3120000 4.215235 -0.894025 -0.400926
3130000 3.189952 -0.811451 -0.470807
3140000 3.283757 -0.929596 -0.517945
3150000 4.041839 -0.952597 -0.449921
3160000 4.643144 -0.936896 -0.539752
3170000 3.589707 -0.918692 -0.434227
3180000 4.234402 -0.887250 -0.602649
3190000 4.853962 -0.895636 -0.516360
3200000 3.686118 -0.910897 -0.590706
3210000 3.101771 -0.919431 -0.481233
3220000 2.778586 -0.944344 -0.503951
3230000 2.905804 -0.892953 -0.365600
3240000 2.397631 -0.929746 -0.538843
3250000 3.162155 -0.813233 -0.458581
3260000 2.938989 -0.899877 -0.504747
3270000 2.807081 -0.857341 -0.542988
3280000 2.069517 -1.014193 -0.456234
3290000 2.793054 -0.795867 -0.535318
3300000 2.535781 -0.759177 -0.528064
3310000 1.965602 -0.889924 -0.594015
3320000 3.287135 -0.773705 -0.491924
3330000 3.927447 -0.808512 -0.442660
3340000 3.057070 -0.910160 -0.545770
3350000 2.749172 -1.012934 -0.497209
3360000 2.771055 -0.787674 -0.547532
3370000 2.072573 -0.862691 -0.551079
3380000 1.816198 -0.994393 -0.433727
3390000 1.738866 -0.917706 -0.675162
3400000 1.266425 -0.957731 -0.621973
3410000 1.308968 -0.927422 -0.521358
3420000 0.813419 -0.893934 -0.537792
3430000 0.841259 -0.803525 -0.407020
3440000 0.675616 -0.849097 -0.471810
3450000 0.577032 -0.886835 -0.490968
3460000 0.916746 -0.959405 -0.562529
3470000 0.943210 -0.747106 -0.552928
3480000 1.115672 -0.855525 -0.552549
3490000 1.007148 -0.864315 -0.520608
3500000 1.221702 -0.986086 -0.449894
3510000 1.509455 -0.966387 -0.609751
3520000 1.239817 -0.758386 -0.495616
3530000 0.917782 -0.854084 -0.507659
3540000 1.022259 -0.959481 -0.476731
3550000 0.874278 -0.729877 -0.450274
3560000 0.806091 -0.826134 -0.561829
3570000 1.624932 -0.908552 -0.424616
3580000 1.518416 -0.859903 -0.316639
3590000 1.110302 -0.937998 -0.582654
3600000 1.068073 -0.827449 -0.462693
3610000 1.036361 -0.904799 -0.493404
3620000 1.211285 -0.839948 -0.496200
3630000 1.931189 -0.852874 -0.430997
3640000 2.076671 -0.747632 -0.481272
3650000 2.415660 -0.902938 -0.629536
3660000 3.363292 -0.870200 -0.547668
3670000 3.737453 -0.949459 -0.482547
3680000 3.395252 -0.973427 -0.447242
3690000 4.075922 -0.776622 -0.502568
3700000 4.515547 -0.820446 -0.630504
3710000 4.970648 -0.815806 -0.446837
3720000 4.613842 -0.920449 -0.443174
3730000 4.491675 -0.824690 -0.496525
3740000 4.454570 -0.862348 -0.475010
3750000 4.881717 -0.925792 -0.385295
3760000 4.901509 -0.787448 -0.546987
3770000 4.839969 -0.902628 -0.423904
3780000 4.833000 -0.919681 -0.484170
3790000 4.409906 -0.903358 -0.422813
3800000 4.364519 -0.715649 -0.506733
3810000 2.928820 -0.949031 -0.563640
3820000 4.491163 -0.983772 -0.435374
3830000 3.793610 -0.803372 -0.515416
3840000 4.859568 -0.817202 -0.492394
3850000 4.815936 -1.015785 -0.454326
3860000 4.468785 -1.036587 -0.455516
3870000 4.054036 -0.954619 -0.450745
3880000 4.133585 -0.862775 -0.437075
3890000 4.483373 -0.731881 -0.575981
3900000 3.611877 -0.971634 -0.471424
3910000 3.302551 -0.829701 -0.520148
3920000 3.725417 -0.838462 -0.625721
3930000 2.916812 -0.936226 -0.608947
3940000 2.646297 -0.767236 -0.523195
3950000 2.038445 -0.914885 -0.491446
3960000 2.045926 -0.914153 -0.542478
3970000 2.131944 -0.774211 -0.658238
3980000 3.268267 -0.946122 -0.462914
3990000 2.973955 -0.736299 -0.551744
4000000 2.881634 -0.916485 -0.532487
