100000 3.072598 2.787286 0.822409
110000 1.481363 2.820791 0.974216
120000 1.368908 2.682641 0.991651
130000 2.132968 2.803459 0.926703
140000 2.370727 2.729268 0.790076
150000 3.362030 2.787761 0.910622
160000 1.927523 2.854117 0.860837
170000 2.180290 2.764429 0.865821
180000 1.189438 2.832890 0.908220
190000 1.289956 2.959136 0.915550
200000 1.035430 2.690787 0.910934
210000 0.826394 2.864219 0.845641
220000 1.301513 2.786766 0.862690
230000 1.583856 2.867820 0.826645
240000 1.680191 2.873552 0.849004
250000 1.845029 2.803958 0.853253
260000 2.742199 2.844614 0.847421
270000 3.451627 2.853789 0.782095
280000 4.383215 2.850553 0.914728
290000 3.923259 2.858818 0.869968
300000 3.409604 2.879420 0.842393
310000 2.783813 2.770682 1.006255
320000 3.272097 2.791407 0.883382
330000 4.337894 2.766632 0.793207
340000 4.990268 2.753156 0.956380
350000 4.873458 2.821991 0.858159
360000 3.870595 2.730329 0.924087
370000 3.199853 2.864428 0.783614
380000 4.353516 2.827507 0.797449
390000 4.164208 2.764556 0.901434
400000 4.564589 2.823819 0.945011
410000 3.368274 2.879052 0.918843
420000 2.385947 2.888368 1.004357
430000 2.568276 2.876594 0.852068
440000 2.433125 2.811772 0.844153
450000 2.043974 2.771411 0.905989
460000 2.811335 2.836527 0.868932
470000 1.988921 2.823252 0.938817
480000 1.110013 2.789337 0.859993
490000 0.874760 2.780829 0.827178
500000 1.454295 2.657975 0.842655
510000 1.682814 2.642459 0.804217
520000 1.700917 2.861599 0.914718
530000 1.584565 2.954483 0.957935
540000 2.506869 2.758985 0.837739
550000 3.045366 2.806821 0.826253
560000 3.751510 2.792937 0.822693
570000 3.577729 2.848080 0.814172
580000 3.587215 2.885560 0.990167
590000 4.756172 2.821679 0.898136
600000 4.391850 2.797711 0.837642
610000 4.659078 2.709469 0.800625
620000 4.088201 2.812058 0.876419
630000 3.960664 2.822055 0.864140
640000 4.711740 3.014566 0.900975
650000 4.572519 2.861062 0.894168
660000 4.763030 2.779512 0.922803
670000 4.491958 2.792361 0.971926
680000 3.502650 2.686072 0.820561
690000 3.062266 2.875840 0.955722
700000 2.566621 2.827980 0.846703
710000 2.364678 2.865706 0.847303
720000 2.900253 2.812462 0.898911
730000 2.606477 2.853489 0.959829
740000 2.038088 2.724103 0.818984
750000 2.896919 2.751347 0.835033
760000 3.547200 2.802746 0.971612
770000 4.207981 2.875888 0.853096
780000 3.960333 2.783074 0.939645
790000 3.941931 2.735106 0.899743
800000 3.895883 2.725447 0.969200
810000 3.812388 2.960777 0.686452
820000 3.113253 2.962511 0.871009
830000 3.012268 2.756126 0.919472
840000 2.999141 2.850038 0.862891
850000 3.279921 2.899120 0.828441
860000 4.088607 2.700813 0.801407
870000 3.930786 2.803399 0.824235
880000 3.777208 2.716683 0.836362
890000 3.691534 2.753433 0.916934
900000 3.884581 2.846120 0.890114
910000 3.584519 2.797191 0.927825
920000 2.764852 2.980893 0.891922
930000 2.818940 2.680262 0.856068
940000 3.332493 2.721107 0.839721
950000 4.268451 2.767172 0.933204
960000 4.643015 2.740988 0.901351
970000 4.364586 2.801309 0.871651
980000 3.075188 2.842762 0.969426
990000 2.228784 2.732915 0.949861
1000000 1.517995 2.645399 0.911004
1010000 1.490805 2.829123 0.874837
1020000 1.285512 2.709478 0.804102
1030000 1.091408 2.700280 0.820208
1040000 0.613286 2.844609 0.876301
1050000 0.812610 2.685827 0.874879
1060000 0.746545 2.779868 0.985229
1070000 0.760446 2.918575 0.932806
1080000 0.899546 2.800718 0.853902
1090000 0.559506 2.623366 0.844701
1100000 0.507156 2.796002 0.876474
1110000 0.939994 2.655827 1.089840
1120000 1.311687 2.836930 0.892460
1130000 1.165317 2.669368 0.841402
1140000 1.562197 2.865656 0.750100
1150000 2.097701 2.782531 0.952453
1160000 1.853825 2.861537 0.810132
1170000 2.431496 2.854755 0.804563
1180000 1.968423 2.737047 0.935291
1190000 1.513497 2.823229 0.838403
1200000 1.092121 2.750795 0.933884
1210000 1.324230 2.719988 0.847256
1220000 0.988046 2.839845 0.989849
1230000 1.018507 2.834054 0.756930
1240000 0.799620 2.737349 0.913973
1250000 1.429220 2.650600 0.873962
1260000 1.322584 2.728849 0.964070
1270000 1.651300 2.658051 0.950921
1280000 1.891988 2.803922 0.912079
1290000 1.537180 2.835657 0.878069
1300000 1.231298 2.836976 0.976894
1310000 1.152453 2.757601 0.942067
1320000 1.227857 2.677995 0.842307
1330000 1.504248 2.754968 0.873123
1340000 1.474288 2.728141 0.890925
1350000 1.834892 2.720063 0.807719
1360000 2.430429 2.863283 0.945965
1370000 2.440566 2.674100 0.937961
1380000 2.062623 2.955872 0.855903
1390000 2.907891 2.864023 1.081261
1400000 2.560332 2.894823 0.834066
1410000 4.546797 2.713327 0.933496
1420000 4.834225 2.706981 0.983519
1430000 4.889900 2.629785 0.909980
1440000 4.674377 2.814596 0.791362
1450000 3.795997 2.773571 1.014668
1460000 3.934589 2.842000 0.936550
1470000 4.924413 2.624852 0.855547
1480000 4.229202 2.841966 0.935163
1490000 4.612809 2.755253 0.917804
1500000 4.436928 2.757541 0.789298
1510000 3.652056 2.772975 0.933413
1520000 3.044401 2.904592 0.784691
1530000 3.930696 2.773797 0.850366
1540000 3.420742 2.733394 0.783641
1550000 4.159114 2.881771 0.923207
1560000 4.064090 2.870350 0.916732
1570000 4.827943 2.806631 0.758311
1580000 4.688185 2.744632 0.929410
1590000 4.609623 2.716045 0.752626
1600000 3.519418 2.751362 0.819723
1610000 2.675458 2.749488 0.876190
1620000 2.408561 2.762387 0.712753
1630000 2.493008 2.830371 0.839711
1640000 2.522384 2.662990 0.822301
1650000 3.471546 2.827539 0.843086
1660000 3.862427 2.715042 0.889391
1670000 3.158631 2.800051 0.838756
1680000 3.706502 2.734713 0.968004
1690000 4.204036 2.765625 0.842889
1700000 5.021912 2.900098 0.898451
1710000 4.838175 2.760629 0.895678
1720000 4.482358 2.890127 0.779683
1730000 4.905312 2.829408 0.867595
1740000 4.885032 2.702761 0.775600
1750000 4.073136 2.823784 0.735084
1760000 3.648216 2.778254 0.862462
1770000 4.022664 2.750230 0.907836
1780000 4.587593 2.762082 0.782389
1790000 3.936636 2.635135 0.767294
1800000 3.069154 2.834346 0.921964
1810000 3.327975 2.890554 0.844593
1820000 3.494327 2.856650 0.876306
1830000 2.653613 2.926161 0.745647
1840000 2.094937 2.784635 0.883742
1850000 2.224348 2.689222 0.943068
1860000 2.062336 2.807773 0.959860
1870000 1.834171 2.778248 0.760176
1880000 2.733991 2.785797 0.821656
1890000 2.473878 2.727452 0.999461
1900000 3.268923 2.720600 0.914996
1910000 2.665721 2.579224 0.930876
1920000 2.169282 2.763435 0.948620
1930000 2.563054 2.827087 0.816103
1940000 3.638933 2.891562 0.865718
1950000 3.756702 2.769546 0.818377
1960000 4.746587 2.699484 0.818997
1970000 4.708482 2.804605 0.891426
1980000 4.261963 2.730586 0.938643
1990000 3.036246 2.832217 0.792588
2000000 3.190372 2.841159 0.858122
2010000 2.176329 2.829535 0.788961
2020000 1.822097 2.903324 0.968403
2030000 1.728847 2.729564 0.894026
2040000 1.686210 2.848839 0.844845
2050000 1.684150 2.652391 0.783466
2060000 1.508691 2.719409 0.836983
2070000 1.262559 2.699951 0.738002
2080000 1.061456 2.758128 0.950333
2090000 0.997104 2.735826 0.794415
2100000 0.771343 2.787079 1.040463
2110000 0.873551 2.872079 0.969079
2120000 0.655916 2.902708 0.692733
2130000 0.891278 2.793938 0.829925
2140000 1.029078 2.734863 0.682385
2150000 1.094942 2.798907 0.825527
2160000 1.316091 2.856965 0.867979
2170000 1.147746 2.824582 0.915970
2180000 1.124108 2.846848 0.870613
2190000 1.738148 2.872079 0.752370
2200000 1.775729 2.702493 0.974115
2210000 1.854763 2.659159 0.899584
2220000 2.259270 2.877933 0.812516
2230000 2.247118 2.859849 0.920038
2240000 3.056054 2.770784 0.985815
2250000 3.510064 2.769622 0.890426
2260000 3.351274 2.823069 0.880258
2270000 3.784182 2.759598 0.897290
2280000 4.174997 2.791888 0.978830
2290000 3.863117 2.820587 0.927746
2300000 3.706640 2.824191 0.937957
2310000 4.650684 2.802176 0.685402
2320000 5.029282 2.755713 0.929434
2330000 5.019552 2.794766 0.867610
2340000 4.378741 2.872555 0.907226
2350000 4.237319 2.788201 0.957647
2360000 3.366094 2.689847 0.736135
2370000 3.192141 2.729264 0.702537
2380000 3.460606 2.656937 0.987365
2390000 4.422745 2.955589 0.820892
2400000 5.013194 2.717155 0.833731
2410000 4.176550 2.885091 0.870057
2420000 3.768585 2.981534 0.861043
2430000 3.316395 2.720664 0.783322
2440000 3.221608 2.867876 0.710656
2450000 2.400457 2.835210 1.056776
2460000 2.095788 2.815808 0.920521
2470000 2.065499 2.752073 0.912405
2480000 1.883330 2.841906 0.706368
2490000 1.613603 2.793782 0.860205
2500000 1.477119 2.758293 0.864296
2510000 1.449563 2.870501 0.793360
2520000 1.779418 2.802019 0.854498
2530000 2.076456 2.770083 0.790889
2540000 2.554465 2.745196 0.830259
2550000 2.959314 2.744430 0.759434
2560000 3.582330 2.700777 0.863519
2570000 3.821896 2.778572 0.839979
2580000 3.288553 2.874804 0.950231
2590000 4.225967 2.882131 0.843371
2600000 4.953268 2.806034 0.813730
2610000 4.994519 2.752624 0.938911
2620000 4.728799 2.793588 0.854911
2630000 4.344660 2.812481 0.781874
2640000 4.732265 2.886726 0.898819
2650000 3.300226 2.781674 0.960251
2660000 2.702386 2.817008 0.961310
2670000 2.595410 2.760728 0.714378
2680000 2.423066 2.776478 0.836789
2690000 2.151999 2.792010 0.904909
2700000 2.156183 2.800597 0.852615
2710000 2.593578 2.740797 0.887071
2720000 2.702951 2.810783 0.826682
2730000 2.771874 2.706748 0.870357
2740000 2.993441 2.944817 0.818911
2750000 4.097751 2.795500 0.851001
2760000 4.001544 2.723327 0.895945
2770000 4.038609 2.796592 0.932190
2780000 3.886628 2.768184 0.785425
2790000 3.044643 2.803769 0.877084
2800000 2.664410 2.808777 0.892175
2810000 1.859241 2.772078 0.852745
2820000 1.828862 2.886755 0.844008
2830000 1.717373 2.810064 0.870199
2840000 1.351382 2.882894 0.848471
2850000 1.318736 2.724027 0.976638
2860000 1.483255 2.762835 0.930332
2870000 2.076684 2.762976 0.984121
2880000 2.163626 2.883878 0.836893
2890000 1.946192 2.783789 0.878676
2900000 1.532797 2.808299 0.948549
2910000 1.877488 2.763092 0.838475
2920000 1.838361 2.777072 0.969462
2930000 1.984675 2.750033 0.783719
2940000 2.276121 2.746321 0.860224
2950000 2.556418 2.841317 0.825911
2960000 2.915902 2.779914 0.780893
2970000 3.627644 2.764989 0.816017
2980000 4.920909 2.774494 0.855848
2990000 4.849316 2.855767 1.026103
3000000 4.067559 2.766296 0.762307
3010000 3.790886 2.752787 0.866387
3020000 4.449718 2.738522 0.960216
3030000 4.723920 2.991397 0.877882
3040000 3.418398 2.816180 0.863242
3050000 2.626693 2.887502 0.925607
3060000 2.641512 2.862669 0.914138
3070000 2.466544 2.779527 0.877422
3080000 3.332999 2.708435 0.912588
3090000 3.225376 2.725179 0.812084
3100000 3.227320 3.010248 0.712930
3110000 3.602932 2.737909 0.785390
3120000 3.899559 2.744702 1.068557
3130000 3.763333 2.804686 0.763240
3140000 4.962395 2.969681 0.750427
3150000 4.993160 2.772352 0.942593
3160000 3.722027 2.880492 0.864731
3170000 3.438385 2.897738 0.926398
3180000 4.218616 2.791729 0.708944
3190000 3.704641 2.885023 0.802017
3200000 4.401861 2.808098 0.931658
3210000 5.020353 2.830768 0.800710
3220000 4.386544 2.853066 0.845645
3230000 4.926828 2.769012 0.947815
3240000 4.809166 2.732535 0.874058
3250000 3.774449 2.761326 0.896787
3260000 4.895961 2.855527 0.832080
3270000 3.793442 2.831685 0.862130
3280000 3.188485 2.847886 0.820002
3290000 2.966089 2.728894 0.925277
3300000 2.478045 2.860003 0.884530
3310000 2.535876 2.821926 0.882661
3320000 1.778748 2.825072 0.942401
3330000 1.841468 2.929422 0.939743
3340000 1.124153 2.675415 0.946638
3350000 1.291620 2.863142 1.035803
3360000 1.129974 2.774649 0.786031
3370000 0.887596 2.698873 0.803388
3380000 0.944101 2.811425 0.835939
3390000 1.232248 2.725765 0.847517
3400000 1.113230 2.721333 0.865240
3410000 0.943194 2.760798 0.796691
3420000 1.339278 2.857379 0.857998
3430000 0.936855 2.799575 0.742914
3440000 0.695431 2.742011 0.795462
3450000 0.934092 2.803213 0.943452
3460000 0.753612 2.871470 0.819633
3470000 0.732970 2.764437 0.866944
3480000 0.568874 2.884568 0.905491
3490000 0.856497 2.859764 0.946421
3500000 0.681906 2.811473 0.859091
3510000 0.874061 2.782053 0.770145
3520000 1.162216 2.697420 0.893653
3530000 1.577019 2.774208 0.967001
3540000 1.580263 2.699812 0.892023
3550000 1.291072 2.845971 0.953853
3560000 1.377555 2.805448 0.814420
3570000 1.543873 2.765932 0.848902
3580000 1.719416 2.749136 0.766281
3590000 1.848067 2.789906 0.820723
3600000 1.818573 2.844781 0.903861
3610000 2.178918 2.797883 0.932626
3620000 2.314618 2.770644 0.848708
3630000 2.645937 2.806970 0.868517
3640000 2.304727 2.754720 0.859294
3650000 2.446852 2.868410 0.851956
