100000 1.368481 -0.823165 -0.751410
110000 1.635987 -0.937924 -1.023091
120000 1.823263 -0.746820 -0.813077
130000 2.036028 -0.764630 -0.912567
140000 1.624222 -0.828752 -0.915307
150000 2.371692 -0.729507 -0.893083
160000 2.709406 -0.855882 -0.845176
170000 3.175906 -0.938146 -1.033106
180000 3.920594 -0.894189 -0.973717
190000 4.775550 -0.840836 -0.996801
200000 5.083338 -0.939019 -0.803554
210000 4.102632 -0.985916 -0.941786
220000 4.317673 -0.897991 -0.779516
230000 3.731516 -0.890653 -0.989712
240000 4.444295 -0.938819 -0.826028
250000 4.619578 -0.893855 -0.832273
260000 5.035432 -0.898206 -0.912178
270000 4.060915 -0.918418 -0.831649
280000 3.458274 -0.984850 -0.862791
290000 3.327716 -0.861449 -0.990768
300000 3.430951 -0.918313 -0.756320
310000 3.090346 -0.803151 -0.766144
320000 3.505365 -0.899737 -0.934134
330000 3.825889 -0.882422 -0.921898
340000 5.004754 -0.859602 -0.852580
350000 4.876892 -0.957459 -1.020887
360000 4.920610 -0.901347 -0.847710
370000 4.051932 -0.915296 -0.799862
380000 3.829411 -0.824521 -0.846648
390000 3.991384 -0.881906 -0.849268
400000 4.031461 -0.771375 -0.932616
410000 3.140974 -0.851166 -0.874775
420000 2.617299 -0.848893 -0.885180
430000 3.113047 -0.839453 -0.909538
440000 2.738692 -0.806761 -0.790535
450000 3.204560 -0.867178 -0.827916
460000 2.837751 -1.049903 -0.787045
470000 4.541295 -0.931092 -0.858729
480000 4.686028 -0.890413 -0.836566
490000 4.955630 -0.830561 -0.955629
500000 4.891038 -0.842304 -0.883028
510000 4.896796 -0.826058 -0.926198
520000 3.341645 -0.846427 -1.016651
530000 3.514479 -0.817796 -0.950815
540000 4.384998 -0.827324 -0.758902
550000 4.242100 -0.885164 -0.850787
560000 2.658352 -0.982047 -0.832374
570000 2.338600 -0.865688 -0.880364
580000 1.875379 -0.968398 -0.915674
590000 2.382738 -0.912969 -0.923202
600000 3.408234 -0.942793 -0.809521
610000 3.040342 -0.781141 -0.925256
620000 3.340612 -0.936662 -0.839819
630000 3.112754 -0.869323 -0.844819
640000 2.691456 -0.760665 -0.889081
650000 2.401029 -0.929777 -0.902205
660000 3.185061 -0.888979 -0.912442
670000 2.011169 -0.866143 -0.837902
680000 1.919443 -0.850768 -0.904287
690000 1.716794 -0.838552 -0.924013
700000 1.829612 -0.835619 -0.878863
710000 1.459801 -0.968459 -0.880417
720000 1.937097 -0.898015 -0.892764
730000 1.869329 -0.988231 -0.745438
740000 1.601697 -0.885528 -0.735413
750000 1.193466 -0.926944 -0.961284
760000 1.560081 -0.792698 -0.942270
770000 1.653204 -0.764102 -0.924862
780000 1.425936 -1.016870 -0.982920
790000 1.189177 -0.871317 -0.896866
800000 0.777914 -0.862191 -0.912200
810000 0.650075 -0.826102 -0.985156
820000 0.717222 -0.770577 -0.930983
830000 0.851623 -0.827192 -0.794139
840000 0.690314 -0.932997 -0.856503
850000 0.502234 -1.031886 -0.824934
860000 0.592569 -0.986180 -0.853611
870000 1.186410 -0.852612 -0.998756
880000 0.731924 -0.858014 -0.860837
890000 0.907736 -0.797727 -0.899891
900000 0.963432 -0.852035 -0.910548
910000 0.903923 -0.901335 -0.952088
920000 0.708652 -1.036653 -0.896261
930000 0.636602 -0.969909 -0.930978
940000 0.943582 -0.739169 -0.805245
950000 0.568802 -0.878846 -0.887680
960000 0.496417 -0.803455 -0.955888
970000 0.502909 -0.992124 -0.851506
980000 0.713310 -0.909609 -0.899052
990000 0.912260 -0.769089 -0.850530
1000000 1.096429 -0.871969 -1.064976
1010000 1.080432 -0.783676 -0.830829
1020000 1.322107 -0.792230 -0.877302
1030000 1.289989 -0.971481 -0.818294
1040000 1.718992 -0.839065 -0.887014
1050000 2.122060 -0.962478 -0.863583
1060000 2.114372 -0.856258 -0.899916
1070000 2.828321 -0.985274 -0.775941
1080000 3.242886 -0.846513 -0.725475
1090000 3.487476 -0.932887 -0.762953
1100000 3.263532 -0.933328 -0.833183
1110000 4.512480 -0.922577 -0.758127
1120000 4.238770 -0.821398 -0.913603
1130000 4.614887 -0.980410 -0.829725
1140000 5.086039 -0.865387 -0.891607
1150000 4.970499 -0.870600 -0.958176
1160000 4.937703 -0.915896 -0.848290
1170000 4.927996 -0.893508 -0.849673
1180000 4.243912 -0.855620 -0.939003
1190000 4.703864 -0.865026 -0.870594
1200000 4.847290 -0.947183 -1.017711
1210000 4.412391 -0.954739 -0.817209
1220000 4.159309 -0.777034 -0.958947
1230000 4.212905 -0.919680 -0.857935
1240000 3.549779 -0.788802 -0.925623
1250000 2.883987 -0.864416 -0.918025
1260000 2.773540 -0.886697 -0.940857
1270000 2.564286 -0.861479 -0.745323
1280000 2.229398 -0.832719 -0.878567
1290000 2.624411 -0.991136 -0.904132
1300000 2.718639 -0.774726 -0.884055
1310000 3.971599 -0.823369 -0.983602
1320000 4.277628 -0.883606 -0.971348
1330000 4.552784 -0.902224 -0.968930
1340000 4.226736 -0.789571 -0.952674
1350000 4.317079 -0.923903 -0.915385
1360000 4.300485 -0.950218 -0.809232
1370000 4.682496 -0.873633 -0.779890
1380000 4.658028 -0.783016 -0.861488
1390000 4.148087 -0.777697 -0.942642
1400000 3.631665 -0.871699 -0.875962
1410000 3.229679 -1.018358 -0.861251
1420000 3.075491 -0.823705 -0.874390
1430000 2.405216 -0.871481 -0.858261
1440000 2.969135 -0.880102 -0.968920
1450000 1.839492 -0.857271 -0.858796
1460000 2.116855 -0.903036 -0.812134
1470000 2.557182 -0.913017 -0.840629
1480000 3.110075 -0.849615 -0.801120
1490000 3.934302 -0.829501 -0.967081
1500000 3.608140 -0.937691 -0.865095
1510000 3.271983 -0.764129 -0.893907
1520000 3.188833 -0.828323 -0.724512
1530000 3.611483 -0.868671 -0.854748
1540000 4.611103 -0.868745 -0.919061
1550000 3.440857 -0.764112 -0.904335
1560000 3.968526 -0.962601 -0.869579
1570000 4.565064 -0.875605 -0.804771
1580000 3.950365 -0.969155 -0.811957
1590000 4.652065 -0.998142 -0.944721
1600000 4.211452 -0.723423 -0.809290
1610000 4.401177 -0.773284 -1.067285
1620000 3.363529 -0.865720 -0.938967
1630000 2.986520 -1.005950 -0.894194
1640000 3.589790 -0.904275 -0.882951
1650000 3.436269 -0.898281 -0.741817
1660000 3.664078 -0.909943 -1.004242
1670000 2.552427 -0.943695 -0.934836
1680000 1.978318 -0.802603 -0.961290
1690000 1.712681 -0.837724 -0.892837
1700000 1.511001 -0.925183 -0.836261
1710000 1.595724 -0.884568 -0.812338
1720000 1.687129 -0.910612 -0.988503
1730000 1.765232 -0.836638 -0.940478
1740000 1.791756 -0.786153 -0.800853
1750000 2.047707 -0.777076 -0.847099
1760000 2.591625 -0.928140 -0.850146
1770000 2.368675 -0.797025 -0.879163
1780000 2.714763 -0.930985 -0.911116
1790000 3.110087 -0.855685 -0.801542
1800000 3.390085 -0.928930 -0.799815
1810000 3.281221 -1.099233 -0.870650
1820000 4.825529 -0.894745 -0.773817
1830000 4.473433 -0.840348 -0.745702
1840000 4.969274 -0.862841 -0.926182
1850000 4.882576 -0.889490 -0.847286
1860000 4.151191 -0.819618 -0.942734
1870000 3.606666 -0.828331 -0.778370
1880000 4.455673 -1.003015 -0.930263
1890000 3.972550 -0.893251 -0.851560
1900000 3.760247 -0.806040 -0.961818
1910000 2.790318 -0.933726 -0.837453
1920000 2.277477 -0.878579 -0.914335
1930000 2.706224 -0.836611 -0.890027
1940000 4.079357 -0.921633 -0.757226
1950000 3.578762 -0.939281 -0.829783
1960000 3.309698 -0.930962 -0.887127
1970000 2.677900 -0.823147 -0.856087
1980000 2.633627 -0.837627 -0.802857
1990000 3.380838 -0.860521 -0.905529
2000000 1.962233 -0.886813 -0.850878
2010000 1.985348 -0.913734 -1.031927
2020000 1.845258 -0.954047 -0.870809
2030000 1.333375 -0.871852 -0.822778
2040000 1.331977 -0.847259 -0.817686
2050000 1.012795 -0.807421 -0.925442
2060000 1.326130 -0.777901 -0.862447
2070000 1.184807 -0.846623 -0.883788
2080000 0.960706 -0.850812 -0.850302
2090000 0.809111 -0.907794 -0.919711
2100000 0.881349 -0.762625 -0.781544
2110000 0.704605 -0.772130 -0.792634
2120000 0.701658 -0.978996 -0.907022
2130000 1.005717 -0.872597 -0.917438
2140000 0.907539 -0.836339 -0.822609
2150000 1.018021 -0.799082 -0.891989
2160000 1.148284 -0.938038 -0.810769
2170000 1.221447 -0.878808 -0.845209
2180000 1.184156 -0.964086 -0.888116
2190000 1.373950 -0.867928 -0.853661
2200000 1.506801 -0.916309 -0.834749
2210000 1.378357 -0.839815 -0.856463
2220000 1.444199 -0.741843 -0.837977
2230000 1.478507 -0.770279 -0.807001
2240000 1.718315 -0.726351 -0.877883
2250000 1.835298 -0.804727 -0.883555
2260000 1.813038 -0.800311 -0.851901
2270000 1.537984 -0.910388 -0.819174
2280000 1.921174 -0.721530 -0.891996
2290000 2.006034 -0.778153 -0.870870
2300000 2.280001 -0.987489 -0.843429
2310000 2.277895 -0.787885 -0.889568
2320000 2.281511 -0.861429 -0.818599
2330000 1.976987 -0.922076 -0.863452
2340000 2.056283 -0.948108 -0.829938
2350000 2.122910 -0.882862 -0.876333
2360000 1.788228 -0.866520 -0.807112
2370000 2.117791 -0.976423 -0.815435
2380000 2.076232 -0.862712 -0.856071
2390000 2.591628 -0.847069 -0.754933
2400000 2.493826 -0.931335 -0.883240
2410000 2.563860 -0.889827 -0.808002
2420000 2.834008 -0.943520 -0.842623
2430000 3.559914 -0.880572 -0.783558
2440000 4.057191 -0.843141 -0.839404
2450000 3.764733 -0.873871 -1.001438
2460000 3.431887 -0.941964 -1.033467
2470000 3.286569 -0.865089 -0.852683
2480000 3.050001 -0.869774 -0.823556
2490000 3.470558 -0.889231 -0.837296
2500000 2.956038 -0.933333 -0.864104
2510000 2.416989 -0.915837 -0.877435
2520000 2.332920 -0.859732 -0.771644
2530000 2.676948 -0.647111 -0.732850
2540000 4.393430 -0.793652 -0.930204
2550000 4.799527 -0.925767 -0.840586
2560000 4.642701 -0.984998 -0.939750
2570000 4.455520 -0.802663 -0.860640
2580000 3.881735 -0.880179 -0.970890
2590000 3.346317 -0.905743 -0.839567
2600000 3.070506 -0.956733 -0.819289
2610000 4.921402 -0.807926 -0.837419
2620000 3.801729 -0.966379 -0.853529
2630000 4.067214 -0.804044 -0.897435
2640000 4.176485 -0.918116 -0.913893
2650000 4.538501 -0.940504 -0.781939
2660000 4.466614 -0.750701 -0.835197
2670000 4.122802 -0.879381 -0.903816
2680000 3.606146 -0.999579 -0.998436
2690000 3.063253 -0.849757 -1.007948
2700000 3.313299 -0.953389 -0.877573
2710000 3.477683 -0.947279 -0.929022
2720000 4.079232 -0.898261 -0.825923
2730000 3.162842 -0.998535 -0.943989
2740000 2.823984 -0.817786 -0.920967
2750000 3.585754 -0.813863 -0.791043
2760000 4.254867 -0.913671 -0.991652
2770000 4.452022 -0.980323 -0.751327
2780000 4.812229 -1.007878 -0.842997
2790000 3.909138 -0.880845 -0.769871
2800000 3.608412 -0.820728 -0.949826
2810000 4.881236 -0.866409 -0.867357
2820000 4.920046 -0.904276 -0.900501
2830000 4.239696 -0.961282 -0.811775
2840000 2.958655 -0.839043 -0.804248
2850000 2.723318 -0.823938 -0.912534
2860000 2.107301 -0.874341 -0.865625
2870000 2.063913 -0.885604 -0.879197
2880000 1.965027 -0.814315 -0.895769
2890000 1.912924 -1.006695 -0.858889
2900000 3.000655 -0.834210 -0.907023
2910000 3.034127 -0.812355 -0.817565
2920000 3.775863 -0.898171 -0.858751
2930000 4.511165 -0.832877 -0.779715
2940000 4.253543 -0.802849 -0.799634
2950000 4.581833 -0.980085 -0.737690
2960000 4.939212 -0.941090 -0.821877
2970000 4.705603 -0.799352 -0.890536
2980000 4.778501 -0.798304 -0.907556
2990000 4.638450 -0.792579 -0.872306
3000000 3.938362 -0.791108 -0.762926
3010000 4.994787 -0.801127 -0.857655
3020000 4.958920 -0.883731 -0.800652
3030000 4.215710 -0.825081 -0.912150
3040000 4.220562 -0.955812 -0.896674
3050000 2.772978 -0.851671 -0.855229
3060000 2.253471 -0.930407 -0.822351
3070000 2.394471 -0.972886 -0.897081
3080000 3.027985 -0.882436 -0.903312
3090000 3.199689 -0.909003 -1.083738
3100000 3.694665 -0.826214 -0.848408
3110000 4.686748 -0.950983 -0.872983
3120000 3.904185 -0.858034 -0.813709
3130000 4.433476 -0.902800 -0.964882
3140000 4.652899 -0.880328 -0.916889
3150000 4.856792 -0.987061 -0.815787
3160000 5.033608 -0.919589 -0.983675
3170000 4.026416 -0.928766 -0.894736
3180000 4.098839 -0.955849 -0.877143
3190000 3.284555 -0.972059 -0.882457
3200000 3.493122 -0.866231 -0.912742
3210000 3.105406 -0.869466 -0.744534
3220000 3.722775 -0.914060 -0.969510
3230000 3.062569 -0.756886 -0.913363
3240000 2.790536 -0.747981 -0.803473
3250000 2.962580 -0.907956 -0.750157
3260000 2.504562 -0.829607 -0.931586
3270000 2.615886 -0.831509 -0.933776
3280000 3.182570 -1.001707 -0.990885
3290000 2.930077 -0.885841 -0.990215
3300000 3.087447 -0.819756 -1.114412
3310000 2.440624 -0.880626 -0.879177
3320000 1.780760 -0.987810 -0.854937
3330000 1.694042 -0.871096 -0.813028
3340000 1.405686 -0.833928 -0.927906
3350000 1.264910 -0.927642 -0.865904
3360000 1.700325 -0.883467 -0.912013
3370000 2.103358 -0.862330 -0.904430
3380000 1.580804 -0.965291 -0.876054
3390000 1.866197 -0.893349 -0.898206
3400000 2.485782 -0.949303 -0.879468
3410000 1.719116 -0.886142 -0.908332
3420000 1.495000 -1.053427 -0.904118
3430000 1.760666 -0.802491 -0.864311
3440000 1.253131 -0.930934 -0.751858
3450000 0.654828 -0.967879 -0.816553
3460000 0.930310 -0.718147 -0.832349
