100000 2.340327 -0.838842 -1.061187
110000 2.139175 -0.927806 -0.959675
120000 1.663183 -0.757825 -0.934511
130000 0.891070 -0.878373 -1.010174
140000 1.182151 -0.810320 -1.130979
150000 0.946811 -0.908380 -0.927000
160000 1.282459 -0.904547 -1.087840
170000 1.858255 -0.869125 -1.083834
180000 2.691741 -0.750562 -1.090583
190000 3.294103 -0.937207 -1.006590
200000 4.264413 -0.845505 -0.993660
210000 4.314610 -0.937326 -1.117688
220000 3.176528 -0.800670 -1.111870
230000 3.216718 -0.787808 -0.932993
240000 4.112309 -0.888768 -0.973832
250000 4.375599 -0.870755 -0.995407
260000 2.519139 -0.773684 -1.078470
270000 1.520442 -0.987787 -1.054227
280000 1.597429 -0.801339 -1.094368
290000 2.654967 -0.966434 -1.063979
300000 3.444222 -0.929111 -0.895860
310000 4.420471 -0.810821 -1.131453
320000 4.711472 -0.934705 -1.009690
330000 4.956418 -0.862757 -1.167605
340000 4.982439 -0.929911 -1.029828
350000 4.011729 -0.908444 -1.176703
360000 2.278958 -0.886922 -1.041214
370000 2.206446 -0.775263 -1.015999
380000 3.320982 -0.823890 -0.913451
390000 2.236475 -0.858504 -1.180184
400000 1.532847 -0.934244 -1.010518
410000 1.860329 -0.822608 -1.033394
420000 0.758426 -0.887371 -1.091938
430000 0.803797 -0.916185 -1.084712
440000 0.757503 -0.998823 -1.003414
450000 1.027869 -0.794713 -1.197367
460000 1.142929 -1.006795 -1.048281
470000 1.696278 -0.807747 -1.038888
480000 1.052431 -0.823696 -1.044543
490000 1.019730 -0.844126 -0.912696
500000 1.277926 -0.894547 -0.936947
510000 1.028023 -0.868490 -1.010205
520000 1.723475 -0.897755 -1.108292
530000 2.390626 -0.857178 -0.949804
540000 2.643557 -0.849869 -0.995308
550000 2.407470 -0.892641 -0.991007
560000 4.194563 -0.820621 -0.951956
570000 3.497576 -0.771814 -1.011856
580000 2.795879 -0.878080 -1.066154
590000 4.205865 -0.766832 -1.024070
600000 4.174472 -0.831553 -1.073929
610000 5.011916 -0.856810 -1.001770
620000 4.931292 -0.917990 -1.133144
630000 4.855506 -0.992452 -1.048914
640000 4.233043 -0.885995 -1.081076
650000 4.246223 -0.896183 -1.000960
660000 3.367208 -0.881937 -1.025562
670000 3.491757 -0.893285 -1.031745
680000 2.904554 -0.778622 -1.112665
690000 2.615795 -0.826119 -1.078400
700000 2.158664 -0.959333 -1.049552
710000 2.197396 -0.900794 -1.042792
720000 1.912263 -0.824569 -0.997455
730000 1.730922 -0.910965 -1.087341
740000 2.728464 -0.904625 -1.158899
750000 3.795353 -0.923663 -1.168146
760000 4.496111 -0.929630 -1.030268
770000 4.564457 -0.700439 -1.138450
780000 4.092249 -0.785385 -0.920954
790000 4.390536 -0.936248 -1.147100
800000 4.868909 -0.897283 -0.991878
810000 4.861818 -0.974118 -1.037153
820000 3.833718 -0.931747 -1.059771
830000 2.822895 -0.798477 -0.935849
840000 2.526058 -0.890817 -1.024967
850000 2.293330 -0.876834 -1.096943
860000 3.322632 -0.865773 -0.997778
870000 3.258350 -0.858747 -0.871310
880000 3.180613 -1.042741 -1.118196
890000 4.476468 -0.857155 -0.997965
900000 4.669231 -0.794548 -0.995072
910000 3.724599 -0.887411 -1.193734
920000 4.279979 -0.886795 -1.002401
930000 4.877626 -0.956990 -1.002823
940000 3.302806 -0.844912 -1.235609
950000 2.197308 -0.899264 -1.104727
960000 2.415418 -0.782378 -0.985201
970000 1.921477 -1.022988 -1.163143
980000 1.967182 -0.778857 -1.096713
990000 2.394309 -0.875304 -0.929622
1000000 1.902048 -0.846560 -1.104093
1010000 2.752470 -0.826210 -1.095809
1020000 3.098256 -0.908926 -1.043287
1030000 2.875996 -0.753714 -1.059193
1040000 3.859023 -0.836149 -1.098058
1050000 3.775168 -0.716321 -0.994860
1060000 4.736801 -0.864403 -1.104119
1070000 4.110288 -0.812976 -1.008330
1080000 4.686733 -0.797872 -0.973388
1090000 4.153811 -0.875751 -1.067487
1100000 3.633951 -0.983564 -1.181074
1110000 3.000636 -0.968268 -1.017147
1120000 2.349840 -0.945484 -1.034207
1130000 2.180383 -0.958739 -0.970712
1140000 1.636221 -0.878911 -1.083769
1150000 1.254164 -0.875229 -0.950965
1160000 1.404584 -0.866720 -1.014690
1170000 1.348774 -0.850976 -0.946319
1180000 1.057014 -0.927960 -1.016377
1190000 1.068317 -0.964332 -0.915305
1200000 0.878736 -0.950576 -1.051585
1210000 1.530555 -0.837504 -1.086320
1220000 1.264296 -0.850856 -1.111236
1230000 1.155406 -0.909817 -1.156081
1240000 1.159495 -0.833765 -0.940074
1250000 1.470690 -0.813922 -0.933500
1260000 0.903109 -0.891065 -1.058354
1270000 0.832125 -0.819193 -0.879314
1280000 1.554098 -0.839275 -0.959524
1290000 1.908754 -0.889555 -1.006212
1300000 1.640576 -0.894248 -0.944467
1310000 2.077945 -0.921059 -0.971341
1320000 1.946125 -0.774217 -1.083884
1330000 2.413831 -0.906751 -1.087037
1340000 2.203849 -0.725984 -1.098441
1350000 2.922248 -0.842824 -1.036016
1360000 2.742340 -0.809641 -1.158067
1370000 3.390510 -0.900235 -1.150572
1380000 4.987188 -0.839827 -1.075595
1390000 5.083889 -0.832782 -1.105476
1400000 4.589452 -0.840979 -1.059754
1410000 4.133831 -0.820635 -0.965065
1420000 4.964846 -0.833859 -1.079245
1430000 5.006216 -1.021342 -1.048875
1440000 4.997081 -0.883629 -1.036771
1450000 3.559668 -0.797028 -1.024051
1460000 3.789249 -0.818173 -0.998254
1470000 3.834176 -0.826629 -1.076739
1480000 3.115252 -0.915238 -0.982514
1490000 4.097062 -0.901911 -1.050035
1500000 4.309614 -0.863993 -1.105992
1510000 4.431122 -0.878184 -0.964243
1520000 4.849469 -0.976606 -1.121584
1530000 4.220932 -0.915926 -1.005678
1540000 3.845906 -0.908795 -1.128046
1550000 4.032114 -0.978889 -1.038552
1560000 4.807064 -0.858025 -1.142389
1570000 4.813738 -0.823616 -1.046491
1580000 4.791334 -0.735993 -1.026721
1590000 4.543495 -0.763978 -1.045857
1600000 2.970558 -0.910293 -1.180314
1610000 2.563021 -0.855759 -0.992569
1620000 3.462091 -0.998045 -0.997840
1630000 2.213683 -0.739923 -1.155313
1640000 2.259405 -0.855242 -1.038915
1650000 2.430134 -0.929765 -1.165004
1660000 1.958529 -0.835264 -1.086004
1670000 1.599599 -0.798983 -1.061010
1680000 2.044241 -0.878185 -0.966829
1690000 2.430933 -0.957627 -1.091087
1700000 3.715966 -0.831944 -1.098499
1710000 4.166930 -0.880690 -1.158423
1720000 4.188508 -0.890279 -1.112897
1730000 4.919422 -0.936029 -1.118983
1740000 5.080377 -0.890312 -1.078133
1750000 4.692039 -0.851884 -1.062269
1760000 4.146719 -0.860418 -1.052487
1770000 4.527211 -0.914292 -1.073115
1780000 3.419824 -0.923110 -1.020072
1790000 3.338395 -0.756429 -1.141692
1800000 3.546632 -0.853525 -1.069104
1810000 2.919680 -0.933990 -1.064086
1820000 2.371219 -0.821770 -0.971226
1830000 2.033102 -0.863648 -0.976418
1840000 2.742734 -0.884207 -1.043982
1850000 2.868816 -0.972320 -1.071193
1860000 1.642252 -0.835090 -1.009956
1870000 1.317639 -0.830256 -1.035731
1880000 1.391958 -0.980253 -0.968440
1890000 1.782293 -0.980828 -1.191068
1900000 0.507324 -0.859410 -1.127953
1910000 0.629928 -0.969746 -1.071288
1920000 0.678935 -0.833089 -1.086414
1930000 0.502206 -0.954179 -1.035297
1940000 0.744773 -0.836696 -1.135990
1950000 0.802761 -1.000120 -1.060147
1960000 1.014558 -0.776884 -1.032764
1970000 0.963337 -1.003053 -1.043508
1980000 0.838184 -0.908334 -0.901381
1990000 1.286339 -0.934145 -1.046096
2000000 1.272722 -0.912858 -1.038901
2010000 1.091091 -0.986636 -1.186196
2020000 1.408601 -0.908441 -1.011584
2030000 1.356438 -0.794923 -0.868254
2040000 1.046755 -0.885472 -1.019519
2050000 0.988339 -0.882760 -1.116688
2060000 1.051093 -0.864205 -1.066886
2070000 1.726444 -0.996667 -1.023486
2080000 1.595050 -0.961687 -0.964909
2090000 1.682299 -0.867498 -1.160115
2100000 1.730868 -0.869670 -0.986925
2110000 1.125350 -0.884063 -1.033106
2120000 0.839394 -0.946292 -1.158423
2130000 1.281206 -0.731288 -1.049363
2140000 1.294024 -0.863659 -1.120054
2150000 0.751893 -0.803515 -1.110702
2160000 0.722608 -0.912449 -1.029815
2170000 0.991924 -0.914153 -1.032533
2180000 2.019283 -0.769867 -1.002539
2190000 2.012191 -0.704439 -1.097116
2200000 2.661201 -0.954221 -1.119313
2210000 3.204331 -0.705411 -0.922887
2220000 2.832201 -0.836601 -1.102447
2230000 3.485474 -0.914063 -1.124081
2240000 4.259798 -0.934716 -1.123048
2250000 5.055591 -0.814566 -1.149557
2260000 4.891051 -0.867817 -0.972039
2270000 4.518645 -0.935634 -0.976259
2280000 4.444516 -0.823637 -0.992328
2290000 4.185984 -0.897342 -1.067880
2300000 3.463142 -1.023550 -1.034476
2310000 2.780013 -0.939887 -0.947984
2320000 3.782558 -0.859243 -0.930753
2330000 3.739391 -0.822270 -0.992765
2340000 2.756778 -0.789752 -1.054892
2350000 4.220854 -0.809790 -0.940904
2360000 4.196469 -0.863488 -1.113600
2370000 4.760042 -0.973635 -1.031424
2380000 4.532346 -0.932915 -1.068443
2390000 3.935865 -0.938648 -0.907204
2400000 3.570566 -0.861597 -1.031899
2410000 4.265448 -0.891827 -0.991108
2420000 3.636148 -0.989947 -1.052552
2430000 2.683449 -0.965217 -1.190126
2440000 3.279947 -0.781889 -1.006898
2450000 2.248197 -0.980364 -1.083545
2460000 2.586716 -0.800580 -1.045350
2470000 2.119160 -0.761115 -0.931982
2480000 3.249134 -0.852774 -1.131903
2490000 2.883755 -0.962178 -1.012449
2500000 1.898358 -0.793209 -1.159707
2510000 1.597338 -0.774018 -1.005666
2520000 2.257392 -0.972372 -1.052906
2530000 2.912989 -0.860252 -0.834041
2540000 2.346091 -0.854706 -1.036164
2550000 2.414038 -0.888655 -1.206184
2560000 3.306401 -0.888666 -1.061007
2570000 3.558156 -0.911305 -1.085456
2580000 4.972214 -1.027390 -0.981409
2590000 4.573868 -0.741874 -1.134368
2600000 4.141671 -0.823425 -1.002602
2610000 4.481429 -0.960698 -0.989322
2620000 3.927181 -0.859421 -1.074378
2630000 3.493872 -1.009241 -1.161887
2640000 2.548244 -0.953869 -0.967734
2650000 2.873614 -0.993759 -1.112871
2660000 4.348929 -0.776821 -0.998362
2670000 3.862031 -0.838010 -1.055817
2680000 4.909955 -0.733778 -0.940153
2690000 5.070169 -0.951567 -1.050607
2700000 4.289875 -0.857429 -1.062290
2710000 3.355318 -0.743542 -1.065526
2720000 3.069142 -0.864483 -1.093756
2730000 2.808445 -0.814779 -1.004766
2740000 2.882620 -0.896231 -0.896752
2750000 4.469054 -0.957017 -1.020821
2760000 5.075863 -0.963775 -1.063069
2770000 4.251499 -0.935738 -0.895392
2780000 4.986475 -0.893464 -0.919284
2790000 4.882023 -0.914021 -1.031725
2800000 4.617609 -0.872312 -0.919678
2810000 4.105103 -0.843203 -1.158825
2820000 3.866951 -0.839862 -1.006351
2830000 3.044431 -1.016193 -1.110130
2840000 3.007526 -0.842171 -0.974593
2850000 2.012866 -0.906306 -1.080735
2860000 1.485544 -0.993289 -1.040265
2870000 1.818110 -0.950344 -1.061569
2880000 1.957008 -0.859293 -0.974073
2890000 2.416236 -0.865044 -0.936058
2900000 1.782828 -0.945850 -1.032648
2910000 1.478497 -0.869606 -0.963138
2920000 2.145547 -1.022224 -0.949306
2930000 1.837387 -0.835944 -1.117986
2940000 2.365177 -0.960739 -1.003149
2950000 2.583757 -0.817713 -1.019788
2960000 3.678559 -0.901373 -0.850401
2970000 3.940234 -0.902137 -0.957324
2980000 4.692809 -0.888885 -0.812183
2990000 4.730903 -0.929093 -1.060240
3000000 4.814573 -0.847898 -1.106545
3010000 4.760529 -0.867685 -0.988215
3020000 4.829277 -0.877040 -0.890942
3030000 4.093448 -0.846079 -1.065523
3040000 4.022704 -1.002847 -1.135100
3050000 3.704310 -0.932422 -0.917258
3060000 3.600991 -0.749609 -1.120045
3070000 3.778973 -0.902374 -1.006802
3080000 3.307504 -0.908385 -1.060077
3090000 2.690757 -1.071463 -1.066253
3100000 3.183104 -0.747135 -0.978912
3110000 4.008296 -0.822292 -1.100788
3120000 2.967147 -0.858202 -1.098035
3130000 4.652105 -0.795208 -1.041886
3140000 4.989209 -0.855443 -1.075096
3150000 4.946443 -0.933431 -1.117898
3160000 5.010204 -0.828471 -1.041253
3170000 4.796162 -0.880033 -1.086070
3180000 4.505591 -0.701490 -0.996048
3190000 4.996986 -0.946363 -1.046871
3200000 4.766931 -0.926454 -1.027941
3210000 4.985829 -0.807086 -1.170218
3220000 4.794698 -0.771924 -1.201002
3230000 3.859305 -0.813882 -1.106512
3240000 3.857042 -0.871101 -1.194782
3250000 3.175706 -0.861587 -1.083252
3260000 3.110169 -0.818061 -0.984537
3270000 2.293980 -0.990682 -1.179649
3280000 2.570076 -0.763688 -1.108286
3290000 2.905395 -0.731178 -1.084031
3300000 2.475486 -0.813838 -1.167390
3310000 3.040166 -0.885006 -1.035741
3320000 2.131677 -0.833817 -1.090329
3330000 1.746895 -0.922727 -1.130436
3340000 1.743375 -0.857543 -0.971449
3350000 1.502993 -0.890649 -0.973593
3360000 1.391841 -0.904189 -0.999153
3370000 1.872705 -0.841285 -0.982775
3380000 2.057121 -0.802460 -1.059865
3390000 1.207039 -0.784947 -1.061405
3400000 1.221143 -0.827564 -1.066288
3410000 1.202211 -0.882716 -0.997706
3420000 1.532521 -0.867303 -1.055096
3430000 0.847640 -0.910918 -0.936100
3440000 0.688578 -0.913756 -1.134665
3450000 0.982845 -0.809600 -1.010006
3460000 0.965968 -0.922106 -0.985377
3470000 1.013316 -0.985632 -1.073308
3480000 1.000112 -0.906599 -1.044687
3490000 1.145518 -0.930049 -0.926651
3500000 0.766498 -0.942115 -1.076311
3510000 0.622202 -0.829075 -1.107625
3520000 0.613107 -1.034986 -1.056127
3530000 0.707456 -0.927283 -1.051777
3540000 0.830986 -1.006636 -1.066493
3550000 1.288001 -0.803118 -1.106361
3560000 1.498809 -0.847209 -1.035504
3570000 1.232793 -0.885933 -1.114716
3580000 1.159941 -0.810117 -1.009657
3590000 1.327961 -0.835505 -1.045238
3600000 1.271810 -0.939451 -1.108896
3610000 1.033680 -0.944828 -1.068398
3620000 0.873603 -0.789557 -1.077057
3630000 1.214814 -0.843996 -0.906976
3640000 1.104376 -0.826550 -1.020543
3650000 1.088092 -0.945010 -1.081084
3660000 1.396981 -0.850015 -0.993953
3670000 1.398451 -0.862992 -1.015499
3680000 1.591891 -0.793199 -0.911918
3690000 1.608852 -0.824120 -1.036316
3700000 1.879878 -0.756125 -0.964480
3710000 1.761276 -0.910407 -1.072889
3720000 2.325784 -0.855924 -0.895048
3730000 2.364688 -0.883873 -1.098200
3740000 2.131839 -0.785621 -0.924821
3750000 2.883613 -0.882592 -0.966383
3760000 3.111623 -1.006272 -0.994104
3770000 3.135553 -0.890652 -1.046907
3780000 4.391607 -0.925646 -0.975841
3790000 3.790005 -0.880312 -1.051957
3800000 4.409784 -0.863732 -1.059084
3810000 3.435902 -0.897303 -1.049863
3820000 3.792891 -0.716663 -1.058776
3830000 4.349744 -0.822864 -0.980552
3840000 4.737729 -0.902203 -1.057447
3850000 4.287518 -0.882254 -1.000841
3860000 4.670528 -0.866064 -1.152174
3870000 4.800343 -0.910018 -1.127798
3880000 4.962597 -0.788354 -0.964070
3890000 4.901703 -0.767088 -0.975348
3900000 3.136702 -0.781906 -0.979772
3910000 3.742866 -0.818450 -0.970224
3920000 2.479108 -0.838385 -1.013519
3930000 2.790059 -0.732253 -1.096420
3940000 2.979349 -0.736409 -1.185433
3950000 2.697439 -0.874843 -0.991366
3960000 2.858041 -0.934405 -1.141676
3970000 4.026049 -0.901722 -1.006275
3980000 3.320509 -0.813826 -1.128627
3990000 2.699298 -0.849706 -1.088012
4000000 2.226225 -0.832093 -1.012981
