100000 2.145660 -0.987941 -1.225252
110000 2.468793 -0.919682 -1.120530
120000 1.056499 -0.904695 -1.119395
130000 1.437376 -0.844073 -1.360311
140000 0.835306 -0.917348 -1.237517
150000 1.107770 -0.867044 -1.322784
160000 1.504806 -0.895312 -1.296277
170000 2.677881 -0.754308 -1.279838
180000 4.156079 -0.912915 -1.235803
190000 4.696749 -0.849338 -1.201262
200000 3.618089 -0.907050 -1.286442
210000 4.960451 -0.801700 -1.236863
220000 3.639423 -0.957438 -1.236975
230000 3.246447 -0.750870 -1.205757
240000 2.074006 -0.836904 -1.317653
250000 1.748165 -0.899057 -1.248807
260000 2.762771 -0.908110 -1.248939
270000 2.517224 -0.892257 -1.124371
280000 4.045439 -0.729331 -1.215717
290000 4.438046 -0.861188 -1.184450
300000 4.449988 -1.065669 -1.264811
310000 3.650537 -0.890067 -1.211287
320000 3.522038 -0.833843 -1.257913
330000 3.569662 -0.999566 -1.312392
340000 4.397303 -0.790355 -1.232157
350000 3.872583 -1.082626 -1.141004
360000 2.838899 -0.796372 -1.227476
370000 2.164920 -0.880982 -1.137381
380000 1.953095 -0.947183 -1.057020
390000 2.629151 -0.843281 -1.238458
400000 1.276687 -0.861141 -1.301765
410000 1.003213 -0.876175 -1.123946
420000 1.181143 -0.773501 -1.199951
430000 1.784159 -0.828408 -1.146318
440000 1.936702 -0.957554 -1.183928
450000 1.614775 -0.910759 -1.197581
460000 1.469337 -0.856705 -1.260928
470000 1.309345 -0.896942 -1.182134
480000 0.748501 -0.923986 -1.103649
490000 0.922239 -0.896297 -1.207949
500000 0.960230 -0.903571 -1.188406
510000 0.924942 -0.836021 -1.164015
520000 1.489134 -0.851220 -1.213369
530000 1.142712 -0.763713 -1.265959
540000 1.704837 -0.760835 -1.345913
550000 0.529851 -0.966672 -1.345812
560000 0.625943 -0.830302 -1.156014
570000 0.892185 -0.894122 -1.218446
580000 0.886084 -0.980578 -1.199234
590000 0.763278 -0.848578 -1.237582
600000 1.044031 -0.961976 -1.268101
610000 2.735896 -0.867981 -1.094877
620000 3.305220 -0.836046 -1.153919
630000 4.096215 -0.799301 -1.159988
640000 4.452101 -0.999487 -1.331375
650000 3.074524 -0.870644 -1.315335
660000 2.830158 -0.854065 -1.302288
670000 3.716789 -0.883516 -1.155437
680000 4.235598 -0.866615 -1.179755
690000 3.952929 -0.756849 -1.153428
700000 3.308045 -0.972770 -1.208938
710000 3.167680 -0.942436 -1.148175
720000 2.446580 -0.787248 -1.125222
730000 2.227903 -0.908774 -1.082921
740000 1.828200 -0.938244 -1.193972
750000 2.956608 -0.759524 -1.195280
760000 3.058322 -0.995340 -1.163113
770000 4.648641 -0.918505 -1.066562
780000 3.960023 -0.923359 -1.405826
790000 4.494536 -0.864866 -1.238763
800000 3.035272 -0.922259 -1.193629
810000 3.988196 -0.886638 -1.139689
820000 3.744102 -0.893432 -1.285744
830000 2.348914 -0.850327 -1.160235
840000 3.486579 -0.845549 -1.088649
850000 1.754861 -0.775224 -1.148380
860000 1.964257 -0.844451 -1.262258
870000 2.224706 -0.759008 -1.100660
880000 2.490031 -1.008711 -1.383308
890000 3.153978 -0.920297 -1.321128
900000 3.476713 -0.904729 -1.218544
910000 4.918435 -0.971668 -1.175393
920000 4.731491 -0.747582 -1.062768
930000 4.749634 -0.897279 -1.239588
940000 4.187941 -0.852589 -1.287146
950000 4.801643 -0.931616 -1.333390
960000 3.201609 -0.960260 -1.271673
970000 2.460812 -0.901253 -1.293931
980000 1.462616 -0.893201 -1.221796
990000 1.834923 -0.779112 -1.173478
1000000 1.937980 -0.998469 -1.351385
1010000 1.708456 -0.901719 -1.186996
1020000 1.248381 -0.944660 -1.251621
1030000 1.304743 -0.849640 -1.265940
1040000 1.491946 -0.920710 -1.162054
1050000 1.694115 -0.975519 -1.213197
1060000 1.961739 -0.980304 -1.206101
1070000 2.655548 -0.938868 -1.191534
1080000 3.655059 -0.931770 -1.168227
1090000 4.397595 -0.909234 -1.174395
1100000 3.962123 -0.872853 -1.290883
1110000 3.429711 -0.898617 -1.082666
1120000 3.274272 -0.798426 -1.113242
1130000 3.999129 -0.840883 -1.262602
1140000 4.779698 -0.927009 -1.238583
1150000 2.769587 -0.872764 -1.329562
1160000 3.592730 -0.835995 -1.226533
1170000 3.090409 -0.825022 -1.199757
1180000 2.483363 -0.836284 -1.262160
1190000 2.856455 -0.873196 -1.298023
1200000 3.475426 -0.839049 -1.211247
1210000 3.960494 -0.904969 -1.292569
1220000 4.345636 -0.912747 -1.229646
1230000 4.747893 -0.762288 -1.199670
1240000 4.275415 -0.855645 -1.256589
1250000 3.595449 -0.930803 -1.105766
1260000 3.421520 -0.820354 -1.236949
1270000 3.857925 -0.811617 -1.078603
1280000 4.459683 -0.710369 -1.311168
1290000 4.394964 -0.883476 -1.281023
1300000 4.858232 -0.840321 -1.257332
1310000 4.822347 -0.991521 -1.246410
1320000 4.174066 -0.909033 -1.170482
1330000 3.888256 -0.971492 -1.164565
1340000 2.953592 -0.953257 -1.274423
1350000 2.172540 -0.825939 -1.114484
1360000 1.881761 -0.976436 -1.277822
1370000 2.143071 -0.921044 -1.229173
1380000 2.608546 -0.971644 -1.294015
1390000 2.412796 -0.913208 -1.250589
1400000 3.395626 -0.950236 -1.181693
1410000 4.416095 -0.839680 -1.219732
1420000 4.953000 -0.982797 -1.343925
1430000 4.205346 -0.826242 -1.140123
1440000 3.346666 -0.962257 -1.156626
1450000 3.368520 -0.852870 -1.133886
1460000 3.674108 -0.984654 -1.178278
1470000 4.088587 -0.847222 -1.222605
1480000 4.522803 -0.872344 -1.162219
1490000 4.884775 -0.837442 -1.093450
1500000 4.925337 -0.932787 -1.243197
1510000 4.529209 -0.799069 -1.264031
1520000 4.459284 -0.833505 -1.127227
1530000 3.334490 -0.976042 -1.116323
1540000 2.646182 -0.751147 -1.280506
1550000 2.011598 -0.893170 -1.305689
1560000 1.819198 -0.817092 -1.344959
1570000 1.366794 -0.872783 -1.157041
1580000 1.074241 -0.763358 -1.251607
1590000 1.415649 -0.827543 -1.140663
1600000 1.044800 -0.871763 -1.272445
1610000 1.203685 -0.876741 -1.169144
1620000 0.612033 -0.821578 -1.144584
1630000 1.193685 -0.933636 -1.083578
1640000 1.081506 -0.884831 -1.285606
1650000 1.318622 -0.824819 -1.115015
1660000 1.738362 -0.822389 -1.209924
1670000 1.749759 -0.963525 -1.003312
1680000 1.594102 -0.871872 -1.274468
1690000 1.943505 -0.845957 -1.327887
1700000 1.990996 -0.810856 -1.199100
1710000 2.559667 -0.945090 -1.249895
1720000 1.735949 -0.918852 -1.285636
1730000 1.513275 -0.867043 -1.243014
1740000 1.535279 -0.868443 -1.359120
1750000 1.392905 -0.880384 -1.251464
1760000 1.837602 -0.924297 -1.213028
1770000 1.539342 -0.979582 -1.297067
1780000 1.648356 -0.886161 -1.084797
1790000 2.035332 -0.880937 -1.170525
1800000 2.864059 -1.003506 -1.109260
1810000 2.899499 -0.883362 -1.237453
1820000 2.447222 -0.840736 -1.276308
1830000 2.918079 -0.914453 -1.332016
1840000 3.213175 -0.902935 -1.261427
1850000 3.963031 -0.960222 -1.238566
1860000 4.184867 -0.844210 -1.259738
1870000 3.565525 -0.797136 -1.178108
1880000 3.015519 -0.873820 -1.070959
1890000 2.949169 -0.918996 -1.219650
1900000 2.453703 -0.897131 -1.163148
1910000 2.193444 -0.739482 -1.193925
1920000 2.391446 -0.887751 -1.260935
1930000 2.381224 -0.916351 -1.124236
1940000 2.911744 -0.904885 -1.249820
1950000 4.614515 -0.832428 -1.264501
1960000 4.503114 -0.864076 -1.217138
1970000 3.486367 -0.904959 -1.272358
1980000 4.550279 -0.797806 -1.274468
1990000 3.998428 -0.810385 -1.334852
2000000 3.281394 -0.976611 -1.147670
2010000 3.970394 -0.970043 -1.354637
2020000 4.995715 -0.859142 -1.213609
2030000 4.563781 -0.806368 -1.169726
2040000 4.258563 -0.931882 -1.258008
2050000 4.188173 -0.754389 -1.135142
2060000 4.960495 -0.962074 -1.247425
2070000 4.849579 -0.902499 -1.236655
2080000 4.859583 -0.914542 -1.169457
2090000 4.760256 -0.854152 -1.302787
2100000 4.208166 -0.853653 -1.274263
2110000 3.402814 -0.904050 -1.257312
2120000 3.599804 -0.814601 -1.153790
2130000 3.191095 -0.811498 -1.279107
2140000 2.291112 -0.987198 -1.242587
2150000 2.360892 -0.854767 -1.258815
2160000 2.858018 -0.770807 -1.277011
2170000 2.139715 -0.789528 -1.244409
2180000 2.020018 -0.773269 -1.283171
2190000 2.020739 -0.750752 -1.208775
2200000 2.070280 -0.868564 -1.333582
2210000 2.510610 -0.939160 -1.313745
2220000 2.675766 -0.982451 -1.264033
2230000 2.560722 -0.908734 -1.111646
2240000 4.104626 -0.848008 -1.274204
2250000 4.026773 -0.833630 -1.117992
2260000 2.856765 -0.818093 -1.310781
2270000 3.606112 -0.912217 -1.313317
2280000 3.256440 -0.922583 -1.088103
2290000 2.784066 -0.882517 -1.224607
2300000 3.961930 -0.875228 -1.177913
2310000 4.340530 -0.826541 -1.212706
2320000 4.862828 -0.863905 -1.231485
2330000 4.552703 -0.870479 -1.266712
2340000 4.996342 -0.976477 -1.127997
2350000 3.484018 -0.909155 -1.206449
2360000 3.880594 -0.889571 -1.217203
2370000 4.610814 -0.883862 -1.158199
2380000 4.842199 -0.842317 -1.178226
2390000 3.950592 -0.837885 -1.336423
2400000 4.103512 -0.894813 -1.171163
2410000 2.652316 -0.930352 -1.184928
2420000 2.597791 -0.917975 -1.240763
2430000 2.800980 -0.797787 -1.263691
2440000 3.561805 -0.890413 -1.187634
2450000 4.912605 -0.884767 -1.252592
2460000 4.420351 -0.826402 -1.313845
2470000 3.144256 -1.044209 -1.316998
2480000 2.458140 -0.835861 -1.197203
2490000 2.678549 -0.886741 -1.171311
2500000 2.175214 -0.819533 -1.181928
2510000 2.040247 -0.905961 -1.268474
2520000 2.310615 -0.846839 -1.244349
2530000 2.140858 -0.801105 -1.262302
2540000 2.618172 -0.706008 -1.158180
2550000 1.930929 -0.957084 -1.263478
2560000 1.395003 -0.766114 -1.353708
2570000 0.906057 -0.821466 -1.221264
2580000 0.533652 -0.775237 -1.191878
2590000 0.626267 -0.808537 -1.263911
2600000 1.148212 -0.937744 -1.255878
2610000 1.048041 -0.954552 -1.318952
2620000 1.411980 -1.026872 -1.189236
2630000 1.315677 -0.826746 -1.125602
2640000 1.229263 -0.728843 -1.285332
2650000 1.443167 -0.973569 -1.182847
2660000 0.787752 -0.769669 -1.215664
2670000 0.631789 -1.068402 -1.171905
2680000 0.609770 -0.948698 -1.160393
2690000 0.766139 -0.960584 -1.260795
2700000 0.822062 -0.958980 -1.170923
2710000 0.864463 -1.040541 -1.272950
2720000 1.011832 -0.895996 -1.239303
2730000 0.881535 -0.877379 -1.274202
2740000 1.018713 -0.834246 -1.212629
2750000 1.178029 -0.857789 -1.278841
2760000 1.307551 -0.957249 -1.285128
2770000 1.285874 -0.890336 -1.148734
2780000 1.342224 -0.704117 -1.292245
2790000 1.159096 -0.743412 -1.253716
2800000 1.179784 -0.900557 -1.320626
2810000 1.453661 -0.888371 -1.189212
2820000 1.779006 -0.983783 -1.238031
2830000 1.800847 -0.817610 -1.270263
2840000 1.975861 -0.812885 -1.218873
2850000 1.929121 -0.911816 -1.236336
2860000 2.172719 -0.919068 -1.163504
2870000 2.443922 -0.809129 -1.247439
2880000 2.898941 -0.867965 -1.230107
2890000 2.351913 -0.855771 -1.197739
2900000 3.042801 -0.928309 -1.385641
2910000 3.325249 -0.980001 -1.220059
2920000 4.079640 -0.914453 -1.185122
2930000 3.554046 -0.842660 -1.276322
2940000 3.198478 -0.820592 -1.209690
2950000 2.748968 -0.762645 -1.249974
2960000 2.892972 -1.032461 -1.258716
2970000 3.948157 -0.861858 -1.176166
2980000 4.143178 -0.758044 -1.092369
2990000 4.716484 -0.849804 -1.187267
3000000 5.113878 -0.718326 -1.214766
3010000 4.871000 -0.848210 -1.108508
3020000 4.554779 -0.760853 -1.189693
3030000 4.877192 -0.915371 -1.292277
3040000 4.912613 -0.854521 -1.325073
3050000 4.447262 -0.786049 -1.348643
3060000 3.941321 -0.782561 -1.217687
3070000 4.002001 -0.994714 -1.199265
3080000 4.233355 -0.889295 -1.227357
3090000 4.587583 -0.961142 -1.204388
3100000 3.730221 -0.907575 -1.348663
3110000 3.328247 -0.976483 -1.207897
3120000 2.883999 -0.818453 -1.348505
3130000 3.391498 -0.891164 -1.255470
3140000 3.819714 -1.059855 -1.221936
3150000 2.462222 -0.883755 -1.237047
3160000 2.150091 -0.903236 -1.123559
3170000 2.125584 -0.930765 -1.178051
3180000 2.916935 -0.969806 -1.209069
3190000 3.152814 -0.828430 -1.235607
3200000 2.609178 -0.858686 -1.235771
3210000 3.779976 -0.776016 -1.274312
3220000 4.327510 -0.870747 -1.289177
3230000 4.179877 -0.882812 -1.286138
3240000 3.687240 -0.853076 -1.316459
3250000 2.345938 -0.773456 -1.130380
3260000 2.558713 -0.786988 -1.246145
3270000 2.298474 -0.948056 -1.283579
3280000 3.038758 -0.787640 -1.195507
3290000 3.712273 -0.878363 -1.229597
3300000 4.315739 -0.875548 -1.251057
3310000 3.897752 -0.716274 -1.256892
3320000 4.700600 -0.772439 -1.209288
3330000 4.762302 -0.863346 -1.091470
3340000 4.791024 -0.903484 -1.246493
3350000 3.848568 -0.879341 -1.191277
3360000 3.238653 -0.848306 -1.103302
3370000 2.986005 -0.829292 -1.155241
3380000 3.381107 -0.881458 -1.319787
3390000 3.454860 -0.910139 -1.281150
3400000 3.008217 -0.886062 -1.291773
3410000 2.341362 -0.859334 -1.099909
3420000 2.157798 -0.901070 -1.056866
3430000 3.021131 -0.826094 -1.224823
3440000 2.163899 -0.871478 -1.142653
3450000 1.577726 -0.921433 -1.198357
3460000 1.626061 -0.787978 -1.268473
3470000 1.642133 -0.823061 -1.297909
3480000 1.619669 -0.879465 -1.179529
3490000 1.500185 -0.853136 -1.270001
3500000 1.502248 -0.836854 -1.134356
3510000 1.482838 -0.791301 -1.278494
3520000 1.465520 -0.937269 -1.156542
3530000 1.118618 -1.042903 -1.287756
3540000 0.732760 -1.071242 -1.184256
3550000 0.882854 -0.879633 -1.266766
3560000 0.786063 -0.768365 -1.178639
3570000 0.791522 -0.883218 -1.288333
3580000 0.625031 -1.004731 -1.173298
3590000 0.719156 -0.738363 -1.102133
3600000 1.040198 -0.654982 -1.268918
3610000 0.796498 -0.868447 -1.303393
3620000 0.638189 -0.910555 -1.253044
3630000 0.920698 -0.898772 -1.123041
3640000 1.139716 -0.852089 -1.270570
3650000 0.917220 -0.773382 -1.172892
3660000 0.502935 -0.875804 -1.136259
3670000 0.496837 -0.974989 -1.281967
3680000 0.622123 -0.809473 -1.266473
3690000 1.106497 -0.809759 -1.286379
3700000 0.914252 -0.842055 -1.251075
3710000 0.639835 -0.920060 -1.231188
3720000 0.866411 -0.764699 -1.283598
3730000 0.772449 -0.806119 -1.281276
3740000 0.772359 -0.866386 -1.213752
3750000 1.193340 -0.906798 -1.247408
3760000 1.417479 -0.836242 -1.323670
3770000 1.272395 -0.856960 -1.340609
3780000 1.123795 -0.973584 -1.255148
3790000 1.106005 -0.896235 -1.102481
3800000 1.367465 -0.797232 -1.271367
3810000 1.662094 -0.932914 -1.358850
3820000 1.716262 -0.814471 -1.205591
3830000 2.161874 -0.795244 -1.297913
3840000 2.012142 -0.888468 -1.193091
3850000 2.721023 -0.704548 -1.297128
3860000 2.946847 -1.068422 -1.331543
3870000 4.113473 -0.915095 -1.267114
3880000 4.010827 -0.985645 -1.302431
3890000 3.345569 -0.832823 -1.243644
3900000 4.134995 -0.898686 -1.212701
3910000 4.236939 -0.876557 -1.138475
3920000 3.118045 -1.012579 -1.118883
3930000 3.370131 -0.792822 -1.243791
3940000 4.466855 -0.908830 -1.163834
3950000 4.745189 -0.820800 -1.023844
3960000 4.815412 -0.803674 -1.240134
3970000 4.855973 -0.856295 -1.316144
3980000 4.241487 -0.858739 -1.177795
3990000 4.776386 -0.916954 -1.333336
4000000 4.225282 -0.968196 -1.259178
