100000 2.080864 -0.967968 -1.388134
110000 4.409023 -0.855197 -1.323711
120000 4.556156 -0.907217 -1.441892
130000 2.901166 -0.942867 -1.296978
140000 1.538804 -0.834834 -1.508876
150000 0.991320 -0.928754 -1.337534
160000 0.871786 -0.983102 -1.378666
170000 0.934268 -0.653699 -1.440245
180000 1.935374 -0.838796 -1.376573
190000 1.609006 -0.883757 -1.425943
200000 1.657913 -0.838424 -1.373888
210000 3.254924 -0.858332 -1.311414
220000 2.745686 -0.871430 -1.383207
230000 4.644162 -0.917791 -1.416207
240000 4.560195 -0.929121 -1.390639
250000 3.806722 -0.891061 -1.443413
260000 3.451948 -0.950550 -1.377350
270000 2.720671 -0.888155 -1.381966
280000 3.212486 -0.816466 -1.361263
290000 3.900854 -0.905598 -1.406997
300000 4.915846 -0.864788 -1.441768
310000 5.060813 -0.747405 -1.454227
320000 4.896966 -0.884891 -1.516990
330000 4.814069 -0.852582 -1.389300
340000 3.897903 -0.846594 -1.371241
350000 3.480906 -0.877656 -1.417776
360000 2.100423 -0.820471 -1.428784
370000 1.929325 -0.793968 -1.345919
380000 1.358261 -0.798267 -1.524180
390000 2.113719 -0.952367 -1.439054
400000 1.310639 -0.885508 -1.442907
410000 1.085719 -0.930925 -1.314787
420000 0.902901 -0.916931 -1.417429
430000 1.274696 -0.849810 -1.338621
440000 2.084519 -0.898741 -1.453023
450000 3.119722 -0.896229 -1.563632
460000 3.002412 -0.999379 -1.442502
470000 2.305333 -0.874739 -1.344666
480000 3.266978 -0.899279 -1.411342
490000 2.414447 -0.938008 -1.360255
500000 2.416839 -0.799761 -1.404770
510000 1.909238 -0.780532 -1.368511
520000 2.880205 -0.877668 -1.520400
530000 4.472245 -0.801652 -1.422492
540000 3.630438 -0.813624 -1.337287
550000 3.359253 -1.013946 -1.420622
560000 3.204082 -0.899445 -1.404799
570000 4.127176 -0.869835 -1.336086
580000 4.821920 -0.821269 -1.412456
590000 4.927043 -0.891586 -1.454555
600000 4.215072 -0.998552 -1.301818
610000 4.319615 -0.866632 -1.318035
620000 3.518728 -0.835875 -1.321408
630000 3.318494 -0.854500 -1.408715
640000 1.848170 -0.883818 -1.390695
650000 2.555263 -0.914118 -1.430799
660000 3.114639 -0.883534 -1.420174
670000 3.444141 -0.873895 -1.403153
680000 4.579814 -0.770157 -1.450338
690000 4.556215 -0.844817 -1.544794
700000 3.660674 -1.004727 -1.505417
710000 3.926350 -0.919052 -1.392997
720000 2.383642 -0.864269 -1.371179
730000 2.833446 -0.775688 -1.503844
740000 3.199956 -0.965502 -1.573040
750000 2.170035 -0.878435 -1.403901
760000 1.246134 -0.849650 -1.353905
770000 0.650168 -0.983062 -1.492996
780000 0.737749 -0.906462 -1.372242
790000 0.958465 -0.840170 -1.381522
800000 0.673165 -0.907575 -1.368648
810000 0.957474 -0.993322 -1.564630
820000 1.275835 -0.892129 -1.318450
830000 1.680292 -0.822389 -1.439834
840000 1.786601 -0.912788 -1.530260
850000 0.934220 -0.963560 -1.285406
860000 0.876924 -0.824138 -1.493228
870000 1.448792 -0.859385 -1.539214
880000 0.894909 -0.943829 -1.362045
890000 0.775451 -1.024978 -1.319320
900000 1.351864 -0.829062 -1.466010
910000 1.941168 -0.800412 -1.491364
920000 2.153637 -0.773742 -1.441473
930000 2.679439 -0.835316 -1.394697
940000 3.474618 -0.808266 -1.409218
950000 4.573744 -1.030845 -1.324041
960000 4.917965 -0.939682 -1.465100
970000 4.821022 -0.836422 -1.399446
980000 3.732884 -0.866927 -1.393205
990000 3.251231 -1.016444 -1.496269
1000000 4.133514 -0.816860 -1.346393
1010000 4.447109 -0.835436 -1.441267
1020000 4.266308 -0.854160 -1.183488
1030000 3.353920 -0.922134 -1.511767
1040000 3.434286 -0.862835 -1.450753
1050000 3.491357 -0.814325 -1.394126
1060000 4.247446 -0.753357 -1.312424
1070000 5.050317 -0.912402 -1.465067
1080000 4.705901 -0.915703 -1.357440
1090000 4.089224 -0.975337 -1.479685
1100000 2.757287 -0.995366 -1.489733
1110000 2.177191 -0.813892 -1.346763
1120000 2.140372 -0.900732 -1.252987
1130000 2.404313 -0.894836 -1.601215
1140000 3.128214 -0.882870 -1.387847
1150000 2.857632 -1.046484 -1.398734
1160000 2.472354 -0.932220 -1.416172
1170000 1.717270 -0.948869 -1.367130
1180000 1.534744 -0.796535 -1.333664
1190000 1.007600 -0.880787 -1.461050
1200000 0.876351 -0.857689 -1.328341
1210000 1.471591 -0.948086 -1.448786
1220000 1.148532 -0.914882 -1.412725
1230000 1.306707 -0.816790 -1.327283
1240000 1.500863 -0.873256 -1.418179
1250000 2.039651 -0.808410 -1.445939
1260000 1.988191 -0.831903 -1.339148
1270000 1.605056 -0.930499 -1.267828
1280000 2.259273 -0.960800 -1.286607
1290000 2.313841 -0.921068 -1.349347
1300000 2.106482 -0.868861 -1.394402
1310000 2.967751 -0.928651 -1.403558
1320000 3.394076 -0.706187 -1.415737
1330000 3.738219 -0.891114 -1.335071
1340000 4.448315 -0.902177 -1.485997
1350000 4.768585 -1.045184 -1.383432
1360000 4.167511 -0.944926 -1.426807
1370000 4.996507 -0.945170 -1.449055
1380000 4.368267 -0.847959 -1.292065
1390000 2.959662 -0.878131 -1.500370
1400000 3.903370 -0.899118 -1.421145
1410000 4.121885 -1.015404 -1.470482
1420000 4.568876 -0.910065 -1.437041
1430000 5.017630 -0.881540 -1.310714
1440000 4.696119 -0.997709 -1.370086
1450000 2.642627 -0.874467 -1.293994
1460000 2.334537 -0.822950 -1.376849
1470000 2.966410 -1.008547 -1.479975
1480000 2.856180 -0.774632 -1.330494
1490000 3.153512 -0.848878 -1.441300
1500000 3.031533 -0.926496 -1.442588
1510000 2.589269 -0.940765 -1.411093
1520000 2.190285 -0.893704 -1.426651
1530000 2.929150 -0.910297 -1.399587
1540000 3.947379 -0.769761 -1.439666
1550000 4.578920 -0.746911 -1.416525
1560000 3.385674 -0.761570 -1.399450
1570000 2.795524 -0.907198 -1.270647
1580000 2.464035 -0.913876 -1.305100
1590000 2.039451 -0.919298 -1.462207
1600000 1.490293 -0.852462 -1.354909
1610000 1.728229 -0.936946 -1.283744
1620000 1.853389 -0.847038 -1.335852
1630000 1.413205 -0.793507 -1.393284
1640000 1.498630 -0.883927 -1.341798
1650000 1.365495 -0.856805 -1.463147
1660000 1.945065 -0.888311 -1.354345
1670000 2.248852 -0.937843 -1.345936
1680000 2.285676 -0.923289 -1.357733
1690000 2.992050 -0.814493 -1.455876
1700000 4.095500 -0.762954 -1.324205
1710000 4.188392 -0.900018 -1.401707
1720000 3.341681 -0.898981 -1.252906
1730000 3.469685 -0.894578 -1.240642
1740000 4.245436 -0.772088 -1.382264
1750000 4.649316 -0.810398 -1.361644
1760000 4.697388 -0.797802 -1.357125
1770000 3.797063 -0.859972 -1.369894
1780000 4.416269 -0.865606 -1.499941
1790000 3.392537 -0.834616 -1.442204
1800000 4.346673 -0.901214 -1.355651
1810000 3.313415 -0.827526 -1.555358
1820000 3.866351 -0.864979 -1.293478
1830000 4.769623 -0.743263 -1.418552
1840000 4.653728 -0.774324 -1.448987
1850000 5.031088 -0.800383 -1.352351
1860000 4.586656 -0.702083 -1.555531
1870000 3.142514 -0.861033 -1.430059
1880000 3.570748 -0.952313 -1.404680
1890000 3.607668 -0.880617 -1.361551
1900000 4.327329 -0.934039 -1.429112
1910000 5.013675 -0.899279 -1.307900
1920000 5.020490 -0.890410 -1.454993
1930000 4.255176 -1.023430 -1.393974
1940000 3.178079 -0.868375 -1.339957
1950000 2.528900 -0.913816 -1.414870
1960000 2.824019 -0.927196 -1.235067
1970000 2.843768 -0.892432 -1.359417
1980000 2.411577 -1.039593 -1.475080
1990000 3.134769 -0.854827 -1.510278
2000000 2.449291 -0.868316 -1.402258
2010000 2.102020 -0.898876 -1.429583
2020000 1.614585 -0.922436 -1.351256
2030000 1.873200 -0.963803 -1.312422
2040000 1.770878 -0.702150 -1.323403
2050000 1.365242 -0.880616 -1.319805
2060000 1.187957 -0.854438 -1.447188
2070000 0.658652 -0.858276 -1.458610
2080000 0.891538 -0.976071 -1.494753
2090000 0.976987 -0.844986 -1.428975
2100000 0.628600 -0.947524 -1.336996
2110000 0.668884 -0.873596 -1.419831
2120000 1.126784 -0.785493 -1.326039
2130000 1.014903 -0.916771 -1.323174
2140000 1.291406 -0.725839 -1.478444
2150000 0.963685 -0.954605 -1.504468
2160000 1.335441 -0.986411 -1.415879
2170000 1.381976 -0.831334 -1.380183
2180000 0.581247 -0.832675 -1.398073
2190000 0.690214 -1.000684 -1.451850
2200000 0.576191 -0.870430 -1.509679
2210000 0.851444 -0.875732 -1.270340
2220000 0.947019 -0.898585 -1.290168
2230000 1.084952 -0.975500 -1.353606
2240000 1.067511 -0.908623 -1.416022
2250000 1.399415 -0.825815 -1.289202
2260000 1.389516 -0.947164 -1.399530
2270000 1.293136 -0.846287 -1.339808
2280000 1.069896 -0.998757 -1.376074
2290000 1.348272 -0.872697 -1.483220
2300000 1.432654 -0.786257 -1.320931
2310000 1.978218 -0.803886 -1.387213
2320000 2.150430 -0.801454 -1.405394
2330000 2.822445 -0.856837 -1.418474
2340000 2.001880 -0.936371 -1.394906
2350000 2.112009 -0.860799 -1.271930
2360000 3.326889 -0.895737 -1.321706
2370000 3.713072 -0.872569 -1.320508
2380000 3.873907 -0.986044 -1.402198
2390000 4.332406 -0.902002 -1.205264
2400000 3.964307 -0.983606 -1.364905
2410000 4.191343 -0.840478 -1.443965
2420000 4.245220 -0.926515 -1.465978
2430000 4.607535 -0.996732 -1.488245
2440000 5.072974 -0.841937 -1.417708
2450000 3.012292 -0.873203 -1.476297
2460000 3.327093 -0.754794 -1.405248
2470000 3.296563 -0.911473 -1.387804
2480000 3.414728 -0.896125 -1.379019
2490000 4.435128 -0.833538 -1.367102
2500000 4.740081 -0.857373 -1.336238
2510000 4.942246 -0.906938 -1.356508
2520000 4.039460 -0.761264 -1.453307
2530000 4.192421 -0.874320 -1.249755
2540000 4.702014 -0.866276 -1.471146
2550000 3.857489 -0.786960 -1.461328
2560000 3.238486 -0.795105 -1.288774
2570000 3.788436 -0.932238 -1.353154
2580000 3.179832 -0.876966 -1.311787
2590000 4.557793 -0.868518 -1.385313
2600000 3.719678 -0.808311 -1.274935
2610000 2.622372 -0.931712 -1.361845
2620000 2.773328 -0.764692 -1.390315
2630000 3.777745 -0.919764 -1.460283
2640000 4.333018 -0.811405 -1.392967
2650000 3.539278 -0.887692 -1.468579
2660000 2.496862 -0.890949 -1.341298
2670000 2.215147 -0.930427 -1.421651
2680000 2.222135 -0.899378 -1.432524
2690000 1.945056 -0.873491 -1.304828
2700000 2.007364 -0.869667 -1.284299
2710000 1.928412 -0.823117 -1.487193
2720000 2.078724 -0.852064 -1.341827
2730000 2.433907 -0.996337 -1.456183
2740000 2.574129 -0.900417 -1.245120
2750000 2.579455 -0.929376 -1.499945
2760000 2.094585 -0.990141 -1.307615
2770000 3.081137 -0.959702 -1.306585
2780000 3.192673 -0.869212 -1.488941
2790000 3.034049 -0.943361 -1.384809
2800000 2.710547 -0.972242 -1.431370
2810000 4.169017 -0.798937 -1.464380
2820000 4.568241 -0.760175 -1.389866
2830000 4.922671 -0.848873 -1.386228
2840000 3.897306 -0.884341 -1.509483
2850000 4.644375 -0.892556 -1.324332
2860000 4.794319 -0.926281 -1.397920
2870000 3.708064 -0.942425 -1.447157
2880000 4.283314 -0.998027 -1.483005
2890000 4.560355 -0.837289 -1.287366
2900000 3.832034 -0.937049 -1.389444
2910000 2.782415 -0.843625 -1.406356
2920000 2.197433 -0.809900 -1.385730
2930000 1.724801 -0.904226 -1.174593
2940000 1.620106 -0.966796 -1.374650
2950000 1.702480 -0.797215 -1.364409
2960000 1.522745 -0.823205 -1.378590
2970000 1.547918 -0.827290 -1.388089
2980000 1.819296 -0.841219 -1.298407
2990000 1.814895 -0.933038 -1.346033
3000000 2.197027 -0.878063 -1.385430
3010000 1.726721 -0.911701 -1.457360
3020000 1.977124 -0.931507 -1.404732
3030000 1.674650 -0.858651 -1.397396
3040000 1.340960 -0.862732 -1.376730
3050000 1.208038 -0.956094 -1.439819
3060000 0.953735 -0.911105 -1.468736
3070000 0.921559 -0.863814 -1.448363
3080000 0.742309 -0.829171 -1.262390
3090000 0.753599 -0.860290 -1.419221
3100000 0.846622 -0.817494 -1.400089
3110000 0.747724 -0.854407 -1.299685
3120000 1.164356 -0.713119 -1.503189
3130000 0.890201 -0.792745 -1.306947
3140000 1.005853 -0.815993 -1.373588
3150000 1.048389 -0.846856 -1.463684
3160000 1.285859 -0.781475 -1.268841
3170000 0.500923 -0.981264 -1.521763
3180000 1.102839 -0.798669 -1.492299
3190000 1.024942 -0.917809 -1.410714
3200000 1.563225 -0.961111 -1.465095
3210000 1.560026 -0.858751 -1.572573
3220000 1.484300 -0.878344 -1.527941
3230000 1.616553 -0.885068 -1.431696
3240000 2.136789 -0.775289 -1.389563
3250000 2.937608 -0.990193 -1.423764
3260000 3.964115 -0.860842 -1.375278
3270000 4.299339 -0.890479 -1.449823
3280000 4.198408 -0.862860 -1.535976
3290000 4.693084 -1.026824 -1.308203
3300000 3.681596 -0.847980 -1.305247
3310000 3.407020 -0.926547 -1.345571
3320000 3.350793 -0.814011 -1.386661
3330000 2.797243 -0.779338 -1.357827
3340000 3.950161 -0.879491 -1.328822
3350000 3.889210 -0.810025 -1.478866
3360000 3.717356 -0.928610 -1.465610
3370000 4.656740 -0.787822 -1.403335
3380000 4.567738 -0.792362 -1.471332
3390000 5.092185 -0.798229 -1.485881
3400000 4.068575 -0.901583 -1.334595
3410000 3.252350 -0.874910 -1.396639
3420000 4.519303 -0.898013 -1.376198
3430000 4.737558 -0.798048 -1.371282
3440000 3.062237 -0.733926 -1.402223
3450000 3.360206 -0.736784 -1.386293
3460000 2.665834 -0.944547 -1.318647
3470000 2.887558 -0.865947 -1.372965
3480000 3.190006 -0.761338 -1.316952
3490000 3.712199 -0.947623 -1.273111
3500000 4.546057 -0.786377 -1.501626
3510000 4.966715 -0.956694 -1.341031
3520000 4.694580 -1.008913 -1.353227
3530000 4.344460 -0.790266 -1.439781
3540000 4.933742 -0.903953 -1.379812
3550000 5.043081 -0.900165 -1.543201
3560000 4.813583 -0.945176 -1.444713
3570000 4.482710 -0.963214 -1.424879
3580000 4.840339 -0.958582 -1.255924
3590000 4.688907 -0.746625 -1.324095
3600000 3.712261 -0.879722 -1.340831
3610000 3.350610 -0.811586 -1.450861
3620000 2.510672 -0.833881 -1.415800
3630000 2.229285 -0.832191 -1.368905
3640000 3.090162 -0.992850 -1.350521
3650000 3.054797 -0.905570 -1.351759
3660000 2.418921 -0.859848 -1.445745
3670000 2.205829 -0.808871 -1.331704
3680000 2.535909 -0.889050 -1.401438
3690000 2.938268 -0.946178 -1.347087
3700000 3.548686 -0.847131 -1.370160
3710000 2.423010 -0.889857 -1.579811
3720000 2.433927 -0.832335 -1.325672
3730000 2.225240 -0.946594 -1.267371
3740000 1.915674 -0.774499 -1.408607
3750000 2.009876 -0.775750 -1.546265
3760000 2.114007 -0.892236 -1.432824
3770000 2.321421 -0.799599 -1.407403
3780000 2.509089 -0.907171 -1.493866
3790000 3.723052 -0.889350 -1.339767
3800000 3.285030 -0.874695 -1.344229
3810000 3.543130 -0.814481 -1.325102
3820000 3.608463 -0.844556 -1.420863
3830000 3.753408 -0.770296 -1.351692
3840000 3.734325 -0.964190 -1.500885
3850000 3.088146 -0.886525 -1.374966
3860000 3.185855 -0.838474 -1.413307
3870000 3.525191 -0.830742 -1.408235
3880000 3.641599 -0.803547 -1.466987
3890000 2.810587 -0.896246 -1.468423
3900000 2.748415 -0.806566 -1.387350
3910000 2.111624 -0.783320 -1.364049
3920000 2.040964 -0.953667 -1.359373
3930000 2.588173 -0.855099 -1.327607
3940000 2.815530 -0.868674 -1.401994
3950000 3.005166 -0.813647 -1.472727
3960000 4.481183 -1.007915 -1.342148
3970000 4.554065 -0.829984 -1.445712
3980000 4.121546 -0.889603 -1.444342
3990000 5.067948 -0.905096 -1.377850
4000000 4.609059 -0.872867 -1.353344
