100000 0.848726 -1.050341 -1.996620
110000 0.575061 -0.946055 -2.078843
120000 1.001647 -0.828537 -2.012629
130000 1.374672 -0.823018 -1.778492
140000 2.298918 -0.857152 -1.985795
150000 3.283539 -1.034903 -1.770097
160000 4.791889 -0.848833 -1.820260
170000 4.721492 -0.731554 -1.856966
180000 4.922641 -0.826813 -1.900641
190000 4.349306 -0.905799 -1.979070
200000 3.764600 -0.901839 -2.001225
210000 2.115356 -1.018292 -1.982150
220000 2.095679 -0.812277 -2.007729
230000 1.439931 -0.934203 -1.854904
240000 2.354654 -0.883445 -1.853035
250000 3.057804 -0.790631 -1.964354
260000 3.711785 -0.830482 -1.868978
270000 4.615682 -0.961695 -2.013823
280000 4.072637 -0.744618 -1.943243
290000 4.633053 -0.782549 -1.979356
300000 4.708107 -0.951172 -1.959320
310000 3.595160 -0.926613 -1.885719
320000 3.270683 -0.964123 -1.899591
330000 2.434376 -0.810336 -1.907350
340000 2.923075 -0.851692 -1.902911
350000 4.786649 -0.927968 -1.871482
360000 3.939165 -0.885714 -1.896734
370000 3.740854 -0.909114 -1.859332
380000 3.942284 -0.912303 -1.890176
390000 4.419831 -0.792008 -1.872214
400000 3.603429 -0.963090 -1.894908
410000 2.962148 -0.771920 -1.905508
420000 3.368831 -0.825880 -2.008944
430000 2.404781 -0.894008 -1.881183
440000 1.533829 -0.770443 -2.007744
450000 1.709550 -0.984231 -1.827346
460000 1.530018 -0.910455 -1.974639
470000 0.794203 -0.877200 -1.988724
480000 0.802813 -0.925247 -1.999717
490000 0.772176 -0.878394 -1.875223
500000 1.036484 -0.798938 -1.867221
510000 0.863303 -0.940022 -1.925049
520000 0.584281 -0.948377 -1.946639
530000 0.810760 -0.842154 -1.813175
540000 0.649668 -0.876796 -1.880359
550000 1.456608 -0.837040 -1.996834
560000 1.173686 -0.923983 -1.933906
570000 1.414924 -0.890185 -1.936250
580000 1.043881 -0.875472 -2.055935
590000 2.081744 -0.825099 -1.717096
600000 2.193890 -0.790300 -1.880323
610000 2.381761 -0.927424 -1.922582
620000 1.760990 -0.742461 -1.939571
630000 2.335951 -0.890415 -1.977899
640000 2.859909 -0.922740 -2.141130
650000 3.839227 -0.910930 -1.903509
660000 3.485860 -0.923993 -1.990840
670000 4.376469 -1.092627 -1.926704
680000 4.359473 -0.987860 -1.936659
690000 4.607249 -1.045936 -1.940432
700000 4.241220 -0.883786 -1.906743
710000 2.729289 -0.884884 -1.936298
720000 2.504421 -0.887596 -1.897978
730000 3.155457 -0.757636 -1.912566
740000 3.836568 -0.907062 -2.086211
750000 4.859362 -0.894552 -1.894665
760000 4.907326 -0.932961 -1.783963
770000 4.467598 -0.868673 -1.944746
780000 5.034546 -0.824843 -1.978429
790000 3.876663 -0.931270 -1.900818
800000 4.450741 -0.820695 -1.863889
810000 4.724936 -0.821218 -1.905169
820000 4.860704 -0.822208 -1.893123
830000 3.427515 -0.928154 -2.030588
840000 4.149322 -0.950508 -1.901936
850000 2.907922 -0.875048 -1.885494
860000 1.944388 -0.841208 -1.931987
870000 1.828468 -0.974699 -1.813466
880000 1.424915 -0.781197 -1.954367
890000 1.763191 -0.790680 -1.855304
900000 2.199421 -0.852857 -2.017627
910000 2.248067 -0.920243 -1.895545
920000 2.754061 -0.891558 -1.865878
930000 2.635481 -0.913319 -1.997276
940000 2.504719 -0.773630 -1.967160
950000 3.531390 -0.776109 -1.938439
960000 4.880384 -1.034447 -1.957508
970000 4.362869 -0.809571 -1.946482
980000 4.787222 -0.913652 -1.939813
990000 4.408253 -0.871342 -1.887530
1000000 4.916845 -0.895334 -1.951511
1010000 4.543038 -0.901277 -1.914396
1020000 4.222764 -0.911130 -1.941534
1030000 3.259161 -0.944532 -1.887061
1040000 2.929428 -0.944269 -1.964905
1050000 2.731288 -0.960972 -2.006277
1060000 1.910553 -0.953412 -1.877523
1070000 2.129589 -0.928337 -1.869541
1080000 1.312832 -0.948758 -1.847927
1090000 1.338849 -0.835071 -1.990361
1100000 1.472304 -0.825236 -1.821574
1110000 1.634626 -0.956252 -1.844376
1120000 0.881068 -0.844195 -1.952720
1130000 1.171064 -0.873013 -1.798541
1140000 1.284614 -0.772296 -1.856729
1150000 1.155877 -0.903009 -1.965260
1160000 0.858872 -0.883761 -1.969186
1170000 0.826155 -0.919838 -1.939018
1180000 0.769326 -0.782913 -1.925880
1190000 1.234363 -0.944702 -1.889476
1200000 1.207466 -0.875212 -2.030644
1210000 1.784233 -0.827106 -1.879048
1220000 2.480570 -0.948897 -1.854966
1230000 3.390925 -0.851075 -1.786420
1240000 3.510474 -0.722437 -1.933343
1250000 4.021136 -0.880390 -1.805174
1260000 4.506664 -1.027365 -1.880303
1270000 3.395756 -0.966039 -1.971607
1280000 3.099360 -0.905834 -1.950923
1290000 2.677230 -0.848208 -1.944349
1300000 2.229086 -0.962169 -1.867585
1310000 1.983542 -0.829074 -1.774411
1320000 1.799319 -0.962118 -1.871357
1330000 2.073533 -0.816963 -1.928486
1340000 2.965571 -0.912534 -2.015226
1350000 3.167687 -0.857165 -1.803153
1360000 3.230160 -0.860031 -1.909364
1370000 3.868968 -0.877435 -1.945378
1380000 4.255267 -0.835576 -2.011884
1390000 3.427940 -0.810318 -1.803145
1400000 3.302444 -0.912317 -2.003520
1410000 4.151153 -0.932925 -1.883821
1420000 4.640827 -0.943830 -1.958620
1430000 4.785245 -0.905055 -1.792937
1440000 5.049901 -0.904326 -1.826404
1450000 4.857811 -0.912180 -1.960522
1460000 4.946510 -0.850041 -1.860482
1470000 3.971727 -0.829096 -1.794697
1480000 3.645866 -0.837164 -1.906568
1490000 3.453541 -0.778090 -1.804760
1500000 2.652572 -0.798669 -1.867780
1510000 2.232689 -0.890502 -1.935157
1520000 2.181875 -0.941523 -1.891329
1530000 2.648560 -0.849367 -1.898838
1540000 1.962157 -0.896277 -1.926022
1550000 2.212580 -0.810222 -1.977594
1560000 1.777288 -0.845629 -1.945969
1570000 2.243903 -0.909399 -1.860136
1580000 3.275475 -0.824634 -1.874127
1590000 4.229578 -0.813106 -1.941831
1600000 4.400207 -0.823305 -1.894303
1610000 3.332865 -0.885425 -1.940291
1620000 2.945447 -0.798614 -1.849284
1630000 4.051062 -0.846911 -1.866969
1640000 4.699068 -0.937535 -1.930561
1650000 4.345357 -0.877855 -1.921598
1660000 5.040576 -0.888793 -2.078277
1670000 4.053568 -0.934126 -1.809257
1680000 3.456813 -0.932196 -1.920045
1690000 3.802543 -0.984190 -1.992375
1700000 2.858174 -0.820159 -1.910030
1710000 2.727134 -0.969594 -1.970022
1720000 2.747440 -0.913382 -1.884016
1730000 2.238285 -0.960305 -1.892971
1740000 3.275221 -0.883353 -1.932212
1750000 2.777811 -0.800945 -1.983103
1760000 3.139044 -0.800254 -1.965710
1770000 4.282971 -0.911853 -1.951760
1780000 4.688243 -0.740167 -1.875229
1790000 4.349867 -0.751858 -1.910463
1800000 4.152375 -0.854957 -1.900322
1810000 4.659626 -0.716348 -1.907674
1820000 4.752545 -0.873803 -1.799002
1830000 4.013111 -0.866162 -1.781997
1840000 3.829050 -0.947953 -1.892828
1850000 4.172020 -0.990960 -1.847195
1860000 4.199128 -0.907652 -1.890871
1870000 4.315782 -0.886593 -1.891026
1880000 3.869243 -0.836053 -1.916157
1890000 4.260749 -0.870643 -1.953286
1900000 3.133237 -0.943284 -1.977628
1910000 2.322307 -0.885255 -1.846222
1920000 1.583286 -0.861801 -1.900637
1930000 1.537315 -0.733127 -1.989719
1940000 1.634722 -0.804302 -2.004177
1950000 1.873393 -0.923633 -1.942917
1960000 1.807544 -0.943876 -1.906322
1970000 1.394970 -0.824497 -1.825236
1980000 1.327502 -0.961454 -2.161444
1990000 1.509435 -0.917216 -2.034230
2000000 0.889667 -0.683168 -2.003056
2010000 0.819705 -0.844504 -2.008999
2020000 0.866371 -0.895220 -2.100992
2030000 0.602124 -0.784618 -2.138707
2040000 0.946389 -0.886223 -1.983410
2050000 1.094525 -0.887086 -1.947580
2060000 0.923160 -0.953228 -2.023363
2070000 1.241667 -0.937432 -2.022871
2080000 1.037171 -0.856880 -1.982072
2090000 1.394578 -0.923966 -1.862710
2100000 0.834340 -0.861513 -1.902031
2110000 0.729031 -0.893527 -2.004203
2120000 0.604922 -0.904752 -2.096231
2130000 1.040657 -0.810615 -1.948659
2140000 1.366283 -0.855458 -1.878701
2150000 1.496528 -0.937236 -1.946580
2160000 1.484741 -0.867815 -2.024153
2170000 1.705905 -0.854323 -1.874194
2180000 1.617063 -0.812207 -2.026542
2190000 1.539274 -0.884156 -1.856689
2200000 1.399847 -0.957661 -2.050385
2210000 2.001264 -0.792057 -1.810336
2220000 2.065012 -0.791791 -1.875405
2230000 2.212019 -0.744850 -1.908235
2240000 2.497336 -0.796243 -1.992222
2250000 2.026447 -0.755514 -1.929825
2260000 2.584562 -0.962836 -2.014390
2270000 3.280952 -0.889957 -1.835939
2280000 2.539514 -0.841321 -1.931378
2290000 4.137555 -0.769085 -1.859141
2300000 3.360409 -0.830931 -2.107317
2310000 3.279274 -0.847326 -2.031100
2320000 3.106619 -0.907677 -1.760880
2330000 2.566925 -0.885311 -1.927032
2340000 3.677532 -0.893831 -2.004821
2350000 2.950448 -0.814006 -1.763134
2360000 3.708697 -0.723545 -1.852414
2370000 2.476560 -0.909426 -1.994815
2380000 2.138369 -0.942815 -1.971255
2390000 2.923885 -0.838160 -1.981396
2400000 3.674070 -0.851092 -1.887320
2410000 3.346912 -0.891214 -1.946128
2420000 2.929122 -0.996691 -1.952737
2430000 2.325841 -0.861636 -1.943172
2440000 2.446711 -0.890317 -1.737049
2450000 1.832873 -0.804141 -1.944009
2460000 2.563521 -0.979247 -1.889928
2470000 2.639542 -0.788824 -1.790825
2480000 3.002475 -0.875125 -1.915317
2490000 2.424131 -0.941705 -1.890969
2500000 2.322482 -0.855367 -1.882989
2510000 2.280482 -0.855652 -1.880810
2520000 2.430600 -0.904838 -1.824380
2530000 2.972823 -0.938142 -2.058861
2540000 4.959409 -0.712617 -1.968136
2550000 4.893759 -0.898643 -1.973680
2560000 4.708691 -0.768525 -1.968012
2570000 4.013556 -0.854459 -1.864782
2580000 3.837991 -0.868327 -1.735198
2590000 4.070069 -0.810748 -1.799056
2600000 3.742738 -0.922624 -1.954445
2610000 3.960352 -0.975619 -1.976423
2620000 3.236454 -0.904982 -1.841135
2630000 3.216427 -0.820522 -1.866094
2640000 3.381425 -0.900736 -1.885701
2650000 3.873372 -0.905044 -1.919476
2660000 4.768961 -0.999011 -1.934537
2670000 4.238338 -0.771695 -1.795081
2680000 4.693708 -1.023129 -1.885812
2690000 4.773637 -0.914948 -2.033183
2700000 3.912078 -0.916069 -1.917329
2710000 3.632657 -0.976649 -2.010332
2720000 3.378978 -0.827635 -1.944919
2730000 3.953918 -0.927479 -1.910639
2740000 3.486690 -0.788638 -1.885843
2750000 2.967774 -0.785500 -1.905865
2760000 3.183445 -0.842794 -1.803083
2770000 2.619283 -0.885069 -1.907148
2780000 1.771721 -0.964312 -1.856031
2790000 2.026667 -0.894749 -1.995061
2800000 2.151437 -0.825531 -1.877119
2810000 1.653220 -0.911179 -1.791089
2820000 1.569161 -0.897917 -1.879933
2830000 1.285247 -0.848736 -1.979510
2840000 1.303883 -0.888388 -1.945588
2850000 1.544731 -0.846397 -1.938009
2860000 1.637292 -0.763017 -1.911593
2870000 1.755570 -0.946483 -1.985421
2880000 1.952511 -0.828211 -1.856964
2890000 2.239209 -0.966128 -1.882695
2900000 1.957126 -0.921902 -2.066438
2910000 2.064893 -0.823998 -1.907004
2920000 2.602558 -0.918093 -1.814776
2930000 2.912375 -0.909215 -1.736008
2940000 2.550960 -0.931026 -1.927783
2950000 3.425622 -0.840326 -1.700396
2960000 4.679120 -0.885560 -1.988090
2970000 4.964424 -0.898981 -1.848463
2980000 4.877853 -0.882992 -1.847201
2990000 4.059179 -0.711996 -1.904607
3000000 4.471243 -0.890003 -1.924501
3010000 3.337282 -0.947689 -1.916524
3020000 3.273086 -0.862258 -1.976270
3030000 2.710951 -0.903332 -1.905488
3040000 2.663680 -0.925912 -1.878624
3050000 3.417065 -0.770297 -1.926838
3060000 3.608886 -0.854029 -1.896428
3070000 4.284293 -0.828894 -1.864244
3080000 3.622367 -0.897170 -1.852660
3090000 4.503907 -0.827283 -1.834318
3100000 4.739812 -0.850025 -1.920119
3110000 4.779038 -0.962719 -1.915653
3120000 4.484495 -0.839556 -1.874796
3130000 4.283293 -0.884199 -1.845629
3140000 4.211921 -0.921286 -1.947163
3150000 3.712055 -0.796813 -1.830600
3160000 4.832005 -0.810577 -1.845608
3170000 4.319968 -0.941336 -1.853453
3180000 3.553841 -0.935969 -1.911446
3190000 3.256212 -1.013462 -1.928797
3200000 2.966974 -0.739634 -1.945196
3210000 2.674427 -0.778004 -1.939384
3220000 2.867761 -0.914383 -1.951281
3230000 2.057258 -0.793312 -1.884865
3240000 1.959960 -0.874588 -1.889824
3250000 2.604017 -0.769101 -1.935925
3260000 2.994643 -0.976907 -2.063983
3270000 3.144421 -0.918031 -1.920217
3280000 4.244368 -0.789028 -1.917516
3290000 4.538689 -0.926324 -2.066378
3300000 4.498572 -0.851017 -1.885364
3310000 3.976444 -0.773643 -1.853359
3320000 4.330112 -0.766016 -1.895318
3330000 3.969270 -0.775091 -1.934436
3340000 4.739064 -0.755524 -1.981560
3350000 4.351148 -0.874432 -2.003969
3360000 4.709236 -0.902220 -1.854197
3370000 4.929296 -0.935302 -1.927768
3380000 4.847466 -0.821497 -1.929981
3390000 4.890648 -0.808666 -1.981314
3400000 3.993436 -0.914390 -1.958479
3410000 4.235079 -0.955895 -1.959374
3420000 4.807268 -0.911960 -1.843147
3430000 4.861066 -0.897067 -1.936281
3440000 4.674861 -0.930969 -1.808554
3450000 4.153979 -0.929999 -1.863418
3460000 2.975011 -0.771484 -1.988350
3470000 2.748283 -0.863131 -1.930536
3480000 2.346672 -0.874185 -1.949978
3490000 1.570157 -0.873234 -1.923135
3500000 1.180873 -0.972318 -1.857278
3510000 0.938626 -0.878305 -2.001358
3520000 0.791255 -0.788755 -1.958912
3530000 0.843882 -0.796377 -2.102997
3540000 0.686181 -0.886435 -1.821938
3550000 0.922236 -0.932387 -1.774588
3560000 1.001822 -0.924682 -1.915261
3570000 0.867201 -0.764131 -1.977003
3580000 1.044386 -0.877873 -2.035927
3590000 1.172856 -0.882196 -1.825432
3600000 1.091845 -0.870513 -1.928611
3610000 1.064020 -0.918322 -2.028138
3620000 0.501074 -0.748143 -2.088566
3630000 0.497778 -0.914484 -1.879168
3640000 0.584784 -0.821496 -1.928709
3650000 0.651977 -1.064186 -1.928268
3660000 0.703412 -0.828631 -1.951906
3670000 0.817393 -0.978722 -1.929963
3680000 0.611224 -0.949116 -2.013215
3690000 0.807725 -0.843885 -1.943708
3700000 1.143986 -0.929052 -2.003610
3710000 0.790096 -0.900184 -1.872620
3720000 0.890102 -0.995701 -1.799679
3730000 1.160665 -0.896228 -1.859203
3740000 0.919762 -0.966166 -1.891718
3750000 0.945148 -0.813739 -1.897383
3760000 0.714510 -0.693146 -1.915431
3770000 0.499654 -0.745506 -1.921956
3780000 0.502665 -0.913194 -2.008057
3790000 0.603102 -0.962004 -1.959143
3800000 0.724210 -0.886888 -1.963309
3810000 0.690376 -0.924067 -2.001501
3820000 1.302014 -0.826747 -1.868513
3830000 1.332983 -0.838867 -1.912211
3840000 1.386513 -0.928217 -1.978617
3850000 1.581368 -0.885989 -1.943457
3860000 1.583791 -0.944141 -1.798076
3870000 1.265402 -0.914388 -1.930402
3880000 1.200591 -0.883482 -1.936516
3890000 0.926973 -1.013463 -2.014269
3900000 1.015138 -0.912624 -1.862878
3910000 1.107407 -0.995493 -1.837288
3920000 0.881825 -0.935763 -1.885605
3930000 0.892114 -0.778712 -1.853491
3940000 0.933683 -0.813117 -1.909769
3950000 0.775624 -0.962310 -1.926629
3960000 0.761098 -0.848599 -1.898743
3970000 0.705944 -0.838672 -1.794241
3980000 0.736845 -0.955512 -2.042488
3990000 1.235583 -0.802906 -1.820430
4000000 1.783927 -0.803984 -1.822788
