100000 3.675742 -0.967646 -2.115875
110000 3.046378 -0.721082 -2.167506
120000 3.128203 -0.877424 -2.331151
130000 1.987291 -0.766652 -2.274891
140000 1.800920 -0.904001 -2.286801
150000 1.707492 -0.937426 -2.397829
160000 2.739615 -0.839788 -2.346050
170000 2.697960 -0.880820 -2.353263
180000 2.434918 -0.922811 -2.305236
190000 2.730741 -0.900789 -2.295361
200000 2.273665 -0.851901 -2.253282
210000 1.551393 -0.953005 -2.309297
220000 1.231790 -0.924424 -2.296165
230000 1.216148 -0.902343 -2.257978
240000 1.262444 -0.984945 -2.292454
250000 0.680711 -0.948288 -2.401328
260000 0.705466 -0.753396 -2.217530
270000 0.591680 -0.926293 -2.343453
280000 0.838768 -1.095329 -2.439063
290000 0.898993 -0.827850 -2.382001
300000 0.830035 -0.912434 -2.258556
310000 1.030591 -0.895152 -2.240905
320000 1.462852 -0.933122 -2.182122
330000 1.907019 -0.925426 -2.210501
340000 1.968666 -0.877456 -2.240925
350000 2.220330 -0.914458 -2.165503
360000 2.716669 -0.842480 -2.441324
370000 2.055793 -1.022112 -2.249671
380000 1.430022 -0.869894 -2.432891
390000 1.538462 -0.881431 -2.268700
400000 1.317120 -0.906488 -2.266976
410000 1.207762 -0.918115 -2.314019
420000 1.140577 -0.822233 -2.408005
430000 1.037845 -0.755173 -2.301794
440000 0.887645 -0.935778 -2.312747
450000 0.673656 -0.784017 -2.167525
460000 0.871195 -0.956049 -2.159670
470000 0.666576 -0.827264 -2.290187
480000 0.696989 -0.764713 -2.207492
490000 0.703699 -0.862538 -2.241077
500000 1.007245 -0.978691 -2.264128
510000 1.371355 -0.903932 -2.193980
520000 1.918257 -0.882128 -2.308727
530000 2.083578 -0.831308 -2.157320
540000 2.995278 -0.866107 -2.334375
550000 4.523129 -0.872780 -2.299961
560000 4.840951 -1.009827 -2.359844
570000 3.723092 -0.899579 -2.484979
580000 3.745874 -0.909171 -2.185493
590000 4.220881 -0.932290 -2.353387
600000 4.140903 -0.903437 -2.243488
610000 4.044945 -0.887696 -2.356739
620000 3.878580 -0.933134 -2.236306
630000 4.534872 -0.683490 -2.308119
640000 4.002156 -0.849094 -2.289366
650000 4.694430 -0.820278 -2.180303
660000 3.690736 -0.955161 -2.286688
670000 3.240472 -0.885642 -2.203102
680000 3.116339 -0.876878 -2.227882
690000 3.464293 -0.944264 -2.220956
700000 3.649452 -0.911779 -2.249560
710000 5.027054 -0.764335 -2.252682
720000 4.797602 -0.977642 -2.158636
730000 3.144202 -0.957118 -2.350011
740000 3.085613 -0.756836 -2.263807
750000 2.897174 -0.777688 -2.271521
760000 1.943321 -0.897003 -2.199005
770000 1.960994 -0.804762 -2.251501
780000 2.672975 -0.858131 -2.266069
790000 2.456055 -0.740956 -2.251990
800000 3.265324 -1.012387 -2.327449
810000 3.530693 -0.786479 -2.118690
820000 4.912647 -0.959166 -2.310437
830000 4.174560 -0.728187 -2.255555
840000 5.049464 -0.820333 -2.336578
850000 4.380138 -0.916787 -2.255366
860000 4.793690 -0.997451 -2.251130
870000 3.929158 -0.858093 -2.134917
880000 3.309418 -0.852966 -2.278984
890000 3.963065 -1.008608 -2.184223
900000 4.131210 -1.020184 -2.236579
910000 3.198007 -0.945206 -2.423388
920000 2.421238 -0.935167 -2.322428
930000 2.410224 -0.899430 -2.214712
940000 2.839197 -0.803171 -2.114915
950000 3.011845 -0.798670 -2.329775
960000 3.209449 -1.021731 -2.356055
970000 3.996434 -0.928640 -2.253133
980000 3.758958 -0.763558 -2.259095
990000 4.208246 -0.958566 -2.195713
1000000 4.675025 -0.768000 -2.218650
1010000 4.018066 -0.863681 -2.282135
1020000 3.104280 -0.920855 -2.207926
1030000 1.977730 -0.941970 -2.210509
1040000 1.497264 -0.818175 -2.338476
1050000 2.295099 -0.865261 -2.220429
1060000 2.395890 -0.977678 -2.368324
1070000 1.651705 -0.841618 -2.396050
1080000 1.404874 -0.745066 -2.136877
1090000 1.572604 -0.936519 -2.336009
1100000 2.968224 -0.822518 -2.168126
1110000 2.276298 -0.780166 -2.269562
1120000 2.948053 -0.819409 -2.355759
1130000 2.983164 -0.785652 -2.233771
1140000 2.704898 -0.853480 -2.340521
1150000 2.736157 -0.888899 -2.167599
1160000 2.664520 -0.673868 -2.301406
1170000 2.121229 -0.881121 -2.330343
1180000 1.779832 -0.864893 -2.282204
1190000 1.610550 -1.042376 -2.244804
1200000 2.171983 -0.908997 -2.326333
1210000 2.380396 -0.882811 -2.314816
1220000 2.593284 -1.004276 -2.241355
1230000 3.636509 -0.905070 -2.288785
1240000 4.984544 -0.893879 -2.347133
1250000 3.697329 -0.922740 -2.338369
1260000 4.190954 -0.895099 -2.260000
1270000 3.660743 -0.934817 -2.375681
1280000 3.322250 -0.755434 -2.271241
1290000 4.328554 -0.821735 -2.387450
1300000 4.372141 -0.893600 -2.285669
1310000 4.817512 -1.046390 -2.311972
1320000 4.613816 -0.876747 -2.193743
1330000 4.393341 -0.997604 -2.331466
1340000 4.418471 -0.924562 -2.274318
1350000 4.584033 -0.888138 -2.321794
1360000 4.071426 -0.856884 -2.179209
1370000 4.983998 -0.941921 -2.362175
