100000 2.257047 -0.981540 -2.833648
110000 1.646007 -0.925528 -2.730126
120000 2.885171 -0.812548 -2.823196
130000 3.697027 -0.922021 -2.701627
140000 3.757476 -0.853305 -2.661686
150000 3.506827 -0.801140 -2.748855
160000 2.987637 -0.860027 -2.800999
170000 3.542123 -1.031349 -2.768489
180000 2.599270 -0.874844 -2.689396
190000 2.492782 -0.733511 -2.851266
200000 2.043440 -0.883255 -2.796397
210000 1.134566 -0.817310 -2.821311
220000 0.610315 -0.868286 -2.631619
230000 1.276277 -0.854024 -2.730956
240000 1.508128 -0.833098 -2.799510
250000 0.920528 -0.823201 -2.689058
260000 0.778516 -0.746385 -2.711013
