100000 5.002779 -1.129580 1.763714
110000 4.842262 -1.047807 1.905994
120000 4.809178 -1.070023 1.910510
130000 2.926386 -1.103073 1.797610
140000 2.971321 -1.092924 1.913246
150000 2.176366 -0.999095 1.962043
160000 1.111544 -1.235187 1.943798
170000 1.689757 -0.998263 1.863912
180000 1.690517 -0.957404 2.097141
190000 0.948933 -0.990590 1.976341
200000 1.186138 -1.100213 1.863353
210000 0.859900 -1.180201 2.078397
220000 1.744355 -1.092360 1.921024
230000 2.151337 -1.056742 1.818901
240000 3.383450 -0.951281 1.898797
250000 4.282199 -1.057231 1.833058
260000 3.687523 -1.086856 1.939634
270000 4.275534 -1.139134 2.064875
280000 4.971672 -1.004933 1.963491
290000 3.262885 -1.013881 1.927504
300000 3.015171 -1.064853 1.994521
310000 2.677297 -1.042563 2.062394
320000 1.748309 -1.034865 1.940166
330000 1.513069 -1.127374 1.951047
340000 2.246223 -1.223277 1.903107
350000 2.568028 -1.051109 1.979318
360000 3.655810 -0.983513 1.774157
370000 2.829707 -0.965886 2.065191
380000 2.682299 -1.040043 2.002031
390000 2.405053 -0.953128 2.000102
400000 1.592880 -0.908511 1.958781
410000 1.428868 -1.051611 2.057852
420000 1.812148 -1.000253 1.848244
430000 0.920734 -1.053806 1.895955
440000 0.665591 -1.126350 1.890562
450000 0.725550 -0.986395 1.969467
460000 0.557464 -1.126402 1.959793
470000 1.157366 -1.092444 1.839768
480000 1.174553 -1.090185 1.867299
490000 1.360313 -1.050581 1.894965
500000 1.653637 -1.050207 1.991956
510000 1.793398 -1.088129 1.800328
520000 2.921166 -0.979181 1.878439
530000 4.239643 -1.021479 1.778855
540000 4.364071 -1.202106 1.888932
550000 4.752658 -1.168331 1.935990
560000 3.804154 -0.896570 2.033372
570000 4.200199 -1.125060 2.023017
580000 4.902041 -1.126742 1.889783
590000 4.009269 -1.022630 1.786544
600000 3.215791 -1.000330 1.913077
610000 4.277537 -1.004594 1.976944
620000 4.965728 -1.017985 1.776665
630000 4.373029 -1.117821 1.927204
640000 4.267670 -1.106959 1.905369
650000 3.785119 -0.900492 2.040077
660000 3.174742 -1.111654 1.965877
670000 3.151178 -0.986910 1.955879
680000 2.524837 -1.055006 1.855044
690000 2.385060 -0.987250 1.871234
700000 3.710360 -1.051230 1.868054
710000 3.156492 -1.023815 1.959598
720000 2.036068 -1.089353 1.967580
730000 2.219857 -1.014414 1.854172
740000 2.715109 -1.131265 1.817233
750000 3.896781 -1.094443 1.961942
760000 4.450847 -1.033153 1.862074
770000 4.280839 -0.899456 1.914061
780000 2.824478 -1.057592 1.818419
790000 3.799096 -0.955768 1.934470
800000 4.215745 -0.960013 1.817930
810000 3.722059 -0.992728 2.017292
820000 3.224662 -1.112329 1.985831
830000 3.009510 -0.994990 1.895710
840000 3.801255 -1.053593 1.967720
850000 2.382870 -1.014827 1.918396
860000 2.312255 -1.041056 1.981913
870000 2.041501 -1.058277 1.862050
880000 3.204689 -1.106626 1.972366
890000 3.124561 -0.984474 1.905162
900000 4.484537 -0.966421 1.906828
910000 5.030545 -1.086756 1.981447
920000 4.908662 -1.070895 1.877361
930000 4.956046 -1.164840 1.974306
940000 4.669462 -1.153395 1.910626
950000 3.774890 -1.111269 1.940369
960000 3.847611 -0.988564 2.059190
970000 3.252016 -1.064311 1.773168
980000 2.388150 -1.037365 1.970299
990000 1.545560 -1.066602 1.928894
1000000 1.838456 -1.053879 1.853749
1010000 1.953039 -1.076942 1.919401
1020000 2.218998 -0.983659 2.048742
1030000 1.663026 -1.109148 1.825592
1040000 0.966624 -1.159896 1.956935
1050000 0.927058 -1.110993 1.857374
1060000 0.859866 -1.039667 1.951788
1070000 0.565266 -1.190750 1.993863
1080000 0.703204 -1.012651 1.962400
1090000 0.775622 -1.028954 1.957333
1100000 1.237821 -1.046281 1.759404
1110000 1.501791 -0.962259 1.831610
1120000 1.204987 -1.074353 1.908556
1130000 1.001094 -0.966043 1.739768
1140000 0.936014 -1.080788 1.935222
1150000 1.050166 -1.083401 1.921066
1160000 1.001501 -1.040800 1.907886
1170000 1.254194 -1.098618 1.964008
1180000 1.588820 -1.086273 1.916994
1190000 1.726841 -1.157345 2.019211
1200000 2.396599 -1.037641 1.784640
1210000 1.544244 -1.017754 1.840424
1220000 1.851134 -0.915896 1.943908
1230000 2.946653 -1.090755 1.925896
1240000 2.835141 -1.051674 2.036121
1250000 4.004059 -1.082857 1.828813
1260000 4.077414 -1.046864 1.947952
1270000 3.983899 -0.993015 1.834192
1280000 4.368301 -1.065563 1.869583
1290000 4.890865 -1.000066 1.938979
1300000 4.259149 -1.125246 1.870062
1310000 4.296601 -1.179084 1.971057
1320000 3.445429 -1.137341 1.899863
1330000 4.574897 -1.029987 1.937858
1340000 3.408085 -0.987639 1.911506
1350000 3.022007 -1.011640 1.966025
1360000 2.903146 -1.098291 1.899761
1370000 2.823249 -1.050232 1.943885
1380000 2.365275 -1.135642 1.913476
1390000 1.928238 -1.006937 2.015894
1400000 2.566172 -1.003360 1.864206
1410000 3.370111 -0.988685 1.919947
1420000 2.828624 -1.096253 2.045964
1430000 3.962617 -1.169647 1.953959
1440000 4.490913 -1.069873 1.796411
1450000 4.588867 -1.068746 1.873003
1460000 3.928938 -1.045548 1.896865
1470000 4.582061 -0.992316 1.891081
1480000 4.247118 -1.060058 1.803820
1490000 3.443822 -1.114630 1.901469
1500000 2.791653 -1.026070 2.037402
1510000 2.763952 -1.015534 1.862925
1520000 2.608040 -1.049568 1.851686
1530000 2.122018 -1.017635 2.079411
1540000 1.616227 -1.103815 1.846813
1550000 2.037213 -0.981171 1.885176
1560000 2.709466 -0.982676 1.866597
1570000 3.426544 -1.204484 1.974851
1580000 4.011674 -1.086458 1.876281
1590000 3.290838 -1.101764 1.941448
1600000 3.102108 -1.095145 1.864971
1610000 2.523273 -0.899222 1.890308
1620000 2.054673 -1.222725 1.932486
1630000 1.621646 -1.059192 1.923536
1640000 1.592900 -1.052852 1.945692
1650000 1.373021 -0.970106 1.930387
1660000 1.382287 -1.079533 1.801038
1670000 1.701382 -1.151253 2.001102
1680000 2.016652 -1.072186 1.924057
1690000 2.174354 -1.137709 1.920506
1700000 1.908591 -1.079699 1.793974
1710000 1.482520 -0.997791 2.025134
1720000 1.754309 -1.167070 1.859107
1730000 2.307579 -1.031093 2.002208
1740000 2.866426 -1.024953 1.974509
1750000 3.469057 -1.033266 1.929784
1760000 4.040603 -1.116992 1.826271
1770000 4.062156 -1.079673 1.926663
1780000 4.183985 -0.890473 1.941628
1790000 4.623113 -0.920814 1.842697
1800000 4.661687 -1.039644 1.808973
1810000 3.714252 -0.986551 1.922905
1820000 3.293601 -1.003833 1.977893
1830000 4.050422 -1.106642 2.003077
1840000 4.864428 -1.063145 1.853846
1850000 3.880010 -1.021430 1.941222
1860000 3.251146 -1.105219 2.072144
1870000 2.685034 -0.968930 1.829943
1880000 3.161192 -1.133246 1.888799
1890000 2.564315 -1.052392 1.977563
1900000 3.202707 -1.031639 2.050654
1910000 3.020329 -1.030870 1.870521
1920000 2.468060 -1.074631 1.878789
1930000 2.602297 -1.189443 1.956720
1940000 1.972630 -0.940017 1.951790
1950000 2.076396 -1.019017 2.024460
1960000 2.040204 -0.958439 1.936132
1970000 2.236751 -0.876104 1.898627
1980000 2.377947 -1.122110 1.884081
1990000 2.041329 -0.987252 1.979584
2000000 2.664212 -0.972961 2.016689
2010000 3.606512 -1.009290 2.013427
2020000 4.211380 -1.087589 1.952880
2030000 3.180514 -1.117220 2.037335
2040000 4.060226 -0.910630 1.967509
2050000 4.749939 -1.138575 1.938913
2060000 4.055981 -1.160561 1.991226
2070000 4.433772 -1.137313 1.973146
2080000 4.522144 -1.091850 1.885754
2090000 4.798697 -1.022140 1.912477
2100000 4.514084 -1.053539 1.989811
2110000 4.046439 -0.996881 1.910050
2120000 4.146771 -0.935451 1.905212
2130000 3.570729 -1.097640 1.901851
2140000 4.330053 -0.933741 1.995790
2150000 3.470014 -0.989441 1.950443
2160000 3.230152 -1.036842 1.843177
2170000 2.976613 -1.085377 1.961122
2180000 2.753263 -1.064550 1.989887
2190000 3.367038 -1.022351 1.827405
2200000 3.891360 -1.068627 1.934814
2210000 5.005608 -1.083055 1.739949
2220000 4.252900 -0.852301 1.864670
2230000 4.060312 -1.017863 1.918462
2240000 4.506401 -1.017570 1.705930
2250000 3.690413 -1.002804 1.996828
2260000 3.365746 -0.952653 1.942993
2270000 2.615902 -1.083992 1.994060
2280000 2.516616 -0.968350 1.882087
2290000 1.509365 -1.063107 1.984962
2300000 1.566472 -0.930409 1.857018
2310000 1.202420 -1.130087 1.926607
2320000 1.141108 -1.089370 1.953605
2330000 1.106207 -1.165409 1.935227
2340000 1.084033 -0.897333 1.915769
2350000 0.793716 -1.008951 2.018590
2360000 0.738339 -1.054426 1.880914
2370000 0.702736 -1.033569 1.989701
2380000 1.304942 -1.104716 1.949853
2390000 0.978595 -0.986249 2.033809
2400000 0.796880 -1.181442 1.985651
2410000 1.031896 -1.133263 1.887045
2420000 1.289552 -0.952005 1.987840
2430000 1.407784 -1.040249 2.007486
2440000 1.265369 -1.154256 2.089081
2450000 0.526655 -1.288557 2.078943
2460000 0.502810 -1.058045 2.149609
2470000 0.633812 -1.265875 2.071492
2480000 0.501576 -1.099605 2.096189
2490000 0.774554 -1.007632 2.008263
2500000 0.493431 -1.218243 2.109059
2510000 0.649115 -1.159072 2.036009
2520000 0.750187 -1.122007 2.052470
2530000 0.843804 -1.213453 1.969453
2540000 1.088770 -1.105710 2.009893
2550000 1.086297 -1.038931 1.932250
2560000 1.748833 -0.937092 1.926534
2570000 1.774574 -1.059713 2.001087
2580000 1.502276 -0.987387 1.877892
2590000 1.622436 -1.073197 1.947546
2600000 1.443903 -0.996399 1.788903
2610000 1.915420 -1.118723 1.978422
2620000 1.967225 -1.037794 1.951486
2630000 1.585987 -1.108940 1.883026
2640000 3.030129 -1.183190 1.857882
2650000 3.188271 -1.025039 1.864123
2660000 3.761708 -1.129911 1.878212
2670000 5.009644 -0.968710 2.020426
2680000 4.914067 -0.982923 1.879363
2690000 5.086654 -0.981198 1.962513
2700000 4.081958 -1.085738 1.841713
2710000 4.352876 -0.867668 1.990348
2720000 5.021707 -1.068947 1.776285
2730000 3.333614 -1.104634 1.884191
2740000 3.988160 -1.039563 1.936728
2750000 4.644460 -1.068931 1.851055
2760000 4.495010 -1.050225 2.015387
2770000 3.405932 -1.057428 1.939737
2780000 3.515165 -1.013082 1.873632
2790000 3.713769 -1.113131 1.829899
2800000 3.268151 -1.068396 1.878486
2810000 3.489472 -1.029533 1.985146
2820000 2.541167 -1.114314 1.899032
2830000 3.205671 -1.132994 1.871379
2840000 4.062996 -1.096224 1.966923
2850000 3.269155 -1.133735 1.977078
2860000 2.561784 -0.990153 1.965326
2870000 2.499768 -0.963039 1.918760
2880000 2.699421 -0.940140 1.894987
2890000 1.913735 -1.025527 1.850597
2900000 1.758520 -1.131160 1.859237
2910000 2.067608 -1.207780 1.883749
2920000 2.185561 -1.100142 1.930567
2930000 2.748413 -0.947661 1.970521
2940000 2.719274 -1.126540 1.880375
2950000 2.576587 -0.969898 1.962885
2960000 2.195005 -1.058523 1.913259
2970000 3.407772 -0.996432 1.864372
2980000 2.919235 -0.972377 1.780753
2990000 2.460590 -1.045532 1.946020
3000000 2.410068 -1.081526 2.065258
3010000 2.846109 -1.062286 2.017117
3020000 3.934829 -1.015483 1.727108
3030000 3.849850 -1.016387 2.070906
3040000 3.645218 -1.179358 1.804198
3050000 2.988513 -1.007197 1.873060
3060000 3.014394 -0.958029 1.985342
3070000 3.714059 -1.093686 1.852356
3080000 5.021922 -1.112626 1.857528
3090000 4.246832 -0.964838 1.856367
3100000 4.972133 -1.113399 1.816860
3110000 4.680762 -1.069954 1.884881
3120000 4.756683 -1.065201 1.977853
3130000 4.325161 -1.175130 1.893048
3140000 4.120077 -1.106394 1.911915
3150000 4.840989 -1.005531 1.815177
3160000 4.877199 -1.020712 1.867049
3170000 3.748238 -1.039020 1.895767
3180000 4.001931 -0.927484 2.070603
3190000 3.587302 -1.121590 1.929276
3200000 4.081096 -0.983509 1.893318
3210000 3.514412 -1.067011 1.909313
3220000 2.992353 -1.000243 1.814629
3230000 3.108584 -1.105905 1.877769
3240000 4.015535 -1.021603 1.907949
3250000 4.963836 -1.107884 1.917965
3260000 4.716251 -1.073960 1.937932
3270000 4.404687 -1.076329 1.876780
3280000 4.424150 -1.096797 1.964060
3290000 4.965529 -1.151175 1.938341
3300000 4.838860 -1.048324 2.003212
3310000 4.728227 -0.957366 1.960892
3320000 3.213387 -1.093657 1.904737
3330000 3.401399 -1.136445 1.967042
3340000 2.329572 -1.160052 2.035130
3350000 1.996191 -1.028830 1.909916
3360000 1.796278 -1.043109 1.854202
3370000 1.467405 -1.058932 1.891580
3380000 1.459551 -1.137553 1.928552
3390000 1.248075 -1.147929 1.920597
3400000 0.981730 -1.077344 1.942439
3410000 1.040584 -1.066872 1.946934
3420000 0.937400 -0.967753 1.763474
3430000 1.175509 -1.133179 1.892921
3440000 1.453092 -1.105976 1.936152
3450000 1.226666 -1.064539 1.838606
3460000 0.878182 -1.118566 1.974394
3470000 0.866669 -1.100686 1.859762
3480000 0.853183 -1.091028 1.989391
3490000 0.954153 -1.170411 1.935832
3500000 1.205517 -1.043754 2.007589
3510000 1.123178 -1.026584 1.838005
3520000 0.864066 -1.097892 1.936663
3530000 1.209200 -0.972521 1.784430
3540000 1.382600 -1.028058 1.960548
3550000 1.547825 -1.194553 1.882065
3560000 1.634536 -1.161742 1.823680
3570000 1.651222 -0.965952 2.014918
3580000 2.368574 -1.067637 1.929625
3590000 2.038362 -1.066852 1.984768
3600000 1.993562 -1.068302 1.947604
3610000 2.442757 -0.908452 1.890357
3620000 2.627663 -1.084111 1.900484
3630000 2.650707 -1.152498 1.904655
3640000 3.016561 -1.030295 1.928078
3650000 2.442816 -1.143745 1.854989
3660000 1.893699 -1.209407 1.965893
3670000 1.975041 -1.085033 1.922509
3680000 1.775023 -1.046702 1.930043
3690000 2.230136 -1.064976 1.990498
3700000 2.701116 -1.065656 1.932139
3710000 3.203240 -1.028560 1.827339
3720000 3.270060 -0.994156 1.890410
3730000 3.899478 -1.176545 1.934827
3740000 4.069026 -1.024949 2.019941
3750000 4.349570 -1.075818 1.901138
3760000 4.908861 -1.048973 1.993195
3770000 4.480116 -1.095284 1.943740
3780000 3.889985 -1.048764 1.934932
3790000 4.152618 -1.012836 1.820677
3800000 4.208994 -0.973827 1.872071
3810000 3.393314 -1.164026 1.882216
3820000 4.023448 -1.121763 1.869597
3830000 3.025072 -1.057634 1.903856
3840000 2.892710 -1.118496 1.944108
3850000 3.655546 -1.043531 1.808239
3860000 2.759775 -1.075830 2.090348
3870000 2.564148 -0.955329 1.835113
3880000 1.608834 -1.168001 1.971580
3890000 1.228414 -0.938224 1.871790
3900000 1.361564 -1.101218 1.978331
3910000 1.212864 -1.185838 2.093716
3920000 1.270050 -0.979075 1.936565
3930000 1.209464 -0.993880 1.945758
3940000 0.930969 -1.136325 1.890833
3950000 1.032921 -1.035188 1.894499
3960000 1.178932 -1.144183 1.889802
3970000 1.251634 -0.900769 1.975858
3980000 0.977745 -1.048635 1.865469
3990000 0.806813 -1.141473 2.070493
4000000 0.740273 -1.085007 2.079980
