100000 4.149436 -1.012893 0.559231
110000 3.007465 -1.017032 0.562615
120000 4.505267 -0.975810 0.513233
130000 5.132896 -1.026975 0.510046
140000 3.936125 -1.030152 0.475375
150000 2.769316 -1.001880 0.583264
160000 2.496138 -0.933917 0.654519
170000 2.034934 -0.942580 0.563039
180000 2.805436 -1.084615 0.444811
190000 2.894783 -1.004589 0.680571
200000 1.915890 -1.139036 0.479328
210000 4.254394 -0.992969 0.538799
220000 4.740235 -0.997731 0.535574
230000 4.954691 -1.173852 0.474331
240000 3.642005 -1.005698 0.661695
250000 2.343830 -1.162340 0.599800
260000 3.181821 -1.031056 0.316574
270000 4.358370 -1.081455 0.528972
280000 3.460525 -1.042078 0.470293
290000 2.939697 -1.090928 0.556293
300000 1.724919 -1.014340 0.538400
310000 0.788812 -1.159531 0.507268
320000 1.030919 -0.907360 0.480630
330000 1.184714 -1.031982 0.491068
340000 0.832935 -1.084031 0.383305
350000 1.479751 -0.828468 0.543788
360000 1.225476 -1.057037 0.679054
370000 1.969486 -1.055122 0.499384
380000 2.476771 -0.969343 0.579485
390000 2.884006 -1.003701 0.532118
400000 4.268803 -1.095188 0.373011
410000 3.785728 -1.088912 0.641316
420000 4.847095 -0.872244 0.510745
430000 3.804601 -1.079844 0.534613
440000 3.463550 -1.004181 0.480886
450000 2.676185 -1.045400 0.464724
460000 4.299249 -1.111615 0.400854
470000 4.913448 -1.036515 0.476934
480000 3.419253 -1.012266 0.587725
490000 4.395756 -0.999173 0.383613
500000 4.650989 -1.094150 0.443912
510000 3.938946 -1.060976 0.505001
520000 3.892687 -0.975568 0.495562
530000 2.591304 -1.135603 0.523060
540000 2.407765 -1.124513 0.578464
550000 2.062096 -1.075845 0.497342
560000 1.465597 -1.048220 0.508235
570000 1.407923 -0.970768 0.607607
580000 1.108888 -1.006731 0.596819
590000 1.223095 -1.195123 0.461589
600000 1.395271 -1.035888 0.465269
610000 2.018170 -1.037464 0.520296
620000 1.765558 -1.093511 0.480200
630000 2.730158 -1.058714 0.464335
640000 3.361262 -1.002797 0.432559
650000 2.491635 -1.195931 0.562184
660000 1.858064 -1.044088 0.608048
670000 2.941366 -1.047510 0.515250
680000 3.440903 -0.900686 0.576857
690000 3.731674 -1.005859 0.484815
700000 4.214354 -0.958752 0.587400
710000 4.971175 -1.114570 0.539400
720000 3.777248 -1.092260 0.545245
730000 4.298352 -1.111007 0.574918
740000 3.565211 -1.077320 0.551203
750000 3.106920 -1.054667 0.486522
760000 3.216127 -1.016202 0.670685
770000 2.463975 -1.008466 0.483163
780000 2.325531 -1.017311 0.671305
790000 1.859614 -1.040687 0.582998
800000 1.338774 -0.993720 0.542960
810000 0.880482 -1.041012 0.574224
820000 0.725440 -1.008238 0.502866
830000 0.656572 -1.002926 0.381168
840000 0.649018 -1.102398 0.602053
850000 0.731015 -1.126647 0.538851
860000 0.873501 -1.075131 0.471286
870000 1.359465 -1.051476 0.444982
880000 1.680677 -1.000655 0.519297
890000 1.770806 -1.009504 0.441721
900000 1.895937 -0.939640 0.525179
910000 2.277339 -1.074089 0.518947
920000 1.966296 -0.989396 0.540667
930000 2.838302 -0.941989 0.334400
940000 3.198347 -1.009743 0.390707
950000 4.161759 -0.953957 0.489105
960000 4.756508 -1.090805 0.548268
970000 4.558850 -0.970797 0.395642
980000 4.857015 -1.067761 0.605693
990000 4.249477 -1.049510 0.433077
1000000 4.049110 -0.954396 0.676144
1010000 4.119049 -1.098077 0.512807
1020000 4.695142 -1.059133 0.494620
1030000 4.882294 -1.069238 0.686233
1040000 3.411236 -1.073784 0.666478
1050000 3.113037 -1.103636 0.506642
1060000 3.221926 -1.071666 0.555419
1070000 3.957140 -1.064620 0.599308
1080000 4.054837 -1.096411 0.493381
1090000 5.024906 -0.997050 0.612779
1100000 3.579706 -1.079661 0.579387
1110000 2.689728 -0.998803 0.441671
1120000 3.082130 -1.212754 0.552238
1130000 3.015323 -0.981934 0.419459
1140000 3.395331 -1.028644 0.578478
1150000 3.400122 -0.916879 0.514722
1160000 4.976795 -0.996495 0.372461
1170000 4.870758 -0.990154 0.550112
1180000 4.387423 -1.005039 0.520738
1190000 4.795411 -1.157674 0.512646
1200000 4.932203 -1.138872 0.541014
1210000 4.901699 -1.140993 0.498888
1220000 3.748706 -0.986416 0.461998
1230000 3.856703 -1.048407 0.489962
1240000 3.985210 -0.954490 0.565550
1250000 4.987569 -0.964307 0.405272
1260000 5.094895 -1.218867 0.661202
1270000 3.736535 -0.796462 0.656050
1280000 2.943299 -1.184010 0.627639
1290000 2.237493 -1.181524 0.547154
1300000 1.732728 -1.024120 0.604570
1310000 1.343827 -1.129303 0.555595
1320000 1.024186 -1.051250 0.604034
1330000 1.187852 -1.089969 0.536822
1340000 0.835655 -1.187947 0.678050
1350000 1.368380 -1.105734 0.365263
1360000 1.696753 -0.903614 0.503794
1370000 2.251101 -1.082545 0.533046
1380000 2.570905 -0.883150 0.438058
1390000 2.847874 -1.036755 0.516646
1400000 3.710796 -1.000506 0.415241
1410000 4.232599 -1.092714 0.528565
1420000 4.602612 -1.035302 0.507754
1430000 4.782951 -1.052867 0.503459
1440000 4.811523 -1.040018 0.513423
1450000 4.078110 -1.058548 0.529152
1460000 3.037788 -1.020988 0.482356
1470000 2.794464 -1.093457 0.495954
1480000 2.020157 -1.123219 0.460528
1490000 1.472136 -1.197585 0.534381
1500000 1.484864 -1.041225 0.472869
1510000 1.997760 -0.981019 0.454256
1520000 2.368990 -1.036423 0.568275
1530000 2.148059 -0.870235 0.485207
1540000 2.808849 -1.033187 0.606614
1550000 2.941573 -1.173616 0.572046
1560000 3.248377 -0.993917 0.512848
1570000 3.140296 -1.053304 0.367362
1580000 4.116456 -0.983559 0.520673
1590000 4.921966 -1.198878 0.383485
1600000 3.889581 -1.100689 0.515966
1610000 3.449182 -1.131055 0.560897
1620000 3.004971 -1.026820 0.410100
1630000 3.220304 -1.216325 0.588419
1640000 5.031553 -1.011866 0.572675
1650000 4.261919 -0.928559 0.434398
1660000 4.905052 -0.992421 0.509355
1670000 4.864474 -1.033913 0.543931
1680000 4.390240 -1.072935 0.580660
1690000 5.033155 -0.728163 0.467741
1700000 3.553654 -1.062513 0.527888
1710000 3.224125 -1.036165 0.564931
1720000 2.202441 -1.055414 0.590908
1730000 2.514227 -1.206124 0.589391
1740000 2.490452 -1.012936 0.462636
1750000 2.791013 -1.082872 0.527696
1760000 3.157989 -1.115345 0.514437
1770000 3.305602 -1.092715 0.423611
1780000 4.046874 -0.876760 0.592621
1790000 3.690386 -1.150807 0.433586
1800000 3.133043 -0.933013 0.576723
1810000 2.781521 -1.048846 0.626352
1820000 1.951149 -1.129570 0.472007
1830000 1.939592 -1.113001 0.468363
1840000 2.140419 -1.006865 0.544236
1850000 1.457846 -0.870919 0.539746
1860000 1.314837 -1.197624 0.281937
1870000 1.115816 -0.935045 0.653547
1880000 0.825742 -1.127880 0.479649
1890000 0.888864 -1.077765 0.490686
1900000 0.862286 -1.032631 0.488780
1910000 0.534226 -1.225676 0.570056
1920000 1.071950 -1.050959 0.401993
1930000 1.218111 -1.036932 0.371638
1940000 1.337878 -0.957099 0.386872
1950000 1.531474 -1.069183 0.702585
1960000 1.257948 -1.016712 0.557698
1970000 0.876159 -1.114632 0.553329
1980000 0.522295 -1.223487 0.559325
1990000 0.857975 -1.084820 0.511440
2000000 0.992122 -1.212994 0.613607
2010000 0.771326 -1.207852 0.359319
2020000 0.930179 -0.963712 0.610684
2030000 1.000246 -1.097019 0.595690
2040000 1.113032 -1.105599 0.435496
2050000 0.831293 -1.066931 0.454445
2060000 0.770232 -1.057973 0.563099
2070000 1.262231 -0.981996 0.472152
2080000 1.819144 -0.995561 0.490614
2090000 2.208063 -0.806340 0.413599
2100000 2.265030 -0.952694 0.454685
2110000 2.962599 -0.986156 0.597293
2120000 3.540566 -0.880797 0.481084
2130000 4.352970 -1.185608 0.581595
2140000 3.692165 -0.922700 0.606141
2150000 3.785877 -0.944940 0.402583
2160000 4.549932 -0.921595 0.530010
2170000 4.536957 -0.900040 0.573256
