100000 1.520782 -1.044596 0.031351
110000 2.025035 -1.058255 0.233288
120000 2.006071 -1.007832 0.026254
130000 2.701494 -1.061737 0.108918
140000 3.575071 -1.022346 0.169433
150000 3.861359 -1.066540 0.001105
160000 3.074055 -1.097952 0.055993
170000 2.292829 -1.060495 0.184199
180000 2.512496 -1.125199 0.028378
190000 2.896518 -1.031176 0.232212
200000 2.860415 -0.965043 0.077840
210000 4.148785 -1.002094 0.194716
220000 4.363688 -1.079399 0.241651
230000 2.947113 -0.998205 0.216817
240000 4.099450 -1.166556 0.224287
250000 4.394150 -1.016123 0.135442
260000 4.522161 -1.094711 0.305922
270000 4.821489 -1.055631 0.096541
280000 3.812146 -1.047630 0.240655
290000 2.889752 -1.089417 0.107971
300000 1.537308 -1.171015 0.167953
310000 1.335966 -1.107728 0.214053
320000 1.991618 -1.075055 0.112846
330000 2.331564 -0.986490 0.082398
340000 2.376815 -1.013898 0.214284
350000 3.841237 -0.994249 0.294777
360000 3.377679 -1.078120 0.207588
370000 2.894763 -0.995045 0.163121
380000 1.883639 -1.107302 0.284544
390000 1.885058 -1.083965 0.286539
400000 1.069952 -1.006795 0.268285
410000 1.199777 -1.018008 0.202479
420000 1.027210 -0.965536 0.176359
430000 0.619510 -1.132802 0.166999
440000 1.445016 -1.031942 -0.012483
450000 0.735518 -0.926121 0.353603
460000 0.767985 -1.108970 0.150758
470000 0.639770 -1.005088 0.167716
480000 0.904701 -1.082712 0.145181
490000 1.510957 -1.003932 0.234583
500000 1.873972 -0.900139 0.090123
510000 2.426932 -1.100695 0.185200
520000 2.587146 -1.102861 0.222090
530000 4.246591 -0.961765 0.212651
540000 4.769279 -1.077750 0.187732
550000 4.244781 -1.025368 0.072413
560000 4.235587 -1.024498 0.109458
570000 4.047189 -1.034480 0.215479
580000 3.430691 -0.987029 0.132428
590000 2.234366 -1.028741 0.149881
600000 1.914545 -1.076808 0.174817
610000 1.987349 -1.061117 0.167837
620000 2.518344 -1.006943 0.122843
630000 3.012956 -1.021391 0.224778
640000 3.559884 -1.129674 0.098525
650000 3.877353 -0.929321 0.194343
660000 4.555623 -1.097428 0.185129
670000 4.565181 -0.947702 0.227483
680000 4.406842 -1.100742 0.212448
690000 3.204413 -1.031309 0.229443
700000 2.635949 -1.011119 0.123388
710000 3.389103 -1.005751 0.167518
720000 3.884145 -1.187658 0.249383
730000 3.725435 -1.110657 0.208528
740000 4.533849 -1.025432 0.104299
750000 4.271440 -1.034362 0.217880
760000 2.084304 -1.033597 0.148239
770000 1.742044 -1.092435 0.274482
780000 2.322697 -1.103785 -0.015819
790000 2.482417 -1.065630 0.166906
800000 3.193741 -1.074643 0.210172
810000 2.774838 -1.016508 0.176251
820000 2.012194 -1.092682 0.183636
830000 1.944990 -1.077621 0.171693
840000 1.446247 -1.006915 0.136680
850000 1.196859 -1.010636 0.267831
860000 1.069538 -0.946769 0.222184
870000 1.121997 -1.078606 0.197842
880000 1.400922 -1.070078 0.174794
890000 1.660968 -1.068621 0.148149
900000 1.321085 -1.049066 0.058146
910000 1.979504 -1.089299 0.089508
920000 2.329633 -0.918692 0.153473
930000 2.640766 -1.092974 0.129073
940000 4.393901 -1.056585 0.229616
950000 4.647369 -1.140390 0.067772
960000 4.868257 -1.054863 0.169940
970000 3.580151 -1.019776 0.170297
980000 3.771509 -1.045907 0.253882
990000 4.739619 -1.128386 0.112244
1000000 3.105450 -0.974176 0.165175
1010000 3.613995 -1.164013 0.148463
1020000 4.550096 -1.031636 0.121058
1030000 4.545626 -0.983307 0.202601
1040000 4.413096 -0.917003 0.133927
1050000 2.583239 -1.024291 0.205457
1060000 3.185033 -1.153439 0.154183
1070000 3.877534 -1.136801 0.134533
1080000 4.640843 -0.991646 0.153226
1090000 3.592819 -1.105114 0.125951
1100000 3.173394 -1.077874 0.038476
1110000 4.686375 -0.985020 0.132771
1120000 3.995600 -1.123473 0.025463
1130000 3.095136 -1.139856 0.208200
1140000 2.333912 -1.162902 0.264272
1150000 2.201570 -0.931678 0.172911
1160000 1.734294 -1.075817 0.154205
1170000 1.255335 -0.960339 0.168310
1180000 1.609369 -1.074408 0.101182
1190000 1.322803 -1.081521 0.212701
1200000 0.777018 -1.063866 0.173630
1210000 1.104413 -0.989632 0.136918
1220000 1.092003 -1.105007 0.064235
1230000 0.607605 -1.182128 0.400000
1240000 0.833032 -1.061452 0.258727
1250000 0.587105 -1.135132 0.246301
1260000 0.853798 -0.995650 0.239219
1270000 1.235484 -1.027413 0.144765
1280000 1.044975 -1.094181 0.115891
1290000 1.141744 -1.009768 0.177930
1300000 0.946481 -0.938720 0.101013
1310000 0.862013 -1.175301 0.347066
1320000 0.648134 -1.225672 0.190294
1330000 0.893235 -1.023576 0.271812
1340000 1.581878 -1.174883 0.127734
1350000 2.325682 -1.144155 0.149960
1360000 2.218190 -1.053690 0.175865
1370000 2.232072 -1.011639 0.280705
1380000 1.880820 -1.068346 0.194172
1390000 1.972942 -1.026571 0.234808
1400000 1.983894 -1.104040 0.185192
1410000 2.108882 -0.993540 0.163322
1420000 2.513668 -0.995150 0.103271
1430000 2.405532 -1.073835 0.149764
1440000 2.975378 -0.966956 0.222839
1450000 3.102325 -0.886507 0.210532
1460000 3.567268 -0.960345 0.221964
1470000 3.694551 -1.128346 0.283607
1480000 3.961341 -1.050329 0.175408
1490000 4.371578 -1.021968 0.185527
1500000 4.922556 -1.163832 0.048481
1510000 5.008511 -0.931071 0.223066
1520000 4.196316 -1.178456 0.197927
1530000 3.149447 -0.927504 0.183641
1540000 2.685427 -1.123744 0.244294
1550000 2.561445 -1.078526 0.197794
1560000 2.317863 -1.046717 0.168919
1570000 2.660057 -1.064857 0.160502
1580000 3.854549 -1.086859 0.155516
1590000 3.671463 -1.182496 0.161694
1600000 3.689102 -1.019464 0.091878
1610000 4.099118 -0.992479 0.115725
1620000 3.573759 -1.116313 0.192941
1630000 3.232252 -1.054383 0.288794
1640000 4.400775 -1.067397 0.172207
1650000 4.816818 -1.050123 0.171732
1660000 5.038942 -1.106714 0.300041
1670000 3.915381 -0.984675 0.221006
1680000 4.618861 -0.885972 0.153513
1690000 4.948746 -0.993475 0.171025
1700000 5.027608 -1.103637 0.273342
1710000 4.175834 -1.018378 0.152385
1720000 3.653178 -1.050668 0.060928
1730000 2.556645 -0.965562 0.240251
1740000 3.011081 -1.073310 0.186717
1750000 2.883343 -1.063500 0.150694
1760000 2.131693 -0.980318 0.075768
1770000 1.403437 -1.028238 0.097970
1780000 1.675238 -1.036947 0.219805
1790000 2.163353 -1.048090 0.216703
1800000 2.010164 -1.010425 0.192207
1810000 2.298915 -1.024649 0.170588
1820000 2.412048 -0.948498 0.201652
1830000 2.502828 -1.051336 0.215923
1840000 3.818283 -0.962720 0.263210
1850000 3.647207 -1.068227 0.114049
1860000 2.878980 -1.128185 0.220500
1870000 3.599236 -1.070466 0.066465
1880000 4.307319 -1.095175 0.214206
1890000 4.312222 -1.193909 0.100972
1900000 4.377355 -1.222392 0.039924
1910000 4.238815 -0.998092 0.225454
1920000 2.804918 -1.143720 0.195726
1930000 3.748829 -0.977539 0.114650
1940000 2.352920 -1.028164 0.103537
1950000 2.804068 -1.024966 0.180175
1960000 2.101188 -1.019543 0.162187
1970000 1.781447 -1.020808 0.233578
1980000 1.391418 -1.188704 0.158201
1990000 1.320544 -1.119297 0.236324
2000000 1.767358 -0.990725 0.219601
2010000 1.862127 -1.025012 0.084717
2020000 1.750998 -0.987936 0.149198
2030000 1.371532 -0.951347 0.197888
2040000 1.310423 -1.062910 0.208578
2050000 1.152369 -0.960959 0.138172
2060000 0.934989 -1.163947 0.197086
2070000 0.576179 -1.003478 0.178893
2080000 0.596694 -0.967214 0.083595
2090000 0.822724 -1.020451 0.193617
2100000 1.055355 -0.994441 0.155558
2110000 1.200096 -0.973655 0.132813
2120000 1.313574 -1.143438 0.202871
2130000 1.094283 -1.017264 0.237383
2140000 1.408680 -1.028431 0.061727
2150000 1.659680 -1.082979 0.155338
2160000 1.403646 -0.848456 0.166961
2170000 1.393911 -1.023078 0.234225
2180000 1.837419 -0.972115 0.227791
2190000 2.203668 -0.989128 0.123767
2200000 1.927782 -0.972869 0.076532
2210000 2.321848 -1.030803 0.255622
2220000 2.425714 -1.069744 0.184911
2230000 2.640880 -1.182107 0.018379
2240000 2.181199 -1.009595 0.108729
2250000 2.897626 -1.017688 0.198623
2260000 3.227192 -1.013797 0.131237
2270000 2.840409 -0.949310 0.214518
2280000 3.073232 -1.099643 0.148520
2290000 3.581996 -1.114090 0.216838
2300000 3.820534 -1.130960 0.278998
2310000 3.878297 -1.134676 0.255398
2320000 4.658226 -0.937041 0.124916
2330000 4.543917 -1.019941 0.375565
2340000 4.226822 -1.148227 0.314579
2350000 4.247510 -1.070544 0.185859
2360000 4.213124 -1.121593 0.077444
2370000 4.137609 -1.050205 0.195504
2380000 3.522602 -1.129005 0.209016
2390000 3.907940 -0.894139 0.141133
2400000 2.616628 -1.200828 0.216305
2410000 2.864441 -1.013259 0.209026
2420000 3.593109 -0.897362 0.180002
2430000 4.331100 -1.043927 0.269500
2440000 4.707970 -0.939471 0.277017
2450000 4.028702 -0.870419 0.173809
2460000 3.357804 -1.091586 0.272577
2470000 2.426022 -1.137279 0.133655
2480000 2.704518 -1.155593 0.381599
2490000 2.597006 -0.927547 0.262613
2500000 2.093453 -0.981434 0.102407
2510000 1.945932 -1.069342 0.154343
2520000 2.090247 -1.026277 0.223595
2530000 2.228209 -1.142133 0.136078
2540000 1.601501 -1.034663 0.225064
2550000 1.424903 -0.980354 0.184547
2560000 1.258294 -1.122282 0.196455
2570000 1.668313 -0.958020 0.214843
2580000 1.807073 -1.023615 0.081532
2590000 1.755589 -1.100183 0.247645
2600000 2.174384 -1.075155 0.088450
2610000 2.378449 -0.966619 0.133715
2620000 2.386667 -1.004517 0.328189
2630000 2.362252 -1.030406 0.287112
2640000 1.990815 -1.079084 0.166084
2650000 3.328365 -1.094225 0.183351
2660000 4.719533 -0.877486 0.132654
2670000 4.545965 -0.998889 0.145717
2680000 4.873943 -1.004932 0.206239
2690000 4.500542 -1.191650 0.160305
2700000 4.524990 -1.097773 0.133197
2710000 4.820447 -0.988939 0.188465
2720000 4.144402 -0.980021 0.198083
2730000 4.172283 -1.057476 0.151698
2740000 3.972735 -1.052632 0.168785
2750000 3.698685 -1.114786 0.169329
2760000 4.390540 -1.022143 0.264928
2770000 4.114965 -1.121543 0.211342
2780000 4.527683 -0.998189 -0.030559
2790000 4.511958 -0.987861 0.223427
2800000 4.539540 -1.150466 0.164413
2810000 4.815752 -1.039225 0.150481
2820000 4.478038 -1.097630 0.238020
2830000 3.488185 -1.081273 0.197511
2840000 3.216782 -1.061280 0.131769
2850000 3.156210 -1.096063 0.203120
2860000 2.889966 -1.136245 0.173611
2870000 2.664238 -0.997530 0.062490
2880000 2.730840 -1.109778 0.110623
2890000 3.499268 -0.983506 0.223138
2900000 3.175670 -1.048335 0.361382
2910000 3.551628 -1.132373 0.173138
2920000 3.668296 -1.170536 0.049089
2930000 3.273266 -1.006486 0.304716
2940000 2.800345 -0.964901 0.164274
2950000 3.176096 -1.061501 0.156093
2960000 3.788251 -1.094830 0.223208
2970000 3.912661 -1.047565 0.185593
2980000 4.055257 -0.904713 0.184364
2990000 4.807444 -1.086135 0.154216
3000000 4.112806 -1.018136 0.243438
3010000 4.996829 -1.116761 0.219047
3020000 4.394216 -1.168073 0.289051
3030000 5.009924 -1.181531 0.105891
3040000 5.107705 -1.174393 0.112200
3050000 4.435401 -1.035863 0.104537
3060000 3.815324 -1.115191 0.111172
3070000 3.864192 -1.100913 0.125170
3080000 3.435108 -0.948370 0.174971
3090000 4.135158 -1.130966 0.120890
3100000 4.848134 -1.059472 0.209481
3110000 5.031177 -1.163640 0.141277
3120000 3.937450 -1.030050 0.209352
3130000 3.050073 -1.010043 0.086797
3140000 2.283183 -1.064296 0.159324
3150000 1.905176 -1.008412 0.240467
3160000 1.905253 -1.070764 0.164537
3170000 1.295017 -1.115294 0.176094
3180000 1.044109 -1.005297 0.073052
3190000 0.994005 -1.018028 0.065960
3200000 0.964185 -1.066240 0.180817
3210000 1.088399 -1.039307 0.250694
3220000 0.769219 -0.949050 0.358895
3230000 1.009754 -0.910069 0.126228
3240000 1.213455 -1.095772 0.125613
3250000 1.308600 -1.011438 0.195704
3260000 1.319893 -1.022373 0.088449
3270000 0.896929 -1.038085 0.292918
3280000 1.019696 -1.145244 0.242585
3290000 0.736599 -1.031853 0.192390
3300000 0.776069 -1.052050 0.253456
3310000 0.840128 -1.134364 0.153170
3320000 0.922981 -1.206770 0.212369
3330000 0.919475 -1.179293 0.223764
3340000 1.074385 -0.982072 0.199138
3350000 1.010888 -1.211346 0.195555
3360000 1.154287 -1.072649 0.161126
3370000 2.174525 -1.028977 0.170413
3380000 2.489414 -1.098631 0.126286
3390000 2.150590 -1.128431 0.115624
3400000 2.938497 -0.943913 0.250324
3410000 2.736666 -1.089054 0.270416
3420000 2.614404 -1.037092 0.194668
3430000 3.610725 -0.989534 0.096243
3440000 4.198131 -1.031946 0.154309
3450000 4.747802 -1.094715 0.168467
3460000 4.928737 -0.965659 0.182761
3470000 4.845106 -0.872689 0.059387
3480000 4.450652 -1.161448 0.141461
3490000 4.107600 -1.112881 0.140124
3500000 3.878430 -1.016739 0.211940
3510000 2.617033 -0.997061 0.179759
3520000 2.954683 -1.045201 0.108383
3530000 3.502340 -1.099925 0.203240
3540000 3.578789 -0.977554 0.221035
3550000 2.908146 -1.040182 0.227517
3560000 2.128204 -1.031281 0.229917
3570000 2.763399 -0.910015 0.132179
3580000 3.000246 -1.179920 0.211994
3590000 2.670492 -0.908839 0.121041
3600000 2.402284 -0.988504 0.169567
3610000 2.019571 -1.050044 0.158563
3620000 1.621003 -1.089983 0.223563
3630000 1.757354 -0.942061 0.197169
3640000 2.261280 -1.094043 0.095327
3650000 2.578993 -1.076717 0.091700
3660000 1.797176 -1.194706 0.112997
3670000 1.648028 -0.980509 0.117682
3680000 1.552093 -1.063899 0.210748
3690000 1.492379 -0.978490 0.175586
3700000 1.639480 -1.083144 0.174853
3710000 1.827849 -1.028266 0.213601
3720000 1.891569 -1.069717 0.103817
3730000 2.718563 -1.192956 0.119341
3740000 2.925496 -1.233097 0.160757
3750000 4.180094 -1.045867 0.172703
3760000 4.387131 -1.130301 0.289353
3770000 3.522459 -1.201198 0.115842
3780000 4.562843 -0.977753 0.273755
3790000 4.779512 -1.116396 0.246497
3800000 4.429857 -0.995886 0.175063
3810000 3.845366 -1.068316 0.105713
3820000 4.156156 -0.937377 0.127757
3830000 2.965160 -1.033645 0.248254
3840000 3.519246 -0.952469 0.208397
3850000 3.601121 -1.118122 0.118858
3860000 3.684497 -0.941850 0.273764
3870000 3.913663 -1.077294 0.088322
3880000 3.861900 -1.050947 0.074060
3890000 4.643404 -1.087257 0.216865
3900000 4.777070 -1.098117 0.175861
3910000 4.564010 -0.981063 0.267610
3920000 4.289151 -1.102489 0.228199
3930000 4.284415 -1.049438 0.135108
3940000 3.980149 -1.067602 0.168468
3950000 4.851002 -0.973905 0.079877
3960000 4.738123 -1.083937 0.075318
3970000 4.661342 -1.030951 0.138073
3980000 3.459829 -0.991172 0.167861
3990000 2.463417 -1.062293 0.136020
4000000 2.303448 -1.043710 0.140175
