100000 3.259907 2.779138 0.208278
110000 2.680518 2.849202 0.112222
120000 1.421102 2.733494 0.188600
130000 1.579399 2.808025 0.161470
140000 2.297632 2.805304 0.176027
150000 2.009130 2.813333 0.245726
160000 1.392163 2.719293 0.063561
170000 0.785887 2.788133 0.207248
180000 0.880135 2.786239 0.003479
190000 0.630768 2.875170 0.287186
200000 0.851718 2.737391 0.262498
210000 1.349091 2.742869 0.232763
220000 1.412750 2.857856 0.150147
230000 1.590481 2.768988 0.106226
240000 1.075335 2.818736 0.072600
250000 0.762306 2.707969 0.171347
260000 1.183766 2.808965 0.105901
270000 0.547081 2.771038 0.183078
280000 1.361636 2.669561 0.054318
290000 1.945125 2.780240 0.260460
300000 3.179145 2.716266 0.227521
310000 3.326824 2.771590 0.237745
320000 4.738237 2.825842 0.160337
330000 3.665342 2.833905 0.180839
340000 4.379866 2.873039 0.185630
350000 4.629026 2.806236 0.161230
360000 3.452888 2.880895 0.059180
370000 2.646602 2.783901 0.241411
380000 2.212250 2.778048 0.119677
390000 2.313631 2.790757 0.132828
400000 1.753948 2.890660 0.068793
410000 2.231391 2.646099 0.279477
420000 3.039094 2.779844 0.056656
430000 2.915025 2.851708 0.119822
440000 4.322839 2.637986 0.164962
450000 4.727506 2.744613 0.174428
460000 4.971904 2.745518 0.213185
470000 5.034379 2.798252 0.199860
480000 4.307700 2.696830 0.289597
490000 3.914244 2.743651 0.010796
500000 3.632834 2.760860 0.060540
510000 2.964368 2.824728 0.176072
520000 2.611005 2.885723 0.307508
530000 2.183574 2.777050 0.094680
540000 3.257694 2.761359 -0.009898
550000 3.978613 2.860908 0.099653
560000 4.037774 2.846177 0.040112
570000 2.630402 2.631775 0.184474
580000 1.791677 2.865541 0.122269
590000 1.388617 2.951881 0.184714
600000 1.936722 2.811086 0.189820
610000 2.213565 2.679681 0.245440
620000 2.287435 2.654254 0.179942
630000 1.867909 2.804883 0.295415
640000 1.010483 2.873559 0.159921
650000 1.072681 2.790243 0.186447
660000 0.932274 2.630171 0.199826
670000 0.615015 2.706060 0.077791
680000 0.917140 2.759723 0.122326
690000 1.418818 2.753466 0.115029
700000 1.017548 2.898873 0.237735
710000 1.876003 2.703501 0.341091
720000 1.432578 2.913225 0.077744
730000 1.157897 2.812164 0.183826
740000 2.458136 2.774821 0.168157
750000 3.024087 2.688967 0.231251
760000 3.647614 2.873644 0.209473
770000 4.804525 2.860750 0.081500
780000 5.000129 2.790957 0.138939
790000 4.540859 2.885657 0.182092
800000 4.873450 2.785793 0.105020
810000 4.067098 2.795558 0.197053
820000 4.809567 2.687999 0.113677
830000 3.866790 2.769626 0.100007
840000 3.444591 2.766132 0.154987
850000 4.045403 2.827026 0.053941
860000 4.619593 2.760788 0.161984
870000 2.729387 2.758704 0.197533
880000 2.517698 2.840599 0.158065
890000 2.736228 2.658339 0.226542
900000 3.346519 2.756285 0.191584
910000 3.484761 2.857624 0.145650
920000 3.963005 2.925417 0.256128
930000 3.818887 2.902088 0.209452
940000 4.203329 2.842015 0.135869
950000 4.494265 2.726387 0.218709
960000 4.385614 2.821840 0.096216
970000 4.656126 2.896815 0.128589
980000 2.984410 2.813800 0.095893
990000 3.321251 2.890628 0.112834
1000000 2.258426 2.862688 0.184965
1010000 2.722209 2.882080 0.108900
1020000 3.509803 2.802357 0.044055
1030000 2.352318 2.822282 0.211604
1040000 1.931008 2.737600 0.113149
1050000 1.951939 2.693664 0.193905
1060000 2.256559 2.810432 0.133953
1070000 1.597607 2.854321 0.158077
1080000 1.799056 2.725234 0.106306
1090000 3.030770 2.985014 0.123595
1100000 2.458343 2.772769 0.177019
1110000 3.563748 2.713843 0.159856
1120000 4.218396 2.653634 0.192245
1130000 4.299384 2.884245 0.244796
1140000 4.756439 2.873167 0.211701
1150000 5.068866 2.784574 0.180829
1160000 4.737485 2.936479 0.215957
1170000 2.516387 2.760550 0.227213
1180000 3.441013 2.877779 0.099896
1190000 3.705636 2.814139 0.182118
1200000 4.641411 2.842496 0.274714
1210000 4.557322 2.797895 0.164939
1220000 4.048381 2.739872 0.228796
1230000 4.733173 2.716045 0.114645
1240000 3.510960 2.836087 0.142422
1250000 3.999295 2.707620 0.157027
1260000 5.010512 2.839444 0.192961
1270000 4.340714 2.694586 0.169395
1280000 4.981864 2.815111 0.168061
1290000 4.920373 2.842795 0.097518
1300000 3.996338 2.904205 0.145119
1310000 4.649223 2.755617 0.146528
1320000 2.836702 2.726582 0.135817
1330000 2.600643 2.798428 0.317063
1340000 2.497696 2.796633 0.174485
1350000 2.272254 2.767012 0.292996
1360000 2.176215 2.749358 0.259824
1370000 1.830859 2.791118 0.232673
1380000 1.419332 2.706043 0.239839
1390000 1.765352 2.818228 0.220379
1400000 1.207185 2.768972 0.140850
1410000 1.033941 2.781393 0.230326
1420000 0.786695 2.741184 0.082686
1430000 1.233851 2.769581 0.131541
1440000 0.985525 2.622005 0.149970
1450000 1.060845 2.819111 0.153351
1460000 1.419087 2.854262 0.005445
1470000 1.412323 2.782886 0.272469
1480000 1.220496 2.868872 0.219198
1490000 1.415778 2.903686 0.161000
1500000 1.616024 2.802710 0.232529
1510000 1.440808 2.733538 0.005356
1520000 1.295600 2.719103 0.206407
1530000 1.307048 2.872843 0.215086
1540000 1.352346 2.784135 0.195348
1550000 1.496218 2.786369 0.197560
1560000 1.046255 2.747800 0.132141
1570000 0.775603 3.022938 0.090811
1580000 0.737156 2.915645 0.113548
1590000 1.069490 2.742690 0.086220
1600000 0.999081 2.653345 0.048836
1610000 1.068412 2.715825 0.198135
1620000 0.513260 2.950917 0.185187
1630000 0.508865 2.864160 0.033660
1640000 0.506844 2.861090 0.297276
1650000 0.706249 2.960724 0.077956
1660000 1.047952 2.702081 0.167955
1670000 1.139215 2.883804 0.223298
1680000 0.846280 2.876503 0.172522
1690000 1.680396 2.815446 0.048576
1700000 2.035197 2.871287 0.184686
1710000 2.139933 2.754565 0.225414
1720000 2.987931 2.754914 0.197868
1730000 3.209180 2.797597 0.174368
1740000 2.556146 2.800203 0.153960
1750000 3.085056 2.624304 0.172708
1760000 3.292051 2.719499 0.189606
1770000 3.668834 2.775469 0.321547
1780000 3.397125 2.732440 0.225330
1790000 4.105468 2.953791 0.157366
1800000 4.070528 2.818399 0.188824
1810000 2.645472 2.781097 0.108946
1820000 2.008754 2.860350 0.347749
1830000 2.352350 2.766607 0.191098
1840000 2.296522 2.717891 0.196589
1850000 2.080508 2.840202 0.244215
1860000 2.338020 2.637452 0.282267
1870000 2.424134 2.818021 0.068391
1880000 2.906016 2.783882 0.244662
1890000 3.537783 2.860679 0.250363
1900000 3.859166 2.781894 0.284977
1910000 4.183769 2.803615 0.118688
1920000 4.898319 2.768926 0.183190
1930000 4.436001 2.870809 0.056754
1940000 5.000799 2.680960 0.057135
1950000 4.305198 2.701471 0.207837
1960000 4.017519 2.819661 0.177517
1970000 3.484630 2.870567 0.222218
1980000 2.876438 2.650728 0.178241
1990000 3.233324 2.762816 0.253815
2000000 4.297089 2.840840 0.115867
2010000 3.688980 2.693136 0.241352
2020000 4.589525 2.798663 0.074210
2030000 2.937901 2.944213 0.222337
2040000 2.873496 2.724824 0.093772
2050000 2.178725 2.779755 0.136713
2060000 2.664724 2.785060 0.182605
2070000 3.048560 2.857638 0.113506
2080000 2.452542 2.811054 0.156358
2090000 3.591908 2.846204 0.187917
2100000 4.260696 2.713177 0.183877
2110000 4.742040 2.676671 0.352996
2120000 4.819608 2.780201 0.218088
2130000 4.643601 2.782287 0.215814
2140000 4.677306 2.774091 0.153667
2150000 4.558769 2.723811 0.219020
2160000 3.681406 2.761407 0.271864
2170000 2.703481 2.839360 0.152055
2180000 3.294143 2.759300 0.169174
2190000 3.560136 2.693570 0.213325
2200000 2.970458 2.640604 0.155326
2210000 3.148274 2.769649 0.113645
2220000 1.831641 2.725227 0.097613
2230000 1.644972 2.710533 0.207024
2240000 1.835670 2.838126 0.144395
2250000 2.127793 2.618184 0.136739
2260000 2.735742 2.624063 0.250354
2270000 2.438722 2.672479 0.167437
2280000 2.753748 2.654332 0.295114
2290000 3.820320 2.688052 0.210762
2300000 2.759638 2.866881 0.208648
2310000 4.447104 2.706102 0.165790
2320000 4.271273 2.828873 0.255124
2330000 4.058718 2.821870 0.108577
2340000 3.148666 2.902897 0.132784
2350000 4.400506 2.706027 0.272379
2360000 4.265636 2.734324 0.105322
2370000 3.613063 2.808972 0.224628
2380000 3.170783 2.861500 0.086939
2390000 4.464225 2.683575 0.261748
2400000 4.747480 2.808084 0.085136
2410000 4.748969 2.624137 0.244976
2420000 4.868003 2.843045 0.144155
2430000 4.827179 2.823795 0.106030
2440000 5.043689 2.850562 0.182184
2450000 4.491890 2.765791 0.087857
2460000 4.054661 2.807017 0.208296
2470000 4.386913 2.817861 0.301165
2480000 4.971402 2.696931 0.174398
2490000 3.550735 2.752315 0.149826
2500000 3.538722 2.783590 0.251117
2510000 4.951918 2.783092 0.071825
2520000 4.952867 2.825880 0.083540
2530000 4.743262 2.759857 0.128745
2540000 4.513576 2.813672 0.142713
2550000 4.037358 2.856693 0.072445
2560000 2.554235 2.791964 0.143775
2570000 1.900547 2.724450 0.235674
2580000 1.641814 2.839422 0.151777
2590000 1.544063 2.748659 0.195543
2600000 1.601198 2.781803 0.235622
2610000 1.956449 2.736143 0.203052
2620000 1.568170 2.745400 0.107149
2630000 1.991173 2.816201 0.184587
2640000 2.246638 2.720140 0.237210
2650000 2.193873 2.815597 0.280419
2660000 2.144716 2.733589 0.237142
2670000 1.972422 2.894437 0.273465
2680000 1.527475 2.736194 0.106627
2690000 1.781661 2.851158 0.157359
2700000 2.744876 2.733254 0.254487
2710000 2.861766 2.864312 0.109458
2720000 3.278759 2.838669 0.242793
2730000 2.949829 2.753143 0.170805
2740000 2.324488 2.862940 0.206781
2750000 2.608016 2.935643 0.125098
2760000 2.301035 2.704511 0.182074
2770000 2.341639 2.739721 0.169154
2780000 1.969611 2.802502 0.111947
2790000 2.309453 2.744144 0.205933
2800000 2.921125 2.735733 0.275560
2810000 2.743108 2.819963 0.154697
2820000 2.962991 2.801826 0.325166
2830000 2.733022 2.723363 0.109816
2840000 3.686390 2.860444 0.163109
2850000 4.493028 2.718331 0.159191
2860000 4.989905 2.838821 0.087267
2870000 4.290822 2.786875 0.053081
2880000 4.150236 2.859646 0.204316
2890000 4.159608 2.729213 0.186472
2900000 4.974775 2.823331 0.088989
2910000 4.707354 2.785863 0.284502
2920000 4.651156 2.803386 0.222282
2930000 4.862099 2.789082 0.239847
2940000 3.744770 2.706071 0.032467
2950000 3.377443 2.832968 0.157102
2960000 3.074842 2.757362 0.269153
2970000 3.867399 2.766311 0.126115
2980000 3.216225 2.846209 0.182718
2990000 3.274958 2.631827 0.224510
3000000 2.494338 2.685709 0.132082
3010000 3.053878 2.688114 0.211575
3020000 2.603052 2.758150 0.168251
3030000 3.300364 2.743377 0.152047
3040000 3.286270 2.877437 0.140600
3050000 3.347529 2.835951 0.152292
3060000 2.936487 2.727874 0.209456
3070000 3.232849 2.829605 0.096793
3080000 3.229650 2.797737 0.083722
3090000 3.986885 2.780813 0.213400
3100000 3.186114 2.854685 0.237395
3110000 2.725721 2.750274 0.123033
3120000 2.634087 2.775647 0.262896
3130000 1.909282 2.777015 0.220599
3140000 1.372595 2.721488 0.067943
3150000 1.296888 2.708548 0.230939
3160000 1.333444 2.821682 0.187156
3170000 1.531704 2.770979 0.178815
3180000 1.441716 2.771106 0.269425
3190000 1.148705 2.738977 0.207022
3200000 1.027497 2.770657 0.220212
3210000 1.205170 2.688281 0.179335
3220000 1.151649 2.725978 0.130395
3230000 0.851765 2.660661 0.167058
3240000 0.808384 2.836839 0.243030
3250000 0.663840 2.844692 0.002144
3260000 0.770717 2.607790 0.091135
3270000 0.906304 2.945687 0.269912
3280000 1.059071 2.836655 0.200156
3290000 1.288018 2.668333 0.172868
3300000 1.380937 2.762047 0.183855
3310000 2.094897 2.786349 0.117708
3320000 1.603895 2.790912 0.188516
3330000 1.759704 2.759493 0.151054
3340000 1.877860 2.703458 0.096962
3350000 2.017023 2.694901 0.193032
3360000 2.326123 2.765557 0.306827
3370000 2.440702 2.844509 0.301133
3380000 2.429732 2.726073 0.201709
3390000 2.513454 2.804717 0.196765
3400000 3.196879 2.834753 0.322495
3410000 3.905190 2.696979 0.304442
3420000 4.262190 2.767426 0.299458
3430000 3.588919 2.795223 0.118407
3440000 2.939430 2.860158 0.056658
3450000 4.040044 2.791988 0.112975
3460000 4.107766 2.819200 0.300085
3470000 4.318386 2.771022 0.140114
3480000 4.493354 2.836507 0.067489
3490000 3.712906 2.602079 0.228390
3500000 4.701085 2.630740 0.245708
3510000 4.919276 2.793726 0.023671
3520000 4.408375 2.953920 0.159117
3530000 4.430721 2.838413 0.163981
3540000 5.015536 2.803616 0.232568
3550000 4.885879 2.842526 0.226208
3560000 4.859927 2.764588 0.090187
3570000 4.872547 2.734111 0.132502
3580000 4.660393 2.683034 0.191615
3590000 4.735426 2.872431 0.109465
3600000 4.310156 2.787952 0.183803
3610000 3.596949 2.673078 0.330411
3620000 2.948553 2.850423 0.193196
3630000 3.779633 2.834068 0.169462
3640000 3.922373 2.735577 0.111573
3650000 3.623310 2.945145 0.228905
3660000 3.586939 2.915163 0.206443
3670000 3.638233 2.773043 0.200473
3680000 2.499297 2.700764 0.244295
