100000 4.060209 -1.124839 -2.583900
110000 4.307538 -1.117421 -2.518289
120000 4.679090 -1.110085 -2.757752
130000 3.551172 -1.094936 -2.682045
140000 3.131153 -0.984123 -2.689833
150000 3.620957 -1.011364 -2.675054
160000 1.967907 -1.138121 -2.668734
170000 1.442287 -1.152761 -2.704825
180000 1.085416 -0.896455 -2.668379
190000 1.152369 -0.970682 -2.612274
200000 1.831509 -1.064143 -2.630427
210000 1.526386 -1.106343 -2.413699
220000 2.544346 -1.187263 -2.603686
230000 1.792816 -0.998038 -2.666860
240000 2.323337 -0.946908 -2.675781
250000 3.273993 -0.973810 -2.725297
260000 3.573172 -1.005437 -2.615735
270000 4.771149 -1.070874 -2.579429
280000 3.618958 -1.066659 -2.571996
290000 3.098105 -1.040307 -2.485002
300000 1.556804 -1.145073 -2.653202
310000 1.262663 -0.959251 -2.721057
320000 0.870455 -1.006050 -2.466301
330000 0.841129 -1.024276 -2.609496
340000 1.217463 -1.063730 -2.650613
350000 1.818042 -1.031863 -2.563438
360000 1.830808 -1.147877 -2.600442
370000 2.178687 -1.055040 -2.687168
380000 4.272293 -0.997942 -2.605324
390000 3.891997 -1.092364 -2.569307
400000 3.850200 -0.977717 -2.598556
410000 2.474032 -1.029226 -2.514341
420000 1.186291 -0.982866 -2.510762
430000 0.779744 -1.057130 -2.681939
440000 0.918926 -1.100198 -2.672358
450000 1.372776 -1.080769 -2.609354
460000 1.248031 -1.105770 -2.583705
470000 1.603523 -1.042660 -2.608685
480000 2.818286 -1.118615 -2.532190
490000 3.619533 -1.045184 -2.703105
500000 3.571731 -1.066481 -2.662298
510000 3.540233 -1.125730 -2.654900
520000 4.639965 -1.096302 -2.596180
530000 4.754200 -1.057204 -2.605893
540000 3.647940 -1.010179 -2.588607
550000 4.994004 -0.982341 -2.586836
560000 4.948062 -1.091718 -2.698590
570000 4.479531 -0.990080 -2.548925
580000 3.606812 -1.025638 -2.566710
590000 4.100399 -1.034321 -2.518215
600000 2.949730 -1.012031 -2.605316
610000 2.074588 -1.136019 -2.681405
620000 3.344329 -1.012048 -2.560472
630000 3.339800 -1.052936 -2.675996
640000 2.837847 -0.997814 -2.590467
650000 2.213828 -1.158788 -2.651565
660000 1.544712 -1.080054 -2.670407
670000 1.577866 -0.975674 -2.639226
680000 2.055911 -1.011039 -2.697729
690000 2.152750 -0.970331 -2.587889
700000 2.944479 -1.108789 -2.566604
710000 3.139786 -0.892642 -2.724386
720000 3.899132 -0.996782 -2.599799
730000 4.187130 -1.029095 -2.678355
740000 4.360621 -1.077646 -2.625072
750000 4.540494 -1.013495 -2.695472
760000 4.354287 -0.972156 -2.588742
770000 3.743862 -1.006966 -2.673560
780000 3.343406 -1.096409 -2.597771
790000 3.901478 -1.112953 -2.486248
800000 4.584509 -0.946105 -2.638868
810000 4.718697 -0.906852 -2.531658
820000 4.980265 -0.932445 -2.605025
830000 4.618771 -1.104386 -2.619653
840000 4.079569 -1.025817 -2.553087
850000 2.985001 -1.012202 -2.628140
860000 3.660018 -1.068128 -2.752667
870000 2.762685 -1.048341 -2.602479
880000 2.644919 -0.921259 -2.624690
890000 1.866242 -0.962304 -2.546985
900000 1.557057 -1.146479 -2.569213
910000 1.358367 -1.052972 -2.665357
920000 2.071145 -1.099602 -2.533157
930000 3.054419 -1.067352 -2.533868
940000 2.676406 -0.995069 -2.744655
950000 3.320124 -1.054186 -2.603494
960000 3.891518 -1.046027 -2.681972
970000 4.213090 -1.130111 -2.655282
980000 3.276496 -1.048700 -2.606924
990000 2.895994 -1.005795 -2.605003
1000000 3.525854 -1.117421 -2.640519
1010000 2.152868 -1.013612 -2.743010
1020000 1.869314 -1.037236 -2.663291
1030000 2.689619 -0.969573 -2.606355
1040000 2.256587 -1.122304 -2.548349
1050000 2.000998 -1.214328 -2.600571
1060000 1.604331 -1.075836 -2.718543
1070000 2.330020 -0.993061 -2.744266
1080000 2.578375 -0.929200 -2.618716
1090000 2.925911 -1.126701 -2.657584
1100000 2.507999 -0.980121 -2.593388
1110000 2.266561 -0.996722 -2.747059
1120000 1.716640 -1.104527 -2.779871
1130000 1.875554 -1.023870 -2.538582
1140000 0.722437 -1.170597 -2.614573
1150000 0.497502 -1.103565 -2.709419
1160000 0.928381 -1.011525 -2.650314
1170000 1.146963 -1.068051 -2.577926
1180000 1.052041 -1.127271 -2.604420
1190000 0.920785 -1.065877 -2.657002
1200000 1.317528 -1.080739 -2.598848
1210000 1.376712 -0.967038 -2.597728
1220000 1.102493 -1.033030 -2.554330
1230000 1.511300 -1.070463 -2.759024
1240000 1.308548 -1.000733 -2.559147
1250000 1.864706 -1.046215 -2.688529
1260000 1.987072 -0.974510 -2.727631
1270000 2.577880 -1.009177 -2.516374
1280000 3.062836 -1.100913 -2.712258
1290000 2.797344 -1.066012 -2.587362
1300000 4.609730 -1.104309 -2.796967
1310000 4.213066 -0.982312 -2.577992
1320000 4.182005 -1.022221 -2.663118
1330000 4.506221 -1.148467 -2.714350
1340000 4.943046 -0.920871 -2.618705
1350000 4.857332 -1.068815 -2.602907
1360000 3.731545 -1.168934 -2.650574
1370000 4.069102 -1.032359 -2.641041
1380000 3.825152 -1.030881 -2.658761
1390000 4.924517 -1.066006 -2.631243
1400000 4.793801 -1.033749 -2.615114
1410000 4.520325 -0.945772 -2.730137
1420000 4.298464 -0.995111 -2.654099
1430000 4.635671 -1.019996 -2.700448
1440000 4.619271 -1.033019 -2.523399
1450000 4.924362 -0.983418 -2.691527
1460000 4.929482 -1.088118 -2.525832
1470000 4.983848 -0.904689 -2.554816
1480000 5.070307 -1.049433 -2.673915
1490000 4.873395 -0.986746 -2.653683
1500000 3.228114 -1.023938 -2.566072
1510000 4.767956 -1.003026 -2.599803
1520000 3.330943 -0.980618 -2.542020
1530000 2.753111 -1.203880 -2.542075
1540000 3.015959 -1.009545 -2.645297
1550000 3.905420 -1.110999 -2.479569
1560000 4.597733 -1.021244 -2.547121
1570000 4.508354 -0.995994 -2.711056
1580000 4.168353 -0.896126 -2.549841
1590000 3.047267 -1.057829 -2.544477
1600000 2.777723 -1.068825 -2.641165
1610000 2.569794 -0.954610 -2.746644
1620000 1.516485 -1.040380 -2.618414
1630000 1.761256 -0.963787 -2.647851
1640000 2.221434 -1.103521 -2.504719
1650000 2.419748 -1.002739 -2.609624
1660000 2.649503 -1.097840 -2.681583
1670000 1.675012 -1.009601 -2.626074
1680000 0.778428 -1.058381 -2.714668
1690000 0.946514 -1.116955 -2.672886
1700000 0.707492 -1.105940 -2.663590
1710000 0.553872 -0.827562 -2.848927
1720000 0.796753 -1.120280 -2.594095
1730000 0.862383 -1.134474 -2.623377
1740000 1.118139 -0.970259 -2.684939
1750000 1.175622 -1.071321 -2.512784
1760000 0.503053 -1.063749 -2.552522
1770000 0.664205 -0.909152 -2.470551
1780000 0.821622 -1.074996 -2.569580
1790000 1.044742 -1.083551 -2.605949
1800000 1.212341 -1.102396 -2.605970
1810000 1.444436 -0.981505 -2.705351
1820000 2.685091 -0.987744 -2.518554
1830000 3.719698 -0.995566 -2.508882
1840000 4.276387 -1.022564 -2.655652
1850000 4.162624 -1.031923 -2.616039
1860000 3.746244 -0.991867 -2.761418
1870000 3.555206 -1.091879 -2.609628
1880000 4.519665 -1.097409 -2.665419
1890000 4.758251 -1.021290 -2.640271
1900000 4.062655 -0.997157 -2.568438
1910000 3.230772 -1.113703 -2.681255
1920000 3.827205 -0.999173 -2.647091
1930000 3.450501 -1.065902 -2.646608
1940000 2.781170 -1.141117 -2.625524
1950000 3.485829 -1.072319 -2.671015
1960000 3.272254 -1.033507 -2.688949
1970000 2.246301 -0.987954 -2.602229
1980000 2.166050 -0.973587 -2.570236
1990000 1.790545 -0.958413 -2.597792
2000000 1.497330 -1.023914 -2.570211
2010000 1.482944 -1.074764 -2.665894
2020000 1.400237 -1.115841 -2.715034
2030000 1.132955 -1.011677 -2.531690
2040000 1.110926 -1.073397 -2.585481
2050000 1.036170 -1.080104 -2.709706
2060000 0.819716 -0.964700 -2.715960
2070000 0.817852 -1.052542 -2.689413
2080000 0.503131 -1.075733 -2.660818
2090000 0.597503 -1.188916 -2.552937
2100000 0.856849 -1.135855 -2.706113
2110000 0.696192 -1.010689 -2.654970
2120000 0.973387 -1.058333 -2.588863
2130000 1.423663 -0.976622 -2.618657
2140000 1.574480 -1.036566 -2.663812
2150000 1.809244 -1.039747 -2.668473
2160000 1.470365 -0.982558 -2.674560
2170000 1.649981 -0.986585 -2.686163
2180000 1.739671 -1.059903 -2.592509
2190000 2.041804 -1.024228 -2.576204
2200000 2.595956 -0.999196 -2.534006
2210000 2.433131 -1.016971 -2.567822
2220000 3.343591 -1.007574 -2.778113
2230000 3.113315 -0.875972 -2.703492
2240000 3.992832 -1.150441 -2.651031
2250000 4.484140 -0.995393 -2.460316
2260000 4.302669 -0.945720 -2.554167
2270000 4.949473 -1.070240 -2.604700
2280000 3.791031 -0.986869 -2.621983
2290000 2.942560 -0.879882 -2.645844
2300000 2.203914 -1.088723 -2.528942
2310000 2.290673 -0.984336 -2.639520
2320000 2.228575 -0.974962 -2.672879
2330000 1.894585 -1.099299 -2.654659
2340000 2.214070 -0.963772 -2.525852
2350000 2.714761 -0.951859 -2.699452
2360000 3.544623 -1.115875 -2.612406
2370000 4.059843 -1.091498 -2.612413
2380000 3.322624 -1.002000 -2.514830
2390000 3.464458 -1.062184 -2.736773
2400000 2.676245 -1.008590 -2.713657
2410000 4.069651 -1.037325 -2.596080
2420000 4.932434 -1.106897 -2.645396
2430000 5.011962 -1.034530 -2.609303
2440000 4.557367 -0.978717 -2.516130
2450000 4.229189 -1.027780 -2.621797
2460000 4.998103 -1.071603 -2.654099
2470000 4.390590 -1.070899 -2.579731
2480000 4.010398 -1.075559 -2.631121
2490000 4.401246 -1.077150 -2.662793
2500000 4.578750 -1.026393 -2.572000
2510000 4.981343 -1.150442 -2.700106
