100000 2.606167 -1.079444 -2.796615
110000 3.544933 -0.983791 -2.794330
120000 3.760725 -1.036796 -2.723489
130000 4.966309 -0.939688 -2.834225
140000 4.531776 -1.150082 -2.764745
150000 3.094314 -0.890162 -2.857840
160000 2.856309 -1.026588 -2.832911
170000 2.479926 -1.014384 -2.746045
180000 1.797270 -1.091868 -2.777500
190000 2.016239 -1.154292 -2.872702
200000 3.023315 -0.993516 -2.727698
210000 4.242329 -1.024693 -2.733518
220000 4.491455 -0.996011 -2.680151
230000 3.211611 -1.095752 -2.881637
240000 3.780575 -1.090947 -2.788474
250000 2.279802 -1.051283 -2.761494
260000 3.073940 -1.017307 -2.877728
270000 3.280132 -1.034218 -2.875992
280000 3.698694 -1.074832 -2.832802
290000 4.535512 -1.136231 -2.845276
300000 4.525160 -1.010900 -2.773931
310000 4.233344 -1.055016 -2.740529
320000 3.402489 -1.105492 -2.730086
330000 2.608033 -0.954234 -2.839013
340000 1.967795 -0.988448 -2.662969
350000 1.180844 -1.021408 -2.761061
360000 1.122764 -1.063676 -2.817464
370000 1.763268 -0.987941 -2.691944
380000 0.705858 -1.167072 -2.877164
390000 1.025069 -1.041687 -2.663638
400000 0.560237 -1.077146 -2.816102
410000 1.065305 -1.044938 -2.686120
420000 1.437232 -1.041954 -2.702795
430000 1.950315 -1.052488 -2.623287
440000 2.260423 -1.149486 -2.878163
450000 1.731282 -1.153894 -2.780266
460000 2.715643 -1.065711 -2.801249
470000 3.360108 -1.135435 -2.731662
480000 4.016770 -1.023146 -2.729634
490000 4.874546 -0.983830 -2.748872
500000 2.477589 -1.054075 -2.779872
510000 2.176173 -1.088719 -2.695395
520000 2.405351 -1.007312 -2.733427
530000 3.316883 -1.151384 -2.718805
540000 3.872835 -1.063268 -2.656923
550000 3.263863 -1.096624 -2.775464
560000 3.330931 -1.053673 -2.773632
570000 2.619438 -1.005705 -2.719055
580000 1.654451 -0.957507 -2.834538
590000 1.694567 -1.059876 -2.769244
600000 2.076267 -0.962728 -2.754506
610000 2.268906 -1.036089 -2.882641
620000 4.344867 -1.021717 -2.678024
630000 5.036769 -1.037914 -2.906135
640000 4.097108 -1.001639 -2.900739
650000 3.182354 -1.108879 -2.758782
660000 3.993920 -1.121615 -2.898379
670000 4.956748 -0.963999 -2.939314
680000 4.344453 -0.997916 -2.782692
690000 4.996891 -1.087887 -2.833899
700000 4.751639 -1.005599 -2.792715
710000 4.700288 -0.891447 -2.725817
720000 4.997938 -0.957816 -2.772450
730000 4.770711 -0.967972 -2.839810
740000 4.004139 -1.134354 -2.760639
750000 2.814744 -1.062778 -2.772356
760000 2.642024 -1.133991 -2.750050
770000 1.937940 -0.994415 -2.866142
780000 1.032919 -1.073660 -2.894590
790000 1.201184 -1.122361 -2.792654
800000 0.995544 -1.015402 -2.752620
810000 0.710488 -1.093274 -2.918036
820000 1.225095 -1.061271 -2.844044
830000 1.077534 -1.054984 -2.731099
840000 0.703337 -0.907300 -2.944865
850000 1.027144 -1.119474 -3.025470
860000 1.500816 -1.088553 -2.826193
870000 1.932767 -1.034513 -2.828226
880000 2.237187 -1.131777 -2.786055
890000 2.250187 -1.111480 -2.780923
900000 3.033473 -1.021420 -2.904821
910000 4.298315 -1.055920 -2.781313
920000 3.183382 -1.186675 -2.775951
930000 3.689729 -0.989286 -2.825067
940000 3.218235 -1.007981 -2.819955
950000 2.477170 -1.021329 -2.821723
960000 2.265660 -0.997275 -2.699584
970000 2.536171 -1.125556 -2.641867
980000 3.372090 -1.189499 -2.811954
990000 4.311996 -1.093983 -2.731140
1000000 3.255325 -0.987652 -2.804940
1010000 3.146444 -0.977416 -2.780834
1020000 4.682689 -0.920536 -2.851851
1030000 3.034961 -1.053918 -2.759096
1040000 2.169402 -0.969083 -2.754401
1050000 1.715011 -1.077658 -2.754637
1060000 1.661453 -1.084181 -2.804414
1070000 1.106384 -1.000728 -2.850511
1080000 0.615969 -1.070965 -2.837391
1090000 0.790690 -1.096003 -2.777252
1100000 0.662598 -1.040157 -2.885953
1110000 0.979377 -1.010500 -2.682047
1120000 1.302669 -1.062850 -2.729480
1130000 1.316777 -0.954103 -2.820159
1140000 0.913421 -1.038894 -2.851772
1150000 1.088343 -1.067022 -2.611992
1160000 1.526752 -1.068607 -2.864733
1170000 2.105972 -1.149106 -2.871861
1180000 2.272175 -0.983823 -2.739910
1190000 2.991450 -1.170990 -2.891868
1200000 3.474893 -1.076150 -2.834783
1210000 4.438282 -1.156645 -2.911673
1220000 4.230543 -1.076827 -2.744346
1230000 4.107903 -1.059540 -2.808182
1240000 4.946643 -1.168930 -2.785764
1250000 4.944448 -1.062293 -2.709078
1260000 4.909240 -1.119786 -2.767718
1270000 4.524975 -1.025465 -2.753272
1280000 4.051387 -0.922512 -2.713060
1290000 3.579591 -0.957681 -2.790706
1300000 4.365990 -1.045608 -2.766218
1310000 4.421172 -0.940258 -2.883082
1320000 3.753443 -0.972390 -2.623336
1330000 2.838426 -1.077713 -2.782557
1340000 2.244804 -0.869137 -2.738630
1350000 1.758387 -1.094345 -2.789405
1360000 1.794068 -1.095371 -2.809765
1370000 2.033375 -1.059090 -2.795719
1380000 1.395134 -1.022394 -2.735841
1390000 1.127078 -1.026141 -2.871518
1400000 1.139706 -0.987141 -2.677757
1410000 1.625707 -1.072049 -2.797025
1420000 2.528077 -1.001874 -2.902433
1430000 2.568811 -0.991921 -2.764485
1440000 3.220085 -0.951787 -2.883301
1450000 3.683806 -1.066352 -2.802272
1460000 3.641186 -1.063508 -2.814320
1470000 3.221404 -1.017702 -2.793929
1480000 2.797517 -1.092656 -2.718049
1490000 3.423371 -1.046575 -2.769558
1500000 4.054380 -1.076074 -2.838854
1510000 4.616144 -1.058894 -2.831433
1520000 3.898168 -1.132506 -2.853227
1530000 4.173833 -1.085494 -2.774727
1540000 3.887945 -0.932239 -2.695803
1550000 3.630278 -1.082027 -2.835586
1560000 4.527363 -1.032439 -2.882848
1570000 4.087083 -1.111474 -2.782105
1580000 4.759672 -1.061972 -2.812985
1590000 4.962468 -1.039995 -2.740186
1600000 4.956164 -1.044402 -2.739355
1610000 3.210964 -1.089449 -2.731148
1620000 2.355749 -1.111990 -2.857039
1630000 2.528901 -1.113856 -2.826148
1640000 2.786753 -1.068669 -2.786688
1650000 3.189727 -1.165308 -2.792694
1660000 3.636298 -1.071285 -2.707722
1670000 3.708416 -1.035437 -2.833332
