100000 3.253439 2.734719 -0.030159
110000 2.811585 2.751908 -0.016065
120000 2.739354 2.723108 0.088874
130000 2.623101 2.946332 -0.022741
140000 2.268929 2.710712 0.022252
150000 3.954092 2.642641 -0.019191
160000 4.294384 2.867098 -0.066320
170000 4.814708 2.704872 -0.040047
180000 4.563798 2.822325 0.069368
190000 3.976281 2.829046 -0.075077
200000 4.003730 2.673630 0.032360
210000 3.159577 2.747484 -0.119769
220000 3.647957 2.798052 -0.025160
230000 4.989363 2.868972 0.025401
240000 4.485281 2.695400 0.021750
250000 3.763791 2.858010 0.038392
260000 2.801796 2.787206 0.032579
270000 3.373680 2.813796 -0.022130
280000 2.374983 2.841268 -0.055410
290000 1.507021 2.908228 -0.119236
300000 0.917744 2.791403 0.026968
310000 0.979325 2.701309 0.075520
320000 1.007854 2.782633 -0.008937
330000 0.870454 2.743244 0.012957
340000 1.092116 2.732992 0.119556
350000 1.208292 2.868103 0.002659
360000 1.595267 2.860317 0.045911
370000 1.109358 2.715979 0.127303
380000 1.092114 2.946538 0.137126
390000 1.490143 2.732104 0.145689
400000 2.152494 2.817577 -0.038103
410000 2.117741 2.869892 0.017263
420000 2.729909 2.770106 -0.065993
430000 2.651970 2.709292 0.056886
440000 3.184775 2.881115 -0.051531
450000 5.023387 2.749688 0.065919
460000 5.061051 2.819500 0.143371
470000 4.609100 2.736611 -0.078316
480000 4.383087 2.828229 -0.081800
490000 4.394938 2.730665 -0.049886
500000 4.424764 2.722785 -0.096090
510000 3.785439 2.824263 -0.039495
520000 3.607702 2.848927 0.059060
530000 2.794516 2.782380 -0.026401
540000 3.936713 2.891916 0.042088
550000 4.458997 2.886057 -0.053147
560000 4.187298 2.786523 0.046616
570000 3.356987 2.672931 -0.028427
580000 3.479996 2.714045 0.056731
590000 2.360352 2.801316 0.067997
600000 2.864952 2.891478 0.051801
610000 1.764834 2.665466 -0.123882
620000 1.859264 2.842457 -0.027142
630000 1.691412 2.739024 0.057657
640000 1.969798 2.850732 0.111249
650000 2.165421 2.844735 -0.043587
660000 2.117458 2.795358 0.051438
670000 2.707758 2.733359 -0.052669
680000 2.706544 2.728606 0.058218
690000 4.225205 2.763361 0.069785
700000 4.318224 2.805819 -0.004835
710000 4.138051 2.790418 -0.111006
720000 4.300071 2.872443 0.052637
730000 4.859267 2.797617 0.107806
740000 3.344913 2.750716 0.004726
750000 3.173361 2.735588 -0.023418
760000 3.645809 2.714048 -0.054752
770000 3.398633 2.815630 -0.044277
780000 3.571000 2.730220 0.091582
790000 2.483151 2.769678 -0.098113
800000 4.223143 2.609127 -0.076306
810000 4.800790 2.780672 0.016967
820000 3.799536 2.951537 -0.028910
830000 2.521772 2.788694 0.063269
840000 2.142406 2.819965 0.015816
850000 2.075347 2.841876 0.144013
860000 1.933612 2.683764 -0.049400
870000 1.488771 2.832913 0.030758
880000 1.214288 2.937620 0.010703
890000 0.728966 2.874308 0.095517
900000 0.571475 2.728735 0.068408
910000 0.921901 2.813584 0.079410
920000 0.932353 2.729443 -0.031224
930000 1.048471 2.897279 -0.017120
940000 1.107845 2.763613 -0.112431
950000 0.696535 2.818165 -0.042203
960000 1.300200 2.745046 0.090065
970000 1.551486 2.891258 -0.040734
980000 1.193226 2.921494 0.005472
990000 1.855673 2.794504 -0.085148
1000000 2.095975 2.811445 -0.074860
1010000 1.706175 2.768458 0.046000
1020000 1.311910 2.770651 0.100237
1030000 1.449137 2.862853 0.021607
1040000 1.435560 2.782470 0.113150
1050000 1.318654 2.759827 -0.056194
1060000 1.885999 2.792392 -0.021370
1070000 2.235350 2.812447 0.066213
1080000 2.489664 2.877556 0.021081
1090000 3.002357 2.859573 0.148126
1100000 3.198921 2.735115 -0.032800
1110000 3.336155 2.655123 0.017104
1120000 4.689772 2.769458 -0.043324
1130000 4.373445 2.772963 0.098444
1140000 5.008766 2.744903 -0.167486
1150000 4.925375 2.783367 -0.061702
1160000 4.842046 2.708110 -0.010776
1170000 4.932109 2.740995 -0.051198
1180000 4.211609 2.729858 0.045287
1190000 3.737991 2.891951 0.077855
1200000 3.973442 2.687389 0.066954
1210000 3.522701 2.799896 -0.087213
1220000 3.295960 2.797003 -0.053867
1230000 2.730780 2.699284 -0.159988
1240000 3.778213 2.772578 0.136838
1250000 3.160725 2.643730 0.128538
1260000 3.309752 2.793318 -0.051419
1270000 2.587871 2.747840 0.046884
1280000 2.768733 2.759750 0.065257
1290000 3.660211 2.925188 0.146956
1300000 4.783246 2.870114 0.062180
1310000 4.236206 2.854267 0.024882
1320000 3.588710 2.797738 -0.060914
1330000 4.440479 2.712258 -0.104368
1340000 4.946695 2.833331 0.043522
1350000 4.574572 2.754067 -0.018576
1360000 4.490197 2.882553 0.108801
1370000 3.538429 2.796764 -0.010122
1380000 4.247918 2.909488 0.041057
1390000 4.010163 2.664924 0.012374
1400000 3.474084 2.934946 -0.018450
1410000 2.888633 2.768912 -0.059081
1420000 2.431372 2.839164 -0.004689
1430000 2.054932 2.855000 -0.026473
1440000 1.896201 2.840934 0.052368
1450000 2.376156 2.780560 -0.013064
1460000 2.686695 2.883046 0.029575
1470000 3.143329 2.677384 0.111282
1480000 2.168529 2.668227 0.034738
1490000 2.399303 2.650333 -0.019116
1500000 2.452646 2.814345 -0.057223
1510000 1.798203 2.734295 -0.100895
1520000 1.843454 2.713411 0.082714
1530000 1.759021 2.806810 0.005493
1540000 1.889396 2.702625 0.040249
1550000 2.205035 2.810516 0.049157
1560000 2.490141 2.691994 0.101136
1570000 3.577981 2.775687 -0.004414
1580000 4.137514 2.778430 -0.074015
1590000 3.058327 2.797589 0.131233
1600000 3.623098 2.811485 0.101753
1610000 2.706491 2.772508 0.089762
1620000 3.038212 2.844263 0.018140
1630000 4.678219 2.798311 -0.060764
1640000 4.811788 2.713635 -0.047420
1650000 4.712421 2.759160 -0.029720
1660000 3.816783 2.854439 -0.009225
1670000 4.334379 2.832679 0.035704
1680000 5.020369 2.861791 -0.066803
1690000 4.822608 2.733645 0.047707
1700000 4.105703 2.829880 -0.000976
1710000 3.917605 2.818868 0.014108
1720000 3.160508 2.819845 0.077417
1730000 3.520703 2.918374 0.042481
1740000 2.802977 2.820151 -0.043881
1750000 2.962283 2.785621 0.089364
1760000 1.806271 2.820691 -0.029052
1770000 1.489455 2.908605 -0.050891
1780000 1.414100 2.770883 -0.016030
1790000 0.857948 2.859912 0.075074
1800000 1.040332 2.749404 -0.031147
1810000 1.249323 2.930962 0.022238
1820000 1.282100 2.748061 -0.205930
1830000 1.585707 2.814016 0.026210
1840000 1.533018 2.834808 -0.074199
1850000 1.806281 2.801975 0.090045
1860000 1.847361 2.689633 0.154634
1870000 2.109054 2.801451 -0.011624
1880000 2.518030 2.786107 -0.051039
1890000 2.456864 2.789650 0.132004
1900000 3.801102 2.768238 -0.071346
1910000 4.907279 2.911030 -0.083208
1920000 4.511178 2.714363 -0.023867
1930000 3.755881 2.864094 0.037370
1940000 4.730721 2.873422 -0.116418
1950000 4.949731 2.805339 0.064696
1960000 4.970855 2.860608 0.016935
1970000 5.019367 2.737285 0.140158
1980000 3.690401 2.783780 -0.028116
1990000 3.323292 2.772914 -0.075666
2000000 4.159406 2.743652 -0.027069
2010000 4.339330 2.941564 0.056664
2020000 3.840592 2.880916 -0.040279
2030000 3.736173 2.809740 -0.011296
2040000 2.967987 2.684750 0.120284
2050000 2.876254 2.778446 0.045441
2060000 3.626051 2.705681 -0.060370
2070000 4.304321 2.720934 -0.024989
2080000 4.938190 2.818738 -0.031382
2090000 5.018934 2.788989 -0.023784
2100000 3.857452 2.818406 0.097063
2110000 3.018682 2.783934 0.167159
2120000 2.355121 2.808385 -0.030903
2130000 1.567795 2.786699 0.013249
2140000 0.810603 2.919744 -0.105315
2150000 0.971257 2.804546 0.075526
2160000 0.570659 2.827807 0.088577
2170000 0.788919 2.646112 -0.054879
2180000 0.859697 2.891325 0.007364
2190000 0.971792 2.826371 0.068697
2200000 0.936083 2.807536 -0.019468
2210000 0.918578 2.745761 0.084776
2220000 0.860583 2.732774 0.003263
2230000 1.343719 2.727175 0.028395
2240000 0.869063 2.835085 0.052264
2250000 0.929917 2.771283 0.094322
2260000 1.377552 2.632779 -0.103886
2270000 1.206944 2.761683 -0.084510
2280000 1.273529 2.851732 -0.055162
2290000 1.471752 2.715427 0.053769
2300000 1.953919 2.677902 -0.005818
2310000 2.341084 2.748790 -0.040572
2320000 1.837908 2.762786 -0.033672
2330000 1.610594 2.833695 -0.038432
2340000 1.903335 2.829199 -0.075773
2350000 1.686127 2.817075 -0.035701
2360000 1.491285 2.874666 0.069363
2370000 1.540277 2.858572 0.068139
2380000 2.152740 2.731438 -0.103817
2390000 2.253935 2.667393 0.068025
2400000 2.596777 2.706130 -0.024952
2410000 2.536701 2.763867 0.122542
2420000 3.098610 2.909919 0.065909
2430000 2.578877 2.801652 -0.124469
2440000 2.971392 2.896991 -0.042052
2450000 4.340267 2.921186 0.063917
2460000 4.422278 2.802261 -0.042442
2470000 3.695143 2.878787 0.026257
2480000 3.673433 2.758770 0.195762
2490000 3.278661 2.710273 0.041998
2500000 3.429895 2.865723 0.065220
2510000 5.022909 2.758549 -0.056436
2520000 4.812729 2.766506 -0.089006
2530000 4.618628 2.864962 0.005245
2540000 4.747486 2.728019 0.058540
2550000 3.906939 2.728292 0.061176
2560000 3.084937 2.733468 -0.057615
2570000 3.576209 2.817006 -0.032963
2580000 3.972975 2.728763 0.074821
2590000 4.951978 2.744376 -0.029960
2600000 4.932796 2.558392 -0.116895
2610000 4.133975 2.821231 -0.063810
2620000 2.999881 2.773041 -0.005566
2630000 3.078364 2.856770 -0.046092
2640000 3.271614 2.792001 -0.030231
2650000 3.314849 2.816126 -0.054379
2660000 2.665658 2.822368 -0.004011
2670000 2.600449 2.895386 0.106254
2680000 2.134542 2.789342 0.016658
2690000 2.145755 2.670626 0.156223
2700000 1.989199 2.906363 -0.034655
2710000 1.295960 2.706913 -0.039751
2720000 1.286667 2.850271 0.071699
2730000 1.333504 2.727339 0.007271
2740000 1.340374 2.736200 -0.094481
2750000 1.251256 2.780333 0.010560
2760000 1.777732 2.746552 -0.023085
2770000 1.809948 2.929664 0.031252
2780000 2.240146 2.752973 -0.081867
2790000 2.227744 2.748651 0.028769
2800000 2.765143 2.870414 0.059840
2810000 3.452338 2.761689 -0.028636
2820000 4.130494 2.890320 -0.032028
2830000 4.921703 2.718722 -0.045247
2840000 5.008283 2.762106 -0.062250
2850000 4.161650 2.901120 -0.102257
2860000 4.674727 2.736769 0.164868
2870000 4.505477 2.752037 -0.060618
2880000 4.284803 2.906345 -0.055714
2890000 4.288844 2.740172 -0.098988
2900000 4.922401 2.835012 0.046802
2910000 4.237680 2.741356 -0.033072
2920000 4.392844 2.743896 0.032286
2930000 2.713119 2.781749 0.072614
2940000 2.954792 2.778078 -0.062006
2950000 2.858204 2.761188 -0.114842
2960000 2.572976 2.769298 0.098154
2970000 2.305386 2.784056 0.042386
2980000 2.331933 2.750169 0.017886
2990000 2.682284 2.843961 -0.041142
3000000 3.442697 2.632172 0.057931
3010000 3.483897 2.762641 -0.034433
3020000 3.473365 2.858837 0.009135
3030000 4.252337 2.737803 0.006055
3040000 4.457514 2.687458 -0.125445
3050000 4.628197 2.731562 0.084196
3060000 4.867281 2.720952 -0.036223
3070000 4.716952 2.736204 -0.059071
3080000 4.062543 2.844240 -0.031450
3090000 3.601898 2.799714 -0.108103
3100000 3.439387 2.909236 -0.027816
3110000 3.777645 2.737898 0.073651
3120000 2.889485 2.868905 0.037223
3130000 2.947884 2.666992 -0.001332
3140000 2.230931 2.777267 0.047328
3150000 2.071769 2.725358 0.033909
3160000 1.828459 2.865222 0.085242
3170000 1.678102 2.701296 0.256446
3180000 2.046130 2.630320 -0.106692
3190000 1.940010 2.756419 0.082650
3200000 2.748288 2.693972 -0.025841
3210000 2.798915 2.795402 -0.088436
3220000 4.067931 2.802896 0.099373
3230000 4.479670 2.799431 0.086915
3240000 4.666643 2.734641 0.051713
3250000 4.840503 2.854687 -0.112797
3260000 4.268955 2.779065 -0.042834
3270000 4.185843 2.799724 -0.031818
3280000 4.150734 2.722747 0.144716
3290000 3.015343 2.826404 -0.082809
3300000 2.173270 2.747762 -0.165976
3310000 2.535368 2.790955 0.090011
3320000 3.601323 2.780049 -0.069729
3330000 3.044889 2.737239 -0.073601
3340000 3.131640 2.765665 -0.082613
3350000 3.411795 2.769645 -0.038296
3360000 3.957817 2.746615 0.038224
3370000 4.414078 2.912208 -0.029150
3380000 4.050728 2.686697 0.108716
3390000 3.840908 2.783810 -0.116592
3400000 4.074944 2.851302 -0.109425
3410000 4.913480 2.667278 0.016714
3420000 4.964343 2.862172 0.014190
3430000 4.831621 2.866468 0.001138
3440000 4.936786 2.941198 -0.028223
3450000 4.202297 2.869477 -0.007564
3460000 4.955660 2.853927 0.109200
3470000 4.968156 2.714988 0.038763
3480000 4.739752 2.791189 0.125830
3490000 5.068626 2.948303 -0.009263
3500000 4.839765 2.776786 0.110990
3510000 4.015852 2.754970 0.008345
3520000 3.633141 2.902637 -0.081985
3530000 2.862923 2.761547 0.018585
3540000 2.613411 2.806907 -0.015110
3550000 2.670304 2.777007 -0.031137
3560000 2.637282 2.790623 -0.077676
3570000 2.227212 2.799774 -0.038345
3580000 2.397933 2.642870 -0.005811
3590000 2.254303 2.789814 0.031312
3600000 3.168941 2.865391 -0.065747
3610000 2.774686 2.795896 -0.110073
3620000 2.849282 2.600647 0.043164
3630000 3.474577 2.790748 -0.027275
3640000 2.991315 2.749842 0.066173
3650000 2.583719 2.742421 -0.027501
3660000 3.071762 2.767110 -0.011412
