100000 2.136402 -1.124087 3.067934
110000 3.708866 -1.165814 3.105607
120000 4.080524 -1.151435 3.084077
130000 4.996624 -1.258585 -3.104283
140000 4.550132 -1.238930 -3.098868
150000 5.065818 -1.209615 -3.120281
160000 3.372053 -0.968175 -3.028690
170000 2.905076 -1.308251 -3.060776
180000 2.155525 -1.225601 3.118312
190000 3.204557 -1.209825 3.040277
200000 3.524914 -1.291416 -3.053954
210000 4.424242 -1.136389 -3.060903
220000 4.534857 -1.183616 -3.081400
230000 4.503474 -1.203275 -3.124106
240000 3.496426 -1.196001 -3.111260
250000 3.365551 -1.220774 -3.135273
260000 2.483737 -1.255760 3.099331
270000 2.261297 -1.227260 3.046468
280000 1.458119 -1.338502 -3.086843
290000 1.387817 -1.290646 3.123222
300000 2.376833 -1.211208 3.092590
310000 2.877650 -1.260556 3.065541
320000 4.296703 -1.349136 3.087938
330000 3.855536 -1.178388 -3.112287
340000 4.932127 -1.285545 3.094145
350000 4.313826 -1.201083 3.127803
360000 2.876995 -1.270162 -3.056203
370000 2.430172 -1.249215 -3.101432
380000 1.657868 -1.218460 3.129583
390000 1.873313 -1.269643 3.065630
400000 2.232466 -1.299784 -3.092844
410000 1.764173 -1.278937 -3.138773
420000 1.292902 -1.165565 3.058104
430000 0.611218 -1.211731 -3.009977
440000 0.919501 -1.161367 -2.935787
450000 0.978249 -1.288904 -3.094051
460000 0.703049 -1.140340 3.065456
470000 1.211545 -1.138715 -3.028484
480000 1.315895 -1.244195 -3.141189
490000 0.925486 -1.142535 3.109189
500000 1.504631 -1.317541 3.099027
510000 1.933940 -1.223195 3.129610
520000 2.715449 -1.230521 -3.056933
530000 3.461060 -1.234948 -3.123678
540000 3.277595 -1.297985 -3.073448
550000 4.222975 -1.312902 3.137851
560000 3.501299 -1.332940 3.091033
570000 4.611126 -1.305694 -3.011225
580000 3.664612 -1.247216 3.110442
590000 2.733807 -1.273529 3.099512
600000 2.602308 -1.348496 -3.141330
610000 3.411544 -1.165384 3.099638
620000 3.447677 -1.196643 -3.138671
630000 4.745842 -1.289403 -3.110331
640000 3.739442 -1.173894 -3.082234
650000 2.759954 -1.207411 -3.040651
660000 3.085492 -1.272993 -3.119576
670000 1.998198 -1.272434 3.114716
680000 2.398268 -1.199133 3.128122
690000 2.466209 -1.134619 3.135152
700000 2.155702 -1.235376 3.088665
710000 2.792920 -1.159317 -3.031400
720000 1.521945 -1.247934 3.093923
730000 1.697041 -1.067976 3.062161
740000 1.459094 -1.275720 -3.056445
750000 1.524586 -1.293227 3.075855
760000 2.032673 -1.135186 2.975390
770000 3.133577 -1.334937 3.111354
780000 3.968685 -1.283756 3.121684
790000 4.453510 -1.254767 -3.095751
800000 4.151630 -1.219101 3.119533
810000 3.210378 -1.237811 -3.044178
820000 2.743404 -1.293894 -3.131217
830000 3.567141 -1.287311 3.047524
840000 4.648435 -1.122792 3.097864
850000 3.807895 -1.179638 -3.095886
860000 3.347175 -1.212752 3.032245
870000 2.292414 -1.206275 -3.104647
880000 1.737780 -1.345459 3.033727
890000 1.832787 -1.225896 3.068703
900000 1.364958 -1.236211 3.132688
910000 2.235575 -1.239701 -3.070362
920000 3.147671 -1.183947 -3.052080
930000 3.871631 -1.281224 -3.107044
940000 4.676126 -1.240900 -3.096648
950000 4.764769 -1.192780 3.122454
960000 3.763572 -1.246577 -3.017318
970000 3.219463 -1.149939 3.036079
980000 4.470887 -1.211974 -3.116764
990000 4.472066 -1.159349 -3.014227
1000000 3.627464 -1.270567 3.048810
1010000 4.147605 -1.296360 -3.008753
1020000 4.538910 -1.214307 3.133506
1030000 3.515738 -1.034389 -3.114662
1040000 2.486508 -1.177973 3.072624
1050000 1.988917 -1.109911 3.105392
1060000 2.775141 -1.224154 -3.043694
1070000 2.801549 -1.234626 -3.005613
1080000 1.760363 -1.114728 3.089326
1090000 1.179073 -1.296089 -3.138228
1100000 0.956032 -1.288494 -3.123823
1110000 0.919920 -1.150965 -3.032394
1120000 1.284881 -1.177285 -3.067152
1130000 1.386318 -1.200893 3.135279
1140000 1.573623 -1.211412 3.074183
1150000 1.651011 -1.164435 3.099779
1160000 1.908199 -1.242186 3.064919
1170000 2.751990 -1.268587 3.042561
1180000 3.913330 -1.152240 3.061190
1190000 3.778977 -1.197728 -3.133427
1200000 4.561366 -1.218388 -3.083026
1210000 4.168737 -1.243062 -3.086682
1220000 4.834408 -1.172839 3.136802
1230000 4.565927 -1.279674 -3.138432
1240000 4.088391 -1.312787 3.131125
1250000 4.638912 -1.166108 -3.122149
1260000 3.321606 -1.194519 3.125229
1270000 3.502444 -1.242983 3.086711
1280000 2.439581 -1.323495 3.052314
1290000 2.245002 -1.079257 -3.051976
1300000 3.112539 -1.253007 3.125783
1310000 3.898078 -1.241945 3.091596
1320000 3.756097 -1.228899 -3.070742
1330000 3.963151 -1.184968 3.110135
1340000 2.633183 -1.086245 -3.071005
1350000 2.431920 -1.201192 3.108925
1360000 1.812421 -1.162700 3.087538
1370000 1.664185 -1.100571 -3.105742
1380000 1.789340 -1.129591 3.100301
1390000 2.117665 -1.239828 -3.128929
1400000 2.244082 -1.184114 2.992621
1410000 2.544786 -1.244837 3.093871
1420000 1.136162 -1.197210 -3.032426
1430000 0.729015 -1.267312 -3.092178
1440000 0.606842 -1.149742 -3.048788
1450000 0.827163 -1.154693 3.105756
1460000 0.831695 -1.395275 3.088961
1470000 1.048501 -1.127141 -3.129482
1480000 1.014557 -1.422178 3.118580
1490000 1.348336 -1.194037 3.118127
1500000 0.564498 -1.336799 3.139816
1510000 0.881772 -1.357343 -3.118016
1520000 0.775920 -1.186505 3.107300
1530000 0.577052 -1.321060 3.050412
1540000 1.204685 -1.133721 -3.124205
1550000 1.069604 -1.282850 3.131222
1560000 0.969327 -1.344733 -3.130906
1570000 1.539887 -1.274816 3.097853
1580000 1.310821 -1.286617 -3.113974
1590000 1.971487 -1.316461 -3.140744
1600000 1.941546 -1.196614 3.055336
1610000 2.470766 -1.121087 3.040307
1620000 3.341905 -1.216046 -3.032755
1630000 3.266728 -1.235775 -3.093288
1640000 2.730266 -1.297752 3.123027
1650000 2.004575 -1.178292 3.041970
1660000 2.978225 -1.211298 -3.055642
1670000 2.641358 -1.286524 3.032072
1680000 2.739952 -1.194683 -3.094725
1690000 4.239009 -1.262318 -3.058565
1700000 4.187421 -1.157704 3.081585
1710000 3.923548 -1.357856 -3.109856
1720000 4.504078 -1.233042 -3.131047
1730000 4.264076 -1.328012 -3.057387
1740000 3.556513 -1.129362 3.043631
1750000 3.068736 -1.265307 3.055798
1760000 2.362854 -1.218303 3.085310
1770000 2.350961 -1.328713 3.122009
1780000 2.113934 -1.272113 -3.126618
1790000 1.324547 -1.315891 -3.138184
1800000 1.929795 -1.065942 -3.123231
1810000 1.591887 -1.237370 -3.082102
1820000 1.260712 -1.320847 3.082465
1830000 0.901036 -1.218581 -3.122944
1840000 1.527289 -1.307527 3.112942
1850000 1.081621 -1.235159 -3.099209
1860000 1.551860 -1.216773 -3.065197
1870000 1.575100 -1.075608 -3.111268
1880000 1.596915 -1.258319 3.097804
1890000 1.578221 -1.079937 3.126440
1900000 0.985366 -1.192813 -3.130352
1910000 0.810833 -1.418375 3.062124
1920000 0.707637 -1.280238 -3.026434
1930000 0.743782 -1.196640 3.077054
1940000 0.848794 -1.397271 -3.096280
1950000 0.897060 -1.196983 -3.077652
1960000 1.021794 -1.092941 -3.136593
1970000 0.502649 -1.292329 3.061614
1980000 0.700769 -1.138831 -3.112037
1990000 0.728044 -1.299009 3.019055
2000000 0.813443 -1.195915 -3.087547
2010000 0.985674 -1.095493 3.139147
2020000 1.222212 -1.360268 -3.070099
2030000 1.225546 -1.313762 -3.127662
2040000 1.391211 -1.274529 3.084238
2050000 1.519154 -1.221434 -3.119926
2060000 0.967592 -1.317263 3.113545
2070000 0.858930 -1.208970 -3.070546
2080000 0.956477 -1.389729 3.074244
2090000 1.096737 -1.154663 3.074522
2100000 0.910428 -1.282462 -3.110171
2110000 1.176462 -1.156937 -3.048881
2120000 2.003312 -0.953177 -3.133402
2130000 1.980846 -1.205654 3.092688
2140000 2.586980 -1.098904 3.112364
2150000 1.923649 -1.218366 3.133763
2160000 3.318941 -1.280878 -3.102777
2170000 3.594866 -1.204584 3.024764
2180000 3.709800 -1.256334 -3.074445
2190000 3.729338 -1.095830 3.137846
2200000 4.082564 -1.237105 -3.012334
2210000 4.433977 -1.092366 -3.103881
2220000 4.434089 -1.078585 3.131991
2230000 4.367040 -1.286134 3.014878
2240000 4.351813 -1.040484 -3.009289
2250000 3.648354 -1.193432 3.100988
2260000 3.503345 -1.207389 3.080088
2270000 2.806280 -1.172504 3.088604
2280000 3.055965 -1.295385 3.126307
2290000 2.649541 -1.228065 -3.135042
2300000 2.446791 -1.234885 -2.891557
2310000 2.995217 -1.159043 3.088344
2320000 2.873716 -1.192333 -3.094786
2330000 4.234295 -1.210794 3.128100
2340000 4.769913 -1.252759 2.979907
2350000 4.503929 -1.349332 3.103865
2360000 3.752108 -1.136398 3.055749
2370000 4.048677 -1.255214 3.130045
2380000 4.425971 -1.265489 3.129719
2390000 3.562859 -1.205438 2.974451
2400000 4.175230 -1.361969 3.083806
2410000 3.175191 -1.208473 3.115152
2420000 3.698534 -1.105641 -3.086372
2430000 3.736838 -1.225613 3.129289
2440000 3.901277 -1.327992 3.060276
2450000 4.417912 -1.356061 3.119307
2460000 5.074866 -1.142859 3.060950
2470000 4.890676 -1.222849 -3.087929
2480000 4.438419 -1.260325 3.060323
2490000 3.318163 -1.257999 -3.139265
2500000 2.544365 -1.164115 3.138643
2510000 2.685514 -1.217625 3.104880
2520000 2.162564 -1.220490 3.110874
2530000 2.744473 -1.229329 -3.070825
2540000 1.936205 -1.253839 -3.098848
2550000 1.955575 -1.152864 -3.056193
2560000 2.078771 -1.082197 3.107749
2570000 2.308031 -1.120541 3.116091
2580000 3.194066 -1.089662 -3.053803
2590000 3.214571 -1.253819 3.069825
2600000 2.922364 -1.224485 3.116068
2610000 2.481166 -1.235409 3.101354
2620000 2.422970 -1.317894 3.047087
2630000 2.442636 -1.137001 -3.101501
2640000 2.117718 -1.307014 -3.021351
2650000 2.461949 -1.199904 3.063384
2660000 3.222659 -1.147927 -3.055349
2670000 3.639166 -1.198546 3.058172
2680000 3.908889 -1.147195 3.129625
2690000 3.495755 -1.146603 -3.089695
2700000 4.623027 -1.219640 -3.115068
2710000 4.554991 -1.197362 -3.129794
2720000 4.745461 -1.171382 3.076955
2730000 4.544712 -1.150407 -3.088495
2740000 4.135143 -1.231624 3.025997
2750000 4.346199 -1.265910 -3.130757
2760000 4.400438 -1.211833 3.018756
2770000 4.683449 -1.263158 3.092956
