100000 2.620419 -1.269577 2.414083
110000 1.649780 -1.306128 2.435038
120000 0.880252 -1.315927 2.414219
130000 1.292575 -1.265266 2.572019
140000 1.215063 -1.280696 2.537111
150000 0.803492 -1.291868 2.575361
160000 1.052791 -1.287639 2.410236
170000 1.892775 -1.264155 2.480797
180000 2.089964 -1.174457 2.366596
190000 1.744588 -1.248627 2.460377
200000 2.146226 -1.161352 2.393470
210000 3.575658 -1.270378 2.426055
220000 4.993979 -1.185022 2.396801
230000 4.524480 -1.303565 2.310309
240000 5.024625 -1.161627 2.550637
250000 4.194937 -1.255946 2.513383
260000 3.892788 -1.307174 2.391795
270000 4.038478 -1.177283 2.444929
280000 4.551649 -1.334778 2.413197
290000 3.170697 -1.211343 2.318307
300000 2.575456 -1.109701 2.374842
310000 3.439669 -1.269571 2.394135
320000 3.953515 -1.238457 2.530902
330000 4.427342 -1.274680 2.426441
340000 3.103010 -1.200669 2.455738
350000 4.177469 -1.280496 2.360534
360000 4.298839 -1.193144 2.432571
370000 5.021781 -1.208717 2.452912
380000 4.428746 -1.233123 2.431295
390000 2.696163 -1.049365 2.460464
400000 2.441633 -1.296277 2.388070
410000 2.129814 -1.272090 2.568484
420000 1.874360 -1.234967 2.430326
430000 1.613175 -1.240525 2.512752
440000 1.667962 -1.238229 2.512652
450000 1.080805 -1.360557 2.443086
460000 0.551432 -1.270580 2.519565
470000 0.761659 -1.383836 2.366743
480000 1.128723 -1.229716 2.482713
490000 0.711700 -1.311235 2.470964
500000 0.917550 -1.154505 2.505440
510000 1.804253 -1.190209 2.358794
520000 2.779573 -1.333312 2.406371
530000 3.490878 -1.239759 2.463584
540000 3.320676 -1.209351 2.537187
550000 2.508940 -1.277815 2.357074
560000 3.379713 -1.244399 2.346376
570000 2.833054 -1.117076 2.490882
580000 2.216918 -1.428798 2.326221
590000 2.221749 -1.179975 2.412598
600000 3.578811 -1.112248 2.350624
610000 2.475160 -1.211337 2.475882
620000 2.220892 -1.229356 2.594837
630000 1.473285 -1.172801 2.527901
640000 1.382561 -1.242760 2.462144
650000 1.752263 -1.198819 2.374487
660000 1.175210 -1.218751 2.475738
670000 1.095870 -1.242448 2.471405
680000 0.962862 -1.128144 2.398027
690000 1.170036 -1.201430 2.370515
700000 1.759013 -1.184661 2.458612
710000 2.298391 -1.248591 2.410945
720000 3.842756 -1.180843 2.465946
730000 4.369753 -1.251709 2.444668
740000 4.485282 -1.402527 2.475315
750000 4.406777 -1.164430 2.564134
760000 5.016866 -1.327136 2.451936
770000 3.954761 -1.118287 2.450096
780000 4.417469 -1.155420 2.520082
790000 4.382317 -1.269198 2.588386
800000 3.422060 -1.180236 2.495066
810000 3.097172 -1.245718 2.511058
820000 4.108974 -1.191781 2.521628
830000 2.858309 -1.241953 2.398124
840000 2.461280 -1.194253 2.365591
850000 3.157578 -1.245473 2.382545
860000 4.489458 -1.139576 2.510404
870000 4.955853 -1.338560 2.502075
880000 4.092684 -1.259933 2.451287
890000 4.109722 -1.249562 2.475920
900000 4.425548 -1.250071 2.391337
910000 4.659529 -1.292271 2.326183
920000 3.234563 -1.304362 2.430761
930000 2.343320 -1.206096 2.464159
940000 2.187081 -1.198890 2.479450
950000 2.996311 -1.259130 2.403189
960000 3.385627 -1.260473 2.517673
970000 2.494474 -1.127907 2.484155
980000 1.852160 -1.262101 2.506833
990000 2.811187 -1.203655 2.389858
1000000 3.932965 -1.252994 2.439924
1010000 4.651518 -1.250483 2.509536
1020000 4.129371 -1.166817 2.425137
1030000 3.754151 -1.141104 2.255245
1040000 4.223240 -1.223141 2.379535
1050000 4.130675 -1.333794 2.430003
1060000 3.136484 -1.123993 2.449416
1070000 3.694949 -1.290266 2.496962
1080000 2.488462 -1.280982 2.582534
1090000 2.819168 -1.241670 2.558743
1100000 3.676827 -1.140753 2.415003
1110000 3.019068 -1.216968 2.444427
1120000 3.990212 -1.184916 2.461966
1130000 4.624111 -1.239270 2.442799
1140000 4.808974 -1.301191 2.445348
1150000 4.467486 -1.224537 2.534088
1160000 4.862953 -1.328938 2.405491
1170000 4.915600 -1.238799 2.569748
1180000 4.450793 -1.189535 2.451822
1190000 4.508894 -1.261927 2.434785
1200000 3.073068 -1.177697 2.530508
1210000 2.723587 -1.224110 2.519133
1220000 1.965882 -1.253817 2.509606
1230000 1.404408 -1.146885 2.476334
1240000 1.355706 -1.230155 2.501993
1250000 1.943281 -1.177621 2.500115
1260000 1.676570 -1.207359 2.561001
1270000 1.401356 -1.263719 2.460863
1280000 0.940713 -1.262668 2.423032
1290000 0.499070 -1.321995 2.569601
1300000 0.499617 -1.271395 2.375073
1310000 0.862231 -1.302936 2.392769
1320000 0.999665 -1.315724 2.452514
1330000 1.003433 -1.226416 2.373172
1340000 1.087621 -1.180266 2.489273
1350000 0.726379 -1.174580 2.567007
1360000 1.296889 -1.194939 2.552984
1370000 1.452617 -1.220321 2.405330
1380000 1.731743 -1.279952 2.389890
1390000 1.813866 -1.236063 2.391801
1400000 2.538388 -1.239424 2.383353
1410000 2.280643 -1.158281 2.458450
1420000 2.467675 -1.328217 2.441374
1430000 2.845312 -1.184854 2.361238
1440000 2.361259 -1.295685 2.521206
1450000 1.912656 -1.229038 2.329669
1460000 1.947231 -1.106475 2.449679
1470000 2.595687 -1.240826 2.467031
1480000 3.471193 -1.159652 2.443775
1490000 3.089212 -1.289352 2.554031
1500000 3.591842 -1.348475 2.331864
1510000 3.650145 -1.218922 2.430835
1520000 4.844928 -1.229853 2.434880
1530000 4.181127 -1.260189 2.444674
1540000 3.086057 -1.239531 2.421068
1550000 2.697864 -1.130363 2.403236
1560000 3.147131 -1.183932 2.361234
1570000 4.296913 -1.323989 2.345596
1580000 3.691573 -1.192306 2.400098
1590000 4.027848 -1.289759 2.280148
1600000 3.365553 -1.213837 2.439089
1610000 3.728407 -1.322796 2.338995
1620000 4.127823 -1.341206 2.348399
1630000 4.268494 -1.104160 2.466359
1640000 4.084836 -1.060659 2.456080
1650000 4.717521 -1.134514 2.493866
1660000 3.095495 -1.311163 2.460093
1670000 2.342577 -1.174697 2.455675
1680000 2.845921 -1.314749 2.430655
1690000 2.227739 -1.189467 2.381857
1700000 1.316829 -1.266964 2.410675
1710000 1.088846 -1.256327 2.338095
1720000 1.181732 -1.283014 2.548410
1730000 1.089515 -1.204576 2.386942
1740000 1.020400 -1.293653 2.559770
1750000 1.405775 -1.134481 2.407313
1760000 1.372463 -1.183647 2.458274
1770000 0.803900 -1.287869 2.538210
1780000 0.657540 -1.178332 2.548362
1790000 0.718928 -1.230770 2.441161
1800000 0.909354 -1.114928 2.501219
1810000 0.987716 -1.242239 2.519238
1820000 0.737848 -1.277246 2.496611
1830000 0.531483 -1.203519 2.600012
1840000 0.564093 -1.206914 2.523073
1850000 0.981197 -1.269924 2.506758
1860000 1.357661 -1.183079 2.446025
1870000 1.638216 -1.267060 2.475965
1880000 2.235841 -1.071492 2.517257
1890000 2.704315 -1.275820 2.545429
1900000 3.159452 -1.197697 2.366465
1910000 3.301255 -1.247846 2.256457
1920000 4.572187 -1.238129 2.378535
1930000 4.367674 -1.265058 2.323803
1940000 4.583925 -1.213954 2.372698
1950000 4.945870 -1.260335 2.464024
1960000 4.155221 -1.389862 2.416881
1970000 4.194018 -1.267223 2.515993
1980000 3.740321 -1.296588 2.375753
1990000 3.377488 -1.316752 2.337020
2000000 2.437519 -1.168097 2.511960
2010000 2.199878 -1.204283 2.459421
2020000 2.426042 -1.294823 2.447020
2030000 2.075988 -1.169323 2.522714
2040000 2.371817 -1.293788 2.401785
2050000 3.227944 -1.284397 2.493748
2060000 2.604215 -1.052251 2.431930
2070000 2.936211 -1.214783 2.397069
2080000 2.990414 -1.327787 2.433999
2090000 2.767806 -1.301441 2.321121
2100000 2.522682 -1.292117 2.645910
2110000 3.066870 -1.180759 2.404395
2120000 3.811517 -1.105491 2.572447
2130000 5.008353 -1.175399 2.525234
2140000 4.544087 -1.326280 2.422550
2150000 4.973564 -1.155671 2.208373
2160000 4.119579 -1.306288 2.371016
2170000 4.514850 -1.137030 2.582199
2180000 5.019576 -1.252664 2.419715
2190000 4.388021 -1.274308 2.465797
2200000 4.672604 -1.109574 2.385397
2210000 3.744399 -1.223454 2.458050
2220000 2.702808 -1.361306 2.365186
2230000 2.300247 -1.334354 2.463678
2240000 1.814025 -1.189855 2.444059
2250000 1.905395 -1.296286 2.538407
2260000 1.585085 -1.143243 2.416905
2270000 2.161553 -1.138318 2.426461
2280000 2.257473 -1.090838 2.364490
2290000 1.787935 -1.211441 2.565472
2300000 1.510930 -1.243703 2.381551
2310000 1.721009 -1.038931 2.527036
2320000 1.294224 -1.347406 2.381886
2330000 1.501116 -1.160832 2.410259
2340000 1.214893 -1.166015 2.495553
2350000 1.759043 -1.165707 2.440480
2360000 1.615994 -1.285323 2.594734
2370000 2.109708 -1.262324 2.371616
2380000 2.287618 -1.235026 2.500557
2390000 2.559867 -1.167455 2.434840
2400000 3.466629 -1.226873 2.419762
2410000 3.529017 -1.254982 2.414846
2420000 2.394765 -1.270300 2.427911
2430000 1.871446 -1.292976 2.551629
2440000 2.546376 -1.250500 2.427858
2450000 2.684257 -1.151569 2.518526
2460000 3.615383 -1.256295 2.452610
2470000 4.332129 -1.152499 2.411152
2480000 4.357849 -1.277377 2.585050
2490000 4.769689 -1.337681 2.392839
2500000 4.633125 -1.143848 2.426406
2510000 4.424921 -1.048950 2.424418
2520000 4.916087 -1.309377 2.463907
2530000 4.733451 -1.172206 2.527762
2540000 4.144342 -1.189200 2.376028
2550000 3.443629 -1.227234 2.324279
2560000 4.485671 -1.231753 2.422276
2570000 3.110985 -1.294667 2.383703
2580000 3.506467 -1.338025 2.385788
2590000 3.832963 -1.304528 2.479098
2600000 3.536396 -1.256994 2.510324
2610000 4.478150 -1.225835 2.500691
2620000 4.042231 -1.083157 2.562506
2630000 3.470103 -1.274034 2.411711
2640000 4.789897 -1.252320 2.488244
2650000 4.432107 -1.145722 2.362269
2660000 4.974427 -1.264684 2.256627
2670000 4.621765 -1.267606 2.446910
2680000 3.034412 -1.285026 2.538401
2690000 2.391881 -1.230879 2.483027
2700000 2.142889 -1.253766 2.339268
2710000 2.177058 -1.239316 2.433656
2720000 1.625635 -1.216757 2.364999
2730000 1.427382 -1.311959 2.427384
2740000 1.385598 -1.161424 2.420051
2750000 1.704316 -1.073928 2.401230
2760000 1.316654 -1.263113 2.401990
2770000 1.258126 -1.189434 2.546728
2780000 1.333705 -1.136137 2.472693
2790000 1.234171 -1.231825 2.406520
2800000 1.097107 -1.226039 2.483648
2810000 1.477394 -1.204709 2.389483
2820000 1.742516 -1.219876 2.437312
2830000 1.249876 -1.158131 2.462271
2840000 1.276321 -1.309370 2.427272
2850000 1.023725 -1.174015 2.464841
2860000 0.926396 -1.225149 2.561482
2870000 0.623040 -1.200773 2.538110
2880000 0.885647 -1.086280 2.480517
2890000 0.973776 -1.189409 2.420040
2900000 0.740287 -1.219932 2.587550
2910000 1.002491 -1.198948 2.431092
2920000 1.042973 -1.242995 2.426407
2930000 0.700738 -1.287273 2.536809
2940000 1.070033 -1.198304 2.463526
2950000 1.063340 -1.106976 2.414166
2960000 1.139287 -1.265936 2.379134
2970000 1.298665 -1.348562 2.530824
2980000 1.284807 -1.236316 2.485063
2990000 1.013778 -1.192240 2.390316
3000000 0.940386 -1.192762 2.480209
3010000 0.680797 -1.294218 2.439056
3020000 0.610732 -1.190263 2.489176
3030000 0.690130 -1.251818 2.443308
3040000 0.674987 -1.221261 2.570621
3050000 0.501547 -1.361187 2.472609
3060000 0.592816 -1.323217 2.545392
3070000 0.578611 -1.355046 2.492576
3080000 0.878608 -1.206339 2.415259
3090000 0.819958 -1.222876 2.436383
3100000 0.499089 -1.287215 2.522607
3110000 0.599788 -1.234078 2.457140
3120000 0.877581 -1.127207 2.549622
3130000 0.879019 -1.284390 2.517373
3140000 1.348909 -1.296314 2.497667
3150000 1.788497 -1.388893 2.320982
3160000 2.599240 -1.150618 2.377428
3170000 2.806219 -1.175640 2.432959
3180000 3.401373 -1.141568 2.412278
3190000 2.720537 -1.132296 2.441291
3200000 2.398030 -1.123272 2.555289
3210000 1.996101 -1.200946 2.480763
3220000 2.806859 -1.199254 2.434811
3230000 1.920118 -1.315978 2.437827
3240000 2.208491 -1.272493 2.378224
3250000 3.331952 -1.231204 2.327542
3260000 3.373309 -1.263398 2.444684
3270000 3.820335 -1.282877 2.323461
3280000 3.873323 -1.244220 2.423097
3290000 4.339590 -1.219999 2.422234
3300000 4.231641 -1.390031 2.481863
3310000 3.903254 -1.173424 2.378030
3320000 3.114327 -1.246463 2.490443
3330000 4.175156 -1.173564 2.515123
3340000 4.038078 -1.195465 2.458887
3350000 3.688839 -1.199174 2.389035
3360000 3.089615 -1.236720 2.485589
3370000 2.740393 -1.186879 2.440342
3380000 3.930931 -1.287512 2.408969
3390000 4.109340 -1.316746 2.385675
3400000 4.485642 -1.238207 2.343299
3410000 4.438724 -1.273059 2.296662
3420000 4.548044 -1.213457 2.518134
3430000 4.851270 -1.215106 2.466296
3440000 4.214270 -1.289481 2.327110
3450000 3.761783 -1.228914 2.525813
3460000 3.618864 -1.288125 2.441364
3470000 2.362284 -1.203207 2.530069
3480000 2.799985 -1.178238 2.509763
3490000 2.847085 -1.284807 2.519491
3500000 2.409813 -1.215524 2.292336
3510000 1.769715 -1.214756 2.439145
3520000 2.216287 -1.313267 2.425817
3530000 2.397845 -1.223628 2.430645
3540000 2.001393 -1.322155 2.283951
3550000 1.684818 -1.224416 2.542967
3560000 2.123567 -1.236555 2.464637
3570000 2.681486 -1.199344 2.525968
3580000 2.989634 -1.336309 2.415647
3590000 2.474254 -1.249988 2.496151
3600000 2.461311 -1.305184 2.457692
3610000 3.271854 -1.169443 2.478765
3620000 4.223585 -1.099770 2.468025
3630000 4.657015 -1.332660 2.457942
3640000 4.252984 -1.171224 2.484655
3650000 3.624783 -1.236779 2.518407
3660000 4.088198 -1.260375 2.506490
3670000 3.525390 -1.255643 2.440615
3680000 3.553189 -1.181616 2.411627
3690000 4.024085 -1.160099 2.462339
3700000 4.070350 -1.230629 2.537584
3710000 4.894053 -1.092479 2.384095
3720000 4.110885 -1.289624 2.498788
3730000 3.950618 -1.168959 2.411160
3740000 3.793885 -1.166078 2.573194
3750000 4.471002 -1.303515 2.387516
3760000 4.254970 -1.195288 2.451442
3770000 3.832445 -1.178033 2.539811
3780000 4.080857 -1.306398 2.387954
3790000 4.514762 -1.203382 2.422071
3800000 4.815287 -1.255863 2.472833
3810000 3.729073 -1.207588 2.479623
3820000 3.256040 -1.162847 2.282136
3830000 2.800164 -1.140674 2.324677
3840000 2.460538 -1.206142 2.459601
3850000 2.198859 -1.089018 2.454300
3860000 2.184587 -1.110415 2.468549
3870000 1.907483 -1.186681 2.369582
3880000 2.244559 -1.190291 2.457501
3890000 1.969657 -1.202070 2.401111
3900000 1.675577 -1.191063 2.419370
3910000 1.485815 -1.229954 2.295839
3920000 1.666086 -1.136986 2.499518
3930000 1.378255 -1.252180 2.283315
3940000 1.625841 -1.271207 2.484603
3950000 2.237997 -1.169474 2.497937
3960000 2.600994 -1.207544 2.508586
3970000 2.435747 -1.218717 2.410689
3980000 2.351366 -1.228589 2.429703
3990000 1.985116 -1.223882 2.397483
4000000 1.820137 -1.324572 2.448108
