100000 3.519763 -1.260800 1.457208
110000 4.979461 -1.241947 1.406861
120000 4.132621 -1.254663 1.483669
130000 2.833697 -1.303355 1.359849
140000 3.861510 -1.222518 1.300712
150000 1.985402 -1.244512 1.458208
160000 2.450424 -1.211494 1.467569
170000 2.952085 -1.358116 1.389568
180000 4.137729 -1.235529 1.477072
190000 3.910230 -1.177334 1.277179
200000 3.199749 -1.262901 1.428641
210000 2.669586 -1.212495 1.441854
220000 1.810320 -1.250777 1.491628
230000 1.173960 -1.253300 1.461192
240000 1.592650 -1.085442 1.375059
250000 1.916964 -1.143437 1.351345
260000 2.283795 -1.180099 1.384921
270000 3.041720 -1.208539 1.275096
280000 4.946799 -1.115105 1.378688
290000 4.897126 -1.218958 1.400804
300000 4.917389 -1.122934 1.388374
310000 4.212592 -1.226122 1.396082
320000 3.492440 -1.109988 1.388560
330000 4.400202 -1.177956 1.328531
340000 4.743522 -1.239685 1.437967
350000 4.955915 -1.244679 1.473477
360000 5.072753 -1.120197 1.326451
370000 5.012157 -1.270036 1.337297
380000 4.405897 -1.204843 1.509441
390000 3.147173 -1.199006 1.410367
400000 2.286356 -1.099201 1.250134
410000 2.125012 -1.170138 1.314033
420000 1.472487 -1.261710 1.516769
430000 0.880805 -1.227042 1.346382
440000 1.048216 -1.323852 1.361750
450000 1.481868 -1.163072 1.316299
460000 1.709329 -1.275329 1.400082
470000 1.141226 -1.363598 1.528169
480000 0.782109 -1.231483 1.534048
490000 1.138558 -1.266376 1.404609
500000 1.320939 -1.151726 1.484710
510000 1.113587 -1.401605 1.444286
520000 1.472424 -1.242047 1.497476
530000 2.189466 -1.303722 1.439519
540000 3.776794 -1.256129 1.386138
550000 3.727047 -1.288058 1.303781
560000 2.840066 -1.197738 1.393207
570000 2.486061 -1.236232 1.373953
580000 4.322236 -1.050996 1.506356
590000 3.911425 -1.333667 1.455868
600000 4.999881 -1.178572 1.330433
610000 4.292845 -1.246056 1.412031
620000 3.938775 -1.321972 1.352714
630000 5.035820 -1.256271 1.364281
640000 4.173200 -1.197048 1.433525
650000 3.863168 -1.253873 1.454070
660000 3.357481 -1.193518 1.360642
670000 4.052006 -1.026634 1.370143
680000 4.110384 -1.205290 1.226671
690000 4.430005 -1.239248 1.407401
700000 3.588042 -1.308772 1.315056
710000 2.708499 -1.142497 1.485944
720000 2.773653 -1.211593 1.241980
730000 3.223354 -1.205968 1.331140
740000 2.038867 -1.240741 1.419517
750000 1.928840 -1.068169 1.257573
760000 1.622097 -1.311763 1.445232
770000 1.390546 -1.282479 1.324199
780000 1.236548 -1.339292 1.332192
790000 1.349287 -1.318760 1.305110
800000 2.192965 -1.153996 1.325750
810000 2.235158 -1.323231 1.441608
820000 2.909424 -1.299450 1.360061
830000 2.848126 -1.230406 1.259155
840000 2.574666 -1.203404 1.426562
850000 3.576609 -1.175698 1.383109
860000 3.704394 -1.388524 1.422477
870000 5.094234 -1.264081 1.467134
880000 4.232796 -1.355081 1.497920
890000 3.244093 -1.263865 1.441353
900000 3.147654 -1.156792 1.456800
910000 3.439438 -1.215637 1.489104
920000 4.151616 -1.185002 1.394651
930000 4.174463 -1.172844 1.284902
940000 4.686886 -1.409632 1.408037
950000 4.574200 -1.126932 1.352141
960000 3.819451 -1.299217 1.380610
970000 4.693789 -1.248630 1.407841
980000 3.248569 -1.246159 1.406958
990000 3.845129 -1.183055 1.430086
1000000 2.823210 -1.340678 1.450566
1010000 2.653388 -1.110818 1.409858
1020000 1.942391 -1.237574 1.499808
1030000 2.427487 -1.209230 1.232444
1040000 2.310489 -1.189420 1.503763
1050000 2.901192 -1.220138 1.324465
1060000 3.623499 -1.286474 1.418702
1070000 2.495995 -1.229682 1.299039
1080000 1.914567 -1.251014 1.359969
1090000 2.151272 -1.385613 1.492071
1100000 2.861218 -1.181491 1.255323
1110000 3.311460 -1.243063 1.290572
1120000 4.570976 -1.408852 1.394972
1130000 4.453656 -1.354481 1.443680
1140000 4.732657 -1.202750 1.503075
1150000 4.910047 -1.146371 1.340652
1160000 3.699416 -1.201197 1.415060
1170000 4.115080 -1.147509 1.508711
1180000 4.033074 -1.123105 1.542798
1190000 2.583560 -1.258931 1.411164
1200000 3.847949 -1.185569 1.334235
1210000 4.440900 -1.271241 1.288352
1220000 4.289326 -1.150136 1.478028
1230000 3.674693 -1.163160 1.454345
1240000 3.142216 -1.194321 1.469899
1250000 3.458762 -1.210746 1.248391
1260000 2.792597 -1.340341 1.554617
1270000 1.765201 -1.300760 1.501242
1280000 1.282124 -1.171020 1.358756
1290000 0.631026 -1.215281 1.493421
1300000 0.885845 -1.246762 1.567400
1310000 0.977867 -1.167324 1.426833
1320000 0.978653 -1.197772 1.424483
1330000 0.920339 -1.283001 1.389769
1340000 1.175795 -1.327016 1.420582
1350000 1.106857 -1.195080 1.391608
1360000 1.035427 -1.209103 1.472077
1370000 1.397580 -1.174151 1.502886
1380000 1.492645 -1.308331 1.470724
1390000 1.359408 -1.345302 1.332022
1400000 1.264660 -1.279078 1.483320
1410000 1.655799 -1.201293 1.447976
1420000 1.857293 -1.159081 1.321461
1430000 1.703708 -1.317134 1.386269
1440000 1.605783 -1.191431 1.338145
1450000 1.199807 -1.375038 1.640229
1460000 0.777873 -1.275836 1.502601
1470000 0.768811 -1.160807 1.423514
1480000 0.599854 -1.212089 1.559755
1490000 0.701252 -1.305487 1.366970
1500000 0.807413 -1.293747 1.422044
1510000 0.915900 -1.130410 1.583342
1520000 1.026676 -1.147976 1.430500
1530000 1.219343 -1.184229 1.391626
1540000 0.999353 -1.194325 1.508985
1550000 0.725974 -1.297843 1.486067
1560000 0.612277 -1.222125 1.394161
1570000 0.593825 -1.213573 1.554797
1580000 0.588198 -1.239691 1.230481
1590000 0.502737 -1.379058 1.398740
1600000 0.714102 -1.098051 1.524349
1610000 0.998375 -1.247601 1.460061
1620000 1.405325 -1.156734 1.449831
1630000 1.430450 -1.098349 1.230489
1640000 1.327755 -1.174287 1.410404
1650000 1.412405 -1.212516 1.247131
1660000 1.470508 -1.268461 1.380000
1670000 1.961823 -1.249653 1.371063
1680000 2.332175 -1.177911 1.344058
1690000 2.143817 -1.154187 1.476331
1700000 2.243349 -1.320256 1.382291
1710000 2.636691 -1.261285 1.343974
1720000 3.033356 -1.263662 1.377382
1730000 2.956058 -1.251122 1.437819
1740000 3.108659 -1.289799 1.335388
1750000 4.039621 -1.099539 1.330287
1760000 3.868534 -1.267888 1.595074
1770000 4.204948 -1.282734 1.308882
1780000 4.172810 -1.175172 1.445535
1790000 3.452895 -1.236747 1.469130
1800000 3.385538 -1.207492 1.403965
1810000 3.541011 -1.248638 1.416569
1820000 3.523227 -1.121892 1.428857
1830000 3.371464 -1.323777 1.345421
1840000 2.827676 -1.183373 1.436663
1850000 2.773460 -1.228016 1.304326
1860000 2.414648 -1.127295 1.302299
1870000 2.813001 -1.176514 1.437342
1880000 2.087941 -1.224308 1.349533
1890000 1.957674 -1.175677 1.353930
1900000 2.363606 -1.254234 1.369782
1910000 2.958841 -1.316894 1.453986
1920000 3.570272 -1.208052 1.387243
1930000 4.611726 -1.152408 1.340380
1940000 4.578573 -1.382009 1.426011
1950000 4.902345 -1.125060 1.317899
1960000 4.002841 -1.184080 1.449482
1970000 3.486062 -1.251163 1.623432
1980000 3.882697 -1.088043 1.486115
1990000 3.960975 -1.311227 1.336194
2000000 3.961020 -1.313334 1.543622
2010000 3.346696 -1.182025 1.434438
2020000 3.560749 -1.133301 1.378020
2030000 4.385131 -1.236919 1.515881
2040000 3.187319 -1.239177 1.472262
2050000 3.342060 -1.141001 1.397287
2060000 4.643312 -1.225131 1.423751
2070000 4.320674 -1.201428 1.387132
2080000 3.803572 -1.167412 1.399234
2090000 3.806556 -1.262481 1.283017
2100000 4.847443 -1.287618 1.493493
2110000 4.480761 -1.223192 1.381019
2120000 4.479250 -1.339126 1.388221
2130000 4.411965 -1.213415 1.404220
2140000 3.838953 -1.264179 1.392855
2150000 2.679621 -1.389722 1.332205
2160000 3.288745 -1.173639 1.372951
2170000 2.536363 -1.301123 1.412672
2180000 2.052091 -1.401649 1.412581
2190000 1.919728 -1.202017 1.355110
2200000 1.931776 -1.225804 1.383925
2210000 1.916718 -1.162874 1.294926
2220000 1.597338 -1.200235 1.300284
2230000 1.332562 -1.103868 1.478486
2240000 1.684891 -1.244984 1.329830
2250000 2.340782 -1.248579 1.422306
2260000 2.556769 -1.089872 1.401771
2270000 2.715573 -1.384450 1.436128
2280000 2.859097 -1.165435 1.407153
2290000 2.667014 -1.231963 1.440208
2300000 2.420578 -1.196620 1.323857
2310000 2.957767 -1.310288 1.448079
2320000 3.405599 -1.219530 1.351880
2330000 2.655775 -1.267842 1.289719
2340000 2.567924 -1.225523 1.414527
2350000 2.616374 -1.207449 1.454844
2360000 3.431717 -1.257417 1.442833
2370000 3.886090 -1.251395 1.471203
2380000 4.714790 -1.269893 1.431124
2390000 4.076295 -1.220358 1.332004
2400000 4.980086 -1.182082 1.376968
2410000 4.350241 -1.155095 1.273024
2420000 4.501339 -1.149840 1.314362
2430000 4.815751 -1.193237 1.476641
2440000 4.387601 -1.127469 1.366868
2450000 4.653767 -1.291922 1.269042
2460000 3.576854 -1.175538 1.371733
2470000 3.918264 -1.123093 1.231539
2480000 4.383451 -1.324130 1.383066
2490000 4.109910 -1.254055 1.452248
2500000 4.573672 -1.213707 1.277309
2510000 3.090883 -1.165444 1.423787
2520000 3.491261 -1.235739 1.347143
2530000 2.313848 -1.191056 1.419234
2540000 1.519920 -1.077785 1.438007
2550000 2.142649 -1.285460 1.324929
2560000 2.234375 -1.237916 1.253345
2570000 2.450246 -1.222682 1.514196
2580000 2.319703 -1.286899 1.302638
2590000 1.418878 -1.145572 1.377897
2600000 1.609111 -1.207767 1.306466
2610000 1.780570 -1.180320 1.298729
2620000 2.212418 -1.306780 1.318661
2630000 2.466241 -1.250887 1.313339
2640000 2.853045 -1.244485 1.390556
2650000 3.734316 -1.285189 1.531637
2660000 4.081242 -1.325028 1.392518
2670000 4.862281 -1.306746 1.396200
2680000 4.152349 -1.223353 1.387588
2690000 3.793928 -1.257366 1.409940
2700000 4.243710 -1.177882 1.466697
2710000 4.033269 -1.212755 1.394963
2720000 3.436835 -1.169605 1.424570
2730000 2.333440 -1.247427 1.490985
2740000 2.014790 -1.227681 1.461126
2750000 2.678115 -1.174224 1.397047
2760000 3.399475 -1.261969 1.453459
2770000 2.970486 -1.193135 1.300976
2780000 3.036581 -1.125261 1.478532
2790000 3.056048 -1.227993 1.313118
2800000 3.119180 -1.325948 1.436289
2810000 2.867230 -1.282840 1.460167
2820000 3.014488 -1.180808 1.594672
2830000 3.725229 -1.219349 1.395473
2840000 3.781049 -1.264097 1.366110
2850000 4.778471 -1.218135 1.329311
2860000 4.717074 -1.283599 1.441116
2870000 4.729100 -1.222256 1.391530
2880000 4.397071 -1.265308 1.419605
2890000 4.815056 -1.344648 1.422704
2900000 5.057192 -1.223754 1.362888
2910000 3.848014 -1.156065 1.442244
2920000 3.040293 -1.420111 1.337795
2930000 3.423982 -1.249799 1.424899
2940000 2.742322 -1.293288 1.445183
2950000 1.648261 -1.283446 1.361845
2960000 1.704452 -1.077400 1.306023
2970000 1.481308 -1.187638 1.439759
2980000 1.342999 -1.313337 1.405983
2990000 1.119332 -1.254630 1.405859
3000000 1.195850 -1.209298 1.528507
3010000 1.061774 -1.348610 1.365032
3020000 1.138687 -1.328653 1.278998
3030000 0.970381 -1.251732 1.458165
3040000 1.114737 -1.164679 1.474712
3050000 1.138373 -1.249706 1.317193
3060000 0.946698 -1.199506 1.483693
3070000 1.319749 -1.237473 1.352533
3080000 1.869458 -1.243382 1.370201
3090000 2.197416 -1.117668 1.503086
3100000 1.940486 -1.203026 1.294417
3110000 2.109145 -1.218218 1.389554
3120000 2.718192 -1.179928 1.348757
3130000 2.982168 -1.097688 1.304368
3140000 2.290440 -1.138675 1.404315
3150000 3.023378 -1.258467 1.386766
3160000 2.995117 -1.284426 1.404681
3170000 3.561760 -1.177647 1.424312
3180000 3.909319 -1.164815 1.394775
3190000 3.838354 -1.302122 1.367749
3200000 3.591489 -1.180394 1.441112
3210000 4.674873 -1.236541 1.496933
3220000 4.905793 -1.115976 1.354243
3230000 4.554812 -1.164021 1.380349
3240000 4.227250 -1.358368 1.421881
3250000 4.452302 -1.206778 1.365197
3260000 4.536918 -1.159747 1.276009
3270000 3.814615 -1.268213 1.509604
3280000 2.933561 -1.161154 1.425209
3290000 3.888471 -1.210266 1.303401
3300000 3.632048 -1.170444 1.274992
3310000 4.163798 -1.131134 1.480395
3320000 4.887823 -1.122497 1.432578
3330000 4.537693 -1.376752 1.330205
3340000 3.888168 -1.029714 1.410288
3350000 5.031781 -1.174001 1.301172
3360000 4.639961 -1.095587 1.335574
3370000 4.122349 -1.308029 1.328741
3380000 4.469907 -1.225713 1.436172
3390000 3.167240 -1.317771 1.360101
3400000 3.375229 -1.264436 1.397576
3410000 3.304797 -1.321422 1.379899
3420000 2.326691 -1.201808 1.422372
3430000 1.789269 -1.177398 1.487093
3440000 1.438333 -1.213631 1.443777
3450000 1.417339 -1.291236 1.579951
3460000 1.647602 -1.292165 1.394972
3470000 1.311474 -1.261273 1.325681
3480000 1.475842 -1.229848 1.465744
3490000 1.922629 -1.125583 1.407532
3500000 1.410007 -1.191360 1.426725
3510000 1.289311 -1.174990 1.404488
3520000 2.271782 -1.198515 1.235923
3530000 2.443965 -1.257276 1.345399
3540000 2.397657 -1.065505 1.399776
3550000 2.178006 -1.139817 1.404709
3560000 1.945110 -1.222532 1.315263
3570000 2.023981 -1.186366 1.490506
3580000 2.558369 -1.240700 1.344593
3590000 2.355284 -1.262731 1.438044
3600000 2.405180 -1.153200 1.383674
3610000 2.755992 -1.258471 1.429972
3620000 3.245006 -1.194048 1.308664
3630000 3.070406 -1.233662 1.330724
3640000 2.606610 -1.170733 1.490707
3650000 2.370403 -1.173240 1.397787
3660000 3.088566 -1.192773 1.449762
3670000 3.743139 -1.228896 1.485221
3680000 3.508297 -1.319017 1.394070
3690000 2.654384 -1.205536 1.361521
3700000 1.993658 -1.363128 1.482055
3710000 1.883264 -1.133536 1.432817
3720000 1.607569 -1.244290 1.389443
3730000 1.779199 -1.183192 1.421306
3740000 1.673707 -1.203476 1.476673
3750000 1.531531 -1.313278 1.438459
3760000 1.554262 -1.323509 1.273421
3770000 1.949927 -1.168046 1.362585
3780000 2.737026 -1.235152 1.299353
3790000 3.217800 -1.131457 1.331516
3800000 3.694890 -1.200698 1.348725
3810000 3.964173 -1.260196 1.386498
3820000 3.616033 -1.225351 1.306095
3830000 3.329136 -1.266451 1.453503
3840000 4.261659 -1.199032 1.446568
3850000 2.967245 -1.151710 1.257143
3860000 2.697461 -1.265406 1.354882
3870000 3.816013 -1.232538 1.478913
3880000 4.106811 -1.210850 1.319374
3890000 4.471121 -1.263461 1.336122
3900000 4.561203 -1.138028 1.450524
3910000 3.594733 -1.177329 1.325057
3920000 3.902622 -1.267628 1.366292
3930000 3.008124 -1.235131 1.417781
3940000 2.868274 -1.179074 1.334590
3950000 3.312329 -1.181706 1.450272
3960000 2.565227 -1.248465 1.433634
3970000 2.738557 -1.239516 1.303359
3980000 3.806976 -1.275826 1.166790
3990000 3.845585 -1.236098 1.388135
4000000 4.412044 -1.136232 1.345666
