100000 0.928510 -1.190240 0.744186
110000 1.113491 -1.212869 0.740315
120000 1.577550 -1.179126 0.808958
130000 3.377175 -1.243178 0.813665
140000 4.947428 -1.183489 0.871004
150000 4.713634 -1.123347 0.681345
160000 4.296769 -1.127884 0.708050
170000 3.112210 -1.088351 0.615094
180000 3.736136 -1.161667 0.620591
190000 4.936786 -1.236124 0.741398
200000 5.006259 -1.191337 0.584566
210000 4.438412 -1.205703 0.748440
220000 3.265201 -1.301706 0.686083
230000 2.307100 -1.291639 0.803177
240000 3.494217 -1.250287 0.682237
250000 2.552281 -1.172425 0.728809
260000 1.972050 -1.195993 0.759501
270000 1.849448 -1.351478 0.632153
280000 1.473011 -1.248785 0.727956
290000 1.627923 -1.095973 0.750906
300000 1.461903 -1.265458 0.678399
310000 1.008959 -1.194785 0.599559
320000 0.803571 -1.260778 0.801845
330000 0.616889 -1.283973 0.782004
340000 1.671685 -1.140989 0.736027
350000 3.071512 -1.193670 0.617519
360000 4.547846 -1.153741 0.659774
370000 4.509201 -1.353082 0.814455
380000 4.236694 -1.206464 0.622707
390000 4.804738 -1.196126 0.572677
400000 3.757099 -1.121677 0.650736
410000 3.030039 -1.196895 0.724566
420000 3.367732 -1.152796 0.786009
430000 2.861228 -1.276495 0.758698
440000 2.754875 -1.194627 0.670567
450000 3.678491 -1.340417 0.682887
460000 4.879136 -1.216215 0.719565
470000 4.502638 -1.192699 0.638483
480000 3.750731 -1.029660 0.681663
490000 4.845413 -1.126253 0.657994
500000 4.398610 -1.173454 0.655386
510000 2.340943 -1.245948 0.667653
520000 2.633386 -1.088346 0.857638
530000 3.571344 -1.212679 0.694158
540000 4.679993 -1.272750 0.791229
550000 4.702790 -1.183477 0.738575
560000 3.870195 -1.180893 0.639676
570000 3.997233 -1.147832 0.629976
580000 3.748167 -1.197363 0.689672
590000 4.616189 -1.240046 0.674320
600000 4.628601 -1.182949 0.680017
610000 3.736175 -1.115468 0.674201
620000 3.221194 -1.249447 0.610699
630000 2.018507 -1.216322 0.771660
640000 1.876424 -1.133781 0.580509
650000 1.949126 -1.344120 0.692091
660000 1.492357 -1.198319 0.661931
670000 1.057234 -1.393771 0.722285
680000 0.997308 -1.097586 0.676210
690000 1.050486 -1.366550 0.770675
700000 1.044858 -1.214469 0.757635
710000 1.119765 -1.288845 0.648450
720000 1.420062 -1.287394 0.647676
730000 1.351165 -1.277125 0.780246
740000 1.054688 -1.205654 0.817268
750000 0.930856 -1.180745 0.730780
760000 1.237821 -1.199598 0.591337
770000 2.345040 -1.239424 0.606437
780000 2.905864 -1.143193 0.782654
790000 2.127470 -1.163036 0.579428
800000 2.761784 -1.147623 0.738303
810000 3.206906 -1.313846 0.747508
820000 3.948008 -1.323900 0.666343
830000 3.717075 -1.284642 0.586130
840000 3.088193 -1.213542 0.638468
850000 2.893198 -1.315762 0.592969
860000 3.384352 -1.139919 0.680666
870000 2.304749 -1.124236 0.576807
880000 1.886655 -1.332774 0.761479
890000 1.950064 -1.240443 0.681855
900000 2.399956 -1.215492 0.741642
910000 2.019823 -1.188046 0.698013
920000 2.046016 -1.185377 0.641831
930000 3.251401 -1.230377 0.822570
940000 4.427302 -1.135714 0.626140
950000 4.458352 -1.260272 0.693404
960000 3.885757 -1.325463 0.707334
970000 2.977888 -1.382667 0.674246
980000 3.318257 -1.347317 0.688742
990000 2.386901 -1.144238 0.609936
1000000 2.117962 -1.326383 0.714899
1010000 1.593389 -1.309359 0.697875
1020000 1.629615 -1.134316 0.719437
1030000 1.615420 -1.190750 0.711243
1040000 2.169891 -1.251671 0.677161
1050000 2.298728 -1.151763 0.709462
1060000 1.650068 -1.277300 0.761200
1070000 1.499566 -1.229088 0.676940
1080000 1.283229 -1.213079 0.714566
1090000 1.484947 -1.293062 0.683935
1100000 1.301490 -1.148647 0.707777
1110000 1.659227 -1.262529 0.707745
1120000 2.212500 -1.202822 0.710099
1130000 2.657180 -1.121268 0.532804
1140000 3.307970 -1.070506 0.615557
1150000 3.256585 -1.125121 0.847889
1160000 4.759990 -1.224941 0.712747
1170000 4.982608 -1.290713 0.679890
1180000 4.386771 -1.167960 0.805890
1190000 3.551583 -1.224283 0.658841
1200000 3.373217 -1.296600 0.782194
1210000 3.554686 -1.230185 0.602383
1220000 2.900946 -1.277610 0.648895
1230000 2.412599 -1.110795 0.686775
1240000 2.883983 -1.082785 0.829365
1250000 4.536920 -1.243140 0.743485
1260000 3.900242 -1.299450 0.790423
1270000 4.621154 -1.265466 0.683861
1280000 3.309980 -1.317289 0.786215
1290000 3.392494 -1.340955 0.703249
1300000 4.926114 -1.253814 0.647513
1310000 4.499722 -1.189331 0.604831
1320000 4.909550 -1.146005 0.652781
1330000 3.971066 -1.190163 0.672947
1340000 3.285713 -1.325136 0.646071
1350000 2.945717 -1.273591 0.819594
1360000 2.907692 -1.212409 0.689256
1370000 2.889758 -1.254938 0.765949
1380000 2.428586 -1.159370 0.667432
1390000 2.340827 -1.218490 0.760310
1400000 1.885756 -1.202128 0.705020
1410000 1.548584 -1.303060 0.724616
1420000 1.910782 -1.220660 0.720570
1430000 1.906288 -1.244713 0.759640
1440000 2.114712 -1.294062 0.771267
1450000 1.452925 -1.223865 0.538589
1460000 1.208124 -1.223007 0.637734
1470000 1.197497 -1.157055 0.737327
1480000 1.072376 -1.250832 0.655087
1490000 0.634273 -1.439856 0.434767
1500000 0.635706 -1.208772 0.649716
1510000 0.817105 -1.229614 0.757458
1520000 0.612655 -1.258512 0.658427
1530000 0.703677 -1.368524 0.758589
1540000 0.808747 -1.347056 0.695918
1550000 0.931113 -1.247885 0.491921
1560000 1.086861 -1.159502 0.696801
1570000 1.251353 -1.359227 0.766938
1580000 0.923939 -1.242804 0.681480
1590000 0.907242 -1.278872 0.783970
1600000 1.374011 -1.129978 0.749276
1610000 1.523583 -1.247811 0.712055
1620000 1.318744 -1.260230 0.751084
1630000 0.996078 -1.195008 0.759443
1640000 1.009066 -1.259577 0.673764
1650000 1.274089 -1.232207 0.612657
1660000 1.266774 -1.093527 0.618540
1670000 1.637897 -1.182632 0.774098
1680000 2.803064 -1.249344 0.657750
1690000 3.568481 -1.238819 0.638659
1700000 4.567152 -1.134411 0.831489
1710000 3.922319 -1.183953 0.746901
1720000 4.100235 -1.181291 0.887429
1730000 3.397285 -1.252821 0.875628
1740000 5.114599 -1.168132 0.727881
1750000 4.658682 -1.314007 0.797289
1760000 4.143301 -1.277291 0.832259
1770000 4.123027 -1.209670 0.678388
1780000 3.556535 -1.269194 0.735797
1790000 3.197439 -1.318617 0.737316
1800000 3.441013 -1.236397 0.670502
1810000 3.682078 -1.375827 0.658771
1820000 3.937886 -1.225598 0.860289
1830000 4.061845 -1.304905 0.651617
1840000 3.964778 -1.181479 0.719971
1850000 3.029218 -1.228078 0.713929
1860000 2.588803 -1.330099 0.682588
1870000 2.962871 -1.161298 0.681074
1880000 3.230101 -1.206339 0.752339
1890000 2.387984 -1.248396 0.575826
1900000 2.267793 -1.295429 0.720213
1910000 2.128472 -1.130968 0.609103
1920000 2.297213 -1.208709 0.784858
1930000 2.854937 -1.300690 0.685968
1940000 3.316378 -1.255661 0.676220
1950000 2.776550 -1.244425 0.726037
1960000 3.096118 -1.257358 0.750519
1970000 3.997948 -1.310058 0.650331
1980000 4.319643 -1.176518 0.654779
1990000 3.478110 -1.202226 0.682254
2000000 4.225200 -1.243336 0.772755
2010000 4.715421 -1.093665 0.716057
2020000 4.792934 -1.090287 0.762734
2030000 4.699696 -1.207043 0.702333
2040000 4.959398 -1.138558 0.752711
2050000 4.899920 -1.350192 0.596554
2060000 5.052250 -1.315524 0.693544
2070000 4.749682 -1.256342 0.583282
2080000 4.631539 -1.246435 0.666153
2090000 4.658163 -1.227227 0.602210
2100000 3.701694 -1.252639 0.833094
2110000 3.876536 -1.179202 0.563440
2120000 3.678709 -1.107832 0.630267
2130000 3.303758 -1.195197 0.783075
2140000 2.836127 -1.321995 0.618474
2150000 2.688303 -1.305050 0.540980
2160000 2.700544 -1.301861 0.670829
2170000 2.000771 -1.247853 0.737207
2180000 2.067713 -1.261381 0.759124
2190000 2.116146 -1.291459 0.620489
2200000 1.786296 -1.136899 0.728376
2210000 1.637507 -1.147736 0.737182
2220000 1.977426 -1.164098 0.722845
2230000 1.998324 -1.153022 0.648928
2240000 2.769152 -1.383958 0.735962
2250000 3.837321 -1.219492 0.745650
2260000 3.653340 -1.087139 0.766198
2270000 3.846998 -1.238821 0.665355
2280000 4.443743 -1.252280 0.653323
2290000 4.507328 -1.167857 0.751654
2300000 4.490186 -1.281214 0.705194
2310000 4.558159 -1.231478 0.717238
2320000 4.387202 -1.244567 0.582041
2330000 3.815960 -1.137491 0.822250
2340000 3.633211 -1.360223 0.929780
2350000 4.263348 -1.298400 0.749191
2360000 4.383445 -1.127154 0.702790
2370000 4.597750 -1.172517 0.676378
2380000 3.720285 -1.422178 0.689083
2390000 3.300595 -1.232322 0.742058
2400000 2.954103 -1.213254 0.716807
2410000 2.663413 -1.220220 0.662800
2420000 2.672654 -1.138428 0.609557
2430000 2.967135 -1.380831 0.731815
2440000 3.412551 -1.192058 0.704394
2450000 3.533400 -1.356242 0.742895
2460000 2.914292 -1.215764 0.624278
2470000 2.822656 -1.239608 0.666899
2480000 3.037426 -1.312935 0.705655
2490000 4.569255 -1.285632 0.793345
2500000 4.007078 -1.242297 0.712245
2510000 3.696547 -1.370160 0.708727
2520000 3.504835 -1.335772 0.763900
2530000 3.368150 -1.232915 0.614024
2540000 3.081944 -1.120661 0.693162
2550000 2.353833 -1.122553 0.602038
2560000 1.908218 -1.309196 0.649167
2570000 1.624430 -1.218107 0.649222
2580000 1.527108 -1.199987 0.599532
2590000 1.223227 -1.287961 0.763625
2600000 0.775005 -1.197667 0.758753
2610000 0.788793 -1.245646 0.621246
2620000 1.153249 -1.217100 0.770910
2630000 1.188492 -1.293465 0.787126
2640000 1.354638 -1.165050 0.688915
2650000 1.198308 -1.340176 0.784119
2660000 1.069406 -1.274384 0.642112
2670000 1.231185 -1.250345 0.774021
2680000 1.359462 -1.207939 0.701383
2690000 1.458557 -1.267059 0.701106
2700000 1.559731 -1.107691 0.691688
2710000 1.835954 -1.194359 0.742127
2720000 1.783740 -1.185423 0.741332
2730000 2.177279 -1.242042 0.761371
2740000 1.648808 -1.173411 0.817102
2750000 1.899346 -1.157027 0.703424
2760000 2.377844 -1.252174 0.759920
2770000 1.784448 -1.289587 0.647604
2780000 1.568158 -1.249516 0.717948
2790000 2.075469 -1.426740 0.718146
2800000 2.411772 -1.254030 0.630719
2810000 2.548339 -1.213785 0.671939
2820000 2.628301 -1.209116 0.629956
2830000 2.825139 -1.176880 0.718425
2840000 3.665857 -1.121360 0.678369
2850000 4.110181 -1.165072 0.684621
2860000 5.014728 -1.098767 0.626411
2870000 4.822948 -1.393682 0.692156
2880000 4.676398 -1.191851 0.729368
2890000 4.749001 -1.245811 0.726428
2900000 4.220944 -1.315670 0.686850
2910000 4.012884 -1.219918 0.694416
2920000 3.915874 -1.172601 0.747399
2930000 4.215897 -1.313474 0.714085
2940000 4.644357 -1.298087 0.818429
2950000 3.902921 -1.243790 0.612619
2960000 3.383751 -1.337821 0.762164
2970000 3.167993 -1.356699 0.670632
2980000 3.516174 -1.045604 0.623820
2990000 2.684438 -1.226849 0.760585
3000000 3.134618 -1.078441 0.661920
3010000 2.346920 -1.209784 0.683020
3020000 2.338479 -1.299780 0.708372
3030000 2.199114 -1.300754 0.731870
3040000 2.050800 -1.230816 0.734760
3050000 2.755092 -1.249279 0.736193
3060000 3.370138 -1.194248 0.725526
3070000 3.767236 -1.130875 0.624395
3080000 4.759847 -1.358161 0.579939
3090000 4.421799 -1.156160 0.560276
3100000 4.392609 -1.291056 0.754657
3110000 4.036077 -1.221081 0.538844
3120000 3.441589 -1.171278 0.654561
3130000 3.334085 -1.235366 0.694549
3140000 3.325201 -1.345851 0.678707
3150000 4.601227 -1.215831 0.673013
3160000 4.636078 -1.197946 0.682956
3170000 3.893217 -1.208138 0.629627
3180000 4.233554 -1.210129 0.638426
3190000 3.728055 -1.338971 0.722868
3200000 3.082100 -1.232671 0.691482
3210000 2.650636 -1.102722 0.620948
3220000 3.273343 -1.181467 0.675324
3230000 2.706356 -1.163090 0.773845
3240000 2.590617 -1.220374 0.755156
3250000 2.469864 -1.253670 0.711060
3260000 2.158382 -1.184123 0.629784
3270000 1.808330 -1.143884 0.716597
3280000 2.170366 -1.206839 0.694995
3290000 2.358577 -1.137906 0.560955
3300000 2.012196 -1.230835 0.685034
3310000 1.675008 -1.158926 0.721823
3320000 1.544711 -1.168471 0.647924
3330000 1.478522 -1.165667 0.617995
3340000 1.020703 -1.154891 0.798686
3350000 0.953475 -1.264033 0.773086
3360000 0.990695 -1.091137 0.849481
3370000 1.199301 -1.214486 0.614418
3380000 0.827846 -1.196137 0.755643
3390000 1.350007 -1.341148 0.682440
3400000 1.176285 -1.100353 0.738304
3410000 1.198116 -1.168632 0.776358
3420000 1.229703 -1.210369 0.684774
3430000 1.196013 -1.163822 0.714139
3440000 1.542981 -1.226415 0.654949
3450000 1.446013 -1.224347 0.745946
3460000 1.633502 -1.271708 0.606443
3470000 1.983806 -1.351697 0.736742
3480000 1.966299 -1.244893 0.771250
3490000 1.717883 -1.083262 0.656758
3500000 1.704424 -1.051968 0.696005
3510000 1.589391 -1.130131 0.656441
3520000 1.745930 -1.248207 0.653891
3530000 1.860747 -1.286345 0.768577
3540000 2.192685 -1.151886 0.716036
3550000 1.936356 -1.253330 0.661701
3560000 2.288574 -1.244454 0.607238
3570000 2.739327 -1.121109 0.632432
3580000 2.915092 -1.319204 0.906955
3590000 3.846570 -1.215357 0.720033
3600000 4.894570 -1.209818 0.610742
