100000 3.459730 -1.143649 0.624107
110000 2.925070 -1.238740 0.621458
120000 2.129450 -1.074291 0.406958
130000 1.385359 -1.190499 0.527225
140000 0.985678 -1.170610 0.450379
150000 0.898180 -1.162289 0.650911
160000 0.935225 -1.228196 0.487120
170000 1.647040 -1.198593 0.495839
180000 1.781196 -1.146099 0.523057
190000 2.301297 -1.331330 0.539274
200000 2.751205 -1.220943 0.484611
210000 3.063784 -1.126779 0.433008
220000 4.615812 -1.125688 0.554885
230000 3.748020 -1.225154 0.519430
240000 2.854667 -1.197347 0.562209
250000 3.142806 -1.141551 0.494274
260000 2.291519 -1.321464 0.469389
270000 3.303646 -1.253795 0.508769
280000 3.918948 -1.281470 0.578000
290000 3.480474 -1.184105 0.657198
300000 4.529057 -1.221165 0.497346
310000 4.853202 -1.276820 0.612844
320000 4.113806 -1.239944 0.601384
330000 3.105519 -1.272257 0.502632
340000 4.440377 -1.367733 0.627357
350000 4.400103 -1.209423 0.395355
360000 2.617192 -1.162272 0.525539
370000 1.732465 -1.217852 0.510583
380000 1.621134 -1.146739 0.476584
390000 1.218022 -1.152236 0.503846
400000 0.890765 -1.221019 0.476240
410000 0.610843 -1.243379 0.702621
420000 0.589235 -1.210270 0.555650
430000 1.270169 -1.109184 0.435357
440000 1.406419 -1.382242 0.535650
450000 1.262371 -1.243173 0.543938
460000 1.291450 -1.223352 0.577667
470000 2.041066 -1.187246 0.514134
480000 2.525217 -1.221257 0.539007
490000 3.409455 -1.107483 0.593959
500000 4.121222 -1.180914 0.595928
510000 4.835514 -1.338631 0.526302
520000 4.826243 -1.244512 0.519376
530000 4.710777 -1.301508 0.686883
540000 4.116534 -1.287546 0.504419
550000 3.034240 -1.174982 0.583432
560000 3.295382 -1.122713 0.619046
570000 2.346245 -1.040527 0.560608
580000 1.837241 -1.271630 0.412730
590000 2.619063 -1.281763 0.407145
600000 2.103116 -1.156105 0.526066
610000 2.354802 -1.162732 0.420400
620000 3.323591 -1.182559 0.543874
630000 5.054326 -1.175973 0.498545
640000 3.491090 -1.235563 0.589671
650000 3.698451 -1.311427 0.495787
660000 4.356116 -1.255550 0.517212
670000 4.014307 -1.088191 0.598659
680000 2.871672 -1.180237 0.522972
690000 1.485272 -1.266930 0.567498
700000 0.994549 -1.130033 0.615779
710000 0.760515 -1.316177 0.483062
720000 1.147921 -1.194078 0.605273
730000 0.990836 -1.323671 0.505503
740000 1.187842 -1.146761 0.522526
750000 1.539226 -1.156573 0.401011
760000 2.011976 -1.172535 0.516577
770000 2.463752 -1.125986 0.538583
780000 2.273918 -1.150665 0.336156
790000 2.665167 -1.214418 0.592035
800000 3.829788 -1.263888 0.659741
810000 3.685673 -1.225571 0.604339
820000 4.158465 -1.093007 0.587033
830000 4.411139 -1.278013 0.575950
840000 3.880039 -1.316328 0.593401
850000 3.499054 -1.338194 0.652021
860000 2.724852 -1.301639 0.614336
870000 3.425891 -1.131363 0.448646
880000 2.518239 -1.327398 0.678369
890000 1.966340 -1.242177 0.447766
900000 2.493115 -1.242096 0.638112
910000 2.388040 -1.287476 0.560143
920000 2.742631 -1.279764 0.406905
930000 3.882891 -1.223747 0.547001
940000 3.756631 -1.285467 0.426131
950000 4.555790 -1.218952 0.572373
960000 5.018083 -1.246698 0.404441
970000 4.782764 -1.202485 0.656700
980000 5.018687 -1.234861 0.512487
990000 4.149761 -1.250188 0.522892
1000000 4.321713 -1.233751 0.535962
1010000 4.167318 -1.204630 0.518945
1020000 3.527279 -1.227593 0.432571
1030000 1.880850 -1.215551 0.551613
1040000 1.419047 -1.249155 0.598924
1050000 1.696407 -1.243820 0.600603
1060000 1.692200 -1.161401 0.572003
1070000 1.053078 -1.244018 0.538238
1080000 1.338707 -1.196651 0.493305
1090000 0.641885 -1.170553 0.577665
1100000 0.551185 -1.284258 0.574012
1110000 0.718397 -1.335311 0.467057
1120000 0.705494 -1.165991 0.558170
1130000 0.948173 -1.262689 0.412484
1140000 0.965852 -1.244867 0.553707
1150000 0.932887 -1.248972 0.561942
1160000 1.464778 -1.152613 0.598265
1170000 1.208054 -1.403616 0.515716
1180000 1.729376 -1.215661 0.590411
1190000 0.623518 -1.427473 0.591528
1200000 0.715212 -1.222571 0.528045
1210000 0.495332 -1.126385 0.518347
1220000 1.142365 -1.189089 0.452735
1230000 2.110742 -1.098205 0.734536
1240000 2.800997 -1.183034 0.502706
1250000 3.896263 -1.184888 0.529360
1260000 4.964898 -1.122725 0.440253
1270000 4.031196 -1.290402 0.522766
1280000 4.878777 -1.247798 0.498926
1290000 5.119159 -1.283537 0.586440
1300000 4.605279 -1.354019 0.557566
1310000 4.220386 -1.280679 0.441809
1320000 3.844702 -1.283401 0.564372
1330000 4.981339 -1.298261 0.498587
1340000 4.076731 -1.135054 0.432911
1350000 2.917032 -1.272869 0.583732
1360000 2.482855 -1.243908 0.491408
1370000 2.815818 -1.166933 0.554658
1380000 3.172082 -1.254030 0.494528
1390000 3.175265 -1.336507 0.650086
1400000 3.075409 -1.209052 0.673151
1410000 2.023903 -1.342158 0.470810
1420000 1.792702 -1.231264 0.408793
1430000 2.510058 -1.227876 0.463130
1440000 2.519974 -1.292069 0.625556
1450000 2.797544 -1.212117 0.495865
1460000 3.584491 -1.283533 0.531931
1470000 5.028075 -1.163357 0.498250
1480000 4.145817 -1.164520 0.492325
1490000 4.225732 -1.250144 0.524576
1500000 4.206753 -1.106504 0.466277
1510000 4.406925 -1.134828 0.503381
1520000 3.509803 -1.279125 0.400720
1530000 2.792391 -1.093342 0.519643
1540000 3.738806 -1.246113 0.461901
1550000 3.751155 -1.129912 0.475781
1560000 3.108128 -1.262890 0.505830
1570000 2.792140 -1.254790 0.572794
1580000 2.204913 -1.327840 0.568733
1590000 2.178795 -1.293008 0.474010
1600000 1.695870 -1.223814 0.516643
1610000 1.614245 -1.083050 0.542991
1620000 1.505186 -1.317786 0.500386
1630000 1.584546 -1.149922 0.498352
1640000 1.570019 -1.176937 0.446590
1650000 1.719853 -1.113400 0.437580
1660000 2.588434 -1.211905 0.540096
1670000 2.859712 -1.171498 0.633790
1680000 3.193626 -1.205071 0.550177
1690000 2.877955 -1.164476 0.531222
1700000 3.298926 -1.200808 0.581135
1710000 2.217054 -1.184183 0.609535
1720000 2.657717 -1.263824 0.532500
1730000 2.245018 -1.344312 0.540910
1740000 1.656457 -1.221094 0.551868
1750000 2.071231 -1.161016 0.487323
1760000 1.779787 -1.318787 0.514028
1770000 2.637228 -1.324949 0.562221
1780000 3.184297 -1.244206 0.542273
1790000 4.483398 -1.230052 0.544863
1800000 4.287320 -1.018874 0.421884
1810000 4.932099 -1.236804 0.430566
1820000 4.602047 -1.189673 0.504518
1830000 4.213495 -1.283667 0.623991
1840000 4.794492 -1.290086 0.582369
1850000 4.288232 -1.158173 0.505335
1860000 4.182224 -1.151170 0.517021
1870000 3.983644 -1.149047 0.548093
1880000 3.774862 -1.270594 0.595365
1890000 3.992392 -1.344885 0.544189
1900000 4.568217 -1.109542 0.551571
1910000 4.085510 -1.314416 0.397530
1920000 3.356156 -1.249520 0.452281
1930000 3.630287 -1.192071 0.480168
1940000 3.540673 -1.174831 0.549865
1950000 3.510437 -1.277553 0.632836
1960000 4.562918 -1.153983 0.458619
1970000 4.023566 -1.138950 0.506251
1980000 3.516488 -1.346221 0.671184
1990000 2.967810 -1.158841 0.584452
2000000 2.598911 -1.174393 0.503770
2010000 3.598239 -1.166735 0.508956
2020000 2.758168 -1.291399 0.648525
2030000 1.612056 -1.303932 0.452013
2040000 1.278226 -1.227043 0.472238
2050000 1.022064 -1.130746 0.470213
2060000 1.399214 -1.258717 0.638367
2070000 1.159222 -1.247220 0.501697
2080000 1.178708 -1.362454 0.467348
2090000 1.155832 -1.155933 0.568039
2100000 1.148742 -1.315134 0.504393
2110000 0.959405 -1.129399 0.649417
2120000 1.361659 -1.185917 0.522154
2130000 1.144981 -1.183097 0.547678
2140000 1.551225 -1.233763 0.618837
2150000 1.659875 -1.179207 0.531437
2160000 1.560557 -1.269532 0.458262
2170000 1.677111 -1.158280 0.534694
2180000 2.192859 -1.209911 0.575168
2190000 2.472017 -1.243284 0.558370
2200000 3.225315 -1.158874 0.527579
2210000 3.761647 -1.175645 0.458124
2220000 4.466868 -1.221978 0.613466
2230000 4.101674 -1.173516 0.411581
2240000 4.312574 -1.301367 0.566327
2250000 4.844252 -1.359766 0.493594
2260000 3.860328 -1.180323 0.540417
2270000 4.537266 -1.215748 0.571824
2280000 4.812652 -1.320124 0.471177
2290000 4.213063 -1.315978 0.469289
2300000 3.413974 -1.169276 0.491290
2310000 3.544294 -1.193401 0.393334
2320000 3.045692 -1.149326 0.498684
2330000 2.732756 -1.390845 0.599238
2340000 3.625898 -1.194210 0.449586
2350000 3.309173 -1.168891 0.638992
2360000 3.786124 -1.232037 0.617200
2370000 4.783839 -1.215766 0.509072
2380000 3.940287 -1.272500 0.461588
2390000 3.088720 -1.237743 0.368458
2400000 4.978012 -1.163401 0.397153
2410000 4.261715 -1.383980 0.512436
2420000 4.408756 -1.232608 0.493257
2430000 4.422681 -1.317966 0.602870
2440000 3.083749 -1.207005 0.512218
2450000 2.629894 -1.201983 0.528462
2460000 2.220621 -1.258827 0.519495
2470000 2.512249 -1.226818 0.552872
2480000 2.166370 -1.349533 0.550027
2490000 1.617487 -1.339943 0.610104
2500000 1.234155 -1.173147 0.514466
2510000 1.852812 -1.277443 0.629751
2520000 1.588265 -1.275831 0.509821
2530000 1.840082 -1.269466 0.574314
2540000 1.611051 -1.253424 0.532353
2550000 1.711048 -1.198201 0.734954
2560000 1.890357 -1.203205 0.577524
2570000 1.371328 -1.375803 0.509562
2580000 0.778137 -1.272997 0.584975
2590000 0.820572 -1.415742 0.524684
2600000 0.692478 -1.291591 0.629783
2610000 0.846145 -1.237931 0.589036
2620000 0.832153 -1.233634 0.546279
2630000 1.185260 -1.297590 0.681404
2640000 1.122511 -1.247585 0.511934
2650000 1.151867 -1.267712 0.580951
2660000 1.325280 -1.374703 0.534954
2670000 1.171690 -1.224017 0.458965
2680000 1.488780 -1.223126 0.495180
2690000 1.090409 -1.317778 0.456677
2700000 1.082040 -1.252603 0.497660
2710000 0.697735 -1.281745 0.540842
2720000 1.426882 -1.304234 0.687648
2730000 1.975233 -1.159302 0.521396
2740000 1.852190 -1.190041 0.481382
2750000 2.085884 -1.177724 0.420607
2760000 2.263624 -1.188225 0.482577
2770000 2.574918 -1.244648 0.580546
2780000 2.801764 -1.289914 0.555985
2790000 2.979092 -1.261786 0.536159
2800000 3.070565 -1.233777 0.636887
2810000 3.539779 -1.128618 0.603328
2820000 3.682204 -1.277700 0.366735
2830000 3.064292 -1.212855 0.543633
2840000 3.006639 -1.325900 0.606874
2850000 3.891859 -1.183218 0.623309
2860000 4.883138 -1.176030 0.535141
2870000 4.354210 -1.100823 0.528163
2880000 4.047890 -1.230340 0.520233
2890000 4.089804 -1.132950 0.500682
2900000 4.621437 -1.218802 0.628889
2910000 4.441930 -1.160475 0.461471
2920000 4.988049 -1.182020 0.434657
2930000 4.435471 -1.375194 0.514280
2940000 3.604218 -1.241774 0.618689
2950000 2.728515 -1.130902 0.618868
2960000 2.188405 -1.174701 0.563646
2970000 2.280969 -1.226981 0.532384
2980000 2.128834 -0.988072 0.461952
2990000 2.068175 -1.158393 0.592736
3000000 2.921386 -1.251479 0.492948
3010000 2.406767 -1.338795 0.506185
3020000 2.230464 -1.270614 0.424138
3030000 2.670067 -1.154977 0.500428
3040000 2.822270 -1.396687 0.513249
3050000 3.514517 -1.236584 0.515893
3060000 3.575530 -1.250917 0.463907
3070000 4.212723 -1.099434 0.459982
3080000 4.121620 -1.262874 0.486044
3090000 3.882046 -1.196849 0.546094
3100000 3.753840 -1.256538 0.605967
3110000 3.361579 -1.243886 0.453528
3120000 4.187694 -1.265801 0.477121
3130000 4.941462 -1.226900 0.523340
3140000 4.806625 -1.304743 0.618132
3150000 4.697131 -1.209352 0.528124
3160000 4.277334 -1.156064 0.502711
3170000 3.783187 -1.108383 0.482403
3180000 3.405029 -1.232119 0.442405
3190000 2.753279 -1.259613 0.504511
3200000 3.086212 -1.069410 0.467879
3210000 2.715098 -1.223794 0.469804
3220000 2.583499 -1.271084 0.521660
3230000 2.020190 -1.153588 0.534809
3240000 1.966271 -1.191590 0.450770
3250000 2.804542 -1.206489 0.548860
3260000 2.433923 -1.259706 0.669719
3270000 1.546704 -1.167350 0.641359
3280000 2.116378 -1.339476 0.561498
3290000 2.839801 -1.243750 0.607020
3300000 3.851220 -1.142051 0.522038
3310000 3.551455 -1.165633 0.580144
3320000 3.207195 -1.264589 0.516789
3330000 3.029259 -1.196212 0.482475
3340000 4.824036 -1.244078 0.608690
3350000 4.517079 -1.187714 0.532370
3360000 4.497264 -1.238017 0.507686
3370000 4.275839 -1.092404 0.557385
3380000 3.728156 -1.164333 0.539516
3390000 3.666057 -1.259054 0.478566
3400000 4.398264 -1.184121 0.514736
3410000 4.568813 -1.299652 0.463390
3420000 4.503971 -1.139400 0.564692
3430000 4.343475 -1.192276 0.473906
3440000 4.509497 -1.284482 0.568965
3450000 4.118327 -1.176807 0.616795
3460000 4.606668 -1.046577 0.439016
3470000 3.374449 -1.291793 0.500769
3480000 2.804392 -1.318096 0.502666
3490000 3.356614 -1.136561 0.505856
3500000 3.478443 -1.204422 0.539760
3510000 3.895546 -1.329805 0.600182
3520000 4.409149 -1.117302 0.574949
3530000 3.640904 -1.163248 0.463341
3540000 4.651109 -1.298075 0.470545
3550000 4.568208 -1.190362 0.541704
3560000 4.748258 -1.193272 0.567362
3570000 3.351888 -1.316739 0.587257
3580000 2.763554 -1.324938 0.335807
3590000 1.565583 -1.240979 0.468771
3600000 2.036288 -1.274927 0.743483
3610000 2.094452 -1.228251 0.582319
3620000 2.453387 -1.275716 0.524624
3630000 2.704803 -1.202656 0.559669
3640000 2.479549 -1.293488 0.654150
3650000 2.401068 -1.040748 0.531987
3660000 3.265485 -1.229624 0.468522
3670000 2.703721 -1.186606 0.491099
3680000 2.431745 -1.262469 0.528824
3690000 1.464681 -1.274325 0.498919
3700000 2.059099 -1.193867 0.557958
3710000 1.884342 -1.267448 0.542917
3720000 2.344363 -1.190229 0.523718
3730000 1.731446 -1.237159 0.596430
3740000 1.963449 -1.329071 0.535083
3750000 1.955503 -1.233340 0.653491
3760000 1.397435 -1.153037 0.584284
3770000 1.786253 -1.244491 0.387737
3780000 1.679190 -1.226807 0.475708
3790000 1.284458 -1.214726 0.631822
3800000 1.360427 -1.275289 0.653189
3810000 1.268433 -1.167615 0.575044
3820000 1.627927 -1.290126 0.572151
3830000 1.797646 -1.264120 0.537395
3840000 1.746038 -1.194590 0.536902
3850000 2.382293 -1.180684 0.588727
3860000 3.044433 -1.183516 0.487494
3870000 3.764151 -1.164878 0.598250
3880000 4.350554 -1.281906 0.469049
3890000 3.770199 -1.355226 0.616660
3900000 3.309228 -1.292606 0.520847
3910000 3.402790 -1.363014 0.460013
3920000 3.264561 -1.152594 0.381693
3930000 3.482389 -1.126113 0.558558
3940000 3.100857 -1.297997 0.564168
3950000 2.581897 -1.312574 0.587138
3960000 2.898374 -1.330500 0.707805
3970000 4.332201 -1.246385 0.590636
3980000 4.074865 -1.266082 0.505320
3990000 4.430150 -1.181087 0.535269
4000000 4.526183 -1.375348 0.500389
