100000 4.582638 -1.297146 -0.286497
110000 4.616542 -1.195583 -0.210457
120000 4.161990 -1.224873 -0.518943
130000 3.458874 -1.231832 -0.474203
140000 5.035284 -1.123459 -0.360513
150000 3.419158 -1.175186 -0.323113
160000 2.194286 -1.096738 -0.366782
170000 1.519019 -1.134057 -0.388571
180000 1.885054 -1.267416 -0.337351
190000 2.681311 -1.236978 -0.348312
200000 1.326170 -1.178070 -0.324156
210000 1.561126 -1.180886 -0.271122
220000 0.925465 -1.241775 -0.242667
230000 0.837131 -1.176906 -0.198084
240000 1.313240 -1.216739 -0.378568
250000 0.813652 -1.440895 -0.350412
260000 1.070723 -1.186277 -0.490962
270000 1.532084 -1.382845 -0.325121
280000 2.159732 -1.392894 -0.392678
290000 3.515115 -1.202445 -0.369037
300000 4.055436 -1.205363 -0.449673
310000 3.855845 -1.208539 -0.394585
320000 2.551425 -1.243596 -0.310123
330000 2.413726 -1.174834 -0.421992
340000 2.706885 -1.177652 -0.452116
350000 2.145252 -1.250236 -0.260584
360000 1.614234 -1.159275 -0.325821
370000 2.481276 -1.156572 -0.378010
380000 4.148976 -1.151961 -0.328723
390000 3.805033 -1.126939 -0.232998
400000 3.737507 -1.261510 -0.422649
410000 3.463709 -1.271277 -0.325950
420000 4.942382 -1.107880 -0.432135
430000 3.351111 -1.227779 -0.387185
440000 2.495647 -1.267954 -0.474445
450000 3.226027 -1.125215 -0.412708
460000 4.357866 -1.146850 -0.292624
470000 4.573893 -1.098523 -0.412218
480000 3.448087 -1.343942 -0.274467
490000 3.539640 -1.279637 -0.513136
500000 4.162820 -1.205775 -0.366289
510000 4.725193 -1.265230 -0.285613
520000 4.277174 -1.116612 -0.482999
530000 2.602292 -1.236945 -0.280112
540000 2.988022 -1.130889 -0.399715
550000 3.350622 -1.201933 -0.333296
560000 3.053339 -1.257238 -0.294153
570000 2.167254 -1.224704 -0.394864
580000 1.477441 -1.209730 -0.359158
590000 1.488490 -1.189198 -0.355002
600000 1.839988 -1.199113 -0.259053
610000 1.368725 -1.312867 -0.518476
620000 0.977203 -1.298577 -0.463416
630000 0.934960 -1.190050 -0.434271
640000 0.993474 -1.179664 -0.255785
650000 0.844824 -1.292340 -0.221621
660000 0.582050 -1.108431 -0.457937
670000 0.718368 -1.248786 -0.436944
680000 0.971787 -1.258742 -0.420936
690000 1.350997 -1.191517 -0.186967
700000 1.986970 -1.174694 -0.337843
710000 2.585150 -1.135389 -0.478217
720000 2.679541 -1.128579 -0.320414
730000 1.965931 -1.319365 -0.381848
740000 2.613466 -1.206002 -0.286793
750000 2.625850 -1.212600 -0.435766
760000 3.380595 -1.169057 -0.221349
770000 3.920546 -1.086823 -0.383248
780000 4.581510 -1.136887 -0.400712
790000 5.040148 -1.229882 -0.198892
800000 4.882218 -1.260069 -0.188433
810000 4.737606 -1.299751 -0.357689
820000 4.107870 -1.269475 -0.225709
830000 3.094049 -1.097268 -0.251860
840000 2.556433 -1.301789 -0.275183
850000 2.099349 -1.234788 -0.317945
860000 2.255632 -1.159177 -0.362678
870000 2.759633 -1.050252 -0.381594
880000 3.520752 -1.150504 -0.368645
890000 3.147447 -1.293945 -0.542384
900000 3.781593 -1.182948 -0.322748
910000 3.762516 -1.261728 -0.311109
920000 4.751834 -1.237666 -0.340046
930000 4.288470 -1.310097 -0.416816
940000 4.756011 -1.202180 -0.258212
950000 4.135125 -1.254146 -0.309286
960000 4.206665 -1.346790 -0.392972
970000 4.834014 -1.260231 -0.244572
980000 4.634409 -1.246745 -0.225107
990000 4.605948 -1.288672 -0.447542
1000000 2.636977 -1.200597 -0.414616
1010000 2.400234 -1.213991 -0.413235
1020000 1.882342 -1.274280 -0.419550
1030000 1.545913 -1.182241 -0.237223
1040000 1.707171 -1.080157 -0.349810
1050000 1.425843 -1.246520 -0.288448
1060000 1.240169 -1.207396 -0.325478
1070000 0.864237 -1.072318 -0.278513
1080000 0.752823 -1.210656 -0.406920
1090000 0.832024 -1.243274 -0.367736
1100000 1.002751 -1.206570 -0.298659
1110000 1.380908 -1.172810 -0.318737
1120000 1.130488 -1.267098 -0.507373
1130000 1.173811 -1.302228 -0.448905
1140000 2.022307 -1.326966 -0.379127
1150000 1.826028 -1.236491 -0.282004
1160000 2.454552 -1.268386 -0.448956
1170000 2.529292 -1.067114 -0.277093
1180000 2.303121 -1.255566 -0.327306
1190000 2.737199 -1.254881 -0.178352
1200000 3.190606 -1.061167 -0.385929
1210000 3.171659 -1.308349 -0.321794
1220000 3.345884 -1.174298 -0.271319
1230000 3.866120 -1.234477 -0.423257
1240000 4.717059 -1.177118 -0.320421
1250000 4.049664 -1.232817 -0.412852
1260000 3.324520 -1.186739 -0.251381
1270000 3.007511 -1.252509 -0.376453
1280000 2.087017 -1.257490 -0.417861
1290000 2.161924 -1.284672 -0.375645
1300000 2.734898 -1.333359 -0.258964
1310000 3.936143 -1.158866 -0.411665
1320000 4.368274 -1.177640 -0.295093
1330000 4.504627 -1.303253 -0.342655
1340000 4.167222 -1.297924 -0.370473
1350000 4.756575 -1.363066 -0.432780
1360000 4.568686 -1.270448 -0.507755
1370000 4.828835 -1.143712 -0.365597
1380000 4.432777 -1.033454 -0.403041
1390000 3.646178 -1.141783 -0.295269
1400000 3.707390 -1.142572 -0.359443
1410000 3.963121 -1.184955 -0.270680
1420000 3.021583 -1.235228 -0.392811
1430000 3.287801 -1.239143 -0.348167
1440000 4.177930 -1.173446 -0.294445
1450000 4.219896 -1.237116 -0.328314
1460000 3.114789 -1.299079 -0.319805
1470000 2.852982 -1.126381 -0.261366
1480000 2.192867 -1.208282 -0.307584
1490000 2.311190 -1.171286 -0.325511
1500000 1.421960 -1.341807 -0.361962
1510000 1.800648 -1.275197 -0.237912
1520000 2.054261 -1.294504 -0.333475
1530000 2.463793 -1.265807 -0.340695
1540000 2.833272 -1.263630 -0.548917
1550000 2.958862 -1.290184 -0.476530
1560000 3.479681 -1.131591 -0.280079
1570000 2.638792 -1.181001 -0.256261
1580000 2.235228 -1.249323 -0.328031
1590000 2.908547 -1.258677 -0.464265
1600000 4.473517 -1.173266 -0.507217
1610000 4.834419 -1.279489 -0.507245
1620000 4.092475 -1.159088 -0.457295
1630000 4.418083 -1.284764 -0.362807
1640000 3.067883 -1.228081 -0.400374
1650000 2.887855 -1.254886 -0.324892
1660000 2.604129 -1.322406 -0.384193
1670000 3.300082 -1.367233 -0.294694
1680000 3.866711 -1.243683 -0.292487
1690000 4.371041 -1.286764 -0.276868
1700000 4.492571 -1.238614 -0.244765
1710000 4.727131 -1.206453 -0.316667
1720000 3.809228 -1.239654 -0.453281
1730000 4.822023 -1.254845 -0.372478
1740000 3.981554 -1.195481 -0.270100
1750000 3.004165 -1.269736 -0.203999
1760000 3.599693 -1.250983 -0.393866
1770000 4.007435 -1.232776 -0.350493
1780000 4.901416 -1.340727 -0.276297
1790000 4.558687 -1.022543 -0.430938
1800000 4.188788 -1.227322 -0.304666
1810000 3.465394 -1.152932 -0.296997
1820000 3.760246 -1.242045 -0.380683
1830000 2.720238 -1.211970 -0.416493
1840000 1.961305 -1.267927 -0.361884
1850000 1.772173 -1.084523 -0.365552
1860000 1.643936 -1.239713 -0.297419
1870000 2.073894 -1.204154 -0.305387
1880000 2.374015 -1.215077 -0.431772
1890000 2.144548 -1.200676 -0.264330
1900000 2.749319 -1.165003 -0.322494
1910000 2.253866 -1.366354 -0.334372
1920000 1.357432 -1.303657 -0.390651
1930000 1.160695 -1.310421 -0.486887
1940000 0.586006 -1.226639 -0.358045
1950000 0.497108 -1.141809 -0.433090
1960000 0.649761 -1.234728 -0.384511
1970000 0.615631 -1.372419 -0.259593
1980000 0.750546 -1.124538 -0.428339
1990000 0.831870 -1.297077 -0.315487
2000000 0.647323 -1.234091 -0.254744
2010000 0.991801 -1.281432 -0.397723
2020000 1.341037 -1.090495 -0.428456
2030000 1.643630 -1.223196 -0.328889
2040000 1.172443 -1.114337 -0.406020
2050000 0.968479 -1.208109 -0.329831
2060000 1.006903 -1.260517 -0.321452
2070000 1.057716 -1.116948 -0.365637
2080000 0.743896 -1.144249 -0.379101
2090000 0.668473 -1.304082 -0.458611
2100000 0.829561 -1.211166 -0.430512
2110000 1.032166 -1.268876 -0.384673
2120000 0.707062 -1.284127 -0.381676
2130000 1.117001 -1.293425 -0.320468
2140000 1.137471 -1.222271 -0.253622
2150000 1.098696 -1.165852 -0.378766
2160000 1.374427 -1.110660 -0.379404
2170000 1.788142 -1.318694 -0.257770
2180000 1.684771 -1.118889 -0.384910
2190000 1.991196 -1.087741 -0.182405
2200000 2.183122 -1.212456 -0.455205
2210000 2.454288 -1.171186 -0.406147
2220000 1.623607 -1.247913 -0.403098
2230000 1.542731 -1.217522 -0.311856
2240000 1.883718 -1.159035 -0.305749
2250000 1.881471 -1.139072 -0.537971
2260000 1.301627 -1.053913 -0.471435
2270000 1.306539 -1.100596 -0.378768
2280000 1.410696 -1.285470 -0.269099
2290000 1.316965 -1.271951 -0.435647
2300000 1.483013 -1.238459 -0.373884
2310000 1.816341 -1.224122 -0.211787
2320000 2.073609 -1.176184 -0.312019
2330000 2.719156 -1.225409 -0.299766
2340000 2.371637 -1.299593 -0.240213
2350000 2.354090 -1.225099 -0.262485
2360000 3.102872 -1.383068 -0.289475
2370000 3.045888 -1.223350 -0.446093
2380000 3.479136 -1.212473 -0.261333
2390000 3.779278 -1.129043 -0.237969
2400000 4.746892 -1.142596 -0.482800
2410000 4.773097 -1.247223 -0.343974
2420000 4.323991 -1.278021 -0.387400
2430000 4.989399 -1.283880 -0.313994
2440000 4.406092 -1.171039 -0.354114
2450000 4.139242 -1.280112 -0.287360
2460000 4.809161 -1.333146 -0.490000
2470000 4.366051 -1.295871 -0.319265
2480000 3.419826 -1.122398 -0.413030
2490000 2.894709 -1.190340 -0.417016
2500000 2.686587 -1.152634 -0.370005
2510000 3.490854 -1.238698 -0.325737
2520000 3.675417 -1.184164 -0.357405
2530000 3.484510 -1.271417 -0.260800
2540000 4.368571 -1.303005 -0.381741
2550000 4.425986 -1.066619 -0.429990
2560000 4.713233 -1.337282 -0.315802
2570000 3.978259 -1.194739 -0.309571
2580000 3.541228 -1.150941 -0.300891
2590000 3.543722 -1.217562 -0.354795
2600000 3.600696 -1.344092 -0.293909
2610000 3.416974 -1.074595 -0.325426
2620000 4.351866 -1.339154 -0.343080
2630000 4.182738 -1.238848 -0.312255
2640000 4.661120 -1.138288 -0.380996
2650000 4.825122 -1.204523 -0.364417
2660000 4.407100 -1.390143 -0.317551
2670000 4.773920 -1.276924 -0.348435
2680000 3.989842 -1.154585 -0.351252
2690000 3.749369 -1.225518 -0.312552
2700000 4.473735 -1.309185 -0.441112
2710000 3.707941 -1.257329 -0.421373
2720000 3.542682 -1.357218 -0.399202
2730000 2.631667 -1.340618 -0.213452
2740000 2.628828 -1.265081 -0.295909
2750000 2.836239 -1.330730 -0.470274
2760000 3.247899 -1.334338 -0.299143
2770000 3.228911 -1.256579 -0.254559
2780000 3.095276 -1.252061 -0.317085
2790000 2.556545 -1.173412 -0.195086
2800000 2.254318 -1.442723 -0.231775
2810000 2.069334 -1.251726 -0.323471
2820000 2.390218 -1.397261 -0.319873
2830000 2.683807 -1.241553 -0.333881
2840000 3.512322 -1.193981 -0.334114
2850000 2.501332 -1.137895 -0.355181
2860000 2.019002 -1.186548 -0.454528
2870000 2.230252 -1.138832 -0.358572
2880000 2.587629 -1.346708 -0.421481
2890000 1.934206 -1.260589 -0.368820
2900000 1.684245 -1.224410 -0.234483
2910000 1.818118 -1.287078 -0.321895
2920000 1.984063 -1.080963 -0.473485
2930000 1.770405 -1.185631 -0.352448
2940000 1.459624 -1.339473 -0.525202
2950000 1.238799 -1.239470 -0.298878
2960000 1.058580 -1.211814 -0.257253
2970000 1.355267 -1.261685 -0.320721
2980000 1.280135 -1.179721 -0.318715
2990000 1.500197 -1.124740 -0.468935
3000000 1.446647 -1.291841 -0.195307
3010000 1.434782 -1.242783 -0.389163
3020000 1.224296 -1.201388 -0.344615
3030000 1.274847 -1.165936 -0.303259
3040000 1.039284 -1.191484 -0.390113
3050000 1.478948 -1.213126 -0.376548
3060000 1.656053 -1.370689 -0.276621
3070000 1.428807 -1.192902 -0.353896
3080000 2.060716 -1.281604 -0.392266
3090000 2.391448 -1.150717 -0.331456
3100000 2.810835 -1.180952 -0.407456
3110000 3.780218 -1.275215 -0.348106
3120000 3.983013 -1.254937 -0.374629
3130000 3.771651 -1.176442 -0.369696
3140000 4.416921 -1.251891 -0.398564
3150000 4.129082 -1.225146 -0.338406
3160000 5.057856 -1.251002 -0.304300
3170000 3.677653 -1.162551 -0.381216
3180000 4.156106 -1.140648 -0.390357
3190000 3.807583 -1.138375 -0.260944
3200000 4.192685 -1.252724 -0.485546
3210000 4.317860 -1.209302 -0.373293
3220000 3.911274 -1.091119 -0.439604
3230000 3.186319 -1.267239 -0.434163
3240000 2.926674 -1.233116 -0.318212
3250000 2.746237 -1.383782 -0.333113
3260000 2.747057 -1.138920 -0.369368
3270000 2.343756 -1.278500 -0.379041
3280000 3.215923 -1.272255 -0.365250
3290000 3.467869 -1.317051 -0.401378
3300000 2.707026 -1.224944 -0.419392
3310000 2.161946 -1.192899 -0.395659
3320000 2.165065 -1.214600 -0.299608
3330000 2.567112 -1.204679 -0.334483
3340000 3.453950 -1.186662 -0.406791
3350000 3.257724 -1.285554 -0.352784
3360000 3.151487 -1.294443 -0.344050
3370000 3.477573 -1.316828 -0.321338
3380000 4.352929 -1.211344 -0.339781
3390000 4.665556 -1.196384 -0.305968
3400000 4.828302 -1.191348 -0.323292
3410000 4.444203 -1.117743 -0.407347
3420000 4.886479 -1.200502 -0.241506
3430000 4.277513 -1.249812 -0.370934
3440000 4.047127 -1.310943 -0.215666
3450000 4.248644 -1.180585 -0.224582
3460000 3.700471 -1.185267 -0.222073
3470000 2.977920 -1.229860 -0.364487
3480000 3.918967 -1.222509 -0.312400
3490000 4.272175 -1.290087 -0.323406
3500000 5.030828 -1.210163 -0.385271
3510000 4.745399 -1.298405 -0.273432
3520000 4.803356 -1.161237 -0.284357
3530000 5.009743 -1.182638 -0.407171
3540000 3.869895 -1.226856 -0.335730
3550000 3.459086 -1.164976 -0.414579
3560000 3.140002 -1.277244 -0.346894
3570000 3.338709 -1.267367 -0.344984
3580000 3.685065 -1.219248 -0.437593
3590000 2.837031 -1.253043 -0.341926
3600000 2.571361 -1.213360 -0.394734
3610000 3.218522 -1.241953 -0.292362
3620000 1.990506 -1.227795 -0.336451
3630000 1.885598 -1.208359 -0.367274
3640000 1.888836 -1.241088 -0.491088
3650000 2.435036 -1.203551 -0.332187
3660000 2.095767 -1.455920 -0.474371
3670000 1.819917 -1.317772 -0.297475
3680000 1.671184 -1.254296 -0.347156
3690000 1.730164 -1.245420 -0.421178
3700000 1.922984 -1.233670 -0.436284
3710000 1.830206 -1.228805 -0.410190
3720000 2.147171 -1.108058 -0.361811
3730000 1.076684 -1.174313 -0.344451
3740000 0.848144 -1.270362 -0.409894
3750000 0.890131 -1.124773 -0.334166
3760000 0.999173 -1.338227 -0.441898
3770000 0.931497 -1.286181 -0.416317
3780000 0.959272 -1.269333 -0.466559
3790000 1.019690 -1.241709 -0.396034
3800000 1.083575 -1.326753 -0.302415
3810000 1.186866 -1.212130 -0.328320
3820000 0.900772 -1.196284 -0.412691
3830000 1.223619 -1.214677 -0.384215
3840000 1.028449 -1.288445 -0.286642
3850000 0.936624 -1.280282 -0.395642
3860000 0.807785 -1.299177 -0.284236
3870000 1.235669 -1.272383 -0.405173
3880000 1.342114 -1.271008 -0.432769
3890000 1.674307 -1.191487 -0.234537
3900000 1.687904 -1.236966 -0.342694
3910000 2.198221 -1.191014 -0.401862
3920000 2.091278 -1.195649 -0.298391
3930000 2.409921 -1.263773 -0.408383
3940000 2.162622 -1.303083 -0.326596
3950000 2.578852 -1.310959 -0.422716
3960000 2.841481 -1.258092 -0.377713
3970000 3.697944 -1.313147 -0.237797
3980000 4.865652 -1.336364 -0.352764
3990000 5.000483 -1.270084 -0.315618
4000000 4.938355 -1.140571 -0.388354
