100000 2.178344 -1.302232 -1.360629
110000 1.974887 -1.199398 -1.369741
120000 2.656393 -1.130305 -1.298210
130000 3.719847 -1.240978 -1.419065
140000 4.592586 -1.255013 -1.503783
150000 5.022579 -1.125739 -1.320566
160000 4.878538 -1.331472 -1.312147
170000 4.573220 -1.261289 -1.243657
180000 4.302995 -1.125212 -1.262706
190000 2.855077 -1.358455 -1.365298
200000 2.289628 -1.161621 -1.296985
210000 1.543799 -1.165567 -1.380316
220000 1.633050 -1.343277 -1.440260
230000 2.914266 -1.139140 -1.395088
240000 3.722477 -1.176268 -1.387726
250000 4.246979 -1.250211 -1.406729
260000 4.105126 -1.277871 -1.381804
270000 3.570113 -1.233754 -1.404212
280000 2.440268 -1.294267 -1.396144
290000 1.754915 -1.103327 -1.335915
300000 3.214121 -1.194742 -1.501056
310000 3.717925 -1.178035 -1.347804
320000 4.673673 -1.251963 -1.423190
330000 4.934491 -1.245013 -1.500820
340000 3.956402 -1.278482 -1.481811
350000 2.472474 -1.290430 -1.277568
360000 1.954126 -1.220182 -1.444857
370000 1.477180 -1.138833 -1.444622
380000 0.706403 -1.212285 -1.583466
390000 1.110598 -1.252191 -1.592863
400000 0.928589 -1.402035 -1.532468
410000 0.604856 -1.292366 -1.511636
420000 1.261401 -1.266886 -1.434139
430000 1.365520 -1.222857 -1.409404
440000 0.847533 -1.320363 -1.413460
450000 0.517835 -1.194539 -1.400749
460000 1.555875 -1.244010 -1.352953
470000 1.910575 -1.251689 -1.376550
480000 2.913818 -1.195877 -1.484467
490000 3.831449 -1.227728 -1.343641
500000 3.589128 -1.213113 -1.482609
510000 4.529641 -1.202982 -1.404685
520000 4.093133 -1.186692 -1.418720
530000 4.353852 -1.188314 -1.330122
540000 2.760327 -1.192366 -1.253286
550000 2.769627 -1.302942 -1.381387
560000 2.658151 -1.191825 -1.460435
570000 1.952506 -1.208818 -1.515533
580000 1.604759 -1.279522 -1.486424
590000 1.630285 -1.027914 -1.430171
600000 2.452706 -1.172498 -1.370991
610000 1.978214 -1.290805 -1.267438
620000 1.346322 -1.265904 -1.606945
630000 1.071013 -1.333118 -1.393111
640000 1.108231 -1.151029 -1.428614
650000 1.303021 -1.208474 -1.410548
660000 1.317404 -1.279877 -1.447404
670000 1.145005 -1.227759 -1.360376
680000 0.913976 -1.291814 -1.373887
690000 1.706545 -1.236334 -1.317837
700000 1.801950 -1.222655 -1.418317
710000 1.981861 -1.287803 -1.436507
720000 2.066419 -1.234854 -1.405098
730000 2.582018 -1.330931 -1.523051
740000 4.431726 -1.226941 -1.418827
750000 3.863825 -1.224170 -1.373335
760000 4.258273 -1.285993 -1.440953
770000 4.283988 -1.334316 -1.299392
780000 5.020921 -1.121968 -1.494545
790000 4.737703 -1.144562 -1.429899
800000 3.152918 -1.138524 -1.279825
810000 3.217000 -1.122097 -1.344240
820000 3.157217 -1.208066 -1.410886
830000 4.019488 -1.194773 -1.264249
840000 3.169424 -1.319549 -1.366059
850000 2.979323 -1.384789 -1.345277
860000 3.365302 -1.323205 -1.344835
870000 2.253530 -1.248991 -1.364316
880000 2.210878 -1.061695 -1.464329
890000 1.882247 -1.261074 -1.309668
900000 2.909060 -1.169328 -1.308195
910000 4.334420 -1.327845 -1.376113
920000 4.991875 -1.171013 -1.252180
930000 3.715968 -1.153546 -1.417731
940000 4.961825 -1.253952 -1.318385
950000 4.800211 -1.248072 -1.458454
960000 3.768220 -1.044324 -1.469319
970000 4.685303 -1.099634 -1.432887
980000 4.850242 -1.317312 -1.502073
990000 3.550724 -1.229309 -1.309571
1000000 2.909961 -1.120831 -1.323037
1010000 4.760017 -1.360535 -1.333981
1020000 4.835063 -1.276256 -1.409667
1030000 4.813956 -1.199787 -1.506532
1040000 4.134957 -1.186305 -1.391869
1050000 3.354055 -1.323721 -1.382738
1060000 3.083036 -1.300466 -1.465932
1070000 3.053085 -1.283702 -1.273936
1080000 2.443120 -1.087915 -1.560012
1090000 2.737024 -1.268928 -1.401810
1100000 4.400299 -1.221104 -1.387497
1110000 4.313236 -1.284435 -1.468561
1120000 4.984060 -1.320679 -1.346980
1130000 4.755101 -1.292679 -1.415894
1140000 4.141904 -1.211666 -1.409298
1150000 2.595441 -1.230851 -1.345024
1160000 2.424574 -1.193821 -1.444995
1170000 2.822769 -1.162591 -1.385558
1180000 3.457133 -1.261618 -1.290128
1190000 4.093864 -1.279752 -1.432492
1200000 4.179458 -1.288727 -1.472660
1210000 4.371574 -1.208013 -1.318254
1220000 4.620317 -1.248108 -1.367013
1230000 4.469022 -1.335521 -1.297150
1240000 3.869751 -1.199677 -1.359074
1250000 3.530143 -1.210288 -1.407013
1260000 4.009734 -1.170254 -1.499279
1270000 4.706652 -1.307340 -1.385791
1280000 3.695579 -1.273240 -1.440801
1290000 2.580136 -1.299188 -1.390801
1300000 1.729559 -1.188393 -1.413598
1310000 1.531108 -1.164101 -1.487631
1320000 1.967526 -1.181374 -1.470319
1330000 1.194841 -1.170699 -1.401114
1340000 0.498071 -1.129528 -1.393776
1350000 0.664027 -1.294871 -1.484650
1360000 0.496092 -1.265374 -1.488167
1370000 0.499228 -1.159124 -1.436535
1380000 0.811738 -1.404223 -1.359034
1390000 1.101169 -1.122541 -1.361669
1400000 0.978038 -1.210066 -1.340776
1410000 0.500116 -1.296287 -1.381526
1420000 0.748050 -1.116663 -1.496517
1430000 0.966862 -1.082441 -1.411540
1440000 0.718671 -1.314577 -1.589016
1450000 1.373786 -1.145752 -1.345789
1460000 1.631189 -1.284507 -1.283693
1470000 1.458875 -1.252820 -1.306222
1480000 1.997384 -1.170888 -1.413894
1490000 2.247370 -1.275314 -1.266626
1500000 2.438453 -1.255438 -1.224937
1510000 3.024631 -1.125292 -1.419892
1520000 3.825239 -1.183407 -1.398778
1530000 4.694591 -1.249354 -1.380671
1540000 3.625637 -1.195845 -1.380094
1550000 2.863082 -1.172052 -1.435361
1560000 2.553227 -1.300152 -1.276687
1570000 3.378130 -1.338974 -1.341414
1580000 3.269533 -1.143615 -1.397348
1590000 3.399225 -1.224157 -1.461866
1600000 4.778558 -1.243726 -1.253808
1610000 4.868644 -1.261723 -1.344388
1620000 4.319838 -1.343129 -1.449278
1630000 4.051168 -1.099993 -1.556814
1640000 3.978029 -1.095691 -1.404994
1650000 4.602481 -1.155882 -1.331168
1660000 4.167394 -1.165044 -1.359573
1670000 3.380855 -1.036717 -1.358544
1680000 3.775551 -1.198855 -1.382691
1690000 2.705068 -1.051574 -1.366190
1700000 1.979653 -1.272840 -1.480444
1710000 1.880075 -1.351769 -1.398156
1720000 1.135414 -1.173670 -1.478801
1730000 1.160136 -1.240074 -1.371213
1740000 1.178718 -1.185477 -1.366781
1750000 1.391079 -1.150222 -1.430835
1760000 0.990149 -1.257325 -1.266049
1770000 1.499610 -1.208692 -1.404785
1780000 2.077082 -1.207425 -1.330470
1790000 1.303783 -1.225050 -1.381015
1800000 1.613277 -1.231845 -1.362466
1810000 1.921975 -1.223883 -1.366996
1820000 2.309705 -1.234197 -1.359533
1830000 2.917588 -1.121678 -1.338034
1840000 3.063836 -1.256959 -1.348717
1850000 3.864749 -1.216202 -1.431999
1860000 4.600443 -1.296871 -1.494238
1870000 4.002984 -1.221470 -1.461504
1880000 2.668876 -1.221881 -1.392418
1890000 2.842392 -1.124573 -1.425021
1900000 3.441333 -1.314397 -1.384532
1910000 4.015162 -1.144310 -1.504880
1920000 3.417085 -1.183496 -1.384594
1930000 4.489155 -1.280009 -1.406108
1940000 3.795762 -1.271469 -1.440140
1950000 2.835568 -1.251594 -1.522690
1960000 2.791838 -1.106759 -1.372422
1970000 2.275188 -1.126415 -1.441678
1980000 2.181575 -1.264590 -1.371459
1990000 1.699445 -1.084698 -1.245933
2000000 1.896473 -1.251303 -1.444982
2010000 2.181590 -1.273200 -1.396506
2020000 2.249514 -1.268516 -1.460252
2030000 1.594886 -1.410975 -1.489074
2040000 1.564243 -1.208309 -1.340949
2050000 2.249394 -1.187985 -1.382776
2060000 2.595705 -1.289368 -1.363487
2070000 3.301049 -1.142108 -1.326812
2080000 3.640405 -1.147858 -1.381823
2090000 4.166125 -1.262579 -1.365617
2100000 4.961540 -1.199572 -1.404106
2110000 4.841726 -1.234046 -1.419309
2120000 4.463820 -1.232124 -1.432826
2130000 3.961570 -1.163343 -1.332615
2140000 2.909680 -1.323694 -1.470924
2150000 3.490375 -1.298091 -1.362249
2160000 2.757445 -1.279309 -1.313465
2170000 2.133099 -1.147633 -1.403399
2180000 2.302919 -1.338395 -1.449779
2190000 2.992972 -1.266208 -1.358157
2200000 2.719073 -1.295757 -1.366664
2210000 3.199958 -1.203009 -1.465079
2220000 3.552484 -1.390682 -1.321187
2230000 3.767711 -1.261253 -1.415455
2240000 4.194840 -1.151332 -1.317216
2250000 4.259962 -1.350361 -1.329414
2260000 4.711001 -1.119280 -1.376264
2270000 4.093284 -1.270681 -1.316760
2280000 4.643499 -1.251197 -1.340720
2290000 3.743061 -1.182494 -1.428631
2300000 3.532847 -1.206947 -1.348900
2310000 2.064889 -1.213906 -1.468188
2320000 1.395754 -1.271533 -1.446383
2330000 1.154911 -1.377657 -1.335096
2340000 1.358845 -1.130580 -1.326655
2350000 1.307073 -1.200501 -1.315262
2360000 0.920099 -1.289796 -1.367534
2370000 0.631475 -1.201017 -1.424893
2380000 0.957204 -1.165176 -1.396019
2390000 1.170693 -1.308683 -1.449124
2400000 0.836501 -1.277245 -1.387065
2410000 1.250878 -1.086065 -1.513672
2420000 1.360394 -1.265452 -1.365389
2430000 1.243509 -1.125204 -1.267910
2440000 1.431768 -1.279104 -1.353303
2450000 1.001256 -1.279553 -1.381697
2460000 0.999636 -1.189439 -1.397913
2470000 1.416308 -1.180400 -1.281030
2480000 2.246412 -0.995973 -1.299050
2490000 2.312831 -1.178543 -1.335945
2500000 2.325003 -1.167302 -1.375342
2510000 2.218094 -1.188140 -1.427154
2520000 1.811753 -1.342958 -1.443093
2530000 2.732999 -1.220332 -1.250240
2540000 3.326312 -1.279502 -1.329182
2550000 3.251248 -1.217929 -1.439734
2560000 3.602056 -1.334488 -1.363681
2570000 3.955345 -1.100755 -1.439486
2580000 4.244602 -1.156216 -1.435260
2590000 3.596371 -1.233218 -1.331108
2600000 3.004430 -1.220244 -1.443506
2610000 3.486654 -1.210259 -1.466637
2620000 3.478609 -1.233423 -1.395681
2630000 3.878414 -1.073411 -1.322046
2640000 2.542025 -1.321997 -1.255629
2650000 2.300220 -1.095240 -1.459972
2660000 2.363243 -1.314397 -1.456521
2670000 2.554687 -1.200063 -1.427102
2680000 4.243805 -1.264909 -1.361971
2690000 4.572871 -1.171265 -1.350820
2700000 4.425848 -1.149432 -1.379049
2710000 4.899294 -1.170406 -1.398493
2720000 4.089227 -1.297035 -1.286283
2730000 5.069157 -1.216570 -1.333407
2740000 4.424705 -1.180737 -1.372334
2750000 5.045575 -1.322533 -1.443437
2760000 4.611060 -1.265906 -1.388135
2770000 4.238476 -1.220520 -1.371380
2780000 3.591157 -1.164971 -1.481253
2790000 3.706215 -1.179279 -1.436966
2800000 2.616834 -1.258421 -1.406686
2810000 1.629057 -1.197087 -1.386381
2820000 1.528027 -1.100471 -1.433820
2830000 1.533631 -1.202307 -1.460675
2840000 1.447318 -1.241604 -1.295772
2850000 1.457003 -1.269519 -1.385975
2860000 1.236825 -1.191264 -1.379862
2870000 1.419592 -1.172070 -1.243812
2880000 0.967866 -1.211531 -1.437138
2890000 0.646909 -2.043063 -1.399948
2900000 0.613928 -1.209156 -1.402705
2910000 0.612499 -1.230391 -1.473284
2920000 1.046292 -1.072414 -1.382441
2930000 0.773150 -1.206237 -1.409011
2940000 0.719079 -1.137572 -1.450244
2950000 0.590224 -1.288356 -1.427024
2960000 0.589324 -1.175561 -1.345146
2970000 0.863146 -1.299787 -1.370638
2980000 0.764038 -1.345753 -1.441331
2990000 0.630958 -1.325710 -1.527043
3000000 0.722874 -1.291756 -1.469928
3010000 0.990798 -1.230943 -1.303226
3020000 1.123644 -1.390738 -1.409551
3030000 1.411098 -1.257258 -1.401781
3040000 1.201639 -1.217679 -1.402802
3050000 1.913015 -1.199537 -1.426332
3060000 1.749283 -1.163843 -1.450172
3070000 2.187803 -1.398852 -1.318567
3080000 2.244091 -1.264931 -1.341051
3090000 2.215674 -1.200416 -1.300157
3100000 2.865371 -1.202986 -1.395893
3110000 2.867366 -1.251688 -1.367054
3120000 2.549296 -1.296708 -1.265869
3130000 2.372422 -1.300642 -1.431292
3140000 2.732915 -1.179234 -1.276077
3150000 2.534184 -1.125217 -1.366118
3160000 2.964107 -1.180953 -1.424602
3170000 4.046149 -1.298348 -1.436211
3180000 4.243043 -1.176691 -1.480771
3190000 3.470716 -1.253942 -1.464378
3200000 4.147354 -1.283412 -1.414095
3210000 4.412949 -1.210695 -1.561368
3220000 4.290512 -1.269780 -1.486428
3230000 4.072590 -1.239183 -1.291664
3240000 4.944412 -1.225718 -1.359278
3250000 4.013087 -1.272916 -1.439449
3260000 3.655007 -1.281515 -1.482956
3270000 3.690641 -1.361118 -1.375120
3280000 4.831150 -1.249261 -1.374302
3290000 4.691694 -1.219769 -1.390775
3300000 4.796969 -1.294941 -1.337683
3310000 4.432429 -1.194071 -1.399656
3320000 4.659761 -1.245613 -1.421824
3330000 4.661059 -1.212604 -1.316068
3340000 4.394617 -1.267412 -1.420939
3350000 4.157288 -1.067464 -1.567430
3360000 3.261924 -1.213302 -1.288513
3370000 3.223581 -1.227575 -1.356195
3380000 3.151963 -1.370253 -1.413593
3390000 3.013142 -1.080759 -1.347492
3400000 2.367684 -1.184698 -1.432401
3410000 2.753818 -1.207431 -1.322738
3420000 2.756862 -1.224845 -1.454859
3430000 3.878430 -1.238637 -1.422585
3440000 3.646211 -1.317545 -1.485541
3450000 2.695230 -1.128830 -1.504290
3460000 1.806992 -1.217342 -1.395862
3470000 1.910419 -1.289294 -1.363322
3480000 1.760260 -1.155744 -1.429935
3490000 1.773680 -1.284490 -1.447551
3500000 1.501865 -1.185685 -1.428403
3510000 1.090280 -1.320659 -1.401494
3520000 0.965352 -1.169408 -1.267494
3530000 1.161844 -1.130386 -1.306359
3540000 1.009709 -1.214617 -1.485774
3550000 0.902328 -1.193911 -1.416738
3560000 1.205907 -1.266325 -1.398400
3570000 1.160855 -1.304654 -1.391925
3580000 1.688878 -1.203698 -1.376310
3590000 1.920290 -1.232891 -1.479486
3600000 1.864439 -1.281061 -1.312931
3610000 1.909202 -1.265681 -1.464574
3620000 2.321370 -1.213467 -1.493873
3630000 3.202045 -1.154296 -1.415924
3640000 2.518377 -1.243922 -1.409558
3650000 2.157624 -1.270538 -1.401988
3660000 2.929377 -1.250333 -1.369490
3670000 2.798137 -1.143211 -1.399532
3680000 2.184005 -1.256380 -1.261148
3690000 1.823082 -1.267858 -1.392540
3700000 2.037020 -1.303498 -1.487661
3710000 2.836424 -1.266140 -1.454219
3720000 2.267343 -1.108402 -1.455873
3730000 1.573175 -1.171154 -1.404788
3740000 1.491066 -1.267194 -1.355093
3750000 1.613896 -1.199954 -1.493921
3760000 1.437134 -1.309469 -1.310517
3770000 2.356724 -1.203599 -1.414560
3780000 3.076610 -1.214889 -1.493741
3790000 3.342862 -1.324172 -1.450146
3800000 3.679652 -1.123109 -1.521386
3810000 3.827883 -1.144197 -1.465683
3820000 4.641894 -1.242484 -1.431537
3830000 4.474140 -1.185638 -1.280848
3840000 3.596192 -1.216565 -1.421889
3850000 3.496647 -1.278749 -1.487026
3860000 3.638850 -1.189832 -1.536140
3870000 4.364111 -1.198531 -1.438449
3880000 3.309778 -1.192354 -1.420181
3890000 2.850310 -1.167563 -1.566428
3900000 3.140684 -1.316725 -1.348315
3910000 3.176304 -1.184967 -1.356656
3920000 2.321472 -1.288501 -1.475171
3930000 2.323224 -1.275501 -1.429700
3940000 4.091650 -1.170307 -1.411833
3950000 3.627868 -1.181775 -1.309251
3960000 4.498032 -1.078988 -1.396416
3970000 4.886843 -1.273344 -1.421945
3980000 4.382567 -1.273313 -1.456072
3990000 4.063073 -1.149463 -1.353918
4000000 4.326168 -1.147551 -1.425436
