100000 3.783321 -1.269849 -1.541041
110000 1.783048 -1.239521 -1.539503
120000 1.607062 -1.374336 -1.571826
130000 1.561724 -1.272938 -1.561552
140000 1.566181 -1.199349 -1.524793
150000 1.336788 -1.230097 -1.533698
160000 0.880259 -1.243544 -1.591620
170000 1.531645 -1.330521 -1.651266
180000 2.985953 -1.176214 -1.533716
190000 3.288289 -1.209681 -1.507918
200000 4.202009 -1.163750 -1.622083
210000 3.370957 -1.040287 -1.580348
220000 5.013735 -1.231982 -1.571389
230000 3.189826 -1.225509 -1.672090
240000 3.271322 -1.196973 -1.530648
250000 4.209244 -1.164779 -1.529566
260000 3.867514 -1.263076 -1.527610
270000 2.646037 -1.246926 -1.596436
280000 1.904251 -1.215063 -1.637608
290000 1.984317 -1.169603 -1.580197
300000 3.588575 -1.293671 -1.526856
310000 4.400624 -1.247152 -1.608957
320000 5.029999 -1.133120 -1.519100
330000 3.435707 -1.265066 -1.563513
340000 3.380390 -1.208305 -1.444938
350000 3.833058 -1.037318 -1.544297
360000 4.588963 -1.223694 -1.606230
370000 3.977558 -1.366554 -1.574042
380000 3.359886 -1.205747 -1.603099
390000 2.831037 -1.297846 -1.580040
400000 3.409036 -1.148144 -1.584647
410000 2.087989 -1.283328 -1.531138
420000 2.218255 -1.247067 -1.485541
430000 1.287168 -1.294466 -1.675188
440000 0.889992 -1.256805 -1.604121
450000 0.913465 -1.207943 -1.599777
460000 0.593250 -1.155076 -1.574937
470000 1.336324 -1.205564 -1.564267
480000 1.178818 -1.179153 -1.674651
490000 1.526721 -1.102824 -1.559799
500000 1.412633 -1.253599 -1.518705
510000 1.994129 -1.313028 -1.609999
520000 1.834116 -1.306766 -1.625303
530000 2.290551 -1.178514 -1.587806
540000 3.244225 -1.265895 -1.620751
550000 2.453560 -1.333827 -1.496632
560000 4.108057 -1.320229 -1.578525
570000 4.957668 -1.153070 -1.628997
580000 4.975825 -1.179617 -1.760678
590000 4.803713 -1.228274 -1.441322
600000 4.482270 -1.037829 -1.545861
610000 3.704255 -1.183921 -1.460961
620000 3.330608 -1.164347 -1.573071
630000 3.994606 -1.179179 -1.592676
640000 4.455743 -1.287188 -1.602612
650000 3.985161 -1.279131 -1.631625
660000 3.123389 -1.211761 -1.588206
670000 3.564268 -1.337011 -1.523541
680000 2.440506 -1.290229 -1.567467
690000 2.115991 -1.187989 -1.532173
700000 2.518549 -1.137735 -1.650849
710000 2.681751 -1.173962 -1.484275
720000 1.787845 -1.223975 -1.454102
730000 1.196868 -1.178682 -1.632684
740000 1.257120 -1.221754 -1.544753
750000 0.523486 -1.306017 -1.526911
760000 0.910693 -1.178325 -1.550321
770000 0.797694 -1.188535 -1.489067
780000 1.134454 -1.146891 -1.614477
790000 1.473226 -1.028832 -1.492205
800000 1.207449 -1.264689 -1.599527
810000 1.222648 -1.116716 -1.673710
820000 1.588961 -1.202342 -1.649875
830000 2.073239 -1.251059 -1.528189
840000 2.029303 -1.235285 -1.557371
850000 2.202647 -1.158535 -1.509398
860000 2.831613 -1.033127 -1.578262
870000 2.957903 -1.076106 -1.549719
880000 4.145547 -1.168114 -1.548024
890000 3.320473 -1.169690 -1.613959
900000 4.560712 -1.146093 -1.538230
910000 4.042487 -1.263130 -1.511692
920000 4.560891 -1.328860 -1.529594
930000 3.738541 -1.296953 -1.595916
940000 4.115641 -1.196437 -1.543278
950000 5.124129 -1.195496 -1.583831
960000 4.271683 -1.168455 -1.577530
970000 3.330685 -1.228186 -1.559389
980000 2.978665 -1.214899 -1.467155
990000 3.422438 -1.489227 -1.564250
1000000 3.862631 -1.224036 -1.603413
1010000 2.639322 -1.143199 -1.585477
1020000 2.104934 -1.200107 -1.584144
1030000 2.852768 -1.197112 -1.651902
1040000 3.766492 -1.390353 -1.483177
1050000 2.857852 -1.378272 -1.660077
1060000 2.395118 -1.229228 -1.595306
1070000 2.107908 -1.230675 -1.612555
1080000 2.112169 -1.304074 -1.578040
1090000 2.662844 -1.238145 -1.580979
1100000 2.487234 -1.254531 -1.488461
1110000 3.058024 -1.152792 -1.592304
1120000 3.681583 -1.194582 -1.548677
1130000 4.234910 -1.335300 -1.591432
1140000 3.811615 -1.241380 -1.477089
1150000 3.259807 -1.329551 -1.537283
1160000 3.945017 -1.203143 -1.536244
1170000 4.959505 -1.319891 -1.614582
1180000 4.026921 -1.213701 -1.556369
1190000 4.473126 -1.135102 -1.590198
1200000 4.765172 -1.216817 -1.559819
1210000 4.630876 -1.286553 -1.683669
1220000 4.177600 -1.156208 -1.483201
1230000 4.364091 -1.306880 -1.576517
1240000 5.046361 -1.204302 -1.518458
1250000 4.106303 -1.306611 -1.568863
1260000 3.611835 -1.137722 -1.570541
1270000 4.259105 -1.312439 -1.668717
1280000 4.740329 -1.312022 -1.630986
1290000 3.515322 -1.165728 -1.472660
1300000 2.631308 -1.191872 -1.644357
1310000 2.255809 -1.146054 -1.572667
1320000 1.652285 -1.269757 -1.655320
1330000 1.375427 -1.095923 -1.593435
1340000 1.403297 -1.225025 -1.381369
1350000 1.002461 -1.319267 -1.634564
1360000 0.681732 -1.163092 -1.625834
1370000 0.847896 -1.094941 -1.642542
1380000 1.085233 -1.249249 -1.548730
1390000 1.317683 -1.203912 -1.648661
1400000 1.373230 -1.303415 -1.600579
1410000 1.715020 -1.287143 -1.414090
1420000 2.006740 -1.186432 -1.595229
1430000 2.192605 -1.251511 -1.533198
1440000 2.238345 -1.115410 -1.472512
1450000 1.680104 -1.169334 -1.607708
1460000 1.516099 -1.381301 -1.604198
1470000 1.746523 -1.223727 -1.736193
1480000 1.488613 -1.150931 -1.525498
1490000 1.430601 -1.284223 -1.587898
1500000 1.158091 -1.159287 -1.588424
1510000 1.124513 -1.361190 -1.603976
1520000 1.069937 -1.160429 -1.748274
1530000 0.643232 -1.201833 -1.552154
1540000 1.089567 -1.182706 -1.510688
1550000 0.842675 -1.115173 -1.649265
1560000 1.122468 -1.316565 -1.522367
1570000 1.088332 -1.257059 -1.471308
1580000 0.502362 -1.286981 -1.483196
1590000 0.621797 -1.344587 -1.583857
1600000 0.596228 -1.110268 -1.520378
1610000 0.610260 -1.134662 -1.559132
1620000 0.495144 -1.282775 -1.511443
1630000 0.491689 -1.269075 -1.578090
1640000 0.635779 -1.277079 -1.549003
1650000 0.607470 -1.151327 -1.602361
1660000 0.784101 -1.270391 -1.538486
1670000 0.778121 -1.362016 -1.718076
1680000 1.097436 -1.316704 -1.477491
1690000 1.038047 -1.083681 -1.682453
1700000 2.428785 -1.213797 -1.485962
1710000 2.324313 -1.269227 -1.567133
1720000 2.901317 -1.239439 -1.506239
1730000 3.297011 -1.210885 -1.506506
1740000 2.853295 -1.144355 -1.467938
1750000 2.537403 -1.297283 -1.573284
1760000 2.237142 -1.129932 -1.438000
1770000 2.556532 -1.156903 -1.533859
1780000 2.990437 -1.214298 -1.568052
1790000 2.625145 -1.184749 -1.496430
1800000 3.792522 -1.212973 -1.543901
1810000 3.134401 -1.339959 -1.519517
1820000 3.782325 -1.400035 -1.608405
1830000 3.886480 -1.256697 -1.616875
1840000 4.534932 -1.242960 -1.591983
1850000 4.696772 -1.068065 -1.461151
1860000 5.005526 -1.144968 -1.597317
1870000 4.648720 -1.199558 -1.773295
1880000 4.029750 -1.164955 -1.627333
1890000 4.601518 -1.133022 -1.508709
1900000 3.589416 -1.242348 -1.514494
1910000 4.623513 -1.201017 -1.616210
1920000 5.016572 -1.172157 -1.544862
1930000 4.157375 -1.311185 -1.565479
1940000 3.873894 -1.247114 -1.543217
1950000 3.553703 -1.156804 -1.665102
1960000 3.510828 -1.312084 -1.630489
1970000 3.333476 -1.205886 -1.623558
1980000 3.355911 -1.328309 -1.651563
1990000 3.049049 -1.292622 -1.582772
2000000 3.104052 -1.217862 -1.713831
2010000 3.264737 -1.274377 -1.614032
2020000 4.879907 -1.181765 -1.531470
2030000 4.808517 -1.251274 -1.468960
2040000 4.356236 -1.117725 -1.652099
2050000 4.160117 -1.319387 -1.508114
2060000 3.966075 -1.321000 -1.574330
2070000 3.729876 -1.284430 -1.565920
2080000 4.363244 -1.196116 -1.626377
2090000 3.687809 -1.220723 -1.637066
2100000 2.582683 -1.172603 -1.508266
2110000 2.189062 -1.123510 -1.667043
2120000 2.438259 -1.209475 -1.528160
2130000 1.932088 -1.114271 -1.573451
2140000 1.692991 -1.188167 -1.539953
2150000 2.090384 -1.221399 -1.623641
2160000 1.786164 -1.342067 -1.533974
2170000 1.741085 -1.181783 -1.519957
2180000 1.324853 -1.267758 -1.543475
2190000 1.193010 -1.411156 -1.583891
2200000 1.406951 -1.317517 -1.645829
2210000 1.472475 -1.183889 -1.600816
2220000 1.367379 -1.187155 -1.654708
2230000 1.426141 -1.249014 -1.559706
2240000 1.312671 -1.194165 -1.581817
2250000 2.050458 -1.190640 -1.628850
2260000 1.847867 -1.138491 -1.539075
2270000 2.556429 -1.256336 -1.481488
2280000 2.514430 -1.150952 -1.695409
2290000 2.920677 -1.274732 -1.592773
2300000 2.588282 -1.138914 -1.657576
2310000 2.869234 -1.187056 -1.608858
2320000 3.456457 -1.222817 -1.547985
2330000 3.351213 -1.205214 -1.553225
2340000 4.925122 -1.076753 -1.594787
2350000 4.418959 -1.151023 -1.407541
2360000 3.926427 -1.206013 -1.468665
2370000 4.790863 -1.238005 -1.643546
2380000 3.598983 -1.198725 -1.567238
2390000 4.626076 -1.195848 -1.606844
2400000 4.971434 -1.357659 -1.638599
2410000 4.776850 -1.287706 -1.669888
2420000 4.975089 -1.129910 -1.513406
2430000 4.230824 -1.238350 -1.647348
2440000 4.477482 -1.328438 -1.579897
2450000 4.231824 -1.182153 -1.651265
2460000 4.464024 -1.211773 -1.480361
2470000 5.075005 -1.157677 -1.584813
2480000 2.789392 -1.247256 -1.643954
2490000 3.576622 -1.161066 -1.689312
2500000 2.915833 -1.192002 -1.580223
2510000 2.439205 -1.220546 -1.587411
2520000 2.205978 -1.158736 -1.489288
2530000 2.542570 -1.102979 -1.647999
2540000 2.327411 -1.324273 -1.631526
2550000 1.997466 -1.270110 -1.500567
2560000 1.826624 -1.031731 -1.603499
2570000 1.906288 -1.323347 -1.601263
2580000 1.972964 -1.141660 -1.571272
2590000 2.889964 -1.219713 -1.531868
2600000 3.465450 -1.191792 -1.691323
2610000 2.550311 -1.298150 -1.595717
2620000 4.226564 -1.250322 -1.618668
2630000 3.911485 -1.288155 -1.681065
2640000 4.507515 -1.108930 -1.521284
2650000 4.628990 -1.141819 -1.626898
2660000 3.121848 -1.231835 -1.511225
2670000 2.704781 -1.422840 -1.480802
2680000 2.497958 -1.217963 -1.696884
2690000 2.811387 -1.291391 -1.431576
2700000 3.349723 -1.149832 -1.578337
2710000 3.081730 -1.318385 -1.596614
2720000 2.679730 -1.253051 -1.695638
2730000 2.667910 -1.272865 -1.558736
2740000 2.669153 -1.266943 -1.753544
2750000 1.202836 -1.200751 -1.550852
2760000 0.841957 -1.325140 -1.418822
2770000 0.983621 -1.232073 -1.665867
2780000 0.959241 -1.331295 -1.744857
2790000 1.335224 -1.184758 -1.528395
2800000 1.336094 -1.221780 -1.611269
2810000 1.156634 -1.320632 -1.556512
2820000 1.112263 -1.210724 -1.566660
2830000 0.979827 -1.272731 -1.607317
2840000 0.948685 -1.217378 -1.550766
2850000 1.543214 -1.141227 -1.716815
2860000 1.570501 -1.198196 -1.515758
2870000 1.788193 -1.303243 -1.518714
2880000 1.897231 -1.234807 -1.586298
2890000 2.058882 -1.165103 -1.557267
2900000 1.869332 -1.033735 -1.540535
2910000 1.669296 -1.226549 -1.541745
2920000 1.516659 -1.124106 -1.680404
2930000 1.587728 -1.252167 -1.506985
2940000 1.167237 -1.277173 -1.439984
2950000 1.145472 -1.264725 -1.680168
2960000 0.830746 -1.323478 -1.542632
2970000 0.813497 -1.336118 -1.619430
2980000 0.847850 -1.226188 -1.662736
2990000 0.746173 -1.233471 -1.548862
3000000 0.896344 -1.276604 -1.565142
3010000 0.675495 -1.237072 -1.599439
3020000 0.617934 -1.139159 -1.634194
3030000 0.764027 -1.225810 -1.539281
3040000 0.587271 -1.302432 -1.601338
3050000 1.146600 -1.312726 -1.488408
3060000 1.092813 -1.385033 -1.803350
3070000 0.943185 -1.323031 -1.540424
3080000 1.189194 -1.156924 -1.738441
3090000 1.378268 -1.202173 -1.616485
3100000 1.209750 -1.087711 -1.440746
3110000 1.252296 -1.293272 -1.638747
3120000 1.135294 -1.328228 -1.601997
3130000 1.249946 -1.405566 -1.563369
3140000 1.272352 -1.244100 -1.602752
3150000 1.318994 -1.251410 -1.633760
3160000 1.455666 -1.102814 -1.770424
3170000 1.491281 -1.203776 -1.586621
3180000 1.438065 -1.186389 -1.454476
3190000 1.675970 -1.153261 -1.534494
3200000 1.555990 -1.289302 -1.456699
3210000 1.800179 -1.256502 -1.603219
3220000 2.145826 -1.128006 -1.530848
3230000 2.091168 -1.206391 -1.571410
3240000 2.096406 -1.298664 -1.660650
3250000 2.351906 -1.070720 -1.589594
3260000 3.082844 -1.169179 -1.606318
3270000 3.110814 -1.210650 -1.623602
3280000 4.001935 -1.295130 -1.640612
3290000 4.296593 -1.160197 -1.618051
3300000 4.552449 -1.026039 -1.506511
3310000 4.654165 -1.269837 -1.497184
3320000 3.382636 -1.127992 -1.404928
3330000 3.088126 -1.232289 -1.496939
3340000 3.561243 -1.183582 -1.613253
3350000 3.787388 -1.281121 -1.569567
3360000 3.614829 -1.324802 -1.470147
3370000 3.493789 -1.158946 -1.604082
3380000 3.218389 -1.103383 -1.645108
3390000 2.580328 -1.223094 -1.631373
3400000 3.345514 -1.021795 -1.537674
3410000 3.027938 -1.109896 -1.561807
3420000 2.669196 -1.156026 -1.703469
3430000 2.438173 -1.288718 -1.570549
3440000 2.632803 -1.190795 -1.627225
3450000 2.239793 -1.206921 -1.669274
3460000 2.354875 -1.276577 -1.546724
3470000 2.555546 -1.271505 -1.554162
3480000 2.209488 -1.212800 -1.688695
3490000 2.546159 -1.337762 -1.520464
3500000 2.242687 -1.362224 -1.698049
3510000 1.936926 -1.127335 -1.548148
3520000 2.178387 -1.161776 -1.526896
3530000 2.556626 -1.187696 -1.574056
3540000 1.849768 -1.189033 -1.628055
3550000 1.871189 -1.193897 -1.461674
3560000 1.644065 -1.189321 -1.573040
3570000 1.768376 -1.178612 -1.449879
3580000 1.733538 -1.123073 -1.672882
3590000 1.865911 -1.126501 -1.579625
3600000 1.675365 -1.127728 -1.595035
3610000 1.801809 -1.209502 -1.489337
3620000 2.312697 -1.127325 -1.538832
3630000 1.808239 -1.380032 -1.657260
3640000 2.474862 -1.298409 -1.426163
3650000 4.374804 -1.222699 -1.469686
3660000 4.437706 -1.208560 -1.571794
3670000 4.161509 -1.244313 -1.521164
3680000 4.575129 -1.324690 -1.512847
3690000 4.449253 -1.255057 -1.668693
3700000 3.911181 -1.181651 -1.540995
3710000 4.176867 -1.232343 -1.651196
3720000 4.724176 -1.328556 -1.633107
3730000 4.362296 -1.194149 -1.606903
3740000 4.733914 -1.244120 -1.466587
3750000 3.461811 -1.213918 -1.607132
3760000 3.135618 -1.291134 -1.497293
3770000 3.002241 -1.263518 -1.582071
3780000 3.517541 -1.317498 -1.546393
3790000 4.171878 -1.075563 -1.557629
3800000 4.571542 -1.302493 -1.594998
3810000 3.766210 -1.251802 -1.438592
3820000 3.777116 -1.268714 -1.640884
3830000 3.254591 -1.150782 -1.565344
3840000 3.225764 -1.123485 -1.675676
3850000 4.176978 -1.143214 -1.540375
3860000 4.700414 -1.263063 -1.618296
3870000 5.079175 -1.302697 -1.640371
3880000 4.520205 -1.220039 -1.581259
3890000 4.680521 -1.324745 -1.625244
3900000 4.632528 -1.250539 -1.622491
3910000 4.583907 -1.206317 -1.526287
3920000 4.756140 -1.230162 -1.657451
3930000 4.664696 -1.284387 -1.584899
3940000 4.846239 -1.170679 -1.510627
3950000 4.793357 -1.326355 -1.623416
3960000 4.134319 -1.140816 -1.580150
3970000 4.257010 -1.145751 -1.675516
3980000 3.868386 -1.288693 -1.489933
3990000 3.448904 -1.180843 -1.698733
4000000 3.628619 -1.231703 -1.539141
