100000 0.911775 -1.208476 -2.002602
110000 0.804911 -1.345939 -1.944928
120000 0.713598 -1.266035 -1.984326
130000 0.897011 -1.225197 -1.800636
140000 1.879853 -1.273072 -1.842767
150000 2.396470 -1.223784 -1.885914
160000 2.720709 -1.264924 -1.926910
170000 3.863198 -1.113737 -1.949075
180000 4.008139 -1.426537 -1.816426
190000 3.166652 -1.246145 -1.937892
200000 2.186446 -1.257960 -1.910478
210000 2.644071 -1.105023 -1.859760
220000 3.855585 -1.168333 -1.913502
230000 3.751116 -1.159100 -1.953803
240000 4.518773 -1.191871 -1.853487
250000 3.252282 -1.252022 -1.976585
260000 3.221604 -1.245946 -2.082478
270000 4.188018 -1.201791 -1.896105
280000 4.936595 -1.145331 -2.057754
290000 4.555661 -1.194586 -1.935382
300000 3.773730 -1.183141 -1.912782
310000 3.196604 -1.153572 -1.978297
320000 1.892687 -1.353175 -1.966965
330000 1.643353 -1.147577 -1.965893
340000 1.891107 -1.178367 -1.949999
350000 2.183950 -1.287472 -2.030528
360000 2.996943 -1.250599 -1.988874
370000 1.714343 -1.279720 -1.879903
380000 1.392783 -1.235308 -1.832765
390000 1.053491 -1.121326 -1.972521
400000 0.926624 -1.244242 -1.948908
410000 0.788188 -1.310457 -1.959913
420000 0.668966 -1.201014 -2.001096
430000 1.365404 -1.288216 -1.957148
440000 1.530658 -1.169716 -1.841056
450000 1.884328 -1.208105 -1.879914
460000 2.360645 -1.122316 -1.973746
470000 2.627125 -1.344660 -1.954768
480000 4.085325 -1.146165 -1.817969
490000 4.325244 -1.225636 -1.860876
500000 3.661978 -1.185890 -1.898080
510000 4.627416 -1.116792 -1.939704
520000 4.895616 -1.346161 -1.940246
530000 3.208222 -1.258458 -1.836782
540000 2.623934 -1.187721 -1.959518
550000 3.514242 -1.204343 -1.870661
560000 3.971459 -1.155561 -1.862593
570000 2.734803 -1.104020 -1.835348
580000 2.636693 -1.215341 -1.933550
590000 3.710310 -1.187290 -1.965402
600000 4.485971 -1.187974 -1.859160
610000 4.880771 -1.135997 -1.885935
620000 5.031110 -1.210912 -1.903928
630000 3.769262 -1.286036 -1.864545
640000 4.059096 -1.415970 -1.877554
650000 4.913938 -1.098139 -1.954457
660000 3.033982 -1.347985 -1.966705
670000 2.293404 -1.222620 -1.979940
680000 1.837810 -1.129262 -1.932063
690000 1.699619 -1.281998 -1.894502
700000 2.215515 -1.202280 -1.981789
710000 2.726090 -1.390784 -1.992778
720000 3.018858 -1.209563 -1.861334
730000 3.944471 -1.202558 -1.916312
740000 3.933063 -1.118243 -1.885376
750000 4.787922 -1.185199 -1.997292
760000 4.721871 -1.239142 -1.971514
770000 4.336211 -1.060134 -1.936444
780000 4.096215 -1.153490 -2.004218
790000 2.921253 -1.210076 -1.934480
800000 3.724996 -1.316382 -1.808181
810000 2.613328 -1.208421 -1.862225
820000 1.857882 -1.235852 -1.881542
830000 1.425128 -1.254208 -1.864092
840000 0.735332 -1.424615 -1.948152
850000 0.597319 -1.115140 -1.981083
860000 0.782704 -1.191120 -1.916702
870000 1.109361 -1.237449 -1.884831
880000 0.587269 -1.204952 -2.057449
890000 1.149998 -1.148011 -2.005018
900000 1.311305 -1.300660 -1.859217
910000 1.252902 -1.336871 -1.956781
920000 0.840658 -1.154839 -1.992740
930000 0.875692 -1.147076 -2.099783
940000 1.852189 -1.147894 -2.014179
950000 2.081675 -1.207740 -1.896787
960000 1.556370 -1.296965 -1.892331
970000 1.749377 -1.223495 -1.872303
980000 1.966513 -1.117103 -1.957285
990000 2.572080 -1.236273 -1.976231
1000000 3.207373 -1.234195 -1.835662
1010000 3.495888 -1.149555 -1.857749
1020000 2.263220 -1.113613 -1.901273
1030000 2.927817 -1.194485 -2.076364
1040000 3.996442 -1.107913 -1.895232
1050000 4.968262 -1.267458 -1.844031
1060000 4.759492 -1.204285 -1.928005
1070000 3.891773 -1.157429 -2.003970
1080000 4.403694 -1.194105 -1.968159
1090000 4.485024 -1.215717 -1.955494
1100000 3.561846 -1.287575 -2.052839
1110000 3.243162 -1.253972 -1.913880
1120000 2.917115 -1.140902 -1.886600
1130000 2.249517 -1.248840 -1.840632
1140000 1.853204 -1.190875 -1.854762
1150000 1.535511 -1.232494 -1.874181
1160000 2.582569 -1.263616 -1.927554
1170000 1.828717 -1.290423 -2.010142
1180000 2.104050 -1.217881 -1.843592
1190000 2.635828 -1.218157 -1.869249
1200000 2.692466 -1.165362 -2.040015
1210000 3.582899 -1.143401 -1.922249
1220000 3.396836 -1.184057 -1.945083
1230000 4.698751 -1.198635 -1.878516
1240000 4.472165 -1.351690 -1.871107
1250000 4.320004 -1.268119 -2.031484
1260000 4.913097 -1.181280 -1.931137
1270000 4.543905 -1.133071 -1.990232
1280000 4.204135 -1.228418 -1.938621
1290000 2.907468 -1.309109 -1.977857
1300000 2.107757 -1.426181 -1.884919
1310000 1.358327 -1.240651 -1.947926
1320000 1.181813 -1.278251 -1.914501
1330000 1.288935 -1.271346 -1.924164
1340000 1.136424 -1.361439 -1.975637
1350000 1.460161 -1.110381 -1.980805
1360000 1.366221 -1.260938 -2.025631
1370000 1.507937 -1.263277 -1.920111
1380000 1.895185 -1.209200 -1.906408
1390000 2.090365 -1.109147 -2.003149
1400000 1.736582 -1.285994 -1.848301
1410000 1.708376 -1.176307 -2.046044
1420000 1.566432 -1.213716 -1.872757
1430000 1.356275 -1.292745 -2.015850
1440000 0.527778 -1.287721 -2.076136
1450000 0.716686 -1.215240 -1.919788
1460000 0.727596 -1.201910 -1.983110
1470000 0.569105 -1.240364 -2.124757
1480000 0.909455 -1.260508 -2.042039
1490000 0.991739 -1.236627 -2.073877
1500000 1.069958 -1.249746 -1.818069
1510000 0.498346 -1.386089 -2.074215
1520000 1.101580 -1.221617 -2.079500
1530000 1.498799 -1.292616 -1.881426
1540000 2.300239 -1.140403 -1.942235
1550000 2.478103 -1.040859 -2.052182
1560000 2.184143 -1.156494 -1.953907
1570000 2.761048 -1.291726 -1.739543
1580000 3.315898 -1.271278 -2.032755
1590000 3.977889 -1.218837 -1.970807
1600000 3.696694 -1.190707 -1.947541
1610000 4.622503 -1.234519 -1.995826
1620000 4.605846 -1.240884 -1.908650
1630000 4.368005 -1.212310 -1.853928
1640000 4.309478 -1.091496 -1.842792
1650000 4.708608 -1.203520 -2.068891
1660000 3.551672 -1.082109 -1.927333
1670000 3.624783 -1.129688 -1.950085
1680000 3.054018 -1.364260 -1.763443
1690000 2.941527 -1.112312 -1.859466
1700000 3.358154 -1.145931 -1.896432
1710000 3.737093 -1.175957 -1.813826
1720000 2.667473 -1.289000 -1.897111
1730000 2.471941 -1.284508 -2.063805
1740000 3.303124 -1.102555 -1.997181
1750000 3.740706 -1.210289 -1.824233
1760000 4.428038 -1.200546 -1.931886
1770000 4.335243 -1.179599 -1.870968
1780000 4.455460 -1.267401 -1.912250
1790000 4.845524 -1.124127 -1.888365
1800000 3.414706 -1.110811 -2.054580
1810000 3.234019 -1.286282 -1.877001
1820000 3.309914 -1.187440 -1.876825
1830000 2.248525 -1.210584 -1.881365
1840000 2.761374 -1.269582 -1.985854
1850000 3.218602 -1.209542 -1.851553
1860000 2.442669 -1.271688 -1.791528
1870000 1.892666 -1.194792 -1.924657
1880000 2.333677 -1.286477 -1.863469
1890000 2.516151 -1.213788 -2.020287
1900000 3.425666 -1.270882 -1.944883
1910000 3.258707 -1.229892 -1.842796
1920000 2.675631 -1.209584 -1.951672
1930000 1.965006 -1.301178 -1.956311
1940000 1.747207 -1.125675 -1.819400
1950000 1.823767 -1.181776 -1.946214
1960000 1.717008 -1.326846 -1.845351
1970000 1.468283 -1.272618 -1.918858
1980000 1.053994 -1.215466 -1.859274
1990000 0.940288 -1.190769 -1.998248
2000000 0.964911 -1.221464 -2.013217
2010000 0.968468 -1.174284 -2.009670
2020000 1.156764 -1.114224 -1.909358
2030000 0.696600 -1.240116 -1.927216
2040000 0.738106 -1.205031 -1.913365
2050000 0.963727 -1.076515 -1.896972
2060000 1.356772 -1.189720 -1.868641
2070000 1.165691 -1.304585 -1.921986
2080000 1.020188 -1.329192 -1.992309
2090000 0.977230 -1.190715 -2.011450
2100000 0.989930 -1.226698 -2.038836
2110000 1.567162 -1.221508 -2.038883
2120000 1.757646 -1.181605 -2.054761
2130000 1.979546 -1.275416 -1.922937
2140000 1.963780 -1.136634 -1.877910
2150000 2.420564 -1.132633 -2.031515
2160000 3.470657 -1.480640 -1.993684
2170000 3.796104 -1.249522 -1.847633
2180000 3.906820 -1.160390 -2.014842
2190000 3.718476 -1.167845 -1.801240
2200000 3.658007 -1.323296 -1.958286
2210000 3.734953 -1.143575 -1.849925
2220000 4.343314 -1.333125 -2.053574
2230000 4.923703 -1.165112 -1.890713
2240000 4.015124 -1.269299 -1.954804
2250000 4.510935 -1.185053 -1.938165
2260000 4.034583 -1.188942 -1.847640
2270000 4.623508 -1.230917 -1.811113
2280000 3.931152 -1.163417 -1.854615
2290000 3.674786 -1.248208 -1.956763
2300000 3.480324 -1.291790 -1.906071
2310000 2.877345 -1.280749 -1.901829
2320000 2.607609 -1.210878 -1.826967
2330000 3.168900 -1.287964 -1.817415
2340000 3.354977 -1.172704 -1.848953
2350000 3.112326 -1.228132 -1.967438
2360000 2.300235 -1.341347 -1.885367
2370000 2.087889 -1.165718 -1.868208
2380000 2.638720 -1.251871 -1.922957
2390000 2.106113 -1.266613 -2.055370
2400000 2.047324 -1.234836 -1.930747
2410000 1.877720 -1.143575 -1.930015
2420000 1.573278 -1.208913 -1.966853
2430000 1.550248 -1.276417 -1.910370
2440000 1.304920 -1.255901 -1.988454
2450000 1.823849 -1.147227 -1.974293
2460000 1.848441 -1.206321 -1.754097
2470000 1.998735 -1.170839 -1.937451
2480000 2.545162 -1.207147 -2.049324
2490000 2.855837 -1.267915 -1.890367
2500000 3.274926 -1.244316 -1.951764
2510000 3.440823 -1.241361 -1.988293
2520000 3.764961 -1.242559 -2.001736
2530000 4.360909 -1.139867 -1.987228
2540000 4.319083 -1.161193 -1.921447
2550000 4.765945 -1.292748 -1.924434
2560000 4.911224 -1.276806 -1.997104
2570000 4.395160 -1.262935 -1.922190
2580000 4.856307 -1.233501 -1.796513
2590000 3.764671 -1.246982 -1.789882
2600000 3.683464 -1.303317 -1.849870
2610000 3.278157 -1.199976 -1.836941
2620000 3.272523 -1.271398 -1.803202
2630000 3.352425 -1.189427 -1.982928
2640000 2.592168 -1.244114 -1.848915
2650000 2.468966 -1.195261 -1.949951
2660000 2.447580 -1.222587 -2.044622
2670000 2.269707 -1.327608 -1.803327
2680000 2.632095 -1.256701 -1.925463
2690000 2.753547 -1.117361 -1.861688
2700000 3.398844 -1.093880 -1.935993
2710000 4.133688 -1.244723 -1.934298
2720000 3.948885 -1.348373 -2.009371
2730000 3.488193 -1.103720 -1.951041
2740000 4.552080 -1.246797 -1.877043
2750000 4.674478 -1.130094 -1.963079
2760000 4.810929 -1.166546 -1.880231
2770000 4.381188 -1.188710 -1.850502
2780000 4.714402 -1.282044 -1.866508
2790000 4.722576 -1.221284 -1.934675
2800000 4.446076 -1.297479 -1.985254
2810000 4.420915 -1.104265 -1.832835
2820000 3.421343 -1.281035 -1.842802
2830000 2.520769 -1.304214 -1.911315
2840000 2.320470 -1.145817 -2.025594
2850000 2.530182 -1.220750 -1.907480
2860000 3.122408 -1.224981 -1.921397
2870000 3.935562 -1.306538 -1.859141
2880000 3.188468 -1.232303 -1.790422
2890000 3.120913 -1.106601 -1.944316
2900000 4.436650 -1.191248 -2.000609
2910000 4.056876 -1.153836 -1.973523
2920000 4.635856 -1.097535 -1.927373
2930000 3.583933 -1.031497 -1.960501
2940000 3.927356 -1.187771 -1.909954
2950000 4.397756 -1.196911 -1.913519
2960000 4.489351 -1.316077 -1.875884
2970000 3.841287 -1.288870 -1.980161
2980000 3.074725 -1.307702 -1.895967
2990000 2.767970 -1.279238 -1.804712
3000000 1.930374 -1.244095 -2.011178
3010000 1.586536 -1.128791 -1.971283
3020000 1.898770 -1.191237 -1.961879
3030000 1.435578 -1.278865 -1.890379
3040000 1.388194 -1.247403 -1.883454
3050000 1.270449 -1.273056 -1.781212
3060000 1.633279 -1.257898 -1.957496
3070000 1.779743 -1.239508 -1.780442
3080000 2.097570 -1.270790 -1.827484
3090000 2.188373 -1.271678 -1.855043
3100000 1.900499 -1.334060 -1.878238
3110000 1.511726 -1.221108 -1.862680
3120000 1.825092 -1.183088 -1.927320
3130000 2.140237 -1.255126 -1.929025
3140000 3.114093 -1.258630 -1.993025
3150000 2.451895 -1.194556 -1.903938
3160000 2.393005 -1.293850 -1.872935
3170000 2.661789 -1.229670 -1.859575
3180000 2.226104 -1.274158 -2.019776
3190000 2.555488 -1.181643 -1.900093
3200000 2.895417 -1.103478 -1.976600
3210000 3.078362 -1.245609 -1.966132
3220000 3.178519 -1.119066 -1.971102
3230000 4.450033 -1.197035 -1.808248
3240000 4.073371 -1.253790 -1.877468
3250000 3.767558 -1.279311 -1.918358
3260000 4.689867 -1.187404 -1.979905
3270000 4.563208 -1.204477 -1.863234
3280000 4.942211 -1.154462 -1.984698
3290000 4.695154 -1.080952 -1.897561
3300000 4.735366 -1.239183 -1.995611
3310000 4.876332 -1.345828 -1.937073
3320000 4.680518 -1.226789 -1.976909
3330000 5.064095 -1.116317 -1.875985
3340000 3.958046 -1.226899 -1.939471
3350000 2.982018 -1.251938 -1.868928
3360000 3.445032 -1.208781 -1.913570
3370000 3.053687 -1.293245 -1.878541
3380000 3.852342 -1.131101 -1.884779
3390000 4.039382 -1.133117 -1.962271
3400000 4.415134 -1.275210 -1.967518
3410000 3.217972 -1.243959 -1.906641
3420000 2.602000 -1.133921 -1.817320
3430000 3.284171 -1.332564 -1.873633
3440000 3.393058 -1.203460 -1.811408
3450000 2.851189 -1.220893 -1.993619
3460000 2.074729 -1.331147 -1.965426
3470000 1.643958 -1.217378 -1.857405
3480000 1.202163 -1.227136 -1.986030
3490000 0.867788 -1.264120 -2.013128
3500000 0.503337 -1.269368 -2.086255
3510000 0.741460 -1.278256 -1.952423
3520000 0.502753 -1.145587 -1.802505
3530000 0.598794 -1.230681 -1.937251
3540000 0.499485 -1.248515 -2.059553
3550000 0.782599 -1.263630 -1.843176
3560000 0.804569 -1.250509 -1.906523
3570000 0.738804 -1.177152 -1.949150
3580000 0.883150 -1.211450 -1.855316
3590000 0.683406 -1.064192 -2.012570
3600000 0.918325 -1.235109 -2.034459
3610000 0.956621 -1.290095 -1.869602
3620000 1.103961 -1.341081 -1.846488
3630000 1.144906 -1.196813 -1.959819
3640000 0.720057 -1.288799 -1.943770
3650000 0.621621 -1.161828 -1.962375
3660000 0.973877 -1.363710 -1.962930
3670000 1.159334 -1.171465 -1.898309
3680000 0.998008 -1.218323 -1.789869
3690000 1.278299 -1.135781 -1.897660
3700000 1.285399 -1.163647 -1.897116
3710000 1.200658 -1.104708 -1.907229
3720000 1.175392 -1.203107 -1.968502
3730000 1.346487 -1.285529 -1.975209
3740000 1.739514 -1.249294 -1.965380
3750000 2.891743 -1.264752 -1.857780
3760000 3.755261 -1.254782 -1.887846
3770000 3.980667 -1.265053 -2.084775
3780000 4.505897 -1.283290 -1.892210
3790000 4.451573 -1.250002 -1.867600
3800000 4.200071 -1.352159 -1.938054
3810000 5.075911 -1.118608 -2.059798
3820000 4.644486 -1.144324 -2.047902
3830000 4.625441 -1.279832 -1.949689
3840000 4.817583 -1.113083 -1.846825
3850000 4.214080 -1.061320 -1.910602
3860000 3.275721 -1.276003 -1.883510
3870000 2.822149 -1.262138 -1.965668
3880000 2.410339 -1.314378 -1.854406
3890000 2.203357 -1.183190 -1.990008
3900000 2.233813 -1.163614 -2.065710
3910000 2.147699 -1.061680 -1.926654
3920000 2.395541 -1.206315 -1.948893
3930000 1.940954 -1.135894 -1.904897
3940000 2.787953 -1.298746 -1.804853
3950000 2.857990 -1.361468 -1.912388
3960000 3.459887 -1.171217 -1.859012
3970000 3.602371 -1.275575 -1.952130
3980000 3.571185 -1.226223 -2.028848
3990000 2.653151 -1.074618 -1.942308
4000000 1.657410 -1.168378 -1.931334
