100000 2.027045 2.864290 -0.392299
110000 1.692367 2.777256 -0.555908
120000 1.739449 2.969937 -0.427850
130000 2.840329 2.783974 -0.529899
140000 4.459599 2.722896 -0.421176
150000 4.163307 2.757858 -0.514682
160000 4.297010 2.833028 -0.542278
170000 3.880419 2.793990 -0.588516
180000 4.460254 2.831539 -0.431889
190000 4.477131 2.719510 -0.452786
200000 2.996639 2.735992 -0.471710
210000 3.726558 2.767825 -0.539195
220000 4.577084 2.838209 -0.486861
230000 3.985911 2.692083 -0.498727
240000 4.248440 2.763690 -0.514296
250000 5.035810 2.810452 -0.396223
260000 2.590227 2.748138 -0.543805
270000 2.593998 2.876568 -0.590650
280000 3.190826 2.838785 -0.411302
290000 1.711029 2.670011 -0.382320
300000 1.380284 2.782974 -0.494613
310000 1.178980 2.879299 -0.542886
320000 1.516188 2.877726 -0.560605
330000 1.762725 2.823593 -0.501663
340000 2.010547 2.773454 -0.607227
350000 2.286744 2.887193 -0.524788
360000 2.481275 2.842223 -0.452805
370000 3.620803 2.858505 -0.538900
380000 3.423353 2.732500 -0.672488
390000 3.894225 2.763318 -0.498167
400000 4.765322 2.858804 -0.456611
410000 3.614001 2.795030 -0.590571
420000 2.609816 2.766643 -0.539393
430000 2.373251 2.800674 -0.447195
440000 2.379445 2.861166 -0.584441
450000 3.326437 2.851477 -0.394242
460000 4.552800 2.714863 -0.433823
470000 5.008481 2.805759 -0.411284
480000 3.844404 2.706583 -0.599124
490000 3.748204 2.677564 -0.507603
500000 4.330493 2.731756 -0.476997
510000 2.882645 2.806546 -0.550059
520000 2.360099 2.857135 -0.496390
530000 2.371181 2.680550 -0.525847
540000 2.492582 2.754872 -0.442052
550000 3.009648 2.822220 -0.504478
560000 3.461778 2.694703 -0.547031
570000 3.488132 2.774893 -0.408380
580000 3.153219 2.697059 -0.519020
590000 3.910000 2.862122 -0.607919
600000 3.735562 2.663165 -0.627416
610000 3.449285 2.916621 -0.648155
620000 2.108414 2.889449 -0.463192
630000 1.825249 2.799863 -0.634721
640000 1.851151 2.796106 -0.568579
650000 1.464776 2.801513 -0.559619
660000 2.174225 2.712938 -0.588776
670000 1.957175 2.671439 -0.461225
680000 1.113135 2.726924 -0.551385
690000 1.023922 2.813536 -0.604820
700000 0.809711 2.742186 -0.455514
710000 0.686688 2.728590 -0.635544
720000 0.923029 2.809187 -0.495333
730000 0.925580 2.654249 -0.476419
740000 1.049196 2.779394 -0.465566
750000 0.969187 2.674010 -0.560153
760000 1.217135 2.877550 -0.540098
770000 2.694983 2.707900 -0.461988
780000 2.332252 2.741584 -0.436430
790000 2.512714 2.844766 -0.643126
800000 1.819388 2.791253 -0.496133
810000 1.382428 2.898201 -0.568890
820000 1.649432 2.705715 -0.473937
830000 1.228694 2.633961 -0.495833
840000 1.108154 2.765596 -0.519003
850000 1.482138 2.706211 -0.517944
860000 1.210984 2.781781 -0.576532
870000 1.053539 2.892669 -0.530131
880000 0.770648 2.774278 -0.538094
890000 0.635336 2.889266 -0.390544
900000 0.555249 2.766736 -0.465055
910000 0.998223 2.872584 -0.417933
920000 0.888818 2.721389 -0.466353
930000 1.103596 2.863488 -0.524039
940000 1.045296 2.829222 -0.495490
950000 0.766003 2.880730 -0.524537
960000 1.066826 2.859623 -0.433028
970000 0.688380 2.868780 -0.460081
980000 0.501678 2.705084 -0.569182
990000 0.988670 2.781934 -0.558641
1000000 1.317721 2.858201 -0.527478
1010000 1.627346 2.768079 -0.577012
1020000 1.913542 2.802025 -0.497880
1030000 1.905462 2.860632 -0.533930
1040000 2.806592 2.782351 -0.524761
1050000 4.533038 2.768661 -0.519404
1060000 4.975500 2.799568 -0.549265
1070000 4.301254 2.824244 -0.646033
1080000 4.121703 2.768516 -0.421620
1090000 3.561581 2.812927 -0.456162
1100000 2.897033 2.861761 -0.456972
1110000 2.719788 2.830626 -0.437742
1120000 4.444343 2.816640 -0.648485
1130000 4.986231 2.812700 -0.566761
1140000 3.990155 2.717690 -0.442686
1150000 3.863511 2.830429 -0.490177
1160000 3.082630 2.795017 -0.416520
1170000 3.328144 2.781380 -0.621606
1180000 2.309724 2.832855 -0.554994
1190000 2.595567 2.707769 -0.527195
1200000 2.975700 2.701299 -0.549301
1210000 2.136348 2.807992 -0.395649
1220000 2.773889 2.708316 -0.545804
1230000 4.222953 2.881387 -0.465769
1240000 3.722180 2.772172 -0.606664
1250000 4.372887 2.728144 -0.490115
1260000 4.787933 2.712812 -0.453528
1270000 4.767887 2.785306 -0.449883
1280000 4.708545 2.764999 -0.436606
1290000 3.398434 2.717992 -0.545927
1300000 3.317763 2.839606 -0.600137
1310000 3.781849 2.761902 -0.503619
1320000 4.941130 2.784847 -0.468952
1330000 4.488102 2.880329 -0.469887
1340000 4.981901 2.776350 -0.573928
1350000 3.617030 2.797559 -0.581552
1360000 4.481159 2.729337 -0.538118
1370000 5.016641 2.734409 -0.498794
1380000 4.795208 2.713042 -0.500628
1390000 4.088138 2.800835 -0.491638
1400000 3.921114 2.629918 -0.461198
1410000 3.014707 2.734070 -0.595006
1420000 3.181295 2.934327 -0.510466
1430000 3.545304 2.796993 -0.502258
1440000 3.418407 2.766348 -0.538791
1450000 4.126805 2.735942 -0.484265
1460000 2.441133 2.752996 -0.396179
1470000 2.593163 2.932723 -0.492234
1480000 1.958100 2.804999 -0.492072
1490000 1.845115 2.845512 -0.458671
1500000 2.037968 2.913266 -0.564023
1510000 2.432225 2.845146 -0.464209
1520000 2.613176 2.770105 -0.524051
1530000 2.831144 2.774978 -0.590865
1540000 2.691297 2.798723 -0.565888
1550000 3.911562 2.747182 -0.511008
1560000 3.422679 2.821034 -0.545836
1570000 2.956404 2.703486 -0.559888
1580000 3.022206 2.943937 -0.516369
1590000 3.492748 2.864750 -0.664650
1600000 4.975973 2.766872 -0.485134
1610000 4.834172 2.847374 -0.512509
1620000 4.898641 2.985417 -0.532890
1630000 4.040956 2.761069 -0.538865
1640000 4.181874 2.872749 -0.496915
1650000 4.563383 2.657371 -0.546118
1660000 4.616205 2.773659 -0.510212
1670000 4.792065 2.798557 -0.520896
1680000 4.006088 2.822077 -0.432395
1690000 4.677509 2.859135 -0.571568
1700000 3.818558 2.854235 -0.510839
1710000 4.545978 2.872383 -0.513324
1720000 4.993456 2.891268 -0.477115
1730000 5.035287 2.947370 -0.587202
1740000 4.804781 2.780828 -0.585903
1750000 4.282695 2.763492 -0.614603
1760000 3.446612 2.889246 -0.547229
1770000 3.294347 2.859026 -0.604414
1780000 4.171599 2.780009 -0.507923
1790000 4.763640 2.780699 -0.465048
1800000 5.042245 2.716052 -0.401408
1810000 4.220794 2.744174 -0.532946
1820000 3.982967 2.785355 -0.440448
1830000 3.192274 2.745494 -0.512996
1840000 2.671986 2.670357 -0.466966
1850000 2.353221 2.768858 -0.501977
1860000 2.207799 2.936135 -0.536038
1870000 2.178792 2.814609 -0.479296
1880000 1.624563 2.742093 -0.497487
1890000 1.583519 2.859248 -0.429065
1900000 1.419318 2.716646 -0.402260
1910000 1.839547 2.804297 -0.457597
1920000 2.330431 2.717417 -0.519015
1930000 1.904568 2.794750 -0.523194
1940000 1.976702 2.814650 -0.501245
1950000 2.434345 2.921490 -0.379047
1960000 2.671140 2.687349 -0.404024
1970000 2.433744 2.804682 -0.416764
1980000 2.162212 2.759773 -0.359653
1990000 2.877399 2.702766 -0.450387
2000000 2.994230 2.757265 -0.590838
2010000 3.251738 2.764344 -0.591479
2020000 4.675203 2.834365 -0.533439
2030000 3.475837 2.813970 -0.533932
2040000 3.640325 2.770313 -0.603375
2050000 2.520261 2.806479 -0.499867
2060000 2.968133 2.784228 -0.570282
2070000 3.720190 2.854454 -0.565676
2080000 4.122016 2.763428 -0.642082
2090000 4.002319 2.713961 -0.513042
2100000 2.935521 2.739116 -0.538323
2110000 3.636251 2.671427 -0.611791
2120000 2.891514 2.722276 -0.517175
2130000 4.250217 2.730192 -0.575304
2140000 3.936038 2.710764 -0.441330
2150000 4.748440 2.755209 -0.458785
2160000 4.953321 2.869068 -0.426892
2170000 4.379562 2.701137 -0.538595
2180000 4.506312 2.872656 -0.537780
2190000 4.928069 2.644639 -0.575041
2200000 4.116535 2.804522 -0.505600
2210000 3.163279 2.785747 -0.582750
2220000 3.107399 2.732105 -0.551789
2230000 3.440122 2.776759 -0.595184
2240000 3.088625 2.760168 -0.609971
2250000 2.575651 2.827312 -0.511381
2260000 2.003876 2.864900 -0.629829
2270000 1.614410 2.788883 -0.445189
2280000 1.409667 2.821633 -0.483114
2290000 1.509863 2.728840 -0.422564
2300000 1.235480 2.845673 -0.523874
2310000 1.249633 2.710636 -0.608441
2320000 1.064966 2.768778 -0.543783
2330000 0.913722 2.853075 -0.393475
2340000 0.576232 2.783009 -0.472272
2350000 0.846237 2.857352 -0.527704
2360000 0.826389 2.770625 -0.616343
2370000 0.976985 2.707312 -0.404049
2380000 1.105853 2.835377 -0.420015
2390000 0.900169 2.672108 -0.433409
2400000 1.240729 2.916991 -0.470486
2410000 1.667315 2.722812 -0.508330
2420000 1.421210 2.835196 -0.535572
2430000 0.967606 2.756216 -0.587458
2440000 0.877228 2.758908 -0.683634
2450000 1.115318 2.836686 -0.612520
2460000 0.730730 2.862651 -0.553512
2470000 0.738334 2.878450 -0.687812
2480000 0.850079 2.896598 -0.548097
2490000 0.515877 2.786176 -0.457874
2500000 0.772720 2.654480 -0.436249
2510000 0.816884 2.789918 -0.471929
2520000 0.859742 2.864759 -0.390153
2530000 0.974526 2.855542 -0.543511
2540000 1.693964 2.810257 -0.600352
2550000 1.567890 2.632157 -0.517260
2560000 1.812519 2.877247 -0.597406
2570000 2.132076 2.714368 -0.470034
2580000 1.922365 2.712050 -0.526771
2590000 1.568286 2.816742 -0.428367
2600000 1.210536 2.941446 -0.440006
2610000 1.314373 2.861967 -0.471244
2620000 1.647598 2.653377 -0.542157
2630000 2.265669 2.784917 -0.556159
2640000 2.419617 2.847362 -0.576905
2650000 2.663231 2.751630 -0.656167
2660000 2.828630 2.703059 -0.555130
2670000 2.971171 2.811652 -0.450162
2680000 2.984726 2.743697 -0.542888
2690000 3.214760 2.741976 -0.680704
2700000 3.377521 2.849535 -0.525020
2710000 4.289999 2.774998 -0.468765
2720000 3.840156 2.935225 -0.499711
2730000 4.491357 2.826567 -0.768476
2740000 4.304452 2.835913 -0.534123
2750000 3.569988 2.851087 -0.410432
2760000 4.638552 2.914113 -0.516926
2770000 4.534598 2.728034 -0.525237
2780000 3.712206 2.741042 -0.423891
2790000 4.223263 2.751700 -0.591312
2800000 3.596921 2.642133 -0.530944
2810000 4.285057 2.839148 -0.598937
2820000 4.286453 2.784028 -0.594178
2830000 4.582223 2.656243 -0.558528
2840000 4.163743 2.748490 -0.397394
2850000 4.754539 2.673172 -0.540653
2860000 4.903865 2.741482 -0.466543
2870000 4.385950 2.660805 -0.444562
2880000 3.202627 2.779263 -0.562575
2890000 3.656700 2.842771 -0.447011
2900000 3.519544 2.785847 -0.556619
2910000 4.280916 2.819381 -0.623423
2920000 4.907403 2.842121 -0.597360
2930000 4.018329 2.622347 -0.525401
2940000 2.742670 2.819672 -0.665845
2950000 2.055781 2.808693 -0.415835
2960000 2.060522 2.836017 -0.502947
2970000 2.395037 2.807859 -0.599705
2980000 2.649630 2.753068 -0.532785
2990000 3.104743 2.761387 -0.405507
3000000 2.994717 2.774918 -0.448146
3010000 2.974750 2.669853 -0.394469
3020000 2.939184 2.827119 -0.510359
3030000 2.336405 2.835543 -0.436434
3040000 1.560060 2.684013 -0.470830
3050000 1.560997 2.786607 -0.553366
3060000 1.735093 2.771029 -0.335324
3070000 1.351873 2.750379 -0.434155
3080000 1.193703 2.752537 -0.567929
3090000 1.892485 2.677834 -0.549451
3100000 2.061978 2.693911 -0.470228
3110000 2.253903 2.937401 -0.444316
3120000 2.279881 2.811749 -0.461907
3130000 2.411814 2.770968 -0.555943
3140000 1.970993 2.787548 -0.594795
3150000 2.449276 2.736250 -0.522369
3160000 2.523357 2.728116 -0.464269
3170000 2.712365 2.678351 -0.441066
3180000 3.973446 2.889948 -0.542524
3190000 3.200265 2.709746 -0.569301
3200000 4.301778 2.725438 -0.546406
3210000 4.508811 2.793612 -0.429703
3220000 4.457345 2.788126 -0.529358
3230000 4.725876 2.886929 -0.497614
3240000 3.084716 2.800492 -0.684287
3250000 3.382541 2.699186 -0.566290
3260000 3.896486 2.843529 -0.536115
3270000 4.325812 2.750386 -0.582392
3280000 4.307253 2.794558 -0.620887
3290000 5.031436 2.775325 -0.502055
3300000 4.617666 2.807780 -0.610340
3310000 3.337357 2.705509 -0.509427
3320000 3.326165 2.693987 -0.605532
3330000 3.115949 2.766434 -0.470177
3340000 2.855650 2.898704 -0.481444
3350000 4.312344 2.774316 -0.594107
3360000 4.773057 2.753023 -0.570649
3370000 5.042928 2.707777 -0.446437
3380000 4.506938 2.914393 -0.520317
3390000 4.577816 2.852632 -0.387737
3400000 4.989588 2.734850 -0.486691
3410000 4.454458 2.821459 -0.663633
3420000 4.186963 2.784347 -0.565523
3430000 3.839620 2.912760 -0.418526
3440000 3.816554 2.824021 -0.503452
3450000 3.140727 2.688769 -0.516932
3460000 2.327308 2.778101 -0.358172
3470000 2.704713 2.635584 -0.513519
3480000 2.535017 2.746480 -0.623602
3490000 2.045091 2.874257 -0.506583
3500000 1.647673 2.945992 -0.520356
3510000 2.210956 2.797351 -0.488396
3520000 3.341507 2.817327 -0.403125
3530000 2.705063 2.655095 -0.541926
3540000 3.038251 2.836162 -0.409873
3550000 3.516554 2.784990 -0.476009
3560000 3.352512 2.702804 -0.458724
3570000 3.940303 2.839117 -0.564759
3580000 4.005585 2.714743 -0.636327
3590000 4.003058 2.810350 -0.496471
3600000 2.719383 2.795373 -0.329372
3610000 2.999924 2.670572 -0.624396
3620000 2.936156 2.804277 -0.554126
3630000 2.050234 2.761768 -0.559216
