100000 4.432946 -1.542140 -3.008164
110000 3.744908 -1.349270 -2.989978
120000 3.168220 -1.403859 3.112696
130000 2.834151 -1.370693 3.050356
140000 4.447599 -1.480301 3.060867
150000 2.812988 -1.504305 -3.117986
160000 2.506591 -1.369114 3.100052
170000 1.814387 -1.294670 -3.096733
180000 3.313577 -1.381579 3.061132
190000 3.226363 -1.402535 -3.135691
200000 2.537722 -1.543534 -3.041478
210000 3.767912 -1.474615 3.108068
220000 4.725379 -1.436866 -2.941618
230000 3.391363 -1.549170 -3.110543
240000 3.655911 -1.378928 -3.117023
250000 3.843801 -1.208393 3.096426
260000 4.982615 -1.443700 3.131932
270000 4.048253 -1.276534 -3.106535
280000 2.639889 -1.356429 -3.067335
290000 1.442825 -1.428146 3.138939
300000 1.084497 -1.336915 3.129155
310000 0.665910 -1.303216 3.104692
320000 0.916796 -1.379621 3.116362
330000 1.670326 -1.380411 -3.090564
340000 1.695202 -1.315870 -3.103517
350000 2.049226 -1.388258 -3.080810
360000 2.228642 -1.339659 3.130203
370000 3.007920 -1.344279 3.108421
380000 3.487509 -1.325294 -3.071986
390000 3.747738 -1.323433 3.042690
400000 3.358968 -1.514311 -3.113384
410000 2.488727 -1.371880 3.128381
420000 1.640802 -1.430147 3.073638
430000 1.357365 -1.247262 -3.095468
440000 0.517442 -1.413314 3.121412
450000 0.726708 -1.397198 2.984407
460000 0.868267 -1.355095 3.110532
470000 0.806219 -1.405529 -3.139326
480000 1.389671 -1.444645 -3.050252
490000 1.618984 -1.347999 -3.050589
500000 1.797988 -1.403338 3.130148
510000 2.251847 -1.393907 3.055821
520000 2.564354 -1.380896 -3.139010
530000 4.542307 -1.370030 -3.015228
540000 4.229095 -1.435602 -3.096695
550000 3.853433 -1.472364 -3.089663
560000 3.555588 -1.386339 3.126980
570000 4.385419 -1.345536 3.075666
580000 4.152322 -1.350025 -3.052132
590000 3.593064 -1.436813 -2.951381
600000 2.841742 -1.493849 -3.105900
610000 1.843565 -1.472125 -3.095032
620000 2.390111 -1.281664 3.111244
630000 3.132807 -1.397710 3.101964
640000 3.121553 -1.322312 -3.084126
650000 3.135571 -1.398488 3.107795
660000 4.356161 -1.408116 3.085302
670000 4.974123 -1.420448 3.082745
680000 4.115510 -1.318075 3.072020
690000 2.948159 -1.389710 3.127884
700000 1.812878 -1.358672 -3.068839
710000 1.870169 -1.371994 -3.075249
720000 1.410316 -1.349173 3.132827
730000 0.999267 -1.324106 -3.086004
740000 0.981295 -1.418272 3.107965
750000 0.853030 -1.562598 -3.115653
760000 0.691908 -1.385714 3.030879
770000 0.693194 -1.463403 -3.094784
780000 1.147917 -1.503615 -3.050867
790000 1.031369 -1.407025 3.022493
800000 0.512568 -1.479549 3.081970
810000 0.845172 -1.331476 -3.117419
820000 2.016114 -1.358743 -3.134084
830000 2.490033 -1.365610 3.134003
840000 3.396346 -1.408228 -3.059310
850000 3.806177 -1.381720 -3.090450
860000 5.000924 -1.329648 3.059698
870000 4.670070 -1.434110 -3.119670
880000 3.702307 -1.335833 -3.050075
890000 4.560177 -1.438576 3.130606
900000 4.485764 -1.535030 -3.140150
910000 3.565210 -1.457177 3.089248
920000 2.659165 -1.292338 -3.094306
930000 1.905179 -1.462560 3.071606
940000 1.736737 -1.372721 3.057954
950000 2.245996 -1.398200 -3.079643
960000 2.719068 -1.419955 -3.121165
970000 3.322281 -1.331160 -3.111505
980000 3.311237 -1.470612 -3.117919
990000 2.503195 -1.509943 -3.139725
1000000 2.081171 -1.354607 -3.134337
1010000 3.281982 -1.389889 -3.039509
1020000 3.864175 -1.602150 3.077012
1030000 3.487515 -1.312350 -3.076398
1040000 4.338224 -1.387441 -3.068653
1050000 3.813303 -1.405040 -3.053273
1060000 4.994624 -1.428471 3.136711
1070000 5.065791 -1.499872 3.137042
1080000 4.961789 -1.470273 -3.110942
1090000 5.006571 -1.325362 -3.081958
1100000 4.848834 -1.458299 3.113560
1110000 2.899048 -1.431764 -3.099618
1120000 1.658254 -1.434853 -3.076890
1130000 1.846455 -1.317568 -3.072084
1140000 1.594710 -1.539130 -3.009639
1150000 1.745287 -1.504963 -3.081595
1160000 2.285245 -1.461643 2.921738
1170000 2.534824 -1.415621 -3.131669
1180000 2.451931 -1.334898 2.982364
1190000 3.748305 -1.257576 3.137481
1200000 3.852414 -1.474087 3.100459
1210000 4.029422 -1.358813 3.119494
1220000 3.401483 -1.351055 -3.125375
1230000 3.755795 -1.544467 3.135512
1240000 3.148490 -1.368608 3.054914
1250000 2.598988 -1.453183 3.135166
1260000 3.305763 -1.410112 -3.077530
1270000 2.690622 -1.436990 -3.036019
1280000 2.465250 -1.353330 -3.139172
1290000 3.339421 -1.370782 2.957630
1300000 4.246930 -1.364855 -3.086768
1310000 4.843018 -1.356982 -3.021542
1320000 4.797213 -1.401847 3.018580
1330000 4.160059 -1.354597 -3.013473
1340000 3.991583 -1.385898 -3.064470
1350000 4.688518 -1.435994 3.093301
1360000 4.120152 -1.437749 -3.094271
1370000 3.105789 -1.387670 3.105896
1380000 4.020371 -1.359745 3.095674
1390000 3.522599 -1.421054 -3.031608
1400000 4.042159 -1.453704 2.988999
1410000 4.657122 -1.439516 -3.079938
1420000 5.057291 -1.375687 -3.111824
1430000 5.009336 -1.475258 3.069944
1440000 3.182253 -1.414431 3.136162
1450000 3.153983 -1.251048 -2.972863
1460000 2.681121 -1.347990 3.136651
1470000 2.059506 -1.518757 -3.105310
1480000 2.128297 -1.324895 3.124004
1490000 1.681339 -1.356016 3.060124
1500000 1.485523 -1.413514 3.080268
1510000 1.297940 -1.369017 -3.005558
1520000 1.251555 -1.251425 2.956580
1530000 1.173351 -1.372307 -3.108838
1540000 1.127737 -1.310926 3.033444
1550000 1.065300 -1.387388 2.989063
1560000 0.695598 -1.435779 2.995179
1570000 0.874201 -1.395948 3.090928
1580000 0.837113 -1.414577 3.116629
1590000 1.089718 -1.382719 2.977348
1600000 1.404732 -1.438412 3.083817
1610000 2.049828 -1.321264 3.006939
1620000 2.238295 -1.395842 3.092814
1630000 2.352983 -1.456639 3.136755
1640000 2.364130 -1.536230 3.125123
1650000 1.510133 -1.483695 -3.123404
1660000 1.680279 -1.336237 -3.006720
1670000 1.843477 -1.494191 3.075846
1680000 2.187896 -1.378757 -3.137140
1690000 3.031856 -1.505298 -3.133995
1700000 2.888085 -1.439333 3.100097
1710000 3.964427 -1.312216 3.105116
1720000 4.819628 -1.453752 -3.087041
1730000 4.989396 -1.324705 3.112053
1740000 5.022825 -1.371372 3.119782
1750000 4.657547 -1.416659 -3.104334
1760000 4.617902 -1.487580 -3.110598
1770000 3.923263 -1.321495 3.068446
1780000 3.963980 -1.469456 -3.134063
1790000 4.380688 -1.406085 -3.079969
1800000 3.494734 -1.360179 -3.116329
1810000 2.568726 -1.308614 -3.098743
1820000 2.780179 -1.382035 3.092135
1830000 2.461921 -1.354831 3.122639
1840000 2.268066 -1.351855 -3.135840
1850000 2.519446 -1.384750 3.112611
1860000 4.020657 -1.372035 -3.119633
1870000 4.584621 -1.337674 -3.107847
1880000 3.462087 -1.413613 3.126391
1890000 3.025052 -1.412000 -3.135077
1900000 4.576953 -1.398879 3.037789
1910000 4.962173 -1.440935 -3.097214
1920000 3.873250 -1.366677 3.140836
1930000 4.238806 -1.477876 3.101160
1940000 4.372748 -1.484698 3.088329
1950000 3.285236 -1.524300 3.113655
1960000 2.977745 -1.583078 3.093962
1970000 3.895708 -1.345056 3.119039
1980000 4.891530 -1.335793 -2.993441
1990000 4.603046 -1.247780 -3.134801
2000000 3.831434 -1.287563 3.138517
2010000 3.770467 -1.221047 -3.136844
2020000 4.871266 -1.379836 -3.076494
2030000 3.373359 -1.340702 -3.078372
2040000 3.242989 -1.477759 3.035682
2050000 2.238537 -1.508496 -3.062027
2060000 3.400610 -1.436844 -3.088212
2070000 2.957232 -1.434685 -3.077093
2080000 2.780848 -1.465440 -3.108619
2090000 3.538385 -1.437659 -3.110237
2100000 3.880829 -1.197879 3.080676
2110000 2.695240 -1.363397 3.126166
2120000 1.758274 -1.454313 3.129668
2130000 1.360066 -1.322470 2.997061
2140000 1.285647 -1.426667 -3.097188
2150000 1.825899 -1.407821 -3.106248
2160000 1.572087 -1.189244 -3.093781
2170000 1.864683 -1.339098 -3.107877
2180000 2.710632 -1.464558 3.051174
2190000 2.597116 -1.457631 3.038468
2200000 2.611526 -1.282252 -3.093719
2210000 1.825628 -1.480346 3.008002
2220000 2.380010 -1.374346 -3.106469
2230000 1.410925 -1.409767 3.125581
2240000 0.921287 -1.443964 3.122970
2250000 1.304663 -1.423668 3.062445
2260000 1.301423 -1.455667 3.111250
2270000 1.118623 -1.309112 3.132893
2280000 1.053004 -1.544707 -3.003499
2290000 0.936034 -1.316176 3.141539
2300000 0.947053 -1.349518 3.119493
2310000 0.652765 -1.308545 2.986259
2320000 0.643204 -1.266567 3.012588
2330000 0.650042 -1.486894 3.053625
2340000 0.844675 -1.433886 -3.098964
2350000 0.883042 -1.441493 2.990389
2360000 0.992096 -1.491972 -3.118192
2370000 1.439098 -1.384058 3.136621
2380000 1.847431 -1.314845 3.102592
2390000 1.316657 -1.352412 -3.069607
2400000 1.373787 -1.451451 -2.930728
2410000 1.751464 -1.413917 -3.026365
2420000 1.904402 -1.431736 -3.067616
2430000 1.724373 -1.442732 -3.071755
2440000 2.213145 -1.328293 3.126573
2450000 2.211851 -1.314842 -3.065483
2460000 2.533881 -1.418871 3.127305
2470000 2.145078 -1.388137 -3.098351
2480000 2.956426 -1.232455 3.122134
2490000 3.482638 -1.473040 3.015459
2500000 3.749065 -1.494518 3.037957
2510000 3.837573 -1.274958 -3.096527
2520000 4.395312 -1.400372 3.068795
2530000 4.513750 -1.429782 3.140174
2540000 4.824233 -1.485357 -3.066546
2550000 4.575105 -1.265981 -3.107956
2560000 4.497893 -1.394009 -3.121973
2570000 3.412521 -1.276739 3.039419
2580000 3.749661 -1.370198 -2.935122
2590000 4.191009 -1.511020 3.094356
2600000 3.975178 -1.423737 -3.077112
2610000 3.640012 -1.442405 -3.138752
2620000 2.963020 -1.261321 3.122326
2630000 3.878699 -1.462341 2.992752
2640000 4.643849 -1.437125 3.103050
2650000 4.155525 -1.268412 3.092445
2660000 4.267945 -1.373158 3.105758
2670000 4.863943 -1.295992 3.132768
2680000 4.920921 -1.317353 -3.080862
2690000 4.504133 -1.466636 3.090951
2700000 4.558788 -1.419346 -3.041297
2710000 5.047486 -1.352695 -3.098393
2720000 4.654484 -1.337024 -3.095847
2730000 3.222144 -1.380518 -2.958545
2740000 3.457766 -1.233386 -2.959414
2750000 3.838613 -1.407434 3.127810
2760000 3.238109 -1.400793 3.127736
2770000 2.449518 -1.365299 3.050761
2780000 2.698951 -1.394905 3.118501
2790000 2.538072 -1.402500 3.120171
2800000 2.517560 -1.447482 -3.112253
2810000 3.805977 -1.415592 3.074112
2820000 3.773528 -1.457299 3.085568
2830000 3.391564 -1.395429 -3.086205
2840000 2.924851 -1.396412 -2.968177
2850000 2.157700 -1.494115 3.119483
2860000 1.930173 -1.352716 -3.009397
2870000 1.691614 -1.324575 -2.956829
2880000 1.751510 -1.451831 3.049743
2890000 1.661167 -1.388509 3.061938
2900000 1.464817 -1.397036 3.067208
2910000 1.100990 -1.426259 3.137983
2920000 1.357000 -1.309197 3.065231
2930000 1.531305 -1.360590 -3.055235
2940000 1.624233 -1.451412 3.131217
2950000 1.754233 -1.419323 -3.119777
2960000 1.813430 -1.505566 -3.098608
2970000 2.125370 -1.320334 -3.113478
2980000 2.147891 -1.416797 3.094470
2990000 2.251628 -1.416083 -3.113595
3000000 2.002958 -1.406344 3.126888
3010000 2.019069 -1.491547 -3.112748
3020000 1.792230 -1.440166 3.102424
3030000 0.957210 -1.432742 -3.136043
3040000 1.089443 -1.318598 3.124096
3050000 0.922857 -1.369867 3.125119
3060000 0.496754 -1.405779 3.103851
3070000 0.490477 -1.422085 3.140520
3080000 0.499421 -1.387668 3.000138
3090000 0.501111 -1.482049 3.100467
3100000 0.610343 -1.224564 3.125771
3110000 0.614417 -1.361900 -3.139121
3120000 0.586584 -1.327937 -3.064694
3130000 0.859756 -1.408779 -3.071792
3140000 0.821064 -1.254454 3.048244
3150000 0.786337 -1.411960 -3.038135
3160000 0.884830 -1.450349 3.139121
3170000 0.735066 -1.347078 -2.999152
3180000 0.900042 -1.489319 3.130975
3190000 0.985593 -1.336582 -2.937466
3200000 0.584860 -1.267079 3.040374
3210000 0.754729 -1.342544 -3.051541
3220000 0.501599 -1.388461 3.017712
3230000 0.578352 -1.424841 3.136770
3240000 0.500734 -1.498513 3.015942
3250000 1.279934 -1.324471 -3.125382
3260000 1.299011 -1.341424 3.079546
3270000 1.144986 -1.466024 2.980920
3280000 1.359605 -1.388166 -3.107489
3290000 1.103626 -1.315586 3.046344
3300000 0.982514 -1.388492 -2.962525
3310000 0.954335 -1.286821 3.120660
3320000 0.874580 -1.431358 -3.047894
3330000 0.895969 -1.497862 3.046325
3340000 1.114215 -1.400082 3.028795
3350000 1.358543 -1.322256 3.125954
3360000 1.502018 -1.431676 3.109803
3370000 1.164208 -1.391366 -3.101113
3380000 1.333632 -1.207270 -3.073434
3390000 1.484012 -1.283188 3.094292
3400000 1.622324 -1.398551 -3.093750
3410000 1.962798 -1.322321 3.050011
3420000 1.996421 -1.419147 3.069122
3430000 1.986124 -1.406679 -3.072788
3440000 2.509339 -1.452737 3.139598
3450000 3.130217 -1.472184 3.084751
3460000 2.529788 -1.256193 3.084852
3470000 3.382171 -1.462168 -3.107808
3480000 3.400133 -1.320571 3.140101
3490000 3.306236 -1.377725 3.071966
3500000 3.143823 -1.420059 3.095178
3510000 2.741933 -1.404412 -2.970799
3520000 2.239409 -1.379285 -3.096232
3530000 3.381989 -1.554235 -3.110334
3540000 4.179116 -1.436973 2.978909
3550000 3.793336 -1.419643 -3.084238
3560000 4.197548 -1.370744 3.058313
3570000 4.170051 -1.444782 3.055140
3580000 4.873378 -1.415885 3.095378
3590000 4.841816 -1.426729 3.101498
3600000 4.547839 -1.318881 -3.140638
3610000 4.175508 -1.382305 -3.088675
3620000 3.218801 -1.344144 3.022790
3630000 2.825618 -1.417273 -2.989884
3640000 3.794628 -1.432068 3.090663
3650000 4.892902 -1.349831 -3.125647
3660000 4.485457 -1.371769 3.084666
3670000 5.006225 -1.388381 3.136793
3680000 4.682534 -1.351859 -3.036885
3690000 4.347313 -1.332464 3.129405
3700000 5.042993 -1.422887 3.044353
3710000 3.390642 -1.314105 3.105135
3720000 4.403505 -1.438124 3.129889
3730000 3.431454 -1.393590 3.069945
3740000 3.339420 -1.343130 -3.014764
3750000 3.368494 -1.462051 3.064620
3760000 4.483578 -1.393413 -3.062088
3770000 4.454708 -1.407442 3.060966
3780000 4.461961 -1.372414 -3.125182
3790000 4.377083 -1.369794 3.107965
3800000 4.259581 -1.430719 -3.104276
3810000 3.589833 -1.353002 3.040291
3820000 2.919883 -1.320609 3.066201
3830000 2.274425 -1.458127 -3.120120
3840000 2.505057 -1.343472 -3.137385
3850000 2.204681 -1.413908 2.968235
3860000 1.904399 -1.388176 3.076334
3870000 1.535633 -1.534435 -3.059153
3880000 1.985942 -1.414474 -3.040629
3890000 2.271621 -1.259640 3.133885
3900000 2.246976 -1.322386 -3.066041
3910000 2.159159 -1.589565 3.075135
3920000 2.376824 -1.269750 -2.969764
3930000 2.464201 -1.413067 3.133585
3940000 3.490402 -1.258076 3.061148
3950000 2.935244 -1.410093 -3.066717
3960000 3.527558 -1.469876 -3.083619
3970000 2.978557 -1.424897 -3.135716
3980000 2.443220 -1.393674 3.129483
3990000 2.118430 -1.410817 3.039429
4000000 2.103642 -1.473041 -3.060720
