100000 4.360276 -1.436901 2.982238
110000 4.379264 -1.405936 2.888548
120000 3.668876 -1.438045 2.910563
130000 3.033704 -1.330184 2.869055
140000 1.687170 -1.449598 2.925438
150000 1.605845 -1.390903 2.971648
160000 2.322549 -1.380598 2.938613
170000 2.302586 -1.514447 2.861049
180000 0.890043 -1.484137 3.059764
190000 0.933939 -1.281986 2.912466
200000 1.395377 -1.381582 2.975810
210000 0.705217 -1.369599 2.918663
220000 0.719648 -1.460433 3.031568
230000 1.482436 -1.423305 2.971999
240000 1.532843 -1.353633 2.900287
250000 2.138201 -1.380481 3.074907
260000 3.172040 -1.382622 2.994532
270000 3.001919 -1.353948 2.958421
280000 4.464654 -1.483270 3.018836
290000 4.379397 -1.444848 2.916486
300000 3.766040 -1.430362 2.891761
310000 2.390154 -1.348496 3.021893
320000 2.864788 -1.365302 2.962461
330000 3.803751 -1.442100 2.971369
340000 3.884575 -1.325775 3.019801
350000 2.561546 -1.297438 3.059360
360000 2.277284 -1.463143 2.923986
370000 2.975276 -1.474107 2.889223
380000 2.087324 -1.338216 3.036661
390000 1.738000 -1.454592 2.970155
400000 2.176777 -1.442343 2.831791
410000 2.259108 -1.385302 3.052552
420000 3.978496 -1.375493 2.924515
430000 3.174260 -1.293263 3.052024
440000 3.265575 -1.457706 3.072890
450000 4.389514 -1.385913 2.859623
460000 4.794289 -1.367272 2.824514
470000 5.100168 -1.443851 2.828191
480000 4.341428 -1.365412 2.834419
490000 4.759585 -1.429720 2.846684
500000 4.321365 -1.400112 3.028870
510000 3.729121 -1.353964 3.085391
520000 2.621862 -1.411787 3.016356
530000 3.153901 -1.449552 2.854562
540000 2.080764 -1.604209 2.908716
550000 1.156185 -1.451647 2.852050
560000 0.922660 -1.448113 3.054877
570000 1.029738 -1.287618 3.015331
580000 0.985136 -1.358930 3.021733
590000 0.792540 -1.468680 3.050260
600000 0.734029 -1.379505 2.868425
610000 0.854539 -1.300015 3.030574
620000 0.874225 -1.298318 3.025798
630000 1.563582 -1.374066 2.991906
640000 1.870883 -1.396028 2.950908
650000 1.676078 -1.345970 2.983914
660000 2.290996 -1.361287 2.914335
670000 3.719977 -1.437276 2.998849
680000 3.500843 -1.378959 2.948976
690000 3.231835 -1.374575 2.967193
700000 2.906869 -1.490939 2.852109
710000 2.877899 -1.506543 2.920787
720000 3.485730 -1.386063 2.972490
730000 4.447696 -1.365149 3.032267
740000 4.192695 -1.415591 2.973929
750000 4.813345 -1.401664 2.973028
760000 3.600712 -1.408726 2.912622
770000 2.607235 -1.329728 3.006498
780000 2.353129 -1.494534 2.989319
790000 1.818436 -1.560156 3.023468
800000 1.430927 -1.366439 2.897937
810000 2.137345 -1.304880 3.014223
820000 2.072658 -1.332668 3.032688
830000 2.740145 -1.347820 3.059524
840000 3.129569 -1.307636 2.909775
850000 3.895943 -1.459997 2.959206
860000 3.772628 -1.353413 3.044086
870000 3.685062 -1.317038 2.885632
880000 4.270769 -1.377108 2.890970
890000 5.026660 -1.407333 2.937646
900000 3.756805 -1.479758 2.997942
910000 3.093786 -1.384665 2.988890
920000 2.826953 -1.442536 2.981103
930000 2.372308 -1.281615 2.969957
940000 1.980719 -1.455933 2.976757
950000 2.707296 -1.542761 2.971094
960000 1.414022 -1.437554 2.965757
970000 1.196216 -1.393055 3.052997
980000 1.096129 -1.478754 3.028912
990000 1.007231 -1.470533 2.955043
1000000 1.038982 -1.426660 2.950305
1010000 0.498306 -1.483330 2.977145
1020000 1.328426 -1.292098 3.007955
1030000 1.529256 -1.382634 2.872977
1040000 1.232796 -1.373404 2.999307
1050000 1.064636 -1.457575 2.886963
1060000 1.059088 -1.439302 2.944650
1070000 1.667986 -1.302001 2.920093
1080000 1.908291 -1.464766 2.992391
1090000 2.329032 -1.356908 2.801094
1100000 2.993166 -1.444620 2.981646
1110000 4.478998 -1.366022 2.959359
1120000 4.476103 -1.324754 3.043160
1130000 4.742574 -1.283827 2.937496
1140000 3.646828 -1.336245 3.083478
1150000 3.743234 -1.351307 2.933075
1160000 3.148590 -1.368706 3.009692
1170000 3.312215 -1.412107 3.016818
1180000 2.947218 -1.431266 2.913784
1190000 2.741489 -1.410004 3.039044
1200000 2.178332 -1.358804 2.881811
1210000 1.796106 -1.480529 2.931127
1220000 2.199951 -1.377153 2.966375
1230000 1.741300 -1.338766 3.106893
1240000 1.421293 -1.293569 3.091170
1250000 1.543298 -1.323154 3.025660
1260000 1.616154 -1.423543 2.929626
1270000 1.017166 -1.392905 2.934133
1280000 0.869843 -1.493541 2.979089
1290000 0.699097 -1.402554 2.797407
1300000 0.790885 -1.395504 2.956658
1310000 0.811381 -1.397285 2.969695
1320000 1.365685 -1.346991 3.010366
1330000 1.008120 -1.349998 2.990930
1340000 0.808174 -1.511569 2.894001
1350000 0.712119 -1.390191 3.034488
1360000 0.640490 -1.471661 3.053026
1370000 0.605688 -1.386712 2.896566
1380000 0.589070 -1.454234 3.009485
1390000 0.854428 -1.372477 3.058121
1400000 1.211834 -1.303452 3.026502
1410000 1.058255 -1.251935 2.960609
1420000 1.432054 -1.270933 3.022519
1430000 1.179717 -1.351746 2.903363
1440000 1.292786 -1.292144 2.901187
1450000 1.686745 -1.411806 3.039855
1460000 1.645510 -1.237491 3.056949
1470000 1.941182 -1.485995 2.965681
1480000 2.307930 -1.344420 3.022805
1490000 2.921724 -1.286914 2.893598
1500000 3.449183 -1.448392 2.924794
1510000 4.637570 -1.448009 2.891248
1520000 4.414978 -1.529104 2.971560
1530000 4.483451 -1.412500 3.018080
1540000 3.997213 -1.383159 2.802081
1550000 4.830572 -1.445940 2.988113
1560000 4.883852 -1.274680 2.935141
1570000 4.157927 -1.343847 3.001554
1580000 3.644556 -1.372162 3.078250
1590000 4.025848 -1.395349 2.991816
1600000 4.463205 -1.425698 2.944828
1610000 5.038138 -1.347044 3.051892
1620000 4.506213 -1.470741 2.944529
1630000 3.649004 -1.322288 3.132493
1640000 4.368350 -1.398104 2.817055
1650000 4.882765 -1.396991 2.898414
1660000 4.853395 -1.367051 2.873562
1670000 3.409869 -1.281626 2.960173
1680000 2.892810 -1.478445 2.946147
1690000 2.318192 -1.472324 3.048496
1700000 2.124721 -1.361794 2.957586
1710000 2.521438 -1.313947 3.024487
1720000 3.298594 -1.369626 2.996457
1730000 4.965472 -1.458843 2.926474
1740000 3.032907 -1.357173 2.913060
1750000 3.221629 -1.417043 3.047160
1760000 4.415850 -1.417818 2.987928
1770000 3.664458 -1.218740 3.020614
1780000 3.203852 -1.389650 2.924113
1790000 2.554552 -1.402056 3.024198
1800000 1.908625 -1.449126 2.925505
1810000 1.897660 -1.427364 2.920974
1820000 1.789237 -1.377459 2.925679
1830000 1.747039 -1.449638 2.914056
1840000 2.614582 -1.346330 2.975071
1850000 3.098281 -1.405969 2.996125
1860000 2.806307 -1.469207 2.922627
1870000 3.965203 -1.377473 3.116084
1880000 4.778440 -1.359311 2.801128
1890000 4.620683 -1.208519 2.869022
1900000 4.611661 -1.569747 2.963468
1910000 4.004026 -1.445709 2.923561
1920000 3.778838 -1.475635 2.984397
1930000 4.108239 -1.357166 2.914629
1940000 4.024621 -1.267910 3.013399
1950000 4.832210 -1.301280 2.941501
1960000 4.573517 -1.296777 2.986346
1970000 3.591427 -1.502917 2.866509
1980000 3.476473 -1.442926 2.987845
1990000 2.678035 -1.427537 2.933567
2000000 2.693988 -1.330082 3.024707
2010000 2.858431 -1.318874 2.929050
2020000 3.457107 -1.444253 2.985481
2030000 3.453015 -1.335493 2.943164
2040000 3.867234 -1.219294 2.829480
2050000 4.581250 -1.402477 2.973827
2060000 4.889110 -1.420364 2.942049
2070000 3.253568 -1.329860 2.964832
2080000 4.091950 -1.581586 2.975295
2090000 4.707649 -1.370532 2.909149
2100000 3.664718 -1.334510 2.947525
2110000 2.355988 -1.387186 3.018666
2120000 1.418116 -1.555877 2.969655
2130000 1.452303 -1.431765 2.824663
2140000 1.565307 -1.442209 2.975220
2150000 2.238381 -1.413480 2.954061
2160000 2.364956 -1.352864 3.027817
2170000 2.168991 -1.509967 3.006998
2180000 2.695370 -1.478981 3.074840
2190000 3.805072 -1.483268 2.935660
2200000 4.437916 -1.436200 2.864390
2210000 3.210455 -1.351833 3.033718
2220000 3.848937 -1.392045 2.942399
2230000 4.266975 -1.392681 3.059639
2240000 4.874060 -1.583288 2.891380
2250000 3.396123 -1.400345 2.921294
2260000 2.555613 -1.426691 2.947608
2270000 2.535216 -1.264361 3.000828
2280000 2.129250 -1.415658 2.728299
2290000 1.754316 -1.467690 3.012052
2300000 1.830000 -1.282375 3.033238
2310000 1.399713 -1.363666 3.025902
2320000 0.683123 -1.339685 2.970820
2330000 0.629288 -1.350522 2.903392
2340000 0.664690 -1.454523 3.055838
2350000 0.756297 -1.397003 3.035744
2360000 0.900412 -1.444732 2.901202
2370000 0.504780 -1.445242 2.980105
2380000 0.843738 -1.447591 2.979822
2390000 1.095386 -1.446859 3.080525
2400000 1.202406 -1.303949 3.050017
2410000 1.274611 -1.454195 2.908638
2420000 0.999672 -1.307725 3.043016
2430000 0.813733 -1.368503 2.925571
2440000 0.768053 -1.433843 3.110670
2450000 0.915091 -1.334731 2.959217
2460000 0.769235 -1.309623 2.925599
2470000 0.501224 -1.441796 2.989783
2480000 0.499828 -1.454892 3.039225
2490000 0.581723 -1.320932 3.021927
2500000 0.745233 -1.300046 3.066053
2510000 0.708414 -1.417917 2.866603
2520000 0.505855 -1.274152 2.911087
2530000 0.634804 -1.391739 2.992159
2540000 0.498717 -1.413050 2.999002
2550000 0.780350 -1.462251 2.956601
2560000 0.825950 -1.526104 3.006743
2570000 1.385878 -1.385194 2.917996
2580000 1.538427 -1.272167 2.961682
2590000 1.898673 -1.351344 2.925218
2600000 2.548706 -1.451120 -3.038771
2610000 2.361750 -1.432577 2.967173
2620000 2.973745 -1.476257 2.913104
2630000 3.315461 -1.366960 2.836265
2640000 4.194899 -1.283581 2.947452
2650000 3.732697 -1.383302 2.842382
2660000 4.535391 -1.440794 2.980859
2670000 3.463022 -1.416917 3.085837
2680000 3.599358 -1.578004 3.033026
2690000 4.521019 -1.340037 2.978107
2700000 4.629097 -1.380705 3.116560
2710000 4.253920 -1.396896 2.941156
2720000 4.349069 -1.374155 3.003227
2730000 4.626593 -1.431636 3.105171
2740000 4.952476 -1.427070 3.000812
2750000 4.316874 -1.414123 2.941005
2760000 4.021977 -1.516028 2.944479
2770000 2.425524 -1.355660 2.915744
2780000 2.866534 -1.409451 3.068003
2790000 2.261664 -1.324340 2.965927
2800000 2.260083 -1.266936 3.048912
2810000 2.369426 -1.521230 2.911582
2820000 2.150408 -1.321518 2.993479
2830000 2.065628 -1.449304 2.948513
2840000 1.843555 -1.389939 3.070043
2850000 1.322097 -1.383701 3.092406
2860000 1.382029 -1.392429 2.928979
2870000 1.576888 -1.504652 2.970173
2880000 3.069100 -1.460148 3.044527
2890000 3.215466 -1.421301 2.969634
2900000 3.806653 -1.327049 2.881803
2910000 3.998661 -1.430836 2.967397
2920000 4.283594 -1.447460 2.957794
2930000 4.727750 -1.445731 3.049118
2940000 3.410083 -1.369228 2.971049
2950000 2.614324 -1.274881 2.936358
2960000 2.785870 -1.449634 3.027321
2970000 2.987590 -1.413780 2.946255
2980000 3.391399 -1.471328 2.960781
2990000 5.044344 -1.475881 3.079280
3000000 5.033152 -1.423074 2.973003
3010000 4.266755 -1.436205 2.975109
3020000 2.879262 -1.524492 3.055395
3030000 2.551568 -1.251760 2.907731
3040000 2.254758 -1.364327 2.921463
3050000 2.334654 -1.452328 3.004272
3060000 2.680984 -1.483317 2.913947
3070000 2.798350 -1.315986 3.057501
3080000 4.526953 -1.441768 2.913120
3090000 4.129396 -1.202581 3.000835
3100000 3.205426 -1.480388 2.960639
3110000 3.287668 -1.484243 3.098938
3120000 2.720263 -1.416379 2.849388
3130000 2.763629 -1.328823 3.012857
3140000 3.477108 -1.463885 2.954712
3150000 4.765189 -1.474823 2.931015
3160000 4.958355 -1.344262 2.863048
3170000 4.023095 -1.355331 2.981363
3180000 4.846868 -1.470510 2.807994
3190000 3.899226 -1.405149 2.951617
3200000 4.312887 -1.445188 2.896595
3210000 4.388286 -1.384368 2.913806
3220000 3.534057 -1.269779 2.895463
3230000 2.342485 -1.423947 2.943857
3240000 1.787406 -1.505576 3.022155
3250000 1.607559 -1.390902 2.941557
3260000 1.759651 -1.324802 2.917933
3270000 2.096315 -1.406632 2.955376
3280000 1.814898 -1.342182 2.993565
3290000 1.664003 -1.385876 2.948463
3300000 2.280443 -1.423605 2.908408
3310000 3.373927 -1.367561 3.080799
3320000 2.605961 -1.440831 2.996092
3330000 2.320723 -1.438950 2.888031
3340000 2.479872 -1.327561 3.012088
3350000 2.695119 -1.423242 2.880901
3360000 3.092305 -1.345659 2.936977
3370000 3.548914 -1.302627 2.867348
3380000 3.774581 -1.336178 2.933828
3390000 4.164861 -1.343670 2.867446
3400000 4.267404 -1.361232 3.018976
3410000 4.646228 -1.398369 2.945748
3420000 5.048879 -1.331044 2.909009
3430000 4.540200 -1.445416 2.873780
3440000 5.035481 -1.396096 2.951608
3450000 4.586812 -1.378419 3.101854
3460000 4.109512 -1.286311 2.896432
3470000 4.566513 -1.377654 3.017587
3480000 3.703806 -1.411536 2.752890
3490000 3.073742 -1.376341 3.009493
3500000 3.645298 -1.449444 2.941554
3510000 3.774050 -1.286058 2.851634
3520000 4.224465 -1.294649 3.000928
3530000 3.189045 -1.378228 3.003007
3540000 3.604118 -1.395286 2.851704
3550000 4.265255 -1.392287 2.868030
3560000 4.680379 -1.399335 2.946051
3570000 4.735470 -1.364336 2.947118
3580000 3.447390 -1.405253 2.965463
3590000 4.422684 -1.440602 2.940279
3600000 4.471997 -1.360568 3.009713
3610000 3.915432 -1.321644 3.032248
3620000 2.867274 -1.472969 3.023203
3630000 2.213174 -1.324310 3.017018
3640000 2.714740 -1.287403 2.910162
3650000 2.403123 -1.437868 2.899467
3660000 2.264110 -1.416614 2.834417
3670000 2.535483 -1.342677 2.861812
3680000 2.416091 -1.425936 2.996715
3690000 1.870049 -1.482509 2.936233
3700000 1.191529 -1.432528 3.046382
3710000 1.249833 -1.316909 3.074742
3720000 1.206451 -1.368396 3.055147
3730000 1.222962 -1.464056 2.929966
3740000 1.345607 -1.369530 2.974417
3750000 1.453655 -1.434554 2.923874
3760000 1.043191 -1.380131 2.950953
3770000 1.011379 -1.426888 2.970019
3780000 1.128894 -1.375546 2.906880
3790000 1.479164 -1.477970 3.057708
3800000 1.333532 -1.409600 2.898844
3810000 0.883119 -1.440492 2.951899
3820000 0.847212 -1.442000 2.930702
3830000 0.903091 -1.365854 2.881541
3840000 0.971291 -1.347998 2.958327
3850000 0.999937 -1.547771 2.946418
3860000 1.044905 -1.275448 2.892751
3870000 1.485902 -1.268074 3.017608
3880000 1.503547 -1.412771 2.951405
3890000 1.650727 -1.503376 2.849623
3900000 1.303570 -1.324072 3.027855
3910000 1.531373 -1.320969 2.970366
3920000 1.395881 -1.341988 2.902131
3930000 1.893325 -1.644696 2.857748
3940000 1.753485 -1.378047 2.948289
3950000 1.897943 -1.377161 3.013350
3960000 1.883286 -1.458210 3.079204
3970000 1.826971 -1.474219 2.878155
3980000 2.571311 -1.228062 2.909994
3990000 2.669182 -1.433914 2.971396
4000000 2.497274 -1.501574 2.917760
