100000 2.168091 -1.441832 2.656741
110000 2.569636 -1.433999 2.664373
120000 4.126325 -1.319114 2.654552
130000 4.296031 -1.489072 2.530836
140000 3.618908 -1.481827 2.382440
150000 2.855824 -1.413138 2.545342
160000 4.993937 -1.341931 2.683552
170000 3.466614 -1.423164 2.605743
180000 4.849558 -1.569276 2.613609
190000 3.279218 -1.438693 2.628921
200000 3.423571 -1.396332 2.630127
210000 2.626608 -1.414931 2.611864
220000 1.649786 -1.476821 2.580945
230000 1.466877 -1.382225 2.734300
240000 0.647158 -1.404115 2.690597
250000 0.746227 -1.390332 2.688607
260000 0.672841 -1.558418 2.662774
270000 1.465742 -1.372100 2.682640
280000 1.564804 -1.396457 2.613097
290000 2.749728 -1.466088 2.601950
300000 3.362097 -1.401520 2.509422
310000 4.222067 -1.363499 2.530129
320000 4.758979 -1.353016 2.572234
330000 4.845335 -1.449600 2.570870
340000 4.697170 -1.416151 2.635021
350000 4.295507 -1.403599 2.582357
360000 3.706795 -1.352881 2.587476
370000 3.293562 -1.387019 2.687620
380000 2.887912 -1.518627 2.569668
390000 2.372964 -1.399402 2.649754
400000 2.794388 -1.444932 2.630419
410000 3.280534 -1.419595 2.664429
420000 4.051834 -1.401383 2.589236
430000 4.114808 -1.450939 2.700782
440000 3.762214 -1.396106 2.503513
450000 4.330447 -1.364046 2.551184
460000 3.919313 -1.415781 2.618365
470000 2.449951 -1.343749 2.685694
480000 1.559307 -1.350248 2.692694
490000 1.212081 -1.380354 2.656989
500000 1.181860 -1.257500 2.668500
510000 1.029294 -1.546240 2.570202
520000 2.176401 -1.333403 2.666946
530000 0.912535 -1.364903 2.627555
540000 1.727224 -1.261721 2.600657
550000 2.401996 -1.473894 2.527899
560000 3.407833 -1.347459 2.508112
570000 3.076816 -1.390974 2.672806
580000 2.792126 -1.343984 2.602714
590000 4.393617 -1.354402 2.630207
600000 2.230534 -1.410093 2.507660
610000 1.923271 -1.483362 2.680933
620000 2.006895 -1.459913 2.597878
630000 2.568189 -1.467480 2.590200
640000 3.365664 -1.451528 2.683823
650000 4.202806 -1.385330 2.488446
660000 3.936133 -1.511197 2.651757
670000 5.030501 -1.362575 2.614074
680000 5.016357 -1.337706 2.642209
690000 4.642761 -1.367569 2.625436
700000 4.535396 -1.345580 2.661008
710000 4.059746 -1.430973 2.528048
720000 3.178567 -1.352153 2.750403
730000 2.550136 -1.380600 2.651625
740000 1.530283 -1.383925 2.688234
750000 1.637531 -1.431432 2.505254
760000 1.363445 -1.388821 2.625054
770000 0.869211 -1.432885 2.689115
780000 0.744692 -1.408269 2.526329
790000 0.558417 -1.358175 2.612505
800000 0.864901 -1.452371 2.571082
810000 0.973827 -1.459397 2.630025
820000 1.173385 -1.439688 2.592099
830000 1.418753 -1.488579 2.528653
840000 1.789234 -1.403038 2.619921
850000 1.820366 -1.451578 2.600811
860000 2.041067 -1.367307 2.619108
870000 2.313247 -1.378091 2.657715
880000 2.873840 -1.435769 2.608742
890000 3.342244 -1.435189 2.580807
900000 3.818414 -1.450346 2.649926
910000 4.415061 -1.534329 2.607408
920000 3.555743 -1.504424 2.750974
930000 3.061707 -1.485788 2.509636
940000 4.046551 -1.491413 2.535992
950000 4.273469 -1.360827 2.575800
960000 3.800771 -1.428812 2.612904
970000 2.647008 -1.489544 2.615544
980000 2.697632 -1.359879 2.661994
990000 2.470213 -1.480607 2.622363
1000000 3.143419 -1.290120 2.599033
1010000 4.052723 -1.419195 2.726889
1020000 4.409828 -1.431399 2.701172
1030000 4.349671 -1.394212 2.659699
1040000 3.313694 -1.331454 2.608935
1050000 3.185266 -1.356910 2.707987
1060000 2.103588 -1.445008 2.548427
1070000 1.926126 -1.395631 2.708486
1080000 2.641608 -1.359653 2.636687
1090000 4.366210 -1.483598 2.676014
1100000 4.089115 -1.505565 2.593745
1110000 3.631369 -1.533417 2.492385
1120000 4.255650 -1.361658 2.675693
1130000 4.447253 -1.398916 2.756207
1140000 4.140005 -1.512379 2.631735
1150000 4.234148 -1.462967 2.557185
1160000 3.786795 -1.364077 2.572334
1170000 2.801916 -1.302499 2.663318
1180000 2.689125 -1.511628 2.716598
1190000 2.569128 -1.227564 2.554348
1200000 3.568027 -1.317787 2.620054
1210000 3.426618 -1.383589 2.453297
1220000 3.295114 -1.384119 2.606394
1230000 2.740612 -1.440453 2.607071
1240000 2.746828 -1.307826 2.653041
1250000 1.617230 -1.322250 2.650469
1260000 1.586788 -1.362986 2.601017
1270000 1.992997 -1.463952 2.679912
1280000 2.220120 -1.331792 2.635989
1290000 1.626429 -1.389993 2.461628
1300000 1.898197 -1.369808 2.530813
1310000 1.338933 -1.458886 2.580750
1320000 1.473257 -1.410943 2.604005
1330000 1.578763 -1.406325 2.584121
1340000 1.936690 -1.467321 2.572368
1350000 2.069039 -1.399841 2.720124
1360000 2.350685 -1.342460 2.552570
1370000 2.465671 -1.494394 2.712973
1380000 3.010853 -1.323069 2.696227
1390000 3.137083 -1.404223 2.713878
1400000 3.756072 -1.395547 2.532994
1410000 3.567565 -1.381006 2.682541
1420000 3.879862 -1.396053 2.537528
1430000 4.591683 -1.412917 2.674846
1440000 4.771679 -1.426591 2.574764
1450000 4.258995 -1.469782 2.479596
1460000 3.685972 -1.371991 2.638891
1470000 4.676876 -1.320239 2.703919
1480000 4.381220 -1.367147 2.594320
1490000 4.084768 -1.419757 2.655078
1500000 3.654961 -1.258785 2.736018
1510000 3.378832 -1.449455 2.489200
1520000 3.002476 -1.447281 2.530337
1530000 3.533157 -1.457035 2.784787
1540000 3.679967 -1.445282 2.542708
1550000 4.122394 -1.406108 2.470504
1560000 3.920159 -1.365657 2.627192
1570000 3.397865 -1.296880 2.790687
1580000 2.665899 -1.361888 2.600835
1590000 2.352184 -1.338433 2.609993
1600000 1.993385 -1.303312 2.594787
1610000 1.329653 -1.480363 2.713640
1620000 0.888348 -1.487248 2.739694
1630000 0.644115 -1.493331 2.632715
1640000 1.015305 -1.336884 2.562396
1650000 0.611674 -1.349797 2.659152
1660000 1.159176 -1.326570 2.743951
1670000 0.963214 -1.469047 2.658561
1680000 0.505283 -1.370772 2.707462
1690000 0.800734 -1.382359 2.504410
1700000 0.690879 -1.377987 2.591987
1710000 0.681065 -1.537972 2.696181
1720000 1.164892 -1.364430 2.694101
1730000 1.170823 -1.431592 2.630505
1740000 1.199300 -1.385370 2.714264
1750000 1.063248 -1.381692 2.655685
1760000 1.523236 -1.353497 2.616612
1770000 1.409387 -1.402563 2.577911
1780000 1.676052 -1.323943 2.700966
1790000 1.948524 -1.256383 2.635900
1800000 2.401705 -1.416860 2.602115
1810000 2.545188 -1.387779 2.582823
1820000 2.538160 -1.510230 2.570019
1830000 2.599351 -1.287114 2.686508
1840000 2.414426 -1.448046 2.522173
1850000 3.480621 -1.383505 2.542073
1860000 3.258558 -1.369068 2.670282
1870000 4.062499 -1.345706 2.559653
1880000 4.823189 -1.424934 2.717328
1890000 4.787406 -1.431650 2.644661
1900000 4.849102 -1.493784 2.535028
1910000 4.640957 -1.412994 2.631560
1920000 4.589464 -1.460949 2.532191
1930000 4.215627 -1.381536 2.662075
1940000 3.738858 -1.393687 2.631837
1950000 3.567218 -1.437097 2.653743
1960000 3.952841 -1.381557 2.708398
1970000 3.423606 -1.356217 2.694671
1980000 3.325653 -1.385819 2.613437
1990000 3.412396 -1.334778 2.556015
2000000 3.347645 -1.336076 2.734725
2010000 2.393717 -1.493166 2.631325
2020000 2.274095 -1.408058 2.769969
2030000 1.607219 -1.488177 2.649772
2040000 2.336648 -1.424922 2.653980
2050000 2.574833 -1.405084 2.547754
2060000 3.140566 -1.389173 2.638665
2070000 3.467878 -1.408073 2.664406
2080000 4.773540 -1.508359 2.694044
2090000 4.665397 -1.403184 2.519764
2100000 4.373335 -1.296693 2.673193
2110000 4.525094 -1.292604 2.528372
2120000 4.069122 -1.355431 2.518933
2130000 3.615274 -1.417456 2.688457
2140000 3.610575 -1.325650 2.569327
2150000 3.252835 -1.462669 2.601689
2160000 2.571835 -1.291467 2.615679
2170000 2.227495 -1.309758 2.570028
2180000 2.868331 -1.437085 2.502048
2190000 3.123787 -1.398614 2.674506
2200000 4.019419 -1.289239 2.652988
2210000 3.659190 -1.382280 2.538122
2220000 4.606391 -1.426207 2.602823
2230000 4.742750 -1.397334 2.565051
2240000 5.125969 -1.396453 2.509176
2250000 3.908790 -1.284001 2.653677
2260000 4.264562 -1.429639 2.658123
2270000 5.025413 -1.460076 2.630423
2280000 4.438475 -1.431901 2.500510
2290000 4.432437 -1.321111 2.497723
2300000 4.995990 -1.319409 2.682555
2310000 4.966423 -1.393219 2.599299
2320000 4.796031 -1.345539 2.543760
2330000 4.089379 -1.558756 2.557575
2340000 4.874349 -1.300742 2.575814
2350000 4.184544 -1.562722 2.686100
2360000 3.562460 -1.385021 2.622113
2370000 3.200888 -1.383704 2.547392
2380000 3.828578 -1.324131 2.608659
2390000 2.557414 -1.405947 2.553087
2400000 3.048193 -1.389845 2.590698
2410000 2.512078 -1.462004 2.488035
2420000 1.972182 -1.418237 2.568718
2430000 1.697383 -1.405327 2.603404
2440000 1.460124 -1.648405 2.764768
2450000 1.459910 -1.381382 2.523298
2460000 1.624669 -1.231870 2.591832
2470000 1.157129 -1.385093 2.727317
2480000 1.062592 -1.397721 2.579599
2490000 0.911104 -1.386763 2.641288
2500000 0.727114 -1.342242 2.663327
2510000 1.072833 -1.473040 2.659524
2520000 1.221468 -1.322628 2.617636
2530000 0.708446 -1.464495 2.562052
2540000 0.778286 -1.445243 2.660458
2550000 0.635861 -1.471930 2.481608
2560000 1.116142 -1.291012 2.652846
2570000 1.130716 -1.292421 2.678881
2580000 1.008053 -1.463339 2.649984
2590000 1.122509 -1.341507 2.695936
2600000 1.106427 -1.381657 2.591100
2610000 1.418253 -1.516815 2.654489
2620000 1.389070 -1.378131 2.690839
2630000 1.568767 -1.321185 2.570820
2640000 1.641604 -1.311048 2.493692
2650000 1.870667 -1.423944 2.620861
2660000 1.952793 -1.367394 2.537445
2670000 2.373190 -1.484887 2.605928
2680000 2.366002 -1.310640 2.596325
2690000 2.186755 -1.452028 2.790444
2700000 1.827657 -1.436553 2.567268
2710000 2.326241 -1.394598 2.567657
2720000 2.859423 -1.514393 2.463295
2730000 2.527597 -1.457514 2.574115
2740000 2.277588 -1.437979 2.549434
2750000 2.990073 -1.322688 2.487419
2760000 3.539193 -1.377705 2.601057
2770000 4.146421 -1.382947 2.570392
2780000 4.455898 -1.268162 2.641906
2790000 4.529099 -1.485487 2.539777
2800000 4.757509 -1.366715 2.651642
2810000 4.482333 -1.320094 2.495361
2820000 3.678995 -1.417779 2.588965
2830000 3.700804 -1.464815 2.666962
2840000 2.648013 -1.267507 2.759357
2850000 3.619699 -1.380229 2.535213
2860000 4.204403 -1.282514 2.631206
2870000 4.963672 -1.474138 2.611223
2880000 4.748320 -1.377116 2.565291
2890000 4.580140 -1.441000 2.586893
2900000 3.415919 -1.350291 2.574272
2910000 3.503447 -1.359675 2.591921
2920000 2.335892 -1.271526 2.620454
2930000 2.469593 -1.450238 2.602003
2940000 2.790804 -1.376879 2.674974
2950000 1.763313 -1.450034 2.635634
2960000 1.676371 -1.447650 2.672833
2970000 1.988749 -1.317796 2.614170
2980000 1.493022 -1.444027 2.508021
2990000 1.962789 -1.187006 2.719337
3000000 1.411180 -1.358225 2.669621
3010000 1.202021 -1.250646 2.571792
3020000 0.868763 -1.450824 2.718025
3030000 0.921226 -1.407291 2.739508
3040000 1.040491 -1.426441 2.633895
3050000 1.139300 -1.362982 2.606196
3060000 0.571209 -1.425338 2.712346
3070000 0.590113 -1.409799 2.725215
3080000 0.714794 -1.467209 2.656179
3090000 0.749022 -1.405799 2.593499
3100000 0.861551 -1.414174 2.648131
3110000 1.611325 -1.396926 2.690619
3120000 1.389093 -1.307979 2.673152
3130000 1.509553 -1.497736 2.712812
3140000 1.802757 -1.330405 2.640137
3150000 2.169198 -1.512939 2.608145
3160000 2.079869 -1.364786 2.510312
3170000 2.911431 -1.393801 2.625018
3180000 2.885162 -1.412168 2.712037
3190000 3.097993 -1.447715 2.654417
3200000 3.996514 -1.319635 2.610146
3210000 3.567886 -1.477681 2.713979
3220000 4.201879 -1.264506 2.670410
3230000 4.643859 -1.453194 2.645532
3240000 4.064128 -1.514635 2.636283
3250000 3.924677 -1.399899 2.604713
3260000 4.322329 -1.357577 2.636731
3270000 4.213235 -1.524809 2.531771
3280000 4.130930 -1.472222 2.664236
3290000 4.521860 -1.368253 2.652318
3300000 3.873403 -1.460385 2.684598
3310000 2.979849 -1.353742 2.592881
3320000 2.570541 -1.509777 2.596201
3330000 3.451032 -1.421663 2.584263
3340000 3.255719 -1.305490 2.648304
3350000 3.910501 -1.358005 2.663407
3360000 3.650239 -1.465848 2.783419
3370000 3.565700 -1.341557 2.599847
3380000 3.875456 -1.284694 2.373443
3390000 4.780556 -1.577241 2.721745
3400000 4.237589 -1.276158 2.661789
3410000 4.329354 -1.400247 2.809572
3420000 4.041472 -1.483804 2.444571
3430000 4.443461 -1.414204 2.645201
3440000 4.051244 -1.408189 2.550116
3450000 3.508962 -1.376569 2.572179
3460000 3.468525 -1.416645 2.591873
3470000 3.618110 -1.454373 2.633460
3480000 2.627000 -1.333436 2.700165
3490000 2.484840 -1.476415 2.694891
3500000 2.697197 -1.226929 2.720394
3510000 2.597229 -1.359871 2.727349
3520000 2.492712 -1.309194 2.545409
3530000 3.107931 -1.375549 2.565530
3540000 3.388366 -1.435154 2.598511
3550000 4.515219 -1.489732 2.607630
3560000 4.193196 -1.390857 2.541430
3570000 4.570328 -1.387761 2.494621
3580000 4.797129 -1.506995 2.599354
3590000 4.661009 -1.398749 2.635620
3600000 4.993167 -1.361064 2.717785
3610000 4.541501 -1.492277 2.608222
3620000 4.391348 -1.421288 2.486033
3630000 4.097462 -1.530012 2.561044
3640000 4.224809 -1.398189 2.641865
3650000 3.168012 -1.455738 2.497620
3660000 3.315422 -1.544076 2.715402
3670000 1.949700 -1.372648 2.528843
3680000 1.818231 -1.298935 2.614242
3690000 1.563072 -1.493968 2.562257
3700000 1.554259 -1.500369 2.555966
3710000 1.871678 -1.551205 2.550991
3720000 2.156931 -1.345966 2.563206
3730000 1.963847 -1.474595 2.642736
3740000 1.447088 -1.415820 2.522587
3750000 1.152804 -1.405654 2.575317
3760000 1.036105 -1.437396 2.577179
3770000 1.110182 -1.388836 2.527146
3780000 0.819385 -1.398087 2.696862
3790000 0.621089 -1.570490 2.624935
3800000 1.181448 -1.441828 2.637100
3810000 1.508870 -1.454916 2.602692
3820000 1.431195 -1.471374 2.576960
3830000 1.580813 -1.394168 2.618312
3840000 1.573703 -1.422752 2.608298
3850000 1.826046 -1.409981 2.636139
3860000 1.271679 -1.372665 2.691248
3870000 1.363802 -1.337439 2.704668
3880000 1.364621 -1.376415 2.679295
3890000 1.275310 -1.459060 2.756395
3900000 1.087285 -1.430117 2.576448
3910000 1.009186 -1.390619 2.640147
3920000 1.257420 -1.281066 2.484960
3930000 1.385736 -1.439966 2.634957
3940000 1.291606 -1.357018 2.556917
3950000 1.403545 -1.446906 2.531933
3960000 1.290373 -1.319443 2.621679
3970000 2.554482 -1.395426 2.551818
3980000 2.537139 -1.303236 2.727113
3990000 2.448347 -1.506342 2.597571
4000000 2.355142 -1.333555 2.609096
