100000 1.410463 -1.442902 1.829324
110000 1.048241 -1.493886 1.798374
120000 0.802815 -1.415647 1.918199
130000 1.491246 -1.418974 1.892546
140000 1.579609 -1.564377 2.053069
150000 1.838752 -1.364162 1.843236
160000 2.725215 -1.404232 1.881465
170000 3.935290 -1.330704 1.819336
180000 3.785497 -1.375529 1.957935
190000 3.232202 -1.332188 2.008413
200000 2.200372 -1.353945 1.812901
210000 1.785991 -1.364790 2.037950
220000 1.885393 -1.489686 1.983297
230000 2.915238 -1.376670 1.762752
240000 2.044648 -1.417749 2.071286
250000 1.285286 -1.480645 1.924472
260000 1.112814 -1.369464 2.016281
270000 1.245440 -1.476238 1.818937
280000 0.904915 -1.533706 1.956459
290000 1.121631 -1.455614 2.003410
300000 1.803762 -1.320712 1.928491
310000 1.899474 -1.428861 1.869714
320000 1.430060 -1.421182 1.866841
330000 0.613816 -1.645025 1.965582
340000 0.626554 -1.357945 2.078633
350000 0.894644 -1.315037 1.790829
360000 1.022634 -1.304467 1.923707
370000 1.583886 -1.402258 1.935462
380000 2.844141 -1.289128 1.985956
390000 3.929792 -1.457713 1.902518
400000 4.288243 -1.356403 1.979839
410000 3.993831 -1.398160 1.924900
420000 3.384024 -1.569548 1.881969
430000 2.613116 -1.246826 1.705769
440000 3.878175 -1.334246 2.012238
450000 3.279375 -1.330816 2.025978
460000 3.535939 -1.365799 1.786490
470000 4.399342 -1.330883 2.038265
480000 4.493952 -1.494258 1.990956
490000 3.175742 -1.451078 1.848696
500000 3.774931 -1.481949 1.911388
510000 3.299323 -1.511688 1.896710
520000 4.993495 -1.432505 2.019506
530000 4.973315 -1.392142 1.957526
540000 4.894591 -1.359182 1.765347
550000 4.410286 -1.548401 1.954281
560000 4.842893 -1.400676 1.939642
570000 2.506747 -1.455495 1.931230
580000 2.222670 -1.424822 1.962611
590000 3.178688 -1.250957 1.868617
600000 3.856335 -1.251777 1.957796
610000 3.124530 -1.454919 2.068760
620000 4.185244 -1.357603 1.853924
630000 4.209264 -1.584647 1.913582
640000 3.458083 -1.309779 1.963788
650000 2.128877 -1.467551 1.847184
660000 1.926448 -1.349186 1.914238
670000 1.648943 -1.415981 1.977367
680000 2.499311 -1.428093 1.907386
690000 1.876211 -1.352368 2.024545
700000 2.525474 -1.376437 1.960700
710000 3.226722 -1.304674 1.963680
720000 3.646049 -1.342874 2.009237
730000 2.523838 -1.543195 1.963385
740000 3.256931 -1.387796 1.910160
750000 4.158625 -1.363769 2.064998
760000 4.591771 -1.383893 1.934796
770000 4.388122 -1.304844 1.961363
780000 4.360780 -1.439371 1.930657
790000 4.620737 -1.397152 1.888278
800000 3.641208 -1.360255 1.836083
810000 3.874104 -1.243302 1.908193
820000 3.378631 -1.396462 1.908282
830000 2.348469 -1.450180 1.928034
840000 2.749467 -1.431959 1.841616
850000 1.681510 -1.506872 1.857083
860000 1.270406 -1.417679 2.075168
870000 1.232206 -1.447228 2.009505
880000 1.110631 -1.345809 2.016593
890000 0.915017 -1.408689 1.934604
900000 1.268116 -1.452600 1.944834
910000 1.004569 -1.408872 2.095750
920000 0.720373 -1.385656 2.020111
930000 0.927656 -1.322853 1.909348
940000 0.754303 -1.357272 2.060456
950000 0.924605 -1.417061 1.878902
960000 1.179466 -1.307688 1.907361
970000 1.216705 -1.387163 2.002207
980000 0.849875 -1.461897 2.015186
990000 1.686871 -1.247681 1.985422
1000000 1.784862 -1.274350 1.966561
1010000 2.029719 -1.357969 1.995743
1020000 2.216960 -1.308701 1.995649
1030000 2.707049 -1.356205 1.983544
1040000 2.685683 -1.435852 1.912524
1050000 2.906815 -1.399766 1.870552
1060000 2.579503 -1.343290 1.935701
1070000 3.492587 -1.320399 1.923807
1080000 4.818461 -1.361514 1.988002
1090000 4.455823 -1.265872 1.919376
1100000 3.811074 -1.455090 2.043655
1110000 3.212328 -1.410790 1.790826
1120000 3.599897 -1.490635 1.956272
1130000 4.864860 -1.397041 1.867294
1140000 4.836334 -1.331127 1.850136
1150000 4.328655 -1.459578 1.928704
1160000 4.204118 -1.296327 1.993935
1170000 4.431195 -1.479783 1.850144
1180000 4.352892 -1.340061 1.869132
1190000 3.619015 -1.470595 2.010858
1200000 3.032312 -1.432407 1.844023
1210000 3.234397 -1.329289 2.144679
1220000 3.608437 -1.323342 2.039729
1230000 2.142038 -1.291531 2.016054
1240000 1.614045 -1.374134 1.934678
1250000 1.407495 -1.343604 1.809797
1260000 1.392182 -1.394813 1.897411
1270000 1.885563 -1.439776 1.834321
1280000 1.424891 -1.228599 2.006073
1290000 1.164675 -1.436432 1.963970
1300000 1.063914 -1.457571 2.128062
1310000 1.173097 -1.274683 1.834282
1320000 0.989253 -1.484377 1.877278
1330000 0.954846 -1.546391 2.000400
1340000 1.285433 -1.304028 1.864914
1350000 1.261917 -1.348504 1.980236
1360000 1.557225 -1.303093 1.961718
1370000 1.813412 -1.384142 1.864348
1380000 1.426790 -1.440562 1.947423
1390000 1.833768 -1.285654 1.968681
1400000 2.447504 -1.317299 1.895524
1410000 2.084553 -1.389111 1.898313
1420000 1.882497 -1.415122 2.001857
1430000 2.770466 -1.455165 1.968832
1440000 2.461536 -1.554017 1.795794
1450000 2.629894 -1.392967 1.932235
1460000 3.135237 -1.455954 1.835702
1470000 3.626430 -1.512019 2.054867
1480000 3.920305 -1.287208 1.961189
1490000 3.989967 -1.379494 1.866951
1500000 4.684548 -1.363659 1.868660
1510000 4.791709 -1.506119 2.091513
1520000 4.694834 -1.506876 1.900622
1530000 4.865081 -1.307678 1.966691
1540000 4.675097 -1.400319 1.880988
1550000 4.366124 -1.377167 1.957773
1560000 4.323926 -1.418179 1.889771
1570000 4.191640 -1.417637 2.103690
1580000 3.523035 -1.363119 1.921680
1590000 3.332408 -1.391860 2.028707
1600000 2.961161 -1.378422 1.836538
1610000 3.134003 -1.467187 1.823767
1620000 2.526785 -1.380265 1.937994
1630000 3.231871 -1.410337 1.988350
1640000 3.813403 -1.401548 2.009167
1650000 4.264552 -1.392607 1.855017
1660000 4.478785 -1.417283 2.019273
1670000 4.310021 -1.480334 1.807720
1680000 2.999074 -1.545642 1.891174
1690000 3.080046 -1.494477 1.873117
1700000 2.609348 -1.404222 1.937309
1710000 2.260762 -1.400609 1.847519
1720000 2.413129 -1.394121 1.935739
1730000 2.239011 -1.345397 1.774090
1740000 2.731177 -1.370607 1.946755
1750000 3.370925 -1.377295 1.968191
1760000 4.030764 -1.322037 1.897073
1770000 4.696186 -1.421872 1.860490
1780000 4.454897 -1.474604 1.852559
1790000 4.597891 -1.505540 1.942339
1800000 3.374477 -1.394732 1.913963
1810000 2.800045 -1.338724 1.969598
1820000 2.556402 -1.340955 1.865217
1830000 3.335870 -1.341706 1.937925
1840000 3.911924 -1.395000 1.963397
1850000 4.483778 -1.408614 1.830318
1860000 4.999361 -1.351034 1.950551
1870000 4.548911 -1.457370 1.812212
1880000 4.285731 -1.513171 1.778946
1890000 3.832779 -1.303967 1.838119
1900000 3.620725 -1.501386 1.977125
1910000 4.936775 -1.342564 1.876428
1920000 4.826684 -1.402152 1.983848
1930000 4.581329 -1.307765 1.892384
1940000 4.502377 -1.370352 1.964331
1950000 3.440450 -1.377547 1.886623
1960000 2.339522 -1.349993 1.958838
1970000 1.598984 -1.404520 1.886725
1980000 1.851821 -1.381450 1.971376
1990000 1.860640 -1.362018 1.881065
2000000 1.310356 -1.398354 1.884108
2010000 1.110967 -1.328773 1.920992
2020000 1.360754 -1.472193 2.013130
2030000 1.669401 -1.445413 1.905865
2040000 1.787384 -1.269516 2.009806
2050000 2.679563 -1.384440 1.821353
2060000 3.320208 -1.500586 1.868957
2070000 2.172195 -1.382020 1.870298
2080000 2.486996 -1.460969 2.050112
2090000 3.779929 -1.482616 1.907833
2100000 3.353846 -1.466894 1.980889
2110000 3.171380 -1.454206 1.789072
2120000 4.080085 -1.420944 1.913027
2130000 2.598633 -1.455222 2.003827
2140000 3.341155 -1.411151 1.920107
2150000 2.909350 -1.413589 1.835812
2160000 2.537052 -1.371136 1.835090
2170000 2.471096 -1.457938 1.877492
2180000 1.979849 -1.309897 1.934025
2190000 1.995691 -1.409943 2.075230
2200000 2.608060 -1.249058 1.988894
2210000 3.959739 -1.275642 2.082421
2220000 3.141765 -1.504518 1.815361
2230000 3.342509 -1.479747 1.813931
2240000 3.706294 -1.302301 1.941756
2250000 4.010187 -1.516647 2.085227
2260000 3.856833 -1.391260 1.955774
2270000 2.546231 -1.365989 1.907706
2280000 2.006518 -1.529100 1.916063
2290000 1.864307 -1.523504 1.988951
2300000 1.945059 -1.377998 2.014331
2310000 1.945037 -1.329280 1.875442
2320000 1.967612 -1.373846 1.880305
2330000 1.109250 -1.387483 2.006088
2340000 1.189631 -1.339383 1.934329
2350000 1.084034 -1.459719 1.905723
2360000 0.999928 -1.478239 1.899753
2370000 0.884829 -1.411737 2.037008
2380000 0.998190 -1.431613 1.970599
2390000 0.914875 -1.557817 1.887096
2400000 0.746211 -1.395931 1.976326
2410000 0.762331 -1.367742 1.959595
2420000 0.504430 -1.535316 1.955670
2430000 0.500991 -1.576212 1.987917
2440000 0.497994 -1.470810 1.994482
2450000 0.651247 -1.503854 1.861808
2460000 0.495388 -1.582026 2.064125
2470000 0.688826 -1.552116 1.985048
2480000 0.855410 -1.521644 1.999405
2490000 0.798440 -1.453018 1.932680
2500000 0.706954 -1.489046 1.960182
2510000 1.095689 -1.494725 1.885086
2520000 1.433978 -1.508293 1.768432
2530000 1.554623 -1.282978 1.867757
2540000 1.414214 -1.439549 1.863966
2550000 1.360942 -1.345465 1.801010
2560000 1.558961 -1.411192 1.810710
2570000 1.740284 -1.359542 1.994094
2580000 1.818784 -1.432492 1.918553
2590000 1.763729 -1.428580 1.966927
2600000 2.611005 -1.463239 1.893727
2610000 2.217213 -1.345024 1.905506
2620000 2.636015 -1.516519 2.012974
2630000 2.364129 -1.419967 1.902907
2640000 3.332151 -1.266145 1.927643
2650000 2.923307 -1.454966 1.836208
2660000 4.519943 -1.352994 1.885460
2670000 4.681426 -1.431819 1.886192
2680000 4.446460 -1.497435 1.960573
2690000 4.469259 -1.446636 1.778872
2700000 3.924089 -1.342432 1.947029
2710000 3.368360 -1.364289 1.764811
2720000 3.863481 -1.327517 1.857910
2730000 4.533233 -1.287671 1.929724
2740000 4.639078 -1.397719 1.766560
2750000 4.698501 -1.416927 1.943545
2760000 4.356490 -1.413599 1.866384
2770000 4.859259 -1.456250 1.947406
2780000 3.927880 -1.484379 2.104808
2790000 3.961498 -1.386216 1.864734
2800000 4.172128 -1.278855 1.931283
2810000 3.253347 -1.345188 2.027502
2820000 2.738991 -1.526216 1.837532
2830000 2.797525 -1.423021 1.917254
2840000 2.388305 -1.394041 1.928882
2850000 2.362405 -1.322720 1.902059
2860000 2.087378 -1.403945 1.864818
2870000 3.552075 -1.374755 1.951449
2880000 2.888630 -1.495959 1.963838
2890000 4.286324 -1.437636 1.970441
2900000 4.565488 -1.479560 1.988419
2910000 3.715143 -1.402222 1.933646
2920000 3.700810 -1.378880 1.902309
2930000 4.187511 -1.354280 2.032935
2940000 4.901499 -1.394858 1.835211
2950000 4.813990 -1.451257 1.822801
2960000 5.055306 -1.543485 1.906464
2970000 4.788102 -1.422096 1.842029
2980000 4.385426 -1.412872 1.988729
2990000 4.616609 -1.234780 1.924398
3000000 4.420865 -1.477605 1.951998
3010000 3.376090 -1.468782 1.931230
3020000 2.894510 -1.397543 1.767995
3030000 2.721117 -1.464613 1.881351
3040000 2.775109 -1.360473 1.935653
3050000 2.387854 -1.382279 1.961024
3060000 2.391084 -1.308287 1.922384
3070000 2.005340 -1.372241 1.877063
3080000 2.369575 -1.283643 1.885260
3090000 3.051977 -1.441915 1.930083
3100000 2.522241 -1.434704 1.950962
3110000 3.159030 -1.335253 1.924459
3120000 2.865962 -1.480190 1.766860
3130000 3.466364 -1.369315 1.871568
3140000 3.980619 -1.368609 2.039482
3150000 4.057112 -1.326937 1.891822
3160000 4.871867 -1.346742 1.818413
3170000 4.367067 -1.435948 2.016891
3180000 4.022566 -1.492036 1.989776
3190000 4.260973 -1.465669 2.007476
3200000 3.577243 -1.362418 1.819902
3210000 3.747469 -1.527174 1.854919
3220000 4.590878 -1.404801 1.953628
3230000 4.721900 -1.324165 1.850542
3240000 4.930048 -1.450882 1.900852
3250000 4.610266 -1.460518 1.969657
3260000 4.706417 -1.426702 1.965568
3270000 3.305062 -1.370085 1.838075
3280000 3.388826 -1.431630 1.958707
3290000 2.922714 -1.425668 1.981331
3300000 2.589720 -1.425118 1.960463
3310000 3.231772 -1.393195 1.777253
3320000 2.496398 -1.372275 1.977464
3330000 4.040299 -1.240641 1.931632
3340000 3.678749 -1.600306 1.991117
3350000 3.514906 -1.451961 2.072363
3360000 3.956426 -1.356122 1.966045
3370000 4.158956 -1.295979 1.870511
3380000 4.789264 -1.391576 1.912191
3390000 4.955243 -1.330977 1.858733
3400000 4.077398 -1.314892 1.901456
3410000 3.597400 -1.424325 1.867360
3420000 2.309626 -1.378011 1.989508
3430000 2.231106 -1.352437 1.933439
3440000 2.098117 -1.376308 2.029137
3450000 1.739050 -1.453879 2.036319
3460000 1.553024 -1.348668 2.032029
3470000 1.950043 -1.281896 2.018572
3480000 2.188732 -1.421268 1.862326
3490000 2.504061 -1.441945 2.078658
3500000 2.466708 -1.417969 1.907226
3510000 3.084662 -1.417362 1.848894
3520000 2.528170 -1.459405 1.951318
3530000 2.922786 -1.372289 2.027868
3540000 1.303766 -1.415783 1.970377
3550000 1.207740 -1.547822 2.025195
3560000 1.305732 -1.401991 1.962372
3570000 1.382477 -1.410122 1.974486
3580000 1.151842 -1.429374 1.891962
3590000 1.439984 -1.451568 1.829437
3600000 1.273637 -1.489313 1.904691
3610000 1.004302 -1.508958 1.945155
3620000 0.869691 -1.361561 1.884447
3630000 0.969240 -1.533988 1.959897
3640000 1.102535 -1.419883 1.927522
3650000 1.529193 -1.331470 2.004422
3660000 1.580571 -1.379807 2.047618
3670000 1.626366 -1.452458 1.815671
3680000 1.616160 -1.502745 1.803935
3690000 2.163990 -1.499567 1.928068
3700000 1.899217 -1.406925 1.990583
3710000 2.203797 -1.395044 1.997468
3720000 2.284484 -1.428483 1.892502
3730000 2.046271 -1.415348 1.969611
3740000 2.350894 -1.268724 1.954050
3750000 1.689648 -1.368307 1.945706
3760000 1.653293 -1.411640 1.972089
3770000 1.578570 -1.449405 1.861102
3780000 1.449612 -1.539340 1.959270
3790000 1.368318 -1.477371 1.988530
3800000 1.391755 -1.412139 1.935101
3810000 1.180402 -1.378761 1.969253
3820000 0.809546 -1.507982 2.009148
3830000 0.891804 -1.494211 1.974415
3840000 0.847286 -1.509228 1.939360
3850000 0.718239 -1.405486 1.869987
3860000 0.810579 -1.273027 1.859717
3870000 0.744767 -1.450803 1.952262
3880000 0.692018 -1.359488 1.954861
3890000 1.045627 -1.502914 1.859662
3900000 0.871911 -1.432702 1.964186
3910000 0.718397 -1.432456 1.857140
3920000 0.901886 -1.315722 2.029076
3930000 1.057766 -1.417177 1.967427
3940000 1.187866 -1.381875 1.894327
3950000 1.115443 -1.387273 1.956832
3960000 1.112671 -1.399862 2.049327
3970000 1.011430 -1.404798 1.926470
3980000 1.007624 -1.453082 1.934097
3990000 1.060366 -1.318028 1.969727
4000000 1.132583 -1.337142 2.068439
