100000 4.106352 2.847974 -0.931150
110000 4.642117 2.699258 -0.763575
120000 4.213874 2.759184 -0.950455
130000 4.121997 2.763847 -0.895840
140000 3.606451 2.649009 -0.913053
150000 3.945880 2.765783 -0.881943
160000 3.762322 2.763272 -0.682675
170000 4.147271 2.756425 -0.933068
180000 3.402334 2.693046 -0.941758
190000 2.452989 2.887670 -0.934339
200000 1.963539 2.864728 -0.944145
210000 1.411033 2.790985 -0.972982
220000 0.916343 2.892698 -0.894103
230000 1.246574 3.071113 -0.922418
240000 1.433039 2.810224 -0.774375
250000 0.960601 2.891211 -0.812510
260000 0.772847 2.876259 -0.819901
270000 1.140945 2.849276 -0.879745
280000 0.914855 2.695157 -0.776068
290000 1.226962 2.854726 -0.875791
300000 1.596468 2.838309 -0.848072
310000 1.954335 2.852065 -0.827726
320000 1.593347 2.862223 -0.850572
330000 2.879672 2.790343 -0.817478
340000 3.785760 2.790650 -0.870227
350000 3.490079 2.724578 -0.942565
360000 4.917578 2.780684 -0.846839
370000 5.028567 2.754907 -0.870761
380000 4.101105 2.837840 -0.852138
390000 5.005644 2.777745 -0.915700
400000 4.787779 2.833121 -0.883882
410000 3.449184 2.719809 -0.790456
420000 2.701357 2.760015 -0.819698
430000 2.913104 2.906888 -0.831691
440000 2.326828 2.946298 -0.753476
450000 3.363304 2.779947 -0.981705
460000 4.018617 2.777162 -0.790389
470000 3.870704 2.718396 -0.910486
480000 2.701133 2.793569 -0.962488
490000 3.044536 2.940197 -0.809406
500000 4.434682 2.814786 -0.779815
510000 3.700680 2.762307 -0.922080
520000 3.334230 2.727680 -0.795580
530000 2.120832 2.764631 -0.943918
540000 1.464827 2.746065 -0.937965
550000 1.410887 2.774296 -0.978818
560000 1.339719 2.730617 -0.850216
570000 1.810939 2.958969 -0.827005
580000 1.389463 2.853533 -0.927109
590000 1.076102 2.795042 -0.901632
600000 0.718148 2.814771 -0.923076
610000 0.880410 2.755680 -0.814809
620000 1.351971 2.720903 -0.945028
630000 1.289731 2.858919 -0.830313
640000 1.077473 2.870537 -0.820723
650000 1.646431 2.735716 -0.872060
660000 2.445962 2.831019 -0.958597
670000 2.709145 2.874753 -0.935795
680000 4.337290 2.842557 -0.862903
690000 4.458985 2.842128 -0.983311
700000 4.599654 2.692084 -0.783862
710000 3.842089 2.733859 -0.893186
720000 3.551609 2.712582 -0.991756
730000 3.418346 2.806909 -0.859572
740000 2.862109 2.848039 -0.910084
750000 3.253547 2.692879 -0.868048
760000 2.880761 2.771819 -0.992705
770000 3.284587 2.855286 -0.827966
780000 4.670459 2.934172 -0.851872
790000 4.691128 2.648059 -0.847585
800000 5.061825 2.614570 -0.831489
810000 4.280195 2.846654 -0.748066
820000 4.659151 2.814985 -0.949517
830000 4.619945 2.815250 -0.991135
840000 3.464802 2.769315 -0.919430
850000 2.417361 2.847796 -0.815753
860000 1.971697 2.786395 -0.726741
870000 2.213909 2.902929 -0.990582
880000 1.948530 2.858721 -0.858671
890000 1.692592 2.715269 -0.741032
900000 1.511286 2.730391 -0.961742
910000 2.008260 2.772790 -0.883556
920000 2.474334 2.968047 -0.904964
930000 3.108821 2.892924 -0.920429
940000 2.348448 2.679169 -0.809767
950000 2.219235 2.760074 -0.868507
960000 2.684336 2.778346 -0.831392
970000 2.627109 2.897368 -0.946579
980000 3.656049 2.746872 -0.857772
990000 3.718742 2.828803 -0.920664
1000000 4.224236 2.868639 -0.909474
1010000 4.458328 2.900664 -0.702018
1020000 3.628533 2.784284 -0.906002
1030000 3.816280 2.822545 -0.859839
1040000 2.957846 2.682279 -0.828188
1050000 3.561795 2.802511 -0.915724
1060000 2.901044 2.841020 -0.814702
1070000 2.553785 2.829587 -0.824119
1080000 2.007603 2.816021 -0.818017
1090000 1.413109 2.741393 -0.887542
1100000 2.031490 2.856179 -0.772835
1110000 1.540382 2.770242 -0.883745
1120000 1.282065 2.739567 -0.730343
1130000 0.999062 2.763819 -0.981007
1140000 1.313816 2.843923 -0.787293
1150000 1.441112 2.757054 -0.692850
1160000 1.398244 2.868504 -0.795221
1170000 0.946449 2.698675 -0.873388
1180000 0.696084 2.631449 -0.983230
1190000 0.551669 2.724532 -1.079777
1200000 0.785040 2.777112 -0.904136
1210000 0.818032 2.756724 -0.773590
1220000 0.992318 2.793951 -0.914178
1230000 1.035245 2.792745 -0.940784
1240000 1.360093 2.765495 -0.902701
1250000 1.569430 2.860432 -1.054412
1260000 2.305053 2.773914 -0.919247
1270000 2.896199 2.724615 -0.838574
1280000 4.954420 2.760048 -0.828063
1290000 3.450574 2.690734 -0.941299
1300000 2.517863 2.720753 -0.903164
1310000 2.056699 2.758860 -0.861494
1320000 1.881903 2.892755 -0.845794
1330000 1.860246 2.852499 -0.851203
1340000 2.942151 2.755539 -0.876265
1350000 2.951713 2.856762 -0.782044
1360000 3.953290 2.742390 -0.844483
1370000 3.509986 2.854734 -0.861700
1380000 4.032853 2.762121 -0.923367
1390000 3.933288 2.785292 -0.910405
1400000 4.787539 2.863415 -0.818981
1410000 4.718943 2.834764 -0.873560
1420000 5.061467 2.826222 -0.853301
1430000 4.574836 2.845440 -0.910385
1440000 4.454416 2.847682 -0.822333
1450000 3.394702 2.707786 -0.921251
1460000 2.948699 2.791744 -1.022868
1470000 3.009828 2.737203 -0.975441
1480000 4.439175 2.774185 -0.863010
1490000 4.824780 2.798277 -0.820551
1500000 4.003842 2.863110 -0.909572
1510000 4.307422 2.827465 -0.811642
1520000 4.652511 2.717340 -0.802118
1530000 4.589593 2.700796 -0.885076
1540000 4.676884 2.801200 -0.839690
1550000 4.691748 2.731775 -0.905382
1560000 3.522160 2.868380 -0.794349
1570000 3.012689 2.899069 -0.847118
1580000 2.432026 2.788556 -0.996824
1590000 3.252345 2.840425 -0.887904
1600000 3.720930 2.745892 -0.814981
1610000 3.848929 2.783168 -0.862156
1620000 4.892351 2.742613 -0.918639
1630000 3.457657 2.657953 -0.811196
1640000 3.172168 2.658718 -0.865424
1650000 2.274200 2.877636 -0.823641
1660000 1.548395 2.841149 -0.849457
1670000 1.903557 2.832088 -0.872293
1680000 1.608403 2.886306 -0.904622
1690000 2.293044 2.654754 -0.837238
1700000 2.748387 2.756923 -0.912556
1710000 3.784158 2.768695 -0.810827
1720000 2.364043 2.805760 -0.868205
1730000 1.103389 2.826371 -0.849477
1740000 1.467442 2.808067 -0.918946
1750000 0.626622 2.669882 -0.861306
1760000 0.511676 2.759866 -0.895570
1770000 0.717075 2.705577 -0.808388
1780000 0.724813 2.763032 -0.905009
1790000 0.887883 2.722620 -0.921624
1800000 0.942689 2.826795 -0.832408
1810000 0.800435 2.826351 -0.871678
1820000 0.721541 2.840185 -0.930778
1830000 0.847185 2.802645 -0.871331
1840000 1.075000 2.763238 -0.893560
1850000 1.195274 2.822332 -0.845005
1860000 1.147820 2.708393 -0.754815
1870000 1.008680 2.745138 -0.942679
1880000 0.999132 2.745358 -0.804746
1890000 1.098859 2.803377 -0.773414
1900000 1.129152 2.788376 -0.860781
1910000 1.048362 2.760401 -0.845163
1920000 1.569946 2.822541 -0.828679
1930000 1.411055 2.676621 -0.865520
1940000 1.650912 2.767557 -0.833799
1950000 2.082462 2.706489 -0.861061
1960000 1.892439 2.772128 -0.971335
1970000 2.292655 2.735910 -0.716263
1980000 1.878147 2.777332 -0.863492
1990000 3.259241 2.853606 -0.833167
2000000 2.993132 2.736577 -0.871683
2010000 3.383502 2.672825 -0.824256
2020000 4.344980 2.891611 -0.853806
2030000 4.959228 2.764597 -0.991813
2040000 4.729230 2.826498 -0.878687
2050000 4.956381 2.761176 -0.789018
2060000 4.886597 2.738624 -0.885025
2070000 4.804471 2.844339 -0.968358
2080000 4.883002 2.781017 -1.033217
2090000 4.184694 2.722061 -0.929604
2100000 3.690093 2.900656 -0.787446
2110000 3.820489 2.656559 -0.874087
2120000 3.899741 2.840002 -0.847878
2130000 3.150173 2.867635 -0.974866
2140000 3.899140 2.738782 -0.831359
2150000 3.067499 2.687601 -0.962232
2160000 2.512499 2.828906 -0.864807
2170000 2.569054 2.693032 -0.948626
2180000 3.545804 2.787741 -0.911780
2190000 4.875645 2.881518 -0.983594
2200000 4.436719 2.973333 -0.900604
2210000 3.677436 2.878149 -0.974534
2220000 3.602012 2.741315 -0.773370
2230000 3.175978 2.822880 -0.897576
2240000 3.146560 2.883688 -0.755640
2250000 2.543383 2.891325 -0.963913
2260000 2.981953 2.749110 -0.736309
2270000 1.695142 2.700106 -0.839460
2280000 1.531025 2.820412 -0.912986
2290000 2.117030 2.806131 -0.738125
2300000 1.491084 2.756643 -1.018797
2310000 2.618201 2.705865 -1.052012
2320000 3.100079 2.849765 -0.898750
2330000 2.375899 2.809883 -0.823997
2340000 2.043459 2.683703 -0.901226
2350000 1.909334 2.702129 -0.850384
2360000 1.900435 2.816107 -0.749175
2370000 1.961863 2.766535 -0.946798
2380000 2.322730 2.856872 -0.884463
2390000 3.240047 2.702667 -0.878861
2400000 2.988951 2.883726 -0.888112
2410000 2.451838 2.877194 -0.970261
2420000 3.799967 2.782548 -0.883223
2430000 4.012964 2.733203 -0.872507
2440000 4.492458 2.811121 -0.999203
2450000 4.935061 2.905594 -0.916989
2460000 4.995141 2.759319 -0.903857
2470000 4.054614 2.793478 -0.810772
2480000 4.902648 2.820510 -0.930275
2490000 3.710228 2.783613 -0.875572
2500000 4.704037 2.909151 -0.841200
2510000 3.252758 2.762085 -0.957266
2520000 3.220860 2.805138 -0.867236
2530000 3.642667 2.816180 -0.823671
2540000 2.793698 2.755810 -0.929306
2550000 3.396705 2.834694 -0.976006
2560000 4.607508 2.830173 -0.810340
2570000 4.348058 2.843107 -0.892912
2580000 4.754671 2.801304 -0.936422
2590000 4.497864 2.855780 -0.838270
2600000 4.549716 2.731228 -0.855271
2610000 3.941647 2.746336 -0.967671
2620000 3.916198 2.758922 -0.833504
2630000 4.577358 2.841031 -0.980199
2640000 4.959245 2.762471 -0.782208
2650000 4.271227 2.769051 -0.952835
2660000 4.297146 2.839313 -0.822388
2670000 3.404035 2.794240 -0.787867
2680000 3.262611 2.811879 -0.950047
2690000 2.241458 2.750711 -0.891124
2700000 2.397002 2.845503 -0.844807
2710000 2.332747 2.733218 -0.811716
2720000 2.689172 2.820221 -0.833931
2730000 2.069371 2.947093 -0.904573
2740000 1.930887 2.804381 -0.997715
2750000 1.818370 2.789605 -0.772445
2760000 1.388850 2.747411 -0.874446
2770000 1.379655 2.787313 -0.835017
2780000 1.257918 2.837092 -1.009648
2790000 1.384473 2.722378 -0.766902
2800000 1.232316 2.735674 -0.748691
2810000 1.403802 2.781135 -0.878404
2820000 1.340946 2.805452 -0.901323
2830000 1.358680 2.859492 -0.948310
2840000 0.926171 2.735554 -0.756872
2850000 0.762184 2.759560 -0.936933
2860000 0.846218 2.774744 -0.902530
2870000 0.841735 2.829117 -0.979548
2880000 0.918894 2.691930 -0.793857
2890000 0.639125 2.998640 -0.837995
2900000 0.668736 2.683019 -1.051122
2910000 0.598298 2.905314 -0.891878
2920000 0.950034 2.786002 -0.666204
2930000 0.797644 2.708475 -0.817398
2940000 0.874393 2.743078 -0.937974
2950000 1.039825 2.670242 -0.969767
2960000 0.895866 2.908119 -0.919897
2970000 1.201283 2.845144 -0.917216
2980000 1.356723 2.845579 -0.834760
2990000 1.371316 2.829064 -0.783016
3000000 1.705269 2.863379 -0.889001
3010000 1.418668 2.786564 -0.804602
3020000 1.495514 2.856975 -0.880540
3030000 1.133293 2.805720 -0.884441
3040000 1.252215 2.792144 -0.813470
3050000 1.107527 2.702221 -0.897211
3060000 1.171892 2.855709 -0.924835
3070000 1.448404 2.780675 -0.960085
3080000 1.681242 2.755538 -0.835593
3090000 1.763200 2.747920 -0.849024
3100000 1.825800 2.761239 -0.963601
3110000 2.180048 2.712459 -0.874548
3120000 1.947758 2.739744 -0.939245
3130000 2.746171 2.853461 -0.933907
3140000 2.655256 2.704384 -0.840517
3150000 2.876280 2.836966 -0.966836
3160000 3.123411 2.839952 -0.848448
3170000 3.498392 2.690799 -0.965467
3180000 4.724850 2.822408 -0.820550
3190000 5.044030 2.779282 -0.917451
3200000 4.202881 2.802965 -0.827146
3210000 3.652490 2.746019 -0.929969
3220000 3.512239 2.690048 -0.854696
3230000 3.396786 2.793516 -0.981356
3240000 4.297187 2.662873 -0.858557
3250000 4.690020 2.741684 -0.964196
3260000 3.752217 2.750601 -0.813828
3270000 4.522144 2.752257 -0.871233
3280000 5.021351 2.828767 -0.913375
3290000 4.729712 2.859258 -0.876702
3300000 4.830599 2.843168 -0.972994
3310000 3.202411 2.682346 -0.899969
3320000 3.678857 2.713437 -0.865011
3330000 2.923304 2.807181 -0.889510
3340000 3.033855 2.807197 -1.051468
3350000 3.154609 2.867715 -0.926881
3360000 2.532685 2.725735 -0.816748
3370000 2.706546 2.786679 -0.841838
3380000 3.024352 2.850237 -0.788227
3390000 3.694618 2.867845 -0.911472
3400000 3.613786 2.805654 -0.901474
3410000 3.994169 2.774854 -0.899212
3420000 4.687040 2.773507 -0.835292
3430000 4.909680 2.753495 -0.792379
3440000 4.718176 2.889152 -0.927621
3450000 4.433840 2.763557 -0.875199
3460000 3.959576 2.788252 -0.902539
3470000 3.409161 2.778923 -0.743745
3480000 4.737408 2.767941 -0.914616
3490000 4.355252 2.663778 -0.833976
3500000 3.768282 2.779751 -0.846196
3510000 3.622942 2.839438 -0.885650
3520000 5.037787 2.767772 -0.820949
3530000 4.775681 2.768975 -0.936831
3540000 4.523030 2.712363 -0.931655
3550000 3.880740 2.817409 -0.948881
3560000 4.488553 2.767762 -0.939167
3570000 4.451424 2.743687 -0.877809
3580000 3.760011 2.807698 -0.865985
3590000 3.180604 2.721836 -0.804865
3600000 3.089107 2.772724 -0.788402
3610000 2.403504 2.749040 -0.751893
3620000 2.201185 2.689731 -0.996372
3630000 2.480472 2.788764 -0.857486
3640000 2.117335 2.805925 -0.968802
3650000 1.663740 2.786575 -0.911037
3660000 2.190955 2.634860 -0.818753
3670000 1.668964 2.729230 -0.801803
