100000 0.756777 -1.409319 -0.483683
110000 1.223760 -1.417991 -0.536173
120000 1.741457 -1.270814 -0.601568
130000 1.683205 -1.377944 -0.512813
140000 2.545201 -1.466171 -0.463485
150000 2.622595 -1.368424 -0.581299
160000 3.946735 -1.310041 -0.507315
170000 4.002294 -1.406851 -0.584250
180000 4.192056 -1.455812 -0.596382
190000 3.757293 -1.377735 -0.546012
200000 3.117821 -1.423778 -0.524856
210000 2.415579 -1.352281 -0.562702
220000 3.040394 -1.399799 -0.523449
230000 2.112057 -1.309511 -0.406258
240000 1.758577 -1.438867 -0.568044
250000 1.914220 -1.389989 -0.644013
260000 1.698087 -1.340092 -0.483907
270000 1.320598 -1.460972 -0.607050
280000 1.659447 -1.381418 -0.414813
290000 1.939706 -1.420460 -0.611999
300000 2.849399 -1.412923 -0.532571
310000 4.250311 -1.261831 -0.590788
320000 4.605767 -1.572037 -0.486749
330000 4.681890 -1.348279 -0.516765
340000 4.036056 -1.440218 -0.556870
350000 3.784081 -1.511919 -0.615259
360000 4.345167 -1.333086 -0.503566
370000 3.017653 -1.444101 -0.544364
380000 3.275285 -1.467043 -0.384864
390000 3.855250 -1.466809 -0.532238
400000 4.637446 -1.388079 -0.431068
410000 3.976432 -1.418727 -0.667851
420000 4.610478 -1.431019 -0.511290
430000 4.818531 -1.375903 -0.555763
440000 2.913760 -1.570348 -0.534016
450000 2.111481 -1.342242 -0.665579
460000 1.285720 -1.452989 -0.518147
470000 1.367672 -1.408613 -0.469383
480000 0.889020 -1.385482 -0.513006
490000 0.977542 -1.439664 -0.740700
500000 0.893239 -1.497923 -0.486658
510000 0.744490 -1.398700 -0.520349
520000 1.209024 -1.455632 -0.532433
530000 2.076872 -1.310399 -0.472437
540000 1.742688 -1.431201 -0.430471
550000 2.889884 -1.396793 -0.456481
560000 3.220233 -1.403979 -0.526405
570000 3.504310 -1.375075 -0.418998
580000 4.001792 -1.489829 -0.609830
590000 3.589907 -1.509118 -0.515697
600000 4.868252 -1.524096 -0.527956
610000 4.399437 -1.494536 -0.594947
620000 4.905139 -1.363215 -0.544571
630000 2.921820 -1.382437 -0.525338
640000 4.620889 -1.346092 -0.531178
650000 4.914082 -1.313683 -0.498175
660000 2.811712 -1.456253 -0.456637
670000 2.322615 -1.457582 -0.521489
680000 2.260274 -1.425955 -0.577096
690000 2.446079 -1.282237 -0.541994
700000 1.950222 -1.363146 -0.664926
710000 2.237415 -1.364908 -0.417248
720000 2.313283 -1.275123 -0.450011
730000 3.163791 -1.421738 -0.511425
740000 3.228413 -1.534061 -0.559238
750000 3.273668 -1.302341 -0.614595
760000 5.023135 -1.369683 -0.554176
770000 4.584502 -1.422338 -0.443358
780000 3.205228 -1.391108 -0.510277
790000 3.803021 -1.360981 -0.538212
800000 4.381968 -1.397694 -0.528800
810000 3.965721 -1.425185 -0.454770
820000 2.351530 -1.404646 -0.505649
830000 2.945667 -1.440830 -0.491987
840000 2.186482 -1.467373 -0.406604
850000 1.515042 -1.520205 -0.558450
860000 1.759729 -1.411402 -0.462417
870000 1.071050 -1.425991 -0.459365
880000 1.091477 -1.390103 -0.600922
890000 1.308852 -1.407183 -0.368463
900000 1.606792 -1.414680 -0.561896
910000 1.759022 -1.244876 -0.401056
920000 1.510078 -1.355335 -0.515664
930000 1.290344 -1.527628 -0.551425
940000 1.140896 -1.425007 -0.520269
950000 2.154278 -1.291193 -0.594820
960000 3.007276 -1.396968 -0.646211
970000 3.384019 -1.377874 -0.513069
980000 4.202661 -1.381338 -0.518457
990000 4.583904 -1.354558 -0.551822
1000000 3.921949 -1.443322 -0.634105
1010000 4.380308 -1.319957 -0.490949
1020000 3.072062 -1.460989 -0.476108
1030000 2.581688 -1.445483 -0.553466
1040000 3.094742 -1.557177 -0.531934
1050000 4.557500 -1.481436 -0.636474
1060000 4.748185 -1.548357 -0.460226
1070000 4.405831 -1.312282 -0.450446
1080000 3.563397 -1.265178 -0.432342
1090000 2.346696 -1.379112 -0.546446
1100000 1.666439 -1.570551 -0.504895
1110000 2.190541 -1.453340 -0.494798
1120000 2.567938 -1.513482 -0.466638
1130000 2.753162 -1.307051 -0.566962
1140000 3.013838 -1.352127 -0.486013
1150000 3.138582 -1.365127 -0.463542
1160000 3.430761 -1.429073 -0.451499
1170000 4.635384 -1.444663 -0.669299
1180000 4.852847 -1.400178 -0.511492
1190000 4.861325 -1.339273 -0.467853
1200000 4.995885 -1.325407 -0.551022
1210000 3.989986 -1.295309 -0.455767
1220000 2.957831 -1.424015 -0.388984
1230000 4.327283 -1.404322 -0.505519
1240000 3.868310 -1.357998 -0.496929
1250000 3.484443 -1.423958 -0.493885
1260000 4.739656 -1.408069 -0.573109
1270000 4.882055 -1.382855 -0.517700
1280000 4.359777 -1.429760 -0.637013
1290000 3.752492 -1.360385 -0.644407
1300000 3.747521 -1.302509 -0.624796
1310000 2.446024 -1.388715 -0.607011
1320000 1.839008 -1.439929 -0.509092
1330000 1.973874 -1.363857 -0.431814
1340000 2.535072 -1.396530 -0.565976
1350000 2.698975 -1.408292 -0.505294
1360000 2.914489 -1.427838 -0.506620
1370000 1.637227 -1.394291 -0.374055
1380000 1.769880 -1.373793 -0.521491
1390000 2.090366 -1.451110 -0.669336
1400000 3.013510 -1.343476 -0.549607
1410000 3.211347 -1.435013 -0.492041
1420000 4.232198 -1.359261 -0.577486
1430000 4.301184 -1.343041 -0.528636
1440000 4.096557 -1.504073 -0.549196
1450000 2.748339 -1.315241 -0.519863
1460000 2.129931 -1.483870 -0.628347
1470000 2.544361 -1.380385 -0.517335
1480000 2.397731 -1.525072 -0.556618
1490000 1.735985 -1.244671 -0.579061
1500000 1.660638 -1.362183 -0.545838
1510000 1.398417 -1.381664 -0.477687
1520000 0.807005 -1.466218 -0.448404
1530000 1.057508 -1.374888 -0.487120
1540000 1.229568 -1.352412 -0.446948
1550000 1.390544 -1.357579 -0.533548
1560000 0.553054 -1.398669 -0.391476
1570000 0.985098 -1.371671 -0.570674
1580000 0.716230 -1.362419 -0.579301
1590000 0.755657 -1.378483 -0.437366
1600000 0.965559 -1.475928 -0.583502
1610000 1.168584 -1.250755 -0.515599
1620000 1.500672 -1.550213 -0.573119
1630000 1.586823 -1.453260 -0.543606
1640000 1.445510 -1.412885 -0.610951
1650000 1.750390 -1.473831 -0.411545
1660000 1.833145 -1.390643 -0.436705
1670000 1.331731 -1.383455 -0.335487
1680000 1.126185 -1.461364 -0.423083
1690000 0.967382 -1.298812 -0.649918
1700000 0.837031 -1.396856 -0.631314
1710000 1.567828 -1.364150 -0.436425
1720000 1.895896 -1.303542 -0.644444
1730000 1.729633 -1.301795 -0.678946
1740000 2.480774 -1.351634 -0.485322
1750000 1.805319 -1.477014 -0.397559
1760000 2.869190 -1.419892 -0.457490
1770000 3.706509 -1.408769 -0.587646
1780000 4.713628 -1.330715 -0.501654
1790000 3.562859 -1.493883 -0.490346
1800000 2.926473 -1.343451 -0.539171
1810000 3.186143 -1.314656 -0.648495
1820000 3.710013 -1.319003 -0.423886
1830000 4.156946 -1.343675 -0.444998
1840000 4.666315 -1.376010 -0.540180
1850000 4.587595 -1.434548 -0.585276
1860000 3.694039 -1.377084 -0.660500
1870000 2.897538 -1.368028 -0.525380
1880000 3.116358 -1.398769 -0.517769
1890000 2.701740 -1.530363 -0.541689
1900000 2.884177 -1.401417 -0.516637
1910000 4.426907 -1.386377 -0.602611
1920000 4.955623 -1.457825 -0.529914
1930000 3.586179 -1.416004 -0.536407
1940000 3.060847 -1.430544 -0.589121
1950000 3.012700 -1.481664 -0.532155
1960000 3.423394 -1.511843 -0.640494
1970000 4.363547 -1.376458 -0.507935
1980000 4.301875 -1.364437 -0.487671
1990000 3.880464 -1.486654 -0.602367
2000000 3.744764 -1.418766 -0.480502
2010000 3.671228 -1.326602 -0.455697
2020000 4.036817 -1.337688 -0.643338
2030000 4.278659 -1.552920 -0.482687
2040000 3.969038 -1.399795 -0.503598
2050000 3.055160 -1.426061 -0.429974
2060000 2.231440 -1.318144 -0.521704
2070000 2.612254 -1.320058 -0.568227
2080000 2.041252 -1.297727 -0.482151
2090000 2.739232 -1.394226 -0.582354
2100000 2.585558 -1.449654 -0.583282
2110000 2.629345 -1.292234 -0.506335
2120000 2.977253 -1.508465 -0.585992
2130000 1.904955 -1.315918 -0.555156
2140000 2.050088 -1.466068 -0.534892
2150000 2.119757 -1.374525 -0.525909
2160000 1.782460 -1.336045 -0.596185
2170000 2.357013 -1.462470 -0.487131
2180000 2.546977 -1.454987 -0.597315
2190000 3.444249 -1.273838 -0.535042
2200000 3.522104 -1.516610 -0.586113
2210000 3.509652 -1.328239 -0.411176
2220000 3.343327 -1.379965 -0.486937
2230000 2.147696 -1.442741 -0.549980
2240000 2.306640 -1.340002 -0.524038
2250000 2.987753 -1.440377 -0.575874
2260000 2.955599 -1.286182 -0.466321
2270000 4.016300 -1.408055 -0.553448
2280000 3.937798 -1.394412 -0.504834
2290000 5.004061 -1.463827 -0.473832
2300000 4.680814 -1.317432 -0.548697
2310000 4.548794 -1.392234 -0.493504
2320000 4.782554 -1.331773 -0.362914
2330000 4.845459 -1.446127 -0.621294
