100000 4.540353 -1.450416 -2.386150
110000 2.891529 -1.308366 -2.201680
120000 2.414628 -1.385414 -2.286417
130000 2.132680 -1.538972 -2.246575
140000 1.345529 -1.520671 -2.278491
150000 1.005049 -1.428569 -2.212335
160000 1.172769 -1.450721 -2.287563
170000 2.037913 -1.323906 -2.312242
180000 1.615983 -1.382459 -2.265383
190000 2.447981 -1.403458 -2.231988
200000 3.524901 -1.296877 -2.298348
210000 4.232359 -1.367499 -2.243110
220000 4.190048 -1.330819 -2.303104
230000 2.451531 -1.477008 -2.361267
240000 3.193804 -1.296310 -2.216401
250000 3.922907 -1.468755 -2.243915
260000 4.077385 -1.366998 -2.188377
270000 3.415769 -1.349506 -2.220380
280000 4.316225 -1.514103 -2.343966
290000 4.950345 -1.388932 -2.274258
300000 3.732892 -1.467522 -2.249575
310000 2.433324 -1.496660 -2.326530
320000 1.487680 -1.473944 -2.200585
330000 1.476177 -1.387903 -2.222971
340000 0.932507 -1.503561 -2.281635
350000 0.988260 -1.308875 -2.334237
360000 0.931996 -1.469200 -2.207941
370000 0.961631 -1.389784 -2.301017
380000 0.940853 -1.349864 -2.228533
390000 1.450085 -1.355269 -2.257120
400000 1.859682 -1.361872 -2.400607
410000 1.997796 -1.400336 -2.272663
420000 1.422256 -1.325908 -2.209243
430000 1.754076 -1.265139 -2.234766
440000 2.931845 -1.247559 -2.151505
450000 3.808267 -1.380439 -2.358219
460000 3.082828 -1.340230 -2.335556
470000 2.253764 -1.353510 -2.242975
480000 2.203829 -1.422413 -2.323458
490000 2.976898 -1.433068 -2.220684
500000 4.078688 -1.327253 -2.170198
510000 3.886828 -1.458493 -2.206473
520000 3.069993 -1.422931 -2.330714
530000 2.259187 -1.494705 -2.160582
540000 2.182005 -1.374618 -2.203210
550000 1.379577 -1.250684 -2.314632
560000 1.202158 -1.384457 -2.319025
570000 1.323849 -1.469252 -2.275876
580000 1.814702 -1.460044 -2.155774
590000 2.772514 -1.412804 -2.177927
600000 3.171845 -1.316225 -2.180677
610000 2.515052 -1.280688 -2.215541
620000 2.297434 -1.430840 -2.308918
630000 3.302442 -1.284243 -2.305451
640000 2.839613 -1.283986 -2.357953
650000 5.037993 -1.420573 -2.376776
660000 4.980299 -1.368028 -2.296316
670000 3.601313 -1.509091 -2.325167
680000 3.690799 -1.395660 -2.271930
690000 4.861404 -1.464495 -2.171900
700000 4.655051 -1.387842 -2.239149
710000 5.048351 -1.387084 -2.306808
720000 5.063761 -1.518696 -2.146465
730000 5.012374 -1.421411 -2.236427
740000 4.593399 -1.285916 -2.312741
750000 3.375554 -1.209685 -2.160017
760000 2.987268 -1.351727 -2.430501
770000 2.515023 -1.426354 -2.297110
780000 2.894718 -1.262578 -2.296456
790000 4.075010 -1.483894 -2.266512
800000 4.301474 -1.348270 -2.239894
810000 4.844079 -1.338322 -2.278200
820000 4.311779 -1.363844 -2.290033
830000 3.640462 -1.497545 -2.334716
840000 4.353914 -1.422829 -2.324269
850000 4.529769 -1.459073 -2.336886
860000 3.523291 -1.329494 -2.308863
870000 3.390338 -1.374611 -2.166793
880000 1.972317 -1.452379 -2.217665
890000 1.749956 -1.393188 -2.383049
900000 1.423985 -1.311181 -2.266090
910000 1.763369 -1.426158 -2.302799
920000 0.565572 -1.455150 -2.304412
930000 0.850910 -1.431842 -2.280692
940000 0.884125 -1.375575 -2.296719
950000 0.800456 -1.364734 -2.178850
960000 1.141594 -1.376419 -2.319248
970000 1.105153 -1.388472 -2.296770
980000 1.168568 -1.347248 -2.245267
990000 0.647658 -1.385213 -2.189597
1000000 0.813223 -1.439307 -2.354828
1010000 0.760314 -1.456736 -2.241707
1020000 1.421899 -1.432354 -2.295949
1030000 2.260021 -1.423594 -2.264899
1040000 2.316962 -1.286222 -2.211642
1050000 3.358267 -1.461808 -2.198763
1060000 3.131288 -1.448134 -2.227339
1070000 2.393790 -1.418110 -2.336294
1080000 1.896869 -1.399802 -2.401035
1090000 2.485147 -1.229083 -2.291222
1100000 3.118830 -1.284578 -2.310443
1110000 3.679251 -1.387513 -2.285590
1120000 3.224182 -1.508073 -2.215948
1130000 2.999227 -1.439220 -2.293120
1140000 2.961470 -1.450272 -2.347177
1150000 2.636551 -1.521182 -2.209957
1160000 2.289920 -1.391233 -2.191258
1170000 2.540972 -1.352381 -2.253559
1180000 3.896937 -1.452589 -2.272376
1190000 4.042040 -1.506681 -2.251556
1200000 4.629212 -1.460978 -2.377647
1210000 4.531243 -1.364352 -2.328646
1220000 4.352825 -1.327403 -2.329486
1230000 4.217104 -1.406797 -2.169015
1240000 4.837281 -1.473153 -2.231738
1250000 3.785883 -1.451593 -2.138604
1260000 3.371329 -1.517315 -2.307123
1270000 4.547265 -1.508679 -2.258662
1280000 3.676391 -1.397946 -2.315609
1290000 4.626045 -1.324034 -2.248653
1300000 5.047279 -1.370164 -2.235889
1310000 4.777173 -1.369968 -2.252767
1320000 4.611993 -1.476975 -2.313222
1330000 2.924208 -1.418715 -2.343405
1340000 3.555756 -1.486545 -2.122942
1350000 2.683295 -1.372495 -2.340683
1360000 2.304424 -1.332627 -2.195837
1370000 1.833930 -1.438559 -2.275173
1380000 1.474152 -1.438531 -2.257787
1390000 1.375767 -1.435367 -2.154867
1400000 1.512920 -1.467702 -2.377891
1410000 1.956871 -1.457991 -2.373484
1420000 1.969774 -1.312810 -2.346411
1430000 2.767760 -1.545127 -2.286723
1440000 3.208572 -1.426054 -2.186646
1450000 2.908495 -1.425895 -2.099683
1460000 3.683777 -1.347803 -2.353631
1470000 4.120452 -1.426164 -2.152155
1480000 4.665774 -1.336723 -2.294506
1490000 4.883681 -1.490690 -2.195270
1500000 4.082527 -1.374794 -2.211954
1510000 5.079694 -1.282642 -2.287048
1520000 4.935348 -1.281645 -2.285781
1530000 3.860329 -1.373995 -2.188510
1540000 3.644965 -1.462111 -2.393124
1550000 3.750916 -1.338930 -2.249014
1560000 2.871263 -1.350426 -2.274658
1570000 2.072883 -1.380730 -2.236155
1580000 1.554781 -1.345127 -2.191645
1590000 1.559902 -1.413147 -2.155259
1600000 0.979022 -1.322083 -2.318333
1610000 0.956063 -1.488717 -2.181963
1620000 0.721705 -1.449987 -2.381612
1630000 0.837251 -1.341959 -2.294456
1640000 0.506173 -1.455150 -2.332358
1650000 0.505320 -1.592658 -2.255211
1660000 0.850398 -1.413163 -2.201293
1670000 1.146568 -1.318555 -2.246141
1680000 1.273877 -1.421578 -2.385119
1690000 1.302903 -1.414046 -2.263966
1700000 1.213095 -1.495956 -2.280136
1710000 1.215609 -1.365478 -2.284205
1720000 1.605093 -1.590306 -2.179030
1730000 1.045520 -1.327331 -2.315096
1740000 0.956233 -1.416893 -2.296957
1750000 0.725037 -1.231966 -2.329052
1760000 0.846584 -1.401974 -2.330778
1770000 0.943587 -1.270194 -2.276224
1780000 1.253311 -1.305774 -2.191346
1790000 1.211132 -1.361568 -2.262949
1800000 1.170216 -1.358778 -2.282951
1810000 1.418811 -1.330898 -2.258235
1820000 1.488250 -1.408797 -2.182450
1830000 1.749368 -1.274912 -2.210307
1840000 1.990447 -1.400528 -2.215636
1850000 1.736239 -1.362714 -2.267324
1860000 1.925543 -1.296479 -2.369355
1870000 2.562246 -1.278483 -2.330935
1880000 2.656164 -1.447652 -2.284242
1890000 3.106546 -1.448954 -2.247674
1900000 3.797816 -1.319727 -2.220461
1910000 3.468494 -1.259983 -2.320552
1920000 4.455802 -1.476511 -2.395240
1930000 4.519184 -1.446292 -2.265674
1940000 4.173667 -1.315818 -2.298824
1950000 4.368080 -1.450194 -2.360817
1960000 4.256055 -1.332634 -2.241704
1970000 4.334770 -1.415006 -2.200501
1980000 4.364503 -1.443474 -2.253479
1990000 3.639086 -1.402322 -2.327094
2000000 2.750117 -1.457592 -2.246837
2010000 2.254220 -1.431641 -2.350429
2020000 2.753211 -1.458167 -2.076641
2030000 2.130749 -1.488651 -2.198685
2040000 2.487021 -1.376127 -2.157246
2050000 3.434996 -1.387277 -2.371256
2060000 3.639467 -1.392588 -2.328746
2070000 3.447535 -1.278197 -2.219988
2080000 3.176011 -1.287772 -2.219914
2090000 3.819549 -1.449713 -2.169488
2100000 3.477898 -1.551825 -2.215624
2110000 4.010751 -1.294209 -2.116840
2120000 3.554060 -1.527175 -2.243113
2130000 2.976879 -1.505947 -2.267316
2140000 2.813508 -1.502732 -2.295280
2150000 3.683070 -1.369700 -2.257454
2160000 3.838771 -1.409484 -2.212301
2170000 3.822038 -1.526707 -2.139023
2180000 4.484809 -1.372989 -2.257311
2190000 2.652626 -1.431892 -2.324831
2200000 2.733644 -1.285786 -2.405247
2210000 2.007186 -1.429109 -2.225152
2220000 1.680473 -1.431981 -2.268355
2230000 1.952078 -1.392431 -2.291389
2240000 2.678784 -1.305392 -2.301803
2250000 2.720592 -1.337594 -2.378275
2260000 2.899366 -1.488060 -2.264525
2270000 2.447139 -1.402660 -2.264384
2280000 2.134020 -1.413869 -2.386408
2290000 3.197779 -1.323700 -2.211177
2300000 2.161541 -1.320849 -2.258509
2310000 1.569373 -1.333909 -2.302613
2320000 1.646295 -1.249927 -2.275292
2330000 1.371275 -1.560758 -2.192273
2340000 1.326160 -1.385766 -2.327045
2350000 1.139286 -1.381829 -2.283453
2360000 0.975389 -1.414051 -2.411415
2370000 0.902778 -1.382907 -2.327360
2380000 0.619869 -1.372463 -2.296751
2390000 0.921346 -1.377433 -2.324878
2400000 1.102586 -1.543664 -2.192863
2410000 1.319711 -1.359290 -2.300648
2420000 1.430927 -1.293062 -2.161071
2430000 1.195005 -1.464176 -2.201090
2440000 0.817468 -1.647549 -2.310974
2450000 0.800033 -1.399004 -2.244293
2460000 0.819065 -1.316180 -2.275847
2470000 1.053778 -1.417491 -2.352813
2480000 1.207062 -1.566574 -2.265329
2490000 1.397137 -1.377322 -2.197126
2500000 1.701436 -1.328185 -2.262646
2510000 2.086865 -1.383546 -2.303849
2520000 1.688483 -1.383233 -2.244584
2530000 1.645466 -1.387418 -2.405914
2540000 1.856408 -1.464849 -2.321696
2550000 2.122141 -1.368642 -2.255936
2560000 1.931790 -1.221464 -2.316918
2570000 2.304184 -1.410660 -2.395679
2580000 3.412550 -1.333495 -2.282191
2590000 2.605163 -1.354521 -2.261127
2600000 2.388822 -1.407389 -2.244543
2610000 1.823193 -1.308786 -2.328609
2620000 2.332369 -1.330648 -2.264394
2630000 2.187789 -1.412466 -2.333448
2640000 2.221812 -1.376172 -2.258488
2650000 2.645442 -1.283499 -2.232877
2660000 1.947990 -1.385537 -2.217148
2670000 2.090579 -1.437103 -2.255021
2680000 4.075582 -1.469594 -2.207476
2690000 4.220252 -1.448422 -2.342433
2700000 4.653676 -1.361394 -2.388987
2710000 4.221996 -1.446025 -2.352473
2720000 3.269718 -1.371126 -2.203485
2730000 3.315223 -1.364231 -2.385650
2740000 4.615951 -1.397874 -2.254895
2750000 4.719306 -1.506180 -2.338942
2760000 4.162644 -1.451638 -2.371379
2770000 4.300367 -1.379232 -2.190618
2780000 4.696071 -1.455677 -2.329642
2790000 4.300299 -1.398223 -2.342685
2800000 3.437822 -1.431014 -2.131377
2810000 3.139824 -1.463095 -2.318091
2820000 3.293958 -1.405913 -2.147183
2830000 4.066128 -1.494022 -2.213738
2840000 3.391985 -1.364998 -2.287068
2850000 3.952928 -1.309829 -2.278601
2860000 3.686951 -1.361374 -2.292779
2870000 3.222863 -1.533489 -2.206176
2880000 3.343668 -1.332751 -2.340281
2890000 4.274186 -1.419548 -2.202769
2900000 4.716213 -1.307025 -2.456638
2910000 4.330181 -1.451403 -2.236185
2920000 4.522369 -1.366187 -2.251454
2930000 4.460576 -1.263966 -2.240347
2940000 4.586863 -1.424918 -2.203083
2950000 5.042528 -1.404006 -2.304863
2960000 4.985100 -1.444404 -2.275312
2970000 3.868338 -1.473655 -2.218137
2980000 3.293954 -1.335432 -2.408881
2990000 2.942173 -1.494491 -2.318557
3000000 3.174936 -1.435450 -2.208584
3010000 2.559752 -1.383899 -2.160769
3020000 3.346123 -1.379600 -2.252199
3030000 3.366718 -1.335383 -2.316722
3040000 3.531491 -1.387382 -2.342197
3050000 2.651041 -1.345832 -2.214792
3060000 2.388523 -1.404617 -2.294146
3070000 2.697231 -1.357502 -2.288906
3080000 2.969822 -1.249393 -2.238039
3090000 3.259171 -1.441661 -2.285160
3100000 3.785056 -1.308556 -2.280553
3110000 2.647358 -1.403777 -2.373750
3120000 2.896627 -1.490974 -2.257566
3130000 4.598813 -1.571845 -2.170675
3140000 4.691504 -1.347612 -2.257500
3150000 4.195884 -1.495338 -2.217176
3160000 4.512133 -1.357808 -2.313421
3170000 3.904915 -1.468509 -2.344480
3180000 3.566445 -1.309173 -2.271336
3190000 2.964270 -1.308362 -2.224289
3200000 3.981076 -1.329736 -2.210152
3210000 4.771618 -1.482364 -2.208617
3220000 4.384652 -1.294768 -2.369978
3230000 4.806044 -1.433661 -2.256702
3240000 4.646045 -1.446295 -2.260924
3250000 3.998331 -1.326065 -2.350308
3260000 3.883303 -1.459567 -2.343564
3270000 2.433594 -1.312846 -2.280537
3280000 2.193950 -1.523402 -2.343041
3290000 2.778964 -1.359117 -2.317293
3300000 1.903283 -1.434339 -2.484579
3310000 1.976470 -1.435596 -2.300474
3320000 1.461978 -1.474849 -2.347672
3330000 1.502563 -1.386275 -2.390188
3340000 1.682025 -1.241107 -2.221138
3350000 1.690139 -1.420576 -2.127074
3360000 2.207059 -1.423965 -2.123020
3370000 2.714638 -1.307886 -2.240390
3380000 2.287381 -1.366686 -2.143533
3390000 2.558777 -1.391806 -2.201588
3400000 2.974356 -1.474136 -2.195457
3410000 2.581319 -1.439669 -2.180416
3420000 2.887704 -1.279464 -2.188556
3430000 2.478945 -1.529227 -2.213236
3440000 2.152568 -1.429704 -2.211475
3450000 1.952737 -1.409776 -2.345555
3460000 1.904238 -1.318852 -2.335953
3470000 1.765574 -1.356193 -2.197685
3480000 1.400947 -1.416690 -2.192679
3490000 1.517027 -1.278304 -2.191103
3500000 1.658418 -1.312167 -2.166337
3510000 1.648289 -1.329774 -2.453039
3520000 1.356375 -1.361498 -2.239472
3530000 1.432783 -1.438831 -2.244382
3540000 1.200061 -1.534048 -2.250969
3550000 1.021967 -1.384015 -2.397006
3560000 1.115860 -1.417118 -2.238625
3570000 1.096048 -1.436131 -2.360959
3580000 0.592692 -1.469310 -2.261554
3590000 0.697757 -1.390823 -2.278884
3600000 0.654124 -1.365865 -2.242505
3610000 0.621545 -1.402404 -2.259405
3620000 0.707740 -1.469156 -2.202875
3630000 0.839229 -1.446420 -2.117818
3640000 0.862626 -1.395754 -2.169656
3650000 0.981633 -1.444310 -2.219842
3660000 0.768940 -1.344789 -2.285117
3670000 0.694346 -1.316041 -2.356006
3680000 0.951837 -1.337704 -2.235951
3690000 0.966596 -1.435755 -2.409560
3700000 0.979542 -1.399269 -2.349656
3710000 1.133998 -1.290562 -2.203216
3720000 1.124058 -1.332201 -2.176314
3730000 1.330617 -1.555334 -2.240760
3740000 1.299272 -1.352335 -2.303558
3750000 1.441387 -1.470000 -2.214851
3760000 1.531136 -1.383495 -2.174102
3770000 1.233778 -1.420824 -2.365470
3780000 1.182071 -1.388379 -2.231392
3790000 1.130466 -1.361078 -2.361038
3800000 0.870121 -1.300234 -2.286730
3810000 0.861976 -1.218526 -2.303770
3820000 1.204811 -1.469513 -2.311670
3830000 1.102911 -1.354727 -2.382724
3840000 1.305542 -1.442788 -2.246385
3850000 1.649801 -1.386510 -2.283116
3860000 1.606736 -1.388075 -2.355004
3870000 1.930596 -1.429385 -2.320363
3880000 3.004293 -1.319374 -2.292469
3890000 2.112050 -1.474899 -2.279755
3900000 2.143666 -1.329598 -2.224242
3910000 3.048327 -1.378824 -2.299085
3920000 3.308531 -1.281601 -2.314569
3930000 4.107177 -1.404769 -2.138122
3940000 3.902525 -1.462093 -2.370620
3950000 4.441213 -1.496555 -2.194601
3960000 4.250841 -1.470625 -2.308883
3970000 4.071029 -1.490854 -2.315038
3980000 4.488721 -1.494074 -2.324527
3990000 4.862870 -1.313974 -2.243925
4000000 4.362808 -1.430674 -2.312947
