100000 1.221691 -1.420081 -2.457290
110000 1.425729 -1.461990 -2.455937
120000 1.109752 -1.433314 -2.490006
130000 0.900584 -1.432290 -2.343606
140000 1.849017 -1.403603 -2.503148
150000 1.676019 -1.342328 -2.499156
160000 2.052069 -1.269537 -2.568237
170000 1.475584 -1.321473 -2.432409
180000 0.637388 -1.473975 -2.516730
190000 1.007068 -1.408437 -2.427383
200000 1.627220 -1.322455 -2.480073
210000 2.429606 -1.349878 -2.454740
220000 3.931213 -1.242957 -2.446703
230000 3.401696 -1.394477 -2.426524
240000 2.659141 -1.379659 -2.413621
250000 4.386907 -1.445025 -2.438942
260000 4.545722 -1.457978 -2.473544
270000 4.645610 -1.488726 -2.424997
280000 4.202937 -1.412889 -2.523259
290000 3.362357 -1.533290 -2.484575
300000 4.850872 -1.372164 -2.386131
310000 4.805109 -1.468182 -2.421895
320000 4.616302 -1.354704 -2.460121
330000 2.895173 -1.340204 -2.443437
340000 3.346470 -1.490419 -2.328824
350000 2.199725 -1.364731 -2.329881
360000 1.817604 -1.345662 -2.456776
370000 2.312000 -1.334529 -2.250749
380000 3.665356 -1.397728 -2.525694
390000 4.421195 -1.384083 -2.508174
400000 3.658603 -1.315004 -2.451318
410000 3.064651 -1.359010 -2.367613
420000 2.690958 -1.313023 -2.373038
430000 3.468448 -1.356170 -2.500228
440000 4.488428 -1.468102 -2.396162
450000 4.379396 -1.421994 -2.406984
460000 4.407717 -1.377328 -2.421241
470000 4.072622 -1.464641 -2.469603
480000 4.906625 -1.352744 -2.388519
490000 3.875869 -1.377708 -2.435525
500000 2.661669 -1.277134 -2.501988
510000 3.568062 -1.431642 -2.344917
520000 4.939697 -1.380584 -2.437989
530000 3.064130 -1.397009 -2.460493
540000 2.347736 -1.299986 -2.468815
550000 2.579864 -1.349319 -2.493182
560000 2.206580 -1.333222 -2.512877
570000 2.488001 -1.304817 -2.377502
580000 1.511252 -1.331054 -2.409221
590000 1.188427 -1.281020 -2.386373
600000 0.735039 -1.356993 -2.391685
610000 0.837066 -1.415758 -2.437428
620000 0.948116 -1.326457 -2.430420
630000 1.310746 -1.495659 -2.456373
640000 1.743025 -1.453269 -2.542743
650000 2.269054 -1.347757 -2.499645
660000 2.976434 -1.457572 -2.448595
670000 3.910629 -1.344628 -2.495992
680000 3.750722 -1.384777 -2.375313
690000 3.807937 -1.316668 -2.403685
700000 3.508693 -1.285067 -2.390844
710000 2.511594 -1.362264 -2.484970
720000 3.520992 -1.452445 -2.383064
730000 4.506526 -1.415025 -2.545440
740000 4.460400 -1.463317 -2.495203
750000 3.497505 -1.445467 -2.510399
760000 3.020109 -1.489823 -2.573952
770000 4.388804 -1.368185 -2.514559
780000 3.836619 -1.393914 -2.361966
790000 3.460784 -1.369625 -2.430934
800000 2.275803 -1.391499 -2.435986
810000 2.419857 -1.565518 -2.471741
820000 2.850743 -1.336920 -2.408872
830000 2.946131 -1.481801 -2.420976
840000 3.315204 -1.444892 -2.439147
850000 1.841298 -1.501706 -2.419143
860000 1.477996 -1.433160 -2.411336
870000 2.003454 -1.338632 -2.448260
880000 1.763362 -1.569592 -2.532233
890000 1.266024 -1.413043 -2.442586
900000 1.740380 -1.309210 -2.475954
910000 1.648736 -1.423078 -2.452824
920000 1.045842 -1.369736 -2.554798
930000 0.630206 -1.394851 -2.429281
940000 0.856856 -1.372286 -2.332471
950000 0.507458 -1.442046 -2.466068
960000 0.565244 -1.382540 -2.467600
970000 1.198256 -1.447020 -2.348335
980000 1.263242 -1.456560 -2.480058
990000 1.313227 -1.398861 -2.523202
1000000 2.286426 -1.380044 -2.463844
1010000 2.562595 -1.335821 -2.454098
1020000 3.602333 -1.331821 -2.402979
1030000 4.679835 -1.290518 -2.478387
1040000 4.883984 -1.547398 -2.453228
