100000 2.977205 -1.581964 2.414253
110000 4.487779 -1.584014 2.406358
120000 4.776599 -1.496538 2.528954
130000 4.071051 -1.459491 2.485478
140000 3.101095 -1.588766 2.355408
150000 2.543586 -1.537571 2.387236
160000 1.961363 -1.567496 2.429260
170000 1.970842 -1.492743 2.413317
180000 2.902055 -1.399889 2.454763
190000 1.593316 -1.611715 2.441868
200000 1.283753 -1.539275 2.459095
210000 0.856413 -1.582986 2.460533
220000 1.519366 -1.492610 2.373184
230000 0.861124 -1.594438 2.466503
240000 0.918337 -1.465375 2.423257
250000 1.569553 -1.597410 2.426474
260000 1.921364 -1.601171 2.441876
270000 2.441994 -1.610643 2.423678
280000 2.203744 -1.437974 2.451947
290000 3.429514 -1.438264 2.435495
300000 3.921028 -1.625908 2.347399
310000 3.480131 -1.427398 2.444451
320000 3.825314 -1.611344 2.522659
330000 4.471070 -1.578247 2.379796
340000 4.894307 -1.573179 2.325524
350000 5.000810 -1.657782 2.442907
360000 3.060353 -1.787229 2.441847
370000 3.278238 -1.428379 2.459676
380000 4.380723 -1.589887 2.487099
390000 3.293560 -1.657588 2.439095
400000 1.891842 -1.515786 2.517214
410000 2.488661 -1.587176 2.453963
420000 1.656105 -1.573502 2.478540
430000 1.294260 -1.306630 2.415774
440000 0.766228 -1.497578 2.309398
450000 1.016740 -1.624236 2.450427
460000 1.719487 -1.454073 2.530449
470000 1.792380 -1.459882 2.430026
480000 1.279540 -1.661015 2.507338
490000 1.135018 -1.703065 2.444448
500000 0.942672 -1.459434 2.389901
510000 0.792704 -1.590276 2.490596
520000 0.881266 -1.568672 2.372793
530000 1.042765 -1.592132 2.308552
540000 1.498885 -1.537440 2.348225
550000 2.061254 -1.519163 2.334180
560000 2.524921 -1.500350 2.562466
570000 3.286748 -1.518251 2.551764
580000 4.627742 -1.528443 2.463085
590000 3.900235 -1.554051 2.421096
600000 4.784841 -1.477344 2.482011
610000 4.966796 -1.620296 2.476429
620000 5.034683 -1.405679 2.522279
630000 4.262227 -1.451314 2.417367
640000 3.503001 -1.627595 2.525589
650000 2.887688 -1.591127 2.461310
660000 3.159574 -1.600644 2.447311
670000 4.466576 -1.562815 2.427670
680000 3.312394 -1.526362 2.483818
690000 3.273143 -1.543818 2.396227
700000 2.374798 -1.529840 2.360709
710000 2.369573 -1.556862 2.603099
720000 2.168727 -1.694344 2.394051
730000 1.846090 -1.475081 2.318387
740000 2.500582 -1.480823 2.466106
750000 3.485447 -1.509040 2.521122
760000 4.497225 -1.590133 2.473674
770000 4.400963 -1.502736 2.466322
780000 4.660285 -1.496737 2.498017
790000 3.977173 -1.649402 2.470690
800000 4.739883 -1.591493 2.302278
810000 4.677295 -1.643520 2.534287
820000 4.973723 -1.465271 2.412379
830000 4.600741 -1.628172 2.406690
840000 2.861969 -1.603024 2.464604
850000 4.118257 -1.614685 2.412869
860000 2.960984 -1.605129 2.432477
870000 1.758384 -1.651705 2.418588
880000 1.472114 -1.493104 2.438804
890000 2.214896 -1.519837 2.290570
900000 2.278734 -1.602429 2.367051
910000 3.835051 -1.667927 2.369044
920000 3.941677 -1.534078 2.446506
930000 2.857653 -1.505283 2.419388
940000 2.213463 -1.487411 2.387115
950000 1.964453 -1.600805 2.493165
960000 1.292868 -1.465971 2.420297
970000 1.844059 -1.554758 2.404927
980000 1.406017 -1.615549 2.495292
990000 2.327168 -1.467878 2.423299
1000000 2.115113 -1.618739 2.531465
1010000 4.298343 -1.516677 2.432641
1020000 4.809963 -1.511922 2.539457
1030000 4.421370 -1.537457 2.390920
1040000 4.402706 -1.616328 2.450057
1050000 3.819201 -1.575980 2.424149
1060000 2.955514 -1.552685 2.460795
1070000 3.279596 -1.561146 2.498603
1080000 3.616728 -1.532884 2.363285
1090000 3.843040 -1.598039 2.430063
1100000 4.280401 -1.629142 2.412341
1110000 4.308457 -1.635076 2.388508
1120000 4.509179 -1.529523 2.529683
1130000 4.528658 -1.565570 2.327672
1140000 3.137789 -1.633346 2.463498
1150000 3.546910 -1.593183 2.492159
1160000 2.422952 -1.584852 2.402416
1170000 3.145793 -1.589801 2.406241
1180000 2.191854 -1.651253 2.457993
1190000 2.413031 -1.567107 2.366594
1200000 1.887209 -1.573436 2.509094
1210000 2.136357 -1.561503 2.488490
1220000 2.187020 -1.646530 2.479050
1230000 3.234276 -1.600555 2.580300
1240000 3.857705 -1.468257 2.522436
1250000 3.835548 -1.511629 2.449595
1260000 4.261257 -1.643290 2.428152
1270000 5.099430 -1.414198 2.332276
1280000 4.627921 -1.583781 2.468603
1290000 5.075452 -1.572984 2.487920
1300000 3.483049 -1.539014 2.451308
1310000 3.415735 -1.569377 2.469481
1320000 2.922991 -1.565383 2.465521
1330000 1.793651 -1.556456 2.355893
1340000 1.250450 -1.740470 2.366159
1350000 1.326061 -1.523373 2.356346
1360000 1.548547 -1.542712 2.427478
1370000 1.417064 -1.679723 2.556514
1380000 1.347457 -1.528224 2.456665
1390000 1.043077 -1.557970 2.410404
1400000 0.503295 -1.601116 2.418860
1410000 0.690071 -1.574330 2.566510
1420000 0.570468 -1.657869 2.363771
1430000 0.810135 -1.663557 2.471129
1440000 0.877373 -1.482815 2.305158
1450000 0.499299 -1.567612 2.559761
1460000 0.508689 -1.618294 2.394974
1470000 0.963227 -1.569444 2.575739
1480000 0.977408 -1.570364 2.529893
1490000 0.758003 -1.662310 2.464143
1500000 1.106801 -1.620781 2.412071
1510000 1.022229 -1.696537 2.502270
1520000 1.449876 -1.587524 2.371464
1530000 1.739598 -1.516645 2.402940
1540000 1.772780 -1.555340 2.378244
1550000 2.030047 -1.556950 2.443987
1560000 2.153641 -1.551606 2.501812
1570000 1.902998 -1.517282 2.535810
1580000 2.508898 -1.579773 2.560975
1590000 3.889597 -1.498440 2.432648
1600000 4.659550 -1.558752 2.489628
1610000 4.286609 -1.589790 2.443296
1620000 3.463255 -1.585598 2.322734
1630000 3.164374 -1.624659 2.551163
1640000 3.693927 -1.529679 2.421871
1650000 3.828479 -1.613653 2.426567
1660000 4.364290 -1.633528 2.500199
1670000 4.299725 -1.541447 2.347181
1680000 3.179393 -1.571865 2.420844
1690000 3.140480 -1.608049 2.435775
1700000 2.473347 -1.582379 2.456057
1710000 2.700606 -1.483065 2.502554
1720000 2.756240 -1.647785 2.512268
1730000 2.786774 -1.578409 2.428382
1740000 4.030288 -1.616094 2.408901
1750000 4.418875 -1.574424 2.400942
1760000 3.410563 -1.598571 2.442324
1770000 4.366286 -1.638593 2.516819
1780000 5.018717 -1.673132 2.476306
1790000 4.437032 -1.638481 2.418586
1800000 3.873568 -1.525097 2.474040
1810000 3.731506 -1.642265 2.424097
1820000 2.268181 -1.488536 2.465606
1830000 1.994764 -1.512335 2.481884
1840000 1.934528 -1.631084 2.446523
1850000 1.728064 -1.612934 2.519165
1860000 1.112593 -1.549843 2.458120
1870000 0.813355 -1.565687 2.460328
1880000 1.073533 -1.586512 2.562527
1890000 1.167786 -1.534877 2.490290
1900000 1.006355 -1.593131 2.406127
1910000 0.841363 -1.710727 2.359832
1920000 1.352691 -1.656189 2.430579
1930000 0.727748 -1.479992 2.312743
1940000 0.610627 -1.558699 2.481268
1950000 0.785034 -1.469009 2.404842
1960000 0.703722 -1.653157 2.558073
1970000 0.730395 -1.550157 2.463599
1980000 0.769627 -1.596519 2.408372
1990000 0.597914 -1.682723 2.503587
2000000 0.563225 -1.653369 2.533725
2010000 0.663621 -1.606810 2.462069
2020000 0.501419 -1.709557 2.480639
2030000 0.558833 -1.580535 2.391688
2040000 0.987551 -1.524855 2.480961
2050000 1.510285 -1.441807 2.436773
2060000 1.172936 -1.703637 2.424996
2070000 1.799573 -1.623803 2.398802
2080000 1.720983 -1.591107 2.547324
2090000 1.497894 -1.506651 2.450073
2100000 1.423041 -1.668579 2.596438
2110000 1.555178 -1.675666 2.513984
2120000 2.181198 -1.631366 2.503904
2130000 2.007119 -1.588277 2.428666
2140000 2.645563 -1.600016 2.447488
2150000 2.673288 -1.686181 2.429567
2160000 2.790510 -1.588274 2.560969
2170000 3.768302 -1.658067 2.455818
2180000 4.420109 -1.669016 2.297132
2190000 3.354875 -1.478512 2.537126
2200000 3.123563 -1.618553 2.479924
2210000 3.021167 -1.520165 2.345097
2220000 3.337756 -1.602567 2.492998
2230000 4.269634 -1.613089 2.410003
2240000 3.647926 -1.659788 2.359819
2250000 4.791091 -1.602256 2.417275
2260000 4.991624 -1.419798 2.590644
2270000 4.637179 -1.489948 2.381120
2280000 4.131588 -1.492947 2.457507
2290000 4.388437 -1.519033 2.503349
2300000 4.033083 -1.553994 2.442659
2310000 3.308923 -1.618504 2.430568
2320000 3.034215 -1.551722 2.571737
2330000 2.669303 -1.654131 2.401023
2340000 2.037522 -1.481998 2.463264
2350000 2.206544 -1.555244 2.357875
2360000 2.419507 -1.478294 2.428339
2370000 2.432497 -1.504982 2.387315
2380000 2.607838 -1.729924 2.402945
2390000 3.214909 -1.605797 2.427142
2400000 4.211224 -1.628294 2.425619
2410000 2.831581 -1.659313 2.395833
2420000 3.086482 -1.545836 2.372953
2430000 4.140201 -1.629834 2.608661
2440000 4.070322 -1.601070 2.354003
2450000 3.273898 -1.492253 2.303027
2460000 2.758450 -1.608182 2.418182
2470000 3.580523 -1.509953 2.362342
2480000 4.855286 -1.516346 2.368500
2490000 4.364243 -1.678700 2.520289
2500000 4.915544 -1.651967 2.516933
2510000 4.746372 -1.672218 2.495546
2520000 4.193843 -1.680232 2.527288
2530000 4.684840 -1.535387 2.497564
2540000 4.199350 -1.525173 2.516356
2550000 3.613024 -1.582520 2.508337
2560000 3.798937 -1.633841 2.448808
2570000 4.002567 -1.589425 2.550305
2580000 3.621738 -1.448698 2.530922
2590000 3.014236 -1.433805 2.419049
2600000 2.515306 -1.531741 2.503836
2610000 1.930293 -1.516422 2.498191
2620000 1.972545 -1.573992 2.453948
2630000 2.733078 -1.573980 2.420104
2640000 2.384888 -1.462287 2.397558
2650000 3.380356 -1.601300 2.427474
2660000 3.784258 -1.538750 2.420828
2670000 3.926131 -1.582095 2.296316
2680000 4.227403 -1.679931 2.471323
2690000 4.304596 -1.608213 2.601311
2700000 3.385533 -1.710211 2.467588
2710000 2.624493 -1.599484 2.537735
2720000 2.792954 -1.640458 2.436298
2730000 3.352472 -1.520007 2.496170
2740000 3.148798 -1.539738 2.387744
2750000 2.102829 -1.499041 2.445317
2760000 2.477136 -1.530341 2.741767
2770000 1.789747 -1.443780 2.408906
2780000 1.722985 -1.500432 2.389797
2790000 1.549999 -1.628042 2.470606
2800000 1.660073 -1.588737 2.357429
2810000 1.193257 -1.536003 2.424207
2820000 1.301442 -1.537151 2.415458
2830000 1.169018 -1.578550 2.450859
2840000 1.015737 -1.467262 2.238237
2850000 1.023076 -1.558234 2.459974
2860000 0.929408 -1.612716 2.466233
2870000 1.092638 -1.704804 2.440314
2880000 1.185192 -1.655315 2.313066
2890000 1.162272 -1.591262 2.430061
2900000 1.041523 -1.612618 2.458876
2910000 1.421315 -1.495458 2.399433
2920000 1.494333 -1.572107 2.443587
2930000 1.487313 -1.669834 2.453656
2940000 1.374444 -1.598256 2.422953
2950000 1.759205 -1.440844 2.395536
2960000 2.300212 -1.467551 2.393920
2970000 1.937992 -1.708083 2.370187
2980000 1.853228 -1.665997 2.423334
2990000 2.426775 -1.497986 2.420038
3000000 2.579534 -1.731785 2.516442
3010000 2.332899 -1.556245 2.367153
3020000 2.131562 -1.576142 2.502602
3030000 2.263375 -1.433659 2.465416
3040000 3.976122 -1.574637 2.526579
3050000 4.638083 -1.525873 2.478719
3060000 4.520194 -1.648805 2.384387
3070000 3.916677 -1.467276 2.375036
3080000 3.325693 -1.548875 2.545386
3090000 3.524370 -1.575930 2.463116
3100000 5.033426 -1.505244 2.426861
3110000 3.954010 -1.685984 2.514257
3120000 4.899906 -1.539060 2.455500
3130000 4.334186 -1.580238 2.511606
3140000 3.712578 -1.505371 2.394371
3150000 4.337766 -1.532074 2.456884
3160000 4.166168 -1.581979 2.582984
3170000 4.250546 -1.530502 2.422692
3180000 4.806528 -1.595782 2.476234
3190000 4.837695 -1.656585 2.329922
3200000 4.883228 -1.464732 2.436838
3210000 4.801242 -1.583741 2.382643
3220000 4.853259 -1.494215 2.411295
3230000 4.598318 -1.589634 2.486943
3240000 4.508116 -1.572326 2.506280
3250000 5.020470 -1.549046 2.468106
3260000 3.842912 -1.552899 2.475816
3270000 3.297580 -1.575166 2.518785
3280000 2.892572 -1.469643 2.487037
3290000 2.827733 -1.540697 2.233727
3300000 3.605570 -1.545672 2.437322
3310000 2.829938 -1.601375 2.429203
3320000 3.212921 -1.503927 2.555950
3330000 3.236762 -1.426354 2.398298
3340000 2.706017 -1.527568 2.376208
3350000 3.319893 -1.503420 2.407449
3360000 3.723802 -1.669693 2.362097
3370000 4.219038 -1.469653 2.378791
3380000 3.743175 -1.525740 2.329955
3390000 3.352784 -1.617085 2.404667
3400000 2.958244 -1.666997 2.494835
3410000 4.004805 -1.635443 2.537711
3420000 3.624986 -1.510241 2.519488
3430000 4.340739 -1.675854 2.509384
3440000 4.594749 -1.584996 2.479084
3450000 4.956619 -1.574417 2.382960
3460000 4.363836 -1.658544 2.477920
3470000 4.092724 -1.666332 2.444500
3480000 4.353086 -1.542838 2.613965
3490000 4.901662 -1.667320 2.501230
3500000 5.040826 -1.603622 2.450593
3510000 4.457309 -1.505742 2.352105
3520000 3.286333 -1.648683 2.431120
3530000 3.194085 -1.684747 2.444211
3540000 2.330021 -1.594555 2.459385
3550000 1.768065 -1.544052 2.416209
3560000 1.886086 -1.474163 2.522544
3570000 1.646545 -1.633150 2.405883
3580000 1.628140 -1.567031 2.484634
3590000 1.245349 -1.522744 2.467947
3600000 1.206919 -1.595573 2.435479
3610000 1.576733 -1.587418 2.459274
3620000 1.518222 -1.580710 2.527951
3630000 1.708585 -1.509723 2.323666
3640000 1.756537 -1.496205 2.357432
3650000 1.589242 -1.606570 2.406602
3660000 1.425779 -1.530257 2.350114
3670000 2.017052 -1.634180 2.457956
3680000 1.765663 -1.569146 2.340950
3690000 1.280463 -1.512643 2.350039
3700000 1.295464 -1.422177 2.454482
3710000 1.174378 -1.573397 2.426303
3720000 1.132031 -1.610371 2.570374
3730000 1.060287 -1.624639 2.523677
3740000 0.885415 -1.672824 2.583280
3750000 0.755250 -1.725837 2.341386
3760000 1.073061 -1.547984 2.274434
3770000 0.710586 -1.519675 2.448941
3780000 0.712486 -1.640427 2.421244
3790000 0.847331 -1.568803 2.406699
3800000 0.857974 -1.711006 2.419994
3810000 0.954545 -1.621519 2.496731
3820000 0.908493 -1.662600 2.455836
3830000 1.110332 -1.702162 2.338281
3840000 1.072120 -1.453173 2.466171
3850000 1.144314 -1.475705 2.412421
3860000 1.180821 -1.532552 2.474762
3870000 1.100658 -1.415563 2.500584
3880000 1.171160 -1.590040 2.524439
3890000 1.466988 -1.605008 2.454089
3900000 1.581189 -1.604636 2.471806
3910000 1.627949 -1.520712 2.413225
3920000 1.443266 -1.447213 2.513350
3930000 2.095438 -1.670793 2.465956
3940000 2.883379 -1.591267 2.528867
3950000 2.453636 -1.520179 2.424115
3960000 2.567404 -1.654260 2.505249
3970000 1.995592 -1.590223 2.441329
3980000 2.361341 -1.447538 2.454713
3990000 2.044000 -1.449991 2.307945
4000000 2.723893 -1.465341 2.502660
