100000 3.544955 -1.647153 2.209972
110000 2.940073 -1.579046 2.254767
120000 1.774874 -1.541019 2.322807
130000 1.502088 -1.532244 2.226458
140000 1.221245 -1.507013 2.220727
150000 0.687884 -1.480954 2.268325
160000 1.058515 -1.562562 2.311720
170000 1.441199 -1.500901 2.174013
180000 1.462115 -1.478915 2.340446
190000 2.386741 -1.526912 2.312358
200000 2.304189 -1.631604 2.380296
210000 3.484224 -1.497502 2.252169
220000 4.190496 -1.428711 2.261286
230000 3.393411 -1.607353 2.412030
240000 2.417171 -1.606896 2.189440
250000 3.021623 -1.569230 2.238195
260000 1.793751 -1.636023 2.229768
270000 2.299561 -1.574661 2.210928
280000 1.173426 -1.608758 2.333198
290000 1.527598 -1.582514 2.341955
300000 0.928644 -1.505245 2.264071
310000 1.073432 -1.603236 2.371757
320000 0.611556 -1.541572 2.358314
330000 1.448891 -1.658525 2.201636
340000 1.721162 -1.592721 2.402800
350000 1.395695 -1.524753 2.244935
360000 1.289813 -1.560779 2.302110
370000 0.750209 -1.667916 2.339004
380000 0.777276 -1.638297 2.298711
390000 0.525043 -1.661871 2.285464
400000 0.890259 -1.680859 2.199177
410000 0.896112 -1.593964 2.229801
420000 1.550734 -1.581554 2.264159
430000 2.489724 -1.462769 2.300917
440000 3.920868 -1.524178 2.238051
450000 3.789188 -1.657627 2.301997
460000 4.349402 -1.616622 2.379442
470000 3.810382 -1.518397 2.280216
480000 3.645435 -1.604898 2.255075
490000 3.419716 -1.481718 2.373592
500000 2.360752 -1.632562 2.299039
510000 3.198591 -1.558369 2.201652
520000 3.776225 -1.487114 2.259431
530000 1.923898 -1.595175 2.225475
540000 3.618363 -1.531804 2.219903
550000 2.583177 -1.484741 2.306572
560000 2.903486 -1.412803 2.325602
570000 4.415511 -1.666912 2.392998
580000 5.025694 -1.466897 2.264418
590000 4.944612 -1.652384 2.261323
600000 3.635938 -1.625088 2.173137
610000 4.799616 -1.602462 2.340839
620000 4.214873 -1.543419 2.239043
630000 4.964831 -1.489234 2.231922
640000 3.894152 -1.526221 2.237429
650000 3.931737 -1.514653 2.292854
660000 4.750959 -1.631520 2.224747
670000 3.559079 -1.578440 2.306045
680000 3.302963 -1.466887 2.278671
690000 1.889497 -1.521826 2.291686
700000 2.256720 -1.594700 2.145412
710000 2.348127 -1.556381 2.223366
720000 2.121284 -1.480545 2.389633
730000 2.015976 -1.474221 2.226640
740000 1.639022 -1.638939 2.212675
750000 1.847169 -1.568139 2.216254
760000 1.335477 -1.585118 2.173637
770000 1.326316 -1.559165 2.241987
780000 1.185166 -1.558206 2.334928
790000 1.897841 -1.513466 2.249499
800000 1.536422 -1.626442 2.343598
810000 0.890509 -1.628364 2.331513
820000 0.738824 -1.563774 2.226963
830000 1.517577 -1.504613 2.257342
840000 2.012016 -1.637012 2.215122
850000 2.608180 -1.531648 2.297363
860000 3.924886 -1.580358 2.257878
870000 4.842619 -1.507347 2.173995
880000 4.574154 -1.588161 2.248525
890000 4.296792 -1.526268 2.196502
900000 4.526950 -1.483624 2.258479
910000 3.744036 -1.493649 2.261404
920000 3.438065 -1.555899 2.372325
930000 2.671715 -1.607797 2.277107
940000 3.694979 -1.413751 2.190162
950000 4.011484 -1.539780 2.296497
960000 3.991076 -1.494622 2.372823
970000 3.832689 -1.645881 2.210480
980000 4.127972 -1.631050 2.263339
990000 3.799855 -1.471400 2.214778
1000000 4.297833 -1.679343 2.180693
1010000 4.937440 -1.612033 2.307837
1020000 4.772415 -1.599559 2.301141
1030000 3.133428 -1.565878 2.189367
1040000 2.133118 -1.517724 2.293248
1050000 2.595155 -1.537237 2.439888
1060000 3.182567 -1.668695 2.203797
1070000 3.764135 -1.628507 2.313745
1080000 2.704030 -1.669094 2.263134
1090000 2.243193 -1.583793 2.204375
1100000 2.027539 -1.618175 2.250963
1110000 2.346986 -1.578929 2.325974
1120000 3.637003 -1.668433 2.286044
1130000 2.833345 -1.567945 2.422249
1140000 4.314031 -1.537191 2.286685
1150000 4.157087 -1.628610 2.322087
1160000 4.540431 -1.579998 2.231977
1170000 4.236396 -1.484613 2.328811
1180000 4.340385 -1.491808 2.374259
1190000 4.719118 -1.462929 2.265669
1200000 4.663126 -1.598712 2.303799
1210000 3.914370 -1.545497 2.219314
1220000 3.343450 -1.501926 2.246150
1230000 2.491601 -1.522799 2.207943
1240000 2.257200 -1.501875 2.256557
1250000 1.965142 -1.644914 2.359250
1260000 1.770843 -1.480049 2.396888
1270000 2.066380 -1.561142 2.292219
1280000 2.040549 -1.568180 2.215556
1290000 2.885276 -1.553822 2.375339
1300000 4.030030 -1.517407 2.370600
1310000 3.631624 -1.667860 2.218721
1320000 3.731023 -1.567449 2.199122
1330000 4.301125 -1.512181 2.199859
1340000 2.472342 -1.629466 2.357956
1350000 2.021419 -1.543885 2.300449
1360000 2.479916 -1.566495 2.132945
1370000 2.724505 -1.552176 2.189676
1380000 2.829664 -1.604314 2.113153
1390000 2.151985 -1.600048 2.250458
1400000 3.013449 -1.506738 2.195128
1410000 4.438286 -1.521213 2.292835
1420000 4.481397 -1.624119 2.257480
1430000 4.502387 -1.532613 2.242023
1440000 4.756952 -1.611698 2.366282
1450000 4.717569 -1.639127 2.365215
1460000 4.631076 -1.606509 2.148205
1470000 3.877759 -1.587939 2.274326
1480000 4.223020 -1.595479 2.258859
1490000 3.694470 -1.553729 2.289410
1500000 3.501479 -1.638875 2.163986
1510000 3.482708 -1.698577 2.270598
1520000 3.373329 -1.519205 2.302278
1530000 4.747631 -1.507118 2.189924
1540000 4.819759 -1.747732 2.170820
1550000 4.810545 -1.553510 2.378985
1560000 3.721402 -1.551810 2.240239
1570000 3.769362 -1.659413 2.117519
1580000 2.941120 -1.573657 2.285610
1590000 3.007533 -1.493105 2.190430
1600000 3.349939 -1.595168 2.238454
1610000 4.782924 -1.469419 2.272326
1620000 4.461673 -1.634979 2.292640
1630000 5.052228 -1.600066 2.350771
1640000 3.783582 -1.564426 2.333593
1650000 4.111724 -1.640748 2.284390
1660000 4.798578 -1.677763 2.335317
1670000 4.830581 -1.623617 2.104231
1680000 4.658378 -1.646761 2.262915
1690000 4.541314 -1.522007 2.277198
1700000 3.661690 -1.393381 2.159856
1710000 2.770046 -1.675581 2.304814
1720000 2.616645 -1.557321 2.175279
1730000 2.379263 -1.602445 2.373181
1740000 1.923605 -1.610589 2.198124
1750000 1.951553 -1.609734 2.201671
1760000 1.870591 -1.577909 2.293622
1770000 1.376951 -1.510798 2.270709
1780000 1.553346 -1.603368 2.325559
1790000 0.989078 -1.676871 2.229291
1800000 0.641231 -1.614287 2.329495
1810000 0.801120 -1.558604 2.287871
1820000 1.043902 -1.528962 2.096563
1830000 1.111036 -1.690548 2.202362
1840000 1.204609 -1.496952 2.311420
1850000 1.110434 -1.507561 2.423897
1860000 0.627312 -1.663107 2.319545
1870000 0.502396 -1.652662 2.091986
1880000 0.516659 -1.545760 2.429957
1890000 0.779632 -1.626243 2.218154
1900000 0.886487 -1.479721 2.306416
1910000 0.849351 -1.400524 2.267956
1920000 0.901418 -1.553711 2.199628
1930000 0.501761 -1.575754 2.264771
1940000 0.689594 -1.610686 2.296632
1950000 0.503214 -1.709130 2.268272
1960000 0.970915 -1.441075 2.235443
1970000 0.957207 -1.584869 2.307745
1980000 1.348448 -1.566932 2.190676
1990000 1.377747 -1.733978 2.124027
2000000 1.377163 -1.580385 2.206708
2010000 1.443819 -1.570369 2.205471
2020000 1.390434 -1.539228 2.292053
2030000 1.202434 -1.504198 2.227679
2040000 1.668140 -1.512164 2.376011
2050000 1.768312 -1.520376 2.211780
2060000 1.746441 -1.421303 2.275580
2070000 1.801642 -1.606608 2.197485
2080000 1.365724 -1.583585 2.205832
2090000 1.120593 -1.448068 2.344562
2100000 1.148074 -1.525520 2.224500
2110000 1.095273 -1.622029 2.152614
2120000 1.039083 -1.521370 2.391476
2130000 1.005971 -1.615965 2.230273
2140000 1.392253 -1.524684 2.236061
2150000 1.417306 -1.499905 2.239732
2160000 1.353826 -1.587785 2.220869
2170000 1.603918 -1.479795 2.251952
2180000 1.557149 -1.602707 2.172966
2190000 2.115462 -1.565605 2.226113
2200000 2.379465 -1.533108 2.168931
2210000 2.201838 -1.446821 2.373148
2220000 1.799656 -1.517997 2.078297
2230000 2.298845 -1.587707 2.238178
2240000 2.704959 -1.662324 2.131770
2250000 3.137477 -1.609364 2.124463
2260000 3.141157 -1.577041 2.234282
2270000 4.558166 -1.580051 2.180698
2280000 4.810276 -1.573350 2.295658
2290000 4.185218 -1.632118 2.424304
2300000 3.882337 -1.581109 2.160997
2310000 5.024554 -1.633111 2.298852
2320000 4.886095 -1.548160 2.298138
2330000 3.594425 -1.492348 2.151680
2340000 3.409773 -1.667676 2.258071
2350000 2.838514 -1.522411 2.182769
2360000 2.424672 -1.457235 2.221091
2370000 2.632338 -1.492639 2.233490
2380000 2.598220 -1.488354 2.298055
2390000 3.620216 -1.584409 2.243817
2400000 3.020111 -1.650903 2.214361
2410000 4.210640 -1.531783 2.407938
2420000 4.384860 -1.482373 2.327792
2430000 3.801042 -1.597592 2.320792
2440000 3.687703 -1.594102 2.277683
2450000 3.964384 -1.598146 2.170098
2460000 4.669888 -1.553619 2.330327
2470000 4.374437 -1.546984 2.211786
2480000 3.674976 -1.470088 2.289096
2490000 4.979855 -1.616783 2.272209
2500000 5.014928 -1.454009 2.326299
2510000 4.843249 -1.612682 2.336244
2520000 4.340496 -1.595430 2.288620
2530000 3.324405 -1.599433 2.346647
2540000 3.191977 -1.669353 2.274680
2550000 2.796822 -1.679332 2.263666
2560000 2.556590 -1.611170 2.213756
2570000 1.938695 -1.647494 2.259478
2580000 2.374082 -1.562200 2.262121
2590000 2.261877 -1.561244 2.266543
2600000 1.818489 -1.514659 2.257075
2610000 2.069498 -1.694894 2.222642
2620000 2.483125 -1.452827 2.353355
2630000 1.964061 -1.600559 2.299602
2640000 1.814386 -1.537741 2.270070
2650000 1.633306 -1.595192 2.256741
2660000 1.895616 -1.523369 2.272898
2670000 2.244303 -1.582938 2.306953
2680000 3.391816 -1.572461 2.284681
2690000 3.103200 -1.466429 2.349574
2700000 3.214094 -1.527106 2.262118
2710000 3.702616 -1.591302 2.253294
2720000 4.079444 -1.524440 2.232037
2730000 3.818563 -1.595131 2.179101
2740000 4.276329 -1.500677 2.236634
2750000 3.885395 -1.570147 2.296106
2760000 2.979941 -1.637132 2.258548
2770000 3.270163 -1.490528 2.307568
2780000 2.964345 -1.630077 2.246875
2790000 2.813494 -1.475379 2.298687
2800000 2.654900 -1.537960 2.368514
2810000 3.508438 -1.610310 2.357466
2820000 3.775696 -1.687806 2.230050
2830000 4.381993 -1.501501 2.302409
2840000 4.885370 -1.650768 2.266898
2850000 5.021223 -1.588032 2.297388
2860000 4.688464 -1.646973 2.141279
2870000 4.999832 -1.540991 2.258860
2880000 4.239990 -1.459515 2.296341
2890000 4.206933 -1.494693 2.128854
2900000 3.916885 -1.572464 2.192644
2910000 3.528414 -1.623916 2.180012
2920000 3.701444 -1.659225 2.298605
2930000 4.656693 -1.703612 2.222884
2940000 4.576178 -1.450665 2.447189
2950000 4.703580 -1.574621 2.182651
2960000 2.973889 -1.568281 2.298648
2970000 2.490970 -1.576675 2.239653
2980000 3.463944 -1.502545 2.292105
2990000 4.631719 -1.531619 2.282685
3000000 5.043072 -1.623546 2.318002
3010000 4.306542 -1.529008 2.281471
3020000 3.935393 -1.571951 2.300731
3030000 3.737562 -1.570404 2.268250
3040000 4.182204 -1.571515 2.326489
3050000 4.805863 -1.468728 2.291619
3060000 3.408937 -1.670785 2.324201
3070000 2.458053 -1.578884 2.250602
3080000 2.611440 -1.563935 2.235307
3090000 2.540507 -1.554215 2.374323
3100000 2.537462 -1.533731 2.256539
3110000 1.793367 -1.460265 2.248087
3120000 1.526595 -1.554420 2.329787
3130000 1.131012 -1.621322 2.240875
3140000 0.891148 -1.710590 2.240777
3150000 0.963987 -1.771167 2.292834
3160000 1.101637 -1.537919 2.245203
3170000 1.227635 -1.600045 2.203346
3180000 1.572190 -1.460093 2.167545
3190000 1.913959 -1.377662 2.209498
3200000 1.995030 -1.705028 2.240128
3210000 1.391564 -1.638958 2.233255
3220000 1.900804 -1.519905 2.298791
3230000 1.243225 -1.661177 2.095281
3240000 1.134789 -1.540296 2.238561
3250000 0.997093 -1.571822 2.285161
3260000 1.255281 -1.709215 2.247287
3270000 0.993924 -1.597733 2.175368
3280000 0.974197 -1.687348 2.226850
3290000 1.033460 -1.725073 2.321993
3300000 0.715459 -1.619597 2.339684
3310000 0.501764 -1.691502 2.258760
3320000 0.704680 -1.548016 2.291950
3330000 0.725725 -1.586434 2.364514
3340000 0.864998 -1.617765 2.344097
3350000 0.916683 -1.444029 2.258042
3360000 0.787816 -1.575762 2.346258
3370000 0.696394 -1.577187 2.290763
3380000 0.853599 -1.523001 2.288713
3390000 1.034388 -1.588514 2.254033
3400000 1.096198 -1.552652 2.202012
3410000 1.076641 -1.534564 2.288265
3420000 1.057118 -1.636716 2.262152
3430000 1.143287 -1.588106 2.320239
3440000 1.202573 -1.507832 2.199755
3450000 1.515422 -1.536835 2.236568
3460000 1.375561 -1.613795 2.342600
3470000 1.455034 -1.528542 2.244548
3480000 1.959458 -1.618018 2.288872
3490000 2.130633 -1.595724 2.185151
3500000 2.276611 -1.574629 2.182015
3510000 3.601928 -1.516785 2.306833
3520000 3.043197 -1.679492 2.281615
3530000 2.836604 -1.565408 2.319498
3540000 2.370872 -1.561378 2.355756
3550000 2.960477 -1.488601 2.246349
3560000 3.472115 -1.524564 2.249704
3570000 3.128704 -1.459884 2.331923
3580000 2.805742 -1.579307 2.179067
3590000 3.629071 -1.647540 2.182033
3600000 3.862716 -1.585503 2.283462
3610000 4.800021 -1.529073 2.354467
3620000 4.104173 -1.600119 2.422539
3630000 3.288885 -1.579673 2.298199
3640000 3.749729 -1.535229 2.220015
3650000 4.755096 -1.555720 2.291214
3660000 4.622567 -1.521627 2.274344
3670000 4.451951 -1.480575 2.264153
3680000 3.537240 -1.617362 2.212941
3690000 4.323378 -1.535073 2.334389
3700000 3.746415 -1.606536 2.191265
3710000 4.497994 -1.589186 2.268051
3720000 3.487034 -1.551972 2.338484
3730000 3.122072 -1.511104 2.363016
3740000 2.735878 -1.699042 2.287254
3750000 2.724096 -1.543584 2.236859
3760000 2.158829 -1.500477 2.274645
3770000 2.218278 -1.678838 2.265255
3780000 2.633808 -1.573664 2.102053
3790000 2.826414 -1.500196 2.390793
3800000 2.517935 -1.441564 2.082852
3810000 2.695750 -1.576646 2.318435
3820000 3.193360 -1.519751 2.317248
3830000 3.553995 -1.447148 2.379260
3840000 3.197466 -1.558809 2.246199
3850000 3.540719 -1.647894 2.236026
3860000 4.869749 -1.562839 2.326875
3870000 5.080427 -1.641812 2.203537
3880000 4.893258 -1.712582 2.223858
3890000 4.131260 -1.547858 2.289001
3900000 3.511472 -1.575410 2.272267
3910000 4.657456 -1.635022 2.200618
3920000 4.425801 -1.403922 2.293668
3930000 4.215099 -1.522385 2.214580
3940000 2.794611 -1.492465 2.268114
3950000 2.048091 -1.588927 2.106730
3960000 1.925500 -1.566236 2.268649
3970000 2.256928 -1.473028 2.191103
3980000 3.031012 -1.640427 2.321320
3990000 1.979814 -1.777076 2.169864
4000000 1.709856 -1.581177 2.291063
