100000 1.928718 -1.586185 1.576145
110000 3.838096 -1.600051 1.647276
120000 2.977058 -1.567572 1.505722
130000 4.395205 -1.792995 1.575640
140000 3.836186 -1.555488 1.514045
150000 2.431373 -1.591527 1.651443
160000 1.729174 -1.524119 1.599933
170000 2.828034 -1.582398 1.490991
180000 3.730180 -1.430618 1.524885
190000 4.452855 -1.666404 1.431949
200000 3.612727 -1.470624 1.696199
210000 3.299248 -1.635757 1.570941
220000 2.026777 -1.513763 1.567500
230000 3.215067 -1.601031 1.542263
240000 1.763127 -1.494874 1.541052
250000 2.331978 -1.511333 1.521682
260000 3.172865 -1.624426 1.562984
270000 4.201200 -1.512425 1.579516
280000 3.568817 -1.689183 1.638557
290000 3.547969 -1.663907 1.412090
300000 4.509651 -1.647981 1.530752
310000 4.339817 -1.802191 1.614036
320000 3.498618 -1.492028 1.595793
330000 2.311503 -1.615224 1.542518
340000 1.599161 -1.608040 1.518511
350000 1.004720 -1.577823 1.567928
360000 1.188028 -1.715195 1.459252
370000 1.401623 -1.534539 1.511271
380000 1.721991 -1.574469 1.625244
390000 1.227389 -1.695701 1.722268
400000 1.149176 -1.571699 1.550363
410000 1.138867 -1.535718 1.466400
420000 0.795173 -1.599426 1.619516
430000 0.647639 -1.541151 1.655987
440000 1.006569 -1.567307 1.635250
450000 1.564444 -1.441965 1.560481
460000 2.429964 -1.435201 1.584780
470000 2.879029 -1.550599 1.517989
480000 2.062658 -1.562216 1.603683
490000 3.044190 -1.520518 1.539193
500000 4.390458 -1.465852 1.572577
510000 2.958523 -1.459882 1.555609
520000 4.549758 -1.615885 1.656529
530000 3.049875 -1.572813 1.575852
540000 2.472681 -1.555099 1.430981
550000 2.697852 -1.499383 1.432057
560000 3.795053 -1.643858 1.585407
570000 4.237639 -1.569091 1.617419
580000 3.868701 -1.593199 1.548347
590000 2.784076 -1.631314 1.658651
600000 1.909895 -1.424798 1.651286
610000 1.752731 -1.558248 1.546712
620000 1.982323 -1.584176 1.489780
630000 2.793301 -1.599240 1.527450
640000 4.016417 -1.621308 1.624013
650000 4.461445 -1.599031 1.541532
660000 4.967050 -1.569434 1.548567
670000 4.684969 -1.479212 1.597498
680000 4.043923 -1.546317 1.515607
690000 3.599431 -1.608331 1.594156
700000 3.170975 -1.530650 1.598075
710000 3.128852 -1.600386 1.598289
720000 2.133246 -1.699704 1.546457
730000 1.779976 -1.573340 1.614780
740000 1.537575 -1.654447 1.552001
750000 1.820027 -1.536554 1.616882
760000 2.087874 -1.563672 1.525301
770000 1.348239 -1.566776 1.638330
780000 1.199728 -1.623386 1.680747
790000 0.990482 -1.648896 1.616520
800000 1.358962 -1.482123 1.578683
810000 1.622839 -1.414279 1.695518
820000 1.943611 -1.600587 1.484537
830000 3.330904 -1.499300 1.507635
840000 4.551394 -1.565312 1.529300
850000 3.517177 -1.625883 1.633560
860000 3.185823 -1.527947 1.519832
870000 2.660684 -1.668746 1.661098
880000 2.618435 -1.635808 1.601339
890000 3.209861 -1.551117 1.441425
900000 2.782707 -1.581282 1.609685
910000 3.562221 -1.697622 1.618481
920000 4.515110 -1.546987 1.460196
930000 4.907555 -1.537676 1.611946
940000 3.566897 -1.540047 1.548559
950000 3.303194 -1.568903 1.657478
960000 2.230455 -1.674614 1.684090
970000 2.054609 -1.533181 1.571892
980000 2.910934 -1.544954 1.633424
990000 3.829555 -1.531743 1.532064
1000000 3.970623 -1.557567 1.487451
1010000 4.276071 -1.507539 1.533608
1020000 4.736756 -1.514452 1.581657
1030000 4.957642 -1.647107 1.533161
1040000 4.636956 -1.497444 1.573466
1050000 3.695199 -1.570532 1.691160
1060000 2.271721 -1.658044 1.523389
1070000 2.530766 -1.522090 1.480707
1080000 2.280709 -1.525442 1.516849
1090000 3.486586 -1.626052 1.664766
1100000 3.055060 -1.642392 1.585885
1110000 2.648848 -1.595184 1.708217
1120000 3.389790 -1.572919 1.674564
1130000 4.002878 -1.583615 1.516872
1140000 5.039591 -1.510742 1.580744
1150000 3.988575 -1.551139 1.646580
1160000 4.199015 -1.633348 1.760358
1170000 4.690673 -1.568394 1.572160
1180000 4.180131 -1.535940 1.541072
1190000 2.988990 -1.548070 1.495772
1200000 4.320460 -1.586836 1.572933
1210000 2.138331 -1.481648 1.625133
1220000 2.140569 -1.590484 1.715381
1230000 2.274668 -1.390655 1.508696
1240000 2.296402 -1.574187 1.657379
1250000 2.950674 -1.549888 1.679621
1260000 3.284901 -1.577638 1.550470
1270000 2.574007 -1.514614 1.719134
1280000 2.452944 -1.711572 1.547852
1290000 3.799009 -1.503204 1.563778
1300000 4.259912 -1.474797 1.663803
1310000 4.910301 -1.632995 1.536901
1320000 4.179323 -1.564288 1.534297
1330000 3.501610 -1.678643 1.509606
1340000 3.368406 -1.518214 1.568779
1350000 2.457665 -1.662288 1.450138
1360000 3.023564 -1.592280 1.552227
1370000 2.456220 -1.534088 1.392426
1380000 1.413061 -1.639013 1.651187
1390000 0.699498 -1.665582 1.624474
1400000 0.830294 -1.529689 1.510957
1410000 0.504750 -1.636121 1.648600
1420000 0.917278 -1.575142 1.449392
1430000 0.581143 -1.658519 1.625833
1440000 0.764133 -1.464230 1.601596
1450000 0.850885 -1.586468 1.569477
1460000 0.956381 -1.632239 1.602723
1470000 0.974070 -1.622444 1.391179
1480000 1.317588 -1.475616 1.483549
1490000 1.352472 -1.465777 1.493284
1500000 1.340354 -1.642991 1.595245
1510000 1.508378 -1.492124 1.558902
1520000 1.651100 -1.574624 1.353263
1530000 1.656401 -1.494924 1.439642
1540000 1.509699 -1.597944 1.560668
1550000 1.787300 -1.626323 1.495339
1560000 1.541742 -1.524807 1.557106
1570000 1.454462 -1.594901 1.496124
1580000 1.415468 -1.588939 1.433396
1590000 1.433930 -1.549974 1.587504
1600000 1.047834 -1.672272 1.660047
1610000 1.080300 -1.589500 1.699420
1620000 1.253570 -1.532595 1.567750
1630000 1.020335 -1.660623 1.697895
1640000 0.966411 -1.436848 1.559931
1650000 0.642449 -1.555194 1.679975
1660000 0.502587 -1.831036 1.643281
1670000 0.812557 -1.803201 1.646241
1680000 1.150698 -1.562136 1.593088
1690000 1.144404 -1.518334 1.687567
1700000 0.990727 -1.682375 1.554001
1710000 1.426610 -1.571736 1.562853
1720000 1.999971 -1.544807 1.477839
1730000 1.919001 -1.552289 1.636924
1740000 2.032458 -1.577755 1.589920
1750000 2.854702 -1.481522 1.566006
1760000 2.855332 -1.528581 1.474962
1770000 3.077703 -1.603389 1.612255
1780000 3.599376 -1.451291 1.638680
1790000 3.574825 -1.600410 1.544803
1800000 4.751550 -1.569420 1.541877
1810000 4.280921 -1.489615 1.624385
1820000 4.497587 -1.573740 1.536189
1830000 4.951435 -1.408899 1.576211
1840000 4.486044 -1.467060 1.526357
1850000 4.733985 -1.631836 1.566920
1860000 4.907043 -1.617280 1.552326
1870000 4.891821 -1.590116 1.749035
1880000 4.793828 -1.395120 1.611872
1890000 3.517924 -1.544609 1.543146
1900000 3.461068 -1.587625 1.505680
1910000 3.926660 -1.588986 1.637224
1920000 3.905653 -1.502339 1.561851
1930000 3.537480 -1.498228 1.636156
1940000 2.425460 -1.535179 1.599945
1950000 2.211696 -1.649488 1.724470
1960000 2.258057 -1.401813 1.606159
1970000 1.875397 -1.459319 1.573711
1980000 1.898879 -1.533503 1.583932
1990000 2.321405 -1.500726 1.482752
2000000 3.584897 -1.629132 1.548115
2010000 3.438190 -1.684350 1.637948
2020000 4.254188 -1.475241 1.557472
2030000 2.896205 -1.451388 1.551318
2040000 3.742536 -1.512469 1.506856
2050000 4.774760 -1.531767 1.534612
2060000 4.081616 -1.505504 1.661146
2070000 5.041958 -1.538466 1.592182
2080000 3.928320 -1.456302 1.498512
2090000 2.816341 -1.578094 1.546317
2100000 2.552463 -1.482881 1.646949
2110000 2.516832 -1.694183 1.544085
2120000 3.023009 -1.606314 1.598983
2130000 3.852047 -1.640641 1.529030
2140000 4.590987 -1.540748 1.689679
2150000 4.066177 -1.649159 1.618990
2160000 4.827593 -1.606450 1.619974
2170000 4.248445 -1.608491 1.600585
2180000 4.970958 -1.571592 1.644211
2190000 4.007157 -1.518742 1.680898
2200000 3.693418 -1.768450 1.604698
2210000 3.542231 -1.578107 1.616879
2220000 3.727557 -1.530398 1.544758
2230000 3.888666 -1.604697 1.500248
2240000 3.674185 -1.622981 1.656958
2250000 2.933761 -1.581344 1.570248
2260000 3.138471 -1.559685 1.482522
2270000 2.735099 -1.738380 1.549724
2280000 2.305484 -1.634652 1.666202
2290000 2.281074 -1.560294 1.503205
2300000 2.135708 -1.616535 1.629079
2310000 1.628336 -1.565123 1.532111
2320000 1.790185 -1.620911 1.737136
2330000 2.164480 -1.658349 1.501657
2340000 1.836965 -1.620264 1.586019
2350000 2.184144 -1.385608 1.516513
2360000 2.034543 -1.589282 1.579435
2370000 1.482866 -1.525698 1.519929
2380000 1.853175 -1.648180 1.667875
2390000 1.604732 -1.550246 1.639890
2400000 1.999241 -1.531305 1.529101
2410000 3.852634 -1.562247 1.681591
2420000 4.191658 -1.468631 1.517452
2430000 4.765568 -1.534347 1.550329
2440000 3.679975 -1.685953 1.579814
2450000 4.726495 -1.549064 1.656866
2460000 4.229845 -1.656964 1.675960
2470000 3.035129 -1.467559 1.587053
2480000 4.299309 -1.628428 1.605024
2490000 3.787731 -1.632136 1.479420
2500000 3.946382 -1.497925 1.606620
2510000 4.312777 -1.580911 1.608227
2520000 3.512884 -1.635406 1.567258
2530000 3.476224 -1.569443 1.514895
2540000 3.182551 -1.655322 1.605568
2550000 3.058565 -1.604913 1.672734
2560000 2.403262 -1.606626 1.580745
2570000 2.590958 -1.534615 1.643302
2580000 2.209904 -1.599657 1.568818
2590000 2.183894 -1.514501 1.564570
2600000 1.651472 -1.525522 1.509713
2610000 1.431195 -1.503813 1.800962
2620000 2.413154 -1.751779 1.486113
2630000 2.728236 -1.506451 1.560588
2640000 3.401550 -1.672135 1.556354
2650000 3.377588 -1.473289 1.681255
2660000 4.863859 -1.592080 1.541491
2670000 4.406026 -1.648974 1.578297
2680000 4.601459 -1.530694 1.535156
2690000 4.859265 -1.507215 1.577172
2700000 4.265765 -1.674722 1.604714
2710000 3.120027 -1.584261 1.537154
2720000 2.696807 -1.449306 1.568981
2730000 3.259924 -1.558002 1.645167
2740000 3.825232 -1.638139 1.602290
2750000 4.890084 -1.619107 1.576295
2760000 4.119123 -1.419074 1.610052
2770000 4.746720 -1.504393 1.530228
2780000 4.030832 -1.587391 1.540620
2790000 3.972371 -1.550984 1.554566
2800000 3.649346 -1.547866 1.478409
2810000 2.995964 -1.561272 1.534117
2820000 3.320280 -1.515494 1.555799
2830000 4.564466 -1.549220 1.438178
2840000 4.919100 -1.519918 1.555309
2850000 4.785326 -1.629092 1.589238
2860000 4.182245 -1.577819 1.554189
2870000 4.295292 -1.691311 1.493662
2880000 4.014682 -1.616295 1.583579
2890000 3.365902 -1.548706 1.599403
2900000 3.291861 -1.479046 1.695533
2910000 2.518978 -1.544703 1.727998
2920000 2.161702 -1.587118 1.547222
2930000 2.559913 -1.537466 1.612041
2940000 2.115774 -1.504639 1.625100
2950000 2.391349 -1.553248 1.405848
2960000 2.399489 -1.651191 1.526942
2970000 2.802403 -1.565315 1.599429
2980000 3.120930 -1.647438 1.583651
2990000 3.252925 -1.550262 1.475308
3000000 3.518301 -1.557666 1.500323
3010000 3.531620 -1.619731 1.478605
3020000 4.497638 -1.638151 1.451938
3030000 4.310695 -1.569334 1.587927
3040000 4.548123 -1.530919 1.686341
3050000 4.836651 -1.658012 1.561444
3060000 4.680065 -1.452063 1.433734
3070000 3.794258 -1.492674 1.602166
3080000 4.205045 -1.663929 1.471582
3090000 2.814720 -1.532301 1.548086
3100000 2.639718 -1.581304 1.778387
3110000 1.989386 -1.592812 1.464668
3120000 1.876556 -1.563058 1.608574
3130000 1.525197 -1.403658 1.622765
3140000 1.264998 -1.597595 1.624069
3150000 1.121648 -1.640291 1.593404
3160000 1.257582 -1.709223 1.587302
3170000 1.431520 -1.512525 1.507949
3180000 1.354489 -1.747336 1.589717
3190000 1.414240 -1.626797 1.693856
3200000 1.025872 -1.535853 1.656319
3210000 0.980420 -1.572132 1.628352
3220000 0.975379 -1.648798 1.551303
3230000 0.785311 -1.667861 1.615192
3240000 0.689227 -1.528563 1.479107
3250000 0.603177 -1.630860 1.706966
3260000 0.738146 -1.658573 1.615597
3270000 0.838917 -1.597347 1.590693
3280000 0.747016 -1.526034 1.600875
3290000 0.915231 -1.485016 1.624749
3300000 1.233916 -1.317307 1.584658
3310000 1.260697 -1.516787 1.496580
3320000 1.283432 -1.546758 1.593554
3330000 0.999849 -1.553898 1.501922
3340000 1.136684 -1.621920 1.536272
3350000 1.373131 -1.655345 1.559186
3360000 1.784804 -1.682709 1.644262
3370000 2.002761 -1.562840 1.468101
3380000 1.945777 -1.502888 1.538118
3390000 2.108595 -1.655878 1.609432
3400000 2.367716 -1.535420 1.489134
3410000 2.553613 -1.510392 1.578376
3420000 3.602247 -1.501021 1.520966
3430000 3.247835 -1.605139 1.640250
3440000 3.628253 -1.670367 1.508847
3450000 4.471002 -1.621858 1.559912
3460000 4.606665 -1.566484 1.505231
3470000 4.169821 -1.637930 1.635995
3480000 3.868362 -1.537474 1.584859
3490000 3.499387 -1.541624 1.589423
3500000 3.209972 -1.645547 1.630143
3510000 2.227309 -1.480509 1.521580
3520000 2.472411 -1.558334 1.538425
3530000 3.500888 -1.640980 1.553503
3540000 2.203350 -1.664013 1.662526
3550000 2.963190 -1.648844 1.660328
3560000 3.343462 -1.612804 1.582520
3570000 2.778097 -1.684537 1.769108
3580000 2.288852 -1.667617 1.547850
3590000 1.952400 -1.591543 1.756307
3600000 1.951187 -1.608876 1.533896
3610000 1.739939 -1.553074 1.514986
3620000 1.530383 -1.662715 1.459755
3630000 1.540224 -1.513194 1.653811
3640000 1.573966 -1.656555 1.485817
3650000 1.890726 -1.577977 1.704141
3660000 1.716710 -1.666361 1.761097
3670000 2.352415 -1.603022 1.489914
3680000 2.107895 -1.517974 1.597006
3690000 2.123212 -1.511872 1.580046
3700000 2.615171 -1.638069 1.596024
3710000 2.855579 -1.572918 1.683528
3720000 3.225426 -1.685695 1.593153
3730000 2.699527 -1.485880 1.584517
3740000 3.096442 -1.496579 1.505322
3750000 4.716574 -1.394169 1.522307
3760000 4.713435 -1.510468 1.594801
3770000 5.030358 -1.570531 1.574825
3780000 4.913565 -1.475801 1.504430
3790000 4.608190 -1.657099 1.558887
3800000 4.231603 -1.573475 1.669799
3810000 4.171743 -1.521965 1.483815
3820000 4.387540 -1.619597 1.518075
3830000 3.845800 -1.580091 1.594540
3840000 3.531523 -1.493155 1.499213
3850000 3.069354 -1.565604 1.512433
3860000 3.826144 -1.510233 1.634946
3870000 3.496805 -1.602211 1.731587
3880000 3.732448 -1.636740 1.713789
3890000 4.823049 -1.567852 1.491355
3900000 4.864167 -1.476444 1.630257
3910000 4.827976 -1.616316 1.596617
3920000 4.818114 -1.464003 1.696622
3930000 4.651924 -1.522725 1.627648
3940000 4.357440 -1.599870 1.627656
3950000 3.746000 -1.600400 1.425761
3960000 3.826401 -1.606106 1.446682
3970000 2.953359 -1.578901 1.579129
3980000 3.739646 -1.578932 1.506926
3990000 4.772997 -1.468487 1.371142
4000000 4.514458 -1.626204 1.567452
