100000 4.468656 -1.687266 0.628909
110000 4.155479 -1.580651 0.835373
120000 3.934630 -1.566652 0.873516
130000 3.270158 -1.525387 0.555966
140000 2.330820 -1.560819 0.742805
150000 2.796197 -1.554841 0.634322
160000 3.131697 -1.518248 0.670173
170000 3.081915 -1.581079 0.685377
180000 2.299332 -1.631899 0.729382
190000 3.898522 -1.581546 0.630918
200000 4.545642 -1.607408 0.670526
210000 4.989955 -1.525738 0.674583
220000 3.372326 -1.627278 0.751459
230000 3.083758 -1.520368 0.801776
240000 3.396556 -1.543022 0.644365
250000 1.636949 -1.706408 0.700788
260000 1.097480 -1.570111 0.743014
270000 1.300178 -1.615072 0.790058
280000 1.898514 -1.489921 0.782266
290000 0.680697 -1.586815 0.695384
300000 1.154050 -1.399829 0.750396
310000 0.903211 -1.593117 0.721654
320000 1.329154 -1.614424 0.742144
330000 1.865750 -1.595592 0.622747
340000 2.346388 -1.593318 0.704325
350000 2.080029 -1.661955 0.553219
360000 3.251079 -1.507950 0.714700
370000 2.652709 -1.673351 0.673120
380000 2.092408 -1.726376 0.692891
390000 1.395270 -1.563989 0.769235
400000 0.950128 -1.487175 0.774153
410000 0.570875 -1.587512 0.769034
420000 0.850467 -1.474270 0.720601
430000 0.637914 -1.566966 0.626233
440000 1.215016 -1.617291 0.834841
450000 1.323177 -1.736459 0.821378
460000 1.922312 -1.579674 0.702238
470000 1.624165 -1.624616 0.650565
480000 1.565921 -1.718649 0.626015
490000 1.122263 -1.606874 0.757462
500000 0.861061 -1.598287 0.591627
510000 1.049711 -1.598931 0.825749
520000 1.228518 -1.539410 0.676469
530000 1.301662 -1.471424 0.761550
540000 1.502808 -1.576317 0.716376
550000 1.785198 -1.665376 0.814992
560000 2.722895 -1.584193 0.811157
570000 2.739221 -1.534101 0.592524
580000 3.820306 -1.461484 0.690462
590000 4.615803 -1.427639 0.644288
600000 5.010841 -1.547373 0.728789
610000 4.491287 -1.529453 0.564978
620000 3.498519 -1.341402 0.666682
630000 3.834087 -1.477751 0.868519
640000 4.742007 -1.610323 0.760919
650000 4.284034 -1.601244 0.606679
660000 4.972334 -1.669034 0.694156
670000 4.909337 -1.594699 0.649345
680000 4.796595 -1.496744 0.786323
690000 4.866442 -1.698452 0.666343
700000 3.955774 -1.698968 0.538692
710000 3.808414 -1.554411 0.662654
720000 3.078449 -1.599364 0.529290
730000 3.366392 -1.733092 0.776358
740000 2.642229 -1.587132 0.740958
750000 4.323174 -1.609186 0.680570
760000 4.446199 -1.516606 0.531382
770000 3.363050 -1.555056 0.681369
780000 3.815154 -1.564014 0.731545
790000 4.939198 -1.594695 0.670888
