100000 4.385175 -1.461167 0.411641
110000 4.686490 -1.569483 0.361264
120000 3.979806 -1.425669 0.332840
130000 2.727425 -1.524332 0.236571
140000 2.399545 -1.580927 0.280255
150000 4.161478 -1.550492 0.209261
160000 4.526986 -1.433533 0.484319
170000 3.482832 -1.515283 0.393090
180000 2.768673 -1.602343 0.446794
190000 2.528137 -1.730985 0.224041
200000 3.370814 -1.611215 0.265997
210000 4.523518 -1.408299 0.213662
220000 3.649761 -1.402326 0.374085
230000 2.675457 -1.571761 0.405231
240000 3.669934 -1.520754 0.382821
250000 4.115631 -1.616932 0.248324
260000 4.620292 -1.543881 0.424324
270000 4.468778 -1.693695 0.355291
280000 4.191484 -1.777858 0.356650
290000 4.917087 -1.645256 0.334446
300000 3.289959 -1.565557 0.362066
310000 1.660198 -1.513487 0.468618
320000 1.372911 -1.567325 0.365761
330000 0.982640 -1.531617 0.272229
340000 1.375281 -1.617752 0.267389
350000 1.360215 -1.460340 0.329667
360000 0.808791 -1.444508 0.371936
370000 0.815722 -1.419557 0.430228
380000 0.813471 -1.436068 0.361200
390000 0.507574 -1.572720 0.279121
400000 1.052182 -1.728062 0.387842
410000 1.285931 -1.447261 0.383049
420000 2.202530 -1.670353 0.473068
430000 2.649647 -1.452409 0.305400
440000 3.308604 -1.566335 0.416806
450000 3.711811 -1.688861 0.317375
460000 3.064575 -1.672812 0.198274
470000 3.525796 -1.601815 0.357957
480000 2.919179 -1.500144 0.357871
490000 2.244601 -1.551233 0.408300
500000 1.807150 -1.643965 0.310198
510000 1.496666 -1.597764 0.399918
520000 2.018040 -1.589760 0.345317
530000 1.562653 -1.601300 0.300865
540000 1.283343 -1.585236 0.268057
550000 1.187751 -1.611121 0.419845
560000 1.496591 -1.600061 0.317371
570000 1.096538 -1.551406 0.321539
580000 1.005030 -1.569915 0.296610
590000 1.801306 -1.482275 0.263543
600000 2.924605 -1.608191 0.366595
610000 3.462174 -1.497295 0.385774
620000 3.335766 -1.623089 0.303722
630000 3.621529 -1.546858 0.374607
640000 4.096820 -1.642509 0.331874
650000 3.840536 -1.647033 0.417523
660000 4.707587 -1.689556 0.367055
670000 4.579433 -1.701206 0.490442
680000 4.238322 -1.498282 0.141381
690000 3.683371 -1.524082 0.422699
700000 2.492855 -1.522705 0.423726
710000 1.969131 -1.552082 0.437470
720000 2.288121 -1.568601 0.299309
730000 3.123709 -1.569364 0.311091
740000 3.352205 -1.666315 0.353930
750000 3.256839 -1.482831 0.280727
760000 2.719547 -1.661902 0.359457
770000 1.945673 -1.591930 0.314548
780000 3.215599 -1.613481 0.333900
790000 4.101790 -1.495019 0.289651
800000 4.721091 -1.552660 0.319573
810000 3.823206 -1.703211 0.356395
820000 2.872125 -1.604995 0.267868
830000 3.653547 -1.514246 0.189469
840000 4.499029 -1.606708 0.370105
850000 4.506711 -1.441454 0.440341
860000 4.402869 -1.550048 0.179357
870000 4.747341 -1.673898 0.300396
880000 4.317053 -1.408187 0.328887
890000 4.536705 -1.524374 0.382741
900000 2.654488 -1.553986 0.367287
910000 2.484938 -1.609220 0.302536
920000 2.160601 -1.611985 0.348951
930000 2.095526 -1.708607 0.250080
940000 1.828725 -1.648767 0.323543
950000 1.936129 -1.600491 0.371752
960000 1.271290 -1.527669 0.297093
970000 0.844141 -1.590639 0.351613
980000 0.831280 -1.603419 0.313572
990000 1.010226 -1.520943 0.350478
1000000 1.238538 -1.566709 0.369270
1010000 1.644355 -1.569199 0.259456
1020000 2.518199 -1.451871 0.396491
1030000 2.944249 -1.641619 0.192429
1040000 3.251965 -1.515383 0.307580
1050000 2.393654 -1.606592 0.385072
1060000 3.299261 -1.491341 0.313065
1070000 4.344819 -1.583315 0.372201
1080000 3.285533 -1.507628 0.346550
1090000 3.687638 -1.660524 0.324601
1100000 3.124006 -1.624951 0.332847
1110000 3.044267 -1.628821 0.303500
1120000 2.010297 -1.499936 0.348022
1130000 1.619304 -1.616414 0.346127
1140000 1.892158 -1.534745 0.423203
1150000 1.346699 -1.671560 0.388202
1160000 1.655406 -1.594838 0.375771
1170000 1.959612 -1.524071 0.257624
1180000 2.271585 -1.590791 0.337991
1190000 3.175344 -1.549239 0.325261
1200000 4.360153 -1.563218 0.305003
1210000 4.346605 -1.554961 0.366603
1220000 4.732681 -1.440739 0.426958
1230000 4.680243 -1.647612 0.222163
1240000 3.797352 -1.551028 0.458767
1250000 3.317847 -1.533250 0.372908
1260000 3.751716 -1.654692 0.336391
1270000 4.808815 -1.599887 0.438654
1280000 4.885921 -1.485205 0.391309
1290000 4.129146 -1.609443 0.268293
1300000 4.897407 -1.557430 0.337301
1310000 3.607285 -1.514008 0.370860
1320000 2.596614 -1.630245 0.272266
1330000 2.951687 -1.553629 0.356289
1340000 2.467284 -1.572178 0.372099
1350000 1.950396 -1.518199 0.234290
1360000 2.970596 -1.546621 0.406554
1370000 3.028124 -1.637390 0.387915
1380000 4.017716 -1.628979 0.324413
1390000 4.097059 -1.570917 0.378776
1400000 4.576370 -1.586701 0.362118
1410000 3.873667 -1.613357 0.382084
1420000 3.124384 -1.577199 0.466270
1430000 3.382220 -1.628702 0.425679
1440000 2.542115 -1.567282 0.396750
1450000 2.861383 -1.671568 0.433112
1460000 3.037961 -1.593164 0.498644
1470000 3.290069 -1.525203 0.284212
1480000 3.569838 -1.584954 0.311591
1490000 3.375197 -1.630111 0.403952
1500000 4.189641 -1.556706 0.419917
1510000 4.211374 -1.537769 0.257651
1520000 4.142953 -1.612736 0.285852
1530000 3.174290 -1.631296 0.293852
1540000 4.504806 -1.658375 0.329537
1550000 3.748367 -1.586889 0.372810
1560000 4.599641 -1.506376 0.163144
1570000 2.620075 -1.552126 0.343011
1580000 1.790128 -1.575238 0.378014
1590000 1.659798 -1.547767 0.301121
1600000 1.592639 -1.663379 0.358920
1610000 1.369889 -1.495688 0.423341
1620000 1.022270 -1.652813 0.350202
1630000 0.829375 -1.611358 0.328780
1640000 1.094595 -1.646840 0.239902
1650000 0.918203 -1.656183 0.353895
1660000 1.391359 -1.636622 0.317338
1670000 1.132222 -1.442562 0.223388
1680000 0.560804 -1.630901 0.358282
1690000 0.570586 -1.375016 0.326124
1700000 0.994674 -1.582083 0.447621
1710000 0.872272 -1.554010 0.427859
1720000 0.508487 -1.769370 0.369906
1730000 0.609774 -1.562276 0.321073
1740000 0.899485 -1.569953 0.330866
1750000 1.167995 -1.565613 0.543420
1760000 1.386005 -1.556678 0.329596
1770000 1.068653 -1.536925 0.290785
1780000 1.046660 -1.659683 0.351865
1790000 0.808596 -1.630570 0.454551
1800000 0.973103 -1.529654 0.413393
1810000 1.379190 -1.495991 0.463946
1820000 1.377229 -1.642279 0.187210
1830000 1.809208 -1.597205 0.349110
1840000 2.084573 -1.446075 0.317764
1850000 2.494815 -1.657326 0.337536
1860000 2.149737 -1.560770 0.408896
1870000 2.378026 -1.640582 0.332882
1880000 2.738788 -1.541041 0.322728
1890000 2.442204 -1.479701 0.319818
1900000 2.515561 -1.594428 0.320725
1910000 1.627407 -1.520435 0.366871
1920000 2.179523 -1.613366 0.252839
1930000 2.898511 -1.490893 0.333458
1940000 3.474315 -1.494143 0.326438
1950000 2.992849 -1.577901 0.313312
1960000 3.416500 -1.497822 0.352824
1970000 4.204351 -1.685977 0.352484
1980000 4.611287 -1.636801 0.359776
1990000 4.119949 -1.608834 0.296308
2000000 4.334172 -1.622439 0.293519
2010000 5.006791 -1.549323 0.273418
2020000 4.530649 -1.551048 0.333962
2030000 4.396763 -1.641428 0.385846
2040000 3.745541 -1.656491 0.382444
2050000 4.250882 -1.561547 0.229308
2060000 3.958457 -1.529959 0.350766
2070000 3.824579 -1.581916 0.373144
2080000 3.590226 -1.634140 0.477739
2090000 3.704567 -1.543749 0.361105
2100000 3.719881 -1.569873 0.364267
2110000 3.451652 -1.434040 0.385415
2120000 2.594317 -1.502077 0.262273
2130000 3.142503 -1.552096 0.355342
2140000 2.937888 -1.534894 0.349504
2150000 2.273801 -1.636783 0.420659
2160000 1.773844 -1.514580 0.417371
2170000 1.712716 -1.556430 0.341160
2180000 2.357949 -1.534678 0.331567
2190000 3.178456 -1.561242 0.265137
2200000 3.636765 -1.579682 0.564447
2210000 4.088713 -1.471520 0.269478
2220000 4.654171 -1.692932 0.441602
2230000 4.894266 -1.600385 0.325380
2240000 4.970461 -1.450024 0.468827
2250000 4.627881 -1.506736 0.448921
2260000 4.431745 -1.691588 0.345092
2270000 4.186638 -1.516195 0.379634
2280000 5.027149 -1.496929 0.363214
2290000 4.700677 -1.604868 0.240839
2300000 4.841821 -1.500411 0.343769
2310000 4.261012 -1.524665 0.313622
2320000 3.773631 -1.591722 0.318038
2330000 3.449516 -1.633021 0.403348
2340000 2.926823 -1.502624 0.299492
2350000 2.605235 -1.673165 0.319499
2360000 2.297285 -1.621087 0.345808
2370000 3.048116 -1.702141 0.401922
2380000 3.568310 -1.597645 0.315267
2390000 3.831196 -1.540741 0.231180
2400000 2.660423 -1.579022 0.307524
2410000 1.989262 -1.672005 0.406890
2420000 2.378341 -1.455779 0.434209
2430000 1.949800 -1.575085 0.311257
2440000 1.543651 -1.678657 0.412204
2450000 2.038070 -1.602481 0.313977
2460000 1.592458 -1.507982 0.362009
2470000 1.374673 -1.631113 0.441645
2480000 1.337435 -1.554134 0.397811
2490000 1.676083 -1.563886 0.327673
2500000 1.062429 -1.568420 0.402463
2510000 1.010872 -1.645856 0.469401
2520000 1.037049 -1.551004 0.433466
2530000 0.936278 -1.550436 0.280045
2540000 0.802346 -1.553555 0.405627
2550000 1.228289 -1.626298 0.301679
2560000 0.943413 -1.637661 0.323443
2570000 0.949419 -1.510997 0.289983
2580000 0.852546 -1.475612 0.388401
2590000 1.152835 -1.638195 0.229907
2600000 1.121251 -1.493949 0.359123
2610000 1.831346 -1.585426 0.251484
2620000 2.360299 -1.532339 0.410972
2630000 1.946259 -1.686112 0.387534
2640000 1.788221 -1.533351 0.168817
2650000 3.091541 -1.572673 0.243160
2660000 3.757519 -1.306382 0.276298
2670000 4.172360 -1.411974 0.403665
2680000 3.295736 -1.575542 0.306466
2690000 4.290265 -1.652031 0.387356
2700000 2.778401 -1.611082 0.432930
2710000 2.263704 -1.593696 0.319244
2720000 2.283746 -1.473161 0.311949
2730000 2.994084 -1.588523 0.375726
2740000 2.629145 -1.607725 0.378088
2750000 2.985515 -1.598427 0.367567
2760000 3.435278 -1.597963 0.253039
2770000 2.471621 -1.616457 0.415018
2780000 2.192960 -1.541222 0.359387
2790000 2.701058 -1.705835 0.491224
2800000 2.342522 -1.599423 0.387590
2810000 2.110169 -1.574420 0.407975
2820000 1.684877 -1.535732 0.484598
2830000 1.577678 -1.661361 0.216729
2840000 1.369335 -1.563954 0.346920
2850000 1.430409 -1.602275 0.441308
2860000 1.386653 -1.655763 0.281229
2870000 1.422938 -1.506130 0.290491
2880000 1.273468 -1.474792 0.424668
2890000 1.198372 -1.650356 0.424162
2900000 1.285200 -1.580813 0.336707
2910000 1.778748 -1.537081 0.306372
2920000 1.836247 -1.409279 0.290290
2930000 1.896634 -1.459046 0.440760
2940000 1.650554 -1.573313 0.315666
2950000 1.604526 -1.520582 0.313400
2960000 2.087743 -1.558470 0.465692
2970000 2.049499 -1.500974 0.278925
2980000 2.032193 -1.515195 0.456829
2990000 3.063238 -1.536890 0.280184
3000000 3.578466 -1.553438 0.440749
3010000 3.842008 -1.608551 0.335799
3020000 4.514267 -1.667589 0.463433
3030000 4.237625 -1.618347 0.324123
3040000 4.305254 -1.506805 0.287737
3050000 3.709351 -1.526928 0.442495
3060000 3.538310 -1.468015 0.462697
3070000 4.622733 -1.630224 0.357268
3080000 4.774531 -1.545602 0.237513
3090000 4.886536 -1.431164 0.268301
3100000 4.800437 -1.553570 0.399732
3110000 4.634535 -1.600011 0.235718
3120000 4.974004 -1.641397 0.398595
3130000 4.015247 -1.616480 0.224440
3140000 3.846489 -1.665848 0.436954
3150000 4.940458 -1.551314 0.307074
3160000 4.389301 -1.506191 0.391461
3170000 4.960893 -1.527660 0.295626
3180000 4.822874 -1.420352 0.359254
3190000 3.777431 -1.579154 0.331643
3200000 4.568375 -1.652247 0.442280
3210000 4.595901 -1.441731 0.344238
3220000 4.881683 -1.669902 0.307100
3230000 4.716103 -1.637335 0.470114
3240000 3.880492 -1.535721 0.276735
3250000 3.545727 -1.619914 0.261868
3260000 4.870679 -1.552979 0.314990
3270000 4.976804 -1.668367 0.355792
3280000 4.908159 -1.569517 0.447187
3290000 4.244611 -1.479513 0.403727
3300000 4.954018 -1.578082 0.239597
3310000 3.409963 -1.477062 0.341551
3320000 3.650910 -1.465582 0.293688
3330000 3.346430 -1.536187 0.273582
3340000 3.357648 -1.549128 0.360933
3350000 2.916725 -1.502693 0.355011
3360000 3.754612 -1.627831 0.363017
3370000 4.151018 -1.623872 0.305941
3380000 4.229328 -1.619277 0.412839
3390000 2.827198 -1.568501 0.347986
3400000 3.047623 -1.431910 0.417586
3410000 3.390235 -1.514538 0.320733
3420000 3.204184 -1.606349 0.296612
3430000 2.533850 -1.533839 0.285233
3440000 2.253204 -1.454068 0.372095
3450000 2.435262 -1.676874 0.442970
3460000 1.859689 -1.585248 0.328972
3470000 1.972881 -1.615950 0.357430
3480000 2.145214 -1.514109 0.267505
3490000 2.389028 -1.651900 0.216665
3500000 1.924854 -1.526357 0.334353
3510000 2.210509 -1.560237 0.363564
3520000 2.361780 -1.346410 0.422388
3530000 2.574358 -1.486451 0.375189
3540000 2.214502 -1.522931 0.353275
3550000 3.240164 -1.618054 0.260260
3560000 3.743212 -1.624033 0.257326
3570000 4.255535 -1.618169 0.448030
3580000 4.711925 -1.568816 0.337907
3590000 4.384567 -1.584225 0.326537
3600000 4.183354 -1.542390 0.331682
3610000 4.739195 -1.489169 0.464763
3620000 3.844338 -1.523501 0.155461
3630000 3.842134 -1.484539 0.427911
3640000 3.825465 -1.517934 0.352758
3650000 3.065255 -1.535601 0.243872
3660000 2.869015 -1.569367 0.354260
3670000 3.905578 -1.559435 0.328605
3680000 3.504204 -1.502506 0.458393
3690000 3.913560 -1.478855 0.395138
3700000 3.985214 -1.487000 0.385129
3710000 2.876946 -1.568630 0.415041
3720000 2.763629 -1.589228 0.287639
3730000 3.168962 -1.525712 0.397608
3740000 2.598584 -1.585716 0.557644
3750000 2.322206 -1.475918 0.356490
3760000 3.132876 -1.653010 0.336781
3770000 3.775013 -1.459993 0.455527
3780000 4.114189 -1.512639 0.326103
3790000 4.237873 -1.542789 0.217777
3800000 3.913522 -1.492257 0.414800
3810000 3.552792 -1.704631 0.395550
3820000 4.597771 -1.448582 0.393290
3830000 4.321791 -1.500527 0.441273
3840000 4.846192 -1.608134 0.298242
3850000 5.007349 -1.477589 0.314711
3860000 4.898737 -1.640088 0.325225
3870000 4.646493 -1.529850 0.368765
3880000 5.054086 -1.653643 0.399014
3890000 3.978359 -1.468703 0.353174
3900000 4.170354 -1.524381 0.406190
3910000 4.936680 -1.586797 0.372578
3920000 4.239900 -1.442956 0.249681
3930000 3.916722 -1.480198 0.212443
3940000 3.164462 -1.572926 0.362737
3950000 3.846113 -1.501155 0.350255
3960000 3.070665 -1.596989 0.451474
3970000 2.914551 -1.467530 0.298682
3980000 2.118897 -1.666151 0.359667
3990000 2.172968 -1.658603 0.465966
4000000 1.714096 -1.597880 0.518006
