100000 2.116034 -1.619882 -0.743177
110000 3.260527 -1.555674 -0.669464
120000 4.613155 -1.556142 -0.717172
130000 3.868651 -1.527653 -0.662753
140000 3.163066 -1.576075 -0.846292
150000 3.447334 -1.677097 -0.609383
160000 3.389773 -1.590828 -0.659601
170000 2.184335 -1.560473 -0.678062
180000 4.354460 -1.482975 -0.833444
190000 4.062360 -1.667295 -0.779870
200000 4.754976 -1.662656 -0.785763
210000 3.684267 -1.651316 -0.774063
220000 3.958857 -1.649585 -0.680975
230000 3.051507 -1.508106 -0.758249
240000 3.326946 -1.634034 -0.597956
250000 4.902085 -1.584823 -0.784688
260000 4.825739 -1.663047 -0.746948
270000 4.429121 -1.571474 -0.640613
280000 3.917474 -1.681708 -0.753418
290000 2.447580 -1.584323 -0.679434
300000 1.894261 -1.560743 -0.596927
310000 2.337906 -1.523567 -0.793310
320000 3.059030 -1.520819 -0.668769
330000 2.687346 -1.480183 -0.590763
340000 1.568897 -1.583658 -0.727720
350000 1.810422 -1.623173 -0.593221
360000 1.625621 -1.635256 -0.731371
370000 2.110985 -1.434413 -0.724393
380000 1.817650 -1.526435 -0.658157
390000 2.026715 -1.654326 -0.547996
400000 1.060230 -1.502137 -0.667125
410000 0.812936 -1.629356 -0.733685
420000 1.060751 -1.628040 -0.712402
430000 0.897500 -1.503927 -0.778860
440000 1.269965 -1.532039 -0.635892
450000 1.657081 -1.531280 -0.631544
460000 1.409928 -1.617673 -0.741938
470000 1.020003 -1.497887 -0.591004
480000 0.818552 -1.471454 -0.542150
490000 1.161225 -1.570190 -0.676881
500000 0.801224 -1.532052 -0.636081
510000 0.913017 -1.555131 -0.596618
520000 0.974289 -1.603381 -0.609941
530000 1.840769 -1.507592 -0.663951
540000 2.953369 -1.403032 -0.711546
550000 4.307448 -1.656092 -0.738052
560000 4.692474 -1.594886 -0.698818
570000 3.852844 -1.486950 -0.702580
580000 2.693275 -1.488050 -0.801211
590000 3.680073 -1.548454 -0.703537
600000 4.030677 -1.594435 -0.644504
610000 4.996977 -1.536538 -0.731738
620000 4.969322 -1.476546 -0.646461
630000 4.819496 -1.495809 -0.690178
640000 3.836827 -1.535995 -0.616367
650000 2.960368 -1.649818 -0.704580
660000 2.212074 -1.764054 -0.695136
670000 2.850429 -1.534287 -0.798488
680000 2.096895 -1.528090 -0.769597
690000 1.746802 -1.603206 -0.666522
700000 1.935272 -1.513446 -0.667774
710000 1.627788 -1.689994 -0.683791
720000 2.402027 -1.535744 -0.786885
730000 2.189948 -1.446350 -0.791480
740000 3.463966 -1.487246 -0.649336
750000 4.032987 -1.484391 -0.866371
760000 4.550232 -1.479432 -0.700609
770000 3.339659 -1.630771 -0.696357
780000 3.032710 -1.631579 -0.653736
790000 3.057640 -1.603151 -0.619784
800000 3.660919 -1.527652 -0.542172
810000 4.565785 -1.511628 -0.719706
820000 4.093738 -1.567172 -0.785524
830000 5.061556 -1.541837 -0.674545
840000 4.944121 -1.572936 -0.697039
850000 4.751828 -1.526951 -0.681312
860000 4.114338 -1.675967 -0.747492
870000 3.175259 -1.655075 -0.645334
880000 3.136343 -1.653604 -0.695792
890000 3.757033 -1.542945 -0.696365
900000 4.729415 -1.476627 -0.600579
910000 5.013556 -1.585477 -0.686558
920000 4.007385 -1.654383 -0.567455
930000 5.142805 -1.637749 -0.729396
940000 4.804879 -1.603370 -0.742133
950000 2.466273 -1.482063 -0.689591
960000 2.924687 -1.545516 -0.686420
970000 4.258864 -1.520148 -0.743593
980000 2.901652 -1.587272 -0.867479
990000 2.227262 -1.640012 -0.677428
1000000 2.185821 -1.512933 -0.679378
1010000 1.775174 -1.612741 -0.688647
1020000 1.316180 -1.391521 -0.658372
1030000 1.077531 -1.632814 -0.780320
1040000 1.025088 -1.588622 -0.651026
1050000 1.029375 -1.472812 -0.731108
1060000 1.311840 -1.501865 -0.651234
1070000 1.239999 -1.662703 -0.663238
1080000 1.597028 -1.466281 -0.598448
1090000 1.976940 -1.585313 -0.737473
1100000 2.549282 -1.448010 -0.842793
1110000 2.288410 -1.568226 -0.794791
1120000 2.860569 -1.629352 -0.667905
1130000 2.882046 -1.510248 -0.591123
1140000 2.359411 -1.655865 -0.762547
1150000 2.648790 -1.543459 -0.690116
1160000 1.809984 -1.583253 -0.627162
1170000 1.607090 -1.625032 -0.592927
1180000 1.489939 -1.500019 -0.736864
1190000 1.616844 -1.476806 -0.687086
1200000 2.391689 -1.624070 -0.733880
1210000 3.342629 -1.530227 -0.529648
1220000 3.760119 -1.641804 -0.901089
1230000 4.224345 -1.539241 -0.805106
1240000 2.997572 -1.636527 -0.600787
1250000 3.076981 -1.678178 -0.580136
1260000 3.924292 -1.625650 -0.693874
1270000 4.252666 -1.620694 -0.655326
1280000 3.894572 -1.583473 -0.747454
1290000 3.669080 -1.581601 -0.610307
1300000 3.879889 -1.395573 -0.746888
1310000 4.403477 -1.571512 -0.751539
1320000 4.337593 -1.566104 -0.571345
1330000 4.652450 -1.683777 -0.803767
1340000 4.970553 -1.702625 -0.676542
1350000 4.168917 -1.690281 -0.742580
1360000 2.982680 -1.705436 -0.760677
1370000 2.570066 -1.581646 -0.706967
1380000 3.068908 -1.671399 -0.617022
1390000 3.419076 -1.550637 -0.690421
1400000 3.595694 -1.539878 -0.636155
1410000 3.133672 -1.640565 -0.771964
1420000 2.620771 -1.626924 -0.600536
1430000 2.928910 -1.610634 -0.814415
1440000 2.589596 -1.625255 -0.813525
1450000 2.982760 -1.728478 -0.621058
1460000 3.674121 -1.373357 -0.673122
1470000 4.017546 -1.469781 -0.698174
1480000 4.924622 -1.578855 -0.836211
1490000 3.983264 -1.511855 -0.667204
1500000 3.874380 -1.619339 -0.650357
1510000 4.342124 -1.514001 -0.778852
1520000 3.702898 -1.568607 -0.783689
1530000 3.070772 -1.541327 -0.520315
1540000 2.507955 -1.479016 -0.757981
1550000 3.306762 -1.487539 -0.684894
1560000 2.960795 -1.587174 -0.677322
1570000 1.871453 -1.511255 -0.747282
1580000 1.553092 -1.521020 -0.700914
1590000 1.696535 -1.633293 -0.717121
1600000 2.149626 -1.708214 -0.639227
1610000 2.302250 -1.687343 -0.649009
1620000 1.736130 -1.613611 -0.710688
1630000 2.200939 -1.605456 -0.780513
1640000 2.200583 -1.609914 -0.843648
1650000 2.308985 -1.511143 -0.713756
1660000 3.215010 -1.570432 -0.752922
1670000 3.930251 -1.552921 -0.792701
1680000 3.660587 -1.551356 -0.745592
1690000 3.842065 -1.512208 -0.620416
1700000 3.855701 -1.579812 -0.671386
1710000 4.859180 -1.593448 -0.586530
1720000 4.489742 -1.571302 -0.574372
1730000 4.726580 -1.501290 -0.699952
1740000 3.948057 -1.592623 -0.662426
1750000 4.061087 -1.559070 -0.702236
1760000 3.253526 -1.591983 -0.747243
1770000 2.548442 -1.557993 -0.626163
1780000 2.942649 -1.688718 -0.702992
1790000 3.183987 -1.705086 -0.743997
1800000 3.164454 -1.624026 -0.788663
1810000 3.852620 -1.580663 -0.671527
1820000 4.908653 -1.490015 -0.715841
1830000 4.182130 -1.580269 -0.846333
1840000 4.721324 -1.544752 -0.778963
1850000 3.534807 -1.490850 -0.659517
1860000 4.230342 -1.607831 -0.873702
1870000 3.688096 -1.654446 -0.674862
1880000 2.357778 -1.529345 -0.748219
1890000 2.656589 -1.477745 -0.749376
1900000 2.664752 -1.640587 -0.691973
1910000 1.961338 -1.564271 -0.766174
1920000 1.180056 -1.735778 -0.609840
1930000 0.578067 -1.445901 -0.667933
1940000 0.714024 -1.614984 -0.718209
1950000 0.499318 -1.662888 -0.505517
1960000 0.734771 -1.567856 -0.736995
1970000 0.936421 -1.639824 -0.565358
1980000 0.872613 -1.606464 -0.738941
1990000 1.103066 -1.526008 -0.581736
2000000 0.695305 -1.655330 -0.710460
2010000 0.631001 -1.576465 -0.572515
2020000 1.035205 -1.632824 -0.710276
2030000 1.073133 -1.573625 -0.669542
2040000 0.975907 -1.523536 -0.698497
2050000 1.452482 -1.598054 -0.824786
2060000 1.218840 -1.588346 -0.707348
2070000 1.526912 -1.447212 -0.657609
2080000 1.597019 -1.680402 -0.632943
2090000 1.340601 -1.512837 -0.727521
2100000 1.081872 -1.633617 -0.677078
2110000 1.134710 -1.684742 -0.786243
2120000 0.830241 -1.615443 -0.766467
2130000 1.800512 -1.653969 -0.647551
2140000 1.545353 -1.515129 -0.748628
2150000 1.322899 -1.494173 -0.680064
2160000 1.276132 -1.568380 -0.737963
2170000 1.132476 -1.602183 -0.815640
2180000 1.306886 -1.452127 -0.588853
2190000 1.286878 -1.581957 -0.685526
2200000 1.788050 -1.531008 -0.735361
2210000 1.917070 -1.682333 -0.615833
2220000 1.832165 -1.507377 -0.742041
2230000 1.515370 -1.436325 -0.616138
2240000 2.103636 -1.589377 -0.766647
2250000 2.269605 -1.504719 -0.689885
2260000 2.521188 -1.680036 -0.732781
2270000 2.922007 -1.514690 -0.844585
2280000 2.562105 -1.703787 -0.647148
2290000 2.625888 -1.630561 -0.730456
2300000 3.150111 -1.536338 -0.562988
2310000 3.195659 -1.587866 -0.701878
2320000 2.679229 -1.602225 -0.655463
2330000 3.526264 -1.538226 -0.809610
2340000 3.730166 -1.449282 -0.760245
2350000 4.246166 -1.647341 -0.778180
2360000 4.834323 -1.515171 -0.721820
2370000 4.615100 -1.524477 -0.672353
2380000 5.057208 -1.646953 -0.642941
2390000 4.649127 -1.578276 -0.774540
2400000 5.082899 -1.517562 -0.699497
2410000 5.007767 -1.451239 -0.824886
2420000 4.310393 -1.582824 -0.681280
2430000 4.592500 -1.569270 -0.605427
2440000 4.493520 -1.593729 -0.687562
2450000 3.577413 -1.566930 -0.784907
2460000 4.062622 -1.436959 -0.787608
2470000 3.896628 -1.587457 -0.643742
2480000 3.095337 -1.565296 -0.709595
2490000 2.983538 -1.649194 -0.718888
2500000 1.998886 -1.518879 -0.677503
2510000 2.304840 -1.429196 -0.709105
2520000 2.614510 -1.609159 -0.649977
2530000 2.117466 -1.541086 -0.732201
2540000 2.118833 -1.553166 -0.646597
2550000 2.378650 -1.623719 -0.648450
2560000 2.261953 -1.654203 -0.720162
2570000 2.517032 -1.582630 -0.738632
2580000 3.188958 -1.594167 -0.750993
2590000 2.351961 -1.578542 -0.644313
2600000 1.645869 -1.734712 -0.725486
2610000 1.532263 -1.492493 -0.613314
2620000 1.708477 -1.610095 -0.650117
2630000 1.760019 -1.585680 -0.746241
2640000 1.432536 -1.556942 -0.738309
2650000 1.818526 -1.511788 -0.625844
2660000 1.978932 -1.706051 -0.675755
2670000 1.443116 -1.635982 -0.578371
2680000 1.608395 -1.574120 -0.756719
2690000 2.297216 -1.510892 -0.717008
2700000 3.055274 -1.580557 -0.638828
2710000 3.329833 -1.644510 -0.657933
2720000 4.458864 -1.525581 -0.690698
2730000 4.124602 -1.450782 -0.672310
2740000 4.920676 -1.664134 -0.709647
2750000 3.687401 -1.628338 -0.734310
2760000 4.239774 -1.611961 -0.624303
2770000 4.526829 -1.482108 -0.671229
2780000 3.707666 -1.547897 -0.846277
2790000 3.828759 -1.504792 -0.738299
2800000 3.787819 -1.394788 -0.665689
2810000 4.277257 -1.528100 -0.600321
2820000 4.840361 -1.441196 -0.683721
2830000 5.096710 -1.598306 -0.701018
2840000 4.507902 -1.605859 -0.799412
2850000 5.116386 -1.469019 -0.687377
2860000 4.501601 -1.482840 -0.659469
2870000 4.176017 -1.548693 -0.604132
2880000 3.575828 -1.534755 -0.744052
2890000 3.147453 -1.513312 -0.744558
2900000 3.158899 -1.595712 -0.622256
2910000 3.338727 -1.652730 -0.606567
2920000 2.715309 -1.565119 -0.660619
2930000 2.615379 -1.580835 -0.751023
2940000 2.460864 -1.499619 -0.629353
2950000 2.600169 -1.471985 -0.739455
2960000 2.561112 -1.561141 -0.770443
2970000 2.161074 -1.686485 -0.528392
2980000 2.420065 -1.661766 -0.788284
2990000 2.242163 -1.652837 -0.770343
3000000 2.866569 -1.521256 -0.712655
3010000 3.195422 -1.673737 -0.702425
3020000 4.046738 -1.644435 -0.682395
3030000 3.912376 -1.702827 -0.723454
3040000 4.678055 -1.540206 -0.688734
