100000 2.584893 -1.527996 -0.830402
110000 3.887192 -1.691210 -0.852499
120000 4.570333 -1.480564 -0.982762
130000 4.440991 -1.438439 -0.928679
140000 3.815813 -1.490484 -0.864680
150000 2.740093 -1.533298 -0.927270
160000 2.889982 -1.563112 -0.985051
170000 2.081695 -1.422942 -0.774134
180000 1.628511 -1.562114 -0.863816
190000 2.448548 -1.413204 -0.831865
200000 3.135460 -1.632785 -0.851288
210000 4.494751 -1.616187 -0.829420
220000 3.708886 -1.429181 -0.820415
230000 4.772686 -1.620460 -0.853802
240000 4.048459 -1.645684 -0.818936
250000 4.778752 -1.552013 -0.882780
260000 3.359582 -1.551422 -0.811072
270000 3.218913 -1.560265 -1.058413
280000 2.510365 -1.518051 -0.804185
290000 2.122457 -1.546337 -0.935600
300000 2.736390 -1.540935 -0.834162
310000 2.489824 -1.603208 -0.972518
320000 2.653849 -1.685861 -0.928128
330000 4.007058 -1.576557 -0.982078
340000 4.342035 -1.489026 -0.793363
350000 3.938654 -1.479703 -0.939943
360000 4.204586 -1.633409 -0.942290
370000 4.989013 -1.565469 -0.973462
380000 4.455600 -1.551203 -0.894777
390000 3.266671 -1.368000 -0.856452
400000 2.728764 -1.569928 -0.832548
410000 1.759494 -1.620525 -0.939842
420000 1.233695 -1.659853 -0.932276
430000 1.723529 -1.599810 -0.796569
440000 2.070979 -1.538962 -0.923666
450000 1.150937 -1.629279 -0.890032
460000 1.984045 -1.633817 -0.850799
470000 0.747062 -1.593861 -1.000951
480000 0.788699 -1.563743 -0.892893
490000 1.073158 -1.486654 -0.936170
500000 0.895336 -1.511491 -0.850190
510000 1.220008 -1.502179 -0.955521
520000 1.883924 -1.589017 -0.941888
530000 1.265081 -1.574067 -0.751737
540000 2.374120 -1.542702 -0.923951
550000 3.195123 -1.625962 -0.801827
560000 3.938956 -1.632484 -0.800942
570000 4.188913 -1.685938 -0.915642
580000 3.321725 -1.514825 -0.799125
590000 2.427213 -1.547603 -0.880321
600000 2.259082 -1.656084 -0.940602
610000 2.779491 -1.468194 -0.891060
620000 2.369211 -1.581680 -0.816253
630000 3.584988 -1.523863 -0.915390
640000 4.791171 -1.613902 -0.892145
650000 3.993309 -1.644418 -0.764941
660000 3.594502 -1.641259 -0.919560
670000 3.028226 -1.464201 -0.800378
680000 4.086518 -1.609988 -0.848443
690000 4.376059 -1.554175 -0.791876
700000 3.730696 -1.565255 -0.821288
710000 3.473141 -1.610290 -0.777066
720000 2.401531 -1.468296 -0.794611
730000 3.391327 -1.495335 -0.755534
740000 2.378440 -1.736773 -0.896483
750000 1.648986 -1.481843 -0.767869
760000 1.396925 -1.592460 -0.948366
770000 1.846158 -1.469673 -0.958368
780000 0.891287 -1.749445 -0.927548
790000 0.839101 -1.591853 -0.911880
800000 1.304715 -1.589200 -1.014248
810000 0.725267 -1.576554 -0.816056
820000 0.612368 -1.660676 -0.778820
830000 1.228049 -1.603951 -0.788971
840000 1.167388 -1.728975 -0.854286
850000 0.798694 -1.402742 -0.873257
860000 0.911707 -1.664929 -0.816697
870000 1.760495 -1.631162 -0.848774
880000 2.127027 -1.564706 -0.807511
890000 2.495911 -1.505385 -0.852471
900000 3.916525 -1.571492 -0.900962
910000 4.880707 -1.577015 -0.908049
920000 4.460993 -1.591541 -0.898489
930000 3.372286 -1.576731 -0.814764
940000 3.324111 -1.587091 -0.814930
950000 4.125468 -1.608259 -0.752264
960000 4.842505 -1.504849 -0.921420
970000 4.272221 -1.623075 -0.843824
980000 3.701372 -1.473352 -0.924725
990000 2.976336 -1.626563 -0.921948
1000000 2.844724 -1.527550 -0.877676
1010000 3.143131 -1.711010 -0.892346
1020000 2.047956 -1.661292 -0.801372
1030000 1.687295 -1.581450 -0.883390
1040000 2.374891 -1.554464 -0.818236
1050000 1.920687 -1.524323 -0.922549
1060000 1.762248 -1.667571 -0.829641
1070000 2.518288 -1.627376 -0.886805
1080000 3.947888 -1.582952 -0.791329
1090000 4.633438 -1.487236 -0.951149
1100000 4.953519 -1.510281 -0.909630
1110000 4.487760 -1.546815 -0.956226
1120000 4.062862 -1.614308 -0.869815
1130000 4.282010 -1.556098 -0.812199
1140000 3.757680 -1.605430 -0.895900
1150000 2.601751 -1.525670 -1.021682
1160000 2.811377 -1.499229 -0.767397
1170000 1.920691 -1.538155 -0.753168
1180000 2.086149 -1.616249 -1.011350
1190000 3.024663 -1.614251 -0.926986
1200000 3.405696 -1.619612 -0.772896
1210000 3.779032 -1.421692 -0.722467
1220000 2.995170 -1.659807 -0.945547
1230000 2.480733 -1.643102 -0.919821
1240000 2.192536 -1.501891 -0.823813
1250000 2.294556 -1.662942 -0.893242
1260000 3.379058 -1.635568 -0.837086
1270000 3.234255 -1.527361 -0.686199
1280000 4.170571 -1.681872 -0.856219
1290000 4.590364 -1.561778 -0.877938
1300000 4.429449 -1.542105 -0.970045
1310000 3.680892 -1.579477 -0.933729
1320000 4.061886 -1.572519 -0.839348
1330000 4.964958 -1.624208 -0.940653
1340000 4.718151 -1.525686 -0.910496
1350000 5.054434 -1.602391 -0.890620
1360000 4.417639 -1.579104 -0.871885
1370000 4.013932 -1.639946 -0.877352
1380000 2.642391 -1.619030 -0.912880
1390000 2.454648 -1.612529 -0.863190
1400000 1.533825 -1.673242 -0.814292
1410000 1.385636 -1.701475 -0.744839
1420000 1.479149 -1.544847 -1.050332
1430000 1.540493 -1.586079 -0.800430
1440000 1.899752 -1.625397 -0.795938
1450000 1.695356 -1.602485 -0.915889
1460000 2.125339 -1.545041 -0.871984
1470000 2.403874 -1.548809 -0.702462
1480000 2.808726 -1.537872 -0.814599
1490000 3.467054 -1.660142 -0.760481
1500000 3.199061 -1.581966 -0.865658
1510000 4.794784 -1.526333 -0.913161
1520000 4.612444 -1.594411 -0.902960
1530000 4.714937 -1.595082 -1.076374
1540000 4.847803 -1.669559 -0.784560
1550000 4.129916 -1.474462 -0.878628
1560000 3.541775 -1.544791 -0.766091
1570000 4.280469 -1.697553 -0.761894
1580000 4.968914 -1.500742 -0.933348
1590000 4.946518 -1.587170 -0.932376
1600000 3.807479 -1.544488 -0.933744
1610000 4.495652 -1.450083 -0.900252
1620000 3.738534 -1.505416 -0.991161
1630000 2.758490 -1.676081 -0.978068
1640000 3.108424 -1.613376 -0.859952
1650000 3.586906 -1.565606 -0.770135
1660000 3.571291 -1.647828 -0.877536
1670000 4.682952 -1.592252 -0.969785
1680000 4.718515 -1.554240 -0.930654
1690000 4.153969 -1.463902 -0.841656
1700000 3.129349 -1.673107 -0.788591
1710000 2.228264 -1.635125 -0.960354
1720000 2.782396 -1.571450 -0.978400
1730000 2.488028 -1.569199 -0.966339
1740000 3.427030 -1.597634 -0.885108
1750000 3.002722 -1.540939 -0.976915
1760000 3.529130 -1.536678 -0.851970
1770000 3.617866 -1.510425 -0.906393
1780000 3.077837 -1.648992 -0.862527
1790000 4.387700 -1.583698 -0.852480
1800000 4.656425 -1.437923 -0.946263
1810000 4.561691 -1.520104 -0.846250
1820000 4.154691 -1.574493 -0.989408
1830000 2.976431 -1.609052 -0.895766
1840000 2.758154 -1.567732 -0.884572
1850000 1.769101 -1.584182 -0.839214
1860000 1.236493 -1.667622 -0.928625
1870000 1.353858 -1.600887 -0.904173
1880000 1.422199 -1.618383 -0.825361
1890000 1.612921 -1.617553 -0.976032
1900000 1.614238 -1.480569 -0.704908
1910000 2.250841 -1.524567 -0.895384
1920000 3.026677 -1.554966 -0.897501
1930000 2.776100 -1.635220 -0.868165
1940000 2.707285 -1.529648 -0.845393
1950000 1.976387 -1.509465 -0.863856
1960000 1.836263 -1.607123 -0.970664
1970000 2.554999 -1.606052 -0.850529
1980000 3.545062 -1.466682 -0.906363
1990000 4.766278 -1.412006 -0.819904
2000000 4.974768 -1.582807 -0.757400
2010000 4.552683 -1.526159 -0.879032
2020000 3.936183 -1.521685 -0.793693
2030000 4.470873 -1.654446 -0.892381
2040000 3.069304 -1.579845 -0.902139
2050000 2.908956 -1.499943 -0.844890
2060000 2.983059 -1.577035 -0.891935
2070000 2.190119 -1.747790 -0.724947
2080000 1.390442 -1.418983 -0.715041
2090000 0.829547 -1.595041 -1.002284
2100000 0.569327 -1.732676 -0.894810
2110000 0.803173 -1.595722 -0.794633
2120000 0.660323 -1.620539 -0.772821
2130000 0.931056 -1.552809 -0.931027
2140000 0.957282 -1.443124 -0.953718
2150000 0.893630 -1.505065 -0.771856
2160000 1.043373 -1.641800 -0.857558
2170000 0.988035 -1.576285 -0.994832
2180000 0.952798 -1.493060 -0.766990
2190000 0.959232 -1.517901 -0.905403
2200000 1.215407 -1.493985 -0.914349
2210000 1.195245 -1.579683 -0.836256
2220000 1.152101 -1.436028 -0.815588
2230000 0.930296 -1.581267 -0.779713
2240000 0.972860 -1.664122 -0.937707
2250000 1.168175 -1.640736 -0.866085
2260000 0.640262 -1.762335 -0.831210
2270000 1.243036 -1.566807 -1.021745
2280000 1.556958 -1.416053 -0.793601
2290000 1.637323 -1.500916 -0.846050
2300000 1.912818 -1.539092 -0.798925
2310000 1.528401 -1.455889 -0.761667
2320000 1.482115 -1.621119 -0.854816
2330000 1.351532 -1.497858 -0.838448
2340000 1.054955 -1.610717 -0.833465
2350000 0.765765 -1.642584 -0.856600
2360000 0.571021 -1.726802 -1.028421
2370000 1.120419 -1.450239 -0.898428
2380000 1.080125 -1.574942 -0.687636
2390000 0.983116 -1.545088 -0.822731
2400000 0.981399 -1.590745 -0.868844
2410000 0.711312 -1.505843 -0.890940
2420000 0.504119 -1.462058 -1.058124
2430000 1.164653 -1.539845 -0.852890
2440000 0.650223 -1.550766 -0.870237
2450000 0.793469 -1.581174 -0.761836
2460000 0.827168 -1.471093 -0.723510
2470000 0.600985 -1.636927 -0.819861
2480000 0.660325 -1.633430 -0.808103
2490000 0.691822 -1.698982 -0.823438
2500000 0.502709 -1.561790 -0.871732
2510000 0.509384 -1.560222 -0.747162
2520000 0.585429 -1.714402 -0.817702
2530000 0.499958 -1.624139 -0.886451
2540000 1.166461 -1.627288 -0.872699
2550000 1.313261 -1.582066 -0.950727
2560000 1.126870 -1.537838 -0.998990
2570000 1.657675 -1.557757 -0.895796
2580000 1.646174 -1.551323 -0.834327
2590000 1.951632 -1.525649 -0.836632
2600000 2.174615 -1.548156 -0.912484
2610000 2.441788 -1.604099 -0.930698
2620000 3.043541 -1.606994 -0.904098
2630000 3.263924 -1.571559 -0.998599
2640000 3.518678 -1.561705 -0.945634
2650000 3.709177 -1.611168 -0.838563
2660000 4.018675 -1.538652 -0.774787
2670000 4.663040 -1.608733 -0.869094
2680000 4.293539 -1.647341 -0.788228
2690000 3.755637 -1.651670 -1.003756
2700000 3.662364 -1.534645 -0.812833
2710000 4.046841 -1.576070 -0.833864
2720000 4.365501 -1.513851 -1.022764
2730000 4.803714 -1.414693 -0.804408
2740000 3.268716 -1.572463 -0.937234
2750000 2.953373 -1.588742 -0.762633
2760000 2.592736 -1.752771 -0.790067
2770000 2.169090 -1.591276 -0.818863
2780000 2.247082 -1.589098 -0.790466
2790000 2.872570 -1.650586 -0.850285
2800000 2.762088 -1.588522 -0.893826
2810000 2.492393 -1.530537 -0.823921
2820000 3.780127 -1.534316 -0.982548
2830000 4.640461 -1.583089 -1.018086
2840000 4.661972 -1.622690 -0.935296
2850000 5.026453 -1.490098 -1.007651
2860000 4.579253 -1.526255 -0.793132
2870000 4.185199 -1.533069 -0.804553
2880000 3.470289 -1.638533 -0.922468
2890000 3.598136 -1.592408 -0.906252
2900000 3.068276 -1.665071 -0.975993
2910000 3.555760 -1.606568 -0.939630
2920000 3.728973 -1.568525 -0.869633
2930000 4.326625 -1.602710 -0.768595
2940000 3.756884 -1.531438 -0.870714
2950000 4.970523 -1.547809 -0.727947
2960000 4.613023 -1.513778 -0.812353
2970000 4.550381 -1.597084 -0.836845
2980000 4.919086 -1.519569 -0.958812
2990000 4.639047 -1.573137 -0.842894
3000000 4.889897 -1.522233 -0.953082
3010000 4.210822 -1.736001 -0.889287
3020000 3.790973 -1.616970 -0.888442
3030000 3.534350 -1.625054 -0.959754
3040000 4.843808 -1.481139 -0.887009
3050000 4.361144 -1.632272 -0.935526
3060000 4.727559 -1.646309 -0.686448
3070000 4.421630 -1.413419 -0.799806
3080000 4.414864 -1.489972 -0.839085
3090000 2.817241 -1.547914 -0.869481
3100000 2.893289 -1.565358 -0.874546
3110000 3.257347 -1.713139 -0.940338
3120000 3.615317 -1.594512 -0.793534
3130000 2.684368 -1.588937 -0.887504
3140000 2.927601 -1.577378 -0.760624
3150000 2.031079 -1.577168 -0.754431
3160000 2.120505 -1.587034 -0.895564
3170000 2.051970 -1.502444 -0.778347
3180000 2.063892 -1.568832 -0.807550
3190000 2.088476 -1.584267 -1.035480
3200000 1.964487 -1.598207 -0.767774
3210000 1.827674 -1.360963 -0.876769
3220000 1.642744 -1.605552 -0.772096
3230000 1.716119 -1.703551 -0.863442
3240000 1.454681 -1.480125 -0.902746
3250000 1.608868 -1.510435 -0.969750
3260000 1.408639 -1.790787 -0.853156
3270000 1.929353 -1.486964 -0.753536
3280000 1.979391 -1.479490 -0.839698
3290000 2.259781 -1.466836 -0.836735
3300000 2.647086 -1.600514 -0.767989
3310000 2.109632 -1.594285 -0.948168
3320000 2.209451 -1.527899 -0.785343
3330000 2.220087 -1.646054 -0.832200
3340000 2.739095 -1.540454 -0.893969
3350000 3.358873 -1.582851 -0.889894
3360000 3.921194 -1.620230 -0.729730
3370000 3.101078 -1.474101 -0.909272
3380000 2.738158 -1.646321 -0.845221
3390000 3.341539 -1.590125 -0.901104
3400000 3.032317 -1.562714 -0.925351
3410000 2.570236 -1.530224 -0.823036
3420000 2.844992 -1.471055 -0.809890
3430000 2.877885 -1.669288 -1.025049
3440000 4.594499 -1.565334 -0.843032
3450000 4.773629 -1.641139 -0.976783
3460000 3.866930 -1.530012 -0.965751
3470000 4.335578 -1.546650 -0.903784
3480000 4.545108 -1.563809 -0.953280
3490000 3.677395 -1.533712 -0.845972
3500000 3.932268 -1.553129 -0.788484
3510000 3.592348 -1.593079 -0.827962
3520000 3.438920 -1.514529 -0.957071
3530000 3.814221 -1.636468 -0.898411
3540000 4.093199 -1.532344 -0.970855
3550000 4.525078 -1.656236 -0.930444
3560000 3.743206 -1.588861 -0.864698
3570000 3.644897 -1.519016 -0.794327
3580000 2.745921 -1.599591 -0.762457
3590000 2.878625 -1.547159 -0.851757
3600000 3.363653 -1.727113 -0.854590
3610000 4.066805 -1.515493 -1.003918
3620000 4.412352 -1.482818 -0.889816
3630000 3.580459 -1.494188 -0.915171
3640000 3.158423 -1.626722 -0.910918
3650000 2.434454 -1.599357 -0.917688
3660000 2.046078 -1.564721 -0.874934
3670000 2.023319 -1.534113 -0.895563
3680000 2.452445 -1.460647 -0.821159
3690000 3.908861 -1.626733 -0.839392
3700000 3.927110 -1.627323 -0.919904
3710000 4.738271 -1.610114 -0.886438
3720000 4.699120 -1.575409 -0.912406
3730000 4.569267 -1.624609 -0.879313
3740000 5.065567 -1.555224 -0.746813
3750000 4.515200 -1.607465 -0.953513
3760000 4.962562 -1.611510 -0.915331
3770000 4.863434 -1.472466 -0.920810
3780000 4.204654 -1.563694 -0.860119
3790000 4.473512 -1.451101 -0.957617
3800000 4.574045 -1.727703 -0.760169
3810000 4.500291 -1.630892 -0.901653
3820000 2.720097 -1.502550 -0.956499
3830000 2.544730 -1.563301 -0.836830
3840000 2.952183 -1.564226 -0.844011
3850000 2.570263 -1.520808 -0.769504
3860000 1.919832 -1.697022 -0.853878
3870000 1.725302 -1.556515 -0.902648
3880000 2.040456 -1.619168 -0.929993
3890000 2.766254 -1.663248 -0.830906
3900000 2.471355 -1.593646 -0.916971
3910000 2.937232 -1.523322 -0.849134
3920000 3.088695 -1.649096 -0.962125
3930000 3.665442 -1.706821 -0.874013
3940000 4.267118 -1.563650 -0.833260
3950000 3.974479 -1.508592 -0.902714
3960000 4.398948 -1.592288 -0.717945
3970000 4.595833 -1.612381 -0.755443
3980000 3.419372 -1.417401 -0.883749
3990000 3.436587 -1.526687 -0.799417
4000000 4.272702 -1.539911 -0.853523
