100000 2.151023 -1.525305 -1.037808
110000 3.860269 -1.635558 -0.946050
120000 4.044148 -1.506000 -1.022414
130000 3.821624 -1.534649 -1.108782
140000 4.160355 -1.624295 -1.102333
150000 3.748807 -1.548228 -1.134708
160000 2.734190 -1.430591 -1.063072
170000 4.138972 -1.614610 -0.952589
180000 3.470072 -1.608687 -0.852847
190000 2.067429 -1.720621 -0.942292
200000 1.443719 -1.531973 -1.040902
210000 0.987280 -1.571473 -1.046484
220000 1.475474 -1.576379 -1.090168
230000 1.352335 -1.733573 -1.065215
240000 0.939431 -1.519866 -0.930730
250000 1.208049 -1.486131 -1.028715
260000 1.035348 -1.614532 -1.021272
270000 1.180640 -1.548361 -1.037092
280000 1.992377 -1.607740 -0.874160
290000 2.168777 -1.537898 -0.963811
300000 3.114382 -1.564143 -0.960640
310000 2.615851 -1.599800 -0.866040
320000 3.044596 -1.519510 -1.149857
330000 4.421944 -1.491786 -1.079532
340000 3.688525 -1.607128 -1.044107
350000 3.331171 -1.553767 -1.013750
360000 1.823558 -1.589843 -1.086699
370000 1.413633 -1.528192 -0.913211
380000 1.596644 -1.670144 -1.041814
390000 0.625861 -1.617279 -0.973458
400000 0.710190 -1.602429 -1.049397
410000 0.686665 -1.523322 -1.054868
420000 1.061043 -1.695777 -0.950772
430000 0.997561 -1.436849 -1.158704
440000 0.965299 -1.502380 -1.019044
450000 1.283876 -1.511806 -1.042662
460000 1.526524 -1.560740 -0.986043
470000 2.320262 -1.494440 -1.035948
480000 2.300693 -1.574910 -1.065585
490000 2.790641 -1.551016 -0.982605
500000 3.726231 -1.566706 -1.117359
510000 4.693475 -1.571871 -0.983969
520000 4.177125 -1.568656 -1.234091
530000 3.790010 -1.627411 -1.079476
540000 4.437326 -1.622911 -1.074565
550000 3.234432 -1.624659 -1.015839
560000 3.570139 -1.562878 -1.027415
570000 4.489191 -1.558789 -1.108604
580000 3.743444 -1.527728 -0.961054
590000 3.505330 -1.443315 -1.083689
600000 1.911531 -1.466465 -1.003979
610000 2.734523 -1.652965 -0.984809
620000 2.272352 -1.537253 -1.057912
630000 1.873772 -1.624515 -1.053859
640000 2.530637 -1.577177 -1.058497
650000 3.311900 -1.482038 -1.036333
660000 4.259814 -1.676418 -1.106377
670000 3.736951 -1.623433 -1.096923
680000 4.658510 -1.636613 -1.107363
690000 3.741762 -1.664235 -0.995883
700000 4.160518 -1.461415 -1.049452
710000 4.461306 -1.566005 -1.069003
720000 4.575753 -1.544596 -1.095176
730000 4.197131 -1.553671 -1.208020
740000 2.663462 -1.516528 -1.054664
750000 3.033830 -1.572682 -1.100997
760000 3.123804 -1.538565 -1.123399
770000 2.134765 -1.620615 -0.931387
780000 1.755728 -1.589408 -0.972971
790000 2.109100 -1.475454 -1.010265
800000 2.200462 -1.546151 -1.256352
810000 2.629605 -1.423033 -1.175675
820000 1.959666 -1.600977 -1.004664
830000 1.452521 -1.557534 -0.945544
840000 1.064928 -1.530107 -0.940412
850000 1.279196 -1.585432 -1.049078
860000 0.719273 -1.595608 -1.200231
870000 1.007879 -1.689159 -1.057788
880000 1.549196 -1.525979 -1.059844
890000 1.003937 -1.515717 -1.143334
900000 1.532008 -1.545501 -1.037486
910000 1.680981 -1.597561 -1.069905
920000 1.438727 -1.570402 -0.971155
930000 1.527166 -1.458888 -1.080990
940000 1.691862 -1.627430 -0.969802
950000 1.936006 -1.597959 -1.147225
960000 2.305911 -1.500112 -1.131764
970000 2.363832 -1.469392 -1.055064
980000 2.608315 -1.659176 -1.080905
990000 3.380432 -1.688675 -1.085978
1000000 3.711608 -1.544367 -1.034180
1010000 4.202740 -1.555418 -0.921013
1020000 3.563495 -1.587782 -1.059116
1030000 3.535269 -1.657894 -0.943146
1040000 4.984134 -1.530905 -0.933372
1050000 4.655640 -1.706871 -1.124407
1060000 4.380069 -1.438205 -0.943404
1070000 5.076541 -1.504895 -1.040011
1080000 4.940057 -1.503631 -0.999986
1090000 3.857354 -1.660494 -1.047383
1100000 2.705872 -1.630936 -1.059596
1110000 3.422781 -1.573734 -1.050883
1120000 3.905177 -1.564045 -0.986518
1130000 4.590281 -1.587533 -1.111816
1140000 3.932676 -1.555420 -1.073736
1150000 4.791014 -1.603566 -1.128340
1160000 4.901732 -1.653259 -1.087886
1170000 3.694134 -1.549184 -1.058085
1180000 4.011230 -1.472427 -0.992564
1190000 4.575903 -1.536354 -1.037520
1200000 4.734815 -1.672403 -0.998694
1210000 4.301403 -1.477437 -1.031999
1220000 2.754624 -1.586201 -1.001703
1230000 2.499386 -1.692768 -0.969849
1240000 2.933266 -1.552775 -0.977950
1250000 3.143016 -1.504215 -1.085188
1260000 3.715964 -1.541611 -1.113314
1270000 2.867793 -1.558700 -1.012410
1280000 4.585718 -1.665386 -1.031746
1290000 3.288236 -1.552656 -1.083237
1300000 2.404784 -1.491374 -1.072622
1310000 2.029631 -1.515710 -0.963077
1320000 1.550946 -1.688498 -1.064179
1330000 1.663048 -1.635600 -1.125435
1340000 1.384506 -1.553750 -1.101760
1350000 1.952665 -1.612013 -0.989213
1360000 1.970386 -1.532801 -1.023930
1370000 2.603712 -1.530039 -1.066338
1380000 2.548547 -1.560156 -0.946941
1390000 1.984221 -1.571192 -1.132536
1400000 2.439121 -1.566592 -1.027306
1410000 3.170258 -1.610468 -0.951927
1420000 3.816968 -1.524524 -1.079791
1430000 4.093978 -1.378669 -1.171659
1440000 4.291151 -1.544018 -0.993776
1450000 3.812086 -1.680636 -0.989737
1460000 4.100691 -1.364265 -1.155156
1470000 4.280906 -1.588949 -1.100049
1480000 4.571422 -1.534046 -1.058176
1490000 3.513788 -1.570213 -1.076583
1500000 4.606341 -1.687631 -1.119053
1510000 3.442498 -1.603216 -1.159731
1520000 3.232466 -1.577416 -1.110004
1530000 3.429129 -1.608012 -1.085801
1540000 2.966664 -1.501799 -1.139600
1550000 4.429430 -1.566274 -1.030499
1560000 4.676904 -1.511488 -1.108359
1570000 5.067849 -1.661518 -1.095024
1580000 5.046617 -1.650485 -1.133672
1590000 4.263843 -1.482588 -1.162979
1600000 4.462536 -1.474409 -1.086266
1610000 4.878961 -1.592024 -1.202743
1620000 4.941185 -1.600120 -1.012660
1630000 4.929831 -1.466793 -1.123261
1640000 4.867417 -1.559846 -1.016898
1650000 5.069811 -1.557815 -1.138877
1660000 4.504639 -1.507453 -1.120918
1670000 4.378071 -1.455649 -1.023098
1680000 2.951953 -1.579513 -1.044928
1690000 2.807591 -1.532443 -1.151954
1700000 2.150411 -1.525016 -1.060863
1710000 1.854344 -1.639891 -1.021291
1720000 1.941296 -1.708904 -1.148924
1730000 2.160852 -1.562688 -1.107011
1740000 2.582047 -1.644597 -1.034848
1750000 2.331517 -1.739827 -1.047204
1760000 3.358281 -1.509040 -0.959929
1770000 3.598177 -1.516392 -0.925682
1780000 3.288807 -1.529413 -1.070086
1790000 2.935028 -1.630458 -0.988977
1800000 3.365370 -1.659177 -1.034066
1810000 2.880297 -1.556578 -1.064833
1820000 2.504481 -1.438524 -1.030633
1830000 2.559507 -1.462166 -1.081768
1840000 2.105377 -1.516950 -1.055646
1850000 1.756995 -1.533242 -0.998309
1860000 1.493527 -1.619714 -1.074217
1870000 0.715490 -1.633025 -0.963838
1880000 0.500853 -1.604189 -0.992052
1890000 1.013414 -1.658219 -0.971278
1900000 0.826671 -1.512024 -0.999883
1910000 1.095656 -1.568928 -1.002813
1920000 1.177024 -1.642328 -1.083531
1930000 1.227173 -1.592179 -0.990467
1940000 1.293762 -1.584588 -1.050378
1950000 1.296417 -1.542943 -1.020981
1960000 0.874934 -1.550172 -1.063428
1970000 0.826165 -1.652334 -1.004495
1980000 0.856906 -1.700664 -0.973528
1990000 0.993000 -1.672465 -0.994799
2000000 0.735598 -1.642525 -1.152142
2010000 0.823925 -1.629769 -0.975149
2020000 0.636233 -1.703164 -1.078872
2030000 1.075660 -1.622627 -1.116817
2040000 0.664669 -1.589671 -1.143551
2050000 0.714692 -1.703362 -1.099360
2060000 0.946141 -1.561592 -1.113926
2070000 1.188125 -1.618628 -1.152501
2080000 1.384041 -1.597680 -1.122042
2090000 1.435043 -1.640331 -1.106442
2100000 1.463932 -1.508214 -1.111570
2110000 1.150912 -1.747713 -0.927620
2120000 1.204979 -1.531587 -0.904899
2130000 1.102391 -1.691224 -1.023538
2140000 1.865724 -1.624030 -1.011676
2150000 2.001450 -1.531938 -0.951823
2160000 1.912297 -1.512983 -1.026996
2170000 2.217413 -1.612762 -0.920056
2180000 2.208850 -1.715027 -1.189796
2190000 2.866259 -1.591877 -1.018619
2200000 3.896000 -1.563127 -1.010691
2210000 4.567035 -1.534483 -1.076659
2220000 4.559966 -1.576295 -0.985685
2230000 4.977373 -1.513088 -1.109004
2240000 3.704059 -1.664872 -1.052895
2250000 3.557302 -1.502902 -1.079619
2260000 3.417937 -1.554371 -1.085722
2270000 2.910573 -1.586509 -0.978241
2280000 4.021260 -1.699610 -0.895477
2290000 3.922040 -1.522781 -0.983403
2300000 3.907255 -1.650113 -1.148064
2310000 4.448444 -1.592372 -0.996383
2320000 3.621404 -1.655453 -1.006313
2330000 3.764008 -1.647445 -0.771958
2340000 3.672832 -1.555670 -1.122085
2350000 4.660760 -1.548686 -1.039029
2360000 4.961031 -1.594228 -1.114806
2370000 4.157482 -1.625094 -0.994309
2380000 4.569075 -1.568542 -1.059819
2390000 3.857030 -1.603609 -1.059146
2400000 3.457641 -1.549446 -1.137274
2410000 3.549637 -1.587941 -1.182681
2420000 4.271831 -1.563468 -1.084023
2430000 4.937558 -1.610176 -1.208936
2440000 4.052169 -1.606008 -0.896456
2450000 3.944644 -1.666513 -1.009262
2460000 4.115517 -1.598862 -1.011880
2470000 4.378800 -1.604121 -0.988038
2480000 3.628253 -1.619259 -1.139986
2490000 2.959275 -1.661299 -1.230715
2500000 2.415213 -1.483191 -1.061906
2510000 3.508056 -1.517510 -1.036245
2520000 3.129051 -1.450430 -1.087953
2530000 2.682038 -1.538018 -0.971540
2540000 1.875974 -1.457314 -1.045986
2550000 2.719116 -1.542294 -0.986411
2560000 1.948427 -1.606551 -1.117997
2570000 2.223352 -1.642571 -1.023052
2580000 1.641967 -1.587088 -1.074366
2590000 1.657584 -1.463911 -0.943779
2600000 1.500825 -1.591013 -1.034438
2610000 1.617177 -1.550143 -1.081796
2620000 2.062090 -1.786142 -0.928066
2630000 2.184707 -1.543844 -0.944909
2640000 2.844848 -1.578001 -1.077186
2650000 3.127297 -1.655737 -1.036199
2660000 2.537322 -1.555249 -0.942311
2670000 2.871714 -1.408231 -1.024903
2680000 2.755809 -1.615212 -1.103177
2690000 2.175224 -1.552106 -1.114644
2700000 3.234445 -1.538512 -0.922867
2710000 3.541816 -1.416710 -1.083676
2720000 4.078369 -1.678806 -1.148637
2730000 3.611372 -1.634068 -0.953490
2740000 3.569728 -1.406612 -1.102439
2750000 3.800166 -1.704687 -1.029031
2760000 4.955555 -1.520361 -1.097961
2770000 3.967436 -1.595118 -1.178490
2780000 2.849194 -1.639938 -1.070919
2790000 3.008332 -1.561328 -1.114787
2800000 3.276003 -1.553199 -1.042681
2810000 3.668495 -1.625616 -1.046958
2820000 4.400948 -1.540187 -1.020219
2830000 4.772998 -1.584386 -0.988341
2840000 5.043471 -1.613288 -0.898961
2850000 4.717464 -1.669539 -1.000864
2860000 4.406339 -1.610216 -1.064685
2870000 4.491110 -1.534231 -1.006533
2880000 4.566480 -1.564279 -0.996111
2890000 4.252710 -1.578853 -1.009073
2900000 3.054923 -1.615811 -1.099386
2910000 3.353364 -1.638997 -1.124338
2920000 2.592643 -1.532959 -1.014057
2930000 2.335377 -1.443251 -1.050790
2940000 1.752064 -1.612447 -1.040165
2950000 1.777910 -1.516710 -1.061310
2960000 1.080541 -1.500559 -1.053889
2970000 1.056655 -1.543734 -0.972021
2980000 1.357047 -1.678194 -1.038810
2990000 1.721472 -1.503256 -0.996127
3000000 1.777250 -1.582462 -0.991519
3010000 1.399751 -1.499685 -1.110731
3020000 1.605155 -1.568095 -0.924912
3030000 1.845542 -1.711147 -1.080778
3040000 2.241793 -1.525211 -0.969132
3050000 2.100984 -1.622726 -1.031137
3060000 2.264512 -1.520665 -1.104374
3070000 2.052101 -1.613084 -1.036358
3080000 2.342989 -1.494365 -0.952021
3090000 2.005991 -1.549530 -1.135080
3100000 1.972993 -1.449013 -1.118615
3110000 1.189289 -1.586439 -1.058137
3120000 1.290373 -1.622611 -0.916324
3130000 0.958284 -1.530283 -1.119645
3140000 1.002672 -1.629119 -1.031223
3150000 1.320945 -1.680153 -0.860777
3160000 1.134000 -1.567823 -0.947039
3170000 0.759106 -1.535699 -1.025616
3180000 0.571359 -1.575345 -1.034964
3190000 0.497575 -1.620358 -1.067022
3200000 0.724770 -1.519547 -1.060284
3210000 0.889354 -1.452310 -1.035906
3220000 1.031498 -1.480177 -1.120800
3230000 0.902729 -1.402613 -1.108974
3240000 0.640683 -1.616224 -0.986381
3250000 0.793591 -1.460774 -1.028247
3260000 0.498600 -1.557948 -1.063759
3270000 0.974337 -1.582775 -0.982705
3280000 0.903497 -1.538701 -1.028968
3290000 0.960083 -1.572201 -1.088088
3300000 1.197279 -1.600081 -1.022724
3310000 1.390697 -1.552740 -1.023094
3320000 1.159581 -1.604339 -1.034183
3330000 1.339775 -1.592870 -0.939542
3340000 1.434698 -1.554730 -0.980809
3350000 1.767545 -1.664886 -0.925554
3360000 1.746713 -1.397160 -1.074969
3370000 1.996754 -1.500530 -1.075483
3380000 1.874077 -1.591379 -0.950425
3390000 3.051851 -1.658314 -1.055296
3400000 3.258261 -1.534653 -1.013389
3410000 2.671603 -1.596239 -1.014734
3420000 2.432543 -1.540693 -0.997814
3430000 2.234401 -1.557178 -0.954069
3440000 3.202928 -1.730524 -1.099682
3450000 3.712879 -1.549936 -1.066803
3460000 3.695623 -1.606404 -1.144080
3470000 4.029476 -1.561371 -1.058018
3480000 3.288136 -1.783675 -1.022131
3490000 3.148443 -1.560880 -0.962308
3500000 2.723736 -1.423539 -1.140368
3510000 2.599361 -1.630915 -0.930566
3520000 3.101004 -1.548226 -0.988656
3530000 3.650141 -1.528845 -1.015315
3540000 3.266583 -1.526774 -1.000316
3550000 4.493994 -1.540195 -1.007470
3560000 4.895420 -1.443184 -0.930824
3570000 4.616145 -1.609699 -1.128033
3580000 4.028466 -1.575945 -1.017057
3590000 4.577827 -1.696518 -0.965992
3600000 3.703522 -1.576423 -1.066505
3610000 3.834180 -1.579727 -1.144872
3620000 3.741899 -1.503864 -1.062890
3630000 4.844773 -1.565115 -1.014221
3640000 4.223350 -1.541844 -1.101108
3650000 4.111511 -1.616583 -1.100316
3660000 3.588100 -1.586372 -0.995942
3670000 2.616944 -1.570100 -1.019361
3680000 2.706697 -1.446505 -1.055160
3690000 2.321286 -1.562738 -1.070237
3700000 2.232122 -1.555957 -0.975463
3710000 2.284048 -1.655375 -0.914968
3720000 3.343927 -1.603038 -1.122640
3730000 3.059055 -1.506291 -1.093961
3740000 3.336465 -1.706680 -0.981762
3750000 3.414979 -1.531598 -1.086611
3760000 3.630831 -1.470357 -1.148892
3770000 4.191846 -1.612734 -1.160485
3780000 4.606320 -1.459035 -1.027695
3790000 4.999344 -1.532296 -1.133496
3800000 4.978214 -1.664103 -1.132354
3810000 4.855760 -1.631509 -1.042526
3820000 3.753207 -1.642650 -1.054253
3830000 4.167001 -1.706498 -1.019502
3840000 3.804722 -1.632216 -1.103442
3850000 3.729804 -1.671093 -1.145897
3860000 4.188163 -1.479190 -1.022592
3870000 4.215574 -1.628479 -1.031434
3880000 3.696693 -1.668477 -1.043334
3890000 3.042444 -1.553693 -0.959685
3900000 2.890010 -1.637623 -1.032112
3910000 2.761383 -1.660783 -0.944218
3920000 2.753614 -1.559251 -0.967235
3930000 2.024595 -1.552700 -0.983141
3940000 1.959516 -1.485900 -1.000845
3950000 1.870586 -1.471785 -1.015754
3960000 1.544844 -1.575424 -1.079288
3970000 1.640853 -1.521541 -1.032046
3980000 1.551333 -1.525509 -0.945714
3990000 1.964429 -1.705538 -0.970430
4000000 1.942134 -1.577903 -1.022461
