100000 4.240171 -1.474132 -1.436881
110000 4.528658 -1.645711 -1.386246
120000 3.044851 -1.604264 -1.382338
130000 2.486423 -1.631679 -1.430794
140000 1.185715 -1.580251 -1.286777
150000 1.884075 -1.524857 -1.547615
160000 1.230332 -1.720364 -1.439080
170000 1.787880 -1.595387 -1.400637
180000 2.793692 -1.651324 -1.492390
190000 3.083132 -1.597408 -1.466578
200000 3.913698 -1.542188 -1.385118
210000 3.556147 -1.547852 -1.335376
220000 3.041306 -1.591719 -1.439791
230000 4.532152 -1.450774 -1.240791
240000 4.716638 -1.485906 -1.419675
250000 3.115839 -1.481075 -1.426615
260000 2.092641 -1.503944 -1.505463
270000 0.698809 -1.590415 -1.384812
280000 0.836217 -1.641853 -1.336102
290000 1.482526 -1.578756 -1.328425
300000 1.827222 -1.653679 -1.341856
310000 1.833238 -1.654382 -1.329318
320000 1.505475 -1.499772 -1.252338
330000 2.422533 -1.507334 -1.389877
340000 3.165454 -1.519215 -1.345328
350000 3.761911 -1.639068 -1.451014
360000 3.906637 -1.612218 -1.471654
370000 4.551991 -1.583784 -1.454650
380000 4.142411 -1.589142 -1.528403
390000 3.062173 -1.556082 -1.408325
400000 2.039658 -1.662142 -1.443122
410000 2.800299 -1.591891 -1.323086
420000 3.341215 -1.512581 -1.394996
430000 3.357901 -1.552917 -1.363788
440000 2.963654 -1.580997 -1.362598
450000 2.078545 -1.579969 -1.501593
460000 1.113285 -1.497014 -1.387914
470000 0.974357 -1.530286 -1.431119
480000 1.001365 -1.451059 -1.343989
490000 0.943312 -1.508997 -1.261614
500000 1.123713 -1.493008 -1.363625
510000 0.995880 -1.593914 -1.330320
520000 1.498852 -1.426753 -1.291265
530000 1.393783 -1.537728 -1.373931
540000 2.066145 -1.504569 -1.418203
550000 2.052014 -1.468898 -1.335535
560000 2.848151 -1.524543 -1.420917
570000 4.002235 -1.360051 -1.426620
580000 4.273898 -1.570908 -1.172811
590000 4.417614 -1.540161 -1.331757
600000 4.861610 -1.534251 -1.381352
610000 4.203597 -1.490223 -1.448499
620000 4.474091 -1.606656 -1.451630
630000 4.211808 -1.510583 -1.436349
640000 4.829764 -1.619127 -1.566230
650000 4.766207 -1.577103 -1.410486
660000 3.556891 -1.639705 -1.392335
670000 3.470740 -1.654453 -1.447806
680000 2.425724 -1.668013 -1.395352
690000 2.448987 -1.520388 -1.309186
700000 3.324847 -1.636576 -1.427556
710000 2.505499 -1.515022 -1.388678
720000 2.807374 -1.585672 -1.323296
730000 3.424009 -1.608960 -1.341726
740000 4.290027 -1.519932 -1.450787
750000 3.804865 -1.617945 -1.486068
760000 4.638528 -1.535159 -1.309202
770000 3.503486 -1.611648 -1.384689
780000 2.430272 -1.638998 -1.400082
790000 1.897483 -1.436103 -1.281717
800000 1.954769 -1.605655 -1.469052
810000 2.183199 -1.602217 -1.336421
820000 2.641061 -1.489998 -1.536696
830000 3.572414 -1.581399 -1.463132
840000 3.470764 -1.613507 -1.402951
850000 4.187815 -1.614512 -1.412688
860000 4.805857 -1.581612 -1.378023
870000 4.501142 -1.606874 -1.422290
880000 4.833609 -1.595304 -1.457847
890000 4.556443 -1.605308 -1.435346
900000 4.266270 -1.519094 -1.314887
910000 4.044428 -1.561758 -1.359977
920000 2.267408 -1.654280 -1.469225
930000 2.292141 -1.601549 -1.549742
940000 2.396930 -1.531351 -1.413247
950000 1.500717 -1.635485 -1.285018
960000 1.111277 -1.631053 -1.367337
970000 0.581044 -1.582386 -1.468096
980000 0.826121 -1.559973 -1.426118
990000 1.136475 -1.606491 -1.387896
1000000 0.841216 -1.729644 -1.413680
1010000 1.218800 -1.534891 -1.379366
1020000 0.803009 -1.599169 -1.410334
1030000 0.494709 -1.700260 -1.368841
1040000 0.608800 -1.600733 -1.363817
1050000 1.094199 -1.495522 -1.371902
1060000 1.400792 -1.510743 -1.351832
1070000 1.544963 -1.529573 -1.229873
1080000 1.902083 -1.615167 -1.458199
1090000 1.441792 -1.690895 -1.356704
1100000 1.682215 -1.619783 -1.258916
1110000 1.511040 -1.516834 -1.520572
1120000 1.165417 -1.458111 -1.377534
1130000 0.950364 -1.584243 -1.474707
1140000 1.028944 -1.601955 -1.457348
1150000 1.001415 -1.649844 -1.362204
1160000 1.028541 -1.670641 -1.267135
1170000 1.349155 -1.584027 -1.352718
1180000 1.104620 -1.644610 -1.360978
1190000 0.986549 -1.612845 -1.279936
1200000 0.614070 -1.462817 -1.543689
1210000 0.748831 -1.472734 -1.353065
1220000 0.770829 -1.635065 -1.470575
1230000 0.935318 -1.551137 -1.375071
1240000 1.240145 -1.447947 -1.358929
1250000 2.121173 -1.474379 -1.310565
1260000 2.229682 -1.671652 -1.409611
1270000 3.269557 -1.526962 -1.325378
1280000 3.518359 -1.484882 -1.343207
1290000 3.318020 -1.538784 -1.473683
1300000 3.220764 -1.570164 -1.328010
1310000 4.347032 -1.690567 -1.363470
1320000 2.624307 -1.662053 -1.406934
1330000 1.960621 -1.546326 -1.361802
1340000 2.798549 -1.662257 -1.355543
1350000 2.808372 -1.520262 -1.344792
1360000 2.177595 -1.581526 -1.444587
1370000 1.670464 -1.526591 -1.318318
1380000 1.886364 -1.626653 -1.292284
1390000 2.508993 -1.549484 -1.248475
1400000 2.992313 -1.640189 -1.407256
1410000 4.036972 -1.502154 -1.510441
1420000 4.365898 -1.611691 -1.423083
1430000 4.339642 -1.561674 -1.385284
1440000 3.294335 -1.537651 -1.471603
1450000 2.811321 -1.403703 -1.481848
1460000 2.762901 -1.529707 -1.386649
1470000 3.033767 -1.516618 -1.273452
1480000 3.687522 -1.426142 -1.376824
1490000 3.848801 -1.600091 -1.380173
1500000 4.523182 -1.561402 -1.513839
1510000 4.733671 -1.707934 -1.414611
1520000 4.171078 -1.605306 -1.338017
1530000 3.076879 -1.546210 -1.215743
1540000 2.954827 -1.513826 -1.415214
1550000 2.496266 -1.713462 -1.426798
1560000 2.388713 -1.629402 -1.245898
1570000 1.728184 -1.577376 -1.397046
1580000 1.878486 -1.497653 -1.415452
1590000 2.886522 -1.486442 -1.485200
1600000 4.220032 -1.510159 -1.449811
1610000 3.912747 -1.542656 -1.470238
1620000 4.362018 -1.555047 -1.313712
1630000 3.436937 -1.578305 -1.314256
1640000 3.453388 -1.589808 -1.391636
1650000 3.908447 -1.522869 -1.427054
1660000 4.722434 -1.486520 -1.535309
1670000 4.992647 -1.677161 -1.353043
1680000 4.950048 -1.490188 -1.442001
1690000 4.724421 -1.561986 -1.383719
1700000 5.084185 -1.579773 -1.301722
1710000 4.593491 -1.607815 -1.389501
1720000 4.924462 -1.699761 -1.349532
1730000 3.312872 -1.581340 -1.353482
1740000 3.266542 -1.636076 -1.420261
1750000 2.264464 -1.553067 -1.497156
1760000 2.082315 -1.581196 -1.443795
1770000 2.520867 -1.524836 -1.557272
1780000 1.924562 -1.527498 -1.365549
1790000 1.514586 -1.604168 -1.430091
1800000 1.533785 -1.597751 -1.394475
1810000 1.806199 -1.629443 -1.390017
1820000 1.726252 -1.592063 -1.433922
1830000 3.477949 -1.576963 -1.495970
1840000 4.206162 -1.498339 -1.465047
1850000 3.889281 -1.580410 -1.442034
1860000 4.263197 -1.440172 -1.444648
1870000 3.691061 -1.467282 -1.429397
1880000 4.519634 -1.464520 -1.409311
1890000 4.879195 -1.567394 -1.403307
1900000 4.285731 -1.438596 -1.337172
1910000 3.807109 -1.584304 -1.388362
1920000 3.339229 -1.548721 -1.358504
1930000 3.015538 -1.468876 -1.458111
1940000 2.346304 -1.596653 -1.423043
1950000 3.117891 -1.545614 -1.277766
1960000 3.550782 -1.522645 -1.318171
1970000 2.649916 -1.609971 -1.499232
1980000 2.903077 -1.459119 -1.314997
1990000 2.400781 -1.482138 -1.383650
2000000 2.153701 -1.458385 -1.347134
2010000 2.292811 -1.519567 -1.203448
2020000 2.219992 -1.531745 -1.370689
2030000 3.298849 -1.561758 -1.346492
2040000 3.360458 -1.632717 -1.521029
2050000 3.699514 -1.522795 -1.234240
2060000 4.273062 -1.463522 -1.502485
2070000 4.510462 -1.584587 -1.428973
2080000 4.023946 -1.353942 -1.340353
2090000 3.398771 -1.599717 -1.495122
2100000 2.906194 -1.471714 -1.533693
2110000 3.009310 -1.623685 -1.418695
2120000 2.054043 -1.644806 -1.345524
2130000 1.522112 -1.687661 -1.414285
2140000 1.259378 -1.437452 -1.464987
2150000 1.055337 -1.595886 -1.374748
2160000 1.056383 -1.618116 -1.202337
2170000 1.449957 -1.577177 -1.341680
2180000 1.400112 -1.409847 -1.339624
2190000 1.251996 -1.588592 -1.348689
2200000 0.927179 -1.552996 -1.335859
2210000 1.023445 -1.657899 -1.403337
2220000 0.590362 -1.689674 -1.437841
2230000 0.506228 -1.628059 -1.329409
2240000 0.684196 -1.559503 -1.460472
2250000 0.501431 -1.665824 -1.330620
2260000 0.643282 -1.637396 -1.393089
2270000 0.918988 -1.495891 -1.467351
2280000 0.888117 -1.580765 -1.290015
2290000 1.413114 -1.597807 -1.349499
2300000 1.589987 -1.499781 -1.359066
2310000 1.374491 -1.590584 -1.510100
2320000 1.369827 -1.528192 -1.406288
2330000 0.961661 -1.548387 -1.433085
2340000 1.140239 -1.470368 -1.455900
2350000 1.048458 -1.478348 -1.376302
2360000 0.905397 -1.536912 -1.351392
2370000 1.442869 -1.530733 -1.361466
2380000 1.876012 -1.470810 -1.299175
2390000 2.091970 -1.527998 -1.496937
2400000 2.137574 -1.705609 -1.428206
2410000 2.857110 -1.465197 -1.406429
2420000 4.516241 -1.590810 -1.329838
2430000 4.442717 -1.468683 -1.324682
2440000 4.419514 -1.642806 -1.311123
2450000 4.425871 -1.653268 -1.331394
2460000 4.205607 -1.516994 -1.358725
2470000 3.355502 -1.578389 -1.424667
2480000 2.962694 -1.474121 -1.302645
2490000 2.416807 -1.600993 -1.476860
2500000 4.542368 -1.562496 -1.428884
2510000 4.024435 -1.485624 -1.408458
2520000 3.852456 -1.606664 -1.287207
2530000 2.976639 -1.699889 -1.374262
2540000 2.679196 -1.348656 -1.480339
2550000 2.965328 -1.511164 -1.323570
2560000 2.882451 -1.571681 -1.339600
2570000 3.787661 -1.550324 -1.426855
2580000 4.313680 -1.649760 -1.385917
2590000 4.950429 -1.481635 -1.329715
2600000 4.172401 -1.622795 -1.293014
2610000 4.507269 -1.518290 -1.372827
2620000 4.623515 -1.492171 -1.468843
2630000 3.634373 -1.534934 -1.228917
2640000 3.188126 -1.619572 -1.476310
2650000 2.259098 -1.520079 -1.386551
2660000 2.042385 -1.658805 -1.349837
2670000 1.602619 -1.590491 -1.534957
2680000 2.158913 -1.516846 -1.516585
2690000 1.644578 -1.609216 -1.330954
2700000 1.650182 -1.543214 -1.390295
2710000 2.325242 -1.529646 -1.365083
2720000 2.184999 -1.613623 -1.216197
2730000 1.876699 -1.588142 -1.437941
2740000 1.501485 -1.598695 -1.257439
2750000 1.683666 -1.432535 -1.375378
2760000 1.483395 -1.642144 -1.427917
2770000 1.982617 -1.593260 -1.373179
2780000 2.239216 -1.648761 -1.294466
2790000 2.693012 -1.600373 -1.362688
2800000 3.084399 -1.504411 -1.471645
2810000 3.974337 -1.619160 -1.341660
2820000 4.054728 -1.589348 -1.385931
2830000 3.390939 -1.344533 -1.522689
2840000 3.467628 -1.681285 -1.385428
2850000 3.031200 -1.703877 -1.402096
2860000 3.007312 -1.507783 -1.375796
2870000 3.345347 -1.560213 -1.407982
2880000 5.038382 -1.561277 -1.428982
2890000 4.851061 -1.620187 -1.276599
2900000 4.669872 -1.521597 -1.452060
2910000 4.719956 -1.537349 -1.356432
2920000 4.513184 -1.533539 -1.485133
2930000 4.306358 -1.636826 -1.500377
2940000 3.928503 -1.650962 -1.382252
2950000 4.667763 -1.627606 -1.371595
2960000 4.743727 -1.539566 -1.461215
2970000 3.329799 -1.628553 -1.501880
2980000 2.489148 -1.687932 -1.377575
2990000 3.146012 -1.610150 -1.384205
3000000 4.085201 -1.669231 -1.488485
3010000 2.922519 -1.802758 -1.418400
3020000 3.137889 -1.496147 -1.473919
3030000 3.971552 -1.431490 -1.441135
3040000 2.198524 -1.644357 -1.341694
3050000 2.633737 -1.561166 -1.417403
3060000 2.591562 -1.526032 -1.488469
3070000 2.915354 -1.547459 -1.466897
3080000 3.141468 -1.527697 -1.531117
3090000 2.357368 -1.640899 -1.400930
3100000 2.385421 -1.629984 -1.362947
3110000 3.184170 -1.597461 -1.367026
3120000 3.365620 -1.668122 -1.328851
3130000 3.071696 -1.624694 -1.359543
3140000 2.629763 -1.661080 -1.411746
3150000 2.178078 -1.600161 -1.263585
3160000 2.074658 -1.460128 -1.355807
3170000 2.500851 -1.432623 -1.389965
3180000 2.888748 -1.613793 -1.359299
3190000 3.269972 -1.511726 -1.502352
3200000 3.987922 -1.539710 -1.408799
3210000 4.149284 -1.626993 -1.397825
3220000 3.921362 -1.581670 -1.348588
3230000 4.243803 -1.563930 -1.419326
3240000 4.021520 -1.647623 -1.435993
3250000 3.417903 -1.695874 -1.351840
3260000 2.663924 -1.590904 -1.443272
3270000 2.365019 -1.525818 -1.431027
3280000 2.241481 -1.649402 -1.356831
3290000 2.037491 -1.681842 -1.285220
3300000 1.696387 -1.651778 -1.336263
3310000 1.323520 -1.514397 -1.360733
3320000 1.601387 -1.497549 -1.340933
3330000 1.997241 -1.626576 -1.247021
3340000 1.224973 -1.607834 -1.361452
3350000 0.853476 -1.584070 -1.551322
3360000 1.269253 -1.529906 -1.382155
3370000 1.067577 -1.503836 -1.414978
3380000 1.491449 -1.617968 -1.327178
3390000 1.004934 -1.570000 -1.428590
3400000 1.129445 -1.677811 -1.360510
3410000 1.267003 -1.645986 -1.414779
3420000 0.813518 -1.460040 -1.505317
3430000 0.921214 -1.566315 -1.484348
3440000 0.876864 -1.548297 -1.513108
3450000 0.728023 -1.638469 -1.441947
3460000 0.784481 -1.571896 -1.421717
3470000 0.681526 -1.553976 -1.477181
3480000 0.853903 -1.497885 -1.463696
3490000 1.087239 -1.604537 -1.391151
3500000 0.947286 -1.572354 -1.352672
3510000 0.763863 -1.599990 -1.536609
3520000 0.708234 -1.629415 -1.258014
3530000 0.835163 -1.554683 -1.349153
3540000 0.904073 -1.521785 -1.386814
3550000 0.989737 -1.530978 -1.374636
3560000 0.868958 -1.447878 -1.420478
3570000 1.740985 -1.539333 -1.463312
3580000 1.884104 -1.721955 -1.390060
3590000 2.040712 -1.628421 -1.465223
3600000 2.711067 -1.503691 -1.483184
3610000 2.409074 -1.584114 -1.349050
3620000 3.421762 -1.622587 -1.346740
3630000 3.868186 -1.653561 -1.366962
3640000 2.653628 -1.619882 -1.387856
3650000 2.689943 -1.682559 -1.276057
3660000 3.206911 -1.413137 -1.374549
3670000 4.568499 -1.465432 -1.409025
3680000 4.140840 -1.484931 -1.360333
3690000 4.345839 -1.447120 -1.354606
3700000 4.718914 -1.639993 -1.398478
3710000 4.734367 -1.508945 -1.372788
3720000 4.957143 -1.516709 -1.376495
3730000 4.079046 -1.520217 -1.460055
3740000 4.601399 -1.552968 -1.258877
3750000 4.100250 -1.644190 -1.381524
3760000 3.930713 -1.509859 -1.411738
3770000 3.575413 -1.585876 -1.514540
3780000 4.370541 -1.629337 -1.318864
3790000 3.942754 -1.483511 -1.527268
3800000 3.143313 -1.514256 -1.277011
3810000 3.929752 -1.728685 -1.403576
3820000 3.674178 -1.660752 -1.472553
3830000 4.090525 -1.656981 -1.450883
3840000 3.913167 -1.638400 -1.458774
3850000 3.567381 -1.549069 -1.459272
3860000 3.071401 -1.577438 -1.488079
3870000 3.235380 -1.524723 -1.302738
3880000 3.190399 -1.427418 -1.308100
3890000 2.488438 -1.620870 -1.360966
3900000 1.856556 -1.624163 -1.397061
3910000 2.312494 -1.441159 -1.388894
3920000 1.920447 -1.570827 -1.364941
3930000 1.931763 -1.500450 -1.454005
3940000 1.571098 -1.467768 -1.399416
3950000 1.539852 -1.557299 -1.447266
3960000 1.441064 -1.611006 -1.377882
3970000 1.340930 -1.615197 -1.442292
3980000 1.774524 -1.693894 -1.309293
3990000 1.592017 -1.589029 -1.430347
4000000 2.216615 -1.478238 -1.329726
